0 0.092773 0.016602 0.037109 0.033203
0 0.672852 0.023438 0.087891 0.046875
0 0.505859 0.025391 0.027344 0.042969
0 0.806641 0.053711 0.058594 0.064453
0 0.876953 0.060547 0.039062 0.070312
0 0.707031 0.076172 0.046875 0.054688
0 0.364258 0.089844 0.060547 0.031250
0 0.096680 0.102539 0.044922 0.044922
0 0.966797 0.103516 0.039062 0.050781
0 0.359375 0.100586 0.027344 0.025391
0 0.989258 0.123047 0.021484 0.035156
0 0.047852 0.155273 0.060547 0.025391
0 0.183594 0.230469 0.046875 0.027344
0 0.032227 0.264648 0.064453 0.068359
0 0.249023 0.260742 0.048828 0.044922
0 0.982422 0.277344 0.035156 0.066406
0 0.350586 0.283203 0.029297 0.031250
0 0.907227 0.319336 0.037109 0.041016
0 0.471680 0.321289 0.037109 0.041016
0 0.108398 0.333008 0.060547 0.052734
0 0.689453 0.333008 0.035156 0.052734
0 0.211914 0.337891 0.048828 0.039062
0 0.272461 0.389648 0.033203 0.037109
0 0.233398 0.388672 0.044922 0.027344
0 0.702148 0.392578 0.029297 0.023438
0 0.082031 0.402344 0.050781 0.039062
0 0.206055 0.419922 0.064453 0.046875
0 0.637695 0.428711 0.056641 0.044922
0 0.168945 0.422852 0.037109 0.021484
0 0.044922 0.440430 0.062500 0.041016
0 0.381836 0.444336 0.048828 0.037109
0 0.435547 0.448242 0.046875 0.044922
0 0.471680 0.464844 0.021484 0.062500
0 0.739258 0.483398 0.017578 0.025391
0 0.024414 0.502930 0.048828 0.048828
0 0.974609 0.514648 0.050781 0.056641
0 0.912109 0.532227 0.054688 0.064453
0 0.144531 0.544922 0.035156 0.058594
0 0.623047 0.566406 0.050781 0.074219
0 0.151367 0.590820 0.041016 0.037109
0 0.488281 0.647461 0.050781 0.072266
0 0.796875 0.625977 0.019531 0.021484
0 0.377930 0.666992 0.041016 0.037109
0 0.458984 0.697266 0.023438 0.019531
0 0.864258 0.734375 0.044922 0.035156
0 0.734375 0.743164 0.027344 0.048828
0 0.599609 0.790039 0.070312 0.107422
0 0.025391 0.757812 0.039062 0.031250
0 0.441406 0.834961 0.035156 0.029297
0 0.666016 0.844727 0.031250 0.041016
0 0.025391 0.849609 0.031250 0.039062
0 0.912109 0.849609 0.054688 0.031250
0 0.724609 0.869141 0.074219 0.046875
0 0.424805 0.883789 0.044922 0.044922
0 0.170898 0.894531 0.048828 0.054688
0 0.311523 0.888672 0.033203 0.039062
0 0.491211 0.906250 0.041016 0.054688
0 0.077148 0.915039 0.044922 0.044922
0 0.689453 0.918945 0.035156 0.056641
0 0.290039 0.924805 0.029297 0.029297
0 0.424805 0.930664 0.056641 0.029297
0 0.473633 0.946289 0.025391 0.029297
0 0.194336 0.954102 0.076172 0.041016
0 0.377930 0.970703 0.064453 0.058594
0 0.443359 0.970703 0.035156 0.058594
0 0.121094 0.974609 0.054688 0.050781
0 0.232422 0.984375 0.031250 0.031250
0 0.274414 0.985352 0.029297 0.029297
0 0.021484 0.988281 0.042969 0.023438