0 0.159180 0.015625 0.048828 0.031250
0 0.338867 0.020508 0.080078 0.041016
0 0.406250 0.011719 0.015625 0.023438
0 0.658203 0.014648 0.050781 0.025391
0 0.989258 0.007812 0.021484 0.015625
0 0.684570 0.029297 0.080078 0.035156
0 0.802734 0.044922 0.046875 0.046875
0 0.416992 0.060547 0.033203 0.062500
0 0.292969 0.057617 0.046875 0.041016
0 0.350586 0.062500 0.044922 0.035156
0 0.982422 0.082031 0.031250 0.066406
0 0.143555 0.077148 0.056641 0.033203
0 0.225586 0.090820 0.037109 0.044922
0 0.286133 0.120117 0.044922 0.064453
0 0.457031 0.108398 0.042969 0.041016
0 0.330078 0.120117 0.027344 0.056641
0 0.199219 0.116211 0.031250 0.037109
0 0.895508 0.116211 0.029297 0.037109
0 0.358398 0.125000 0.037109 0.042969
0 0.531250 0.132812 0.023438 0.046875
0 0.128906 0.129883 0.042969 0.033203
0 0.174805 0.137695 0.029297 0.033203
0 0.391602 0.140625 0.029297 0.027344
0 0.244141 0.150391 0.046875 0.035156
0 0.201172 0.156250 0.023438 0.023438
0 0.870117 0.164062 0.021484 0.019531
0 0.338867 0.175781 0.041016 0.039062
0 0.691406 0.177734 0.019531 0.031250
0 0.181641 0.187500 0.027344 0.046875
0 0.302734 0.192383 0.031250 0.041016
0 0.883789 0.190430 0.017578 0.037109
0 0.244141 0.200195 0.031250 0.044922
0 0.037109 0.222656 0.027344 0.074219
0 0.952148 0.202148 0.021484 0.021484
0 0.703125 0.215820 0.023438 0.021484
0 0.064453 0.229492 0.027344 0.033203
0 0.260742 0.240234 0.044922 0.023438
0 0.469727 0.256836 0.013672 0.037109
0 0.958984 0.258789 0.027344 0.037109
0 0.776367 0.273438 0.041016 0.062500
0 0.208008 0.260742 0.029297 0.029297
0 0.879883 0.286133 0.048828 0.060547
0 0.056641 0.285156 0.035156 0.050781
0 0.408203 0.284180 0.027344 0.052734
0 0.017578 0.309570 0.035156 0.044922
0 0.510742 0.340820 0.060547 0.091797
0 0.773438 0.311523 0.027344 0.033203
0 0.934570 0.324219 0.037109 0.031250
0 0.039062 0.325195 0.031250 0.025391
0 0.274414 0.385742 0.080078 0.111328
0 0.054688 0.351562 0.027344 0.027344
0 0.229492 0.376953 0.041016 0.058594
0 0.025391 0.375977 0.042969 0.048828
0 0.370117 0.401367 0.025391 0.044922
0 0.957031 0.396484 0.031250 0.031250
0 0.157227 0.433594 0.033203 0.074219
0 0.023438 0.425781 0.046875 0.042969
0 0.823242 0.439453 0.021484 0.054688
0 0.688477 0.445312 0.025391 0.035156
0 0.423828 0.445312 0.031250 0.027344
0 0.168945 0.503906 0.029297 0.125000
0 0.347656 0.462891 0.027344 0.039062
0 0.037109 0.468750 0.031250 0.023438
0 0.211914 0.485352 0.025391 0.052734
0 0.951172 0.485352 0.023438 0.025391
0 0.036133 0.498047 0.041016 0.031250
0 0.690430 0.509766 0.025391 0.058594
0 0.808594 0.517578 0.031250 0.042969
0 0.934570 0.509766 0.021484 0.027344
0 0.304688 0.525391 0.039062 0.039062
0 0.028320 0.528320 0.056641 0.037109
0 0.249023 0.522461 0.029297 0.029297
0 0.019531 0.557617 0.035156 0.021484
0 0.322266 0.572266 0.027344 0.031250
0 0.038086 0.583008 0.044922 0.033203
0 0.194336 0.622070 0.021484 0.025391
0 0.903320 0.634766 0.033203 0.039062
0 0.537109 0.643555 0.027344 0.044922
0 0.173828 0.652344 0.035156 0.054688
0 0.799805 0.645508 0.029297 0.033203
0 0.042969 0.653320 0.046875 0.037109
0 0.015625 0.674805 0.023438 0.029297
0 0.322266 0.687500 0.035156 0.039062
0 0.044922 0.697266 0.054688 0.042969
0 0.569336 0.694336 0.021484 0.025391
0 0.659180 0.710938 0.025391 0.027344
0 0.615234 0.743164 0.027344 0.076172
0 0.148438 0.721680 0.023438 0.025391
0 0.246094 0.732422 0.035156 0.031250
0 0.991211 0.730469 0.017578 0.031250
0 0.130859 0.747070 0.019531 0.025391
0 0.259766 0.753906 0.031250 0.035156
0 0.059570 0.774414 0.041016 0.048828
0 0.125977 0.802734 0.037109 0.054688
0 0.020508 0.798828 0.041016 0.042969
0 0.833984 0.807617 0.039062 0.037109
0 0.779297 0.811523 0.042969 0.037109
0 0.141602 0.842773 0.041016 0.076172
0 0.976562 0.824219 0.027344 0.031250
0 0.036133 0.850586 0.044922 0.052734
0 0.487305 0.853516 0.037109 0.042969
0 0.166992 0.895508 0.041016 0.076172
0 0.015625 0.887695 0.031250 0.044922
0 0.378906 0.883789 0.046875 0.029297
0 0.752930 0.909180 0.044922 0.041016
0 0.041016 0.924805 0.042969 0.048828
0 0.613281 0.925781 0.031250 0.039062
0 0.958008 0.939453 0.025391 0.039062
0 0.007812 0.950195 0.015625 0.044922
0 0.806641 0.951172 0.035156 0.031250
0 0.301758 0.966797 0.033203 0.050781
0 0.472656 0.987305 0.035156 0.025391
0 0.502930 0.986328 0.017578 0.027344
0 0.153320 0.989258 0.021484 0.021484
0 0.841797 0.989258 0.035156 0.021484
0 0.785156 0.993164 0.023438 0.013672
0 0.754883 0.994141 0.025391 0.011719