0 0.448242 0.029297 0.025391 0.039062
0 0.845703 0.128906 0.031250 0.027344
0 0.820312 0.175781 0.015625 0.019531
0 0.745117 0.253906 0.025391 0.058594
0 0.093750 0.341797 0.019531 0.164062
0 0.209961 0.340820 0.033203 0.119141
0 0.126953 0.333008 0.023438 0.056641
0 0.450195 0.346680 0.037109 0.080078
0 0.192383 0.330078 0.017578 0.042969
0 0.417969 0.382812 0.027344 0.105469
0 0.066406 0.362305 0.027344 0.029297
0 0.480469 0.411133 0.011719 0.068359
0 0.282227 0.407227 0.029297 0.044922
0 0.480469 0.463867 0.050781 0.087891
0 0.274414 0.509766 0.017578 0.031250
0 0.446289 0.539062 0.044922 0.078125
0 0.512695 0.525391 0.025391 0.039062
0 0.483398 0.552734 0.025391 0.074219
0 0.402344 0.687500 0.015625 0.062500
0 0.435547 0.771484 0.066406 0.101562
0 0.901367 0.995117 0.021484 0.009766