0 0.077148 0.022461 0.083984 0.044922
0 0.712891 0.014648 0.027344 0.029297
0 0.886719 0.016602 0.035156 0.033203
0 0.720703 0.046875 0.035156 0.039062
0 0.469727 0.089844 0.037109 0.042969
0 0.761719 0.084961 0.023438 0.033203
0 0.394531 0.124023 0.027344 0.025391
0 0.602539 0.181641 0.013672 0.035156
0 0.712891 0.186523 0.031250 0.044922
0 0.424805 0.185547 0.037109 0.035156
0 0.157227 0.215820 0.041016 0.044922
0 0.433594 0.222656 0.039062 0.035156
0 0.942383 0.232422 0.025391 0.039062
0 0.919922 0.229492 0.015625 0.029297
0 0.965820 0.240234 0.029297 0.035156
0 0.472656 0.259766 0.035156 0.046875
0 0.746094 0.260742 0.027344 0.037109
0 0.567383 0.274414 0.021484 0.021484
0 0.979492 0.276367 0.037109 0.029297
0 0.866211 0.307617 0.037109 0.076172
0 0.017578 0.330078 0.035156 0.058594
0 0.145508 0.326172 0.033203 0.050781
0 0.270508 0.340820 0.068359 0.052734
0 0.099609 0.340820 0.058594 0.044922
0 0.993164 0.325195 0.013672 0.017578
0 0.619141 0.352539 0.042969 0.033203
0 0.750000 0.357422 0.046875 0.039062
0 0.098633 0.383789 0.064453 0.044922
0 0.035156 0.392578 0.050781 0.050781
0 0.434570 0.403320 0.037109 0.033203
0 0.123047 0.424805 0.046875 0.052734
0 0.057617 0.440430 0.068359 0.072266
0 0.964844 0.524414 0.050781 0.099609
0 0.096680 0.529297 0.052734 0.062500
0 0.141602 0.532227 0.056641 0.044922
0 0.924805 0.587891 0.044922 0.042969
0 0.041016 0.588867 0.066406 0.033203
0 0.213867 0.611328 0.048828 0.039062
0 0.682617 0.600586 0.017578 0.017578
0 0.075195 0.623047 0.068359 0.050781
0 0.175781 0.621094 0.023438 0.023438
0 0.551758 0.646484 0.025391 0.070312
0 0.099609 0.649414 0.031250 0.029297
0 0.178711 0.649414 0.025391 0.033203
0 0.058594 0.672852 0.035156 0.044922
0 0.133789 0.677734 0.052734 0.046875
0 0.006836 0.677734 0.013672 0.027344
0 0.097656 0.690430 0.027344 0.025391
0 0.272461 0.735352 0.044922 0.068359
0 0.661133 0.741211 0.044922 0.048828
0 0.127930 0.759766 0.064453 0.054688
0 0.739258 0.756836 0.033203 0.052734
0 0.546875 0.766602 0.023438 0.044922
0 0.185547 0.760742 0.027344 0.021484
0 0.147461 0.801758 0.056641 0.041016
0 0.736328 0.815430 0.031250 0.052734
0 0.679688 0.830078 0.039062 0.066406
0 0.068359 0.842773 0.046875 0.056641
0 0.018555 0.850586 0.037109 0.056641
0 0.180664 0.861328 0.068359 0.046875
0 0.791992 0.870117 0.048828 0.064453
0 0.394531 0.888672 0.023438 0.031250
0 0.122070 0.900391 0.060547 0.046875
0 0.142578 0.924805 0.062500 0.037109
0 0.722656 0.920898 0.035156 0.029297
0 0.781250 0.924805 0.039062 0.037109
0 0.234375 0.941406 0.058594 0.054688
0 0.333008 0.943359 0.033203 0.042969
0 0.099609 0.958008 0.027344 0.048828
0 0.877930 0.958008 0.029297 0.044922
0 0.215820 0.965820 0.052734 0.048828
0 0.788086 0.960938 0.025391 0.027344
0 0.305664 0.979492 0.072266 0.041016
0 0.750000 0.984375 0.039062 0.031250
0 0.020508 0.990234 0.041016 0.019531