0 0.232422 0.046875 0.058594 0.093750
0 0.479492 0.013672 0.044922 0.027344
0 0.071289 0.045898 0.037109 0.068359
0 0.754883 0.044922 0.021484 0.035156
0 0.723633 0.054688 0.037109 0.042969
0 0.142578 0.099609 0.058594 0.082031
0 0.479492 0.089844 0.052734 0.050781
0 0.676758 0.121094 0.080078 0.074219
0 0.064453 0.146484 0.039062 0.082031
0 0.246094 0.133789 0.042969 0.044922
0 0.204102 0.190430 0.025391 0.029297
0 0.685547 0.217773 0.054688 0.060547
0 0.398438 0.259766 0.050781 0.089844
0 0.265625 0.260742 0.082031 0.076172
0 0.741211 0.279297 0.068359 0.058594
0 0.342773 0.294922 0.041016 0.050781
0 0.066406 0.317383 0.054688 0.068359
0 0.691406 0.326172 0.039062 0.039062
0 0.290039 0.333008 0.025391 0.044922
0 0.083008 0.361328 0.083984 0.097656
0 0.134766 0.364258 0.042969 0.041016
0 0.410156 0.388672 0.050781 0.058594
0 0.609375 0.390625 0.082031 0.039062
0 0.430664 0.469727 0.107422 0.056641
0 0.072266 0.463867 0.046875 0.037109
0 0.582031 0.525391 0.042969 0.062500
0 0.641602 0.546875 0.060547 0.070312
0 0.251953 0.550781 0.058594 0.046875
0 0.563477 0.591797 0.033203 0.050781
0 0.375977 0.596680 0.044922 0.041016
0 0.447266 0.627930 0.046875 0.048828
0 0.730469 0.681641 0.050781 0.093750
0 0.666992 0.662109 0.044922 0.039062
0 0.093750 0.670898 0.027344 0.052734
0 0.026367 0.682617 0.052734 0.060547
0 0.190430 0.666016 0.041016 0.027344
0 0.416992 0.674805 0.052734 0.044922
0 0.234375 0.690430 0.035156 0.037109
0 0.145508 0.700195 0.037109 0.033203
0 0.333984 0.702148 0.035156 0.033203
0 0.474609 0.714844 0.046875 0.042969
0 0.014648 0.724609 0.029297 0.031250
0 0.539062 0.729492 0.035156 0.041016
0 0.118164 0.752930 0.037109 0.048828
0 0.687500 0.752930 0.054688 0.037109
0 0.599609 0.779297 0.062500 0.050781
0 0.305664 0.786133 0.044922 0.052734
0 0.442383 0.785156 0.068359 0.050781
0 0.258789 0.811523 0.056641 0.060547
0 0.533203 0.804688 0.066406 0.042969
0 0.004883 0.808594 0.009766 0.027344
0 0.069336 0.819336 0.056641 0.048828
0 0.720703 0.829102 0.054688 0.064453
0 0.110352 0.839844 0.060547 0.070312
0 0.591797 0.828125 0.050781 0.042969
0 0.199219 0.856445 0.031250 0.048828
0 0.229492 0.867188 0.037109 0.046875
0 0.379883 0.883789 0.037109 0.033203
0 0.672852 0.903320 0.037109 0.072266
0 0.056641 0.899414 0.031250 0.044922
0 0.564453 0.891602 0.050781 0.033203
0 0.178711 0.904297 0.033203 0.050781
0 0.210938 0.904297 0.027344 0.031250
0 0.093750 0.937500 0.035156 0.054688
0 0.212891 0.959961 0.082031 0.052734
0 0.324219 0.952148 0.023438 0.025391
0 0.684570 0.964844 0.025391 0.042969
0 0.752930 0.963867 0.076172 0.041016
0 0.071289 0.965820 0.033203 0.033203
0 0.004883 0.968750 0.009766 0.023438
0 0.288086 0.985352 0.048828 0.029297
0 0.242188 0.993164 0.039062 0.013672