0 0.057617 0.035156 0.072266 0.070312
0 0.158203 0.036133 0.062500 0.072266
0 0.234375 0.022461 0.070312 0.044922
0 0.659180 0.027344 0.083984 0.054688
0 0.770508 0.048828 0.087891 0.078125
0 0.926758 0.066406 0.076172 0.066406
0 0.296875 0.081055 0.054688 0.080078
0 0.249023 0.078125 0.060547 0.058594
0 0.037109 0.087891 0.031250 0.039062
0 0.380859 0.091797 0.054688 0.042969
0 0.948242 0.109375 0.083984 0.058594
0 0.419922 0.144531 0.054688 0.097656
0 0.675781 0.191406 0.058594 0.050781
0 0.373047 0.211914 0.101562 0.076172
0 0.560547 0.218750 0.066406 0.062500
0 0.915039 0.220703 0.056641 0.050781
0 0.267578 0.243164 0.082031 0.048828
0 0.804688 0.262695 0.042969 0.076172
0 0.163086 0.253906 0.048828 0.035156
0 0.726562 0.271484 0.117188 0.070312
0 0.351562 0.281250 0.082031 0.066406
0 0.559570 0.273438 0.056641 0.042969
0 0.165039 0.307617 0.060547 0.060547
0 0.263672 0.298828 0.066406 0.042969
0 0.318359 0.339844 0.070312 0.058594
0 0.978516 0.343750 0.042969 0.062500
0 0.071289 0.373047 0.060547 0.105469
0 0.470703 0.365234 0.042969 0.042969
0 0.238281 0.379883 0.066406 0.060547
0 0.580078 0.379883 0.039062 0.033203
0 0.513672 0.390625 0.039062 0.031250
0 0.353516 0.400391 0.082031 0.042969
0 0.005859 0.427734 0.011719 0.050781
0 0.648438 0.439453 0.144531 0.062500
0 0.169922 0.447266 0.050781 0.070312
0 0.521484 0.469727 0.078125 0.107422
0 0.239258 0.444336 0.052734 0.041016
0 0.089844 0.466797 0.066406 0.074219
0 0.323242 0.451172 0.091797 0.035156
0 0.415039 0.477539 0.080078 0.080078
0 0.968750 0.509766 0.062500 0.078125
0 0.260742 0.502930 0.060547 0.048828
0 0.360352 0.534180 0.068359 0.068359
0 0.199219 0.534180 0.070312 0.052734
0 0.605469 0.550781 0.070312 0.085938
0 0.549805 0.540039 0.037109 0.044922
0 0.276367 0.568359 0.052734 0.054688
0 0.376953 0.590820 0.066406 0.044922
0 0.816406 0.617188 0.078125 0.046875
0 0.544922 0.637695 0.085938 0.056641
0 0.037109 0.653320 0.062500 0.037109
0 0.145508 0.660156 0.044922 0.035156
0 0.491211 0.668945 0.048828 0.044922
0 0.916992 0.689453 0.068359 0.078125
0 0.218750 0.676758 0.070312 0.048828
0 0.711914 0.693359 0.076172 0.082031
0 0.317383 0.675781 0.033203 0.031250
0 0.982422 0.715820 0.035156 0.107422
0 0.591797 0.695312 0.074219 0.046875
0 0.083984 0.712891 0.035156 0.031250
0 0.196289 0.720703 0.044922 0.042969
0 0.643555 0.717773 0.037109 0.037109
0 0.123047 0.739258 0.054688 0.044922
0 0.416016 0.748047 0.046875 0.039062
0 0.869141 0.764648 0.070312 0.064453
0 0.066406 0.767578 0.054688 0.042969
0 0.580078 0.765625 0.054688 0.031250
0 0.155273 0.776367 0.048828 0.044922
0 0.916016 0.790039 0.050781 0.052734
0 0.629883 0.797852 0.103516 0.060547
0 0.380859 0.797852 0.054688 0.056641
0 0.434570 0.804688 0.041016 0.054688
0 0.804688 0.820312 0.074219 0.074219
0 0.573242 0.807617 0.041016 0.041016
0 0.089844 0.824219 0.046875 0.039062
0 0.359375 0.834961 0.035156 0.029297
0 0.343750 0.876953 0.046875 0.039062
0 0.263672 0.898438 0.113281 0.078125
0 0.073242 0.903320 0.056641 0.068359
0 0.738281 0.895508 0.125000 0.048828
0 0.022461 0.911133 0.044922 0.056641
0 0.156250 0.909180 0.035156 0.041016
0 0.393555 0.902344 0.072266 0.027344
0 0.634766 0.920898 0.074219 0.068359
0 0.944336 0.945312 0.099609 0.109375
0 0.123047 0.930664 0.058594 0.060547
0 0.761719 0.942383 0.050781 0.056641
0 0.322266 0.943359 0.062500 0.050781
0 0.799805 0.956055 0.056641 0.060547
0 0.371094 0.959961 0.082031 0.037109
0 0.584961 0.974609 0.111328 0.050781
0 0.700195 0.979492 0.068359 0.041016
0 0.051758 0.980469 0.072266 0.039062
0 0.108398 0.988281 0.044922 0.023438
0 0.347656 0.995117 0.035156 0.009766