0 0.586914 0.020508 0.041016 0.041016
0 0.031250 0.022461 0.042969 0.037109
0 0.545898 0.036133 0.029297 0.025391
0 0.036133 0.055664 0.033203 0.037109
0 0.583984 0.067383 0.031250 0.041016
0 0.749023 0.105469 0.041016 0.039062
0 0.905273 0.104492 0.017578 0.017578
0 0.631836 0.124023 0.029297 0.033203
0 0.130859 0.127930 0.046875 0.037109
0 0.436523 0.143555 0.068359 0.033203
0 0.874023 0.175781 0.095703 0.058594
0 0.094727 0.176758 0.033203 0.037109
0 0.490234 0.170898 0.058594 0.029297
0 0.329102 0.188477 0.037109 0.037109
0 0.397461 0.195312 0.048828 0.035156
0 0.872070 0.209961 0.041016 0.029297
0 0.350586 0.233398 0.037109 0.048828
0 0.225586 0.245117 0.029297 0.041016
0 0.175781 0.255859 0.039062 0.015625
0 0.170898 0.283203 0.029297 0.035156
0 0.105469 0.290039 0.023438 0.037109
0 0.215820 0.291016 0.025391 0.031250
0 0.010742 0.297852 0.021484 0.029297
0 0.692383 0.301758 0.044922 0.041016
0 0.852539 0.298828 0.021484 0.031250
0 0.874023 0.309570 0.029297 0.041016
0 0.816406 0.370117 0.039062 0.041016
0 0.425781 0.424805 0.042969 0.037109
0 0.675781 0.437500 0.039062 0.054688
0 0.799805 0.449219 0.076172 0.062500
0 0.159180 0.440430 0.025391 0.025391
0 0.980469 0.450195 0.035156 0.033203
0 0.767578 0.508789 0.042969 0.037109
0 0.050781 0.523438 0.042969 0.035156
0 0.692383 0.537109 0.056641 0.046875
0 0.951172 0.550781 0.089844 0.058594
0 0.852539 0.562500 0.033203 0.039062
0 0.171875 0.568359 0.046875 0.027344
0 0.177734 0.619141 0.035156 0.031250
0 0.889648 0.625977 0.037109 0.041016
0 0.716797 0.644531 0.042969 0.031250
0 0.661133 0.689453 0.056641 0.050781
0 0.812500 0.686523 0.035156 0.037109
0 0.544922 0.700195 0.042969 0.025391
0 0.512695 0.729492 0.037109 0.033203
0 0.275391 0.748047 0.046875 0.039062
0 0.633789 0.750000 0.029297 0.042969
0 0.818359 0.744141 0.039062 0.035156
0 0.332031 0.752930 0.046875 0.021484
0 0.802734 0.784180 0.039062 0.021484
0 0.310547 0.808594 0.039062 0.062500
0 0.931641 0.814453 0.039062 0.058594
0 0.671875 0.821289 0.042969 0.029297
0 0.168945 0.834961 0.052734 0.052734
0 0.051758 0.846680 0.033203 0.029297
0 0.380859 0.872070 0.027344 0.029297
0 0.412109 0.884766 0.031250 0.031250
0 0.792969 0.883789 0.035156 0.033203
0 0.351562 0.891602 0.058594 0.033203
0 0.130859 0.903320 0.035156 0.037109
0 0.637695 0.916992 0.037109 0.037109
0 0.076172 0.932617 0.019531 0.048828
0 0.114258 0.933594 0.029297 0.039062
0 0.209961 0.929688 0.048828 0.031250
0 0.596680 0.937500 0.021484 0.046875
0 0.846680 0.947266 0.056641 0.058594