0 0.250000 0.012695 0.042969 0.025391
0 0.362305 0.006836 0.041016 0.013672
0 0.850586 0.011719 0.033203 0.023438
0 0.904297 0.017578 0.027344 0.035156
0 0.064453 0.040039 0.093750 0.060547
0 0.350586 0.031250 0.033203 0.035156
0 0.504883 0.034180 0.044922 0.044922
0 0.882812 0.052734 0.031250 0.042969
0 0.148438 0.069336 0.054688 0.041016
0 0.431641 0.075195 0.058594 0.056641
0 0.904297 0.063477 0.031250 0.033203
0 0.874023 0.087891 0.033203 0.031250
0 0.086914 0.097656 0.041016 0.039062
0 0.591797 0.098633 0.046875 0.041016
0 0.136719 0.108398 0.023438 0.029297
0 0.490234 0.125977 0.062500 0.064453
0 0.367188 0.128906 0.039062 0.046875
0 0.708008 0.132812 0.048828 0.050781
0 0.930664 0.155273 0.064453 0.044922
0 0.037109 0.182617 0.039062 0.056641
0 0.207031 0.175781 0.046875 0.042969
0 0.612305 0.183594 0.052734 0.042969
0 0.421875 0.184570 0.042969 0.041016
0 0.724609 0.193359 0.035156 0.050781
0 0.874023 0.201172 0.037109 0.035156
0 0.535156 0.218750 0.066406 0.062500
0 0.229492 0.226562 0.048828 0.046875
0 0.963867 0.226562 0.044922 0.046875
0 0.071289 0.221680 0.025391 0.025391
0 0.103516 0.227539 0.035156 0.033203
0 0.156250 0.238281 0.042969 0.050781
0 0.750000 0.261719 0.039062 0.050781
0 0.373047 0.272461 0.035156 0.029297
0 0.638672 0.277344 0.035156 0.039062
0 0.965820 0.284180 0.060547 0.048828
0 0.025391 0.287109 0.039062 0.046875
0 0.211914 0.294922 0.044922 0.054688
0 0.671875 0.296875 0.046875 0.046875
0 0.101562 0.322266 0.066406 0.066406
0 0.283203 0.314453 0.027344 0.023438
0 0.718750 0.331055 0.042969 0.048828
0 0.769531 0.345703 0.042969 0.039062
0 0.207031 0.358398 0.062500 0.044922
0 0.304688 0.367188 0.050781 0.050781
0 0.561523 0.375977 0.060547 0.048828
0 0.815430 0.385742 0.037109 0.056641
0 0.927734 0.391602 0.050781 0.048828
0 0.723633 0.401367 0.048828 0.044922
0 0.992188 0.396484 0.015625 0.035156
0 0.468750 0.418945 0.039062 0.037109
0 0.088867 0.422852 0.044922 0.041016
0 0.222656 0.448242 0.019531 0.037109
0 0.831055 0.478516 0.044922 0.054688
0 0.590820 0.497070 0.037109 0.044922
0 0.896484 0.491211 0.054688 0.037109
0 0.272461 0.499023 0.021484 0.021484
0 0.385742 0.516602 0.037109 0.048828
0 0.982422 0.521484 0.035156 0.042969
0 0.850586 0.527344 0.037109 0.039062
0 0.165039 0.532227 0.029297 0.041016
0 0.274414 0.552734 0.048828 0.054688
0 0.500000 0.548828 0.050781 0.035156
0 0.413086 0.577148 0.044922 0.048828
0 0.606445 0.576172 0.044922 0.039062
0 0.019531 0.590820 0.039062 0.048828
0 0.081055 0.586914 0.044922 0.037109
0 0.964844 0.594727 0.031250 0.041016
0 0.802734 0.611328 0.046875 0.058594
0 0.373047 0.610352 0.035156 0.044922
0 0.121094 0.617188 0.035156 0.042969
0 0.441406 0.643555 0.039062 0.048828
0 0.914062 0.639648 0.042969 0.037109
0 0.868164 0.677734 0.041016 0.062500
0 0.403320 0.688477 0.041016 0.052734
0 0.794922 0.685547 0.066406 0.050781
0 0.534180 0.727539 0.041016 0.044922
0 0.724609 0.721680 0.031250 0.033203
0 0.925781 0.723633 0.046875 0.033203
0 0.314453 0.740234 0.058594 0.050781
0 0.420898 0.741211 0.037109 0.041016
0 0.719727 0.779297 0.044922 0.046875
0 0.816406 0.799805 0.046875 0.041016
0 0.887695 0.805664 0.048828 0.056641
0 0.577148 0.828125 0.052734 0.054688
0 0.203125 0.845703 0.027344 0.046875
0 0.649414 0.853516 0.044922 0.046875
0 0.774414 0.849609 0.052734 0.042969
0 0.717773 0.861328 0.037109 0.046875
0 0.128906 0.881836 0.042969 0.041016
0 0.503906 0.895508 0.042969 0.060547
0 0.285156 0.881836 0.050781 0.029297
0 0.823242 0.885742 0.033203 0.033203
0 0.877930 0.901367 0.044922 0.056641
0 0.969727 0.927734 0.037109 0.042969
0 0.783203 0.929688 0.035156 0.035156
0 0.526367 0.940430 0.048828 0.048828
0 0.364258 0.934570 0.033203 0.029297
0 0.675781 0.939453 0.042969 0.039062
0 0.583984 0.957031 0.042969 0.050781
0 0.497070 0.955078 0.025391 0.035156
0 0.461914 0.974609 0.037109 0.031250
0 0.522461 0.984375 0.068359 0.031250
0 0.806641 0.984375 0.042969 0.031250