0 0.465820 0.060547 0.048828 0.031250
0 0.405273 0.146484 0.037109 0.019531
0 0.588867 0.210938 0.029297 0.050781
0 0.637695 0.235352 0.056641 0.037109
0 0.283203 0.243164 0.039062 0.025391
0 0.099609 0.252930 0.070312 0.025391
0 0.783203 0.254883 0.027344 0.029297
0 0.445312 0.275391 0.046875 0.027344
0 0.207031 0.291016 0.074219 0.046875
0 0.614258 0.274414 0.029297 0.017578
0 0.804688 0.374023 0.023438 0.044922
0 0.456055 0.417969 0.037109 0.035156
0 0.847656 0.533203 0.023438 0.035156
0 0.433594 0.541992 0.035156 0.041016
0 0.226562 0.580078 0.128906 0.078125
0 0.816406 0.568359 0.050781 0.042969
0 0.764648 0.621094 0.037109 0.035156
0 0.288086 0.641602 0.037109 0.037109
0 0.323242 0.659180 0.044922 0.041016
0 0.723633 0.656250 0.044922 0.039062
0 0.838867 0.656250 0.037109 0.039062
0 0.713867 0.715820 0.041016 0.037109
0 0.011719 0.751953 0.023438 0.031250
0 0.139648 0.883789 0.041016 0.033203
0 0.564453 0.883789 0.054688 0.029297
0 0.073242 0.899414 0.041016 0.029297
0 0.986328 0.895508 0.027344 0.021484
0 0.811523 0.976562 0.083984 0.027344
0 0.537109 0.987305 0.039062 0.025391