0 0.450195 0.039062 0.029297 0.039062
0 0.033203 0.055664 0.058594 0.025391
0 0.246094 0.106445 0.058594 0.044922
0 0.518555 0.313477 0.029297 0.041016
0 0.510742 0.356445 0.037109 0.056641
0 0.824219 0.567383 0.039062 0.033203
0 0.415039 0.583008 0.029297 0.048828
0 0.896484 0.578125 0.031250 0.023438
0 0.654297 0.630859 0.023438 0.019531
0 0.402344 0.680664 0.085938 0.044922
0 0.988281 0.666016 0.023438 0.019531
0 0.547852 0.790039 0.060547 0.064453
0 0.975586 0.798828 0.017578 0.039062
0 0.761719 0.793945 0.046875 0.021484
0 0.873047 0.859375 0.027344 0.027344
0 0.927734 0.914062 0.019531 0.039062
0 0.448242 0.927734 0.041016 0.046875
0 0.885742 0.932617 0.025391 0.037109
0 0.949219 0.968750 0.023438 0.031250
0 0.915039 0.994141 0.021484 0.011719