0 0.542969 0.011719 0.023438 0.023438
0 0.560547 0.038086 0.031250 0.048828
0 0.276367 0.046875 0.041016 0.042969
0 0.590820 0.046875 0.021484 0.039062
0 0.705078 0.070312 0.039062 0.058594
0 0.446289 0.084961 0.064453 0.033203
0 0.690430 0.181641 0.044922 0.039062
0 0.543945 0.186523 0.044922 0.033203
0 0.244141 0.227539 0.046875 0.033203
0 0.547852 0.238281 0.033203 0.035156
0 0.887695 0.267578 0.044922 0.042969
0 0.091797 0.294922 0.050781 0.042969
0 0.830078 0.291016 0.046875 0.027344
0 0.503906 0.364258 0.035156 0.041016
0 0.411133 0.427734 0.064453 0.042969
0 0.928711 0.442383 0.041016 0.037109
0 0.411133 0.472656 0.044922 0.023438
0 0.903320 0.495117 0.048828 0.068359
0 0.779297 0.484375 0.058594 0.035156
0 0.397461 0.500977 0.048828 0.044922
0 0.187500 0.495117 0.031250 0.029297
0 0.158203 0.502930 0.027344 0.025391
0 0.739258 0.517578 0.044922 0.031250
0 0.666992 0.557617 0.021484 0.033203
0 0.066406 0.573242 0.070312 0.048828
0 0.149414 0.574219 0.091797 0.050781
0 0.290039 0.570312 0.056641 0.039062
0 0.485352 0.584961 0.048828 0.060547
0 0.614258 0.579102 0.033203 0.041016
0 0.829102 0.587891 0.048828 0.042969
0 0.929688 0.579102 0.023438 0.025391
0 0.859375 0.619141 0.062500 0.089844
0 0.396484 0.596680 0.007812 0.021484
0 0.139648 0.612305 0.048828 0.041016
0 0.252930 0.606445 0.033203 0.033203
0 0.063477 0.626953 0.033203 0.031250
0 0.332031 0.642578 0.050781 0.046875
0 0.507812 0.636719 0.046875 0.039062
0 0.627930 0.634766 0.029297 0.023438
0 0.044922 0.667969 0.046875 0.054688
0 0.195312 0.663086 0.023438 0.021484
0 0.672852 0.679688 0.029297 0.031250
0 0.421875 0.694336 0.062500 0.048828
0 0.148438 0.729492 0.046875 0.052734
0 0.632812 0.734375 0.042969 0.054688
0 0.551758 0.743164 0.083984 0.048828
0 0.194336 0.753906 0.052734 0.046875
0 0.495117 0.750000 0.044922 0.035156
0 0.018555 0.744141 0.025391 0.019531
0 0.303711 0.756836 0.033203 0.041016
0 0.432617 0.759766 0.029297 0.042969
0 0.112305 0.761719 0.033203 0.027344
0 0.934570 0.758789 0.041016 0.025391
0 0.336914 0.790039 0.029297 0.052734
0 0.049805 0.787109 0.068359 0.042969
0 0.656250 0.822266 0.070312 0.035156
0 0.781250 0.880859 0.050781 0.089844
0 0.637695 0.875000 0.064453 0.066406
0 0.278320 0.870117 0.087891 0.044922
0 0.466797 0.873047 0.058594 0.050781
0 0.580078 0.879883 0.031250 0.052734
0 0.924805 0.885742 0.056641 0.056641
0 0.202148 0.897461 0.033203 0.048828
0 0.507812 0.878906 0.035156 0.015625
0 0.725586 0.902344 0.029297 0.054688
0 0.348633 0.886719 0.021484 0.011719
0 0.815430 0.918945 0.052734 0.033203
0 0.901367 0.966797 0.029297 0.023438
0 0.583984 0.984375 0.035156 0.031250