0 0.036133 0.015625 0.052734 0.031250
0 0.276367 0.010742 0.033203 0.021484
0 0.311523 0.010742 0.033203 0.021484
0 0.410156 0.020508 0.046875 0.041016
0 0.471680 0.009766 0.025391 0.019531
0 0.580078 0.022461 0.109375 0.044922
0 0.700195 0.015625 0.048828 0.031250
0 0.866211 0.019531 0.060547 0.039062
0 0.249023 0.017578 0.021484 0.027344
0 0.209961 0.044922 0.052734 0.054688
0 0.143555 0.041016 0.037109 0.042969
0 0.685547 0.041992 0.039062 0.033203
0 0.097656 0.054688 0.050781 0.046875
0 0.285156 0.061523 0.042969 0.048828
0 0.181641 0.063477 0.050781 0.044922
0 0.236328 0.073242 0.046875 0.056641
0 0.420898 0.071289 0.029297 0.052734
0 0.510742 0.072266 0.072266 0.054688
0 0.857422 0.071289 0.062500 0.056641
0 0.586914 0.077148 0.052734 0.052734
0 0.041992 0.095703 0.064453 0.054688
0 0.136719 0.092773 0.050781 0.048828
0 0.921875 0.085938 0.031250 0.039062
0 0.324219 0.098633 0.035156 0.048828
0 0.395508 0.093750 0.025391 0.027344
0 0.552734 0.103516 0.046875 0.046875
0 0.289062 0.110352 0.054688 0.044922
0 0.206055 0.106445 0.041016 0.029297
0 0.970703 0.124023 0.058594 0.064453
0 0.597656 0.131836 0.062500 0.044922
0 0.006836 0.133789 0.013672 0.041016
0 0.523438 0.139648 0.062500 0.048828
0 0.273438 0.147461 0.058594 0.044922
0 0.336914 0.149414 0.048828 0.041016
0 0.136719 0.170898 0.058594 0.068359
0 0.471680 0.154297 0.021484 0.031250
0 0.429688 0.173828 0.039062 0.042969
0 0.020508 0.185547 0.041016 0.058594
0 0.972656 0.182617 0.054688 0.052734
0 0.228516 0.176758 0.035156 0.029297
0 0.560547 0.197266 0.093750 0.070312
0 0.377930 0.184570 0.041016 0.033203
0 0.515625 0.189453 0.035156 0.039062
0 0.478516 0.201172 0.039062 0.050781
0 0.434570 0.217773 0.044922 0.037109
0 0.952148 0.216797 0.041016 0.035156
0 0.070312 0.239258 0.058594 0.060547
0 0.377930 0.225586 0.056641 0.033203
0 0.580078 0.247070 0.050781 0.052734
0 0.263672 0.252930 0.042969 0.048828
0 0.469727 0.250000 0.052734 0.035156
0 0.960938 0.255859 0.042969 0.027344
0 0.526367 0.264648 0.052734 0.037109
0 0.868164 0.282227 0.048828 0.041016
0 0.364258 0.302734 0.037109 0.062500
0 0.406250 0.311523 0.039062 0.064453
0 0.477539 0.300781 0.025391 0.039062
0 0.961914 0.312500 0.025391 0.050781
0 0.987305 0.325195 0.025391 0.072266
0 0.838867 0.333984 0.041016 0.078125
0 0.790039 0.335938 0.056641 0.074219
0 0.918945 0.309570 0.029297 0.025391
0 0.883789 0.329102 0.052734 0.052734
0 0.292969 0.334961 0.042969 0.060547
0 0.746094 0.368164 0.035156 0.076172
0 0.695312 0.372070 0.070312 0.072266
0 0.043945 0.373047 0.056641 0.062500
0 0.592773 0.365234 0.052734 0.050781
0 0.474609 0.396484 0.062500 0.074219
0 0.958984 0.403320 0.031250 0.087891
0 0.234375 0.400391 0.058594 0.062500
0 0.989258 0.419922 0.021484 0.070312
0 0.399414 0.426758 0.041016 0.080078
0 0.012695 0.426758 0.025391 0.056641
0 0.608398 0.430664 0.056641 0.064453
0 0.297852 0.431641 0.056641 0.058594
0 0.745117 0.432617 0.029297 0.044922
0 0.546875 0.455078 0.066406 0.066406
0 0.041016 0.450195 0.042969 0.044922
0 0.374023 0.466797 0.056641 0.070312
0 0.099609 0.459961 0.066406 0.044922
0 0.207031 0.472656 0.058594 0.066406
0 0.446289 0.477539 0.044922 0.060547
0 0.258789 0.497070 0.041016 0.052734
0 0.166992 0.488281 0.029297 0.031250
0 0.322266 0.525391 0.046875 0.062500
0 0.210938 0.531250 0.027344 0.023438
0 0.943359 0.537109 0.035156 0.019531
0 0.928711 0.547852 0.037109 0.029297
0 0.744141 0.582031 0.062500 0.042969
0 0.404297 0.606445 0.050781 0.064453
0 0.872070 0.610352 0.048828 0.064453
0 0.668945 0.608398 0.029297 0.033203
0 0.818359 0.654297 0.050781 0.054688
0 0.327148 0.663086 0.064453 0.060547
0 0.693359 0.663086 0.039062 0.048828
0 0.944336 0.672852 0.056641 0.064453
0 0.527344 0.687500 0.050781 0.039062
0 0.598633 0.696289 0.041016 0.037109
0 0.770508 0.704102 0.048828 0.052734
0 0.267578 0.734375 0.066406 0.058594
0 0.817383 0.735352 0.064453 0.064453
0 0.896484 0.746094 0.054688 0.070312
0 0.056641 0.741211 0.031250 0.025391
0 0.170898 0.758789 0.041016 0.052734
0 0.479492 0.762695 0.037109 0.041016
0 0.554688 0.758789 0.050781 0.033203
0 0.347656 0.779297 0.062500 0.054688
0 0.009766 0.782227 0.019531 0.029297
0 0.441406 0.779297 0.031250 0.027344
0 0.808594 0.802734 0.054688 0.070312
0 0.394531 0.822266 0.050781 0.062500
0 0.128906 0.823242 0.042969 0.060547
0 0.214844 0.811523 0.023438 0.033203
0 0.025391 0.813477 0.050781 0.033203
0 0.026367 0.851562 0.052734 0.046875
0 0.348633 0.851562 0.056641 0.046875
0 0.198242 0.870117 0.060547 0.056641
0 0.077148 0.871094 0.052734 0.054688
0 0.166016 0.884766 0.054688 0.062500
0 0.445312 0.894531 0.070312 0.078125
0 0.666992 0.873047 0.029297 0.031250
0 0.511719 0.891602 0.070312 0.064453
0 0.256836 0.896484 0.056641 0.066406
0 0.030273 0.905273 0.060547 0.048828
0 0.381836 0.909180 0.060547 0.060547
0 0.079102 0.923828 0.064453 0.054688
0 0.947266 0.921875 0.054688 0.054688
0 0.540039 0.965820 0.076172 0.068359
0 0.621094 0.949219 0.046875 0.031250
0 0.828125 0.961914 0.031250 0.033203
0 0.285156 0.980469 0.066406 0.039062
0 0.882812 0.983398 0.058594 0.033203
0 0.418945 0.986328 0.064453 0.027344
0 0.981445 0.987305 0.037109 0.025391
0 0.155273 0.988281 0.056641 0.023438
0 0.211914 0.990234 0.060547 0.019531