0 0.538086 0.041016 0.056641 0.042969
0 0.229492 0.185547 0.029297 0.042969
0 0.116211 0.186523 0.033203 0.033203
0 0.263672 0.186523 0.035156 0.033203
0 0.064453 0.188477 0.039062 0.033203
0 0.380859 0.208984 0.039062 0.046875
0 0.194336 0.215820 0.037109 0.041016
0 0.059570 0.239258 0.021484 0.025391
0 0.759766 0.247070 0.046875 0.041016
0 0.293945 0.255859 0.044922 0.039062
0 0.206055 0.277344 0.044922 0.070312
0 0.085938 0.294922 0.027344 0.042969
0 0.253906 0.294922 0.039062 0.035156
0 0.453125 0.310547 0.023438 0.023438
0 0.184570 0.319336 0.037109 0.037109
0 0.137695 0.345703 0.033203 0.046875
0 0.021484 0.343750 0.042969 0.031250
0 0.667969 0.373047 0.027344 0.031250
0 0.014648 0.385742 0.029297 0.033203
0 0.130859 0.472656 0.042969 0.035156
0 0.283203 0.511719 0.035156 0.039062
0 0.313477 0.511719 0.017578 0.015625
0 0.370117 0.554688 0.041016 0.042969
0 0.154297 0.579102 0.035156 0.037109
0 0.265625 0.572266 0.031250 0.027344
0 0.782227 0.598633 0.037109 0.048828
0 0.010742 0.600586 0.021484 0.044922
0 0.097656 0.600586 0.035156 0.037109
0 0.661133 0.607422 0.021484 0.050781
0 0.074219 0.612305 0.042969 0.033203
0 0.840820 0.609375 0.041016 0.027344
0 0.059570 0.632812 0.017578 0.023438
0 0.867188 0.662109 0.031250 0.074219
0 0.604492 0.647461 0.037109 0.033203
0 0.134766 0.660156 0.019531 0.027344
0 0.980469 0.685547 0.039062 0.050781
0 0.140625 0.690430 0.050781 0.029297
0 0.578125 0.709961 0.039062 0.060547
0 0.782227 0.706055 0.009766 0.025391
0 0.118164 0.721680 0.041016 0.029297
0 0.281250 0.745117 0.031250 0.033203
0 0.842773 0.747070 0.037109 0.033203
0 0.128906 0.755859 0.046875 0.027344
0 0.095703 0.763672 0.031250 0.031250
0 0.215820 0.792969 0.048828 0.050781
0 0.336914 0.800781 0.041016 0.046875
0 0.100586 0.824219 0.068359 0.070312
0 0.383789 0.801758 0.048828 0.025391
0 0.043945 0.833008 0.033203 0.037109
0 0.973633 0.845703 0.044922 0.046875
0 0.347656 0.848633 0.070312 0.029297
0 0.078125 0.864258 0.042969 0.048828
0 0.152344 0.965820 0.050781 0.044922
0 0.937500 0.976562 0.039062 0.046875
0 0.201172 0.987305 0.031250 0.025391
0 0.295898 0.988281 0.064453 0.023438