0 0.174805 0.017578 0.025391 0.035156
0 0.657227 0.033203 0.052734 0.039062
0 0.009766 0.036133 0.019531 0.037109
0 0.198242 0.044922 0.037109 0.039062
0 0.227539 0.041992 0.021484 0.017578
0 0.778320 0.045898 0.029297 0.021484
0 0.375000 0.067383 0.042969 0.056641
0 0.264648 0.066406 0.060547 0.042969
0 0.611328 0.083008 0.066406 0.029297
0 0.149414 0.086914 0.033203 0.021484
0 0.048828 0.095703 0.039062 0.035156
0 0.110352 0.097656 0.041016 0.039062
0 0.298828 0.092773 0.042969 0.029297
0 0.500000 0.106445 0.046875 0.033203
0 0.217773 0.101562 0.025391 0.011719
0 0.676758 0.108398 0.044922 0.029297
0 0.169922 0.144531 0.031250 0.058594
0 0.245117 0.130859 0.044922 0.035156
0 0.702148 0.134766 0.021484 0.031250
0 0.405273 0.134766 0.025391 0.023438
0 0.134766 0.162109 0.027344 0.031250
0 0.203125 0.196289 0.042969 0.072266
0 0.112305 0.187500 0.017578 0.015625
0 0.025391 0.210938 0.023438 0.050781
0 0.003906 0.203125 0.007812 0.023438
0 0.108398 0.216797 0.044922 0.039062
0 0.881836 0.207031 0.033203 0.019531
0 0.830078 0.245117 0.054688 0.041016
0 0.753906 0.264648 0.039062 0.044922
0 0.190430 0.321289 0.064453 0.048828
0 0.787109 0.377930 0.058594 0.095703
0 0.196289 0.375000 0.041016 0.031250
0 0.157227 0.389648 0.029297 0.037109
0 0.019531 0.471680 0.039062 0.080078
0 0.782227 0.473633 0.064453 0.080078
0 0.145508 0.459961 0.033203 0.041016
0 0.109375 0.466797 0.027344 0.050781
0 0.077148 0.476562 0.025391 0.050781
0 0.800781 0.505859 0.031250 0.039062
0 0.153320 0.528320 0.037109 0.052734
0 0.091797 0.518555 0.027344 0.017578
0 0.778320 0.540039 0.029297 0.041016
0 0.156250 0.593750 0.089844 0.066406
0 0.181641 0.571289 0.027344 0.021484
0 0.558594 0.585938 0.027344 0.027344
0 0.693359 0.658203 0.042969 0.042969
0 0.722656 0.709961 0.039062 0.041016
0 0.400391 0.738281 0.035156 0.035156
0 0.561523 0.742188 0.041016 0.046875
0 0.644531 0.753906 0.093750 0.054688
0 0.412109 0.785156 0.027344 0.046875
0 0.538086 0.831055 0.064453 0.048828
0 0.447266 0.850586 0.050781 0.048828
0 0.989258 0.875977 0.021484 0.033203
0 0.545898 0.914062 0.044922 0.058594
0 0.576172 0.977539 0.050781 0.044922