0 0.079102 0.016602 0.076172 0.033203
0 0.199219 0.006836 0.070312 0.013672
0 0.539062 0.017578 0.101562 0.035156
0 0.698242 0.012695 0.060547 0.025391
0 0.782227 0.005859 0.044922 0.011719
0 0.842773 0.028320 0.060547 0.056641
0 0.981445 0.015625 0.037109 0.031250
0 0.220703 0.020508 0.078125 0.033203
0 0.377930 0.034180 0.064453 0.048828
0 0.562500 0.031250 0.070312 0.035156
0 0.147461 0.047852 0.064453 0.044922
0 0.408203 0.048828 0.042969 0.050781
0 0.008789 0.046875 0.017578 0.031250
0 0.208984 0.053711 0.062500 0.044922
0 0.674805 0.073242 0.072266 0.064453
0 0.568359 0.090820 0.109375 0.083984
0 0.779297 0.080078 0.050781 0.046875
0 0.951172 0.085938 0.070312 0.054688
0 0.199219 0.084961 0.093750 0.037109
0 0.062500 0.090820 0.046875 0.037109
0 0.125000 0.092773 0.062500 0.033203
0 0.458008 0.112305 0.068359 0.041016
0 0.620117 0.115234 0.041016 0.039062
0 0.823242 0.128906 0.072266 0.066406
0 0.704102 0.118164 0.044922 0.041016
0 0.115234 0.124023 0.070312 0.037109
0 0.367188 0.136719 0.062500 0.039062
0 0.033203 0.155273 0.054688 0.068359
0 0.784180 0.162109 0.068359 0.054688
0 0.101562 0.173828 0.070312 0.062500
0 0.911133 0.172852 0.060547 0.064453
0 0.943359 0.158203 0.050781 0.035156
0 0.520508 0.170898 0.056641 0.041016
0 0.147461 0.180664 0.068359 0.056641
0 0.971680 0.189453 0.056641 0.054688
0 0.674805 0.175781 0.072266 0.023438
0 0.200195 0.209961 0.060547 0.080078
0 0.145508 0.209961 0.060547 0.064453
0 0.610352 0.194336 0.060547 0.037109
0 0.664062 0.209961 0.097656 0.044922
0 0.789062 0.208008 0.062500 0.037109
0 0.231445 0.231445 0.056641 0.076172
0 0.988281 0.218750 0.023438 0.035156
0 0.890625 0.230469 0.062500 0.046875
0 0.261719 0.267578 0.042969 0.074219
0 0.015625 0.253906 0.031250 0.035156
0 0.365234 0.292969 0.050781 0.085938
0 0.974609 0.274414 0.050781 0.048828
0 0.685547 0.271484 0.050781 0.035156
0 0.918945 0.270508 0.056641 0.025391
0 0.790039 0.288086 0.041016 0.048828
0 0.590820 0.291016 0.048828 0.046875
0 0.860352 0.283203 0.041016 0.035156
0 0.340820 0.286133 0.025391 0.033203
0 0.498047 0.312500 0.054688 0.066406
0 0.107422 0.302734 0.035156 0.042969
0 0.169922 0.318359 0.074219 0.050781
0 0.386719 0.328125 0.054688 0.066406
0 0.871094 0.332031 0.074219 0.062500
0 0.940430 0.321289 0.052734 0.037109
0 0.251953 0.325195 0.042969 0.041016
0 0.314453 0.333008 0.039062 0.044922
0 0.526367 0.351562 0.044922 0.050781
0 0.810547 0.341797 0.039062 0.023438
0 0.387695 0.370117 0.056641 0.056641
0 0.963867 0.368164 0.052734 0.052734
0 0.791992 0.378906 0.064453 0.070312
0 0.726562 0.387695 0.054688 0.056641
0 0.915039 0.388672 0.080078 0.054688
0 0.580078 0.411133 0.054688 0.087891
0 0.640625 0.393555 0.054688 0.048828
0 0.426758 0.390625 0.033203 0.035156
0 0.161133 0.387695 0.025391 0.025391
0 0.458008 0.408203 0.052734 0.062500
0 0.012695 0.400391 0.025391 0.027344
0 0.519531 0.428711 0.066406 0.083984
0 0.125000 0.408203 0.027344 0.035156
0 0.767578 0.416016 0.062500 0.042969
0 0.970703 0.422852 0.039062 0.052734
0 0.919922 0.445312 0.070312 0.066406
0 0.220703 0.436523 0.039062 0.041016
0 0.603516 0.440430 0.050781 0.052734
0 0.692383 0.432617 0.041016 0.033203
0 0.025391 0.443359 0.050781 0.046875
0 0.075195 0.454102 0.048828 0.033203
0 0.642578 0.459961 0.035156 0.025391
0 0.098633 0.477539 0.080078 0.041016
0 0.821289 0.480469 0.033203 0.039062
0 0.695312 0.497070 0.074219 0.060547
0 0.466797 0.497070 0.050781 0.052734
0 0.151367 0.493164 0.052734 0.033203
0 0.011719 0.494141 0.023438 0.027344
0 0.186523 0.523438 0.060547 0.058594
0 0.545898 0.511719 0.025391 0.031250
0 0.044922 0.514648 0.039062 0.025391
0 0.248047 0.535156 0.074219 0.062500
0 0.851562 0.517578 0.027344 0.027344
0 0.358398 0.531250 0.041016 0.046875
0 0.447266 0.517578 0.019531 0.019531
0 0.645508 0.520508 0.025391 0.021484
0 0.078125 0.541016 0.054688 0.042969
0 0.923828 0.555664 0.050781 0.052734
0 0.022461 0.552734 0.044922 0.042969
0 0.135742 0.551758 0.037109 0.041016
0 0.406250 0.562500 0.046875 0.035156
0 0.255859 0.576172 0.054688 0.027344
0 0.723633 0.594727 0.068359 0.056641
0 0.079102 0.584961 0.056641 0.029297
0 0.302734 0.590820 0.054688 0.037109
0 0.520508 0.613281 0.056641 0.085938
0 0.441406 0.601562 0.035156 0.046875
0 0.045898 0.616211 0.091797 0.048828
0 0.236328 0.618164 0.097656 0.056641
0 0.373047 0.622070 0.046875 0.044922
0 0.128906 0.620117 0.093750 0.037109
0 0.479492 0.632812 0.037109 0.050781
0 0.215820 0.651367 0.072266 0.044922
0 0.735352 0.666016 0.064453 0.070312
0 0.320312 0.649414 0.046875 0.029297
0 0.153320 0.660156 0.044922 0.039062
0 0.223633 0.685547 0.080078 0.054688
0 0.007812 0.683594 0.015625 0.039062
0 0.308594 0.668945 0.019531 0.009766
0 0.333008 0.681641 0.029297 0.023438
0 0.567383 0.690430 0.056641 0.044922
0 0.285156 0.696289 0.062500 0.033203
0 0.111328 0.723633 0.054688 0.041016
0 0.219727 0.727539 0.072266 0.048828
0 0.683594 0.719727 0.031250 0.033203
0 0.354492 0.728516 0.056641 0.042969
0 0.296875 0.748047 0.050781 0.046875
0 0.396484 0.749023 0.062500 0.052734
0 0.025391 0.739258 0.050781 0.021484
0 0.087891 0.745117 0.062500 0.037109
0 0.478516 0.756836 0.046875 0.056641
0 0.760742 0.756836 0.060547 0.060547
0 0.648438 0.750000 0.058594 0.039062
0 0.433594 0.766602 0.058594 0.056641
0 0.892578 0.758789 0.031250 0.037109
0 0.518555 0.772461 0.033203 0.048828
0 0.847656 0.779297 0.058594 0.066406
0 0.350586 0.775391 0.056641 0.046875
0 0.037109 0.784180 0.070312 0.044922
0 0.231445 0.781250 0.068359 0.035156
0 0.153320 0.789062 0.068359 0.042969
0 0.583008 0.789062 0.033203 0.042969
0 0.273438 0.803711 0.050781 0.048828
0 0.783203 0.809570 0.054688 0.060547
0 0.683594 0.813477 0.046875 0.052734
0 0.014648 0.805664 0.029297 0.033203
0 0.468750 0.810547 0.062500 0.039062
0 0.108398 0.820312 0.068359 0.042969
0 0.600586 0.821289 0.033203 0.044922
0 0.221680 0.826172 0.052734 0.050781
0 0.171875 0.839844 0.046875 0.054688
0 0.402344 0.844727 0.046875 0.048828
0 0.470703 0.838867 0.062500 0.033203
0 0.273438 0.843750 0.042969 0.027344
0 0.023438 0.859375 0.046875 0.039062
0 0.847656 0.867188 0.058594 0.050781
0 0.116211 0.861328 0.064453 0.031250
0 0.897461 0.875977 0.056641 0.044922
0 0.940430 0.880859 0.072266 0.054688
0 0.182617 0.873047 0.041016 0.031250
0 0.225586 0.875977 0.037109 0.041016
0 0.467773 0.874023 0.037109 0.033203
0 0.723633 0.895508 0.048828 0.080078
0 0.513672 0.877930 0.046875 0.033203
0 0.278320 0.905273 0.080078 0.068359
0 0.118164 0.898438 0.064453 0.042969
0 0.041992 0.898438 0.052734 0.039062
0 0.187500 0.917969 0.058594 0.046875
0 0.540039 0.919922 0.064453 0.046875
0 0.790039 0.919922 0.021484 0.042969
0 0.142578 0.926758 0.046875 0.037109
0 0.955078 0.934570 0.054688 0.056641
0 0.083984 0.947266 0.058594 0.074219
0 0.213867 0.936523 0.056641 0.041016
0 0.598633 0.954102 0.048828 0.037109
0 0.507812 0.953125 0.046875 0.027344
0 0.548828 0.971680 0.078125 0.052734
0 0.913086 0.974609 0.056641 0.050781
0 0.379883 0.991211 0.044922 0.017578
0 0.595703 0.991211 0.066406 0.017578
0 0.982422 0.992188 0.035156 0.015625