0 0.400391 0.007812 0.054688 0.015625
0 0.525391 0.012695 0.039062 0.025391
0 0.562500 0.018555 0.050781 0.037109
0 0.793945 0.008789 0.037109 0.017578
0 0.376953 0.038086 0.062500 0.021484
0 0.842773 0.043945 0.048828 0.033203
0 0.635742 0.090820 0.037109 0.087891
0 0.691406 0.076172 0.042969 0.046875
0 0.795898 0.072266 0.033203 0.031250
0 0.830078 0.078125 0.031250 0.031250
0 0.873047 0.094727 0.039062 0.044922
0 0.830078 0.116211 0.042969 0.048828
0 0.458008 0.127930 0.033203 0.044922
0 0.878906 0.130859 0.042969 0.046875
0 0.565430 0.131836 0.044922 0.044922
0 0.677734 0.156250 0.054688 0.054688
0 0.131836 0.171875 0.033203 0.070312
0 0.908203 0.162109 0.058594 0.050781
0 0.494141 0.160156 0.042969 0.023438
0 0.499023 0.180664 0.044922 0.029297
0 0.531250 0.186523 0.031250 0.037109
0 0.400391 0.201172 0.039062 0.042969
0 0.554688 0.217773 0.054688 0.068359
0 0.689453 0.206055 0.027344 0.037109
0 0.889648 0.225586 0.037109 0.052734
0 0.509766 0.226562 0.031250 0.042969
0 0.794922 0.222656 0.042969 0.039062
0 0.846680 0.218750 0.025391 0.031250
0 0.600586 0.241211 0.044922 0.056641
0 0.416016 0.235352 0.031250 0.041016
0 0.740234 0.250000 0.050781 0.046875
0 0.632812 0.252930 0.039062 0.044922
0 0.666992 0.244141 0.025391 0.023438
0 0.165039 0.266602 0.052734 0.060547
0 0.029297 0.272461 0.058594 0.056641
0 0.319336 0.276367 0.041016 0.068359
0 0.450195 0.261719 0.044922 0.039062
0 0.915039 0.274414 0.068359 0.064453
0 0.457031 0.296875 0.066406 0.062500
0 0.699219 0.287109 0.039062 0.042969
0 0.421875 0.291016 0.039062 0.035156
0 0.505859 0.315430 0.058594 0.052734
0 0.922852 0.338867 0.068359 0.083984
0 0.608398 0.325195 0.064453 0.044922
0 0.019531 0.335938 0.039062 0.058594
0 0.666992 0.355469 0.052734 0.070312
0 0.534180 0.351562 0.044922 0.050781
0 0.298828 0.351562 0.035156 0.042969
0 0.711914 0.364258 0.056641 0.068359
0 0.363281 0.353516 0.027344 0.035156
0 0.478516 0.356445 0.046875 0.033203
0 0.969727 0.376953 0.044922 0.070312
0 0.048828 0.369141 0.074219 0.042969
0 0.356445 0.401367 0.044922 0.056641
0 0.490234 0.396484 0.046875 0.039062
0 0.544922 0.421875 0.050781 0.078125
0 0.148438 0.413086 0.035156 0.041016
0 0.015625 0.426758 0.031250 0.060547
0 0.298828 0.414062 0.039062 0.027344
0 0.273438 0.439453 0.042969 0.074219
0 0.173828 0.432617 0.035156 0.041016
0 0.469727 0.434570 0.041016 0.033203
0 0.505859 0.436523 0.027344 0.025391
0 0.141602 0.462891 0.048828 0.050781
0 0.326172 0.460938 0.054688 0.046875
0 0.866211 0.460938 0.048828 0.046875
0 0.427734 0.469727 0.042969 0.052734
0 0.382812 0.473633 0.050781 0.044922
0 0.486328 0.469727 0.039062 0.041016
0 0.566406 0.503906 0.039062 0.078125
0 0.060547 0.497070 0.042969 0.052734
0 0.106445 0.498047 0.033203 0.058594
0 0.875000 0.500000 0.050781 0.054688
0 0.291992 0.495117 0.037109 0.025391
0 0.024414 0.500977 0.021484 0.033203
0 0.220703 0.511719 0.050781 0.050781
0 0.465820 0.504883 0.041016 0.041016
0 0.349609 0.507812 0.039062 0.023438
0 0.530273 0.523438 0.041016 0.050781
0 0.413086 0.524414 0.033203 0.037109
0 0.819336 0.533203 0.033203 0.042969
0 0.063477 0.544922 0.037109 0.054688
0 0.352539 0.539062 0.044922 0.042969
0 0.951172 0.539062 0.042969 0.039062
0 0.093750 0.562500 0.023438 0.042969
0 0.688477 0.560547 0.056641 0.039062
0 0.026367 0.564453 0.048828 0.042969
0 0.869141 0.585938 0.035156 0.066406
0 0.979492 0.574219 0.041016 0.042969
0 0.791992 0.573242 0.056641 0.037109
0 0.765625 0.592773 0.042969 0.056641
0 0.247070 0.589844 0.041016 0.046875
0 0.022461 0.605469 0.044922 0.058594
0 0.063477 0.597656 0.029297 0.042969
0 0.490234 0.604492 0.066406 0.037109
0 0.933594 0.618164 0.062500 0.044922
0 0.387695 0.626953 0.052734 0.054688
0 0.493164 0.644531 0.060547 0.042969
0 0.596680 0.639648 0.076172 0.033203
0 0.847656 0.646484 0.031250 0.042969
0 0.786133 0.658203 0.048828 0.046875
0 0.209961 0.673828 0.072266 0.062500
0 0.008789 0.661133 0.017578 0.033203
0 0.887695 0.674805 0.068359 0.048828
0 0.300781 0.676758 0.035156 0.037109
0 0.628906 0.673828 0.050781 0.031250
0 0.342773 0.679688 0.037109 0.031250
0 0.074219 0.702148 0.046875 0.052734
0 0.557617 0.729492 0.048828 0.041016
0 0.073242 0.740234 0.056641 0.046875
0 0.291016 0.739258 0.046875 0.048828
0 0.799805 0.743164 0.076172 0.048828
0 0.621094 0.786133 0.042969 0.087891
0 0.150391 0.770508 0.050781 0.048828
0 0.482422 0.784180 0.046875 0.056641
0 0.887695 0.775391 0.056641 0.039062
0 0.434570 0.791992 0.029297 0.068359
0 0.553711 0.794922 0.052734 0.058594
0 0.396484 0.791992 0.046875 0.041016
0 0.065430 0.797852 0.048828 0.033203
0 0.753906 0.803711 0.039062 0.044922
0 0.825195 0.833984 0.064453 0.078125
0 0.509766 0.832031 0.042969 0.046875
0 0.657227 0.839844 0.037109 0.046875
0 0.685547 0.848633 0.031250 0.041016
0 0.021484 0.863281 0.042969 0.058594
0 0.572266 0.859375 0.054688 0.050781
0 0.100586 0.861328 0.044922 0.042969
0 0.448242 0.883789 0.048828 0.048828
0 0.499023 0.896484 0.033203 0.058594
0 0.766602 0.905273 0.044922 0.068359
0 0.063477 0.889648 0.044922 0.029297
0 0.368164 0.895508 0.033203 0.037109
0 0.211914 0.910156 0.037109 0.031250
0 0.420898 0.923828 0.041016 0.054688
0 0.154297 0.941406 0.046875 0.058594
0 0.346680 0.924805 0.037109 0.029297
0 0.457031 0.940430 0.031250 0.041016
0 0.716797 0.950195 0.046875 0.064453
0 0.981445 0.960938 0.037109 0.078125
0 0.382812 0.961914 0.054688 0.048828
0 0.113281 0.959961 0.042969 0.037109
0 0.461914 0.975586 0.056641 0.048828
0 0.024414 0.976562 0.048828 0.046875
0 0.683594 0.978516 0.039062 0.042969
0 0.332031 0.981445 0.042969 0.037109
0 0.819336 0.983398 0.041016 0.033203
0 0.125000 0.985352 0.046875 0.029297
0 0.643555 0.989258 0.037109 0.021484