0 0.067383 0.012695 0.083984 0.025391
0 0.410156 0.014648 0.062500 0.029297
0 0.901367 0.026367 0.064453 0.041016
0 0.500977 0.026367 0.021484 0.025391
0 0.946289 0.036133 0.029297 0.041016
0 0.452148 0.039062 0.048828 0.035156
0 0.416016 0.043945 0.023438 0.025391
0 0.186523 0.069336 0.044922 0.048828
0 0.521484 0.061523 0.054688 0.037109
0 0.671875 0.083008 0.062500 0.076172
0 0.254883 0.078125 0.056641 0.058594
0 0.557617 0.077148 0.060547 0.056641
0 0.794922 0.097656 0.062500 0.074219
0 0.046875 0.101562 0.093750 0.078125
0 0.934570 0.100586 0.033203 0.052734
0 0.215820 0.131836 0.052734 0.041016
0 0.917969 0.141602 0.054688 0.064453
0 0.604492 0.144531 0.091797 0.035156
0 0.876953 0.147461 0.046875 0.044922
0 0.420898 0.182617 0.056641 0.072266
0 0.756836 0.175781 0.056641 0.046875
0 0.346680 0.211914 0.044922 0.080078
0 0.094727 0.193359 0.130859 0.031250
0 0.979492 0.202148 0.041016 0.037109
0 0.882812 0.232422 0.085938 0.058594
0 0.290039 0.251953 0.052734 0.066406
0 0.295898 0.276367 0.044922 0.072266
0 0.735352 0.341797 0.099609 0.160156
0 0.522461 0.320312 0.087891 0.085938
0 0.160156 0.340820 0.050781 0.048828
0 0.934570 0.362305 0.072266 0.064453
0 0.437500 0.392578 0.031250 0.046875
0 0.130859 0.390625 0.039062 0.039062
0 0.283203 0.409180 0.031250 0.072266
0 0.875000 0.416992 0.070312 0.087891
0 0.236328 0.404297 0.039062 0.054688
0 0.483398 0.394531 0.029297 0.039062
0 0.717773 0.439453 0.056641 0.054688
0 0.365234 0.458984 0.046875 0.054688
0 0.507812 0.461914 0.027344 0.060547
0 0.049805 0.470703 0.048828 0.066406
0 0.605469 0.464844 0.039062 0.042969
0 0.583984 0.489258 0.031250 0.044922
0 0.701172 0.499023 0.054688 0.056641
0 0.892578 0.492188 0.074219 0.046875
0 0.414062 0.502930 0.062500 0.037109
0 0.618164 0.505859 0.021484 0.015625
0 0.352539 0.513672 0.041016 0.023438
0 0.576172 0.533203 0.035156 0.039062
0 0.024414 0.580078 0.048828 0.085938
0 0.684570 0.568359 0.033203 0.046875
0 0.843750 0.561523 0.058594 0.037109
0 0.348633 0.569336 0.041016 0.044922
0 0.744141 0.583008 0.054688 0.068359
0 0.953125 0.589844 0.093750 0.070312
0 0.621094 0.577148 0.031250 0.037109
0 0.430664 0.593750 0.041016 0.035156
0 0.117188 0.627930 0.093750 0.080078
0 0.475586 0.628906 0.048828 0.039062
0 0.953125 0.655273 0.093750 0.068359
0 0.687500 0.675781 0.046875 0.031250
0 0.867188 0.706055 0.050781 0.029297
0 0.053711 0.743164 0.099609 0.080078
0 0.478516 0.753906 0.054688 0.097656
0 0.666992 0.725586 0.033203 0.037109
0 0.816406 0.734375 0.054688 0.027344
0 0.882812 0.736328 0.078125 0.023438
0 0.131836 0.756836 0.041016 0.048828
0 0.185547 0.768555 0.046875 0.052734
0 0.346680 0.778320 0.048828 0.056641
0 0.649414 0.778320 0.033203 0.044922
0 0.861328 0.789062 0.058594 0.070312
0 0.106445 0.783203 0.029297 0.031250
0 0.806641 0.816406 0.078125 0.082031
0 0.979492 0.826172 0.041016 0.093750
0 0.037109 0.807617 0.039062 0.029297
0 0.531250 0.814453 0.039062 0.042969
0 0.177734 0.845703 0.074219 0.066406
0 0.891602 0.845703 0.044922 0.035156
0 0.550781 0.875000 0.074219 0.039062
0 0.866211 0.896484 0.083984 0.074219
0 0.453125 0.898438 0.089844 0.050781
0 0.315430 0.917969 0.126953 0.070312
0 0.101562 0.917969 0.082031 0.027344
0 0.703125 0.929688 0.089844 0.050781
0 0.573242 0.925781 0.091797 0.039062
0 0.770508 0.938477 0.037109 0.048828
0 0.552734 0.956055 0.125000 0.064453
0 0.890625 0.959961 0.078125 0.068359
0 0.326172 0.977539 0.117188 0.044922
0 0.970703 0.986328 0.058594 0.027344
0 0.007812 0.989258 0.015625 0.021484