0 0.040039 0.021484 0.041016 0.042969
0 0.094727 0.009766 0.056641 0.019531
0 0.292969 0.021484 0.058594 0.042969
0 0.893555 0.040039 0.052734 0.080078
0 0.946289 0.081055 0.048828 0.033203
0 0.224609 0.104492 0.058594 0.052734
0 0.678711 0.097656 0.041016 0.031250
0 0.006836 0.109375 0.013672 0.031250
0 0.169922 0.121094 0.042969 0.042969
0 0.873047 0.152344 0.015625 0.035156
0 0.979492 0.164062 0.029297 0.054688
0 0.073242 0.186523 0.076172 0.072266
0 0.017578 0.252930 0.035156 0.041016
0 0.874023 0.263672 0.048828 0.039062
0 0.304688 0.285156 0.027344 0.046875
0 0.979492 0.295898 0.041016 0.052734
0 0.344727 0.291992 0.025391 0.021484
0 0.724609 0.316406 0.035156 0.035156
0 0.126953 0.340820 0.035156 0.044922
0 0.738281 0.357422 0.074219 0.054688
0 0.787109 0.357422 0.046875 0.058594
0 0.950195 0.383789 0.044922 0.044922
0 0.393555 0.401367 0.044922 0.041016
0 0.937500 0.425781 0.046875 0.046875
0 0.331055 0.431641 0.037109 0.046875
0 0.507812 0.439453 0.042969 0.066406
0 0.611328 0.468750 0.058594 0.039062
0 0.629883 0.500977 0.076172 0.056641
0 0.279297 0.505859 0.050781 0.050781
0 0.229492 0.522461 0.048828 0.048828
0 0.189453 0.542969 0.031250 0.058594
0 0.996094 0.559570 0.007812 0.041016
0 0.603516 0.566406 0.035156 0.039062
0 0.973633 0.568359 0.029297 0.027344
0 0.595703 0.623047 0.039062 0.054688
0 0.989258 0.610352 0.021484 0.033203
0 0.830078 0.636719 0.070312 0.027344
0 0.985352 0.647461 0.029297 0.033203
0 0.069336 0.677734 0.044922 0.085938
0 0.573242 0.663086 0.025391 0.021484
0 0.353516 0.691406 0.058594 0.066406
0 0.952148 0.698242 0.041016 0.025391
0 0.540039 0.701172 0.021484 0.023438
0 0.114258 0.729492 0.056641 0.033203
0 0.101562 0.774414 0.042969 0.044922
0 0.320312 0.808594 0.023438 0.054688
0 0.190430 0.816406 0.044922 0.054688
0 0.114258 0.815430 0.021484 0.037109
0 0.918945 0.835938 0.056641 0.027344
0 0.163086 0.870117 0.064453 0.064453
0 0.618164 0.857422 0.056641 0.027344
0 0.509766 0.864258 0.054688 0.025391
0 0.836914 0.871094 0.064453 0.035156
0 0.920898 0.879883 0.037109 0.044922
0 0.682617 0.880859 0.041016 0.023438
0 0.887695 0.898438 0.029297 0.019531
0 0.903320 0.916992 0.041016 0.025391
0 0.414062 0.949219 0.046875 0.074219
0 0.748047 0.951172 0.031250 0.035156
0 0.589844 0.963867 0.070312 0.021484
0 0.779297 0.983398 0.050781 0.033203
0 0.600586 0.992188 0.041016 0.015625