0 0.316406 0.027344 0.062500 0.054688
0 0.683594 0.031250 0.078125 0.062500
0 0.937500 0.025391 0.039062 0.031250
0 0.882812 0.048828 0.058594 0.070312
0 0.113281 0.053711 0.042969 0.056641
0 0.264648 0.079102 0.044922 0.052734
0 0.674805 0.083984 0.068359 0.054688
0 0.311523 0.078125 0.025391 0.027344
0 0.078125 0.112305 0.066406 0.056641
0 0.843750 0.134766 0.078125 0.042969
0 0.294922 0.145508 0.042969 0.056641
0 0.202148 0.156250 0.048828 0.046875
0 0.641602 0.165039 0.044922 0.052734
0 0.025391 0.183594 0.035156 0.085938
0 0.089844 0.171875 0.050781 0.062500
0 0.916992 0.181641 0.041016 0.066406
0 0.210938 0.206055 0.050781 0.052734
0 0.740234 0.220703 0.050781 0.039062
0 0.973633 0.228516 0.044922 0.058594
0 0.109375 0.280273 0.039062 0.068359
0 0.050781 0.283203 0.054688 0.066406
0 0.321289 0.289062 0.025391 0.054688
0 0.175781 0.298828 0.066406 0.054688
0 0.251953 0.328125 0.027344 0.070312
0 0.070312 0.330078 0.046875 0.039062
0 0.807617 0.338867 0.044922 0.056641
0 0.017578 0.364258 0.035156 0.056641
0 0.175781 0.373047 0.062500 0.066406
0 0.912109 0.371094 0.066406 0.058594
0 0.745117 0.374023 0.037109 0.048828
0 0.026367 0.422852 0.041016 0.060547
0 0.956055 0.411133 0.060547 0.029297
0 0.194336 0.445312 0.052734 0.054688
0 0.927734 0.472656 0.074219 0.031250
0 0.182617 0.517578 0.041016 0.062500
0 0.752930 0.526367 0.076172 0.044922
0 0.129883 0.531250 0.052734 0.046875
0 0.485352 0.528320 0.033203 0.033203
0 0.011719 0.544922 0.023438 0.050781
0 0.084961 0.570312 0.044922 0.074219
0 0.646484 0.573242 0.031250 0.044922
0 0.034180 0.585938 0.052734 0.058594
0 0.165039 0.594727 0.037109 0.056641
0 0.868164 0.619141 0.076172 0.078125
0 0.124023 0.623047 0.033203 0.074219
0 0.059570 0.641602 0.060547 0.068359
0 0.776367 0.646484 0.048828 0.058594
0 0.629883 0.647461 0.037109 0.037109
0 0.549805 0.657227 0.052734 0.037109
0 0.363281 0.724609 0.042969 0.039062
0 0.768555 0.745117 0.056641 0.076172
0 0.574219 0.752930 0.035156 0.048828
0 0.853516 0.762695 0.070312 0.060547
0 0.719727 0.774414 0.025391 0.044922
0 0.023438 0.821289 0.023438 0.052734
0 0.712891 0.831055 0.042969 0.072266
0 0.598633 0.810547 0.041016 0.019531
0 0.748047 0.848633 0.046875 0.087891
0 0.540039 0.861328 0.052734 0.039062
0 0.858398 0.864258 0.060547 0.048828
0 0.453125 0.868164 0.039062 0.044922
0 0.911133 0.894531 0.037109 0.054688
0 0.010742 0.901367 0.021484 0.033203
0 0.823242 0.948242 0.048828 0.044922