0 0.330078 0.010742 0.027344 0.021484
0 0.936523 0.010742 0.033203 0.021484
0 0.981445 0.025391 0.037109 0.050781
0 0.726562 0.032227 0.093750 0.041016
0 0.419922 0.040039 0.074219 0.048828
0 0.861328 0.056641 0.109375 0.078125
0 0.208984 0.043945 0.046875 0.041016
0 0.243164 0.035156 0.025391 0.019531
0 0.149414 0.064453 0.048828 0.031250
0 0.213867 0.079102 0.033203 0.037109
0 0.138672 0.094727 0.054688 0.041016
0 0.419922 0.095703 0.070312 0.035156
0 0.321289 0.119141 0.044922 0.031250
0 0.375000 0.123047 0.062500 0.027344
0 0.532227 0.133789 0.044922 0.048828
0 0.087891 0.147461 0.054688 0.017578
0 0.407227 0.166992 0.041016 0.048828
0 0.040039 0.186523 0.025391 0.041016
0 0.168945 0.186523 0.033203 0.037109
0 0.012695 0.200195 0.025391 0.037109
0 0.637695 0.220703 0.044922 0.046875
0 0.042969 0.255859 0.035156 0.050781
0 0.073242 0.265625 0.044922 0.046875
0 0.408203 0.287109 0.058594 0.035156
0 0.074219 0.302734 0.027344 0.023438
0 0.125977 0.327148 0.037109 0.060547
0 0.362305 0.320312 0.033203 0.023438
0 0.762695 0.353516 0.068359 0.066406
0 0.095703 0.364258 0.019531 0.033203
0 0.380859 0.365234 0.050781 0.015625
0 0.685547 0.380859 0.054688 0.031250
0 0.450195 0.392578 0.060547 0.046875
0 0.824219 0.411133 0.050781 0.041016
0 0.949219 0.422852 0.050781 0.041016
0 0.346680 0.435547 0.068359 0.031250
0 0.875977 0.441406 0.037109 0.031250
0 0.078125 0.458984 0.011719 0.019531
0 0.089844 0.480469 0.019531 0.031250
0 0.306641 0.506836 0.031250 0.064453
0 0.524414 0.518555 0.052734 0.068359
0 0.931641 0.504883 0.031250 0.041016
0 0.328125 0.513672 0.027344 0.039062
0 0.012695 0.520508 0.025391 0.037109
0 0.150391 0.517578 0.039062 0.035156
0 0.584961 0.554688 0.048828 0.085938
0 0.135742 0.523438 0.017578 0.015625
0 0.250977 0.550781 0.021484 0.019531
0 0.037109 0.559570 0.027344 0.033203
0 0.385742 0.573242 0.025391 0.033203
0 0.224609 0.586914 0.023438 0.048828
0 0.527344 0.596680 0.078125 0.048828
0 0.299805 0.628906 0.033203 0.046875
0 0.665039 0.646484 0.048828 0.074219
0 0.553711 0.640625 0.052734 0.054688
0 0.032227 0.641602 0.021484 0.029297
0 0.204102 0.690430 0.029297 0.091797
0 0.490234 0.689453 0.062500 0.082031
0 0.375977 0.676758 0.041016 0.037109
0 0.886719 0.684570 0.050781 0.052734
0 0.556641 0.708008 0.082031 0.068359
0 0.258789 0.703125 0.033203 0.027344
0 0.619141 0.741211 0.050781 0.076172
0 0.313477 0.737305 0.037109 0.025391
0 0.203125 0.757812 0.023438 0.031250
0 0.329102 0.775391 0.025391 0.035156
0 0.582031 0.791992 0.050781 0.068359
0 0.854492 0.781250 0.048828 0.046875
0 0.164062 0.811523 0.042969 0.080078
0 0.988281 0.790039 0.023438 0.033203
0 0.742188 0.791016 0.046875 0.027344
0 0.271484 0.803711 0.027344 0.033203
0 0.628906 0.822266 0.070312 0.058594
0 0.173828 0.831055 0.019531 0.044922
0 0.695312 0.855469 0.085938 0.074219
0 0.248047 0.859375 0.035156 0.027344
0 0.391602 0.858398 0.037109 0.025391
0 0.750000 0.882812 0.066406 0.062500
0 0.146484 0.887695 0.015625 0.017578
0 0.825195 0.910156 0.052734 0.062500
0 0.468750 0.896484 0.035156 0.015625
0 0.346680 0.902344 0.029297 0.023438
0 0.913086 0.918945 0.021484 0.037109
0 0.947266 0.911133 0.015625 0.021484
0 0.072266 0.926758 0.035156 0.048828
0 0.170898 0.921875 0.025391 0.031250
0 0.763672 0.951172 0.050781 0.062500
0 0.288086 0.954102 0.048828 0.037109
0 0.155273 0.974609 0.060547 0.046875
0 0.721680 0.964844 0.033203 0.031250
0 0.107422 0.982422 0.011719 0.035156
0 0.815430 0.983398 0.041016 0.033203
0 0.914062 0.983398 0.054688 0.033203
0 0.791992 0.994141 0.029297 0.011719