0 0.316406 0.014648 0.058594 0.029297
0 0.800781 0.022461 0.023438 0.025391
0 0.868164 0.049805 0.029297 0.025391
0 0.906250 0.090820 0.035156 0.087891
0 0.880859 0.106445 0.027344 0.083984
0 0.799805 0.106445 0.021484 0.052734
0 0.460938 0.132812 0.035156 0.039062
0 0.782227 0.153320 0.013672 0.048828
0 0.916016 0.185547 0.035156 0.093750
0 0.809570 0.193359 0.021484 0.054688
0 0.200195 0.194336 0.029297 0.048828
0 0.369141 0.191406 0.027344 0.027344
0 0.862305 0.208008 0.029297 0.052734
0 0.795898 0.237305 0.025391 0.056641
0 0.891602 0.270508 0.025391 0.087891
0 0.861328 0.290039 0.011719 0.041016
0 0.788086 0.321289 0.033203 0.044922
0 0.555664 0.350586 0.013672 0.048828
0 0.861328 0.350586 0.019531 0.033203
0 0.019531 0.376953 0.031250 0.050781
0 0.880859 0.398438 0.031250 0.078125
0 0.778320 0.406250 0.025391 0.035156
0 0.599609 0.434570 0.019531 0.041016
0 0.867188 0.499023 0.015625 0.037109
0 0.787109 0.541016 0.015625 0.054688
0 0.791016 0.582031 0.015625 0.027344
0 0.673828 0.600586 0.070312 0.060547
0 0.902344 0.593750 0.023438 0.039062
0 0.793945 0.610352 0.009766 0.021484
0 0.905273 0.631836 0.029297 0.044922
0 0.405273 0.679688 0.033203 0.085938
0 0.906250 0.666016 0.015625 0.046875
0 0.935547 0.702148 0.031250 0.044922
0 0.038086 0.719727 0.033203 0.025391
0 0.820312 0.747070 0.054688 0.076172
0 0.189453 0.748047 0.082031 0.031250
0 0.235352 0.783203 0.068359 0.039062
0 0.793945 0.795898 0.025391 0.056641
0 0.955078 0.829102 0.039062 0.103516
0 0.340820 0.797852 0.029297 0.033203
0 0.245117 0.833008 0.056641 0.037109
0 0.362305 0.876953 0.056641 0.070312
0 0.676758 0.939453 0.029297 0.062500
0 0.492188 0.961914 0.031250 0.064453
0 0.355469 0.970703 0.039062 0.050781
0 0.860352 0.976562 0.029297 0.046875
0 0.405273 0.982422 0.025391 0.035156