0 0.090820 0.007812 0.033203 0.015625
0 0.201172 0.021484 0.085938 0.042969
0 0.517578 0.010742 0.015625 0.017578
0 0.649414 0.018555 0.041016 0.037109
0 0.695312 0.017578 0.035156 0.035156
0 0.952148 0.011719 0.037109 0.023438
0 0.008789 0.048828 0.017578 0.074219
0 0.142578 0.038086 0.027344 0.052734
0 0.537109 0.020508 0.019531 0.017578
0 0.730469 0.031250 0.031250 0.031250
0 0.871094 0.047852 0.089844 0.044922
0 0.506836 0.042969 0.033203 0.031250
0 0.697266 0.066406 0.054688 0.062500
0 0.754883 0.072266 0.056641 0.062500
0 0.403320 0.070312 0.048828 0.046875
0 0.440430 0.062500 0.041016 0.027344
0 0.208984 0.078125 0.062500 0.050781
0 0.137695 0.083984 0.033203 0.042969
0 0.671875 0.088867 0.039062 0.033203
0 0.443359 0.104492 0.027344 0.037109
0 0.606445 0.119141 0.052734 0.058594
0 0.905273 0.105469 0.033203 0.027344
0 0.101562 0.114258 0.050781 0.041016
0 0.515625 0.125977 0.042969 0.064453
0 0.807617 0.113281 0.044922 0.039062
0 0.026367 0.125000 0.021484 0.027344
0 0.405273 0.126953 0.037109 0.035156
0 0.251953 0.132812 0.035156 0.031250
0 0.872070 0.164062 0.068359 0.089844
0 0.559570 0.144531 0.033203 0.031250
0 0.754883 0.149414 0.037109 0.037109
0 0.806641 0.162109 0.050781 0.066406
0 0.952148 0.160156 0.052734 0.042969
0 0.058594 0.157227 0.039062 0.029297
0 0.702148 0.158203 0.025391 0.035156
0 0.359375 0.177734 0.039062 0.054688
0 0.595703 0.173828 0.035156 0.035156
0 0.011719 0.181641 0.023438 0.042969
0 0.425781 0.186523 0.074219 0.052734
0 0.905273 0.200195 0.041016 0.037109
0 0.225586 0.217773 0.048828 0.060547
0 0.500977 0.218750 0.072266 0.058594
0 0.695312 0.203125 0.046875 0.023438
0 0.606445 0.229492 0.041016 0.064453
0 0.647461 0.235352 0.044922 0.064453
0 0.274414 0.235352 0.033203 0.037109
0 0.894531 0.236328 0.046875 0.035156
0 0.036133 0.241211 0.037109 0.033203
0 0.457031 0.246094 0.070312 0.035156
0 0.941406 0.256836 0.050781 0.029297
0 0.042969 0.272461 0.054688 0.041016
0 0.714844 0.261719 0.031250 0.019531
0 0.986328 0.274414 0.027344 0.048828
0 0.278320 0.273438 0.033203 0.035156
0 0.513672 0.291016 0.050781 0.035156
0 0.610352 0.292969 0.048828 0.035156
0 0.094727 0.317383 0.052734 0.060547
0 0.945312 0.311523 0.058594 0.048828
0 0.561523 0.312500 0.041016 0.031250
0 0.751953 0.332031 0.039062 0.031250
0 0.386719 0.345703 0.062500 0.050781
0 0.009766 0.350586 0.019531 0.041016
0 0.058594 0.361328 0.031250 0.062500
0 0.154297 0.368164 0.042969 0.044922
0 0.491211 0.367188 0.072266 0.046875
0 0.893555 0.366211 0.041016 0.044922
0 0.198242 0.368164 0.037109 0.037109
0 0.693359 0.368164 0.031250 0.033203
0 0.085938 0.383789 0.035156 0.048828
0 0.841797 0.388672 0.074219 0.042969
0 0.469727 0.385742 0.037109 0.029297
0 0.564453 0.384766 0.031250 0.027344
0 0.388672 0.388672 0.027344 0.027344
0 0.437500 0.411133 0.023438 0.044922
0 0.522461 0.431641 0.052734 0.035156
0 0.483398 0.458008 0.064453 0.056641
0 0.054688 0.455078 0.027344 0.035156
0 0.221680 0.462891 0.076172 0.039062
0 0.103516 0.473633 0.039062 0.029297
0 0.145508 0.483398 0.044922 0.033203
0 0.956055 0.500000 0.029297 0.035156
0 0.601562 0.505859 0.039062 0.039062
0 0.260742 0.509766 0.041016 0.039062
0 0.658203 0.518555 0.046875 0.048828
0 0.709961 0.518555 0.033203 0.044922
0 0.127930 0.513672 0.017578 0.023438
0 0.481445 0.521484 0.037109 0.015625
0 0.515625 0.520508 0.019531 0.017578
0 0.538086 0.537109 0.029297 0.031250
0 0.103516 0.539062 0.039062 0.019531
0 0.497070 0.554688 0.048828 0.046875
0 0.976562 0.559570 0.035156 0.029297
0 0.572266 0.574219 0.046875 0.054688
0 0.631836 0.583984 0.056641 0.046875
0 0.085938 0.583008 0.035156 0.037109
0 0.811523 0.605469 0.052734 0.054688
0 0.966797 0.594727 0.023438 0.029297
0 0.118164 0.602539 0.037109 0.037109
0 0.335938 0.604492 0.039062 0.044922
0 0.179688 0.608398 0.031250 0.029297
0 0.069336 0.621094 0.029297 0.031250
0 0.099609 0.634766 0.019531 0.023438
0 0.421875 0.634766 0.027344 0.027344
0 0.502930 0.653320 0.033203 0.044922
0 0.307617 0.651367 0.037109 0.037109
0 0.266602 0.658203 0.041016 0.039062
0 0.893555 0.666016 0.041016 0.035156
0 0.340820 0.685547 0.052734 0.031250
0 0.144531 0.699219 0.039062 0.035156
0 0.524414 0.717773 0.044922 0.064453
0 0.752930 0.694336 0.091797 0.021484
0 0.931641 0.711914 0.074219 0.052734
0 0.612305 0.734375 0.044922 0.062500
0 0.319336 0.718750 0.017578 0.023438
0 0.106445 0.731445 0.033203 0.033203
0 0.848633 0.732422 0.041016 0.035156
0 0.987305 0.729492 0.021484 0.021484
0 0.465820 0.750977 0.033203 0.041016
0 0.876953 0.767578 0.031250 0.035156
0 0.261719 0.770508 0.039062 0.033203
0 0.809570 0.767578 0.029297 0.023438
0 0.537109 0.791992 0.039062 0.044922
0 0.760742 0.787109 0.029297 0.031250
0 0.695312 0.789062 0.046875 0.023438
0 0.073242 0.798828 0.021484 0.023438
0 0.584961 0.814453 0.052734 0.039062
0 0.833008 0.809570 0.041016 0.025391
0 0.231445 0.818359 0.025391 0.031250
0 0.935547 0.818359 0.058594 0.027344
0 0.074219 0.829102 0.035156 0.037109
0 0.686523 0.849609 0.029297 0.027344
0 0.883789 0.847656 0.033203 0.023438
0 0.926758 0.846680 0.033203 0.021484
0 0.024414 0.858398 0.029297 0.037109
0 0.643555 0.875977 0.044922 0.037109
0 0.435547 0.875977 0.035156 0.029297
0 0.688477 0.881836 0.041016 0.033203
0 0.147461 0.906250 0.044922 0.035156
0 0.275391 0.898438 0.023438 0.023438
0 0.401367 0.915039 0.044922 0.044922
0 0.788086 0.906250 0.033203 0.023438
0 0.930664 0.936523 0.048828 0.037109
0 0.807617 0.946289 0.041016 0.037109
0 0.735352 0.956055 0.037109 0.041016
0 0.432617 0.962891 0.044922 0.050781
0 0.208984 0.964844 0.062500 0.035156
0 0.695312 0.968750 0.031250 0.046875
0 0.116211 0.966797 0.037109 0.035156
0 0.898438 0.979492 0.050781 0.037109
0 0.020508 0.986328 0.037109 0.027344
0 0.382812 0.989258 0.035156 0.021484
0 0.517578 0.989258 0.035156 0.021484
0 0.615234 0.989258 0.039062 0.021484
0 0.350586 0.991211 0.017578 0.017578
0 0.753906 0.992188 0.042969 0.015625