0 0.686523 0.008789 0.041016 0.017578
0 0.732422 0.009766 0.035156 0.019531
0 0.799805 0.012695 0.037109 0.025391
0 0.893555 0.033203 0.029297 0.066406
0 0.745117 0.045898 0.052734 0.041016
0 0.636719 0.066406 0.054688 0.074219
0 0.681641 0.084961 0.027344 0.068359
0 0.935547 0.089844 0.035156 0.046875
0 0.822266 0.113281 0.042969 0.066406
0 0.577148 0.103516 0.044922 0.042969
0 0.900391 0.114258 0.054688 0.048828
0 0.872070 0.130859 0.029297 0.031250
0 0.630859 0.135742 0.035156 0.033203
0 0.584961 0.150391 0.025391 0.042969
0 0.939453 0.187500 0.070312 0.101562
0 0.789062 0.163086 0.042969 0.037109
0 0.974609 0.172852 0.031250 0.044922
0 0.711914 0.174805 0.029297 0.029297
0 0.865234 0.194336 0.066406 0.048828
0 0.559570 0.194336 0.029297 0.044922
0 0.591797 0.209961 0.031250 0.048828
0 0.810547 0.232422 0.039062 0.035156
0 0.566406 0.248047 0.042969 0.042969
0 0.758789 0.260742 0.060547 0.025391
0 0.599609 0.279297 0.035156 0.042969
0 0.660156 0.268555 0.039062 0.021484
0 0.473633 0.306641 0.076172 0.054688
0 0.369141 0.309570 0.023438 0.048828
0 0.639648 0.299805 0.037109 0.029297
0 0.831055 0.316406 0.029297 0.054688
0 0.896484 0.336914 0.046875 0.037109
0 0.954102 0.336914 0.029297 0.029297
0 0.629883 0.356445 0.083984 0.041016
0 0.371094 0.362305 0.023438 0.041016
0 0.847656 0.396484 0.031250 0.058594
0 0.552734 0.394531 0.035156 0.035156
0 0.424805 0.397461 0.033203 0.029297
0 0.468750 0.408203 0.031250 0.050781
0 0.586914 0.425781 0.041016 0.062500
0 0.789062 0.441406 0.031250 0.074219
0 0.760742 0.451172 0.021484 0.066406
0 0.949219 0.434570 0.035156 0.029297
0 0.716797 0.442383 0.039062 0.041016
0 0.893555 0.447266 0.025391 0.050781
0 0.380859 0.450195 0.027344 0.044922
0 0.432617 0.448242 0.048828 0.037109
0 0.652344 0.446289 0.027344 0.029297
0 0.838867 0.466797 0.037109 0.039062
0 0.676758 0.512695 0.056641 0.044922
0 0.728516 0.520508 0.039062 0.052734
0 0.573242 0.532227 0.025391 0.056641
0 0.990234 0.519531 0.019531 0.027344
0 0.609375 0.530273 0.035156 0.044922
0 0.449219 0.528320 0.031250 0.033203
0 0.799805 0.556641 0.041016 0.046875
0 0.697266 0.556641 0.039062 0.031250
0 0.922852 0.569336 0.048828 0.056641
0 0.458008 0.578125 0.033203 0.039062
0 0.526367 0.603516 0.025391 0.062500
0 0.364258 0.590820 0.025391 0.025391
0 0.582031 0.595703 0.015625 0.031250
0 0.372070 0.623047 0.029297 0.031250
0 0.966797 0.619141 0.023438 0.023438
0 0.819336 0.634766 0.033203 0.046875
0 0.689453 0.646484 0.039062 0.058594
0 0.471680 0.647461 0.033203 0.041016
0 0.890625 0.650391 0.035156 0.050781
0 0.421875 0.651367 0.042969 0.044922
0 0.375977 0.668945 0.044922 0.037109
0 0.485352 0.675781 0.033203 0.042969
0 0.870117 0.684570 0.052734 0.041016
0 0.746094 0.704102 0.039062 0.072266
0 0.390625 0.707031 0.039062 0.042969
0 0.531250 0.699219 0.050781 0.031250
0 0.596680 0.710938 0.037109 0.042969
0 0.486328 0.729492 0.035156 0.037109
0 0.707031 0.745117 0.035156 0.068359
0 0.882812 0.727539 0.066406 0.029297
0 0.977539 0.744141 0.037109 0.039062
0 0.616211 0.788086 0.041016 0.056641
0 0.355469 0.791016 0.011719 0.046875
0 0.931641 0.796875 0.031250 0.042969
0 0.682617 0.836914 0.048828 0.056641
0 0.795898 0.822266 0.060547 0.027344
0 0.913086 0.827148 0.033203 0.025391
0 0.416016 0.834961 0.039062 0.029297
0 0.987305 0.834961 0.021484 0.029297
0 0.846680 0.850586 0.044922 0.041016
0 0.722656 0.851562 0.035156 0.035156
0 0.616211 0.866211 0.041016 0.037109
0 0.513672 0.864258 0.046875 0.025391
0 0.451172 0.875000 0.050781 0.039062
0 0.890625 0.876953 0.039062 0.035156
0 0.338867 0.883789 0.041016 0.033203
0 0.959961 0.891602 0.013672 0.029297
0 0.611328 0.907227 0.039062 0.041016
0 0.409180 0.928711 0.025391 0.060547
0 0.810547 0.935547 0.066406 0.066406
0 0.923828 0.931641 0.050781 0.054688
0 0.856445 0.931641 0.029297 0.039062
0 0.641602 0.942383 0.048828 0.037109
0 0.748047 0.961914 0.050781 0.041016
0 0.338867 0.967773 0.037109 0.041016
0 0.393555 0.982422 0.048828 0.035156
0 0.605469 0.992188 0.027344 0.015625