0 0.123047 0.017578 0.027344 0.035156
0 0.582031 0.012695 0.027344 0.025391
0 0.678711 0.011719 0.029297 0.023438
0 0.829102 0.012695 0.041016 0.025391
0 0.208984 0.023438 0.035156 0.035156
0 0.171875 0.026367 0.031250 0.037109
0 0.811523 0.032227 0.041016 0.033203
0 0.478516 0.052734 0.035156 0.039062
0 0.229492 0.058594 0.029297 0.039062
0 0.669922 0.060547 0.035156 0.039062
0 0.897461 0.076172 0.044922 0.070312
0 0.192383 0.063477 0.029297 0.037109
0 0.784180 0.074219 0.033203 0.035156
0 0.377930 0.092773 0.033203 0.041016
0 0.545898 0.094727 0.041016 0.048828
0 0.584961 0.098633 0.025391 0.037109
0 0.118164 0.102539 0.052734 0.037109
0 0.969727 0.104492 0.037109 0.033203
0 0.864258 0.104492 0.029297 0.029297
0 0.821289 0.111328 0.044922 0.035156
0 0.640625 0.120117 0.039062 0.041016
0 0.934570 0.135742 0.037109 0.052734
0 0.203125 0.153320 0.054688 0.068359
0 0.050781 0.156250 0.039062 0.050781
0 0.842773 0.165039 0.044922 0.033203
0 0.377930 0.173828 0.029297 0.031250
0 0.089844 0.180664 0.042969 0.037109
0 0.261719 0.177734 0.035156 0.031250
0 0.732422 0.178711 0.039062 0.037109
0 0.932617 0.184570 0.033203 0.029297
0 0.666016 0.197266 0.031250 0.031250
0 0.156250 0.198242 0.023438 0.029297
0 0.056641 0.201172 0.023438 0.015625
0 0.282227 0.221680 0.033203 0.041016
0 0.390625 0.224609 0.031250 0.035156
0 0.018555 0.246094 0.037109 0.042969
0 0.618164 0.252930 0.033203 0.029297
0 0.660156 0.259766 0.031250 0.035156
0 0.278320 0.260742 0.029297 0.025391
0 0.020508 0.290039 0.041016 0.044922
0 0.090820 0.286133 0.044922 0.041016
0 0.593750 0.287109 0.042969 0.031250
0 0.208008 0.318359 0.044922 0.027344
0 0.611328 0.334961 0.058594 0.052734
0 0.136719 0.328125 0.039062 0.031250
0 0.974609 0.331055 0.042969 0.033203
0 0.030273 0.370117 0.037109 0.041016
0 0.768555 0.369141 0.033203 0.027344
0 0.491211 0.383789 0.029297 0.033203
0 0.897461 0.398438 0.048828 0.062500
0 0.670898 0.396484 0.041016 0.046875
0 0.849609 0.405273 0.042969 0.044922
0 0.980469 0.409180 0.039062 0.044922
0 0.406250 0.414062 0.035156 0.042969
0 0.208984 0.408203 0.035156 0.027344
0 0.931641 0.406250 0.015625 0.023438
0 0.083984 0.427734 0.046875 0.031250
0 0.797852 0.431641 0.041016 0.042969
0 0.166992 0.444336 0.037109 0.048828
0 0.564453 0.439453 0.031250 0.031250
0 0.136719 0.448242 0.035156 0.037109
0 0.196289 0.451172 0.041016 0.042969
0 0.402344 0.462891 0.035156 0.031250
0 0.073242 0.479492 0.044922 0.044922
0 0.272461 0.488281 0.037109 0.054688
0 0.855469 0.480469 0.054688 0.031250
0 0.014648 0.515625 0.029297 0.050781
0 0.767578 0.514648 0.042969 0.033203
0 0.815430 0.527344 0.048828 0.031250
0 0.986328 0.525391 0.027344 0.027344
0 0.425781 0.557617 0.031250 0.072266
0 0.838867 0.553711 0.029297 0.029297
0 0.775391 0.556641 0.054688 0.023438
0 0.005859 0.564453 0.011719 0.019531
0 0.863281 0.576172 0.035156 0.039062
0 0.307617 0.578125 0.025391 0.035156
0 0.833984 0.590820 0.019531 0.025391
0 0.859375 0.621094 0.031250 0.035156
0 0.007812 0.627930 0.015625 0.041016
0 0.522461 0.633789 0.033203 0.048828
0 0.729492 0.631836 0.048828 0.041016
0 0.976562 0.640625 0.046875 0.050781
0 0.315430 0.638672 0.033203 0.035156
0 0.743164 0.673828 0.041016 0.046875
0 0.706055 0.677734 0.033203 0.050781
0 0.606445 0.672852 0.029297 0.033203
0 0.283203 0.679688 0.035156 0.031250
0 0.041992 0.694336 0.044922 0.052734
0 0.309570 0.726562 0.037109 0.046875
0 0.102539 0.734375 0.044922 0.042969
0 0.020508 0.749023 0.037109 0.033203
0 0.501953 0.747070 0.027344 0.033203
0 0.158203 0.758789 0.039062 0.037109
0 0.052734 0.767578 0.046875 0.039062
0 0.937500 0.771484 0.039062 0.050781
0 0.517578 0.771484 0.023438 0.027344
0 0.092773 0.778320 0.041016 0.033203
0 0.166992 0.790039 0.056641 0.021484
0 0.451172 0.802734 0.027344 0.031250
0 0.202148 0.810547 0.037109 0.042969
0 0.119141 0.816406 0.031250 0.031250
0 0.160156 0.819336 0.039062 0.033203
0 0.403320 0.827148 0.037109 0.041016
0 0.700195 0.826172 0.041016 0.035156
0 0.430664 0.903320 0.037109 0.091797
0 0.040039 0.875000 0.052734 0.031250
0 0.932617 0.875977 0.048828 0.029297
0 0.146484 0.892578 0.039062 0.019531
0 0.348633 0.913086 0.021484 0.052734
0 0.668945 0.914062 0.052734 0.050781
0 0.019531 0.914062 0.039062 0.035156
0 0.191406 0.933594 0.042969 0.039062
0 0.258789 0.939453 0.033203 0.023438
0 0.078125 0.961914 0.035156 0.033203
0 0.132812 0.963867 0.019531 0.021484
0 0.190430 0.973633 0.072266 0.041016
0 0.015625 0.980469 0.031250 0.039062