0 0.271484 0.014648 0.039062 0.029297
0 0.341797 0.027344 0.101562 0.054688
0 0.882812 0.018555 0.054688 0.037109
0 0.078125 0.020508 0.070312 0.033203
0 0.010742 0.027344 0.021484 0.035156
0 0.448242 0.043945 0.048828 0.060547
0 0.127930 0.059570 0.041016 0.048828
0 0.209961 0.048828 0.025391 0.027344
0 0.703125 0.074219 0.097656 0.066406
0 0.050781 0.073242 0.031250 0.033203
0 0.208984 0.084961 0.023438 0.033203
0 0.548828 0.169922 0.093750 0.132812
0 0.140625 0.149414 0.046875 0.056641
0 0.845703 0.155273 0.066406 0.068359
0 0.036133 0.151367 0.044922 0.044922
0 0.282227 0.158203 0.064453 0.058594
0 0.665039 0.155273 0.076172 0.052734
0 0.217773 0.182617 0.056641 0.076172
0 0.305664 0.195312 0.037109 0.035156
0 0.007812 0.212891 0.015625 0.031250
0 0.179688 0.220703 0.039062 0.035156
0 0.098633 0.225586 0.041016 0.033203
0 0.428711 0.274414 0.115234 0.130859
0 0.138672 0.257812 0.042969 0.046875
0 0.084961 0.266602 0.041016 0.048828
0 0.224609 0.283203 0.054688 0.074219
0 0.284180 0.293945 0.068359 0.080078
0 0.596680 0.309570 0.064453 0.072266
0 0.082031 0.325195 0.039062 0.041016
0 0.116211 0.347656 0.041016 0.042969
0 0.668945 0.359375 0.029297 0.050781
0 0.810547 0.384766 0.074219 0.078125
0 0.383789 0.385742 0.044922 0.056641
0 0.080078 0.380859 0.046875 0.039062
0 0.563477 0.375000 0.037109 0.031250
0 0.454102 0.392578 0.044922 0.046875
0 0.634766 0.421875 0.085938 0.093750
0 0.161133 0.420898 0.044922 0.033203
0 0.050781 0.448242 0.054688 0.064453
0 0.121094 0.447266 0.062500 0.062500
0 0.488281 0.444336 0.050781 0.052734
0 0.366211 0.470703 0.064453 0.066406
0 0.429688 0.467773 0.078125 0.060547
0 0.276367 0.475586 0.060547 0.056641
0 0.089844 0.486328 0.042969 0.035156
0 0.588867 0.491211 0.056641 0.037109
0 0.873047 0.500000 0.054688 0.054688
0 0.174805 0.511719 0.044922 0.046875
0 0.051758 0.519531 0.041016 0.050781
0 0.599609 0.517578 0.023438 0.031250
0 0.276367 0.530273 0.041016 0.048828
0 0.092773 0.543945 0.041016 0.048828
0 0.464844 0.540039 0.035156 0.025391
0 0.225586 0.571289 0.044922 0.060547
0 0.967773 0.609375 0.064453 0.128906
0 0.394531 0.568359 0.070312 0.039062
0 0.596680 0.567383 0.033203 0.041016
0 0.324219 0.578125 0.042969 0.042969
0 0.830078 0.601562 0.136719 0.074219
0 0.102539 0.594727 0.037109 0.041016
0 0.166016 0.607422 0.050781 0.042969
0 0.430664 0.607422 0.029297 0.031250
0 0.379883 0.623047 0.033203 0.042969
0 0.550781 0.642578 0.039062 0.074219
0 0.496094 0.629883 0.050781 0.041016
0 0.336914 0.643555 0.052734 0.048828
0 0.891602 0.670898 0.072266 0.087891
0 0.190430 0.662109 0.037109 0.042969
0 0.075195 0.668945 0.037109 0.044922
0 0.011719 0.676758 0.023438 0.021484
0 0.250977 0.698242 0.048828 0.056641
0 0.920898 0.695312 0.060547 0.050781
0 0.622070 0.690430 0.037109 0.037109
0 0.348633 0.698242 0.041016 0.041016
0 0.457031 0.708984 0.050781 0.058594
0 0.552734 0.706055 0.042969 0.033203
0 0.802734 0.703125 0.074219 0.031250
0 0.657227 0.716797 0.056641 0.039062
0 0.103516 0.718750 0.046875 0.035156
0 0.720703 0.720703 0.039062 0.042969
0 0.425781 0.741211 0.031250 0.052734
0 0.498047 0.749023 0.062500 0.048828
0 0.558594 0.742188 0.039062 0.035156
0 0.195312 0.750000 0.042969 0.042969
0 0.278320 0.756836 0.052734 0.048828
0 0.323242 0.756836 0.033203 0.041016
0 0.375977 0.758789 0.037109 0.044922
0 0.128906 0.767578 0.031250 0.039062
0 0.840820 0.779297 0.041016 0.066406
0 0.721680 0.784180 0.052734 0.048828
0 0.185547 0.783203 0.050781 0.027344
0 0.330078 0.804688 0.042969 0.042969
0 0.453125 0.808594 0.039062 0.046875
0 0.600586 0.806641 0.041016 0.039062
0 0.787109 0.819336 0.050781 0.064453
0 0.162109 0.811523 0.070312 0.033203
0 0.717773 0.835938 0.052734 0.066406
0 0.991211 0.852539 0.017578 0.103516
0 0.300781 0.830078 0.062500 0.042969
0 0.622070 0.838867 0.068359 0.052734
0 0.550781 0.838867 0.046875 0.044922
0 0.667969 0.858398 0.058594 0.056641
0 0.288086 0.866211 0.083984 0.048828
0 0.845703 0.888672 0.054688 0.089844
0 0.562500 0.875977 0.042969 0.025391
0 0.712891 0.898438 0.039062 0.039062
0 0.787109 0.904297 0.042969 0.046875
0 0.603516 0.893555 0.046875 0.021484
0 0.013672 0.908203 0.027344 0.042969
0 0.460938 0.915039 0.054688 0.044922
0 0.116211 0.929688 0.041016 0.039062
0 0.266602 0.933594 0.048828 0.046875
0 0.899414 0.938477 0.033203 0.029297
0 0.984375 0.958008 0.031250 0.060547
0 0.185547 0.954102 0.046875 0.041016
0 0.752930 0.951172 0.076172 0.035156
0 0.525391 0.963867 0.027344 0.048828
0 0.252930 0.977539 0.048828 0.037109
0 0.071289 0.975586 0.044922 0.029297
0 0.723633 0.983398 0.083984 0.033203
0 0.833008 0.983398 0.083984 0.033203
0 0.900391 0.988281 0.046875 0.023438
0 0.117188 0.990234 0.042969 0.019531