0 0.231445 0.030273 0.068359 0.060547
0 0.531250 0.024414 0.058594 0.048828
0 0.975586 0.022461 0.048828 0.044922
0 0.671875 0.042969 0.062500 0.078125
0 0.754883 0.037109 0.056641 0.054688
0 0.167969 0.059570 0.066406 0.072266
0 0.594727 0.054688 0.041016 0.062500
0 0.110352 0.067383 0.041016 0.056641
0 0.494141 0.073242 0.039062 0.033203
0 0.649414 0.093750 0.056641 0.062500
0 0.386719 0.094727 0.062500 0.048828
0 0.836914 0.098633 0.044922 0.052734
0 0.282227 0.114258 0.091797 0.080078
0 0.665039 0.150391 0.068359 0.078125
0 0.008789 0.134766 0.017578 0.031250
0 0.889648 0.152344 0.044922 0.039062
0 0.976562 0.157227 0.046875 0.037109
0 0.799805 0.192383 0.060547 0.087891
0 0.065430 0.170898 0.048828 0.037109
0 0.174805 0.171875 0.033203 0.035156
0 0.020508 0.173828 0.033203 0.035156
0 0.328125 0.206055 0.070312 0.099609
0 0.464844 0.205078 0.035156 0.042969
0 0.708008 0.213867 0.060547 0.041016
0 0.025391 0.216797 0.046875 0.042969
0 0.280273 0.226562 0.033203 0.042969
0 0.865234 0.248047 0.054688 0.062500
0 0.010742 0.242188 0.021484 0.027344
0 0.530273 0.263672 0.064453 0.062500
0 0.144531 0.280273 0.042969 0.056641
0 0.973633 0.291016 0.052734 0.058594
0 0.004883 0.313477 0.009766 0.068359
0 0.571289 0.294922 0.041016 0.031250
0 0.036133 0.305664 0.037109 0.048828
0 0.467773 0.338867 0.044922 0.103516
0 0.703125 0.332031 0.085938 0.089844
0 0.526367 0.349609 0.064453 0.046875
0 0.357422 0.398438 0.074219 0.128906
0 0.138672 0.374023 0.023438 0.060547
0 0.200195 0.360352 0.041016 0.033203
0 0.043945 0.375000 0.037109 0.039062
0 0.103516 0.378906 0.035156 0.035156
0 0.572266 0.412109 0.050781 0.074219
0 0.443359 0.416016 0.039062 0.046875
0 0.902344 0.422852 0.042969 0.064453
0 0.084961 0.416016 0.041016 0.031250
0 0.030273 0.441406 0.052734 0.058594
0 0.389648 0.468750 0.076172 0.089844
0 0.704102 0.461914 0.068359 0.076172
0 0.092773 0.456055 0.037109 0.033203
0 0.224609 0.473633 0.023438 0.068359
0 0.568359 0.471680 0.050781 0.048828
0 0.619141 0.489258 0.035156 0.083984
0 0.654297 0.492188 0.054688 0.089844
0 0.971680 0.498047 0.056641 0.101562
0 0.902344 0.486328 0.042969 0.039062
0 0.021484 0.492188 0.031250 0.031250
0 0.430664 0.512695 0.080078 0.068359
0 0.562500 0.522461 0.066406 0.044922
0 0.125977 0.531250 0.025391 0.054688
0 0.750000 0.543945 0.050781 0.072266
0 0.006836 0.540039 0.013672 0.033203
0 0.061523 0.541992 0.037109 0.037109
0 0.820312 0.567383 0.082031 0.076172
0 0.342773 0.551758 0.029297 0.033203
0 0.966797 0.584961 0.066406 0.095703
0 0.518555 0.578125 0.064453 0.066406
0 0.039062 0.568359 0.054688 0.042969
0 0.249023 0.565430 0.037109 0.037109
0 0.428711 0.577148 0.044922 0.037109
0 0.216797 0.607422 0.050781 0.031250
0 0.922852 0.636719 0.060547 0.074219
0 0.445312 0.633789 0.066406 0.064453
0 0.831055 0.644531 0.064453 0.082031
0 0.234375 0.635742 0.031250 0.025391
0 0.195312 0.642578 0.031250 0.035156
0 0.281250 0.641602 0.035156 0.029297
0 0.134766 0.647461 0.039062 0.037109
0 0.611328 0.664062 0.062500 0.066406
0 0.251953 0.652344 0.031250 0.031250
0 0.977539 0.665039 0.044922 0.056641
0 0.019531 0.669922 0.039062 0.039062
0 0.218750 0.666016 0.031250 0.027344
0 0.777344 0.685547 0.062500 0.054688
0 0.864258 0.709961 0.099609 0.080078
0 0.412109 0.711914 0.042969 0.080078
0 0.193359 0.688477 0.039062 0.025391
0 0.728516 0.716797 0.066406 0.082031
0 0.264648 0.706055 0.044922 0.044922
0 0.104492 0.710938 0.041016 0.039062
0 0.178711 0.711914 0.044922 0.029297
0 0.608398 0.734375 0.048828 0.042969
0 0.922852 0.759766 0.064453 0.070312
0 0.138672 0.743164 0.042969 0.029297
0 0.290039 0.749023 0.033203 0.041016
0 0.354492 0.747070 0.025391 0.029297
0 0.015625 0.764648 0.031250 0.033203
0 0.175781 0.770508 0.042969 0.037109
0 0.679688 0.798828 0.046875 0.082031
0 0.069336 0.783203 0.041016 0.035156
0 0.233398 0.797852 0.041016 0.064453
0 0.991211 0.805664 0.017578 0.056641
0 0.113281 0.798828 0.039062 0.031250
0 0.801758 0.796875 0.056641 0.031250
0 0.177734 0.803711 0.039062 0.029297
0 0.132812 0.824219 0.039062 0.027344
0 0.520508 0.828125 0.029297 0.035156
0 0.287109 0.835938 0.023438 0.042969
0 0.379883 0.843750 0.037109 0.050781
0 0.604492 0.862305 0.068359 0.080078
0 0.315430 0.855469 0.025391 0.050781
0 0.548828 0.856445 0.039062 0.056641
0 0.723633 0.862305 0.056641 0.068359
0 0.163086 0.862305 0.056641 0.033203
0 0.906250 0.873047 0.031250 0.039062
0 0.291016 0.870117 0.019531 0.029297
0 0.015625 0.883789 0.031250 0.041016
0 0.052734 0.880859 0.031250 0.031250
0 0.095703 0.895508 0.039062 0.037109
0 0.196289 0.910156 0.041016 0.058594
0 0.451172 0.933594 0.066406 0.070312
0 0.789062 0.950195 0.054688 0.083984
0 0.353516 0.946289 0.023438 0.052734
0 0.635742 0.958984 0.076172 0.074219
0 0.292969 0.943359 0.023438 0.027344
0 0.551758 0.966797 0.064453 0.066406
0 0.211914 0.969727 0.064453 0.060547
0 0.250000 0.955078 0.031250 0.031250
0 0.114258 0.984375 0.044922 0.031250
0 0.286133 0.986328 0.025391 0.027344
0 0.877930 0.991211 0.044922 0.017578