0 0.524414 0.027344 0.041016 0.042969
0 0.718750 0.050781 0.078125 0.078125
0 0.622070 0.052734 0.060547 0.070312
0 0.915039 0.052734 0.041016 0.070312
0 0.949219 0.041016 0.031250 0.035156
0 0.459961 0.069336 0.052734 0.052734
0 0.990234 0.086914 0.019531 0.064453
0 0.377930 0.107422 0.083984 0.058594
0 0.483398 0.125977 0.091797 0.041016
0 0.868164 0.128906 0.048828 0.039062
0 0.165039 0.144531 0.052734 0.050781
0 0.955078 0.161133 0.070312 0.052734
0 0.994141 0.147461 0.011719 0.029297
0 0.029297 0.179688 0.058594 0.082031
0 0.398438 0.172852 0.121094 0.060547
0 0.880859 0.185547 0.042969 0.039062
0 0.743164 0.191406 0.064453 0.035156
0 0.620117 0.212891 0.068359 0.046875
0 0.994141 0.221680 0.011719 0.025391
0 0.274414 0.257812 0.037109 0.042969
0 0.454102 0.256836 0.044922 0.041016
0 0.991211 0.251953 0.017578 0.019531
0 0.041016 0.279297 0.050781 0.062500
0 0.217773 0.291992 0.044922 0.056641
0 0.933594 0.281250 0.050781 0.035156
0 0.518555 0.288086 0.033203 0.033203
0 0.841797 0.301758 0.136719 0.064453
0 0.603516 0.300781 0.082031 0.054688
0 0.296875 0.292969 0.019531 0.023438
0 0.100586 0.330078 0.033203 0.039062
0 0.689453 0.376953 0.089844 0.121094
0 0.972656 0.347656 0.054688 0.054688
0 0.287109 0.393555 0.058594 0.123047
0 0.181641 0.365234 0.046875 0.046875
0 0.904297 0.381836 0.097656 0.076172
0 0.386719 0.442383 0.058594 0.072266
0 0.834961 0.462891 0.044922 0.046875
0 0.771484 0.488281 0.023438 0.046875
0 0.512695 0.508789 0.107422 0.080078
0 0.918945 0.506836 0.056641 0.048828
0 0.839844 0.556641 0.035156 0.031250
0 0.705078 0.583984 0.101562 0.066406
0 0.076172 0.589844 0.042969 0.062500
0 0.962891 0.585938 0.074219 0.050781
0 0.793945 0.592773 0.041016 0.041016
0 0.399414 0.601562 0.044922 0.039062
0 0.672852 0.611328 0.076172 0.054688
0 0.523438 0.640625 0.039062 0.058594
0 0.191406 0.644531 0.054688 0.042969
0 0.007812 0.649414 0.015625 0.037109
0 0.669922 0.651367 0.062500 0.037109
0 0.082031 0.685547 0.105469 0.078125
0 0.232422 0.733398 0.097656 0.099609
0 0.021484 0.730469 0.042969 0.078125
0 0.951172 0.738281 0.097656 0.074219
0 0.875977 0.739258 0.033203 0.048828
0 0.773438 0.771484 0.082031 0.078125
0 0.900391 0.800781 0.070312 0.082031
0 0.457031 0.817383 0.058594 0.052734
0 0.192383 0.826172 0.041016 0.035156
0 0.396484 0.841797 0.054688 0.062500
0 0.859375 0.837891 0.101562 0.054688
0 0.194336 0.898438 0.083984 0.050781
0 0.906250 0.900391 0.089844 0.058594
0 0.797852 0.930664 0.091797 0.107422
0 0.541016 0.906250 0.027344 0.031250
0 0.649414 0.942383 0.099609 0.103516
0 0.493164 0.917969 0.068359 0.046875
0 0.281250 0.965820 0.046875 0.068359
0 0.091797 0.967773 0.078125 0.056641
0 0.250977 0.968750 0.056641 0.062500
0 0.599609 0.974609 0.066406 0.050781
0 0.411133 0.977539 0.091797 0.044922
0 0.541992 0.984375 0.072266 0.031250