0 0.351562 0.007812 0.050781 0.015625
0 0.865234 0.030273 0.066406 0.056641
0 0.082031 0.029297 0.062500 0.035156
0 0.315430 0.054688 0.080078 0.050781
0 0.478516 0.048828 0.074219 0.035156
0 0.833008 0.070312 0.072266 0.042969
0 0.743164 0.095703 0.060547 0.054688
0 0.057617 0.091797 0.044922 0.042969
0 0.149414 0.101562 0.048828 0.039062
0 0.596680 0.120117 0.056641 0.068359
0 0.649414 0.101562 0.021484 0.027344
0 0.799805 0.147461 0.060547 0.056641
0 0.084961 0.145508 0.041016 0.037109
0 0.697266 0.160156 0.074219 0.046875
0 0.517578 0.166016 0.035156 0.031250
0 0.051758 0.183594 0.072266 0.046875
0 0.103516 0.213867 0.054688 0.056641
0 0.007812 0.206055 0.015625 0.029297
0 0.484375 0.199219 0.023438 0.015625
0 0.786133 0.216797 0.060547 0.042969
0 0.181641 0.238281 0.085938 0.066406
0 0.703125 0.230469 0.058594 0.050781
0 0.276367 0.244141 0.060547 0.046875
0 0.415039 0.282227 0.060547 0.056641
0 0.531250 0.297852 0.031250 0.060547
0 0.603516 0.298828 0.050781 0.054688
0 0.234375 0.298828 0.078125 0.050781
0 0.919922 0.316406 0.058594 0.054688
0 0.864258 0.316406 0.048828 0.042969
0 0.466797 0.341797 0.074219 0.058594
0 0.190430 0.357422 0.048828 0.066406
0 0.676758 0.343750 0.068359 0.039062
0 0.090820 0.385742 0.037109 0.076172
0 0.841797 0.380859 0.093750 0.054688
0 0.352539 0.399414 0.037109 0.052734
0 0.428711 0.393555 0.041016 0.033203
0 0.456055 0.428711 0.044922 0.041016
0 0.292969 0.434570 0.042969 0.048828
0 0.381836 0.469727 0.064453 0.060547
0 0.970703 0.468750 0.054688 0.062500
0 0.878906 0.485352 0.082031 0.068359
0 0.645508 0.506836 0.056641 0.060547
0 0.721680 0.521484 0.056641 0.054688
0 0.309570 0.526367 0.080078 0.048828
0 0.470703 0.541992 0.066406 0.052734
0 0.811523 0.541016 0.072266 0.050781
0 0.526367 0.583984 0.103516 0.093750
0 0.869141 0.563477 0.054688 0.044922
0 0.271484 0.573242 0.042969 0.052734
0 0.410156 0.570312 0.046875 0.046875
0 0.603516 0.587891 0.058594 0.062500
0 0.948242 0.623047 0.056641 0.050781
0 0.522461 0.631836 0.052734 0.044922
0 0.392578 0.643555 0.058594 0.052734
0 0.718750 0.679688 0.109375 0.070312
0 0.192383 0.705078 0.029297 0.031250
0 0.540039 0.723633 0.048828 0.052734
0 0.842773 0.729492 0.056641 0.068359
0 0.907227 0.752930 0.056641 0.064453
0 0.600586 0.793945 0.060547 0.064453
0 0.680664 0.835938 0.044922 0.085938
0 0.716797 0.823242 0.039062 0.056641
0 0.819336 0.821289 0.052734 0.052734
0 0.380859 0.850586 0.042969 0.033203
0 0.738281 0.890625 0.058594 0.066406
0 0.961914 0.896484 0.044922 0.058594
0 0.441406 0.896484 0.031250 0.039062
0 0.831055 0.903320 0.048828 0.048828
0 0.178711 0.914062 0.048828 0.035156
0 0.872070 0.941406 0.080078 0.050781
0 0.919922 0.976562 0.066406 0.046875