0 0.918945 0.048828 0.044922 0.054688
0 0.520508 0.073242 0.044922 0.060547
0 0.602539 0.059570 0.033203 0.029297
0 0.870117 0.104492 0.056641 0.076172
0 0.579102 0.099609 0.037109 0.035156
0 0.652344 0.155273 0.046875 0.037109
0 0.500977 0.180664 0.052734 0.037109
0 0.860352 0.204102 0.064453 0.072266
0 0.024414 0.310547 0.048828 0.066406
0 0.373047 0.379883 0.082031 0.029297
0 0.039062 0.425781 0.078125 0.066406
0 0.572266 0.406250 0.035156 0.027344
0 0.729492 0.487305 0.052734 0.064453
0 0.094727 0.486328 0.064453 0.054688
0 0.651367 0.511719 0.103516 0.070312
0 0.165039 0.498047 0.025391 0.019531
0 0.691406 0.530273 0.101562 0.044922
0 0.201172 0.561523 0.062500 0.076172
0 0.019531 0.579102 0.039062 0.083984
0 0.798828 0.576172 0.089844 0.082031
0 0.336914 0.592773 0.064453 0.072266
0 0.625977 0.603516 0.083984 0.078125
0 0.497070 0.614258 0.095703 0.080078
0 0.403320 0.654297 0.068359 0.066406
0 0.536133 0.686523 0.130859 0.076172
0 0.669922 0.696289 0.066406 0.056641
0 0.060547 0.727539 0.062500 0.076172
0 0.611328 0.744141 0.074219 0.078125
0 0.232422 0.761719 0.062500 0.093750
0 0.395508 0.752930 0.056641 0.072266
0 0.980469 0.753906 0.031250 0.042969
0 0.678711 0.791016 0.087891 0.085938
0 0.022461 0.789062 0.044922 0.066406
0 0.565430 0.820312 0.052734 0.074219
0 0.277344 0.848633 0.058594 0.072266
0 0.714844 0.871094 0.074219 0.058594
0 0.491211 0.924805 0.076172 0.076172
0 0.739258 0.942383 0.068359 0.064453
0 0.153320 0.948242 0.052734 0.064453
0 0.064453 0.951172 0.058594 0.062500
0 0.219727 0.951172 0.033203 0.027344
0 0.345703 0.968750 0.082031 0.062500
0 0.697266 0.974609 0.089844 0.050781