0 0.397461 0.022461 0.033203 0.033203
0 0.196289 0.036133 0.041016 0.044922
0 0.714844 0.030273 0.027344 0.029297
0 0.832031 0.040039 0.042969 0.044922
0 0.994141 0.041016 0.011719 0.050781
0 0.076172 0.055664 0.042969 0.041016
0 0.229492 0.099609 0.041016 0.031250
0 0.163086 0.111328 0.041016 0.046875
0 0.969727 0.108398 0.033203 0.029297
0 0.816406 0.144531 0.050781 0.039062
0 0.484375 0.169922 0.070312 0.070312
0 0.553711 0.170898 0.064453 0.044922
0 0.632812 0.197266 0.042969 0.027344
0 0.559570 0.236328 0.072266 0.058594
0 0.745117 0.277344 0.044922 0.058594
0 0.126953 0.317383 0.046875 0.048828
0 0.643555 0.327148 0.044922 0.060547
0 0.423828 0.341797 0.062500 0.039062
0 0.217773 0.349609 0.060547 0.046875
0 0.606445 0.342773 0.029297 0.033203
0 0.288086 0.352539 0.056641 0.037109
0 0.063477 0.400391 0.029297 0.046875
0 0.115234 0.404297 0.046875 0.039062
0 0.473633 0.406250 0.037109 0.042969
0 0.561523 0.404297 0.041016 0.039062
0 0.936523 0.417969 0.041016 0.039062
0 0.622070 0.429688 0.029297 0.031250
0 0.570312 0.447266 0.050781 0.039062
0 0.143555 0.458008 0.029297 0.048828
0 0.230469 0.472656 0.082031 0.066406
0 0.639648 0.466797 0.041016 0.031250
0 0.735352 0.485352 0.037109 0.041016
0 0.335938 0.514648 0.070312 0.060547
0 0.232422 0.550781 0.078125 0.070312
0 0.148438 0.575195 0.074219 0.072266
0 0.382812 0.565430 0.046875 0.037109
0 0.698242 0.627930 0.037109 0.041016
0 0.362305 0.671875 0.052734 0.054688
0 0.618164 0.695312 0.068359 0.078125
0 0.693359 0.734375 0.054688 0.062500
0 0.379883 0.724609 0.060547 0.031250
0 0.341797 0.769531 0.042969 0.054688
0 0.422852 0.768555 0.033203 0.052734
0 0.032227 0.772461 0.037109 0.041016
0 0.625000 0.791016 0.050781 0.039062
0 0.559570 0.819336 0.037109 0.056641
0 0.708984 0.799805 0.039062 0.021484
0 0.064453 0.822266 0.070312 0.046875
0 0.416992 0.851562 0.056641 0.062500
0 0.714844 0.870117 0.042969 0.072266
0 0.933594 0.844727 0.031250 0.021484
0 0.615234 0.882812 0.078125 0.082031
0 0.241211 0.882812 0.076172 0.058594
0 0.084961 0.908203 0.041016 0.062500
0 0.895508 0.935547 0.056641 0.074219
0 0.215820 0.942383 0.037109 0.048828
0 0.559570 0.946289 0.076172 0.056641
0 0.666992 0.979492 0.072266 0.041016
0 0.252930 0.982422 0.041016 0.035156