0 0.693359 0.024414 0.042969 0.037109
0 0.253906 0.024414 0.027344 0.033203
0 0.320312 0.048828 0.046875 0.031250
0 0.191406 0.133789 0.035156 0.037109
0 0.477539 0.140625 0.044922 0.031250
0 0.130859 0.164062 0.031250 0.027344
0 0.515625 0.183594 0.042969 0.039062
0 0.759766 0.205078 0.074219 0.050781
0 0.654297 0.265625 0.031250 0.027344
0 0.324219 0.287109 0.039062 0.042969
0 0.612305 0.282227 0.029297 0.025391
0 0.589844 0.307617 0.027344 0.037109
0 0.880859 0.314453 0.050781 0.039062
0 0.536133 0.331055 0.033203 0.025391
0 0.503906 0.357422 0.031250 0.039062
0 0.636719 0.365234 0.050781 0.050781
0 0.737305 0.372070 0.044922 0.029297
0 0.457031 0.375000 0.035156 0.031250
0 0.791016 0.390625 0.050781 0.035156
0 0.613281 0.414062 0.035156 0.054688
0 0.253906 0.427734 0.027344 0.023438
0 0.310547 0.432617 0.039062 0.033203
0 0.874023 0.458008 0.033203 0.041016
0 0.706055 0.462891 0.037109 0.042969
0 0.819336 0.458984 0.029297 0.031250
0 0.262695 0.464844 0.021484 0.023438
0 0.625977 0.480469 0.041016 0.042969
0 0.580078 0.490234 0.046875 0.046875
0 0.297852 0.497070 0.041016 0.056641
0 0.524414 0.495117 0.041016 0.033203
0 0.807617 0.500000 0.029297 0.042969
0 0.740234 0.520508 0.023438 0.029297
0 0.762695 0.526367 0.029297 0.025391
0 0.626953 0.532227 0.039062 0.033203
0 0.680664 0.535156 0.044922 0.035156
0 0.372070 0.557617 0.052734 0.060547
0 0.837891 0.555664 0.054688 0.033203
0 0.788086 0.558594 0.029297 0.031250
0 0.639648 0.596680 0.044922 0.041016
0 0.756836 0.594727 0.037109 0.037109
0 0.940430 0.596680 0.025391 0.041016
0 0.788086 0.631836 0.044922 0.029297
0 0.928711 0.642578 0.052734 0.042969
0 0.876953 0.646484 0.039062 0.035156
0 0.666016 0.648438 0.035156 0.027344
0 0.578125 0.661133 0.031250 0.029297
0 0.846680 0.660156 0.029297 0.031250
0 0.942383 0.679688 0.029297 0.039062
0 0.424805 0.696289 0.037109 0.037109
0 0.900391 0.702148 0.027344 0.044922
0 0.469727 0.721680 0.037109 0.033203
0 0.535156 0.728516 0.054688 0.050781
0 0.637695 0.733398 0.056641 0.048828
0 0.862305 0.730469 0.025391 0.031250
0 0.813477 0.738281 0.033203 0.035156
0 0.887695 0.735352 0.025391 0.033203
0 0.988281 0.759766 0.023438 0.042969
0 0.924805 0.774414 0.041016 0.056641
0 0.749023 0.771484 0.041016 0.042969
0 0.795898 0.765625 0.021484 0.019531
0 0.678711 0.770508 0.041016 0.025391
0 0.833008 0.773438 0.029297 0.031250
0 0.866211 0.773438 0.033203 0.023438
0 0.614258 0.791016 0.033203 0.042969
0 0.731445 0.797852 0.048828 0.025391
0 0.651367 0.829102 0.037109 0.041016
0 0.683594 0.827148 0.031250 0.037109
0 0.903320 0.850586 0.037109 0.025391
0 0.746094 0.849609 0.039062 0.019531
0 0.847656 0.875000 0.031250 0.035156
0 0.750000 0.900391 0.062500 0.027344
0 0.132812 0.922852 0.023438 0.021484
0 0.709961 0.938477 0.041016 0.044922
0 0.169922 0.973633 0.058594 0.052734
0 0.918945 0.976562 0.048828 0.046875
0 0.583984 0.978516 0.058594 0.042969
0 0.260742 0.993164 0.033203 0.013672
0 0.738281 0.992188 0.031250 0.015625