0 0.197266 0.021484 0.050781 0.042969
0 0.430664 0.007812 0.029297 0.015625
0 0.528320 0.019531 0.056641 0.039062
0 0.056641 0.046875 0.085938 0.078125
0 0.478516 0.046875 0.054688 0.050781
0 0.397461 0.118164 0.048828 0.076172
0 0.660156 0.091797 0.023438 0.023438
0 0.486328 0.130859 0.058594 0.074219
0 0.289062 0.157227 0.046875 0.095703
0 0.175781 0.198242 0.074219 0.041016
0 0.031250 0.287109 0.062500 0.042969
0 0.323242 0.315430 0.083984 0.083984
0 0.022461 0.332031 0.044922 0.023438
0 0.440430 0.357422 0.056641 0.058594
0 0.312500 0.417969 0.058594 0.058594
0 0.593750 0.443359 0.070312 0.062500
0 0.335938 0.461914 0.039062 0.056641
0 0.952148 0.497070 0.060547 0.060547
0 0.475586 0.542969 0.068359 0.074219
0 0.619141 0.586914 0.050781 0.072266
0 0.581055 0.609375 0.064453 0.085938
0 0.710938 0.638672 0.082031 0.089844
0 0.530273 0.639648 0.087891 0.068359
0 0.071289 0.634766 0.041016 0.042969
0 0.779297 0.661133 0.054688 0.068359
0 0.208008 0.670898 0.044922 0.044922
0 0.564453 0.696289 0.074219 0.080078
0 0.895508 0.695312 0.087891 0.058594
0 0.777344 0.701172 0.054688 0.046875
0 0.018555 0.716797 0.029297 0.031250
0 0.057617 0.725586 0.025391 0.041016
0 0.358398 0.725586 0.052734 0.033203
0 0.666992 0.738281 0.076172 0.058594
0 0.192383 0.727539 0.052734 0.025391
0 0.885742 0.760742 0.080078 0.080078
0 0.974609 0.754883 0.050781 0.064453
0 0.816406 0.790039 0.082031 0.083984
0 0.077148 0.811523 0.056641 0.056641
0 0.887695 0.847656 0.091797 0.078125
0 0.018555 0.858398 0.037109 0.044922
0 0.075195 0.867188 0.037109 0.035156
0 0.011719 0.924805 0.023438 0.044922
0 0.417969 0.919922 0.031250 0.015625
0 0.125000 0.936523 0.031250 0.041016
0 0.851562 0.938477 0.035156 0.037109
0 0.389648 0.985352 0.041016 0.029297
0 0.315430 0.987305 0.048828 0.025391