0 0.669922 0.992188 0.705078 0.992188 0.705078 1.000000 0.669922 1.000000
0 0.953125 0.988282 0.990235 0.988282 0.990235 1.000000 0.953125 1.000000
0 0.632813 0.984375 0.664063 0.984375 0.664063 1.000000 0.632813 1.000000
0 0.494141 0.970704 0.570313 0.970704 0.570313 1.000000 0.494141 1.000000
0 0.765625 0.960938 0.798829 0.960938 0.798829 0.998047 0.765625 0.998047
0 0.953125 0.953125 1.000000 0.953125 1.000000 0.980469 0.953125 0.980469
0 0.236328 0.949219 0.267578 0.949219 0.267578 0.990235 0.236328 0.990235
0 0.634765 0.941406 0.685546 0.941406 0.685546 0.974610 0.634765 0.974610
0 0.351562 0.931640 0.363282 0.931640 0.363282 0.958984 0.351562 0.958984
0 0.292968 0.931641 0.347656 0.931641 0.347656 0.990235 0.292968 0.990235
0 0.392578 0.925781 0.443359 0.925781 0.443359 0.994140 0.392578 0.994140
0 0.826172 0.919922 0.851562 0.919922 0.851562 0.939453 0.826172 0.939453
0 0.332031 0.904296 0.367187 0.904296 0.367187 0.937500 0.332031 0.937500
0 0.714843 0.884766 0.761718 0.884766 0.761718 0.919922 0.714843 0.919922
0 0.433594 0.880859 0.472656 0.880859 0.472656 0.957031 0.433594 0.957031
0 0.033203 0.878906 0.103515 0.878906 0.103515 0.955078 0.033203 0.955078
0 0.679688 0.876953 0.716797 0.876953 0.716797 0.900391 0.679688 0.900391
0 0.277344 0.851562 0.294922 0.851562 0.294922 0.865234 0.277344 0.865234
0 0.396485 0.849609 0.449219 0.849609 0.449219 0.876953 0.396485 0.876953
0 0.978515 0.845703 0.990235 0.845703 0.990235 0.863281 0.978515 0.863281
0 0.382812 0.828125 0.402343 0.828125 0.402343 0.845703 0.382812 0.845703
0 0.458984 0.826172 0.494140 0.826172 0.494140 0.876953 0.458984 0.876953
0 0.623047 0.818360 0.664063 0.818360 0.664063 0.869140 0.623047 0.869140
0 0.673828 0.802734 0.707032 0.802734 0.707032 0.820312 0.673828 0.820312
0 0.460938 0.787109 0.480468 0.787109 0.480468 0.804687 0.460938 0.804687
0 0.251952 0.771485 0.277344 0.771485 0.277344 0.810547 0.251952 0.810547
0 0.625000 0.765625 0.662110 0.765625 0.662110 0.794921 0.625000 0.794921
0 0.542969 0.765626 0.568360 0.765626 0.568360 0.785157 0.542969 0.785157
0 0.201172 0.765625 0.234374 0.765625 0.234374 0.804687 0.201172 0.804687
0 0.523438 0.763672 0.535157 0.763672 0.535157 0.783203 0.523438 0.783203
0 0.298828 0.759766 0.378906 0.759766 0.378906 0.830078 0.298828 0.830078
0 0.380860 0.748047 0.414062 0.748047 0.414062 0.789063 0.380860 0.789063
0 0.462890 0.746094 0.509765 0.746094 0.509765 0.802735 0.462890 0.802735
0 0.007812 0.732422 0.035156 0.732422 0.035156 0.763672 0.007812 0.763672
0 0.589844 0.730469 0.646485 0.730469 0.646485 0.771485 0.589844 0.771485
0 0.726563 0.726563 0.757813 0.726563 0.757813 0.765625 0.726563 0.765625
0 0.384765 0.718750 0.400390 0.718750 0.400390 0.728516 0.384765 0.728516
0 0.263672 0.712891 0.298828 0.712891 0.298828 0.742188 0.263672 0.742188
0 0.056641 0.708984 0.105469 0.708984 0.105469 0.771484 0.056641 0.771484
0 0.330078 0.707031 0.351562 0.707031 0.351562 0.720703 0.330078 0.720703
0 0.769531 0.703125 0.791015 0.703125 0.791015 0.726563 0.769531 0.726563
0 0.886719 0.699219 0.904297 0.699219 0.904297 0.759765 0.886719 0.759765
0 0.625000 0.675781 0.671875 0.675781 0.671875 0.707031 0.625000 0.707031
0 0.500000 0.671875 0.546875 0.671875 0.546875 0.705079 0.500000 0.705079
0 0.374999 0.671875 0.417969 0.671875 0.417969 0.712891 0.374999 0.712891
0 0.695313 0.656250 0.726563 0.656250 0.726563 0.718750 0.695313 0.718750
0 0.496093 0.652344 0.515624 0.652344 0.515624 0.683594 0.496093 0.683594
0 0.503907 0.638671 0.515626 0.638671 0.515626 0.650390 0.503907 0.650390
0 0.529297 0.630859 0.552735 0.630859 0.552735 0.654297 0.529297 0.654297
0 0.035156 0.619141 0.058594 0.619141 0.058594 0.650391 0.035156 0.650391
0 0.066406 0.617188 0.082031 0.617188 0.082031 0.638672 0.066406 0.638672
0 0.951172 0.615235 0.960938 0.615235 0.960938 0.626954 0.951172 0.626954
0 0.933593 0.589843 0.953124 0.589843 0.953124 0.609374 0.933593 0.609374
0 0.292968 0.589843 0.322265 0.589843 0.322265 0.640624 0.292968 0.640624
0 0.962890 0.585938 0.974610 0.585938 0.974610 0.603516 0.962890 0.603516
0 0.390624 0.585938 0.437499 0.585938 0.437499 0.654297 0.390624 0.654297
0 0.539063 0.574218 0.578125 0.574218 0.578125 0.617188 0.539063 0.617188
0 0.792969 0.564453 0.859375 0.564453 0.859375 0.591797 0.792969 0.591797
0 0.056641 0.556640 0.105469 0.556640 0.105469 0.589844 0.056641 0.589844
0 0.259766 0.552735 0.291016 0.552735 0.291016 0.591797 0.259766 0.591797
0 0.917969 0.550782 0.939453 0.550782 0.939453 0.576172 0.917969 0.576172
0 0.185547 0.548828 0.218749 0.548828 0.218749 0.574218 0.185547 0.574218
0 0.880859 0.541015 0.904297 0.541015 0.904297 0.578125 0.880859 0.578125
0 0.785156 0.527344 0.847656 0.527344 0.847656 0.558594 0.785156 0.558594
0 0.968750 0.521484 1.000000 0.521484 1.000000 0.544922 0.968750 0.544922
0 0.349610 0.521485 0.406250 0.521485 0.406250 0.568360 0.349610 0.568360
0 0.296874 0.521484 0.326172 0.521484 0.326172 0.548828 0.296874 0.548828
0 0.191406 0.515625 0.214844 0.515625 0.214844 0.544921 0.191406 0.544921
0 0.763672 0.511719 0.783203 0.511719 0.783203 0.533203 0.763672 0.533203
0 0.126953 0.507813 0.164062 0.507813 0.164062 0.542969 0.126953 0.542969
0 0.099609 0.507812 0.117187 0.507812 0.117187 0.554688 0.099609 0.554688
0 0.923829 0.505860 0.953125 0.505860 0.953125 0.531250 0.923829 0.531250
0 0.148438 0.505859 0.183594 0.505859 0.183594 0.578125 0.148438 0.578125
0 0.060547 0.505859 0.083985 0.505859 0.083985 0.539062 0.060547 0.539062
0 0.785156 0.501953 0.816406 0.501953 0.816406 0.529297 0.785156 0.529297
0 0.759765 0.496094 0.771485 0.496094 0.771485 0.513672 0.759765 0.513672
0 0.855468 0.488281 0.874999 0.488281 0.874999 0.498047 0.855468 0.498047
0 0.210938 0.488281 0.257812 0.488281 0.257812 0.550781 0.210938 0.550781
0 0.132812 0.476562 0.148438 0.476562 0.148438 0.490234 0.132812 0.490234
0 0.738281 0.472656 0.761719 0.472656 0.761719 0.494140 0.738281 0.494140
0 0.111328 0.472656 0.128906 0.472656 0.128906 0.488281 0.111328 0.488281
0 0.039062 0.472656 0.101562 0.472656 0.101562 0.501953 0.039062 0.501953
0 0.382812 0.464844 0.439454 0.464844 0.439454 0.517578 0.382812 0.517578
0 0.169922 0.460938 0.179688 0.460938 0.179688 0.476562 0.169922 0.476562
0 0.767578 0.458985 0.785156 0.458985 0.785156 0.474610 0.767578 0.474610
0 0.509765 0.458984 0.525390 0.458984 0.525390 0.482422 0.509765 0.482422
0 0.708984 0.457031 0.732422 0.457031 0.732422 0.478515 0.708984 0.478515
0 0.542969 0.457031 0.564453 0.457031 0.564453 0.505859 0.542969 0.505859
0 0.154297 0.437500 0.171875 0.437500 0.171875 0.460938 0.154297 0.460938
0 0.990234 0.429688 1.000000 0.429688 1.000000 0.478516 0.990234 0.478516
0 0.228515 0.427735 0.283203 0.427735 0.283203 0.464843 0.228515 0.464843
0 0.033203 0.427735 0.062501 0.427735 0.062501 0.460938 0.033203 0.460938
0 0.154297 0.414062 0.164063 0.414062 0.164063 0.433593 0.154297 0.433593
0 0.945313 0.398437 0.976563 0.398437 0.976563 0.425781 0.945313 0.425781
0 0.679687 0.386719 0.710937 0.386719 0.710937 0.417969 0.679687 0.417969
0 0.560547 0.378906 0.613281 0.378906 0.613281 0.423828 0.560547 0.423828
0 0.861328 0.367187 0.964844 0.367187 0.964844 0.421875 0.861328 0.421875
0 0.460938 0.361328 0.472657 0.361328 0.472657 0.371094 0.460938 0.371094
0 0.468750 0.357422 0.523438 0.357422 0.523438 0.410156 0.468750 0.410156
0 0.123047 0.353516 0.171875 0.353516 0.171875 0.380860 0.123047 0.380860
0 0.644532 0.351562 0.652344 0.351562 0.652344 0.367188 0.644532 0.367188
0 0.375001 0.347657 0.425781 0.347657 0.425781 0.384765 0.375001 0.384765
0 0.949219 0.341797 0.984375 0.341797 0.984375 0.361327 0.949219 0.361327
0 0.816406 0.324218 0.851562 0.324218 0.851562 0.367188 0.816406 0.367188
0 0.369140 0.322265 0.394532 0.322265 0.394532 0.337890 0.369140 0.337890
0 0.246094 0.322265 0.279297 0.322265 0.279297 0.355468 0.246094 0.355468
0 0.431641 0.320312 0.476563 0.320312 0.476563 0.371093 0.431641 0.371093
0 0.416016 0.312500 0.429688 0.312500 0.429688 0.326172 0.416016 0.326172
0 0.507812 0.298827 0.582032 0.298827 0.582032 0.341797 0.507812 0.341797
0 0.992188 0.291016 1.000000 0.291016 1.000000 0.304688 0.992188 0.304688
0 0.566407 0.285157 0.595703 0.285157 0.595703 0.304688 0.566407 0.304688
0 0.914062 0.281250 0.951172 0.281250 0.951172 0.326172 0.914062 0.326172
0 0.154297 0.279297 0.195313 0.279297 0.195313 0.337891 0.154297 0.337891
0 0.070312 0.263672 0.111328 0.263672 0.111328 0.314452 0.070312 0.314452
0 0.466797 0.261719 0.503907 0.261719 0.503907 0.306641 0.466797 0.306641
0 0.322266 0.257812 0.339844 0.257812 0.339844 0.302734 0.322266 0.302734
0 0.000000 0.238281 0.015624 0.238281 0.015624 0.265625 0.000000 0.265625
0 0.765625 0.212891 0.806641 0.212891 0.806641 0.283203 0.765625 0.283203
0 0.962891 0.210938 0.984375 0.210938 0.984375 0.230469 0.962891 0.230469
0 0.128906 0.208985 0.255860 0.208985 0.255860 0.273438 0.128906 0.273438
0 0.107422 0.201172 0.138672 0.201172 0.138672 0.234374 0.107422 0.234374
0 0.474610 0.197266 0.527344 0.197266 0.527344 0.228516 0.474610 0.228516
0 0.789062 0.185547 0.808593 0.185547 0.808593 0.199219 0.789062 0.199219
0 0.291016 0.181640 0.312500 0.181640 0.312500 0.201172 0.291016 0.201172
0 0.634765 0.169922 0.667969 0.169922 0.667969 0.205078 0.634765 0.205078
0 0.000000 0.152344 0.035156 0.152344 0.035156 0.183594 0.000000 0.183594
0 0.054687 0.150390 0.095703 0.150390 0.095703 0.177734 0.054687 0.177734
0 0.843750 0.148438 0.861328 0.148438 0.861328 0.164062 0.843750 0.164062
0 0.093749 0.134766 0.109374 0.134766 0.109374 0.156250 0.093749 0.156250
0 0.482422 0.130859 0.558594 0.130859 0.558594 0.177734 0.482422 0.177734
0 0.359375 0.117187 0.390625 0.117187 0.390625 0.144531 0.359375 0.144531
0 0.326172 0.117187 0.339844 0.117187 0.339844 0.130859 0.326172 0.130859
0 0.175781 0.076172 0.236328 0.076172 0.236328 0.123047 0.175781 0.123047
0 0.628906 0.068360 0.660156 0.068360 0.660156 0.097656 0.628906 0.097656
0 0.441406 0.037109 0.466798 0.037109 0.466798 0.085937 0.441406 0.085937
0 0.365235 0.035156 0.404297 0.035156 0.404297 0.113281 0.365235 0.113281
0 0.949219 0.000000 0.994141 0.000000 0.994141 0.035156 0.949219 0.035156
0 0.734375 0.000001 0.779297 0.000001 0.779297 0.064453 0.734375 0.064453
0 0.675782 0.000000 0.705078 0.000000 0.705078 0.007812 0.675782 0.007812
0 0.339844 0.000000 0.394532 0.000000 0.394532 0.042968 0.339844 0.042968
0 0.197266 0.000000 0.242188 0.000000 0.242188 0.039062 0.197266 0.039062
0 0.107422 0.000000 0.177734 0.000000 0.177734 0.070312 0.107422 0.070312
