0 0.005860 0.992188 0.041016 0.992188 0.041016 1.000000 0.005860 1.000000
0 0.572265 0.990234 0.595703 0.990234 0.595703 1.000000 0.572265 1.000000
0 0.869141 0.982422 0.914063 0.982422 0.914063 1.000000 0.869141 1.000000
0 0.935546 0.972656 1.000000 0.972656 1.000000 1.000000 0.935546 1.000000
0 0.097656 0.958985 0.128906 0.958985 0.128906 0.988281 0.097656 0.988281
0 0.332031 0.951172 0.398437 0.951172 0.398437 1.000000 0.332031 1.000000
0 0.021484 0.951172 0.048828 0.951172 0.048828 0.970703 0.021484 0.970703
0 0.880860 0.949219 0.931640 0.949219 0.931640 0.978515 0.880860 0.978515
0 0.126953 0.949218 0.212891 0.949218 0.212891 0.999999 0.126953 0.999999
0 0.626953 0.947266 0.714843 0.947266 0.714843 1.000000 0.626953 1.000000
0 0.732422 0.945313 0.773438 0.945313 0.773438 0.998047 0.732422 0.998047
0 0.761719 0.939453 0.789063 0.939453 0.789063 0.964843 0.761719 0.964843
0 0.169923 0.919922 0.207032 0.919922 0.207032 0.957032 0.169923 0.957032
0 0.302735 0.917968 0.353515 0.917968 0.353515 0.982422 0.302735 0.982422
0 0.216797 0.914062 0.300781 0.914062 0.300781 1.000000 0.216797 1.000000
0 0.742187 0.910156 0.755859 0.910156 0.755859 0.923828 0.742187 0.923828
0 0.421875 0.910157 0.515625 0.910157 0.515625 0.992188 0.421875 0.992188
0 0.638672 0.900390 0.693360 0.900390 0.693360 0.951171 0.638672 0.951171
0 0.357422 0.894531 0.406250 0.894531 0.406250 0.943359 0.357422 0.943359
0 0.916016 0.890625 0.968750 0.890625 0.968750 0.949219 0.916016 0.949219
0 0.535156 0.886719 0.632812 0.886719 0.632812 0.949219 0.535156 0.949219
0 0.078125 0.884766 0.171875 0.884766 0.171875 0.947266 0.078125 0.947266
0 0.876954 0.880860 0.896485 0.880860 0.896485 0.916016 0.876954 0.916016
0 0.402344 0.876954 0.443360 0.876954 0.443360 0.896485 0.402344 0.896485
0 0.177735 0.875001 0.248047 0.875001 0.248047 0.925782 0.177735 0.925782
0 0.263672 0.871094 0.308594 0.871094 0.308594 0.910156 0.263672 0.910156
0 0.072265 0.861328 0.083985 0.861328 0.083985 0.873047 0.072265 0.873047
0 0.101563 0.857421 0.162110 0.857421 0.162110 0.904296 0.101563 0.904296
0 0.007812 0.857422 0.031250 0.857422 0.031250 0.878906 0.007812 0.878906
0 0.787109 0.851562 0.876953 0.851562 0.876953 0.927734 0.787109 0.927734
0 0.437501 0.851562 0.484376 0.851562 0.484376 0.880859 0.437501 0.880859
0 0.990234 0.847656 1.000000 0.847656 1.000000 0.869140 0.990234 0.869140
0 0.513672 0.839844 0.574218 0.839844 0.574218 0.884766 0.513672 0.884766
0 0.138672 0.837891 0.210938 0.837891 0.210938 0.886719 0.138672 0.886719
0 0.347657 0.835938 0.380860 0.835938 0.380860 0.878907 0.347657 0.878907
0 0.312501 0.833985 0.332031 0.833985 0.332031 0.849610 0.312501 0.849610
0 0.226563 0.833984 0.310547 0.833984 0.310547 0.869140 0.226563 0.869140
0 0.414063 0.832031 0.445313 0.832031 0.445313 0.855469 0.414063 0.855469
0 0.498047 0.828124 0.527343 0.828124 0.527343 0.839843 0.498047 0.839843
0 0.582032 0.826172 0.642578 0.826172 0.642578 0.882812 0.582032 0.882812
0 0.535156 0.826172 0.587890 0.826172 0.587890 0.843750 0.535156 0.843750
0 0.382812 0.826171 0.408204 0.826171 0.408204 0.873046 0.382812 0.873046
0 0.896484 0.822266 0.927734 0.822266 0.927734 0.843750 0.896484 0.843750
0 0.443359 0.822266 0.484375 0.822266 0.484375 0.849610 0.443359 0.849610
0 0.937500 0.804688 0.992188 0.804688 0.992188 0.855468 0.937500 0.855468
0 0.654297 0.804688 0.664063 0.804688 0.664063 0.816407 0.654297 0.816407
0 0.000000 0.804687 0.013672 0.804687 0.013672 0.832031 0.000000 0.832031
0 0.488281 0.802735 0.515625 0.802735 0.515625 0.818360 0.488281 0.818360
0 0.833985 0.796875 0.880860 0.796875 0.880860 0.869141 0.833985 0.869141
0 0.238281 0.787110 0.273437 0.787110 0.273437 0.830079 0.238281 0.830079
0 0.000000 0.783203 0.023438 0.783203 0.023438 0.806641 0.000000 0.806641
0 0.882812 0.781250 0.912109 0.781250 0.912109 0.812500 0.882812 0.812500
0 0.652344 0.775391 0.833985 0.775391 0.833985 0.886719 0.652344 0.886719
0 0.056640 0.775391 0.128906 0.775391 0.128906 0.841797 0.056640 0.841797
0 0.388672 0.771484 0.396484 0.771484 0.396484 0.789062 0.388672 0.789062
0 0.808593 0.765625 0.855468 0.765625 0.855468 0.812500 0.808593 0.812500
0 0.123047 0.765625 0.230469 0.765625 0.230469 0.837891 0.123047 0.837891
0 0.419922 0.755860 0.496094 0.755860 0.496094 0.816406 0.419922 0.816406
0 0.000000 0.753907 0.025390 0.753907 0.025390 0.779297 0.000000 0.779297
0 0.494140 0.748046 0.583984 0.748046 0.583984 0.826171 0.494140 0.826171
0 0.279297 0.740234 0.363281 0.740234 0.363281 0.830078 0.279297 0.830078
0 0.671875 0.734375 0.703125 0.734375 0.703125 0.791015 0.671875 0.791015
0 0.638671 0.728516 0.671875 0.728516 0.671875 0.789062 0.638671 0.789062
0 0.437500 0.728516 0.460938 0.728516 0.460938 0.750000 0.437500 0.750000
0 0.353516 0.722656 0.398438 0.722656 0.398438 0.777344 0.353516 0.777344
0 0.019532 0.722656 0.056641 0.722656 0.056641 0.781250 0.019532 0.781250
0 0.773438 0.708984 0.820312 0.708984 0.820312 0.781250 0.773438 0.781250
0 0.312500 0.708984 0.361328 0.708984 0.361328 0.757812 0.312500 0.757812
0 0.074219 0.708985 0.115235 0.708985 0.115235 0.748047 0.074219 0.748047
0 0.400390 0.703125 0.460938 0.703125 0.460938 0.767579 0.400390 0.767579
0 0.572265 0.701172 0.628906 0.701172 0.628906 0.814453 0.572265 0.814453
0 0.458984 0.695312 0.539062 0.695312 0.539062 0.759766 0.458984 0.759766
0 0.382812 0.683594 0.398438 0.683594 0.398438 0.705078 0.382812 0.705078
0 0.613281 0.671875 0.644531 0.671875 0.644531 0.726563 0.613281 0.726563
0 0.820313 0.667968 0.953125 0.667968 0.953125 0.773438 0.820313 0.773438
0 0.394531 0.662110 0.410156 0.662110 0.410156 0.683594 0.394531 0.683594
0 0.427735 0.660157 0.474610 0.660157 0.474610 0.699219 0.427735 0.699219
0 0.412110 0.658203 0.441407 0.658203 0.441407 0.681641 0.412110 0.681641
0 0.248047 0.654297 0.314453 0.654297 0.314453 0.742188 0.248047 0.742188
0 0.757812 0.652344 0.781250 0.652344 0.781250 0.669922 0.757812 0.669922
0 0.527344 0.646485 0.589844 0.646485 0.589844 0.716797 0.527344 0.716797
0 0.294922 0.644531 0.310547 0.644531 0.310547 0.654297 0.294922 0.654297
0 0.636719 0.642578 0.724610 0.642578 0.724610 0.695312 0.636719 0.695312
0 0.000000 0.640625 0.023438 0.640625 0.023438 0.720703 0.000000 0.720703
0 0.050781 0.638672 0.119140 0.638672 0.119140 0.710938 0.050781 0.710938
0 0.304687 0.621093 0.394531 0.621093 0.394531 0.699218 0.304687 0.699218
0 0.763672 0.613281 0.789062 0.613281 0.789062 0.652343 0.763672 0.652343
0 0.033203 0.613281 0.058593 0.613281 0.058593 0.652343 0.033203 0.652343
0 0.472656 0.611329 0.513672 0.611329 0.513672 0.662110 0.472656 0.662110
0 0.123047 0.611328 0.257813 0.611328 0.257813 0.792968 0.123047 0.792968
0 0.160156 0.611329 0.177734 0.611329 0.177734 0.626954 0.160156 0.626954
0 0.423827 0.609375 0.466797 0.609375 0.466797 0.658203 0.423827 0.658203
0 0.833985 0.597656 0.886719 0.597656 0.886719 0.652344 0.833985 0.652344
0 0.792969 0.591797 0.832031 0.591797 0.832031 0.652343 0.792969 0.652343
0 0.888672 0.589844 0.923828 0.589844 0.923828 0.642578 0.888672 0.642578
0 0.406249 0.589844 0.435547 0.589844 0.435547 0.607422 0.406249 0.607422
0 0.742188 0.572265 0.753907 0.572265 0.753907 0.591796 0.742188 0.591796
0 0.550782 0.566406 0.580078 0.566406 0.580078 0.607422 0.550782 0.607422
0 0.279297 0.564454 0.332031 0.564454 0.332031 0.642579 0.279297 0.642579
0 0.763671 0.562500 0.796875 0.562500 0.796875 0.603516 0.763671 0.603516
0 0.685547 0.552735 0.753907 0.552735 0.753907 0.626954 0.685547 0.626954
0 0.054688 0.546875 0.103516 0.546875 0.103516 0.599609 0.054688 0.599609
0 0.121094 0.544922 0.166016 0.544922 0.166016 0.595703 0.121094 0.595703
0 0.593750 0.539062 0.712890 0.539062 0.712890 0.648438 0.593750 0.648438
0 0.203125 0.537110 0.240234 0.537110 0.240234 0.576172 0.203125 0.576172
0 0.974610 0.535156 1.000000 0.535156 1.000000 0.583984 0.974610 0.583984
0 0.517578 0.531250 0.558594 0.531250 0.558594 0.568360 0.517578 0.568360
0 0.759765 0.525391 0.802735 0.525391 0.802735 0.554688 0.759765 0.554688
0 0.865235 0.521485 0.912110 0.521485 0.912110 0.572265 0.865235 0.572265
0 0.427734 0.519531 0.472656 0.519531 0.472656 0.556640 0.427734 0.556640
0 0.480468 0.513672 0.523438 0.513672 0.523438 0.550782 0.480468 0.550782
0 0.800781 0.511718 0.859375 0.511718 0.859375 0.585938 0.800781 0.585938
0 0.328125 0.507812 0.408203 0.507812 0.408203 0.615234 0.328125 0.615234
0 0.226562 0.503906 0.289062 0.503906 0.289062 0.619140 0.226562 0.619140
0 0.000000 0.501953 0.025390 0.501953 0.025390 0.539062 0.000000 0.539062
0 0.714844 0.498047 0.753906 0.498047 0.753906 0.550781 0.714844 0.550781
0 0.970704 0.496094 1.000000 0.496094 1.000000 0.521485 0.970704 0.521485
0 0.671875 0.496093 0.710937 0.496093 0.710937 0.539062 0.671875 0.539062
0 0.281251 0.496094 0.328126 0.496094 0.328126 0.537110 0.281251 0.537110
0 0.171875 0.496094 0.220703 0.496094 0.220703 0.535156 0.171875 0.535156
0 0.099610 0.492188 0.138672 0.492188 0.138672 0.542968 0.099610 0.542968
0 0.943360 0.480469 0.968750 0.480469 0.968750 0.503907 0.943360 0.503907
0 0.441407 0.478516 0.492188 0.478516 0.492188 0.517578 0.441407 0.517578
0 0.396484 0.478516 0.441406 0.478516 0.441406 0.527344 0.396484 0.527344
0 0.130860 0.478515 0.169922 0.478515 0.169922 0.521485 0.130860 0.521485
0 0.046875 0.476562 0.095703 0.476562 0.095703 0.517578 0.046875 0.517578
0 0.933594 0.470703 0.941406 0.470703 0.941406 0.484375 0.933594 0.484375
0 0.347656 0.470703 0.390626 0.470703 0.390626 0.521485 0.347656 0.521485
0 0.833984 0.468750 0.914062 0.468750 0.914062 0.525390 0.833984 0.525390
0 0.000000 0.464843 0.007812 0.464843 0.007812 0.488281 0.000000 0.488281
0 0.509766 0.460938 0.572266 0.460938 0.572266 0.509766 0.509766 0.509766
0 0.208985 0.455078 0.242188 0.455078 0.242188 0.503906 0.208985 0.503906
0 0.326172 0.451172 0.355469 0.451172 0.355469 0.492188 0.326172 0.492188
0 0.748047 0.447265 0.818359 0.447265 0.818359 0.519531 0.748047 0.519531
0 0.164063 0.445312 0.199219 0.445312 0.199219 0.490234 0.164063 0.490234
0 0.673829 0.443359 0.720704 0.443359 0.720704 0.484375 0.673829 0.484375
0 0.580079 0.433594 0.630860 0.433594 0.630860 0.503906 0.580079 0.503906
0 0.246094 0.425781 0.292969 0.425781 0.292969 0.492187 0.246094 0.492187
0 0.033204 0.425781 0.097657 0.425781 0.097657 0.474609 0.033204 0.474609
0 0.808594 0.421875 0.865235 0.421875 0.865235 0.458985 0.808594 0.458985
0 0.449219 0.421875 0.507813 0.421875 0.507813 0.478515 0.449219 0.478515
0 0.210937 0.421875 0.242187 0.421875 0.242187 0.449219 0.210937 0.449219
0 0.718750 0.419922 0.755860 0.419922 0.755860 0.470702 0.718750 0.470702
0 0.751953 0.416016 0.777343 0.416016 0.777343 0.447266 0.751953 0.447266
0 0.285157 0.412109 0.341797 0.412109 0.341797 0.470703 0.285157 0.470703
0 0.365235 0.410156 0.425782 0.410156 0.425782 0.476562 0.365235 0.476562
0 0.000000 0.408203 0.023438 0.408203 0.023438 0.453125 0.000000 0.453125
0 0.865235 0.406250 0.904297 0.406250 0.904297 0.458984 0.865235 0.458984
0 0.609375 0.400391 0.664063 0.400391 0.664063 0.462891 0.609375 0.462891
0 0.583984 0.394531 0.611328 0.394531 0.611328 0.423828 0.583984 0.423828
0 0.492188 0.394531 0.542968 0.394531 0.542968 0.423828 0.492188 0.423828
0 0.718750 0.392578 0.757812 0.392578 0.757812 0.414062 0.718750 0.414062
0 0.023437 0.392578 0.068359 0.392578 0.068359 0.423828 0.023437 0.423828
0 0.921875 0.382812 0.986329 0.382812 0.986329 0.472656 0.921875 0.472656
0 0.771485 0.382813 0.800781 0.382813 0.800781 0.435547 0.771485 0.435547
0 0.341797 0.382812 0.386719 0.382812 0.386719 0.439454 0.341797 0.439454
0 0.818359 0.380860 0.873047 0.380860 0.873047 0.410157 0.818359 0.410157
0 0.414062 0.380859 0.457032 0.380859 0.457032 0.425781 0.414062 0.425781
0 0.208985 0.369141 0.273438 0.369141 0.273438 0.417969 0.208985 0.417969
0 0.279297 0.365234 0.351563 0.365234 0.351563 0.408203 0.279297 0.408203
0 0.814453 0.363281 0.863281 0.363281 0.863281 0.386719 0.814453 0.386719
0 0.775391 0.361328 0.806641 0.361328 0.806641 0.378906 0.775391 0.378906
0 0.000000 0.359375 0.023438 0.359375 0.023438 0.404297 0.000000 0.404297
0 0.423828 0.353515 0.480468 0.353515 0.480468 0.394531 0.423828 0.394531
0 0.941407 0.351563 0.988282 0.351563 0.988282 0.400391 0.941407 0.400391
0 0.353515 0.347656 0.408203 0.347656 0.408203 0.392578 0.353515 0.392578
0 0.039062 0.343750 0.083984 0.343750 0.083984 0.398438 0.039062 0.398438
0 0.166016 0.339844 0.212891 0.339844 0.212891 0.388672 0.166016 0.388672
0 0.589844 0.333984 0.660156 0.333984 0.660156 0.392578 0.589844 0.392578
0 0.083985 0.328125 0.210938 0.328125 0.210938 0.462891 0.083985 0.462891
0 0.853516 0.326172 0.898438 0.326172 0.898438 0.373047 0.853516 0.373047
0 0.208984 0.320312 0.269531 0.320312 0.269531 0.367188 0.208984 0.367188
0 0.730469 0.310547 0.789063 0.310547 0.789063 0.380859 0.730469 0.380859
0 0.400391 0.300781 0.445313 0.300781 0.445313 0.347656 0.400391 0.347656
0 0.888671 0.298828 0.900390 0.298828 0.900390 0.322266 0.888671 0.322266
0 0.367187 0.296874 0.394531 0.296874 0.394531 0.339844 0.367187 0.339844
0 0.130860 0.294922 0.205078 0.294922 0.205078 0.343750 0.130860 0.343750
0 0.214844 0.292969 0.250000 0.292969 0.250000 0.316407 0.214844 0.316407
0 0.277344 0.287109 0.353516 0.287109 0.353516 0.359375 0.277344 0.359375
0 0.841796 0.279297 0.884765 0.279297 0.884765 0.316407 0.841796 0.316407
0 0.503906 0.277344 0.548828 0.277344 0.548828 0.326172 0.503906 0.326172
0 0.435547 0.275390 0.490235 0.275390 0.490235 0.343750 0.435547 0.343750
0 0.000000 0.271485 0.066406 0.271485 0.066406 0.355469 0.000000 0.355469
0 0.742188 0.269531 0.791016 0.269531 0.791016 0.312501 0.742188 0.312501
0 0.662109 0.261719 0.716797 0.261719 0.716797 0.310547 0.662109 0.310547
0 0.634766 0.259765 0.652344 0.259765 0.652344 0.289062 0.634766 0.289062
0 0.087891 0.259766 0.154297 0.259766 0.154297 0.312500 0.087891 0.312500
0 0.558594 0.240234 0.589844 0.240234 0.589844 0.271484 0.558594 0.271484
0 0.525391 0.240234 0.554688 0.240234 0.554688 0.271484 0.525391 0.271484
0 0.880859 0.238281 0.929687 0.238281 0.929687 0.291015 0.880859 0.291015
0 0.205078 0.234375 0.259766 0.234375 0.259766 0.289063 0.205078 0.289063
0 0.000000 0.234375 0.042968 0.234375 0.042968 0.273437 0.000000 0.273437
0 0.380860 0.230469 0.417968 0.230469 0.417968 0.283203 0.380860 0.283203
0 0.746094 0.226563 0.767578 0.226563 0.767578 0.244141 0.746094 0.244141
0 0.259765 0.226562 0.369140 0.226562 0.369140 0.289062 0.259765 0.289062
0 0.990234 0.220703 1.000000 0.220703 1.000000 0.269531 0.990234 0.269531
0 0.789062 0.218750 0.857422 0.218750 0.857422 0.330078 0.789062 0.330078
0 0.726563 0.216797 0.744141 0.216797 0.744141 0.234375 0.726563 0.234375
0 0.566406 0.216797 0.599610 0.216797 0.599610 0.246094 0.566406 0.246094
0 0.076172 0.216797 0.123047 0.216797 0.123047 0.249999 0.076172 0.249999
0 0.000001 0.208984 0.005860 0.208984 0.005860 0.226562 0.000001 0.226562
0 0.861328 0.197265 0.888672 0.197265 0.888672 0.248047 0.861328 0.248047
0 0.335938 0.197266 0.361329 0.197266 0.361329 0.218750 0.335938 0.218750
0 0.125000 0.197266 0.166016 0.197266 0.166016 0.242188 0.125000 0.242188
0 0.427734 0.195312 0.525390 0.195312 0.525390 0.269531 0.427734 0.269531
0 0.669922 0.189453 0.726562 0.189453 0.726562 0.218751 0.669922 0.218751
0 0.046876 0.189453 0.083985 0.189453 0.083985 0.224609 0.046876 0.224609
0 0.605469 0.181641 0.664063 0.181641 0.664063 0.246093 0.605469 0.246093
0 0.910156 0.166016 0.986328 0.166016 0.986328 0.328125 0.910156 0.328125
0 0.716797 0.164062 0.755859 0.164062 0.755859 0.205078 0.716797 0.205078
0 0.384765 0.158203 0.445312 0.158203 0.445312 0.226562 0.384765 0.226562
0 0.236328 0.156250 0.318359 0.156250 0.318359 0.222656 0.236328 0.222656
0 0.128906 0.154298 0.158203 0.154298 0.158203 0.191407 0.128906 0.191407
0 0.527343 0.152344 0.574218 0.152344 0.574218 0.218750 0.527343 0.218750
0 0.058594 0.152344 0.083985 0.152344 0.083985 0.179688 0.058594 0.179688
0 0.962890 0.146485 1.000000 0.146485 1.000000 0.210938 0.962890 0.210938
0 0.011719 0.146484 0.037110 0.146484 0.037110 0.191406 0.011719 0.191406
0 0.087890 0.132812 0.128906 0.132812 0.128906 0.214844 0.087890 0.214844
0 0.429688 0.128906 0.466796 0.128906 0.466796 0.156250 0.429688 0.156250
0 0.851563 0.126953 0.886719 0.126953 0.886719 0.179687 0.851563 0.179687
0 0.808594 0.123047 0.849610 0.123047 0.849610 0.214844 0.808594 0.214844
0 0.287110 0.117188 0.343750 0.117188 0.343750 0.152344 0.287110 0.152344
0 0.408202 0.111328 0.433594 0.111328 0.433594 0.144531 0.408202 0.144531
0 0.060547 0.107422 0.099609 0.107422 0.099609 0.130860 0.060547 0.130860
0 0.019531 0.107421 0.054687 0.107421 0.054687 0.150390 0.019531 0.150390
0 0.433594 0.099610 0.464844 0.099610 0.464844 0.125001 0.433594 0.125001
0 0.333985 0.099610 0.398438 0.099610 0.398438 0.183594 0.333985 0.183594
0 0.248048 0.095703 0.285157 0.095703 0.285157 0.148437 0.248048 0.148437
0 0.710938 0.091797 0.757812 0.091797 0.757812 0.154297 0.710938 0.154297
0 0.464843 0.091797 0.546874 0.091797 0.546874 0.181641 0.464843 0.181641
0 0.132812 0.087891 0.242188 0.087891 0.242188 0.265625 0.132812 0.265625
0 0.398438 0.082032 0.423829 0.082032 0.423829 0.101562 0.398438 0.101562
0 0.871093 0.074219 0.908203 0.074219 0.908203 0.134766 0.871093 0.134766
0 0.013672 0.072266 0.048828 0.072266 0.048828 0.101562 0.013672 0.101562
0 0.548828 0.066406 0.589844 0.066406 0.589844 0.109376 0.548828 0.109376
0 0.273438 0.066407 0.371094 0.066407 0.371094 0.123048 0.273438 0.123048
0 0.097656 0.060547 0.138672 0.060547 0.138672 0.103516 0.097656 0.103516
0 0.056641 0.060547 0.101563 0.060547 0.101563 0.103516 0.056641 0.103516
0 0.554688 0.056640 0.718750 0.056640 0.718750 0.183594 0.554688 0.183594
0 0.833984 0.054688 0.869140 0.054688 0.869140 0.111328 0.833984 0.111328
0 0.000000 0.054687 0.007812 0.054687 0.007812 0.083984 0.000000 0.083984
0 0.437500 0.048828 0.521484 0.048828 0.521484 0.121094 0.437500 0.121094
0 0.582031 0.041016 0.623047 0.041016 0.623047 0.091797 0.582031 0.091797
0 0.289063 0.039062 0.337891 0.039062 0.337891 0.066406 0.289063 0.066406
0 0.908203 0.037110 0.919922 0.037110 0.919922 0.048828 0.908203 0.048828
0 0.414063 0.037110 0.449219 0.037110 0.449219 0.072266 0.414063 0.072266
0 0.103515 0.037110 0.126953 0.037110 0.126953 0.056640 0.103515 0.056640
0 0.708985 0.029297 0.734375 0.029297 0.734375 0.087891 0.708985 0.087891
0 0.908204 0.027343 1.000000 0.027343 1.000000 0.132812 0.908204 0.132812
0 0.765626 0.027344 0.847657 0.027344 0.847657 0.144532 0.765626 0.144532
0 0.341797 0.027344 0.384766 0.027344 0.384766 0.080078 0.341797 0.080078
0 0.150391 0.027343 0.189453 0.027343 0.189453 0.083984 0.150391 0.083984
0 0.226562 0.013672 0.285156 0.013672 0.285156 0.070312 0.226562 0.070312
0 0.000000 0.013671 0.011718 0.013671 0.011718 0.029296 0.000000 0.029296
0 0.857421 0.011719 0.904296 0.011719 0.904296 0.054688 0.857421 0.054688
0 0.753906 0.011719 0.789062 0.011719 0.789062 0.060547 0.753906 0.060547
0 0.533203 0.007812 0.589843 0.007812 0.589843 0.054688 0.533203 0.054688
0 0.119141 0.001953 0.134766 0.001953 0.134766 0.013671 0.119141 0.013671
0 0.867188 0.000000 0.914062 0.000000 0.914062 0.009766 0.867188 0.009766
0 0.695313 0.000001 0.744141 0.000001 0.744141 0.019532 0.695313 0.019532
0 0.591797 0.000000 0.626953 0.000000 0.626953 0.009766 0.591797 0.009766
0 0.513672 0.000000 0.537110 0.000000 0.537110 0.023438 0.513672 0.023438
0 0.468749 0.000000 0.511718 0.000000 0.511718 0.039062 0.468749 0.039062
0 0.412110 0.000000 0.449218 0.000000 0.449218 0.011718 0.412110 0.011718
0 0.363281 0.000001 0.398437 0.000001 0.398437 0.019532 0.363281 0.019532
0 0.292968 0.000000 0.353515 0.000000 0.353515 0.037110 0.292968 0.037110
0 0.255860 0.000000 0.292968 0.000000 0.292968 0.021484 0.255860 0.021484
0 0.226562 0.000000 0.240234 0.000000 0.240234 0.001953 0.226562 0.001953
0 0.015625 0.000000 0.076172 0.000000 0.076172 0.060547 0.015625 0.060547
