0 0.128906 0.994140 0.158203 0.994140 0.158203 1.000000 0.128906 1.000000
0 0.234375 0.986328 0.265625 0.986328 0.265625 1.000000 0.234375 1.000000
0 0.347656 0.984375 0.376953 0.984375 0.376953 1.000000 0.347656 1.000000
0 0.421875 0.939453 0.443359 0.939453 0.443359 0.974609 0.421875 0.974609
0 0.167968 0.929688 0.224609 0.929688 0.224609 0.972657 0.167968 0.972657
0 0.662110 0.919922 0.761719 0.919922 0.761719 0.951172 0.662110 0.951172
0 0.966796 0.908203 1.000000 0.908203 1.000000 0.921875 0.966796 0.921875
0 0.513672 0.908203 0.656250 0.908203 0.656250 0.947265 0.513672 0.947265
0 0.791015 0.906250 0.849609 0.906250 0.849609 0.935546 0.791015 0.935546
0 0.050781 0.898438 0.070312 0.898438 0.070312 0.972657 0.050781 0.972657
0 0.486328 0.882812 0.716797 0.882812 0.716797 0.912109 0.486328 0.912109
0 0.222656 0.873047 0.271484 0.873047 0.271484 0.933593 0.222656 0.933593
0 0.091798 0.869140 0.142578 0.869140 0.142578 0.941406 0.091798 0.941406
0 0.007812 0.867188 0.050782 0.867188 0.050782 0.945312 0.007812 0.945312
0 0.130860 0.855469 0.201172 0.855469 0.201172 0.900391 0.130860 0.900391
0 0.441407 0.851563 0.585938 0.851563 0.585938 0.900391 0.441407 0.900391
0 0.046876 0.794922 0.080079 0.794922 0.080079 0.875000 0.046876 0.875000
0 0.125000 0.792969 0.166016 0.792969 0.166016 0.855469 0.125000 0.855469
0 0.000000 0.792969 0.044922 0.792969 0.044922 0.855469 0.000000 0.855469
0 0.166015 0.771484 0.224609 0.771484 0.224609 0.830078 0.166015 0.830078
0 0.230468 0.722656 0.281249 0.722656 0.281249 0.847656 0.230468 0.847656
0 0.550781 0.703125 0.626953 0.703125 0.626953 0.744141 0.550781 0.744141
0 0.753907 0.693359 0.828126 0.693359 0.828126 0.755859 0.753907 0.755859
0 0.816407 0.683594 0.876953 0.683594 0.876953 0.746094 0.816407 0.746094
0 0.085937 0.673828 0.117187 0.673828 0.117187 0.722656 0.085937 0.722656
0 0.681641 0.669922 0.751953 0.669922 0.751953 0.802734 0.681641 0.802734
0 0.115235 0.667968 0.148438 0.667968 0.148438 0.710938 0.115235 0.710938
0 0.205078 0.652344 0.250000 0.652344 0.250000 0.714844 0.205078 0.714844
0 0.798828 0.638672 0.841797 0.638672 0.841797 0.673828 0.798828 0.673828
0 0.621094 0.632812 0.677735 0.632812 0.677735 0.742188 0.621094 0.742188
0 0.546875 0.628907 0.595703 0.628907 0.595703 0.675782 0.546875 0.675782
0 0.347656 0.599609 0.480468 0.599609 0.480468 0.693359 0.347656 0.693359
0 0.166016 0.593750 0.187500 0.593750 0.187500 0.634766 0.166016 0.634766
0 0.099610 0.589844 0.136719 0.589844 0.136719 0.646485 0.099610 0.646485
0 0.320312 0.574218 0.367188 0.574218 0.367188 0.611328 0.320312 0.611328
0 0.283203 0.568359 0.302734 0.568359 0.302734 0.585937 0.283203 0.585937
0 0.810547 0.560547 0.833985 0.560547 0.833985 0.597657 0.810547 0.597657
0 0.771484 0.554688 0.806640 0.554688 0.806640 0.589844 0.771484 0.589844
0 0.560547 0.552734 0.601563 0.552734 0.601563 0.583984 0.560547 0.583984
0 0.742187 0.523438 0.755859 0.523438 0.755859 0.535157 0.742187 0.535157
0 0.697266 0.519531 0.714844 0.519531 0.714844 0.533203 0.697266 0.533203
0 0.990234 0.513672 1.000000 0.513672 1.000000 0.550782 0.990234 0.550782
0 0.140625 0.513672 0.164063 0.513672 0.164063 0.533203 0.140625 0.533203
0 0.734375 0.509765 0.750000 0.509765 0.750000 0.521485 0.734375 0.521485
0 0.601563 0.505859 0.650391 0.505859 0.650391 0.550781 0.601563 0.550781
0 0.558593 0.505860 0.591797 0.505860 0.591797 0.542969 0.558593 0.542969
0 0.328125 0.503906 0.376953 0.503906 0.376953 0.552734 0.328125 0.552734
0 0.664062 0.501953 0.687500 0.501953 0.687500 0.527343 0.664062 0.527343
0 0.251953 0.496094 0.269531 0.496094 0.269531 0.521485 0.251953 0.521485
0 0.521485 0.490234 0.550781 0.490234 0.550781 0.525390 0.521485 0.525390
0 0.013672 0.488282 0.060547 0.488282 0.060547 0.535157 0.013672 0.535157
0 0.253906 0.466796 0.279298 0.466796 0.279298 0.492188 0.253906 0.492188
0 0.603516 0.462891 0.642578 0.462891 0.642578 0.511719 0.603516 0.511719
0 0.646484 0.460938 0.669922 0.460938 0.669922 0.482422 0.646484 0.482422
0 0.281249 0.451172 0.306641 0.451172 0.306641 0.474610 0.281249 0.474610
0 0.060547 0.441406 0.113281 0.441406 0.113281 0.503906 0.060547 0.503906
0 0.154297 0.433593 0.230469 0.433593 0.230469 0.507812 0.154297 0.507812
0 0.978516 0.427734 1.000000 0.427734 1.000000 0.455078 0.978516 0.455078
0 0.773438 0.398438 0.878907 0.398438 0.878907 0.462890 0.773438 0.462890
0 0.310547 0.390626 0.359375 0.390626 0.359375 0.468751 0.310547 0.468751
0 0.664062 0.378907 0.683593 0.378907 0.683593 0.412110 0.664062 0.412110
0 0.437500 0.347656 0.486328 0.347656 0.486328 0.421876 0.437500 0.421876
0 0.535156 0.345703 0.566406 0.345703 0.566406 0.388673 0.535156 0.388673
0 0.701172 0.341797 0.720703 0.341797 0.720703 0.386719 0.701172 0.386719
0 0.207031 0.339844 0.287109 0.339844 0.287109 0.394532 0.207031 0.394532
0 0.330078 0.330078 0.388672 0.330078 0.388672 0.396484 0.330078 0.396484
0 0.087891 0.322266 0.126953 0.322266 0.126953 0.375000 0.087891 0.375000
0 0.486328 0.306641 0.509766 0.306641 0.509766 0.345703 0.486328 0.345703
0 0.943360 0.304687 1.000000 0.304687 1.000000 0.376953 0.943360 0.376953
0 0.550781 0.304688 0.585937 0.304688 0.585937 0.339844 0.550781 0.339844
0 0.855468 0.294922 0.910156 0.294922 0.910156 0.371094 0.855468 0.371094
0 0.148438 0.285156 0.208985 0.285156 0.208985 0.339844 0.148438 0.339844
0 0.396484 0.269531 0.439453 0.269531 0.439453 0.312501 0.396484 0.312501
0 0.222656 0.265625 0.312500 0.265625 0.312500 0.341797 0.222656 0.341797
0 0.759766 0.257812 0.853516 0.257812 0.853516 0.333984 0.759766 0.333984
0 0.669922 0.246093 0.693360 0.246093 0.693360 0.289062 0.669922 0.289062
0 0.000000 0.240234 0.011718 0.240234 0.011718 0.291015 0.000000 0.291015
0 0.083984 0.238282 0.126953 0.238282 0.126953 0.294922 0.083984 0.294922
0 0.501953 0.236328 0.539062 0.236328 0.539062 0.275390 0.501953 0.275390
0 0.671875 0.226563 0.710937 0.226563 0.710937 0.248047 0.671875 0.248047
0 0.123047 0.210938 0.210938 0.210938 0.210938 0.275390 0.123047 0.275390
0 0.626953 0.201172 0.693359 0.201172 0.693359 0.261719 0.626953 0.261719
0 0.435547 0.201172 0.498047 0.201172 0.498047 0.291016 0.435547 0.291016
0 0.550781 0.199218 0.626953 0.199218 0.626953 0.267578 0.550781 0.267578
0 0.003907 0.181640 0.023438 0.181640 0.023438 0.205078 0.003907 0.205078
0 0.529297 0.169922 0.566407 0.169922 0.566407 0.208984 0.529297 0.208984
0 0.607422 0.156250 0.625000 0.156250 0.625000 0.171875 0.607422 0.171875
0 0.121094 0.152344 0.160156 0.152344 0.160156 0.197266 0.121094 0.197266
0 0.189453 0.142578 0.263672 0.142578 0.263672 0.201172 0.189453 0.201172
0 0.273438 0.126952 0.330079 0.126952 0.330079 0.183593 0.273438 0.183593
0 0.189453 0.080078 0.240235 0.080078 0.240235 0.132812 0.189453 0.132812
0 0.371094 0.052735 0.410156 0.052735 0.410156 0.091797 0.371094 0.091797
0 0.927735 0.046875 0.988281 0.046875 0.988281 0.095703 0.927735 0.095703
0 0.031249 0.041016 0.060547 0.041016 0.060547 0.076172 0.031249 0.076172
0 0.242187 0.037109 0.328125 0.037109 0.328125 0.117187 0.242187 0.117187
0 0.332032 0.011719 0.388672 0.011719 0.388672 0.050781 0.332032 0.050781
0 0.521484 0.009766 0.585938 0.009766 0.585938 0.080078 0.521484 0.080078
0 0.072266 0.000000 0.103516 0.000000 0.103516 0.027344 0.072266 0.027344
