0 0.689453 0.976562 0.720703 0.976562 0.720703 1.000000 0.689453 1.000000
0 0.175781 0.958984 0.238281 0.958984 0.238281 1.000000 0.175781 1.000000
0 0.724610 0.951172 0.781250 0.951172 0.781250 0.996094 0.724610 0.996094
0 0.550781 0.947266 0.582031 0.947266 0.582031 1.000000 0.550781 1.000000
0 0.980468 0.943359 0.999999 0.943359 0.999999 0.966797 0.980468 0.966797
0 0.826172 0.943359 0.875000 0.943359 0.875000 0.966797 0.826172 0.966797
0 0.611328 0.935547 0.646484 0.935547 0.646484 0.992188 0.611328 0.992188
0 0.324219 0.929688 0.369141 0.929688 0.369141 0.998047 0.324219 0.998047
0 0.242188 0.927734 0.298829 0.927734 0.298829 0.992188 0.242188 0.992188
0 0.880860 0.921875 0.892579 0.921875 0.892579 0.935547 0.880860 0.935547
0 0.039062 0.921875 0.076172 0.921875 0.076172 0.962891 0.039062 0.962891
0 0.914062 0.914062 0.958984 0.914062 0.958984 0.943359 0.914062 0.943359
0 0.824219 0.912110 0.869141 0.912110 0.869141 0.937500 0.824219 0.937500
0 0.183594 0.912109 0.242188 0.912109 0.242188 0.945312 0.183594 0.945312
0 0.681640 0.906250 0.701171 0.906250 0.701171 0.964844 0.681640 0.964844
0 0.701172 0.900390 0.736328 0.900390 0.736328 0.937500 0.701172 0.937500
0 0.009765 0.896484 0.029296 0.896484 0.029296 0.914062 0.009765 0.914062
0 0.576172 0.894531 0.601562 0.894531 0.601562 0.933593 0.576172 0.933593
0 0.521484 0.894532 0.548828 0.894532 0.548828 0.923828 0.521484 0.923828
0 0.955078 0.886719 1.000000 0.886719 1.000000 0.931641 0.955078 0.931641
0 0.603516 0.878906 0.652344 0.878906 0.652344 0.910156 0.603516 0.910156
0 0.544921 0.878907 0.578125 0.878907 0.578125 0.939453 0.544921 0.939453
0 0.294922 0.875000 0.312500 0.875000 0.312500 0.900390 0.294922 0.900390
0 0.585938 0.867188 0.605468 0.867188 0.605468 0.882812 0.585938 0.882812
0 0.751953 0.857422 0.869141 0.857422 0.869141 0.902344 0.751953 0.902344
0 0.691406 0.853516 0.718750 0.853516 0.718750 0.888672 0.691406 0.888672
0 0.156250 0.847656 0.203125 0.847656 0.203125 0.914062 0.156250 0.914062
0 0.960938 0.841797 0.994141 0.841797 0.994141 0.880859 0.960938 0.880859
0 0.000000 0.841797 0.033203 0.841797 0.033203 0.898438 0.000000 0.898438
0 0.722657 0.833985 0.738282 0.833985 0.738282 0.855469 0.722657 0.855469
0 0.000001 0.828124 0.005860 0.828124 0.005860 0.839843 0.000001 0.839843
0 0.468749 0.824219 0.529296 0.824219 0.529296 0.882813 0.468749 0.882813
0 0.130860 0.820312 0.164062 0.820312 0.164062 0.861328 0.130860 0.861328
0 0.015624 0.818360 0.138672 0.818360 0.138672 0.886719 0.015624 0.886719
0 0.396485 0.806640 0.429688 0.806640 0.429688 0.849610 0.396485 0.849610
0 0.117187 0.806640 0.144531 0.806640 0.144531 0.818360 0.117187 0.818360
0 0.642579 0.796875 0.720704 0.796875 0.720704 0.873047 0.642579 0.873047
0 0.248047 0.791015 0.296875 0.791015 0.296875 0.837890 0.248047 0.837890
0 0.496093 0.789062 0.539062 0.789062 0.539062 0.832032 0.496093 0.832032
0 0.777344 0.785156 0.798828 0.785156 0.798828 0.808594 0.777344 0.808594
0 0.318359 0.777344 0.392578 0.777344 0.392578 0.832032 0.318359 0.832032
0 0.939453 0.775391 0.980469 0.775391 0.980469 0.824219 0.939453 0.824219
0 0.843750 0.775391 0.951172 0.775391 0.951172 0.869141 0.843750 0.869141
0 0.048828 0.773437 0.138672 0.773437 0.138672 0.818359 0.048828 0.818359
0 0.900391 0.771484 0.921875 0.771484 0.921875 0.794922 0.900391 0.794922
0 0.988282 0.765625 1.000000 0.765625 1.000000 0.791015 0.988282 0.791015
0 0.707031 0.763672 0.761719 0.763672 0.761719 0.822266 0.707031 0.822266
0 0.529297 0.757812 0.542969 0.757812 0.542969 0.785156 0.529297 0.785156
0 0.476563 0.748047 0.498047 0.748047 0.498047 0.789063 0.476563 0.789063
0 0.177734 0.742188 0.224609 0.742188 0.224609 0.791016 0.177734 0.791016
0 0.876954 0.730468 0.906250 0.730468 0.906250 0.773438 0.876954 0.773438
0 0.939453 0.728516 0.966797 0.728516 0.966797 0.763672 0.939453 0.763672
0 0.498047 0.720703 0.521485 0.720703 0.521485 0.757812 0.498047 0.757812
0 0.458984 0.714844 0.490234 0.714844 0.490234 0.742188 0.458984 0.742188
0 0.537110 0.705078 0.576172 0.705078 0.576172 0.742188 0.537110 0.742188
0 0.082031 0.691406 0.195312 0.691406 0.195312 0.761718 0.082031 0.761718
0 0.062500 0.681640 0.134766 0.681640 0.134766 0.707031 0.062500 0.707031
0 0.439453 0.679688 0.494141 0.679688 0.494141 0.708984 0.439453 0.708984
0 0.906250 0.666016 0.916016 0.666016 0.916016 0.687500 0.906250 0.687500
0 0.867187 0.666016 0.898437 0.666016 0.898437 0.718750 0.867187 0.718750
0 0.486328 0.666015 0.503906 0.666015 0.503906 0.685546 0.486328 0.685546
0 0.294922 0.666016 0.332032 0.666016 0.332032 0.683594 0.294922 0.683594
0 0.208984 0.662109 0.259765 0.662109 0.259765 0.703125 0.208984 0.703125
0 0.167969 0.660156 0.189453 0.660156 0.189453 0.683594 0.167969 0.683594
0 0.751953 0.654297 0.791015 0.654297 0.791015 0.675781 0.751953 0.675781
0 0.134766 0.652344 0.160157 0.652344 0.160157 0.687500 0.134766 0.687500
0 0.705079 0.650390 0.720704 0.650390 0.720704 0.673828 0.705079 0.673828
0 0.462890 0.646484 0.593750 0.646484 0.593750 0.710938 0.462890 0.710938
0 0.814454 0.640625 0.865235 0.640625 0.865235 0.703125 0.814454 0.703125
0 0.726562 0.625000 0.771484 0.625000 0.771484 0.656250 0.726562 0.656250
0 0.082032 0.623047 0.146484 0.623047 0.146484 0.667969 0.082032 0.667969
0 0.869140 0.621094 0.896484 0.621094 0.896484 0.648438 0.869140 0.648438
0 0.000000 0.621094 0.011718 0.621094 0.011718 0.648438 0.000000 0.648438
0 0.808594 0.617188 0.837890 0.617188 0.837890 0.638672 0.808594 0.638672
0 0.773438 0.615234 0.792968 0.615234 0.792968 0.628906 0.773438 0.628906
0 0.550782 0.613281 0.593751 0.613281 0.593751 0.634765 0.550782 0.634765
0 0.458985 0.613282 0.525391 0.613282 0.525391 0.638672 0.458985 0.638672
0 0.896484 0.591797 0.923828 0.591797 0.923828 0.615235 0.896484 0.615235
0 0.511719 0.589844 0.546875 0.589844 0.546875 0.611328 0.511719 0.611328
0 0.933593 0.587890 0.945312 0.587890 0.945312 0.607421 0.933593 0.607421
0 0.298828 0.572265 0.455078 0.572265 0.455078 0.646485 0.298828 0.646485
0 0.402344 0.566407 0.443360 0.566407 0.443360 0.605469 0.402344 0.605469
0 0.677735 0.564453 0.748047 0.564453 0.748047 0.632812 0.677735 0.632812
0 0.578125 0.564453 0.640625 0.564453 0.640625 0.605469 0.578125 0.605469
0 0.173828 0.564453 0.216797 0.564453 0.216797 0.599609 0.173828 0.599609
0 0.814454 0.558594 0.875000 0.558594 0.875000 0.613282 0.814454 0.613282
0 0.000000 0.552735 0.011718 0.552735 0.011718 0.572265 0.000000 0.572265
0 0.019532 0.544921 0.066407 0.544921 0.066407 0.671875 0.019532 0.671875
0 0.269531 0.541015 0.316406 0.541015 0.316406 0.587890 0.269531 0.587890
0 0.681641 0.539062 0.703125 0.539062 0.703125 0.558593 0.681641 0.558593
0 0.582031 0.539062 0.609375 0.539062 0.609375 0.558593 0.582031 0.558593
0 0.507812 0.529297 0.544922 0.529297 0.544922 0.566407 0.507812 0.566407
0 0.714843 0.525390 0.757812 0.525390 0.757812 0.552734 0.714843 0.552734
0 0.130859 0.525390 0.222657 0.525390 0.222657 0.568360 0.130859 0.568360
0 0.892578 0.519532 0.919922 0.519532 0.919922 0.570312 0.892578 0.570312
0 0.822266 0.513672 0.875000 0.513672 0.875000 0.554688 0.822266 0.554688
0 0.046874 0.511719 0.072265 0.511719 0.072265 0.533203 0.046874 0.533203
0 0.427735 0.507813 0.478515 0.507813 0.478515 0.539063 0.427735 0.539063
0 0.531250 0.505860 0.576172 0.505860 0.576172 0.535156 0.531250 0.535156
0 0.279297 0.492188 0.337891 0.492188 0.337891 0.513672 0.279297 0.513672
0 0.380860 0.488281 0.431640 0.488281 0.431640 0.517578 0.380860 0.517578
0 0.701172 0.486328 0.732422 0.486328 0.732422 0.527344 0.701172 0.527344
0 0.628906 0.486328 0.660156 0.486328 0.660156 0.517578 0.628906 0.517578
0 0.605469 0.482422 0.636719 0.482422 0.636719 0.511718 0.605469 0.511718
0 0.441406 0.482422 0.484376 0.482422 0.484376 0.505860 0.441406 0.505860
0 0.140625 0.478515 0.214843 0.478515 0.214843 0.525390 0.140625 0.525390
0 0.062500 0.478515 0.083984 0.478515 0.083984 0.501953 0.062500 0.501953
0 0.343751 0.474610 0.363281 0.474610 0.363281 0.496094 0.343751 0.496094
0 0.554687 0.466797 0.585937 0.466797 0.585937 0.498047 0.554687 0.498047
0 0.236327 0.458985 0.279297 0.458985 0.279297 0.509765 0.236327 0.509765
0 0.457031 0.451172 0.492187 0.451172 0.492187 0.478516 0.457031 0.478516
0 0.841797 0.443360 0.886719 0.443360 0.886719 0.494140 0.841797 0.494140
0 0.402344 0.433594 0.453124 0.433594 0.453124 0.464844 0.402344 0.464844
0 0.738281 0.431641 0.796875 0.431641 0.796875 0.507813 0.738281 0.507813
0 0.148438 0.431640 0.218750 0.431640 0.218750 0.492188 0.148438 0.492188
0 0.976562 0.429688 1.000000 0.429688 1.000000 0.482422 0.976562 0.482422
0 0.496094 0.425781 0.550782 0.425781 0.550782 0.478515 0.496094 0.478515
0 0.796875 0.419922 0.828125 0.419922 0.828125 0.484374 0.796875 0.484374
0 0.564453 0.414062 0.613281 0.414062 0.613281 0.488282 0.564453 0.488282
0 0.755860 0.408203 0.785156 0.408203 0.785156 0.423828 0.755860 0.423828
0 0.000000 0.402344 0.013672 0.402344 0.013672 0.419922 0.000000 0.419922
0 0.306641 0.400391 0.357422 0.400391 0.357422 0.439453 0.306641 0.439453
0 0.128907 0.400390 0.162109 0.400390 0.162109 0.427734 0.128907 0.427734
0 0.068359 0.400390 0.082031 0.400390 0.082031 0.425782 0.068359 0.425782
0 0.607421 0.394531 0.640625 0.394531 0.640625 0.421875 0.607421 0.421875
0 0.480469 0.394531 0.496094 0.394531 0.496094 0.406251 0.480469 0.406251
0 0.664062 0.386718 0.720703 0.386718 0.720703 0.441406 0.664062 0.441406
0 0.751954 0.378906 0.771485 0.378906 0.771485 0.406250 0.751954 0.406250
0 0.648438 0.365235 0.687500 0.365235 0.687500 0.394532 0.648438 0.394532
0 0.087890 0.365234 0.115234 0.365234 0.115234 0.390626 0.087890 0.390626
0 0.972656 0.359376 1.000000 0.359376 1.000000 0.410156 0.972656 0.410156
0 0.701171 0.357423 0.744140 0.357423 0.744140 0.376953 0.701171 0.376953
0 0.404297 0.357422 0.453125 0.357422 0.453125 0.400391 0.404297 0.400391
0 0.302734 0.347656 0.328126 0.347656 0.328126 0.388672 0.302734 0.388672
0 0.000000 0.333984 0.021484 0.333984 0.021484 0.351562 0.000000 0.351562
0 0.718749 0.330078 0.761718 0.330078 0.761718 0.361328 0.718749 0.361328
0 0.931640 0.326172 0.986328 0.326172 0.986328 0.398438 0.931640 0.398438
0 0.617187 0.324218 0.658203 0.324218 0.658203 0.353515 0.617187 0.353515
0 0.539062 0.322266 0.583984 0.322266 0.583984 0.402344 0.539062 0.402344
0 0.232421 0.322265 0.283202 0.322265 0.283202 0.355468 0.232421 0.355468
0 0.865234 0.318360 0.919922 0.318360 0.919922 0.355468 0.865234 0.355468
0 0.000000 0.296875 0.021484 0.296875 0.021484 0.332031 0.000000 0.332031
0 0.501953 0.294922 0.542969 0.294922 0.542969 0.341797 0.501953 0.341797
0 0.820313 0.287110 0.855469 0.287110 0.855469 0.375000 0.820313 0.375000
0 0.251953 0.285156 0.279297 0.285156 0.279297 0.312500 0.251953 0.312500
0 0.421875 0.283204 0.457031 0.283204 0.457031 0.320312 0.421875 0.320312
0 0.318360 0.281250 0.382812 0.281250 0.382812 0.320312 0.318360 0.320312
0 0.203125 0.281250 0.246093 0.281250 0.246093 0.333984 0.203125 0.333984
0 0.619141 0.271484 0.648438 0.271484 0.648438 0.306640 0.619141 0.306640
0 0.857421 0.259766 0.900390 0.259766 0.900390 0.310547 0.857421 0.310547
0 0.199219 0.255860 0.216797 0.255860 0.216797 0.285157 0.199219 0.285157
0 0.564453 0.244141 0.613281 0.244141 0.613281 0.283203 0.564453 0.283203
0 0.242187 0.242188 0.314453 0.242188 0.314453 0.277344 0.242187 0.277344
0 0.960938 0.240234 1.000000 0.240234 1.000000 0.267578 0.960938 0.267578
0 0.394531 0.230469 0.437501 0.230469 0.437501 0.261719 0.394531 0.261719
0 0.000001 0.230468 0.019532 0.230468 0.019532 0.259765 0.000001 0.259765
0 0.746094 0.226562 0.775390 0.226562 0.775390 0.289062 0.746094 0.289062
0 0.117188 0.226562 0.128907 0.226562 0.128907 0.242188 0.117188 0.242188
0 0.935547 0.224609 0.986328 0.224609 0.986328 0.253906 0.935547 0.253906
0 0.619140 0.214844 0.652344 0.214844 0.652344 0.263672 0.619140 0.263672
0 0.769531 0.212891 0.804687 0.212891 0.804687 0.238282 0.769531 0.238282
0 0.000000 0.208984 0.021484 0.208984 0.021484 0.228516 0.000000 0.228516
0 0.455078 0.207031 0.500000 0.207031 0.500000 0.291015 0.455078 0.291015
0 0.830079 0.203125 0.876954 0.203125 0.876954 0.283203 0.830079 0.283203
0 0.166016 0.203126 0.197266 0.203126 0.197266 0.236328 0.166016 0.236328
0 0.025391 0.201172 0.078125 0.201172 0.078125 0.281250 0.025391 0.281250
0 0.000000 0.193359 0.017578 0.193359 0.017578 0.203125 0.000000 0.203125
0 0.265625 0.187499 0.384765 0.187499 0.384765 0.248047 0.265625 0.248047
0 0.527344 0.175781 0.576172 0.175781 0.576172 0.226562 0.527344 0.226562
0 0.921875 0.169922 0.980469 0.169922 0.980469 0.224610 0.921875 0.224610
0 0.373047 0.169922 0.447266 0.169922 0.447266 0.214844 0.373047 0.214844
0 0.011719 0.166016 0.037110 0.166016 0.037110 0.181641 0.011719 0.181641
0 0.474610 0.162109 0.511718 0.162109 0.511718 0.191407 0.474610 0.191407
0 0.275391 0.150390 0.296875 0.150390 0.296875 0.177734 0.275391 0.177734
0 0.185547 0.146484 0.242188 0.146484 0.242188 0.244140 0.185547 0.244140
0 0.796875 0.144532 0.851563 0.144532 0.851563 0.181641 0.796875 0.181641
0 0.212890 0.140625 0.236328 0.140625 0.236328 0.175781 0.212890 0.175781
0 0.000001 0.138672 0.019532 0.138672 0.019532 0.154297 0.000001 0.154297
0 0.621094 0.134766 0.646485 0.134766 0.646485 0.160157 0.621094 0.160157
0 0.300781 0.130860 0.359375 0.130860 0.359375 0.201172 0.300781 0.201172
0 0.986328 0.117188 1.000000 0.117188 1.000000 0.136719 0.986328 0.136719
0 0.320312 0.115234 0.361328 0.115234 0.361328 0.138672 0.320312 0.138672
0 0.902343 0.111328 0.925781 0.111328 0.925781 0.132812 0.902343 0.132812
0 0.925781 0.109374 0.939453 0.109374 0.939453 0.121094 0.925781 0.121094
0 0.535156 0.109375 0.552734 0.109375 0.552734 0.132813 0.535156 0.132813
0 0.699219 0.103515 0.726563 0.103515 0.726563 0.140624 0.699219 0.140624
0 0.455078 0.103515 0.505860 0.103515 0.505860 0.144531 0.455078 0.144531
0 0.353515 0.093750 0.412109 0.093750 0.412109 0.164062 0.353515 0.164062
0 0.554688 0.089844 0.611328 0.089844 0.611328 0.152344 0.554688 0.152344
0 0.816407 0.087891 0.859376 0.087891 0.859376 0.126953 0.816407 0.126953
0 0.990234 0.083985 1.000000 0.083985 1.000000 0.099610 0.990234 0.099610
0 0.619141 0.083985 0.671875 0.083985 0.671875 0.109376 0.619141 0.109376
0 0.000000 0.083985 0.041016 0.083985 0.041016 0.109376 0.000000 0.109376
0 0.527344 0.060547 0.548828 0.060547 0.548828 0.080077 0.527344 0.080077
0 0.882813 0.058593 0.921875 0.058593 0.921875 0.101562 0.882813 0.101562
0 0.435547 0.056641 0.496094 0.056641 0.496094 0.101563 0.435547 0.101563
0 0.107422 0.056641 0.195312 0.056641 0.195312 0.119141 0.107422 0.119141
0 0.736328 0.054687 0.761718 0.054687 0.761718 0.085937 0.736328 0.085937
0 0.203125 0.054687 0.220703 0.054687 0.220703 0.085937 0.203125 0.085937
0 0.000000 0.046874 0.013672 0.046874 0.013672 0.072265 0.000000 0.072265
0 0.142578 0.037110 0.175781 0.037110 0.175781 0.058594 0.142578 0.058594
0 0.611328 0.035156 0.669922 0.035156 0.669922 0.078126 0.611328 0.078126
0 0.041015 0.029297 0.082031 0.029297 0.082031 0.074219 0.041015 0.074219
0 0.240235 0.027344 0.304688 0.027344 0.304688 0.080078 0.240235 0.080078
0 0.443359 0.023437 0.498047 0.023437 0.498047 0.050781 0.443359 0.050781
0 0.314453 0.015625 0.357423 0.015625 0.357423 0.087891 0.314453 0.087891
0 0.023437 0.009765 0.056640 0.009765 0.056640 0.050781 0.023437 0.050781
0 0.476562 0.001953 0.537109 0.001953 0.537109 0.041015 0.476562 0.041015
0 0.117188 0.001954 0.214844 0.001954 0.214844 0.048828 0.117188 0.048828
0 0.976562 0.000000 1.000000 0.000000 1.000000 0.017578 0.976562 0.017578
0 0.910156 0.000000 0.937500 0.000000 0.937500 0.025390 0.910156 0.025390
0 0.882812 0.000000 0.902343 0.000000 0.902343 0.013672 0.882812 0.013672
0 0.812500 0.000000 0.859375 0.000000 0.859375 0.031250 0.812500 0.031250
0 0.625000 0.000000 0.652344 0.000000 0.652344 0.025390 0.625000 0.025390
0 0.503906 0.000001 0.513672 0.000001 0.513672 0.005860 0.503906 0.005860
0 0.382812 0.000001 0.406250 0.000001 0.406250 0.046876 0.382812 0.046876
0 0.302734 0.000001 0.326172 0.000001 0.326172 0.005860 0.302734 0.005860
0 0.263671 0.000000 0.289062 0.000000 0.289062 0.013672 0.263671 0.013672
0 0.226562 0.000000 0.253906 0.000000 0.253906 0.007812 0.226562 0.007812
0 0.087890 0.000000 0.124999 0.000000 0.124999 0.021484 0.087890 0.021484
0 0.000000 0.000000 0.013672 0.000000 0.013672 0.011718 0.000000 0.011718
