0 0.992188 0.996094 1.000000 0.996094 1.000000 1.000000 0.992188 1.000000
0 0.830078 0.994140 0.851562 0.994140 0.851562 1.000000 0.830078 1.000000
0 0.519531 0.992188 0.546875 0.992188 0.546875 1.000000 0.519531 1.000000
0 0.925782 0.990234 0.968751 0.990234 0.968751 1.000000 0.925782 1.000000
0 0.761718 0.990234 0.812499 0.990234 0.812499 1.000000 0.761718 1.000000
0 0.384765 0.990234 0.417968 0.990234 0.417968 1.000000 0.384765 1.000000
0 0.335938 0.988282 0.369140 0.988282 0.369140 1.000000 0.335938 1.000000
0 0.777344 0.974610 0.818360 0.974610 0.818360 0.990235 0.777344 0.990235
0 0.740234 0.974610 0.753906 0.974610 0.753906 0.994140 0.740234 0.994140
0 0.562500 0.974610 0.597656 0.974610 0.597656 1.000000 0.562500 1.000000
0 0.455078 0.970704 0.474609 0.970704 0.474609 0.990235 0.455078 0.990235
0 0.214843 0.958985 0.261718 0.958985 0.261718 0.996094 0.214843 0.996094
0 0.115235 0.953124 0.148438 0.953124 0.148438 0.996093 0.115235 0.996093
0 0.701172 0.951172 0.736328 0.951172 0.736328 1.000000 0.701172 1.000000
0 0.148437 0.947266 0.171875 0.947266 0.171875 0.976562 0.148437 0.976562
0 0.541016 0.945312 0.589844 0.945312 0.589844 0.972656 0.541016 0.972656
0 0.677735 0.943360 0.716797 0.943360 0.716797 0.978516 0.677735 0.978516
0 0.083985 0.937500 0.113281 0.937500 0.113281 0.958984 0.083985 0.958984
0 0.048828 0.935547 0.074219 0.935547 0.074219 0.955078 0.048828 0.955078
0 0.248047 0.933594 0.277344 0.933594 0.277344 0.968750 0.248047 0.968750
0 0.156250 0.933594 0.210938 0.933594 0.210938 1.000000 0.156250 1.000000
0 0.658203 0.931641 0.707031 0.931641 0.707031 0.994141 0.658203 0.994141
0 0.751954 0.927735 0.830079 0.927735 0.830079 0.970704 0.751954 0.970704
0 0.626954 0.927735 0.656250 0.927735 0.656250 0.970704 0.626954 0.970704
0 0.488281 0.927734 0.525390 0.927734 0.525390 0.986328 0.488281 0.986328
0 0.882812 0.921875 0.916016 0.921875 0.916016 0.986329 0.882812 0.986329
0 0.117187 0.917968 0.150390 0.917968 0.150390 0.933593 0.117187 0.933593
0 0.828125 0.916016 0.853515 0.916016 0.853515 0.964844 0.828125 0.964844
0 0.390625 0.916016 0.427735 0.916016 0.427735 0.951172 0.390625 0.951172
0 0.863281 0.914062 0.880859 0.914062 0.880859 0.927734 0.863281 0.927734
0 0.441407 0.914062 0.478515 0.914062 0.478515 0.937500 0.441407 0.937500
0 0.919921 0.912109 0.998046 0.912109 0.998046 0.992187 0.919921 0.992187
0 0.529297 0.912109 0.585938 0.912109 0.585938 0.953125 0.529297 0.953125
0 0.025391 0.910156 0.050782 0.910156 0.050782 0.937500 0.025391 0.937500
0 0.361329 0.906250 0.398438 0.906250 0.398438 0.945312 0.361329 0.945312
0 0.595703 0.902344 0.621093 0.902344 0.621093 0.931640 0.595703 0.931640
0 0.052735 0.902344 0.060547 0.902344 0.060547 0.916016 0.052735 0.916016
0 0.761719 0.892578 0.800781 0.892578 0.800781 0.925782 0.761719 0.925782
0 0.138672 0.884766 0.171874 0.884766 0.171874 0.914062 0.138672 0.914062
0 0.478515 0.880859 0.519531 0.880859 0.519531 0.908203 0.478515 0.908203
0 0.167969 0.880859 0.199219 0.880859 0.199219 0.914062 0.167969 0.914062
0 0.093749 0.880860 0.123046 0.880860 0.123046 0.916016 0.093749 0.916016
0 0.603515 0.878906 0.640625 0.878906 0.640625 0.902344 0.603515 0.902344
0 0.878907 0.874999 0.894532 0.874999 0.894532 0.886718 0.878907 0.886718
0 0.650390 0.871094 0.746094 0.871094 0.746094 0.923828 0.650390 0.923828
0 0.982422 0.867188 1.000000 0.867188 1.000000 0.896484 0.982422 0.896484
0 0.533203 0.867188 0.554687 0.867188 0.554687 0.888672 0.533203 0.888672
0 0.849610 0.861328 0.884766 0.861328 0.884766 0.916016 0.849610 0.916016
0 0.654297 0.861328 0.693359 0.861328 0.693359 0.882812 0.654297 0.882812
0 0.625000 0.861328 0.650390 0.861328 0.650390 0.882812 0.625000 0.882812
0 0.804687 0.859375 0.845703 0.859375 0.845703 0.898437 0.804687 0.898437
0 0.417969 0.859375 0.462891 0.859375 0.462891 0.908203 0.417969 0.908203
0 0.470703 0.855469 0.523437 0.855469 0.523437 0.878907 0.470703 0.878907
0 0.197266 0.853515 0.230468 0.853515 0.230468 0.900390 0.197266 0.900390
0 0.728515 0.851562 0.785156 0.851562 0.785156 0.908203 0.728515 0.908203
0 0.330078 0.849610 0.345703 0.849610 0.345703 0.878906 0.330078 0.878906
0 0.000000 0.849610 0.048828 0.849610 0.048828 0.896485 0.000000 0.896485
0 0.179688 0.843750 0.197266 0.843750 0.197266 0.865234 0.179688 0.865234
0 0.658203 0.841797 0.699219 0.841797 0.699219 0.861328 0.658203 0.861328
0 0.357422 0.841797 0.369141 0.841797 0.369141 0.863281 0.357422 0.863281
0 0.380859 0.839843 0.421875 0.839843 0.421875 0.890624 0.380859 0.890624
0 0.212890 0.839844 0.240234 0.839844 0.240234 0.871094 0.212890 0.871094
0 0.894532 0.837890 0.923828 0.837890 0.923828 0.857421 0.894532 0.857421
0 0.136719 0.837891 0.167969 0.837891 0.167969 0.873047 0.136719 0.873047
0 0.498047 0.832032 0.519531 0.832032 0.519531 0.851562 0.498047 0.851562
0 0.427734 0.832032 0.468750 0.832032 0.468750 0.861328 0.427734 0.861328
0 0.970704 0.830078 1.000000 0.830078 1.000000 0.875000 0.970704 0.875000
0 0.531250 0.824219 0.578125 0.824219 0.578125 0.853515 0.531250 0.853515
0 0.000000 0.824219 0.025390 0.824219 0.025390 0.853515 0.000000 0.853515
0 0.933594 0.820313 0.974610 0.820313 0.974610 0.855469 0.933594 0.855469
0 0.101562 0.818359 0.134766 0.818359 0.134766 0.849609 0.101562 0.849609
0 0.662109 0.814453 0.693359 0.814453 0.693359 0.837891 0.662109 0.837891
0 0.058594 0.814453 0.111328 0.814453 0.111328 0.878907 0.058594 0.878907
0 0.755859 0.810547 0.783203 0.810547 0.783203 0.863281 0.755859 0.863281
0 0.175781 0.806641 0.226562 0.806641 0.226562 0.837891 0.175781 0.837891
0 0.302734 0.802735 0.328126 0.802735 0.328126 0.822265 0.302734 0.822265
0 0.427734 0.798828 0.482422 0.798828 0.482422 0.833984 0.427734 0.833984
0 0.785156 0.794922 0.826172 0.794922 0.826172 0.845703 0.785156 0.845703
0 0.707031 0.794922 0.738281 0.794922 0.738281 0.832032 0.707031 0.832032
0 0.486328 0.792969 0.505860 0.792969 0.505860 0.832031 0.486328 0.832031
0 0.652343 0.789062 0.671874 0.789062 0.671874 0.818359 0.652343 0.818359
0 0.509765 0.789062 0.529296 0.789062 0.529296 0.804688 0.509765 0.804688
0 0.683593 0.787109 0.699218 0.787109 0.699218 0.804687 0.683593 0.804687
0 0.988282 0.785156 1.000000 0.785156 1.000000 0.808594 0.988282 0.808594
0 0.595703 0.779297 0.621093 0.779297 0.621093 0.800781 0.595703 0.800781
0 0.009766 0.777344 0.074218 0.777344 0.074218 0.804688 0.009766 0.804688
0 0.552734 0.775391 0.656250 0.775391 0.656250 0.851563 0.552734 0.851563
0 0.933594 0.773438 0.986328 0.773438 0.986328 0.812500 0.933594 0.812500
0 0.144531 0.771485 0.167969 0.771485 0.167969 0.810547 0.144531 0.810547
0 0.386719 0.767578 0.431641 0.767578 0.431641 0.798828 0.386719 0.798828
0 0.337891 0.765625 0.369141 0.765625 0.369141 0.824219 0.337891 0.824219
0 0.171875 0.765625 0.234375 0.765625 0.234375 0.802735 0.171875 0.802735
0 0.876953 0.763672 0.886719 0.763672 0.886719 0.783203 0.876953 0.783203
0 0.837890 0.761719 0.847656 0.761719 0.847656 0.771485 0.837890 0.771485
0 0.367188 0.757812 0.384766 0.757812 0.384766 0.777343 0.367188 0.777343
0 0.492188 0.753906 0.544922 0.753906 0.544922 0.787110 0.492188 0.787110
0 0.089844 0.753907 0.136719 0.753907 0.136719 0.796876 0.089844 0.796876
0 0.556641 0.751953 0.591797 0.751953 0.591797 0.783203 0.556641 0.783203
0 0.027344 0.750000 0.044922 0.750000 0.044922 0.773438 0.027344 0.773438
0 0.964844 0.746093 0.996094 0.746093 0.996094 0.779297 0.964844 0.779297
0 0.679688 0.742188 0.740234 0.742188 0.740234 0.789062 0.679688 0.789062
0 0.835938 0.740234 0.851562 0.740234 0.851562 0.753906 0.835938 0.753906
0 0.751953 0.736328 0.832031 0.736328 0.832031 0.802734 0.751953 0.802734
0 0.619140 0.736328 0.646484 0.736328 0.646484 0.791016 0.619140 0.791016
0 0.492188 0.736329 0.507812 0.736329 0.507812 0.751954 0.492188 0.751954
0 0.443359 0.730469 0.470703 0.730469 0.470703 0.757813 0.443359 0.757813
0 0.224609 0.726562 0.265625 0.726562 0.265625 0.783203 0.224609 0.783203
0 0.945312 0.724609 0.964843 0.724609 0.964843 0.755859 0.945312 0.755859
0 0.570312 0.716797 0.607422 0.716797 0.607422 0.742188 0.570312 0.742188
0 0.855469 0.710937 0.884765 0.710937 0.884765 0.751953 0.855469 0.751953
0 0.642578 0.708985 0.673828 0.708985 0.673828 0.734375 0.642578 0.734375
0 0.619141 0.708985 0.636719 0.708985 0.636719 0.728515 0.619141 0.728515
0 0.095703 0.708985 0.115234 0.708985 0.115234 0.734375 0.095703 0.734375
0 0.822266 0.705078 0.849610 0.705078 0.849610 0.738282 0.822266 0.738282
0 0.378906 0.703124 0.437500 0.703124 0.437500 0.777343 0.378906 0.777343
0 0.960937 0.699219 0.974609 0.699219 0.974609 0.726563 0.960937 0.726563
0 0.498047 0.699218 0.527343 0.699218 0.527343 0.732422 0.498047 0.732422
0 0.173827 0.699219 0.230468 0.699219 0.230468 0.759765 0.173827 0.759765
0 0.134765 0.699218 0.144531 0.699218 0.144531 0.718749 0.134765 0.718749
0 0.900390 0.697265 0.937500 0.697265 0.937500 0.769531 0.900390 0.769531
0 0.273438 0.693359 0.322266 0.693359 0.322266 0.738281 0.273438 0.738281
0 0.751953 0.689453 0.818359 0.689453 0.818359 0.738281 0.751953 0.738281
0 0.474610 0.687500 0.509766 0.687500 0.509766 0.722656 0.474610 0.722656
0 0.158203 0.685547 0.197265 0.685547 0.197265 0.714843 0.158203 0.714843
0 0.869140 0.679688 0.906250 0.679688 0.906250 0.718750 0.869140 0.718750
0 0.636719 0.677734 0.654297 0.677734 0.654297 0.691406 0.636719 0.691406
0 0.681641 0.673828 0.744141 0.673828 0.744141 0.736328 0.681641 0.736328
0 0.064453 0.671875 0.097657 0.671875 0.097657 0.732421 0.064453 0.732421
0 0.320313 0.669921 0.359375 0.669921 0.359375 0.712890 0.320313 0.712890
0 0.734375 0.662109 0.771485 0.662109 0.771485 0.695312 0.734375 0.695312
0 0.412109 0.662110 0.423828 0.662110 0.423828 0.677735 0.412109 0.677735
0 0.164062 0.662110 0.189453 0.662110 0.189453 0.681640 0.164062 0.681640
0 0.390626 0.660156 0.410156 0.660156 0.410156 0.695312 0.390626 0.695312
0 0.347656 0.660157 0.396484 0.660157 0.396484 0.751953 0.347656 0.751953
0 0.585937 0.656250 0.630859 0.656250 0.630859 0.691406 0.585937 0.691406
0 0.425781 0.656250 0.449219 0.656250 0.449219 0.693360 0.425781 0.693360
0 0.248047 0.646485 0.291016 0.646485 0.291016 0.707031 0.248047 0.707031
0 0.726562 0.642578 0.763672 0.642578 0.763672 0.667968 0.726562 0.667968
0 0.451171 0.642578 0.476562 0.642578 0.476562 0.681640 0.451171 0.681640
0 0.140625 0.640625 0.167969 0.640625 0.167969 0.689453 0.140625 0.689453
0 0.089844 0.640625 0.128906 0.640625 0.128906 0.695313 0.089844 0.695313
0 0.449219 0.636718 0.499999 0.636718 0.499999 0.710938 0.449219 0.710938
0 0.228516 0.636719 0.250000 0.636719 0.250000 0.650391 0.228516 0.650391
0 0.953125 0.634765 1.000000 0.634765 1.000000 0.720703 0.953125 0.720703
0 0.574219 0.621094 0.619141 0.621094 0.619141 0.656250 0.574219 0.656250
0 0.197266 0.617187 0.208984 0.617187 0.208984 0.630859 0.197266 0.630859
0 0.007812 0.617188 0.072265 0.617188 0.072265 0.714844 0.007812 0.714844
0 0.429688 0.613282 0.447266 0.613282 0.447266 0.638672 0.429688 0.638672
0 0.275390 0.613281 0.302734 0.613281 0.302734 0.644531 0.275390 0.644531
0 0.632812 0.611328 0.693359 0.611328 0.693359 0.666016 0.632812 0.666016
0 0.525390 0.611328 0.550781 0.611328 0.550781 0.648438 0.525390 0.648438
0 0.777344 0.605469 0.826172 0.605469 0.826172 0.650391 0.777344 0.650391
0 0.888672 0.599610 0.951172 0.599610 0.951172 0.652344 0.888672 0.652344
0 0.390625 0.599610 0.417969 0.599610 0.417969 0.625000 0.390625 0.625000
0 0.789062 0.591797 0.804688 0.591797 0.804688 0.605469 0.789062 0.605469
0 0.835937 0.585938 0.876953 0.585938 0.876953 0.636718 0.835937 0.636718
0 0.292968 0.585937 0.335938 0.585937 0.335938 0.613281 0.292968 0.613281
0 0.769531 0.583985 0.783203 0.583985 0.783203 0.613281 0.769531 0.613281
0 0.451172 0.582031 0.498047 0.582031 0.498047 0.630859 0.451172 0.630859
0 0.193360 0.580078 0.214844 0.580078 0.214844 0.601562 0.193360 0.601562
0 0.818360 0.576172 0.833985 0.576172 0.833985 0.599610 0.818360 0.599610
0 0.126952 0.576172 0.152343 0.576172 0.152343 0.617188 0.126952 0.617188
0 0.873047 0.574218 0.886719 0.574218 0.886719 0.593749 0.873047 0.593749
0 0.039062 0.574219 0.089843 0.574219 0.089843 0.615235 0.039062 0.615235
0 0.544922 0.570312 0.572266 0.570312 0.572266 0.603516 0.544922 0.603516
0 0.437499 0.566406 0.462891 0.566406 0.462891 0.583984 0.437499 0.583984
0 0.355468 0.564454 0.380860 0.564454 0.380860 0.593750 0.355468 0.593750
0 0.894532 0.560547 0.923828 0.560547 0.923828 0.597657 0.894532 0.597657
0 0.304688 0.558594 0.322266 0.558594 0.322266 0.580078 0.304688 0.580078
0 0.775391 0.552734 0.783203 0.552734 0.783203 0.566406 0.775391 0.566406
0 0.173828 0.550781 0.210938 0.550781 0.210938 0.583985 0.173828 0.583985
0 0.486328 0.548828 0.531250 0.548828 0.531250 0.591797 0.486328 0.591797
0 0.156250 0.542968 0.187500 0.542968 0.187500 0.576172 0.156250 0.576172
0 0.414063 0.541016 0.445313 0.541016 0.445313 0.572266 0.414063 0.572266
0 0.968751 0.539062 0.988282 0.539062 0.988282 0.576172 0.968751 0.576172
0 0.449219 0.535157 0.466797 0.535157 0.466797 0.550782 0.449219 0.550782
0 0.373047 0.533204 0.406249 0.533204 0.406249 0.562500 0.373047 0.562500
0 0.734375 0.529297 0.769531 0.529297 0.769531 0.580078 0.734375 0.580078
0 0.255860 0.529297 0.292968 0.529297 0.292968 0.568359 0.255860 0.568359
0 0.306640 0.525391 0.347656 0.525391 0.347656 0.560547 0.306640 0.560547
0 0.197265 0.525390 0.220703 0.525390 0.220703 0.544921 0.197265 0.544921
0 0.445312 0.517578 0.460938 0.517578 0.460938 0.531250 0.445312 0.531250
0 0.392578 0.517578 0.406250 0.517578 0.406250 0.539062 0.392578 0.539062
0 0.128907 0.517578 0.175782 0.517578 0.175782 0.542968 0.128907 0.542968
0 0.023437 0.517579 0.056640 0.517579 0.056640 0.564454 0.023437 0.564454
0 0.472656 0.515625 0.501953 0.515625 0.501953 0.542969 0.472656 0.542969
0 0.794921 0.509766 0.890625 0.509766 0.890625 0.562500 0.794921 0.562500
0 0.003906 0.507812 0.021484 0.507812 0.021484 0.523438 0.003906 0.523438
0 0.953125 0.501954 0.982421 0.501954 0.982421 0.531250 0.953125 0.531250
0 0.236328 0.501953 0.271484 0.501953 0.271484 0.537109 0.236328 0.537109
0 0.357422 0.500000 0.388672 0.500000 0.388672 0.531250 0.357422 0.531250
0 0.740235 0.496094 0.783204 0.496094 0.783204 0.537110 0.740235 0.537110
0 0.687500 0.496094 0.710938 0.496094 0.710938 0.521485 0.687500 0.521485
0 0.398438 0.496093 0.433594 0.496093 0.433594 0.539062 0.398438 0.539062
0 0.628907 0.494140 0.679688 0.494140 0.679688 0.535156 0.628907 0.535156
0 0.886719 0.486328 0.912110 0.486328 0.912110 0.517578 0.886719 0.517578
0 0.552734 0.486328 0.585938 0.486328 0.585938 0.519532 0.552734 0.519532
0 0.972657 0.484375 0.992188 0.484375 0.992188 0.523437 0.972657 0.523437
0 0.273437 0.484375 0.318359 0.484375 0.318359 0.525391 0.273437 0.525391
0 0.328126 0.482422 0.361328 0.482422 0.361328 0.541016 0.328126 0.541016
0 0.851562 0.478515 0.880859 0.478515 0.880859 0.519531 0.851562 0.519531
0 0.316407 0.476563 0.335938 0.476563 0.335938 0.494141 0.316407 0.494141
0 0.177735 0.474609 0.230469 0.474609 0.230469 0.519531 0.177735 0.519531
0 0.507812 0.468750 0.550782 0.468750 0.550782 0.507812 0.507812 0.507812
0 0.439452 0.468750 0.464844 0.468750 0.464844 0.505860 0.439452 0.505860
0 0.800781 0.466797 0.845703 0.466797 0.845703 0.521485 0.800781 0.521485
0 0.103515 0.466797 0.146484 0.466797 0.146484 0.527343 0.103515 0.527343
0 0.017578 0.460938 0.095703 0.460938 0.095703 0.562500 0.017578 0.562500
0 0.591796 0.458984 0.625000 0.458984 0.625000 0.513672 0.591796 0.513672
0 0.726562 0.449219 0.781250 0.449219 0.781250 0.476563 0.726562 0.476563
0 0.230468 0.449219 0.273438 0.449219 0.273438 0.496094 0.230468 0.496094
0 0.966796 0.445313 1.000000 0.445313 1.000000 0.476563 0.966796 0.476563
0 0.494141 0.445313 0.507813 0.445313 0.507813 0.476563 0.494141 0.476563
0 0.517579 0.441407 0.546875 0.441407 0.546875 0.460938 0.517579 0.460938
0 0.880859 0.439453 0.912109 0.439453 0.912109 0.478515 0.880859 0.478515
0 0.003907 0.439453 0.046876 0.439453 0.046876 0.478515 0.003907 0.478515
0 0.447266 0.431641 0.482422 0.431641 0.482422 0.490235 0.447266 0.490235
0 0.365235 0.427735 0.421875 0.427735 0.421875 0.488282 0.365235 0.488282
0 0.158203 0.425781 0.203125 0.425781 0.203125 0.498047 0.158203 0.498047
0 0.669922 0.423828 0.708984 0.423828 0.708984 0.474609 0.669922 0.474609
0 0.572265 0.423828 0.578125 0.423828 0.578125 0.437500 0.572265 0.437500
0 0.621094 0.421875 0.662110 0.421875 0.662110 0.488281 0.621094 0.488281
0 0.253906 0.421875 0.296876 0.421875 0.296876 0.460937 0.253906 0.460937
0 0.339844 0.416015 0.384766 0.416015 0.384766 0.462890 0.339844 0.462890
0 0.490235 0.410156 0.558594 0.410156 0.558594 0.437500 0.490235 0.437500
0 0.853516 0.408203 0.884766 0.408203 0.884766 0.460937 0.853516 0.460937
0 0.460938 0.408203 0.482422 0.408203 0.482422 0.435547 0.460938 0.435547
0 0.031251 0.406250 0.095703 0.406250 0.095703 0.458984 0.031251 0.458984
0 0.011719 0.404297 0.039063 0.404297 0.039063 0.416016 0.011719 0.416016
0 0.294922 0.402344 0.341797 0.402344 0.341797 0.474610 0.294922 0.474610
0 0.128906 0.400390 0.169922 0.400390 0.169922 0.443360 0.128906 0.443360
0 0.673828 0.398438 0.707032 0.398438 0.707032 0.431640 0.673828 0.431640
0 0.429687 0.398438 0.453125 0.398438 0.453125 0.416016 0.429687 0.416016
0 0.792968 0.396484 0.808593 0.396484 0.808593 0.431640 0.792968 0.431640
0 0.177734 0.396484 0.226562 0.396484 0.226562 0.427734 0.177734 0.427734
0 0.658203 0.394531 0.664062 0.394531 0.664062 0.406251 0.658203 0.406251
0 0.714844 0.390626 0.781250 0.390626 0.781250 0.455078 0.714844 0.455078
0 0.542969 0.390625 0.566407 0.390625 0.566407 0.414063 0.542969 0.414063
0 0.345703 0.390625 0.363281 0.390625 0.363281 0.427735 0.345703 0.427735
0 0.287109 0.390624 0.314453 0.390624 0.314453 0.419922 0.287109 0.419922
0 0.582032 0.388672 0.593751 0.388672 0.593751 0.400391 0.582032 0.400391
0 0.208984 0.388672 0.263672 0.388672 0.263672 0.457032 0.208984 0.457032
0 0.611328 0.386718 0.656250 0.386718 0.656250 0.416015 0.611328 0.416015
0 0.810546 0.382812 0.843750 0.382812 0.843750 0.447265 0.810546 0.447265
0 0.513671 0.382812 0.529296 0.382812 0.529296 0.408204 0.513671 0.408204
0 0.000000 0.380860 0.013672 0.380860 0.013672 0.400390 0.000000 0.400390
0 0.037110 0.378906 0.087890 0.378906 0.087890 0.406250 0.037110 0.406250
0 0.976562 0.376953 1.000000 0.376953 1.000000 0.425781 0.976562 0.425781
0 0.927735 0.371094 0.984375 0.371094 0.984375 0.478516 0.927735 0.478516
0 0.306641 0.369140 0.341797 0.369140 0.341797 0.392578 0.306641 0.392578
0 0.140625 0.369140 0.164063 0.369140 0.164063 0.398438 0.140625 0.398438
0 0.375001 0.367188 0.394531 0.367188 0.394531 0.388672 0.375001 0.388672
0 0.824219 0.365234 0.859375 0.365234 0.859375 0.414062 0.824219 0.414062
0 0.173828 0.355469 0.207031 0.355469 0.207031 0.396485 0.173828 0.396485
0 0.093749 0.353516 0.123046 0.353516 0.123046 0.402344 0.093749 0.402344
0 0.068360 0.349610 0.097656 0.349610 0.097656 0.384766 0.068360 0.384766
0 0.861329 0.345703 0.890625 0.345703 0.890625 0.394531 0.861329 0.394531
0 0.253906 0.345703 0.298828 0.345703 0.298828 0.388673 0.253906 0.388673
0 0.404296 0.343750 0.429688 0.343750 0.429688 0.375000 0.404296 0.375000
0 0.466797 0.341797 0.521485 0.341797 0.521485 0.394531 0.466797 0.394531
0 0.652344 0.337890 0.677735 0.337890 0.677735 0.375000 0.652344 0.375000
0 0.378906 0.335938 0.396484 0.335938 0.396484 0.361329 0.378906 0.361329
0 0.328126 0.335937 0.361328 0.335937 0.361328 0.359375 0.328126 0.359375
0 0.964844 0.330078 1.000000 0.330078 1.000000 0.371094 0.964844 0.371094
0 0.857422 0.330078 0.875000 0.330078 0.875000 0.347656 0.857422 0.347656
0 0.720703 0.328125 0.804687 0.328125 0.804687 0.400391 0.720703 0.400391
0 0.626953 0.328124 0.636719 0.328124 0.636719 0.339844 0.626953 0.339844
0 0.300782 0.326172 0.320312 0.326172 0.320312 0.357422 0.300782 0.357422
0 0.216797 0.326172 0.248047 0.326172 0.248047 0.376952 0.216797 0.376952
0 0.791015 0.324219 0.828125 0.324219 0.828125 0.359375 0.791015 0.359375
0 0.136719 0.324219 0.164063 0.324219 0.164063 0.359375 0.136719 0.359375
0 0.644531 0.322266 0.654297 0.322266 0.654297 0.341797 0.644531 0.341797
0 0.423828 0.322266 0.468750 0.322266 0.468750 0.357422 0.423828 0.357422
0 0.000000 0.318359 0.007812 0.318359 0.007812 0.328125 0.000000 0.328125
0 0.025390 0.316406 0.058594 0.316406 0.058594 0.339844 0.025390 0.339844
0 0.828125 0.312501 0.855469 0.312501 0.855469 0.332031 0.828125 0.332031
0 0.472656 0.312500 0.498048 0.312500 0.498048 0.335938 0.472656 0.335938
0 0.425781 0.312500 0.439453 0.312500 0.439453 0.322266 0.425781 0.322266
0 0.388672 0.312500 0.412110 0.312500 0.412110 0.335938 0.388672 0.335938
0 0.304687 0.308593 0.349609 0.308593 0.349609 0.332031 0.304687 0.332031
0 0.771485 0.306640 0.800781 0.306640 0.800781 0.330078 0.771485 0.330078
0 0.216797 0.304687 0.226563 0.304687 0.226563 0.318359 0.216797 0.318359
0 0.162109 0.304687 0.216797 0.304687 0.216797 0.349609 0.162109 0.349609
0 0.005859 0.304688 0.023437 0.304688 0.023437 0.316407 0.005859 0.316407
0 0.935547 0.302735 0.960938 0.302735 0.960938 0.355469 0.935547 0.355469
0 0.095703 0.294921 0.142578 0.294921 0.142578 0.351562 0.095703 0.351562
0 0.503906 0.289063 0.541015 0.289063 0.541015 0.324219 0.503906 0.324219
0 0.146485 0.289062 0.158203 0.289062 0.158203 0.304688 0.146485 0.304688
0 0.859375 0.287110 0.880859 0.287110 0.880859 0.326172 0.859375 0.326172
0 0.058594 0.287109 0.093750 0.287109 0.093750 0.330078 0.058594 0.330078
0 0.792969 0.283203 0.824219 0.283203 0.824219 0.310547 0.792969 0.310547
0 0.976562 0.279297 1.000000 0.279297 1.000000 0.328125 0.976562 0.328125
0 0.824218 0.279297 0.839843 0.279297 0.839843 0.298827 0.824218 0.298827
0 0.685547 0.279297 0.714843 0.279297 0.714843 0.400391 0.685547 0.400391
0 0.574218 0.275391 0.652343 0.275391 0.652343 0.326172 0.574218 0.326172
0 0.269532 0.273438 0.333985 0.273438 0.333985 0.306640 0.269532 0.306640
0 0.480469 0.271485 0.507813 0.271485 0.507813 0.287110 0.480469 0.287110
0 0.158203 0.269531 0.187501 0.269531 0.187501 0.300781 0.158203 0.300781
0 0.000000 0.269531 0.021484 0.269531 0.021484 0.294923 0.000000 0.294923
0 0.437500 0.267578 0.478516 0.267578 0.478516 0.300781 0.437500 0.300781
0 0.406250 0.267578 0.429688 0.267578 0.429688 0.300781 0.406250 0.300781
0 0.525390 0.265625 0.558594 0.265625 0.558594 0.304687 0.525390 0.304687
0 0.242187 0.265625 0.261718 0.265625 0.261718 0.287109 0.242187 0.287109
0 0.060547 0.263673 0.078125 0.263673 0.078125 0.283203 0.060547 0.283203
0 0.882812 0.261719 0.945312 0.261719 0.945312 0.388672 0.882812 0.388672
0 0.257812 0.253906 0.269532 0.253906 0.269532 0.267578 0.257812 0.267578
0 0.341797 0.250000 0.380859 0.250000 0.380859 0.292969 0.341797 0.292969
0 0.937500 0.248047 0.990234 0.248047 0.990234 0.292969 0.937500 0.292969
0 0.722656 0.246093 0.777344 0.246093 0.777344 0.306640 0.722656 0.306640
0 0.031250 0.244141 0.044922 0.244141 0.044922 0.257813 0.031250 0.257813
0 0.652343 0.242188 0.675781 0.242188 0.675781 0.281250 0.652343 0.281250
0 0.304687 0.234374 0.363281 0.234374 0.363281 0.263672 0.304687 0.263672
0 0.828125 0.232422 0.863281 0.232422 0.863281 0.267578 0.828125 0.267578
0 0.791015 0.232422 0.828125 0.232422 0.828125 0.275391 0.791015 0.275391
0 0.185547 0.232422 0.208985 0.232422 0.208985 0.275391 0.185547 0.275391
0 0.730469 0.226563 0.789063 0.226563 0.789063 0.257813 0.730469 0.257813
0 0.576172 0.226562 0.642578 0.226562 0.642578 0.273438 0.576172 0.273438
0 0.513672 0.224609 0.558594 0.224609 0.558594 0.255859 0.513672 0.255859
0 0.425781 0.224609 0.447265 0.224609 0.447265 0.253906 0.425781 0.253906
0 0.480468 0.222657 0.523438 0.222657 0.523438 0.269532 0.480468 0.269532
0 0.261719 0.220703 0.328125 0.220703 0.328125 0.250001 0.261719 0.250001
0 0.646484 0.218750 0.656250 0.218750 0.656250 0.244141 0.646484 0.244141
0 0.050781 0.218750 0.064453 0.218750 0.064453 0.242188 0.050781 0.242188
0 0.115234 0.212891 0.146484 0.212891 0.146484 0.261719 0.115234 0.261719
0 0.675781 0.210938 0.708985 0.210938 0.708985 0.253906 0.675781 0.253906
0 0.066407 0.208984 0.105469 0.208984 0.105469 0.246093 0.066407 0.246093
0 0.658203 0.201172 0.689453 0.201172 0.689453 0.218750 0.658203 0.218750
0 0.345703 0.193360 0.431641 0.193360 0.431641 0.257812 0.345703 0.257812
0 0.023438 0.193359 0.058594 0.193359 0.058594 0.222657 0.023438 0.222657
0 0.625000 0.191407 0.650390 0.191407 0.650390 0.230469 0.625000 0.230469
0 0.716796 0.189453 0.759765 0.189453 0.759765 0.226562 0.716796 0.226562
0 0.000000 0.187500 0.027344 0.187500 0.027344 0.246094 0.000000 0.246094
0 0.519531 0.183594 0.560547 0.183594 0.560547 0.210938 0.519531 0.210938
0 0.847656 0.181641 0.882812 0.181641 0.882812 0.226563 0.847656 0.226563
0 0.570313 0.179688 0.605469 0.179688 0.605469 0.244140 0.570313 0.244140
0 0.144532 0.179688 0.191407 0.179688 0.191407 0.259766 0.144532 0.259766
0 0.097657 0.179688 0.123048 0.179688 0.123048 0.201172 0.097657 0.201172
0 0.896485 0.177735 0.943360 0.177735 0.943360 0.216797 0.896485 0.216797
0 0.718750 0.177735 0.726562 0.177735 0.726562 0.185547 0.718750 0.185547
0 0.318360 0.175782 0.365235 0.175782 0.365235 0.218750 0.318360 0.218750
0 0.269531 0.175781 0.316406 0.175781 0.316406 0.230469 0.269531 0.230469
0 0.193359 0.173828 0.222657 0.173828 0.222657 0.228516 0.193359 0.228516
0 0.412109 0.169922 0.492187 0.169922 0.492187 0.230469 0.412109 0.230469
0 0.744141 0.164063 0.751953 0.164063 0.751953 0.181641 0.744141 0.181641
0 0.962890 0.160156 1.000000 0.160156 1.000000 0.210938 0.962890 0.210938
0 0.468750 0.160156 0.500000 0.160156 0.500000 0.191406 0.468750 0.191406
0 0.652344 0.158203 0.673828 0.158203 0.673828 0.177735 0.652344 0.177735
0 0.228515 0.158203 0.251953 0.158203 0.251953 0.181641 0.228515 0.181641
0 0.519531 0.156250 0.558593 0.156250 0.558593 0.181641 0.519531 0.181641
0 0.265625 0.156250 0.296875 0.156250 0.296875 0.193359 0.265625 0.193359
0 0.015625 0.154297 0.033203 0.154297 0.033203 0.189453 0.015625 0.189453
0 0.857422 0.152343 0.888672 0.152343 0.888672 0.175781 0.857422 0.175781
0 0.798828 0.150391 0.853516 0.150391 0.853516 0.203125 0.798828 0.203125
0 0.244141 0.144531 0.261719 0.144531 0.261719 0.162109 0.244141 0.162109
0 0.119140 0.142578 0.160156 0.142578 0.160156 0.189453 0.119140 0.189453
0 0.085937 0.140625 0.113281 0.140625 0.113281 0.167969 0.085937 0.167969
0 0.000000 0.140625 0.009766 0.140625 0.009766 0.181641 0.000000 0.181641
0 0.929688 0.136719 0.955078 0.136719 0.955078 0.179688 0.929688 0.179688
0 0.779297 0.134766 0.814453 0.134766 0.814453 0.169922 0.779297 0.169922
0 0.902344 0.132812 0.927735 0.132812 0.927735 0.173828 0.902344 0.173828
0 0.183594 0.132812 0.216797 0.132812 0.216797 0.183594 0.183594 0.183594
0 0.962890 0.130859 0.986328 0.130859 0.986328 0.150391 0.962890 0.150391
0 0.599610 0.130859 0.619140 0.130859 0.619140 0.156250 0.599610 0.156250
0 0.308594 0.130859 0.371094 0.130859 0.371094 0.156250 0.308594 0.156250
0 0.472656 0.119141 0.498048 0.119141 0.498048 0.144532 0.472656 0.144532
0 0.199219 0.119140 0.207031 0.119140 0.207031 0.128906 0.199219 0.128906
0 0.669922 0.117188 0.697266 0.117188 0.697266 0.152344 0.669922 0.152344
0 0.861328 0.115234 0.892578 0.115234 0.892578 0.146484 0.861328 0.146484
0 0.822265 0.107422 0.855469 0.107422 0.855469 0.142578 0.822265 0.142578
0 0.031251 0.105469 0.078126 0.105469 0.078126 0.166016 0.031251 0.166016
0 0.775391 0.103516 0.796875 0.103516 0.796875 0.130860 0.775391 0.130860
0 0.511719 0.103515 0.550781 0.103515 0.550781 0.154297 0.511719 0.154297
0 0.408203 0.101562 0.488281 0.101562 0.488281 0.164062 0.408203 0.164062
0 0.554688 0.099610 0.566407 0.099610 0.566407 0.115235 0.554688 0.115235
0 0.359375 0.099610 0.386719 0.099610 0.386719 0.125001 0.359375 0.125001
0 0.890625 0.097656 0.919921 0.097656 0.919921 0.121094 0.890625 0.121094
0 0.726563 0.095703 0.765625 0.095703 0.765625 0.146484 0.726563 0.146484
0 0.537110 0.095702 0.548829 0.095702 0.548829 0.107422 0.537110 0.107422
0 0.154297 0.093751 0.189453 0.093751 0.189453 0.158203 0.154297 0.158203
0 0.492188 0.089844 0.507812 0.089844 0.507812 0.103516 0.492188 0.103516
0 0.304687 0.087890 0.332031 0.087890 0.332031 0.121094 0.304687 0.121094
0 0.250000 0.085938 0.289062 0.085938 0.289062 0.132812 0.250000 0.132812
0 0.966796 0.082031 1.000000 0.082031 1.000000 0.121093 0.966796 0.121093
0 0.818360 0.078125 0.843750 0.078125 0.843750 0.101563 0.818360 0.101563
0 0.931640 0.076172 0.964844 0.076172 0.964844 0.130860 0.931640 0.130860
0 0.562501 0.076172 0.582032 0.076172 0.582032 0.087891 0.562501 0.087891
0 0.089844 0.076172 0.130860 0.076172 0.130860 0.134766 0.089844 0.134766
0 0.851562 0.070312 0.902343 0.070312 0.902343 0.107422 0.851562 0.107422
0 0.111328 0.070313 0.144531 0.070313 0.144531 0.109375 0.111328 0.109375
0 0.791015 0.062500 0.816406 0.062500 0.816406 0.101562 0.791015 0.101562
0 0.046876 0.062501 0.083985 0.062501 0.083985 0.113281 0.046876 0.113281
0 0.591796 0.058594 0.603515 0.058594 0.603515 0.078124 0.591796 0.078124
0 0.234375 0.058594 0.255859 0.058594 0.255859 0.083985 0.234375 0.083985
0 0.818360 0.056640 0.855469 0.056640 0.855469 0.083984 0.818360 0.083984
0 0.333985 0.056641 0.353515 0.056641 0.353515 0.070313 0.333985 0.070313
0 0.667969 0.054688 0.728515 0.054688 0.728515 0.105468 0.667969 0.105468
0 0.490235 0.052735 0.527344 0.052735 0.527344 0.072265 0.490235 0.072265
0 0.431640 0.052734 0.472656 0.052734 0.472656 0.080078 0.431640 0.080078
0 0.199219 0.052735 0.222657 0.052735 0.222657 0.105469 0.199219 0.105469
0 0.171875 0.052734 0.187500 0.052734 0.187500 0.068359 0.171875 0.068359
0 0.523438 0.050781 0.560547 0.050781 0.560547 0.085937 0.523438 0.085937
0 0.570312 0.042968 0.595703 0.042968 0.595703 0.058593 0.570312 0.058593
0 0.000000 0.042968 0.017578 0.042968 0.017578 0.097656 0.000000 0.097656
0 0.910157 0.039062 0.953126 0.039062 0.953126 0.066406 0.910157 0.066406
0 0.951172 0.035157 0.986328 0.035157 0.986328 0.072266 0.951172 0.072266
0 0.841797 0.035156 0.859375 0.035156 0.859375 0.056640 0.841797 0.056640
0 0.740235 0.035157 0.779297 0.035157 0.779297 0.091798 0.740235 0.091798
0 0.531250 0.035157 0.546875 0.035157 0.546875 0.050782 0.531250 0.050782
0 0.548828 0.027344 0.554688 0.027344 0.554688 0.037110 0.548828 0.037110
0 0.400391 0.027343 0.421875 0.027343 0.421875 0.056641 0.400391 0.056641
0 0.675781 0.019531 0.707031 0.019531 0.707031 0.050781 0.675781 0.050781
0 0.367188 0.019531 0.396485 0.019531 0.396485 0.072265 0.367188 0.072265
0 0.103516 0.019532 0.166016 0.019532 0.166016 0.076173 0.103516 0.076173
0 0.175781 0.017578 0.203125 0.017578 0.203125 0.041016 0.175781 0.041016
0 0.501953 0.013672 0.519531 0.013672 0.519531 0.031250 0.501953 0.031250
0 0.873047 0.011718 0.880859 0.011718 0.880859 0.023438 0.873047 0.023438
0 0.246093 0.011719 0.269531 0.011719 0.269531 0.050781 0.246093 0.050781
0 0.468749 0.007812 0.494141 0.007812 0.494141 0.027343 0.468749 0.027343
0 0.357422 0.007812 0.369141 0.007812 0.369141 0.019532 0.357422 0.019532
0 0.078126 0.005859 0.128907 0.005859 0.128907 0.037109 0.078126 0.037109
0 0.423828 0.001953 0.462890 0.001953 0.462890 0.041015 0.423828 0.041015
0 0.974610 0.000000 1.000000 0.000000 1.000000 0.041016 0.974610 0.041016
0 0.919922 0.000000 0.951172 0.000000 0.951172 0.023438 0.919922 0.023438
0 0.906250 0.000001 0.916016 0.000001 0.916016 0.005860 0.906250 0.005860
0 0.884765 0.000000 0.908203 0.000000 0.908203 0.031250 0.884765 0.031250
0 0.826172 0.000000 0.839844 0.000000 0.839844 0.013672 0.826172 0.013672
0 0.804688 0.000000 0.833984 0.000000 0.833984 0.039062 0.804688 0.039062
0 0.691406 0.000000 0.712890 0.000000 0.712890 0.013672 0.691406 0.013672
0 0.615234 0.000000 0.660156 0.000000 0.660156 0.039062 0.615234 0.039062
0 0.572265 0.000000 0.605469 0.000000 0.605469 0.037110 0.572265 0.037110
0 0.539062 0.000000 0.558593 0.000000 0.558593 0.025390 0.539062 0.025390
0 0.513671 0.000000 0.529296 0.000000 0.529296 0.011718 0.513671 0.011718
0 0.494140 0.000001 0.505860 0.000001 0.505860 0.005860 0.494140 0.005860
0 0.462891 0.000000 0.470703 0.000000 0.470703 0.003906 0.462891 0.003906
0 0.279297 0.000000 0.320313 0.000000 0.320313 0.044922 0.279297 0.044922
0 0.208984 0.000000 0.240234 0.000000 0.240234 0.060547 0.208984 0.060547
0 0.169922 0.000001 0.183594 0.000001 0.183594 0.005860 0.169922 0.005860
0 0.111328 0.000001 0.144531 0.000001 0.144531 0.005860 0.111328 0.005860
0 0.000000 0.000000 0.037110 0.000000 0.037110 0.037110 0.000000 0.037110
