0 0.144532 0.990234 0.156250 0.990234 0.156250 1.000000 0.144532 1.000000
0 0.076171 0.951172 0.109374 0.951172 0.109374 0.964844 0.076171 0.964844
0 0.490235 0.939453 0.541015 0.939453 0.541015 0.974609 0.490235 0.974609
0 0.792969 0.937500 0.837891 0.937500 0.837891 0.990234 0.792969 0.990234
0 0.511718 0.919922 0.566406 0.919922 0.566406 0.951172 0.511718 0.951172
0 0.175782 0.919921 0.187500 0.919921 0.187500 0.935546 0.175782 0.935546
0 0.263672 0.917968 0.294922 0.917968 0.294922 0.968749 0.263672 0.968749
0 0.050781 0.892578 0.093751 0.892578 0.093751 0.951172 0.050781 0.951172
0 0.015625 0.890625 0.044922 0.890625 0.044922 0.921875 0.015625 0.921875
0 0.000000 0.890625 0.007812 0.890625 0.007812 0.900391 0.000000 0.900391
0 0.119140 0.886718 0.191406 0.886718 0.191406 0.964843 0.119140 0.964843
0 0.101562 0.884765 0.144532 0.884765 0.144532 0.927735 0.101562 0.927735
0 0.972656 0.871093 1.000000 0.871093 1.000000 0.921874 0.972656 0.921874
0 0.101562 0.857422 0.158203 0.857422 0.158203 0.884766 0.101562 0.884766
0 0.427734 0.851563 0.455078 0.851563 0.455078 0.882813 0.427734 0.882813
0 0.595703 0.820312 0.621093 0.820312 0.621093 0.871093 0.595703 0.871093
0 0.890625 0.814453 0.927735 0.814453 0.927735 0.878907 0.890625 0.878907
0 0.957032 0.802735 1.000000 0.802735 1.000000 0.863281 0.957032 0.863281
0 0.310547 0.800782 0.349609 0.800782 0.349609 0.847657 0.310547 0.847657
0 0.605469 0.796875 0.630860 0.796875 0.630860 0.820313 0.605469 0.820313
0 0.355469 0.796875 0.390625 0.796875 0.390625 0.857421 0.355469 0.857421
0 0.039062 0.791015 0.085938 0.791015 0.085938 0.849609 0.039062 0.849609
0 0.232422 0.773438 0.267578 0.773438 0.267578 0.822266 0.232422 0.822266
0 0.794922 0.769531 0.820312 0.769531 0.820312 0.787109 0.794922 0.787109
0 0.496093 0.763672 0.564453 0.763672 0.564453 0.814453 0.496093 0.814453
0 0.425781 0.748047 0.480469 0.748047 0.480469 0.771485 0.425781 0.771485
0 0.000001 0.744140 0.005860 0.744140 0.005860 0.767578 0.000001 0.767578
0 0.039062 0.742187 0.050781 0.742187 0.050781 0.755859 0.039062 0.755859
0 0.121094 0.726562 0.166016 0.726562 0.166016 0.777343 0.121094 0.777343
0 0.185547 0.720704 0.248047 0.720704 0.248047 0.767579 0.185547 0.767579
0 0.273438 0.708985 0.310546 0.708985 0.310546 0.751954 0.273438 0.751954
0 0.507812 0.701171 0.527343 0.701171 0.527343 0.716796 0.507812 0.716796
0 0.605469 0.693359 0.640625 0.693359 0.640625 0.734375 0.605469 0.734375
0 0.066407 0.691406 0.091798 0.691406 0.091798 0.712890 0.066407 0.712890
0 0.166015 0.687500 0.224609 0.687500 0.224609 0.716796 0.166015 0.716796
0 0.304687 0.681640 0.335937 0.681640 0.335937 0.708984 0.304687 0.708984
0 0.935546 0.679687 0.951171 0.679687 0.951171 0.689453 0.935546 0.689453
0 0.505860 0.667969 0.527344 0.667969 0.527344 0.689453 0.505860 0.689453
0 0.103516 0.664062 0.148438 0.664062 0.148438 0.714843 0.103516 0.714843
0 0.017578 0.658203 0.048828 0.658203 0.048828 0.691407 0.017578 0.691407
0 0.158203 0.656250 0.207031 0.656250 0.207031 0.689454 0.158203 0.689454
0 0.103515 0.582032 0.154297 0.582032 0.154297 0.642578 0.103515 0.642578
0 0.337891 0.566407 0.390625 0.566407 0.390625 0.623047 0.337891 0.623047
0 0.000000 0.554687 0.009766 0.554687 0.009766 0.582031 0.000000 0.582031
0 0.634766 0.541015 0.697266 0.541015 0.697266 0.582031 0.634766 0.582031
0 0.308594 0.523438 0.363282 0.523438 0.363282 0.570312 0.308594 0.570312
0 0.498047 0.519531 0.558593 0.519531 0.558593 0.572265 0.498047 0.572265
0 0.128906 0.519532 0.181640 0.519532 0.181640 0.576172 0.128906 0.576172
0 0.638672 0.515625 0.673828 0.515625 0.673828 0.533203 0.638672 0.533203
0 0.570313 0.509766 0.605469 0.509766 0.605469 0.554688 0.570313 0.554688
0 0.275391 0.505859 0.320313 0.505859 0.320313 0.537109 0.275391 0.537109
0 0.681640 0.500000 0.693360 0.500000 0.693360 0.517578 0.681640 0.517578
0 0.000000 0.490235 0.039062 0.490235 0.039062 0.546875 0.000000 0.546875
0 0.750000 0.476563 0.794922 0.476563 0.794922 0.525391 0.750000 0.525391
0 0.289062 0.453125 0.330078 0.453125 0.330078 0.470703 0.289062 0.470703
0 0.466797 0.439453 0.494141 0.439453 0.494141 0.462891 0.466797 0.462891
0 0.972656 0.433594 1.000000 0.433594 1.000000 0.474610 0.972656 0.474610
0 0.925781 0.417969 0.962890 0.417969 0.962890 0.441407 0.925781 0.441407
0 0.324219 0.408203 0.376953 0.408203 0.376953 0.455078 0.324219 0.455078
0 0.601563 0.406250 0.654297 0.406250 0.654297 0.445312 0.601563 0.445312
0 0.744141 0.404297 0.824219 0.404297 0.824219 0.445313 0.744141 0.445313
0 0.169922 0.396485 0.232422 0.396485 0.232422 0.433593 0.169922 0.433593
0 0.679687 0.382812 0.734375 0.382812 0.734375 0.427734 0.679687 0.427734
0 0.089844 0.376953 0.111328 0.376953 0.111328 0.398437 0.089844 0.398437
0 0.349610 0.353515 0.414062 0.353515 0.414062 0.417968 0.349610 0.417968
0 0.000000 0.351562 0.023438 0.351562 0.023438 0.375000 0.000000 0.375000
0 0.917968 0.341797 0.964843 0.341797 0.964843 0.396485 0.917968 0.396485
0 0.796875 0.324218 0.865235 0.324218 0.865235 0.392578 0.796875 0.392578
0 0.728515 0.324219 0.769531 0.324219 0.769531 0.363281 0.728515 0.363281
0 0.447266 0.310547 0.498047 0.310547 0.498047 0.349609 0.447266 0.349609
0 0.595703 0.306641 0.648437 0.306641 0.648437 0.357422 0.595703 0.357422
0 0.882813 0.294922 0.949219 0.294922 0.949219 0.330078 0.882813 0.330078
0 0.111328 0.279297 0.146484 0.279297 0.146484 0.324219 0.111328 0.324219
0 0.000000 0.265625 0.025390 0.265625 0.025390 0.349609 0.000000 0.349609
0 0.365235 0.261719 0.404297 0.261719 0.404297 0.294922 0.365235 0.294922
0 0.837891 0.259766 0.921875 0.259766 0.921875 0.310547 0.837891 0.310547
0 0.707031 0.238281 0.761719 0.238281 0.761719 0.279297 0.707031 0.279297
0 0.425781 0.238281 0.441406 0.238281 0.441406 0.251953 0.425781 0.251953
0 0.794922 0.234375 0.833984 0.234375 0.833984 0.259766 0.794922 0.259766
0 0.000000 0.232422 0.007812 0.232422 0.007812 0.253906 0.000000 0.253906
0 0.550781 0.220703 0.591797 0.220703 0.591797 0.253906 0.550781 0.253906
0 0.849609 0.214844 0.890625 0.214844 0.890625 0.259766 0.849609 0.259766
0 0.128907 0.208985 0.162109 0.208985 0.162109 0.242188 0.128907 0.242188
0 0.173828 0.201172 0.195312 0.201172 0.195312 0.230469 0.173828 0.230469
0 0.306640 0.191406 0.375000 0.191406 0.375000 0.236328 0.306640 0.236328
0 0.708984 0.177734 0.771484 0.177734 0.771484 0.238282 0.708984 0.238282
0 0.511718 0.175782 0.576172 0.175782 0.576172 0.232423 0.511718 0.232423
0 0.826172 0.169922 0.861328 0.169922 0.861328 0.210938 0.826172 0.210938
0 0.621093 0.169922 0.671874 0.169922 0.671874 0.234374 0.621093 0.234374
0 0.029297 0.167968 0.056641 0.167968 0.056641 0.193359 0.029297 0.193359
0 0.759766 0.160156 0.820312 0.160156 0.820312 0.220703 0.759766 0.220703
0 0.080078 0.136719 0.166016 0.136719 0.166016 0.195313 0.080078 0.195313
0 0.259765 0.125000 0.320312 0.125000 0.320312 0.187500 0.259765 0.187500
0 0.333984 0.119141 0.369140 0.119141 0.369140 0.171875 0.333984 0.171875
0 0.728515 0.093749 0.800781 0.093749 0.800781 0.150390 0.728515 0.150390
0 0.468750 0.064452 0.548828 0.064452 0.548828 0.152343 0.468750 0.152343
0 0.082031 0.064453 0.130859 0.064453 0.130859 0.115234 0.082031 0.115234
0 0.712891 0.041016 0.757813 0.041016 0.757813 0.091797 0.712891 0.091797
0 0.212891 0.033203 0.269532 0.033203 0.269532 0.080078 0.212891 0.080078
0 0.552734 0.031251 0.607422 0.031251 0.607422 0.082031 0.552734 0.082031
0 0.693360 0.027343 0.728516 0.027343 0.728516 0.050781 0.693360 0.050781
0 0.742188 0.025390 0.757812 0.025390 0.757812 0.037110 0.742188 0.037110
0 0.031250 0.025391 0.080078 0.025391 0.080078 0.082032 0.031250 0.082032
0 0.457031 0.009766 0.509765 0.009766 0.509765 0.056641 0.457031 0.056641
0 0.136719 0.000000 0.179688 0.000000 0.179688 0.066406 0.136719 0.066406
0 0.000000 0.000000 0.031250 0.000000 0.031250 0.039062 0.000000 0.039062
