0 0.000000 0.992188 0.029296 0.992188 0.029296 1.000000 0.000000 1.000000
0 0.277344 0.982422 0.292969 0.982422 0.292969 0.996094 0.277344 0.996094
0 0.751954 0.978516 0.802735 0.978516 0.802735 1.000000 0.751954 1.000000
0 0.847656 0.960938 0.914062 0.960938 0.914062 1.000000 0.847656 1.000000
0 0.353515 0.960938 0.417968 0.960938 0.417968 0.998047 0.353515 0.998047
0 0.267578 0.955078 0.332031 0.955078 0.332031 0.986328 0.267578 0.986328
0 0.580078 0.953125 0.628906 0.953125 0.628906 1.000000 0.580078 1.000000
0 0.525390 0.939453 0.550781 0.939453 0.550781 0.974609 0.525390 0.974609
0 0.710938 0.937500 0.759766 0.937500 0.759766 0.976562 0.710938 0.976562
0 0.789062 0.929688 0.843750 0.929688 0.843750 0.994141 0.789062 0.994141
0 0.101562 0.925782 0.134766 0.925782 0.134766 0.972657 0.101562 0.972657
0 0.363281 0.916016 0.408203 0.916016 0.408203 0.955078 0.363281 0.955078
0 0.337891 0.912109 0.357422 0.912109 0.357422 0.935547 0.337891 0.935547
0 0.925781 0.904297 0.957031 0.904297 0.957031 0.917969 0.925781 0.917969
0 0.423828 0.892578 0.486328 0.892578 0.486328 0.947266 0.423828 0.947266
0 0.910157 0.886719 0.929688 0.886719 0.929688 0.900391 0.910157 0.900391
0 0.261718 0.886719 0.291015 0.886719 0.291015 0.914063 0.261718 0.914063
0 0.492188 0.871093 0.544922 0.871093 0.544922 0.904297 0.492188 0.904297
0 0.195312 0.871094 0.218750 0.871094 0.218750 0.892578 0.195312 0.892578
0 0.681641 0.857422 0.748047 0.857422 0.748047 0.888672 0.681641 0.888672
0 0.490234 0.845704 0.570312 0.845704 0.570312 0.892579 0.490234 0.892579
0 0.427734 0.833985 0.462890 0.833985 0.462890 0.880860 0.427734 0.880860
0 0.923829 0.830078 0.974610 0.830078 0.974610 0.886718 0.923829 0.886718
0 0.031251 0.820312 0.064453 0.820312 0.064453 0.875000 0.031251 0.875000
0 0.304688 0.816406 0.396485 0.816406 0.396485 0.884765 0.304688 0.884765
0 0.843750 0.796875 0.892578 0.796875 0.892578 0.851563 0.843750 0.851563
0 0.730468 0.787109 0.777343 0.787109 0.777343 0.851562 0.730468 0.851562
0 0.455078 0.775391 0.496094 0.775391 0.496094 0.824219 0.455078 0.824219
0 0.589843 0.769531 0.685547 0.769531 0.685547 0.791015 0.589843 0.791015
0 0.521484 0.751953 0.566406 0.751953 0.566406 0.785157 0.521484 0.785157
0 0.462891 0.744140 0.482422 0.744140 0.482422 0.767578 0.462891 0.767578
0 0.195313 0.744140 0.216797 0.744140 0.216797 0.777344 0.195313 0.777344
0 0.648438 0.726562 0.666016 0.726562 0.666016 0.759766 0.648438 0.759766
0 0.906250 0.724609 0.960938 0.724609 0.960938 0.791015 0.906250 0.791015
0 0.044921 0.710938 0.136718 0.710938 0.136718 0.826172 0.044921 0.826172
0 0.285156 0.699219 0.343750 0.699219 0.343750 0.730469 0.285156 0.730469
0 0.732422 0.689453 0.763672 0.689453 0.763672 0.724609 0.732422 0.724609
0 0.673828 0.689454 0.695312 0.689454 0.695312 0.736329 0.673828 0.736329
0 0.763671 0.687501 0.810546 0.687501 0.810546 0.738282 0.763671 0.738282
0 0.121094 0.687500 0.171875 0.687500 0.171875 0.716796 0.121094 0.716796
0 0.173828 0.677734 0.236328 0.677734 0.236328 0.742188 0.173828 0.742188
0 0.523438 0.636719 0.558594 0.636719 0.558594 0.685547 0.523438 0.685547
0 0.207031 0.636719 0.238281 0.636719 0.238281 0.667969 0.207031 0.667969
0 0.289063 0.628907 0.306641 0.628907 0.306641 0.658203 0.289063 0.658203
0 0.246094 0.623046 0.267578 0.623046 0.267578 0.666015 0.246094 0.666015
0 0.427735 0.621094 0.515625 0.621094 0.515625 0.669922 0.427735 0.669922
0 0.710938 0.617188 0.798828 0.617188 0.798828 0.687500 0.710938 0.687500
0 0.205078 0.582031 0.224610 0.582031 0.224610 0.603515 0.205078 0.603515
0 0.183594 0.582032 0.191406 0.582032 0.191406 0.593751 0.183594 0.593751
0 0.234375 0.576172 0.251953 0.576172 0.251953 0.593750 0.234375 0.593750
0 0.744140 0.572265 0.826171 0.572265 0.826171 0.623046 0.744140 0.623046
0 0.417969 0.568360 0.435547 0.568360 0.435547 0.603516 0.417969 0.603516
0 0.000000 0.554688 0.037110 0.554688 0.037110 0.589844 0.000000 0.589844
0 0.707031 0.544921 0.751953 0.544921 0.751953 0.591796 0.707031 0.591796
0 0.277344 0.537109 0.339844 0.537109 0.339844 0.585937 0.277344 0.585937
0 0.441406 0.535156 0.488281 0.535156 0.488281 0.583984 0.441406 0.583984
0 0.353515 0.531250 0.410157 0.531250 0.410157 0.595704 0.353515 0.595704
0 0.773438 0.521485 0.791016 0.521485 0.791016 0.550781 0.773438 0.550781
0 0.066407 0.515625 0.123048 0.515625 0.123048 0.542969 0.066407 0.542969
0 0.781250 0.498047 0.841796 0.498047 0.841796 0.546875 0.781250 0.546875
0 0.283203 0.484375 0.363281 0.484375 0.363281 0.525391 0.283203 0.525391
0 0.457031 0.478516 0.519531 0.478516 0.519531 0.509766 0.457031 0.509766
0 0.535156 0.462890 0.580078 0.462890 0.580078 0.519532 0.535156 0.519532
0 0.816406 0.425781 0.902344 0.425781 0.902344 0.470703 0.816406 0.470703
0 0.425781 0.414062 0.453125 0.414062 0.453125 0.457032 0.425781 0.457032
0 0.082031 0.400391 0.128906 0.400391 0.128906 0.470703 0.082031 0.470703
0 0.021485 0.394532 0.085938 0.394532 0.085938 0.482422 0.021485 0.482422
0 0.779297 0.378906 0.800781 0.378906 0.800781 0.392578 0.779297 0.392578
0 0.673828 0.378906 0.730468 0.378906 0.730468 0.433594 0.673828 0.433594
0 0.433594 0.374999 0.455078 0.374999 0.455078 0.400391 0.433594 0.400391
0 0.623046 0.373047 0.666015 0.373047 0.666015 0.404297 0.623046 0.404297
0 0.732422 0.359375 0.777344 0.359375 0.777344 0.382813 0.732422 0.382813
0 0.244140 0.353515 0.304688 0.353515 0.304688 0.382812 0.244140 0.382812
0 0.187500 0.353515 0.226562 0.353515 0.226562 0.382812 0.187500 0.382812
0 0.289062 0.339844 0.300782 0.339844 0.300782 0.361328 0.289062 0.361328
0 0.226562 0.337890 0.240234 0.337890 0.240234 0.349610 0.226562 0.349610
0 0.261719 0.335937 0.281249 0.335937 0.281249 0.345703 0.261719 0.345703
0 0.974610 0.330078 1.000000 0.330078 1.000000 0.384766 0.974610 0.384766
0 0.201172 0.326172 0.226562 0.326172 0.226562 0.339844 0.201172 0.339844
0 0.458984 0.316406 0.548828 0.316406 0.548828 0.357422 0.458984 0.357422
0 0.296875 0.306641 0.335937 0.306641 0.335937 0.324219 0.296875 0.324219
0 0.082032 0.302735 0.132812 0.302735 0.132812 0.359375 0.082032 0.359375
0 0.113281 0.285157 0.193359 0.285157 0.193359 0.367188 0.113281 0.367188
0 0.667969 0.273438 0.726563 0.273438 0.726563 0.306640 0.667969 0.306640
0 0.224609 0.271484 0.291015 0.271484 0.291015 0.326172 0.224609 0.326172
0 0.859375 0.267578 0.931641 0.267578 0.931641 0.300781 0.859375 0.300781
0 0.878906 0.250000 0.945312 0.250000 0.945312 0.291016 0.878906 0.291016
0 0.039062 0.246094 0.050781 0.246094 0.050781 0.255860 0.039062 0.255860
0 0.695313 0.238281 0.775391 0.238281 0.775391 0.269531 0.695313 0.269531
0 0.000000 0.236328 0.027344 0.236328 0.027344 0.277344 0.000000 0.277344
0 0.412110 0.234375 0.445312 0.234375 0.445312 0.279297 0.412110 0.279297
0 0.517578 0.228516 0.558594 0.228516 0.558594 0.279297 0.517578 0.279297
0 0.277344 0.228516 0.310547 0.228516 0.310547 0.246094 0.277344 0.246094
0 0.173828 0.218750 0.238281 0.218750 0.238281 0.271484 0.173828 0.271484
0 0.669921 0.212891 0.703125 0.212891 0.703125 0.238282 0.669921 0.238282
0 0.708984 0.210938 0.732422 0.210938 0.732422 0.228516 0.708984 0.228516
0 0.263672 0.205078 0.308594 0.205078 0.308594 0.232422 0.263672 0.232422
0 0.875000 0.199219 0.986328 0.199219 0.986328 0.244141 0.875000 0.244141
0 0.472656 0.185547 0.544922 0.185547 0.544922 0.246094 0.472656 0.246094
0 0.041016 0.183594 0.107422 0.183594 0.107422 0.238282 0.041016 0.238282
0 0.554687 0.171875 0.582031 0.171875 0.582031 0.199219 0.554687 0.199219
0 0.000000 0.167968 0.025390 0.167968 0.025390 0.197266 0.000000 0.197266
0 0.849609 0.164062 0.898437 0.164062 0.898437 0.205078 0.849609 0.205078
0 0.382812 0.164062 0.437500 0.164062 0.437500 0.238281 0.382812 0.238281
0 0.587891 0.148438 0.650391 0.148438 0.650391 0.167969 0.587891 0.167969
0 0.412110 0.140625 0.441407 0.140625 0.441407 0.154297 0.412110 0.154297
0 0.669922 0.136719 0.705078 0.136719 0.705078 0.171875 0.669922 0.171875
0 0.169922 0.128906 0.271484 0.128906 0.271484 0.173828 0.169922 0.173828
0 0.111328 0.128906 0.121094 0.128906 0.121094 0.148438 0.111328 0.148438
0 0.267578 0.119141 0.390626 0.119141 0.390626 0.183593 0.267578 0.183593
0 0.435547 0.101562 0.499999 0.101562 0.499999 0.125000 0.435547 0.125000
0 0.572266 0.093750 0.601562 0.093750 0.601562 0.115234 0.572266 0.115234
0 0.693359 0.089844 0.734375 0.089844 0.734375 0.111328 0.693359 0.111328
0 0.468750 0.082031 0.478516 0.082031 0.478516 0.093751 0.468750 0.093751
0 0.769531 0.076172 0.822265 0.076172 0.822265 0.105468 0.769531 0.105468
0 0.437500 0.068359 0.464844 0.068359 0.464844 0.082031 0.437500 0.082031
0 0.494140 0.062500 0.537110 0.062500 0.537110 0.097656 0.494140 0.097656
0 0.404297 0.062500 0.433594 0.062500 0.433594 0.083984 0.404297 0.083984
0 0.181641 0.062500 0.244141 0.062500 0.244141 0.103516 0.181641 0.103516
0 0.701172 0.048828 0.742188 0.048828 0.742188 0.074219 0.701172 0.074219
0 0.429688 0.042969 0.455079 0.042969 0.455079 0.054688 0.429688 0.054688
0 0.625000 0.035157 0.679688 0.035157 0.679688 0.072266 0.625000 0.072266
0 0.300781 0.027344 0.353515 0.027344 0.353515 0.066406 0.300781 0.066406
0 0.273438 0.027343 0.298829 0.027343 0.298829 0.050781 0.273438 0.050781
0 0.986328 0.025391 1.000000 0.025391 1.000000 0.046875 0.986328 0.046875
0 0.751953 0.015625 0.789062 0.015625 0.789062 0.041016 0.751953 0.041016
0 0.451172 0.015625 0.605468 0.015625 0.605468 0.054687 0.451172 0.054687
0 0.388672 0.015625 0.433594 0.015625 0.433594 0.042969 0.388672 0.042969
0 0.798828 0.007812 0.822266 0.007812 0.822266 0.021484 0.798828 0.021484
0 0.955079 0.000000 0.974610 0.000000 0.974610 0.011718 0.955079 0.011718
0 0.595703 0.000000 0.720703 0.000000 0.720703 0.027344 0.595703 0.027344
0 0.335937 0.000000 0.390625 0.000000 0.390625 0.017578 0.335937 0.017578
0 0.267578 0.000001 0.316406 0.000001 0.316406 0.019532 0.267578 0.019532
