0 0.134765 0.992188 0.158203 0.992188 0.158203 1.000000 0.134765 1.000000
0 0.246094 0.980468 0.277344 0.980468 0.277344 0.999999 0.246094 0.999999
0 0.070312 0.978516 0.117188 0.978516 0.117188 1.000000 0.070312 1.000000
0 0.578125 0.974610 0.611329 0.974610 0.611329 1.000000 0.578125 1.000000
0 0.746094 0.972656 0.791016 0.972656 0.791016 1.000000 0.746094 1.000000
0 0.464843 0.972656 0.507812 0.972656 0.507812 1.000000 0.464843 1.000000
0 0.708985 0.962890 0.748047 0.962890 0.748047 1.000000 0.708985 1.000000
0 0.187500 0.955078 0.230468 0.955078 0.230468 1.000000 0.187500 1.000000
0 0.126953 0.951172 0.177735 0.951172 0.177735 0.986328 0.126953 0.986328
0 0.916015 0.945312 0.974609 0.945312 0.974609 0.986328 0.916015 0.986328
0 0.978516 0.943360 1.000000 0.943360 1.000000 0.986329 0.978516 0.986329
0 0.650390 0.943360 0.701171 0.943360 0.701171 1.000000 0.650390 1.000000
0 0.839843 0.923829 0.882812 0.923829 0.882812 0.970704 0.839843 0.970704
0 0.029297 0.921876 0.070313 0.921876 0.070313 0.972657 0.029297 0.972657
0 0.238282 0.919922 0.308594 0.919922 0.308594 0.992188 0.238282 0.992188
0 0.146484 0.919922 0.191406 0.919922 0.191406 0.955078 0.146484 0.955078
0 0.355469 0.917969 0.408203 0.917969 0.408203 0.974610 0.355469 0.974610
0 0.000000 0.914062 0.017578 0.914062 0.017578 0.939453 0.000000 0.939453
0 0.324218 0.912110 0.361328 0.912110 0.361328 0.951172 0.324218 0.951172
0 0.492187 0.900390 0.550781 0.900390 0.550781 0.968750 0.492187 0.968750
0 0.441406 0.900390 0.484376 0.900390 0.484376 0.937500 0.441406 0.937500
0 0.982422 0.898438 1.000000 0.898438 1.000000 0.937500 0.982422 0.937500
0 0.003906 0.896485 0.029297 0.896485 0.029297 0.921875 0.003906 0.921875
0 0.949219 0.890625 0.976563 0.890625 0.976563 0.925781 0.949219 0.925781
0 0.781250 0.888672 0.859375 0.888672 0.859375 0.982422 0.781250 0.982422
0 0.906250 0.882812 0.945312 0.882812 0.945312 0.941406 0.906250 0.941406
0 0.044923 0.859375 0.082032 0.859375 0.082032 0.906250 0.044923 0.906250
0 0.218751 0.857422 0.251953 0.857422 0.251953 0.876953 0.218751 0.876953
0 0.261719 0.855469 0.359375 0.855469 0.359375 0.912110 0.261719 0.912110
0 0.482422 0.851562 0.531250 0.851562 0.531250 0.892578 0.482422 0.892578
0 0.789063 0.847656 0.837891 0.847656 0.837891 0.892578 0.789063 0.892578
0 0.523438 0.839844 0.542968 0.839844 0.542968 0.861328 0.523438 0.861328
0 0.003907 0.832031 0.050782 0.832031 0.050782 0.886719 0.003907 0.886719
0 0.958985 0.826172 0.996094 0.826172 0.996094 0.875000 0.958985 0.875000
0 0.746094 0.822266 0.785156 0.822266 0.785156 0.875000 0.746094 0.875000
0 0.841797 0.820312 0.904297 0.820312 0.904297 0.898438 0.841797 0.898438
0 0.107422 0.818359 0.166016 0.818359 0.166016 0.876953 0.107422 0.876953
0 0.642578 0.810547 0.710938 0.810547 0.710938 0.882813 0.642578 0.882813
0 0.535156 0.810547 0.548828 0.810547 0.548828 0.833985 0.535156 0.833985
0 0.417969 0.800782 0.482422 0.800782 0.482422 0.861328 0.417969 0.861328
0 0.693359 0.791015 0.738281 0.791015 0.738281 0.841796 0.693359 0.841796
0 0.011719 0.781250 0.041016 0.781250 0.041016 0.806640 0.011719 0.806640
0 0.382812 0.779297 0.402343 0.779297 0.402343 0.792969 0.382812 0.792969
0 0.822265 0.777344 0.847656 0.777344 0.847656 0.804688 0.822265 0.804688
0 0.201172 0.773438 0.216797 0.773438 0.216797 0.779297 0.201172 0.779297
0 0.548828 0.771485 0.574218 0.771485 0.574218 0.822265 0.548828 0.822265
0 0.531250 0.767578 0.544922 0.767578 0.544922 0.785156 0.531250 0.785156
0 0.740234 0.755859 0.753906 0.755859 0.753906 0.769531 0.740234 0.769531
0 0.574218 0.738282 0.652343 0.738282 0.652343 0.798828 0.574218 0.798828
0 0.816407 0.734375 0.859376 0.734375 0.859376 0.771485 0.816407 0.771485
0 0.148438 0.732422 0.197266 0.732422 0.197266 0.820312 0.148438 0.820312
0 0.072266 0.728515 0.121094 0.728515 0.121094 0.775390 0.072266 0.775390
0 0.683594 0.726562 0.738282 0.726562 0.738282 0.763672 0.683594 0.763672
0 0.207031 0.724610 0.246093 0.724610 0.246093 0.759766 0.207031 0.759766
0 0.005859 0.722656 0.046875 0.722656 0.046875 0.771484 0.005859 0.771484
0 0.025391 0.707032 0.056641 0.707032 0.056641 0.757812 0.025391 0.757812
0 0.121094 0.699219 0.148438 0.699219 0.148438 0.724610 0.121094 0.724610
0 0.351563 0.689453 0.373047 0.689453 0.373047 0.730469 0.351563 0.730469
0 0.542968 0.683593 0.562499 0.683593 0.562499 0.699218 0.542968 0.699218
0 0.923828 0.679688 0.968750 0.679688 0.968750 0.728516 0.923828 0.728516
0 0.802734 0.679688 0.835938 0.679688 0.835938 0.726562 0.802734 0.726562
0 0.312500 0.675782 0.326172 0.675782 0.326172 0.695312 0.312500 0.695312
0 0.058594 0.673828 0.113282 0.673828 0.113282 0.716797 0.058594 0.716797
0 0.955078 0.664062 0.972656 0.664062 0.972656 0.687500 0.955078 0.687500
0 0.716797 0.662110 0.753907 0.662110 0.753907 0.712890 0.716797 0.712890
0 0.316406 0.660156 0.351562 0.660156 0.351562 0.673828 0.316406 0.673828
0 0.564454 0.640625 0.656250 0.640625 0.656250 0.712891 0.564454 0.712891
0 0.000000 0.636719 0.025390 0.636719 0.025390 0.675781 0.000000 0.675781
0 0.810546 0.626953 0.857421 0.626953 0.857421 0.679687 0.810546 0.679687
0 0.359375 0.626953 0.404297 0.626953 0.404297 0.664062 0.359375 0.664062
0 0.029296 0.626953 0.048827 0.626953 0.048827 0.664062 0.029296 0.664062
0 0.873047 0.617187 0.921875 0.617187 0.921875 0.693359 0.873047 0.693359
0 0.945313 0.613282 0.962891 0.613282 0.962891 0.638672 0.945313 0.638672
0 0.275390 0.613282 0.322265 0.613282 0.322265 0.660157 0.275390 0.660157
0 0.912109 0.607422 0.939453 0.607422 0.939453 0.625000 0.912109 0.625000
0 0.839844 0.597656 0.857422 0.597656 0.857422 0.625000 0.839844 0.625000
0 0.882812 0.591797 0.908203 0.591797 0.908203 0.609375 0.882812 0.609375
0 0.392578 0.583984 0.437500 0.583984 0.437500 0.625000 0.392578 0.625000
0 0.279297 0.582031 0.300781 0.582031 0.300781 0.603515 0.279297 0.603515
0 0.240234 0.580078 0.275390 0.580078 0.275390 0.623047 0.240234 0.623047
0 0.785156 0.572266 0.820312 0.572266 0.820312 0.611328 0.785156 0.611328
0 0.945312 0.570313 0.982422 0.570313 0.982422 0.591797 0.945312 0.591797
0 0.441406 0.570313 0.500000 0.570313 0.500000 0.654297 0.441406 0.654297
0 0.345703 0.570312 0.392578 0.570312 0.392578 0.628906 0.345703 0.628906
0 0.802735 0.566406 0.818360 0.566406 0.818360 0.576172 0.802735 0.576172
0 0.212891 0.556640 0.244141 0.556640 0.244141 0.603515 0.212891 0.603515
0 0.642578 0.541016 0.677734 0.541016 0.677734 0.570312 0.642578 0.570312
0 0.177734 0.537110 0.222656 0.537110 0.222656 0.574219 0.177734 0.574219
0 0.685547 0.529297 0.716797 0.529297 0.716797 0.580078 0.685547 0.580078
0 0.976562 0.525390 1.000000 0.525390 1.000000 0.566406 0.976562 0.566406
0 0.630859 0.523437 0.662109 0.523437 0.662109 0.546875 0.630859 0.546875
0 0.498047 0.521485 0.531250 0.521485 0.531250 0.572265 0.498047 0.572265
0 0.779297 0.513672 0.833985 0.513672 0.833985 0.564453 0.779297 0.564453
0 0.353515 0.507812 0.412109 0.507812 0.412109 0.558593 0.353515 0.558593
0 0.566406 0.498047 0.603515 0.498047 0.603515 0.556641 0.566406 0.556641
0 0.371093 0.484375 0.400390 0.484375 0.400390 0.511719 0.371093 0.511719
0 0.712890 0.482422 0.753906 0.482422 0.753906 0.517578 0.712890 0.517578
0 0.005859 0.476563 0.046875 0.476563 0.046875 0.546875 0.005859 0.546875
0 0.976562 0.468750 1.000000 0.468750 1.000000 0.496094 0.976562 0.496094
0 0.119141 0.464843 0.154297 0.464843 0.154297 0.490235 0.119141 0.490235
0 0.841797 0.462890 0.894531 0.462890 0.894531 0.505860 0.841797 0.505860
0 0.664062 0.460938 0.697266 0.460938 0.697266 0.503907 0.664062 0.503907
0 0.220704 0.457031 0.320312 0.457031 0.320312 0.515625 0.220704 0.515625
0 0.218750 0.447266 0.257812 0.447266 0.257812 0.478516 0.218750 0.478516
0 0.890626 0.443359 0.972657 0.443359 0.972657 0.564453 0.890626 0.564453
0 0.722656 0.439453 0.746094 0.439453 0.746094 0.462891 0.722656 0.462891
0 0.062501 0.437500 0.095704 0.437500 0.095704 0.474610 0.062501 0.474610
0 0.197266 0.421875 0.222657 0.421875 0.222657 0.449219 0.197266 0.449219
0 0.568359 0.419922 0.595703 0.419922 0.595703 0.449219 0.568359 0.449219
0 0.792969 0.417969 0.820313 0.417969 0.820313 0.439453 0.792969 0.439453
0 0.630860 0.417969 0.673829 0.417969 0.673829 0.464844 0.630860 0.464844
0 0.884766 0.412110 0.906250 0.412110 0.906250 0.431640 0.884766 0.431640
0 0.697266 0.408204 0.728516 0.408204 0.728516 0.445312 0.697266 0.445312
0 0.000000 0.408203 0.015624 0.408203 0.015624 0.449219 0.000000 0.449219
0 0.029297 0.398438 0.068359 0.398438 0.068359 0.455079 0.029297 0.455079
0 0.259765 0.388672 0.324218 0.388672 0.324218 0.419922 0.259765 0.419922
0 0.654297 0.386719 0.679688 0.386719 0.679688 0.410157 0.654297 0.410157
0 0.246094 0.369140 0.287110 0.369140 0.287110 0.402343 0.246094 0.402343
0 0.164062 0.369140 0.187500 0.369140 0.187500 0.398438 0.164062 0.398438
0 0.000000 0.363281 0.042968 0.363281 0.042968 0.406251 0.000000 0.406251
0 0.367188 0.361328 0.455079 0.361328 0.455079 0.503906 0.367188 0.503906
0 0.595703 0.359375 0.638672 0.359375 0.638672 0.398437 0.595703 0.398437
0 0.800781 0.343750 0.841797 0.343750 0.841797 0.382812 0.800781 0.382812
0 0.638671 0.335938 0.671875 0.335938 0.671875 0.371094 0.638671 0.371094
0 0.074219 0.328125 0.130860 0.328125 0.130860 0.416015 0.074219 0.416015
0 0.681640 0.324219 0.708984 0.324219 0.708984 0.339844 0.681640 0.339844
0 0.568360 0.324219 0.603516 0.324219 0.603516 0.374999 0.568360 0.374999
0 0.169922 0.324219 0.185547 0.324219 0.185547 0.357422 0.169922 0.357422
0 0.464844 0.314453 0.556640 0.314453 0.556640 0.478515 0.464844 0.478515
0 0.859375 0.312500 0.906250 0.312500 0.906250 0.365234 0.859375 0.365234
0 0.320312 0.306640 0.365234 0.306640 0.365234 0.349610 0.320312 0.349610
0 0.279297 0.304688 0.306641 0.304688 0.306641 0.333985 0.279297 0.333985
0 0.416016 0.296876 0.443360 0.296876 0.443360 0.330078 0.416016 0.330078
0 0.615235 0.289063 0.667969 0.289063 0.667969 0.320313 0.615235 0.320313
0 0.000000 0.289063 0.042968 0.289063 0.042968 0.341797 0.000000 0.341797
0 0.720703 0.285156 0.796875 0.285156 0.796875 0.406250 0.720703 0.406250
0 0.136719 0.285157 0.167969 0.285157 0.167969 0.324219 0.136719 0.324219
0 0.931640 0.275390 0.988281 0.275390 0.988281 0.316406 0.931640 0.316406
0 0.539062 0.275391 0.613282 0.275391 0.613282 0.333985 0.539062 0.333985
0 0.798828 0.273437 0.826172 0.273437 0.826172 0.296875 0.798828 0.296875
0 0.000001 0.263672 0.005860 0.263672 0.005860 0.287110 0.000001 0.287110
0 0.832031 0.261719 0.853515 0.261719 0.853515 0.310547 0.832031 0.310547
0 0.875000 0.246094 0.906250 0.246094 0.906250 0.285156 0.875000 0.285156
0 0.380860 0.242187 0.431640 0.242187 0.431640 0.310546 0.380860 0.310546
0 0.187500 0.234375 0.291016 0.234375 0.291016 0.314453 0.187500 0.314453
0 0.091797 0.226562 0.136719 0.226562 0.136719 0.277343 0.091797 0.277343
0 0.687501 0.218750 0.769532 0.218750 0.769532 0.277344 0.687501 0.277344
0 0.906250 0.214843 0.943360 0.214843 0.943360 0.251953 0.906250 0.251953
0 0.039062 0.214844 0.083984 0.214844 0.083984 0.267578 0.039062 0.267578
0 0.873047 0.205078 0.896485 0.205078 0.896485 0.238281 0.873047 0.238281
0 0.619140 0.201172 0.652344 0.201172 0.652344 0.240234 0.619140 0.240234
0 0.000000 0.201172 0.035156 0.201172 0.035156 0.253906 0.000000 0.253906
0 0.443359 0.189453 0.501953 0.189453 0.501953 0.250001 0.443359 0.250001
0 0.941407 0.187500 0.984376 0.187500 0.984376 0.240234 0.941407 0.240234
0 0.138672 0.183593 0.171874 0.183593 0.171874 0.234375 0.138672 0.234375
0 0.550781 0.181641 0.609375 0.181641 0.609375 0.246093 0.550781 0.246093
0 0.681641 0.179688 0.716797 0.179688 0.716797 0.205078 0.681641 0.205078
0 0.724610 0.171875 0.767579 0.171875 0.767579 0.214843 0.724610 0.214843
0 0.263673 0.167968 0.283203 0.167968 0.283203 0.193359 0.263673 0.193359
0 0.503906 0.166016 0.544922 0.166016 0.544922 0.244141 0.503906 0.244141
0 0.621094 0.162109 0.673828 0.162109 0.673828 0.187500 0.621094 0.187500
0 0.181641 0.162109 0.212891 0.162109 0.212891 0.207031 0.181641 0.207031
0 0.912109 0.160156 0.943359 0.160156 0.943359 0.191406 0.912109 0.191406
0 0.388672 0.156251 0.417969 0.156251 0.417969 0.189453 0.388672 0.189453
0 0.248047 0.156250 0.261719 0.156250 0.261719 0.179688 0.248047 0.179688
0 0.822265 0.154297 0.859375 0.154297 0.859375 0.197265 0.822265 0.197265
0 0.419923 0.152343 0.439453 0.152343 0.439453 0.167968 0.419923 0.167968
0 0.937500 0.150390 0.978516 0.150390 0.978516 0.173828 0.937500 0.173828
0 0.226562 0.150391 0.250000 0.150391 0.250000 0.175782 0.226562 0.175782
0 0.000001 0.144531 0.019532 0.144531 0.019532 0.189453 0.000001 0.189453
0 0.265626 0.126953 0.285156 0.126953 0.285156 0.156251 0.265626 0.156251
0 0.285156 0.123047 0.320312 0.123047 0.320312 0.154297 0.285156 0.154297
0 0.855468 0.121094 0.898438 0.121094 0.898438 0.164062 0.855468 0.164062
0 0.779297 0.109376 0.800781 0.109376 0.800781 0.128907 0.779297 0.128907
0 0.152344 0.103515 0.183594 0.103515 0.183594 0.154297 0.152344 0.154297
0 0.953125 0.101562 0.984375 0.101562 0.984375 0.138672 0.953125 0.138672
0 0.832032 0.101562 0.857422 0.101562 0.857422 0.121093 0.832032 0.121093
0 0.000000 0.099609 0.062500 0.099609 0.062500 0.162109 0.000000 0.162109
0 0.527343 0.097656 0.591797 0.097656 0.591797 0.164062 0.527343 0.164062
0 0.324218 0.097656 0.412110 0.097656 0.412110 0.156250 0.324218 0.156250
0 0.597657 0.093751 0.623047 0.093751 0.623047 0.126953 0.597657 0.126953
0 0.441406 0.087891 0.464844 0.087891 0.464844 0.119141 0.441406 0.119141
0 0.072266 0.082032 0.132812 0.082032 0.132812 0.142578 0.072266 0.142578
0 0.628906 0.078126 0.728515 0.078126 0.728515 0.142578 0.628906 0.142578
0 0.560547 0.072266 0.574219 0.072266 0.574219 0.089844 0.560547 0.089844
0 0.773437 0.050781 0.818359 0.050781 0.818359 0.099609 0.773437 0.099609
0 0.580078 0.050781 0.628906 0.050781 0.628906 0.070312 0.580078 0.070312
0 0.529296 0.046876 0.562500 0.046876 0.562500 0.080079 0.529296 0.080079
0 0.267577 0.042968 0.373047 0.042968 0.373047 0.117188 0.267577 0.117188
0 0.443359 0.039062 0.460937 0.039062 0.460937 0.062500 0.443359 0.062500
0 0.503906 0.035156 0.541015 0.035156 0.541015 0.054688 0.503906 0.054688
0 0.892578 0.029297 1.000000 0.029297 1.000000 0.074219 0.892578 0.074219
0 0.000000 0.025391 0.011718 0.025391 0.011718 0.060547 0.000000 0.060547
0 0.808593 0.017578 0.873047 0.017578 0.873047 0.062500 0.808593 0.062500
0 0.218750 0.009766 0.263672 0.009766 0.263672 0.111328 0.218750 0.111328
0 0.390624 0.007813 0.451172 0.007813 0.451172 0.091797 0.390624 0.091797
0 0.162109 0.005859 0.199218 0.005859 0.199218 0.035157 0.162109 0.035157
0 0.289062 0.003906 0.347656 0.003906 0.347656 0.029297 0.289062 0.029297
0 0.953125 0.000000 0.984375 0.000000 0.984375 0.017578 0.953125 0.017578
0 0.845703 0.000000 0.912109 0.000000 0.912109 0.017578 0.845703 0.017578
0 0.720703 0.000000 0.759765 0.000000 0.759765 0.023438 0.720703 0.023438
0 0.681641 0.000001 0.716797 0.000001 0.716797 0.019532 0.681641 0.019532
0 0.154297 0.000000 0.175781 0.000000 0.175781 0.015624 0.154297 0.015624
0 0.109375 0.000000 0.144531 0.000000 0.144531 0.011718 0.109375 0.011718
0 0.060546 0.000001 0.089843 0.000001 0.089843 0.005860 0.060546 0.005860
