0 0.119140 0.978516 0.152343 0.978516 0.152343 1.000000 0.119140 1.000000
0 0.857422 0.970704 0.923828 0.970704 0.923828 1.000000 0.857422 1.000000
0 0.062501 0.970704 0.099610 0.970704 0.099610 1.000000 0.062501 1.000000
0 0.281250 0.937500 0.333984 0.937500 0.333984 0.990234 0.281250 0.990234
0 0.419922 0.935547 0.470702 0.935547 0.470702 0.972657 0.419922 0.972657
0 0.476562 0.931641 0.548828 0.931641 0.548828 0.998047 0.476562 0.998047
0 0.976562 0.925782 0.988282 0.925782 0.988282 0.941407 0.976562 0.941407
0 0.562500 0.925781 0.585938 0.925781 0.585938 0.947265 0.562500 0.947265
0 0.117188 0.921875 0.181640 0.921875 0.181640 0.970703 0.117188 0.970703
0 0.960938 0.910156 0.966797 0.910156 0.966797 0.917968 0.960938 0.917968
0 0.449219 0.886719 0.507813 0.886719 0.507813 0.931641 0.449219 0.931641
0 0.679688 0.882812 0.730468 0.882812 0.730468 0.943359 0.679688 0.943359
0 0.181641 0.875000 0.257813 0.875000 0.257813 0.960938 0.181641 0.960938
0 0.556641 0.869141 0.605469 0.869141 0.605469 0.921875 0.556641 0.921875
0 0.314453 0.859375 0.371093 0.859375 0.371093 0.916015 0.314453 0.916015
0 0.267578 0.849609 0.337890 0.849609 0.337890 0.894531 0.267578 0.894531
0 0.382813 0.847657 0.414063 0.847657 0.414063 0.908203 0.382813 0.908203
0 0.462891 0.843750 0.484375 0.843750 0.484375 0.876954 0.462891 0.876954
0 0.494141 0.839844 0.529297 0.839844 0.529297 0.896485 0.494141 0.896485
0 0.023438 0.837891 0.091797 0.837891 0.091797 0.908203 0.023438 0.908203
0 0.605469 0.835938 0.634765 0.835938 0.634765 0.886718 0.605469 0.886718
0 0.966796 0.832031 1.000000 0.832031 1.000000 0.894531 0.966796 0.894531
0 0.648438 0.822265 0.716797 0.822265 0.716797 0.880859 0.648438 0.880859
0 0.107422 0.822266 0.179688 0.822266 0.179688 0.914062 0.107422 0.914062
0 0.421875 0.800781 0.458985 0.800781 0.458985 0.855469 0.421875 0.855469
0 0.380860 0.800781 0.400390 0.800781 0.400390 0.822265 0.380860 0.822265
0 0.712891 0.787110 0.751953 0.787110 0.751953 0.808594 0.712891 0.808594
0 0.183593 0.781250 0.265624 0.781250 0.265624 0.851562 0.183593 0.851562
0 0.312500 0.779297 0.375000 0.779297 0.375000 0.841797 0.312500 0.841797
0 0.671874 0.763672 0.714843 0.763672 0.714843 0.800782 0.671874 0.800782
0 0.603515 0.761719 0.640625 0.761719 0.640625 0.820313 0.603515 0.820313
0 0.119141 0.757813 0.154297 0.757813 0.154297 0.779297 0.119141 0.779297
0 0.720703 0.755859 0.757812 0.755859 0.757812 0.783203 0.720703 0.783203
0 0.152343 0.751953 0.167968 0.751953 0.167968 0.763672 0.152343 0.763672
0 0.515625 0.746094 0.568359 0.746094 0.568359 0.794922 0.515625 0.794922
0 0.222656 0.742187 0.294922 0.742187 0.294922 0.787109 0.222656 0.787109
0 0.060548 0.732422 0.111328 0.732422 0.111328 0.769532 0.060548 0.769532
0 0.371093 0.730469 0.445312 0.730469 0.445312 0.789063 0.371093 0.789063
0 0.970704 0.707032 1.000000 0.707032 1.000000 0.753907 0.970704 0.753907
0 0.472656 0.701172 0.533203 0.701172 0.533203 0.746094 0.472656 0.746094
0 0.148437 0.689453 0.220703 0.689453 0.220703 0.744141 0.148437 0.744141
0 0.632812 0.679688 0.697266 0.679688 0.697266 0.753907 0.632812 0.753907
0 0.320312 0.679688 0.349610 0.679688 0.349610 0.750000 0.320312 0.750000
0 0.001953 0.679688 0.072265 0.679688 0.072265 0.757812 0.001953 0.757812
0 0.115234 0.675782 0.160156 0.675782 0.160156 0.718751 0.115234 0.718751
0 0.439453 0.664063 0.480469 0.664063 0.480469 0.699219 0.439453 0.699219
0 0.726562 0.662110 0.777343 0.662110 0.777343 0.736329 0.726562 0.736329
0 0.548829 0.660156 0.578125 0.660156 0.578125 0.695312 0.548829 0.695312
0 0.820312 0.646485 0.857422 0.646485 0.857422 0.714844 0.820312 0.714844
0 0.351562 0.634765 0.371093 0.634765 0.371093 0.650390 0.351562 0.650390
0 0.242187 0.628907 0.287109 0.628907 0.287109 0.689453 0.242187 0.689453
0 0.068359 0.626953 0.082031 0.626953 0.082031 0.660157 0.068359 0.660157
0 0.859375 0.615235 0.886719 0.615235 0.886719 0.675781 0.859375 0.675781
0 0.437500 0.613281 0.474610 0.613281 0.474610 0.650390 0.437500 0.650390
0 0.412109 0.613281 0.443359 0.613281 0.443359 0.648437 0.412109 0.648437
0 0.177734 0.597657 0.201172 0.597657 0.201172 0.636719 0.177734 0.636719
0 0.265626 0.582031 0.298828 0.582031 0.298828 0.636719 0.265626 0.636719
0 0.380860 0.580079 0.388672 0.580079 0.388672 0.599610 0.380860 0.599610
0 0.693360 0.574219 0.740235 0.574219 0.740235 0.632813 0.693360 0.632813
0 0.515625 0.564453 0.574219 0.564453 0.574219 0.650391 0.515625 0.650391
0 0.023438 0.558593 0.085938 0.558593 0.085938 0.632812 0.023438 0.632812
0 0.759765 0.550782 0.824219 0.550782 0.824219 0.597657 0.759765 0.597657
0 0.599610 0.537109 0.625000 0.537109 0.625000 0.550781 0.599610 0.550781
0 0.205078 0.513672 0.248047 0.513672 0.248047 0.568360 0.205078 0.568360
0 0.878906 0.492188 0.919922 0.492188 0.919922 0.535157 0.878906 0.535157
0 0.437500 0.480469 0.482422 0.480469 0.482422 0.550781 0.437500 0.550781
0 0.316406 0.476563 0.361328 0.476563 0.361328 0.546875 0.316406 0.546875
0 0.853516 0.470703 0.880860 0.470703 0.880860 0.531250 0.853516 0.531250
0 0.150391 0.460938 0.203125 0.460938 0.203125 0.525390 0.150391 0.525390
0 0.736328 0.453126 0.806640 0.453126 0.806640 0.531251 0.736328 0.531251
0 0.220703 0.449219 0.267578 0.449219 0.267578 0.499999 0.220703 0.499999
0 0.892578 0.437499 0.925782 0.437499 0.925782 0.480469 0.892578 0.480469
0 0.113281 0.427734 0.167969 0.427734 0.167969 0.500000 0.113281 0.500000
0 0.539063 0.421875 0.560547 0.421875 0.560547 0.466797 0.539063 0.466797
0 0.732422 0.408203 0.753906 0.408203 0.753906 0.439453 0.732422 0.439453
0 0.681641 0.396485 0.720703 0.396485 0.720703 0.429688 0.681641 0.429688
0 0.488281 0.394531 0.529297 0.394531 0.529297 0.429687 0.488281 0.429687
0 0.195312 0.386719 0.253906 0.386719 0.253906 0.451172 0.195312 0.451172
0 0.355469 0.376953 0.402344 0.376953 0.402344 0.429687 0.355469 0.429687
0 0.439453 0.367187 0.468751 0.367187 0.468751 0.398437 0.439453 0.398437
0 0.939453 0.365234 0.978515 0.365234 0.978515 0.419922 0.939453 0.419922
0 0.857421 0.361329 0.900390 0.361329 0.900390 0.429688 0.857421 0.429688
0 0.302734 0.361328 0.357422 0.361328 0.357422 0.414062 0.302734 0.414062
0 0.124999 0.349609 0.167968 0.349609 0.167968 0.394531 0.124999 0.394531
0 0.908203 0.347656 0.933593 0.347656 0.933593 0.392578 0.908203 0.392578
0 0.767578 0.347656 0.826172 0.347656 0.826172 0.437500 0.767578 0.437500
0 0.611328 0.332031 0.644532 0.332031 0.644532 0.357423 0.611328 0.357423
0 0.230468 0.324219 0.304688 0.324219 0.304688 0.363281 0.230468 0.363281
0 0.470702 0.322266 0.496094 0.322266 0.496094 0.367188 0.470702 0.367188
0 0.193359 0.318359 0.218750 0.318359 0.218750 0.332031 0.193359 0.332031
0 0.931640 0.298828 0.958984 0.298828 0.958984 0.343750 0.931640 0.343750
0 0.087890 0.298828 0.142578 0.298828 0.142578 0.363281 0.087890 0.363281
0 0.302734 0.292969 0.328126 0.292969 0.328126 0.320313 0.302734 0.320313
0 0.169922 0.277343 0.208984 0.277343 0.208984 0.320312 0.169922 0.320312
0 0.523437 0.273438 0.554687 0.273438 0.554687 0.324218 0.523437 0.324218
0 0.845703 0.271485 0.882812 0.271485 0.882812 0.324219 0.845703 0.324219
0 0.218750 0.271485 0.263672 0.271485 0.263672 0.308593 0.218750 0.308593
0 0.023438 0.263672 0.085938 0.263672 0.085938 0.314452 0.023438 0.314452
0 0.937500 0.259766 0.962890 0.259766 0.962890 0.291016 0.937500 0.291016
0 0.365234 0.259766 0.388672 0.259766 0.388672 0.287110 0.365234 0.287110
0 0.902344 0.216798 0.923828 0.216798 0.923828 0.253907 0.902344 0.253907
0 0.380859 0.216797 0.404297 0.216797 0.404297 0.263672 0.380859 0.263672
0 0.292969 0.212891 0.363281 0.212891 0.363281 0.289063 0.292969 0.289063
0 0.517578 0.203125 0.566406 0.203125 0.566406 0.271485 0.517578 0.271485
0 0.439453 0.199218 0.472656 0.199218 0.472656 0.224609 0.439453 0.224609
0 0.982422 0.197266 1.000000 0.197266 1.000000 0.224610 0.982422 0.224610
0 0.841797 0.148438 0.871093 0.148438 0.871093 0.208985 0.841797 0.208985
0 0.404297 0.140625 0.443359 0.140625 0.443359 0.203125 0.404297 0.203125
0 0.775390 0.132812 0.832031 0.132812 0.832031 0.205078 0.775390 0.205078
0 0.259765 0.128906 0.316407 0.128906 0.316407 0.214844 0.259765 0.214844
0 0.605468 0.117188 0.736328 0.117188 0.736328 0.201172 0.605468 0.201172
0 0.449219 0.097656 0.476563 0.097656 0.476563 0.128906 0.449219 0.128906
0 0.898438 0.078124 0.958984 0.078124 0.958984 0.138672 0.898438 0.138672
0 0.833985 0.064453 0.886719 0.064453 0.886719 0.117187 0.833985 0.117187
0 0.576172 0.056640 0.615234 0.056640 0.615234 0.099610 0.576172 0.099610
0 0.414062 0.052735 0.443360 0.052735 0.443360 0.091797 0.414062 0.091797
0 0.679688 0.039062 0.730468 0.039062 0.730468 0.076172 0.679688 0.076172
0 0.460938 0.035156 0.480468 0.035156 0.480468 0.048828 0.460938 0.048828
0 0.941406 0.033203 0.968750 0.033203 0.968750 0.068359 0.941406 0.068359
0 0.320312 0.019532 0.382812 0.019532 0.382812 0.089844 0.320312 0.089844
0 0.734374 0.015625 0.777343 0.015625 0.777343 0.082031 0.734374 0.082031
0 0.505859 0.011719 0.570312 0.011719 0.570312 0.083985 0.505859 0.083985
0 0.933594 0.003906 0.951172 0.003906 0.951172 0.021484 0.933594 0.021484
0 0.000000 0.000000 0.044922 0.000000 0.044922 0.044922 0.000000 0.044922
