0 0.943360 0.994140 0.955079 0.994140 0.955079 1.000000 0.943360 1.000000
0 0.916016 0.988282 0.937500 0.988282 0.937500 1.000000 0.916016 1.000000
0 0.607422 0.988282 0.644532 0.988282 0.644532 1.000000 0.607422 1.000000
0 0.542969 0.988282 0.574219 0.988282 0.574219 1.000000 0.542969 1.000000
0 0.455079 0.986328 0.492188 0.986328 0.492188 1.000000 0.455079 1.000000
0 0.167969 0.986328 0.208985 0.986328 0.208985 1.000000 0.167969 1.000000
0 0.339844 0.978516 0.367188 0.978516 0.367188 1.000000 0.339844 1.000000
0 0.419922 0.976562 0.449219 0.976562 0.449219 1.000000 0.419922 1.000000
0 0.125000 0.976562 0.162109 0.976562 0.162109 1.000000 0.125000 1.000000
0 0.728516 0.974610 0.777344 0.974610 0.777344 1.000000 0.728516 1.000000
0 0.933593 0.964843 0.945312 0.964843 0.945312 0.976562 0.933593 0.976562
0 0.863282 0.962890 0.906251 0.962890 0.906251 1.000000 0.863282 1.000000
0 0.806641 0.962890 0.869141 0.962890 0.869141 1.000000 0.806641 1.000000
0 0.650390 0.958984 0.697265 0.958984 0.697265 1.000000 0.650390 1.000000
0 0.951171 0.957031 0.994140 0.957031 0.994140 0.996093 0.951171 0.996093
0 0.437500 0.955078 0.464844 0.955078 0.464844 0.980468 0.437500 0.980468
0 0.207031 0.955078 0.316406 0.955078 0.316406 1.000000 0.207031 1.000000
0 0.000000 0.951172 0.009766 0.951172 0.009766 0.988282 0.000000 0.988282
0 0.378907 0.949218 0.429688 0.949218 0.429688 0.999999 0.378907 0.999999
0 0.703125 0.943360 0.724609 0.943360 0.724609 0.994140 0.703125 0.994140
0 0.593750 0.941406 0.656250 0.941406 0.656250 0.982422 0.593750 0.982422
0 0.490235 0.941406 0.527344 0.941406 0.527344 0.974610 0.490235 0.974610
0 0.890625 0.933593 0.927735 0.933593 0.927735 0.976562 0.890625 0.976562
0 0.761718 0.927735 0.798828 0.927735 0.798828 0.974610 0.761718 0.974610
0 0.746093 0.925781 0.765624 0.925781 0.765624 0.960937 0.746093 0.960937
0 0.105469 0.921875 0.148438 0.921875 0.148438 0.960937 0.105469 0.960937
0 0.933594 0.917969 0.990235 0.917969 0.990235 0.949219 0.933594 0.949219
0 0.421874 0.917968 0.447266 0.917968 0.447266 0.951172 0.421874 0.951172
0 0.802735 0.914062 0.849610 0.914062 0.849610 0.955078 0.802735 0.955078
0 0.537110 0.912109 0.566406 0.912109 0.566406 0.970703 0.537110 0.970703
0 0.195312 0.910157 0.251953 0.910157 0.251953 0.953126 0.195312 0.953126
0 0.283203 0.908204 0.310547 0.908204 0.310547 0.955079 0.283203 0.955079
0 0.619141 0.904296 0.654297 0.904296 0.654297 0.947265 0.619141 0.947265
0 0.255859 0.902343 0.281251 0.902343 0.281251 0.949218 0.255859 0.949218
0 0.894531 0.898438 0.935547 0.898438 0.935547 0.931641 0.894531 0.931641
0 0.714844 0.898437 0.732422 0.898437 0.732422 0.912109 0.714844 0.912109
0 0.146484 0.896485 0.191406 0.896485 0.191406 0.933594 0.146484 0.933594
0 0.103516 0.890625 0.142578 0.890625 0.142578 0.914063 0.103516 0.914063
0 0.650390 0.888671 0.701171 0.888671 0.701171 0.953125 0.650390 0.953125
0 0.878906 0.886719 0.888672 0.886719 0.888672 0.900391 0.878906 0.900391
0 0.054687 0.886718 0.082031 0.886718 0.082031 0.923828 0.054687 0.923828
0 0.576172 0.884766 0.615234 0.884766 0.615234 0.919922 0.576172 0.919922
0 0.720703 0.880860 0.732422 0.880860 0.732422 0.896485 0.720703 0.896485
0 0.453126 0.880860 0.531251 0.880860 0.531251 0.951172 0.453126 0.951172
0 0.824218 0.878907 0.857422 0.878907 0.857422 0.917969 0.824218 0.917969
0 0.914062 0.876954 0.937500 0.876954 0.937500 0.896485 0.914062 0.896485
0 0.306640 0.876953 0.361328 0.876953 0.361328 0.984375 0.306640 0.984375
0 0.011718 0.875000 0.048828 0.875000 0.048828 0.939454 0.011718 0.939454
0 0.947265 0.867187 0.970703 0.867187 0.970703 0.912109 0.947265 0.912109
0 0.855469 0.865235 0.865235 0.865235 0.865235 0.876954 0.855469 0.876954
0 0.208985 0.865234 0.251953 0.865234 0.251953 0.898438 0.208985 0.898438
0 0.591797 0.859375 0.636719 0.859375 0.636719 0.894531 0.591797 0.894531
0 0.093750 0.857422 0.115234 0.857422 0.115234 0.876953 0.093750 0.876953
0 0.537110 0.855468 0.556640 0.855468 0.556640 0.874999 0.537110 0.874999
0 0.388672 0.851562 0.417969 0.851562 0.417969 0.894532 0.388672 0.894532
0 0.646485 0.849610 0.699219 0.849610 0.699219 0.884766 0.646485 0.884766
0 0.556641 0.849609 0.570313 0.849609 0.570313 0.863281 0.556641 0.863281
0 0.427734 0.847656 0.470703 0.847656 0.470703 0.884765 0.427734 0.884765
0 0.923829 0.845703 0.970704 0.845703 0.970704 0.867187 0.923829 0.867187
0 0.130859 0.845704 0.216797 0.845704 0.216797 0.892579 0.130859 0.892579
0 0.298828 0.837890 0.347656 0.837890 0.347656 0.871094 0.298828 0.871094
0 0.076172 0.835937 0.097656 0.835937 0.097656 0.863281 0.076172 0.863281
0 0.107422 0.833984 0.117188 0.833984 0.117188 0.847656 0.107422 0.847656
0 0.455078 0.830078 0.505860 0.830078 0.505860 0.863282 0.455078 0.863282
0 0.125000 0.830078 0.150391 0.830078 0.150391 0.857422 0.125000 0.857422
0 0.525391 0.828125 0.556641 0.828125 0.556641 0.855469 0.525391 0.855469
0 0.738281 0.820312 0.818359 0.820312 0.818359 0.923828 0.738281 0.923828
0 0.951172 0.808593 0.972656 0.808593 0.972656 0.841797 0.951172 0.841797
0 0.628906 0.808594 0.669922 0.808594 0.669922 0.849610 0.628906 0.849610
0 0.580079 0.806641 0.626954 0.806641 0.626954 0.855469 0.580079 0.855469
0 0.349610 0.806641 0.400390 0.806641 0.400390 0.855469 0.349610 0.855469
0 0.410156 0.792969 0.470703 0.792969 0.470703 0.837891 0.410156 0.837891
0 0.035156 0.791016 0.068360 0.791016 0.068360 0.808594 0.035156 0.808594
0 0.724609 0.789063 0.769531 0.789063 0.769531 0.869141 0.724609 0.869141
0 0.480468 0.789062 0.523438 0.789062 0.523438 0.835938 0.480468 0.835938
0 0.183594 0.787109 0.232422 0.787109 0.232422 0.832031 0.183594 0.832031
0 0.236329 0.783203 0.304688 0.783203 0.304688 0.898437 0.236329 0.898437
0 0.703125 0.779296 0.736329 0.779296 0.736329 0.822265 0.703125 0.822265
0 0.841797 0.775391 0.880859 0.775391 0.880859 0.820313 0.841797 0.820313
0 0.050781 0.775390 0.070312 0.775390 0.070312 0.785156 0.050781 0.785156
0 0.281250 0.771484 0.298828 0.771484 0.298828 0.789062 0.281250 0.789062
0 0.900390 0.769532 0.937500 0.769532 0.937500 0.820312 0.900390 0.820312
0 0.000000 0.769531 0.048828 0.769531 0.048828 0.853515 0.000000 0.853515
0 0.558594 0.767578 0.593750 0.767578 0.593750 0.802734 0.558594 0.802734
0 0.136719 0.765624 0.164063 0.765624 0.164063 0.808593 0.136719 0.808593
0 0.658203 0.763672 0.703125 0.763672 0.703125 0.824218 0.658203 0.824218
0 0.167969 0.761719 0.195313 0.761719 0.195313 0.802735 0.167969 0.802735
0 0.832031 0.759766 0.859375 0.759766 0.859375 0.781250 0.832031 0.781250
0 0.472656 0.759766 0.500000 0.759766 0.500000 0.787110 0.472656 0.787110
0 0.078124 0.759765 0.134765 0.759765 0.134765 0.824219 0.078124 0.824219
0 0.302734 0.753907 0.414062 0.753907 0.414062 0.828126 0.302734 0.828126
0 0.421875 0.748047 0.460937 0.748047 0.460937 0.787109 0.421875 0.787109
0 0.707031 0.746094 0.744140 0.746094 0.744140 0.775390 0.707031 0.775390
0 0.783203 0.744141 0.828125 0.744141 0.828125 0.792969 0.783203 0.792969
0 0.191406 0.744141 0.226562 0.744141 0.226562 0.783203 0.191406 0.783203
0 0.302734 0.734375 0.343750 0.734375 0.343750 0.765625 0.302734 0.765625
0 0.222657 0.734374 0.265626 0.734374 0.265626 0.777343 0.222657 0.777343
0 0.759765 0.730468 0.810546 0.730468 0.810546 0.781249 0.759765 0.781249
0 0.568360 0.726563 0.605469 0.726563 0.605469 0.765625 0.568360 0.765625
0 0.615234 0.722656 0.687500 0.722656 0.687500 0.798828 0.615234 0.798828
0 0.949219 0.720703 0.972657 0.720703 0.972657 0.746093 0.949219 0.746093
0 0.757812 0.718750 0.798828 0.718750 0.798828 0.759766 0.757812 0.759766
0 0.091797 0.718750 0.187499 0.718750 0.187499 0.763672 0.091797 0.763672
0 0.072265 0.712890 0.095703 0.712890 0.095703 0.728515 0.072265 0.728515
0 0.261719 0.710937 0.302735 0.710937 0.302735 0.755859 0.261719 0.755859
0 0.187500 0.710938 0.201172 0.710938 0.201172 0.722657 0.187500 0.722657
0 0.015624 0.708985 0.072265 0.708985 0.072265 0.777344 0.015624 0.777344
0 0.375000 0.705078 0.416016 0.705078 0.416016 0.746094 0.375000 0.746094
0 0.000000 0.705078 0.015624 0.705078 0.015624 0.753906 0.000000 0.753906
0 0.208984 0.703125 0.250000 0.703125 0.250000 0.726563 0.208984 0.726563
0 0.816406 0.701172 0.869140 0.701172 0.869140 0.738282 0.816406 0.738282
0 0.339843 0.695313 0.369140 0.695313 0.369140 0.744141 0.339843 0.744141
0 0.390626 0.689453 0.396484 0.689453 0.396484 0.695312 0.390626 0.695312
0 0.162110 0.689454 0.201172 0.689454 0.201172 0.708985 0.162110 0.708985
0 0.722657 0.687500 0.769532 0.687500 0.769532 0.742188 0.722657 0.742188
0 0.093750 0.687500 0.128906 0.687500 0.128906 0.724610 0.093750 0.724610
0 0.660156 0.685547 0.691406 0.685547 0.691406 0.722657 0.660156 0.722657
0 0.591797 0.685547 0.658203 0.685547 0.658203 0.753907 0.591797 0.753907
0 0.431641 0.685547 0.462891 0.685547 0.462891 0.744141 0.431641 0.744141
0 0.369141 0.685547 0.386719 0.685547 0.386719 0.699219 0.369141 0.699219
0 0.298827 0.685546 0.341797 0.685546 0.341797 0.728515 0.298827 0.728515
0 0.984375 0.681641 1.000000 0.681641 1.000000 0.744141 0.984375 0.744141
0 0.697266 0.677734 0.728516 0.677734 0.728516 0.750000 0.697266 0.750000
0 0.583985 0.677735 0.599610 0.677735 0.599610 0.697265 0.583985 0.697265
0 0.482421 0.677734 0.529296 0.677734 0.529296 0.773438 0.482421 0.773438
0 0.132813 0.671875 0.154297 0.671875 0.154297 0.699219 0.132813 0.699219
0 0.857422 0.667969 0.880860 0.667969 0.880860 0.708985 0.857422 0.708985
0 0.207031 0.660156 0.238281 0.660156 0.238281 0.705078 0.207031 0.705078
0 0.476562 0.658204 0.496093 0.658204 0.496093 0.673829 0.476562 0.673829
0 0.042969 0.658203 0.101563 0.658203 0.101563 0.695312 0.042969 0.695312
0 0.769531 0.656250 0.810547 0.656250 0.810547 0.703125 0.769531 0.703125
0 0.921875 0.654296 0.947265 0.654296 0.947265 0.687500 0.921875 0.687500
0 0.667969 0.654297 0.691407 0.654297 0.691407 0.671875 0.667969 0.671875
0 0.687500 0.650390 0.757812 0.650390 0.757812 0.683594 0.687500 0.683594
0 0.826172 0.648437 0.857422 0.648437 0.857422 0.675781 0.826172 0.675781
0 0.369140 0.648438 0.429688 0.648438 0.429688 0.726562 0.369140 0.726562
0 0.154298 0.648437 0.191407 0.648437 0.191407 0.675781 0.154298 0.675781
0 0.000000 0.646485 0.027344 0.646485 0.027344 0.699219 0.000000 0.699219
0 0.609375 0.644531 0.646485 0.644531 0.646485 0.683593 0.609375 0.683593
0 0.533203 0.642578 0.566407 0.642578 0.566407 0.683594 0.533203 0.683594
0 0.656250 0.634766 0.677734 0.634766 0.677734 0.656250 0.656250 0.656250
0 0.419922 0.634765 0.460938 0.634765 0.460938 0.677735 0.419922 0.677735
0 0.923828 0.623046 0.966797 0.623046 0.966797 0.666015 0.923828 0.666015
0 0.726563 0.623046 0.775391 0.623046 0.775391 0.656250 0.726563 0.656250
0 0.146484 0.621093 0.175782 0.621093 0.175782 0.640624 0.146484 0.640624
0 0.345703 0.617187 0.388673 0.617187 0.388673 0.658203 0.345703 0.658203
0 0.679688 0.613281 0.714844 0.613281 0.714844 0.648437 0.679688 0.648437
0 0.332031 0.613282 0.349609 0.613282 0.349609 0.632812 0.332031 0.632812
0 0.865234 0.611329 0.898438 0.611329 0.898438 0.626954 0.865234 0.626954
0 0.144532 0.611328 0.150391 0.611328 0.150391 0.619140 0.144532 0.619140
0 0.240235 0.609375 0.310547 0.609375 0.310547 0.654297 0.240235 0.654297
0 0.509765 0.603516 0.546875 0.603516 0.546875 0.634766 0.509765 0.634766
0 0.830078 0.601562 0.857422 0.601562 0.857422 0.642578 0.830078 0.642578
0 0.210938 0.599609 0.232422 0.599609 0.232422 0.632812 0.210938 0.632812
0 0.447265 0.591796 0.494140 0.591796 0.494140 0.634765 0.447265 0.634765
0 0.736328 0.587891 0.785156 0.587891 0.785156 0.617188 0.736328 0.617188
0 0.697266 0.585937 0.728516 0.585937 0.728516 0.617187 0.697266 0.617187
0 0.414063 0.585938 0.449219 0.585938 0.449219 0.625000 0.414063 0.625000
0 0.000000 0.585937 0.070312 0.585937 0.070312 0.662109 0.000000 0.662109
0 0.167969 0.582031 0.203125 0.582031 0.203125 0.617187 0.167969 0.617187
0 0.289063 0.580079 0.306641 0.580079 0.306641 0.599610 0.289063 0.599610
0 0.042969 0.580078 0.074219 0.580078 0.074219 0.617188 0.042969 0.617188
0 0.216797 0.578125 0.275391 0.578125 0.275391 0.603515 0.216797 0.603515
0 0.347656 0.574218 0.369140 0.574218 0.369140 0.611328 0.347656 0.611328
0 0.312501 0.574218 0.345703 0.574218 0.345703 0.617188 0.312501 0.617188
0 0.845703 0.568359 0.902343 0.568359 0.902343 0.609375 0.845703 0.609375
0 0.382813 0.566406 0.414063 0.566406 0.414063 0.603515 0.382813 0.603515
0 0.601562 0.564453 0.644532 0.564453 0.644532 0.621093 0.601562 0.621093
0 0.464844 0.564453 0.498047 0.564453 0.498047 0.585937 0.464844 0.585937
0 0.072266 0.558593 0.167968 0.558593 0.167968 0.664062 0.072266 0.664062
0 0.705078 0.556641 0.753906 0.556641 0.753906 0.587891 0.705078 0.587891
0 0.230469 0.554688 0.302735 0.554688 0.302735 0.576172 0.230469 0.576172
0 0.636719 0.552734 0.689453 0.552734 0.689453 0.597656 0.636719 0.597656
0 0.388672 0.550781 0.406250 0.550781 0.406250 0.564453 0.388672 0.564453
0 0.505860 0.546875 0.558594 0.546875 0.558594 0.593750 0.505860 0.593750
0 0.316406 0.544922 0.347656 0.544922 0.347656 0.562500 0.316406 0.562500
0 0.173828 0.544922 0.224610 0.544922 0.224610 0.576172 0.173828 0.576172
0 0.000000 0.541015 0.003906 0.541015 0.003906 0.550781 0.000000 0.550781
0 0.785156 0.539062 0.826172 0.539062 0.826172 0.585938 0.785156 0.585938
0 0.000000 0.539062 0.039062 0.539062 0.039062 0.580078 0.000000 0.580078
0 0.863282 0.527343 0.923828 0.527343 0.923828 0.564453 0.863282 0.564453
0 0.755859 0.525391 0.789062 0.525391 0.789062 0.564453 0.755859 0.564453
0 0.464843 0.525390 0.490235 0.525390 0.490235 0.558594 0.464843 0.558594
0 0.410156 0.525391 0.458984 0.525391 0.458984 0.583985 0.410156 0.583985
0 0.050781 0.525390 0.123047 0.525390 0.123047 0.599610 0.050781 0.599610
0 0.498047 0.523438 0.525391 0.523438 0.525391 0.548828 0.498047 0.548828
0 0.216797 0.521485 0.277344 0.521485 0.277344 0.546875 0.216797 0.546875
0 0.679687 0.519532 0.720703 0.519532 0.720703 0.562501 0.679687 0.562501
0 0.166016 0.519531 0.193360 0.519531 0.193360 0.542969 0.166016 0.542969
0 0.720704 0.509766 0.750000 0.509766 0.750000 0.541016 0.720704 0.541016
0 0.000000 0.509765 0.007812 0.509765 0.007812 0.535156 0.000000 0.535156
0 0.414063 0.507812 0.431641 0.507812 0.431641 0.537109 0.414063 0.537109
0 0.371094 0.505860 0.404297 0.505860 0.404297 0.544922 0.371094 0.544922
0 0.117187 0.501953 0.171875 0.501953 0.171875 0.558593 0.117187 0.558593
0 0.494140 0.498047 0.517578 0.498047 0.517578 0.523438 0.494140 0.523438
0 0.279297 0.494140 0.320313 0.494140 0.320313 0.535156 0.279297 0.535156
0 0.794921 0.488281 0.900390 0.488281 0.900390 0.548828 0.794921 0.548828
0 0.523438 0.486329 0.562500 0.486329 0.562500 0.537110 0.523438 0.537110
0 0.191407 0.484375 0.230469 0.484375 0.230469 0.521485 0.191407 0.521485
0 0.613282 0.476562 0.687501 0.476562 0.687501 0.552734 0.613282 0.552734
0 0.234375 0.476562 0.279297 0.476562 0.279297 0.505860 0.234375 0.505860
0 0.935547 0.474610 0.980469 0.474610 0.980469 0.574219 0.935547 0.574219
0 0.835938 0.472656 0.855468 0.472656 0.855468 0.496094 0.835938 0.496094
0 0.736329 0.472657 0.796875 0.472657 0.796875 0.523438 0.736329 0.523438
0 0.162110 0.472657 0.197266 0.472657 0.197266 0.505860 0.162110 0.505860
0 0.583985 0.462891 0.634765 0.462891 0.634765 0.501953 0.583985 0.501953
0 0.763672 0.460938 0.794922 0.460938 0.794922 0.486329 0.763672 0.486329
0 0.390625 0.453125 0.501953 0.453125 0.501953 0.515625 0.390625 0.515625
0 0.050781 0.453125 0.158203 0.453125 0.158203 0.523437 0.050781 0.523437
0 0.070312 0.453125 0.099609 0.453125 0.099609 0.476563 0.070312 0.476563
0 0.531250 0.447265 0.578125 0.447265 0.578125 0.480468 0.531250 0.480468
0 0.330077 0.447265 0.373047 0.447265 0.373047 0.484375 0.330077 0.484375
0 0.000000 0.445312 0.013672 0.445312 0.013672 0.496093 0.000000 0.496093
0 0.271485 0.443359 0.322265 0.443359 0.322265 0.492187 0.271485 0.492187
0 0.166016 0.437500 0.255860 0.437500 0.255860 0.482422 0.166016 0.482422
0 0.000000 0.429688 0.007812 0.429688 0.007812 0.441407 0.000000 0.441407
0 0.861328 0.427735 0.929688 0.427735 0.929688 0.515625 0.861328 0.515625
0 0.642578 0.427735 0.691406 0.427735 0.691406 0.464843 0.642578 0.464843
0 0.410156 0.425781 0.458984 0.425781 0.458984 0.460937 0.410156 0.460937
0 0.792969 0.421874 0.863281 0.421874 0.863281 0.464844 0.792969 0.464844
0 0.207031 0.421875 0.234375 0.421875 0.234375 0.443359 0.207031 0.443359
0 0.761718 0.419922 0.808593 0.419922 0.808593 0.455078 0.761718 0.455078
0 0.697265 0.417969 0.730469 0.417969 0.730469 0.488281 0.697265 0.488281
0 0.738282 0.414062 0.753907 0.414062 0.753907 0.439454 0.738282 0.439454
0 0.585938 0.414063 0.611328 0.414063 0.611328 0.445313 0.585938 0.445313
0 0.308594 0.414062 0.353516 0.414062 0.353516 0.451171 0.308594 0.451171
0 0.033203 0.412109 0.091797 0.412109 0.091797 0.492187 0.033203 0.492187
0 0.425782 0.408203 0.458985 0.408203 0.458985 0.429687 0.425782 0.429687
0 0.619140 0.402344 0.666015 0.402344 0.666015 0.443360 0.619140 0.443360
0 0.826172 0.400390 0.875000 0.400390 0.875000 0.429688 0.826172 0.429688
0 0.347656 0.400391 0.363281 0.400391 0.363281 0.414063 0.347656 0.414063
0 0.562500 0.394531 0.585938 0.394531 0.585938 0.437501 0.562500 0.437501
0 0.490235 0.392579 0.541015 0.392579 0.541015 0.460938 0.490235 0.460938
0 0.748047 0.390625 0.783203 0.390625 0.783203 0.425781 0.748047 0.425781
0 0.441406 0.386718 0.486328 0.386718 0.486328 0.423828 0.441406 0.423828
0 0.128907 0.386719 0.175782 0.386719 0.175782 0.439453 0.128907 0.439453
0 0.285156 0.380860 0.328126 0.380860 0.328126 0.427735 0.285156 0.427735
0 0.099610 0.380859 0.138672 0.380859 0.138672 0.429687 0.099610 0.429687
0 0.015625 0.380860 0.058594 0.380860 0.058594 0.427735 0.015625 0.427735
0 0.000000 0.375000 0.011718 0.375000 0.011718 0.414062 0.000000 0.414062
0 0.556641 0.369140 0.587891 0.369140 0.587891 0.394532 0.556641 0.394532
0 0.593750 0.365234 0.623046 0.365234 0.623046 0.388672 0.593750 0.388672
0 0.326171 0.363282 0.351562 0.363282 0.351562 0.400390 0.326171 0.400390
0 0.925782 0.361328 0.951172 0.361328 0.951172 0.378906 0.925782 0.378906
0 0.841797 0.361328 0.873047 0.361328 0.873047 0.406250 0.841797 0.406250
0 0.279297 0.357421 0.310547 0.357421 0.310547 0.382812 0.279297 0.382812
0 0.357422 0.355468 0.392578 0.355468 0.392578 0.398438 0.357422 0.398438
0 0.626953 0.353516 0.658203 0.353516 0.658203 0.388672 0.626953 0.388672
0 0.468750 0.353515 0.505860 0.353515 0.505860 0.390625 0.468750 0.390625
0 0.203125 0.353516 0.296875 0.353516 0.296875 0.437500 0.203125 0.437500
0 0.880859 0.349609 0.908203 0.349609 0.908203 0.380859 0.880859 0.380859
0 0.148438 0.345703 0.201172 0.345703 0.201172 0.378906 0.148438 0.378906
0 0.681640 0.343749 0.705078 0.343749 0.705078 0.369141 0.681640 0.369141
0 0.904297 0.341797 0.935547 0.341797 0.935547 0.357422 0.904297 0.357422
0 0.287109 0.335937 0.341797 0.335937 0.341797 0.367187 0.287109 0.367187
0 0.230468 0.326172 0.273438 0.326172 0.273438 0.359374 0.230468 0.359374
0 0.054688 0.326172 0.117188 0.326172 0.117188 0.392578 0.054688 0.392578
0 0.005859 0.326172 0.050781 0.326172 0.050781 0.375000 0.005859 0.375000
0 0.646485 0.316406 0.666015 0.316406 0.666015 0.347656 0.646485 0.347656
0 0.560547 0.316406 0.601563 0.316406 0.601563 0.369140 0.560547 0.369140
0 0.515625 0.312500 0.544921 0.312500 0.544921 0.380860 0.515625 0.380860
0 0.365235 0.310547 0.425782 0.310547 0.425782 0.365235 0.365235 0.365235
0 0.074219 0.308594 0.103515 0.308594 0.103515 0.326172 0.074219 0.326172
0 0.048829 0.308593 0.078126 0.308593 0.078126 0.345703 0.048829 0.345703
0 0.302735 0.306640 0.359375 0.306640 0.359375 0.339843 0.302735 0.339843
0 0.908203 0.300781 0.960937 0.300781 0.960937 0.343751 0.908203 0.343751
0 0.000001 0.300781 0.019532 0.300781 0.019532 0.347656 0.000001 0.347656
0 0.742188 0.298828 0.869141 0.298828 0.869141 0.394531 0.742188 0.394531
0 0.234375 0.294921 0.273437 0.294921 0.273437 0.320312 0.234375 0.320312
0 0.123047 0.292968 0.169922 0.292968 0.169922 0.347656 0.123047 0.347656
0 0.605469 0.291016 0.644531 0.291016 0.644531 0.341797 0.605469 0.341797
0 0.474609 0.291015 0.517578 0.291015 0.517578 0.316407 0.474609 0.316407
0 0.177734 0.285156 0.187500 0.285156 0.187500 0.296876 0.177734 0.296876
0 0.859375 0.283203 0.906250 0.283203 0.906250 0.335937 0.859375 0.335937
0 0.291016 0.281250 0.326172 0.281250 0.326172 0.304688 0.291016 0.304688
0 0.728515 0.275391 0.810546 0.275391 0.810546 0.310547 0.728515 0.310547
0 0.853516 0.273438 0.871094 0.273438 0.871094 0.289062 0.853516 0.289062
0 0.433594 0.271485 0.474610 0.271485 0.474610 0.318360 0.433594 0.318360
0 0.107422 0.271485 0.138672 0.271485 0.138672 0.318360 0.107422 0.318360
0 0.945312 0.269531 0.974609 0.269531 0.974609 0.314453 0.945312 0.314453
0 0.638671 0.269531 0.671875 0.269531 0.671875 0.308593 0.638671 0.308593
0 0.261719 0.269532 0.275391 0.269532 0.275391 0.289062 0.261719 0.289062
0 0.015625 0.267578 0.058594 0.267578 0.058594 0.308594 0.015625 0.308594
0 0.556640 0.265624 0.597656 0.265624 0.597656 0.308594 0.556640 0.308594
0 0.000000 0.261719 0.011718 0.261719 0.011718 0.292969 0.000000 0.292969
0 0.673828 0.259766 0.738282 0.259766 0.738282 0.416016 0.673828 0.416016
0 0.380860 0.259765 0.410157 0.259765 0.410157 0.300781 0.380860 0.300781
0 0.810547 0.255860 0.845703 0.255860 0.845703 0.291016 0.810547 0.291016
0 0.296874 0.250000 0.326172 0.250000 0.326172 0.277344 0.296874 0.277344
0 0.191407 0.248047 0.265626 0.248047 0.265626 0.308594 0.191407 0.308594
0 0.060547 0.246093 0.107422 0.246093 0.107422 0.302735 0.060547 0.302735
0 0.337890 0.242188 0.378906 0.242188 0.378906 0.304688 0.337890 0.304688
0 0.132812 0.236328 0.191406 0.236328 0.191406 0.289062 0.132812 0.289062
0 0.458984 0.234375 0.486328 0.234375 0.486328 0.271485 0.458984 0.271485
0 0.636718 0.228516 0.673828 0.228516 0.673828 0.267578 0.636718 0.267578
0 0.583985 0.228516 0.609375 0.228516 0.609375 0.253907 0.583985 0.253907
0 0.410157 0.226562 0.447265 0.226562 0.447265 0.271484 0.410157 0.271484
0 0.693359 0.222657 0.734375 0.222657 0.734375 0.248048 0.693359 0.248048
0 0.275391 0.218751 0.306641 0.218751 0.306641 0.251953 0.275391 0.251953
0 0.611328 0.216797 0.654297 0.216797 0.654297 0.261719 0.611328 0.261719
0 0.197266 0.216797 0.232422 0.216797 0.232422 0.257813 0.197266 0.257813
0 0.000000 0.214844 0.003906 0.214844 0.003906 0.236328 0.000000 0.236328
0 0.917969 0.207032 0.931641 0.207032 0.931641 0.222657 0.917969 0.222657
0 0.369140 0.207032 0.394532 0.207032 0.394532 0.240234 0.369140 0.240234
0 0.789063 0.203125 0.855469 0.203125 0.855469 0.251953 0.789063 0.251953
0 0.511719 0.201172 0.564453 0.201172 0.564453 0.271484 0.511719 0.271484
0 0.314453 0.201172 0.365234 0.201172 0.365234 0.242188 0.314453 0.242188
0 0.240235 0.201172 0.269532 0.201172 0.269532 0.244140 0.240235 0.244140
0 0.152344 0.201172 0.197266 0.201172 0.197266 0.230469 0.152344 0.230469
0 0.578125 0.193360 0.619141 0.193360 0.619141 0.226562 0.578125 0.226562
0 0.746093 0.187500 0.783203 0.187500 0.783203 0.246094 0.746093 0.246094
0 0.669921 0.185547 0.703125 0.185547 0.703125 0.226563 0.669921 0.226563
0 0.089844 0.179688 0.130860 0.179688 0.130860 0.208985 0.089844 0.208985
0 0.703125 0.177734 0.742187 0.177734 0.742187 0.222656 0.703125 0.222656
0 0.271485 0.175781 0.363282 0.175781 0.363282 0.216797 0.271485 0.216797
0 0.388672 0.173828 0.417969 0.173828 0.417969 0.220703 0.388672 0.220703
0 0.724609 0.164062 0.757812 0.164062 0.757812 0.197265 0.724609 0.197265
0 0.000001 0.164063 0.095703 0.164063 0.095703 0.279297 0.000001 0.279297
0 0.875000 0.160156 0.904296 0.160156 0.904296 0.189453 0.875000 0.189453
0 0.298828 0.160156 0.332031 0.160156 0.332031 0.181640 0.298828 0.181640
0 0.136719 0.160157 0.195313 0.160157 0.195313 0.207032 0.136719 0.207032
0 0.429688 0.158203 0.468750 0.158203 0.468750 0.222656 0.429688 0.222656
0 0.632812 0.156250 0.652343 0.156250 0.652343 0.193359 0.632812 0.193359
0 0.578125 0.156250 0.626953 0.156250 0.626953 0.195312 0.578125 0.195312
0 0.810547 0.154298 0.878907 0.154298 0.878907 0.222657 0.810547 0.222657
0 0.486328 0.148438 0.519532 0.148438 0.519532 0.205078 0.486328 0.205078
0 0.914062 0.146484 0.947266 0.146484 0.947266 0.175782 0.914062 0.175782
0 0.097657 0.146484 0.136719 0.146484 0.136719 0.177734 0.097657 0.177734
0 0.398437 0.144531 0.412109 0.144531 0.412109 0.158203 0.398437 0.158203
0 0.320312 0.144531 0.363282 0.144531 0.363282 0.166015 0.320312 0.166015
0 0.250000 0.140625 0.298828 0.140625 0.298828 0.167969 0.250000 0.167969
0 0.064453 0.138672 0.095703 0.138672 0.095703 0.181640 0.064453 0.181640
0 0.734376 0.134766 0.785157 0.134766 0.785157 0.177734 0.734376 0.177734
0 0.441407 0.134766 0.480469 0.134766 0.480469 0.171875 0.441407 0.171875
0 0.650390 0.132812 0.691406 0.132812 0.691406 0.175781 0.650390 0.175781
0 0.160156 0.130860 0.183594 0.130860 0.183594 0.138672 0.160156 0.138672
0 0.808594 0.125000 0.880860 0.125000 0.880860 0.169922 0.808594 0.169922
0 0.000000 0.125000 0.013672 0.125000 0.013672 0.150391 0.000000 0.150391
0 0.689453 0.117187 0.726562 0.117187 0.726562 0.158203 0.689453 0.158203
0 0.136719 0.117188 0.167969 0.117188 0.167969 0.134766 0.136719 0.134766
0 0.908203 0.115234 0.935547 0.115234 0.935547 0.138672 0.908203 0.138672
0 0.531250 0.113281 0.572266 0.113281 0.572266 0.130859 0.531250 0.130859
0 0.181641 0.111328 0.238282 0.111328 0.238282 0.150390 0.181641 0.150390
0 0.259765 0.109375 0.296875 0.109375 0.296875 0.136719 0.259765 0.136719
0 0.750000 0.105469 0.773438 0.105469 0.773438 0.132813 0.750000 0.132813
0 0.632812 0.105469 0.658203 0.105469 0.658203 0.132813 0.632812 0.132813
0 0.000000 0.105469 0.003906 0.105469 0.003906 0.119141 0.000000 0.119141
0 0.886719 0.099609 0.914063 0.099609 0.914063 0.130859 0.886719 0.130859
0 0.490234 0.099609 0.531250 0.099609 0.531250 0.142578 0.490234 0.142578
0 0.134766 0.095703 0.169922 0.095703 0.169922 0.111328 0.134766 0.111328
0 0.089844 0.093751 0.128906 0.093751 0.128906 0.130860 0.089844 0.130860
0 0.958985 0.091797 0.984375 0.091797 0.984375 0.140625 0.958985 0.140625
0 0.609375 0.087891 0.630859 0.087891 0.630859 0.109375 0.609375 0.109375
0 0.302734 0.083984 0.410156 0.083984 0.410156 0.148438 0.302734 0.148438
0 0.259765 0.083984 0.275390 0.083984 0.275390 0.097656 0.259765 0.097656
0 0.937500 0.082031 0.951172 0.082031 0.951172 0.130859 0.937500 0.130859
0 0.781250 0.082031 0.843750 0.082031 0.843750 0.128906 0.781250 0.128906
0 0.714843 0.082032 0.757812 0.082032 0.757812 0.111328 0.714843 0.111328
0 0.513672 0.082032 0.548828 0.082032 0.548828 0.111328 0.513672 0.111328
0 0.283203 0.080078 0.291015 0.080078 0.291015 0.089844 0.283203 0.089844
0 0.628907 0.060547 0.675782 0.060547 0.675782 0.107422 0.628907 0.107422
0 0.167969 0.058594 0.203125 0.058594 0.203125 0.099610 0.167969 0.099610
0 0.281250 0.054688 0.298828 0.054688 0.298828 0.070312 0.281250 0.070312
0 0.851562 0.052735 0.884766 0.052735 0.884766 0.119141 0.851562 0.119141
0 0.824219 0.052734 0.833985 0.052734 0.833985 0.062500 0.824219 0.062500
0 0.777344 0.052735 0.812500 0.052735 0.812500 0.072265 0.777344 0.072265
0 0.914062 0.050781 0.941406 0.050781 0.941406 0.085937 0.914062 0.085937
0 0.431640 0.044922 0.474610 0.044922 0.474610 0.105468 0.431640 0.105468
0 0.886719 0.042969 0.910157 0.042969 0.910157 0.091797 0.886719 0.091797
0 0.513672 0.042968 0.568360 0.042968 0.568360 0.076172 0.513672 0.076172
0 0.367188 0.042969 0.414062 0.042969 0.414062 0.091797 0.367188 0.091797
0 0.249999 0.035156 0.265624 0.035156 0.265624 0.052734 0.249999 0.052734
0 0.000000 0.035156 0.097656 0.035156 0.097656 0.134765 0.000000 0.134765
0 0.294922 0.033203 0.333984 0.033203 0.333984 0.062501 0.294922 0.062501
0 0.570312 0.029297 0.607422 0.029297 0.607422 0.070313 0.570312 0.070313
0 0.185547 0.029297 0.208985 0.029297 0.208985 0.046875 0.185547 0.046875
0 0.154297 0.021485 0.181641 0.021485 0.181641 0.054688 0.154297 0.054688
0 0.683594 0.017578 0.771485 0.017578 0.771485 0.074218 0.683594 0.074218
0 0.357422 0.013672 0.398438 0.013672 0.398438 0.042968 0.357422 0.042968
0 0.910156 0.011719 0.955078 0.011719 0.955078 0.054688 0.910156 0.054688
0 0.697265 0.007812 0.720703 0.007812 0.720703 0.021484 0.697265 0.021484
0 0.000000 0.003906 0.007812 0.003906 0.007812 0.029297 0.000000 0.029297
0 0.832031 0.001954 0.869140 0.001954 0.869140 0.048828 0.832031 0.048828
0 0.609375 0.001954 0.623047 0.001954 0.623047 0.017579 0.609375 0.017579
0 0.960938 0.000000 0.990234 0.000000 0.990234 0.044922 0.960938 0.044922
0 0.931640 0.000000 0.958984 0.000000 0.958984 0.009766 0.931640 0.009766
0 0.871093 0.000000 0.904297 0.000000 0.904297 0.033203 0.871093 0.033203
0 0.781250 0.000000 0.828125 0.000000 0.828125 0.021484 0.781250 0.021484
0 0.623047 0.000001 0.691407 0.000001 0.691407 0.050782 0.623047 0.050782
0 0.500000 0.000000 0.533204 0.000000 0.533204 0.007812 0.500000 0.007812
0 0.451172 0.000000 0.468750 0.000000 0.468750 0.007812 0.451172 0.007812
0 0.326172 0.000000 0.357422 0.000000 0.357422 0.025390 0.326172 0.025390
0 0.275391 0.000000 0.310547 0.000000 0.310547 0.037110 0.275391 0.037110
0 0.230469 0.000000 0.279297 0.000000 0.279297 0.029296 0.230469 0.029296
0 0.191406 0.000000 0.222656 0.000000 0.222656 0.027344 0.191406 0.027344
0 0.132812 0.000000 0.169922 0.000000 0.169922 0.015624 0.132812 0.015624
0 0.029296 0.000000 0.121093 0.000000 0.121093 0.044922 0.029296 0.044922
0 0.054687 0.000000 0.083984 0.000000 0.083984 0.011718 0.054687 0.011718
0 0.015625 0.000000 0.048828 0.000000 0.048828 0.009766 0.015625 0.009766
