0 0.791016 0.990234 0.822266 0.990234 0.822266 1.000000 0.791016 1.000000
0 0.843750 0.988282 0.880860 0.988282 0.880860 1.000000 0.843750 1.000000
0 0.498046 0.986328 0.513671 0.986328 0.513671 1.000000 0.498046 1.000000
0 0.517578 0.980468 0.558594 0.980468 0.558594 0.999999 0.517578 0.999999
0 0.103516 0.962890 0.132812 0.962890 0.132812 1.000000 0.103516 1.000000
0 0.564453 0.960938 0.609375 0.960938 0.609375 1.000000 0.564453 1.000000
0 0.240234 0.949218 0.281250 0.949218 0.281250 0.999999 0.240234 0.999999
0 0.689453 0.947266 0.806641 0.947266 0.806641 1.000000 0.689453 1.000000
0 0.964844 0.945313 1.000000 0.945313 1.000000 0.998047 0.964844 0.998047
0 0.199219 0.941407 0.232422 0.941407 0.232422 0.992188 0.199219 0.992188
0 0.173828 0.937500 0.193360 0.937500 0.193360 0.984375 0.173828 0.984375
0 0.892578 0.935547 0.958984 0.935547 0.958984 0.988281 0.892578 0.988281
0 0.292969 0.933594 0.359375 0.933594 0.359375 1.000000 0.292969 1.000000
0 0.910156 0.929688 0.927734 0.929688 0.927734 0.947266 0.910156 0.947266
0 0.568360 0.929687 0.646485 0.929687 0.646485 0.974609 0.568360 0.974609
0 0.705078 0.927735 0.771484 0.927735 0.771484 0.970704 0.705078 0.970704
0 0.955078 0.919922 1.000000 0.919922 1.000000 0.970703 0.955078 0.970703
0 0.099610 0.917968 0.134766 0.917968 0.134766 0.960938 0.099610 0.960938
0 0.441406 0.912110 0.482422 0.912110 0.482422 0.931640 0.441406 0.931640
0 0.652344 0.906250 0.714844 0.906250 0.714844 0.941406 0.652344 0.941406
0 0.486328 0.898438 0.507812 0.898438 0.507812 0.917968 0.486328 0.917968
0 0.337891 0.896484 0.369141 0.896484 0.369141 0.919922 0.337891 0.919922
0 0.583985 0.894531 0.644531 0.894531 0.644531 0.925781 0.583985 0.925781
0 0.375000 0.894531 0.455078 0.894531 0.455078 0.980469 0.375000 0.980469
0 0.818359 0.876953 0.873047 0.876953 0.873047 0.945312 0.818359 0.945312
0 0.314453 0.876954 0.337891 0.876954 0.337891 0.906250 0.314453 0.906250
0 0.382812 0.873047 0.425782 0.873047 0.425782 0.898438 0.382812 0.898438
0 0.130859 0.869141 0.158203 0.869141 0.158203 0.935547 0.130859 0.935547
0 0.476562 0.865234 0.523438 0.865234 0.523438 0.906250 0.476562 0.906250
0 0.218750 0.851562 0.302734 0.851562 0.302734 0.910156 0.218750 0.910156
0 0.625000 0.843750 0.652344 0.843750 0.652344 0.869140 0.625000 0.869140
0 0.720703 0.839844 0.822265 0.839844 0.822265 0.927735 0.720703 0.927735
0 0.433593 0.839843 0.476562 0.839843 0.476562 0.873047 0.433593 0.873047
0 0.091797 0.837890 0.121093 0.837890 0.121093 0.871094 0.091797 0.871094
0 0.332032 0.826172 0.400390 0.826172 0.400390 0.875000 0.332032 0.875000
0 0.960938 0.808593 1.000000 0.808593 1.000000 0.845703 0.960938 0.845703
0 0.894531 0.808593 0.960937 0.808593 0.960937 0.882812 0.894531 0.882812
0 0.837890 0.806641 0.894531 0.806641 0.894531 0.867188 0.837890 0.867188
0 0.156250 0.806640 0.179688 0.806640 0.179688 0.833984 0.156250 0.833984
0 0.263672 0.804688 0.308594 0.804688 0.308594 0.837891 0.263672 0.837891
0 0.205077 0.794922 0.261718 0.794922 0.261718 0.835938 0.205077 0.835938
0 0.490235 0.792969 0.537110 0.792969 0.537110 0.818360 0.490235 0.818360
0 0.736328 0.791016 0.798828 0.791016 0.798828 0.857422 0.736328 0.857422
0 0.689453 0.791016 0.720703 0.791016 0.720703 0.826172 0.689453 0.826172
0 0.708984 0.781250 0.744140 0.781250 0.744140 0.833984 0.708984 0.833984
0 0.345703 0.781250 0.408203 0.781250 0.408203 0.826172 0.345703 0.826172
0 0.425781 0.775390 0.466797 0.775390 0.466797 0.802734 0.425781 0.802734
0 0.652344 0.767578 0.693360 0.767578 0.693360 0.794922 0.652344 0.794922
0 0.953125 0.757812 1.000000 0.757812 1.000000 0.814453 0.953125 0.814453
0 0.154297 0.757812 0.181641 0.757812 0.181641 0.804688 0.154297 0.804688
0 0.361328 0.748047 0.406250 0.748047 0.406250 0.777343 0.361328 0.777343
0 0.232422 0.736328 0.279297 0.736328 0.279297 0.769532 0.232422 0.769532
0 0.677734 0.724610 0.718750 0.724610 0.718750 0.753906 0.677734 0.753906
0 0.441406 0.722657 0.548828 0.722657 0.548828 0.800782 0.441406 0.800782
0 0.179687 0.720704 0.224609 0.720704 0.224609 0.798829 0.179687 0.798829
0 0.898438 0.718750 0.935547 0.718750 0.935547 0.787110 0.898438 0.787110
0 0.740235 0.716796 0.783204 0.716796 0.783204 0.763671 0.740235 0.763671
0 0.796875 0.714844 0.906250 0.714844 0.906250 0.775390 0.796875 0.775390
0 0.083985 0.708984 0.113281 0.708984 0.113281 0.812500 0.083985 0.812500
0 0.652344 0.697265 0.712890 0.697265 0.712890 0.730469 0.652344 0.730469
0 0.525390 0.697265 0.568360 0.697265 0.568360 0.720703 0.525390 0.720703
0 0.089844 0.691406 0.103516 0.691406 0.103516 0.708984 0.089844 0.708984
0 0.150390 0.683593 0.160156 0.683593 0.160156 0.703124 0.150390 0.703124
0 0.404296 0.669922 0.460938 0.669922 0.460938 0.730468 0.404296 0.730468
0 0.349610 0.667969 0.378907 0.667969 0.378907 0.708985 0.349610 0.708985
0 0.794921 0.664062 0.869140 0.664062 0.869140 0.726562 0.794921 0.726562
0 0.593750 0.662110 0.626954 0.662110 0.626954 0.708985 0.593750 0.708985
0 0.179688 0.662109 0.222656 0.662109 0.222656 0.707031 0.179688 0.707031
0 0.695312 0.660157 0.771484 0.660157 0.771484 0.689453 0.695312 0.689453
0 0.515626 0.658204 0.566407 0.658204 0.566407 0.687500 0.515626 0.687500
0 0.281250 0.638672 0.371094 0.638672 0.371094 0.728516 0.281250 0.728516
0 0.251953 0.638672 0.287109 0.638672 0.287109 0.677734 0.251953 0.677734
0 0.123046 0.634765 0.156249 0.634765 0.156249 0.677735 0.123046 0.677735
0 0.943360 0.632812 1.000000 0.632812 1.000000 0.683593 0.943360 0.683593
0 0.529296 0.630860 0.576171 0.630860 0.576171 0.650390 0.529296 0.650390
0 0.779297 0.623047 0.832031 0.623047 0.832031 0.664063 0.779297 0.664063
0 0.080078 0.621094 0.111328 0.621094 0.111328 0.673828 0.080078 0.673828
0 0.292969 0.615235 0.314453 0.615235 0.314453 0.634765 0.292969 0.634765
0 0.324219 0.613281 0.359375 0.613281 0.359375 0.648437 0.324219 0.648437
0 0.847657 0.603516 0.929688 0.603516 0.929688 0.652344 0.847657 0.652344
0 0.857422 0.597656 0.876953 0.597656 0.876953 0.615234 0.857422 0.615234
0 0.708985 0.597656 0.755860 0.597656 0.755860 0.652344 0.708985 0.652344
0 0.394531 0.589843 0.419923 0.589843 0.419923 0.613281 0.394531 0.613281
0 0.955078 0.585938 1.000000 0.585938 1.000000 0.634766 0.955078 0.634766
0 0.757813 0.583984 0.796875 0.583984 0.796875 0.638672 0.757813 0.638672
0 0.000000 0.578125 0.007812 0.578125 0.007812 0.603515 0.000000 0.603515
0 0.189453 0.574219 0.244141 0.574219 0.244141 0.626953 0.189453 0.626953
0 0.070313 0.568360 0.109375 0.568360 0.109375 0.603516 0.070313 0.603516
0 0.810547 0.566407 0.863281 0.566407 0.863281 0.613282 0.810547 0.613282
0 0.988282 0.556640 1.000000 0.556640 1.000000 0.576171 0.988282 0.576171
0 0.046875 0.556640 0.068359 0.556640 0.068359 0.599610 0.046875 0.599610
0 0.615234 0.552735 0.722656 0.552735 0.722656 0.626954 0.615234 0.626954
0 0.095703 0.550782 0.158203 0.550782 0.158203 0.593751 0.095703 0.593751
0 0.480468 0.546874 0.523438 0.546874 0.523438 0.589843 0.480468 0.589843
0 0.369140 0.546875 0.396484 0.546875 0.396484 0.572265 0.369140 0.572265
0 0.242188 0.542968 0.330079 0.542968 0.330079 0.607422 0.242188 0.607422
0 0.886718 0.539062 0.906249 0.539062 0.906249 0.550782 0.886718 0.550782
0 0.140625 0.531250 0.177734 0.531250 0.177734 0.560546 0.140625 0.560546
0 0.089844 0.527343 0.117188 0.527343 0.117188 0.546874 0.089844 0.546874
0 0.507812 0.521485 0.535156 0.521485 0.535156 0.542969 0.507812 0.542969
0 0.861329 0.513672 0.890625 0.513672 0.890625 0.542968 0.861329 0.542968
0 0.632812 0.511718 0.673828 0.511718 0.673828 0.548828 0.632812 0.548828
0 0.125000 0.507812 0.187500 0.507812 0.187500 0.537109 0.125000 0.537109
0 0.759766 0.503906 0.843750 0.503906 0.843750 0.587890 0.759766 0.587890
0 0.441407 0.503906 0.509765 0.503906 0.509765 0.570312 0.441407 0.570312
0 0.933593 0.500000 0.966797 0.500000 0.966797 0.531250 0.933593 0.531250
0 0.535156 0.500000 0.570312 0.500000 0.570312 0.531250 0.535156 0.531250
0 0.724610 0.492187 0.763672 0.492187 0.763672 0.537109 0.724610 0.537109
0 0.078125 0.488281 0.095703 0.488281 0.095703 0.511719 0.078125 0.511719
0 0.212891 0.478515 0.259765 0.478515 0.259765 0.501953 0.212891 0.501953
0 0.083984 0.478515 0.187500 0.478515 0.187500 0.501953 0.083984 0.501953
0 0.335938 0.468750 0.375000 0.468750 0.375000 0.509766 0.335938 0.509766
0 0.773438 0.460938 0.802734 0.460938 0.802734 0.494140 0.773438 0.494140
0 0.677735 0.460938 0.720704 0.460938 0.720704 0.500000 0.677735 0.500000
0 0.738281 0.458985 0.755859 0.458985 0.755859 0.474610 0.738281 0.474610
0 0.476563 0.455078 0.511719 0.455078 0.511719 0.496094 0.476563 0.496094
0 0.835938 0.453126 0.937500 0.453126 0.937500 0.503907 0.835938 0.503907
0 0.658203 0.453126 0.683593 0.453126 0.683593 0.486328 0.658203 0.486328
0 0.822265 0.451172 0.859375 0.451172 0.859375 0.480469 0.822265 0.480469
0 0.164063 0.443360 0.248047 0.443360 0.248047 0.462890 0.164063 0.462890
0 0.964844 0.441407 1.000000 0.441407 1.000000 0.478515 0.964844 0.478515
0 0.062500 0.439453 0.134766 0.439453 0.134766 0.486328 0.062500 0.486328
0 0.492188 0.427734 0.507812 0.427734 0.507812 0.451172 0.492188 0.451172
0 0.591797 0.419922 0.652343 0.419922 0.652343 0.488282 0.591797 0.488282
0 0.445313 0.417969 0.484375 0.417969 0.484375 0.466797 0.445313 0.466797
0 0.125000 0.414062 0.148438 0.414062 0.148438 0.427734 0.125000 0.427734
0 0.322266 0.412110 0.361328 0.412110 0.361328 0.458985 0.322266 0.458985
0 0.380860 0.406250 0.414062 0.406250 0.414062 0.441406 0.380860 0.441406
0 0.669922 0.402344 0.707032 0.402344 0.707032 0.437500 0.669922 0.437500
0 0.501954 0.398437 0.517579 0.398437 0.517579 0.421875 0.501954 0.421875
0 0.437499 0.396485 0.466797 0.396485 0.466797 0.433593 0.437499 0.433593
0 0.195313 0.392579 0.279297 0.392579 0.279297 0.429688 0.195313 0.429688
0 0.064453 0.392578 0.097657 0.392578 0.097657 0.419922 0.064453 0.419922
0 0.730469 0.390625 0.791015 0.390625 0.791015 0.445313 0.730469 0.445313
0 0.501953 0.380859 0.523437 0.380859 0.523437 0.394531 0.501953 0.394531
0 0.105468 0.378906 0.142577 0.378906 0.142577 0.408203 0.105468 0.408203
0 0.414062 0.375000 0.437500 0.375000 0.437500 0.460938 0.414062 0.460938
0 0.150391 0.371093 0.207032 0.371093 0.207032 0.400390 0.150391 0.400390
0 0.638672 0.369140 0.656250 0.369140 0.656250 0.416015 0.638672 0.416015
0 0.210938 0.365235 0.236328 0.365235 0.236328 0.384765 0.210938 0.384765
0 0.910157 0.363281 0.957032 0.363281 0.957032 0.394531 0.910157 0.394531
0 0.722656 0.359375 0.757812 0.359375 0.757812 0.394531 0.722656 0.394531
0 0.816406 0.353515 0.896484 0.353515 0.896484 0.425781 0.816406 0.425781
0 0.783204 0.353516 0.830079 0.353516 0.830079 0.388672 0.783204 0.388672
0 0.703125 0.349610 0.732421 0.349610 0.732421 0.382812 0.703125 0.382812
0 0.306640 0.349610 0.375000 0.349610 0.375000 0.386718 0.306640 0.386718
0 0.605469 0.335938 0.623047 0.335938 0.623047 0.361329 0.605469 0.361329
0 0.375001 0.324219 0.408203 0.324219 0.408203 0.369141 0.375001 0.369141
0 0.123046 0.324219 0.166015 0.324219 0.166015 0.365235 0.123046 0.365235
0 0.783204 0.318360 0.843750 0.318360 0.843750 0.347657 0.783204 0.347657
0 0.171875 0.318360 0.226563 0.318360 0.226563 0.347657 0.171875 0.347657
0 0.943360 0.316406 0.972656 0.316406 0.972656 0.339844 0.943360 0.339844
0 0.232422 0.310547 0.292969 0.310547 0.292969 0.359375 0.232422 0.359375
0 0.033203 0.308594 0.089843 0.308594 0.089843 0.361328 0.033203 0.361328
0 0.980468 0.306641 0.999999 0.306641 0.999999 0.341797 0.980468 0.341797
0 0.857422 0.302735 0.875000 0.302735 0.875000 0.322265 0.857422 0.322265
0 0.539063 0.300782 0.560547 0.300782 0.560547 0.320312 0.539063 0.320312
0 0.681640 0.294922 0.718750 0.294922 0.718750 0.324219 0.681640 0.324219
0 0.429687 0.289062 0.453125 0.289062 0.453125 0.314454 0.429687 0.314454
0 0.302734 0.289062 0.347656 0.289062 0.347656 0.318360 0.302734 0.318360
0 0.107422 0.287110 0.166016 0.287110 0.166016 0.320312 0.107422 0.320312
0 0.880860 0.285156 0.906250 0.285156 0.906250 0.300781 0.880860 0.300781
0 0.914062 0.279297 0.943359 0.279297 0.943359 0.320313 0.914062 0.320313
0 0.718750 0.279297 0.732422 0.279297 0.732422 0.308594 0.718750 0.308594
0 0.482422 0.279296 0.523438 0.279296 0.523438 0.335938 0.482422 0.335938
0 0.591797 0.273438 0.644531 0.273438 0.644531 0.316407 0.591797 0.316407
0 0.697265 0.263673 0.712890 0.263673 0.712890 0.283203 0.697265 0.283203
0 0.148438 0.261719 0.187500 0.261719 0.187500 0.281249 0.148438 0.281249
0 0.951172 0.259766 1.000000 0.259766 1.000000 0.308594 0.951172 0.308594
0 0.804688 0.255859 0.851562 0.255859 0.851562 0.298828 0.804688 0.298828
0 0.291016 0.251953 0.341797 0.251953 0.341797 0.285156 0.291016 0.285156
0 0.912109 0.246094 0.957031 0.246094 0.957031 0.285156 0.912109 0.285156
0 0.373047 0.242188 0.437499 0.242188 0.437499 0.294922 0.373047 0.294922
0 0.519532 0.238281 0.562501 0.238281 0.562501 0.287109 0.519532 0.287109
0 0.478515 0.234374 0.507812 0.234374 0.507812 0.263672 0.478515 0.263672
0 0.218750 0.234375 0.236328 0.234375 0.236328 0.248047 0.218750 0.248047
0 0.718750 0.232422 0.757812 0.232422 0.757812 0.259766 0.718750 0.259766
0 0.238281 0.232422 0.257812 0.232422 0.257812 0.244140 0.238281 0.244140
0 0.011719 0.226563 0.082031 0.226563 0.082031 0.332032 0.011719 0.332032
0 0.740235 0.224610 0.751954 0.224610 0.751954 0.236328 0.740235 0.236328
0 0.607422 0.222657 0.652344 0.222657 0.652344 0.265626 0.607422 0.265626
0 0.582031 0.220703 0.609375 0.220703 0.609375 0.253906 0.582031 0.253906
0 0.984375 0.214843 1.000000 0.214843 1.000000 0.251953 0.984375 0.251953
0 0.763672 0.207031 0.787110 0.207031 0.787110 0.228515 0.763672 0.228515
0 0.431641 0.203124 0.449219 0.203124 0.449219 0.232422 0.431641 0.232422
0 0.896485 0.191406 0.939454 0.191406 0.939454 0.246094 0.896485 0.246094
0 0.376953 0.185548 0.410156 0.185548 0.410156 0.222657 0.376953 0.222657
0 0.056640 0.185548 0.103515 0.185548 0.103515 0.222657 0.056640 0.222657
0 0.677735 0.177734 0.724610 0.177734 0.724610 0.212890 0.677735 0.212890
0 0.808593 0.175781 0.851562 0.175781 0.851562 0.226562 0.808593 0.226562
0 0.298827 0.175781 0.341797 0.175781 0.341797 0.236328 0.298827 0.236328
0 0.607422 0.173828 0.642578 0.173828 0.642578 0.218750 0.607422 0.218750
0 0.544921 0.171875 0.587890 0.171875 0.587890 0.220703 0.544921 0.220703
0 0.404296 0.167968 0.429688 0.167968 0.429688 0.193359 0.404296 0.193359
0 0.119141 0.160156 0.185547 0.160156 0.185547 0.173828 0.119141 0.173828
0 0.783203 0.156251 0.826172 0.156251 0.826172 0.189453 0.783203 0.189453
0 0.310547 0.150391 0.369141 0.150391 0.369141 0.189453 0.310547 0.189453
0 0.085938 0.146484 0.146484 0.146484 0.146484 0.205078 0.085938 0.205078
0 0.628906 0.138672 0.656250 0.138672 0.656250 0.177734 0.628906 0.177734
0 0.851562 0.136719 0.888672 0.136719 0.888672 0.169922 0.851562 0.169922
0 0.925782 0.134766 1.000000 0.134766 1.000000 0.177734 0.925782 0.177734
0 0.000000 0.130859 0.023438 0.130859 0.023438 0.144531 0.000000 0.144531
0 0.703126 0.126953 0.753907 0.126953 0.753907 0.185547 0.703126 0.185547
0 0.357422 0.125000 0.412110 0.125000 0.412110 0.160156 0.357422 0.160156
0 0.589844 0.123047 0.621094 0.123047 0.621094 0.177735 0.589844 0.177735
0 0.548828 0.105468 0.587890 0.105468 0.587890 0.138672 0.548828 0.138672
0 0.517578 0.103516 0.550782 0.103516 0.550782 0.130860 0.517578 0.130860
0 0.705078 0.101563 0.736328 0.101563 0.736328 0.119141 0.705078 0.119141
0 0.652343 0.101562 0.671874 0.101562 0.671874 0.115234 0.652343 0.115234
0 0.201171 0.101562 0.314452 0.101562 0.314452 0.148438 0.201171 0.148438
0 0.000000 0.101563 0.009766 0.101563 0.009766 0.119141 0.000000 0.119141
0 0.376953 0.095703 0.429687 0.095703 0.429687 0.128907 0.376953 0.128907
0 0.802735 0.091797 0.832031 0.091797 0.832031 0.111327 0.802735 0.111327
0 0.031250 0.091797 0.080078 0.091797 0.080078 0.123047 0.031250 0.123047
0 0.089843 0.085937 0.167968 0.085937 0.167968 0.117187 0.089843 0.117187
0 0.267578 0.082031 0.326172 0.082031 0.326172 0.105469 0.267578 0.105469
0 0.966797 0.080078 0.984375 0.080078 0.984375 0.097656 0.966797 0.097656
0 0.923828 0.072266 0.933594 0.072266 0.933594 0.085938 0.923828 0.085938
0 0.861328 0.068359 0.898438 0.068359 0.898438 0.111328 0.861328 0.111328
0 0.701172 0.058594 0.746094 0.058594 0.746094 0.085938 0.701172 0.085938
0 0.253906 0.058594 0.271484 0.058594 0.271484 0.068360 0.253906 0.068360
0 0.642578 0.056641 0.673828 0.056641 0.673828 0.076172 0.642578 0.076172
0 0.318360 0.044922 0.388672 0.044922 0.388672 0.099610 0.318360 0.099610
0 0.796875 0.042968 0.851563 0.042968 0.851563 0.080077 0.796875 0.080077
0 0.085938 0.037109 0.164062 0.037109 0.164062 0.068359 0.085938 0.068359
0 0.025391 0.035157 0.074219 0.035157 0.074219 0.072266 0.025391 0.072266
0 0.388672 0.033203 0.443360 0.033203 0.443360 0.062501 0.388672 0.062501
0 0.505860 0.025391 0.552735 0.025391 0.552735 0.064453 0.505860 0.064453
0 0.458984 0.025391 0.503906 0.025391 0.503906 0.091797 0.458984 0.091797
0 0.193359 0.025390 0.248047 0.025390 0.248047 0.066406 0.193359 0.066406
0 0.660156 0.017578 0.697265 0.017578 0.697265 0.044922 0.660156 0.044922
0 0.974610 0.013672 1.000000 0.013672 1.000000 0.078124 0.974610 0.078124
0 0.806640 0.000000 0.910156 0.000000 0.910156 0.027344 0.806640 0.027344
0 0.632813 0.000000 0.650391 0.000000 0.650391 0.009766 0.632813 0.009766
0 0.605468 0.000000 0.638672 0.000000 0.638672 0.041016 0.605468 0.041016
0 0.406250 0.000000 0.445312 0.000000 0.445312 0.017578 0.406250 0.017578
0 0.298827 0.000000 0.341797 0.000000 0.341797 0.023438 0.298827 0.023438
0 0.208984 0.000000 0.246093 0.000000 0.246093 0.025390 0.208984 0.025390
0 0.132812 0.000000 0.169922 0.000000 0.169922 0.029296 0.132812 0.029296
0 0.021484 0.000000 0.089843 0.000000 0.089843 0.027344 0.021484 0.027344
0 0.000000 0.000000 0.025390 0.000000 0.025390 0.029296 0.000000 0.029296
