0 0.820312 0.986328 0.847656 0.986328 0.847656 1.000000 0.820312 1.000000
0 0.380860 0.974610 0.400390 0.974610 0.400390 0.994140 0.380860 0.994140
0 0.261718 0.955078 0.322265 0.955078 0.322265 1.000000 0.261718 1.000000
0 0.800781 0.935546 0.824219 0.935546 0.824219 0.978515 0.800781 0.978515
0 0.285156 0.931640 0.359376 0.931640 0.359376 1.000000 0.285156 1.000000
0 0.378906 0.919922 0.404298 0.919922 0.404298 0.957032 0.378906 0.957032
0 0.042969 0.916015 0.066407 0.916015 0.066407 0.939453 0.042969 0.939453
0 0.845703 0.912110 0.884765 0.912110 0.884765 0.986329 0.845703 0.986329
0 0.751953 0.910156 0.796875 0.910156 0.796875 0.968750 0.751953 0.968750
0 0.642578 0.906250 0.681640 0.906250 0.681640 0.968750 0.642578 0.968750
0 0.453125 0.900391 0.480469 0.900391 0.480469 0.939453 0.453125 0.939453
0 0.417969 0.898437 0.437499 0.898437 0.437499 0.929687 0.417969 0.929687
0 0.185547 0.894531 0.212891 0.894531 0.212891 0.929687 0.185547 0.929687
0 0.355469 0.886719 0.386719 0.886719 0.386719 0.912110 0.355469 0.912110
0 0.966796 0.884765 1.000000 0.884765 1.000000 0.943359 0.966796 0.943359
0 0.787109 0.884766 0.814453 0.884766 0.814453 0.914062 0.787109 0.914062
0 0.548828 0.873046 0.562500 0.873046 0.562500 0.884765 0.548828 0.884765
0 0.353515 0.861328 0.390625 0.861328 0.390625 0.878906 0.353515 0.878906
0 0.435546 0.851562 0.492188 0.851562 0.492188 0.884766 0.435546 0.884766
0 0.720703 0.849609 0.765625 0.849609 0.765625 0.890625 0.720703 0.890625
0 0.876953 0.839844 0.902343 0.839844 0.902343 0.875000 0.876953 0.875000
0 0.326172 0.835938 0.335938 0.835938 0.335938 0.851562 0.326172 0.851562
0 0.572265 0.830079 0.640625 0.830079 0.640625 0.912110 0.572265 0.912110
0 0.222657 0.826172 0.269532 0.826172 0.269532 0.888672 0.222657 0.888672
0 0.783203 0.822266 0.855469 0.822266 0.855469 0.882812 0.783203 0.882812
0 0.376953 0.822266 0.423828 0.822266 0.423828 0.853516 0.376953 0.853516
0 0.783203 0.820312 0.800781 0.820312 0.800781 0.845703 0.783203 0.845703
0 0.679688 0.812500 0.697266 0.812500 0.697266 0.904296 0.679688 0.904296
0 0.150391 0.812500 0.226563 0.812500 0.226563 0.876954 0.150391 0.876954
0 0.466797 0.808594 0.499999 0.808594 0.499999 0.833985 0.466797 0.833985
0 0.820313 0.802734 0.828125 0.802734 0.828125 0.833984 0.820313 0.833984
0 0.576171 0.791015 0.609375 0.791015 0.609375 0.824219 0.576171 0.824219
0 0.287109 0.789062 0.312501 0.789062 0.312501 0.822266 0.287109 0.822266
0 0.669922 0.783203 0.689453 0.783203 0.689453 0.804687 0.669922 0.804687
0 0.498047 0.779297 0.531250 0.779297 0.531250 0.816407 0.498047 0.816407
0 0.357422 0.779297 0.400391 0.779297 0.400391 0.804688 0.357422 0.804688
0 0.714844 0.765625 0.736328 0.765625 0.736328 0.820313 0.714844 0.820313
0 0.222656 0.763672 0.277344 0.763672 0.277344 0.804688 0.222656 0.804688
0 0.964844 0.761719 1.000000 0.761719 1.000000 0.818360 0.964844 0.818360
0 0.460937 0.761718 0.492187 0.761718 0.492187 0.798828 0.460937 0.798828
0 0.042969 0.757812 0.066407 0.757812 0.066407 0.781250 0.042969 0.781250
0 0.000000 0.755860 0.031250 0.755860 0.031250 0.798829 0.000000 0.798829
0 0.789062 0.751954 0.826172 0.751954 0.826172 0.781250 0.789062 0.781250
0 0.787109 0.740234 0.800781 0.740234 0.800781 0.750000 0.787109 0.750000
0 0.896485 0.738282 0.917969 0.738282 0.917969 0.763672 0.896485 0.763672
0 0.253906 0.736328 0.289062 0.736328 0.289062 0.781250 0.253906 0.781250
0 0.513672 0.734375 0.537110 0.734375 0.537110 0.763671 0.513672 0.763671
0 0.330078 0.724609 0.382812 0.724609 0.382812 0.769531 0.330078 0.769531
0 0.705079 0.716797 0.734375 0.716797 0.734375 0.761719 0.705079 0.761719
0 0.634766 0.712890 0.666016 0.712890 0.666016 0.777344 0.634766 0.777344
0 0.232422 0.705078 0.248047 0.705078 0.248047 0.714844 0.232422 0.714844
0 0.292969 0.703125 0.326172 0.703125 0.326172 0.728515 0.292969 0.728515
0 0.044922 0.703125 0.070312 0.703125 0.070312 0.742187 0.044922 0.742187
0 0.488281 0.699218 0.505859 0.699218 0.505859 0.714843 0.488281 0.714843
0 0.183593 0.687500 0.230468 0.687500 0.230468 0.714844 0.183593 0.714844
0 0.474610 0.677734 0.494140 0.677734 0.494140 0.701172 0.474610 0.701172
0 0.679687 0.673829 0.693359 0.673829 0.693359 0.755860 0.679687 0.755860
0 0.083985 0.667969 0.105469 0.667969 0.105469 0.699219 0.083985 0.699219
0 0.316406 0.648438 0.375000 0.648438 0.375000 0.695312 0.316406 0.695312
0 0.105469 0.646484 0.171875 0.646484 0.171875 0.695312 0.105469 0.695312
0 0.875000 0.642578 0.884766 0.642578 0.884766 0.667968 0.875000 0.667968
0 0.974610 0.640625 1.000000 0.640625 1.000000 0.673829 0.974610 0.673829
0 0.035157 0.634766 0.091798 0.634766 0.091798 0.662110 0.035157 0.662110
0 0.466797 0.628906 0.496094 0.628906 0.496094 0.656250 0.466797 0.656250
0 0.302735 0.626953 0.322265 0.626953 0.322265 0.652343 0.302735 0.652343
0 0.253906 0.621094 0.267578 0.621094 0.267578 0.634766 0.253906 0.634766
0 0.611328 0.617187 0.628906 0.617187 0.628906 0.658203 0.611328 0.658203
0 0.121094 0.617188 0.128906 0.617188 0.128906 0.625000 0.121094 0.625000
0 0.234375 0.589843 0.246093 0.589843 0.246093 0.605468 0.234375 0.605468
0 0.087890 0.589844 0.124999 0.589844 0.124999 0.607422 0.087890 0.607422
0 0.822265 0.582032 0.845703 0.582032 0.845703 0.611328 0.822265 0.611328
0 0.140625 0.580079 0.207031 0.580079 0.207031 0.630860 0.140625 0.630860
0 0.222657 0.568359 0.234375 0.568359 0.234375 0.582031 0.222657 0.582031
0 0.949218 0.562500 0.999999 0.562500 0.999999 0.611328 0.949218 0.611328
0 0.976563 0.544922 0.998047 0.544922 0.998047 0.568360 0.976563 0.568360
0 0.675782 0.539062 0.718751 0.539062 0.718751 0.558593 0.675782 0.558593
0 0.574219 0.533203 0.613281 0.533203 0.613281 0.609375 0.574219 0.609375
0 0.281249 0.533203 0.324219 0.533203 0.324219 0.564453 0.281249 0.564453
0 0.023438 0.531250 0.119141 0.531250 0.119141 0.593750 0.023438 0.593750
0 0.939453 0.517578 0.978515 0.517578 0.978515 0.548828 0.939453 0.548828
0 0.513672 0.517578 0.550782 0.517578 0.550782 0.580078 0.513672 0.580078
0 0.548829 0.507812 0.578125 0.507812 0.578125 0.527343 0.548829 0.527343
0 0.722656 0.498047 0.750000 0.498047 0.750000 0.601563 0.722656 0.601563
0 0.271485 0.494141 0.310547 0.494141 0.310547 0.523438 0.271485 0.523438
0 0.109375 0.494140 0.148437 0.494140 0.148437 0.509765 0.109375 0.509765
0 0.013672 0.494141 0.062500 0.494141 0.062500 0.529297 0.013672 0.529297
0 0.669922 0.488281 0.695312 0.488281 0.695312 0.521485 0.669922 0.521485
0 0.820313 0.482422 0.859375 0.482422 0.859375 0.539062 0.820313 0.539062
0 0.181640 0.476563 0.236328 0.476563 0.236328 0.507813 0.181640 0.507813
0 0.000001 0.476562 0.019532 0.476562 0.019532 0.505860 0.000001 0.505860
0 0.117188 0.472656 0.177735 0.472656 0.177735 0.494140 0.117188 0.494140
0 0.869141 0.468750 0.921875 0.468750 0.921875 0.521484 0.869141 0.521484
0 0.238281 0.464844 0.257812 0.464844 0.257812 0.484374 0.238281 0.484374
0 0.435547 0.447266 0.449219 0.447266 0.449219 0.468750 0.435547 0.468750
0 0.011718 0.441406 0.089843 0.441406 0.089843 0.470703 0.011718 0.470703
0 0.103515 0.435547 0.158203 0.435547 0.158203 0.462891 0.103515 0.462891
0 0.302735 0.433594 0.324219 0.433594 0.324219 0.478516 0.302735 0.478516
0 0.269531 0.433594 0.291015 0.433594 0.291015 0.474610 0.269531 0.474610
0 0.464843 0.431640 0.490235 0.431640 0.490235 0.460938 0.464843 0.460938
0 0.363281 0.419922 0.408203 0.419922 0.408203 0.472656 0.363281 0.472656
0 0.673829 0.416015 0.693360 0.416015 0.693360 0.453125 0.673829 0.453125
0 0.226562 0.414063 0.271484 0.414063 0.271484 0.462891 0.226562 0.462891
0 0.771484 0.408203 0.806640 0.408203 0.806640 0.474609 0.771484 0.474609
0 0.306641 0.398438 0.324219 0.398438 0.324219 0.414062 0.306641 0.414062
0 0.001954 0.398438 0.048828 0.398438 0.048828 0.449218 0.001954 0.449218
0 0.238281 0.376953 0.283203 0.376953 0.283203 0.396484 0.238281 0.396484
0 0.195312 0.376953 0.224610 0.376953 0.224610 0.416015 0.195312 0.416015
0 0.410157 0.365234 0.466797 0.365234 0.466797 0.419922 0.410157 0.419922
0 0.103516 0.365234 0.142578 0.365234 0.142578 0.414062 0.103516 0.414062
0 0.894532 0.357423 0.906251 0.357423 0.906251 0.376953 0.894532 0.376953
0 0.736328 0.357422 0.775390 0.357422 0.775390 0.390624 0.736328 0.390624
0 0.095702 0.355469 0.107422 0.355469 0.107422 0.373047 0.095702 0.373047
0 0.681641 0.347656 0.716797 0.347656 0.716797 0.445312 0.681641 0.445312
0 0.244140 0.347656 0.322265 0.347656 0.322265 0.390626 0.244140 0.390626
0 0.810547 0.345703 0.865235 0.345703 0.865235 0.392578 0.810547 0.392578
0 0.771484 0.343749 0.794922 0.343749 0.794922 0.359374 0.771484 0.359374
0 0.648438 0.337891 0.681641 0.337891 0.681641 0.400391 0.648438 0.400391
0 0.572266 0.337890 0.603516 0.337890 0.603516 0.378906 0.572266 0.378906
0 0.843750 0.333985 0.867188 0.333985 0.867188 0.353515 0.843750 0.353515
0 0.525390 0.330079 0.582031 0.330079 0.582031 0.429688 0.525390 0.429688
0 0.554688 0.328124 0.570312 0.328124 0.570312 0.371094 0.554688 0.371094
0 0.121094 0.324219 0.179688 0.324219 0.179688 0.369141 0.121094 0.369141
0 0.271484 0.320312 0.289062 0.320312 0.289062 0.333984 0.271484 0.333984
0 0.236328 0.320312 0.255860 0.320312 0.255860 0.343750 0.236328 0.343750
0 0.720704 0.318360 0.767579 0.318360 0.767579 0.353516 0.720704 0.353516
0 0.917969 0.316406 0.990235 0.316406 0.990235 0.386718 0.917969 0.386718
0 0.310547 0.300781 0.330077 0.300781 0.330077 0.322265 0.310547 0.322265
0 0.464844 0.296875 0.500000 0.296875 0.500000 0.373047 0.464844 0.373047
0 0.251953 0.294922 0.267578 0.294922 0.267578 0.318360 0.251953 0.318360
0 0.275391 0.291016 0.296875 0.291016 0.296875 0.322266 0.275391 0.322266
0 0.656250 0.289063 0.701172 0.289063 0.701172 0.328125 0.656250 0.328125
0 0.949218 0.277344 0.999999 0.277344 0.999999 0.339844 0.949218 0.339844
0 0.513672 0.261718 0.548828 0.261718 0.548828 0.349610 0.513672 0.349610
0 0.347656 0.261718 0.378906 0.261718 0.378906 0.298828 0.347656 0.298828
0 0.238281 0.255860 0.277343 0.255860 0.277343 0.302735 0.238281 0.302735
0 0.185547 0.255859 0.232422 0.255859 0.232422 0.296875 0.185547 0.296875
0 0.246093 0.210937 0.289062 0.210937 0.289062 0.238281 0.246093 0.238281
0 0.000000 0.193359 0.009766 0.193359 0.009766 0.216797 0.000000 0.216797
0 0.025390 0.179688 0.044922 0.179688 0.044922 0.191406 0.025390 0.191406
0 0.404297 0.171875 0.421875 0.171875 0.421875 0.181641 0.404297 0.181641
0 0.222656 0.169922 0.240234 0.169922 0.240234 0.193360 0.222656 0.193360
0 0.259766 0.148437 0.277344 0.148437 0.277344 0.171875 0.259766 0.171875
0 0.406250 0.146484 0.423828 0.146484 0.423828 0.166016 0.406250 0.166016
0 0.277344 0.146485 0.316406 0.146485 0.316406 0.167969 0.277344 0.167969
0 0.208985 0.138672 0.220703 0.138672 0.220703 0.154297 0.208985 0.154297
0 0.042969 0.138672 0.074219 0.138672 0.074219 0.187500 0.042969 0.187500
0 0.009765 0.128906 0.033203 0.128906 0.033203 0.177734 0.009765 0.177734
0 0.138672 0.123047 0.152344 0.123047 0.152344 0.132813 0.138672 0.132813
0 0.646485 0.119140 0.671875 0.119140 0.671875 0.162109 0.646485 0.162109
0 0.033203 0.105469 0.042969 0.105469 0.042969 0.115235 0.033203 0.115235
0 0.332031 0.103516 0.353515 0.103516 0.353515 0.123047 0.332031 0.123047
0 0.232422 0.101562 0.261719 0.101562 0.261719 0.126953 0.232422 0.126953
0 0.441406 0.095703 0.458984 0.095703 0.458984 0.111328 0.441406 0.111328
0 0.119141 0.089844 0.140625 0.089844 0.140625 0.125000 0.119141 0.125000
0 0.207032 0.083984 0.222657 0.083984 0.222657 0.097656 0.207032 0.097656
0 0.328125 0.074219 0.345703 0.074219 0.345703 0.093749 0.328125 0.093749
0 0.464843 0.064453 0.488281 0.064453 0.488281 0.091797 0.464843 0.091797
0 0.224609 0.064454 0.279297 0.064454 0.279297 0.093751 0.224609 0.093751
0 0.582032 0.050781 0.597657 0.050781 0.597657 0.062501 0.582032 0.062501
0 0.220703 0.041016 0.230469 0.041016 0.230469 0.054688 0.220703 0.054688
0 0.537109 0.017578 0.554687 0.017578 0.554687 0.042968 0.537109 0.042968
0 0.189453 0.015624 0.205078 0.015624 0.205078 0.027343 0.189453 0.027343
0 0.371094 0.013672 0.384766 0.013672 0.384766 0.035156 0.371094 0.035156
0 0.583984 0.000000 0.615234 0.000000 0.615234 0.035156 0.583984 0.035156
0 0.515625 0.000000 0.546875 0.000000 0.546875 0.015624 0.515625 0.015624
0 0.468750 0.000000 0.505860 0.000000 0.505860 0.009766 0.468750 0.009766
0 0.089844 0.000000 0.185547 0.000000 0.185547 0.041016 0.089844 0.041016
