0 0.068360 0.982422 0.115235 0.982422 0.115235 1.000000 0.068360 1.000000
0 0.257812 0.978516 0.285156 0.978516 0.285156 1.000000 0.257812 1.000000
0 0.792969 0.968750 0.855469 0.968750 0.855469 1.000000 0.792969 1.000000
0 0.642578 0.957032 0.687500 0.957032 0.687500 1.000000 0.642578 1.000000
0 0.839844 0.955078 0.894532 0.955078 0.894532 0.976562 0.839844 0.976562
0 0.951172 0.935546 1.000000 0.935546 1.000000 0.978515 0.951172 0.978515
0 0.888672 0.929687 0.951172 0.929687 0.951172 0.970703 0.888672 0.970703
0 0.691407 0.927734 0.742188 0.927734 0.742188 0.972656 0.691407 0.972656
0 0.396485 0.921875 0.429688 0.921875 0.429688 0.958985 0.396485 0.958985
0 0.000000 0.914062 0.013672 0.914062 0.013672 0.927734 0.000000 0.927734
0 0.107422 0.912110 0.117188 0.912110 0.117188 0.919922 0.107422 0.919922
0 0.050782 0.910156 0.111328 0.910156 0.111328 0.982422 0.050782 0.982422
0 0.921875 0.898437 0.947265 0.898437 0.947265 0.921875 0.921875 0.921875
0 0.197266 0.894531 0.281250 0.894531 0.281250 0.947265 0.197266 0.947265
0 0.197265 0.890625 0.238281 0.890625 0.238281 0.919921 0.197265 0.919921
0 0.730468 0.875000 0.773438 0.875000 0.773438 0.935546 0.730468 0.935546
0 0.240234 0.871093 0.275390 0.871093 0.275390 0.890624 0.240234 0.890624
0 0.886718 0.863281 0.929688 0.863281 0.929688 0.886719 0.886718 0.886719
0 0.804687 0.833985 0.835937 0.833985 0.835937 0.871094 0.804687 0.871094
0 0.363281 0.826172 0.416015 0.826172 0.416015 0.894532 0.363281 0.894532
0 0.630859 0.824219 0.679687 0.824219 0.679687 0.894531 0.630859 0.894531
0 0.937500 0.822265 1.000000 0.822265 1.000000 0.894531 0.937500 0.894531
0 0.130859 0.820313 0.140625 0.820313 0.140625 0.837891 0.130859 0.837891
0 0.710938 0.814453 0.767578 0.814453 0.767578 0.859375 0.710938 0.859375
0 0.052734 0.812499 0.062500 0.812499 0.062500 0.824218 0.052734 0.824218
0 0.529297 0.810547 0.574219 0.810547 0.574219 0.859375 0.529297 0.859375
0 0.062500 0.806640 0.089844 0.806640 0.089844 0.839844 0.062500 0.839844
0 0.222656 0.794922 0.246094 0.794922 0.246094 0.820312 0.222656 0.820312
0 0.109375 0.787109 0.117187 0.787109 0.117187 0.796875 0.109375 0.796875
0 0.589843 0.785156 0.640624 0.785156 0.640624 0.818360 0.589843 0.818360
0 0.982422 0.775391 1.000000 0.775391 1.000000 0.804688 0.982422 0.804688
0 0.779297 0.763672 0.824219 0.763672 0.824219 0.818360 0.779297 0.818360
0 0.433594 0.761719 0.474610 0.761719 0.474610 0.792969 0.433594 0.792969
0 0.332031 0.761718 0.353515 0.761718 0.353515 0.781249 0.332031 0.781249
0 0.136719 0.755860 0.216797 0.755860 0.216797 0.855469 0.136719 0.855469
0 0.792969 0.734375 0.849610 0.734375 0.849610 0.765625 0.792969 0.765625
0 0.705079 0.720703 0.765625 0.720703 0.765625 0.765625 0.705079 0.765625
0 0.837890 0.716797 1.000000 0.716797 1.000000 0.851563 0.837890 0.851563
0 0.869140 0.705078 0.925781 0.705078 0.925781 0.763672 0.869140 0.763672
0 0.103516 0.705078 0.138672 0.705078 0.138672 0.746094 0.103516 0.746094
0 0.404297 0.701172 0.451172 0.701172 0.451172 0.728516 0.404297 0.728516
0 0.369141 0.699219 0.386719 0.699219 0.386719 0.712891 0.369141 0.712891
0 0.214843 0.697265 0.265624 0.697265 0.265624 0.751953 0.214843 0.751953
0 0.011719 0.693359 0.052735 0.693359 0.052735 0.755859 0.011719 0.755859
0 0.464844 0.691406 0.498047 0.691406 0.498047 0.726562 0.464844 0.726562
0 0.363282 0.687500 0.371094 0.687500 0.371094 0.697266 0.363282 0.697266
0 0.832031 0.683594 0.845703 0.683594 0.845703 0.697266 0.832031 0.697266
0 0.570312 0.671875 0.599609 0.671875 0.599609 0.724609 0.570312 0.724609
0 0.148438 0.666016 0.201172 0.666016 0.201172 0.710938 0.148438 0.710938
0 0.054687 0.666016 0.064453 0.666016 0.064453 0.673828 0.054687 0.673828
0 0.394531 0.664062 0.406251 0.664062 0.406251 0.675782 0.394531 0.675782
0 0.439453 0.658203 0.470703 0.658203 0.470703 0.671875 0.439453 0.671875
0 0.888672 0.652344 1.000000 0.652344 1.000000 0.712890 0.888672 0.712890
0 0.654297 0.644531 0.699219 0.644531 0.699219 0.697265 0.654297 0.697265
0 0.052734 0.630859 0.082031 0.630859 0.082031 0.648437 0.052734 0.648437
0 0.273438 0.621094 0.326172 0.621094 0.326172 0.660156 0.273438 0.660156
0 0.185547 0.621093 0.259765 0.621093 0.259765 0.667968 0.185547 0.667968
0 0.830078 0.617188 0.839844 0.617188 0.839844 0.628907 0.830078 0.628907
0 0.472656 0.611328 0.562500 0.611328 0.562500 0.656250 0.472656 0.656250
0 0.591797 0.607422 0.648438 0.607422 0.648438 0.638672 0.591797 0.638672
0 0.845703 0.605469 0.998047 0.605469 0.998047 0.681641 0.845703 0.681641
0 0.705078 0.599609 0.750000 0.599609 0.750000 0.648437 0.705078 0.648437
0 0.001953 0.591797 0.019531 0.591797 0.019531 0.601563 0.001953 0.601563
0 0.207032 0.585937 0.240234 0.585937 0.240234 0.609375 0.207032 0.609375
0 0.746094 0.580079 0.763672 0.580079 0.763672 0.599610 0.746094 0.599610
0 0.558593 0.558594 0.578124 0.558594 0.578124 0.589844 0.558593 0.589844
0 0.109374 0.556640 0.138672 0.556640 0.138672 0.589844 0.109374 0.589844
0 0.160157 0.544922 0.228516 0.544922 0.228516 0.617188 0.160157 0.617188
0 0.146484 0.544922 0.183593 0.544922 0.183593 0.576172 0.146484 0.576172
0 0.421875 0.525390 0.470703 0.525390 0.470703 0.597656 0.421875 0.597656
0 0.048828 0.509766 0.095703 0.509766 0.095703 0.589844 0.048828 0.589844
0 0.468749 0.503907 0.511718 0.503907 0.511718 0.542969 0.468749 0.542969
0 0.281250 0.498047 0.337890 0.498047 0.337890 0.595703 0.281250 0.595703
0 0.750000 0.496094 0.779296 0.496094 0.779296 0.568360 0.750000 0.568360
0 0.689454 0.494141 0.736329 0.494141 0.736329 0.523438 0.689454 0.523438
0 0.888671 0.488281 0.984375 0.488281 0.984375 0.546875 0.888671 0.546875
0 0.779297 0.486328 0.904297 0.486328 0.904297 0.597656 0.779297 0.597656
0 0.382812 0.484375 0.458984 0.484375 0.458984 0.554687 0.382812 0.554687
0 0.238281 0.484375 0.273437 0.484375 0.273437 0.511719 0.238281 0.511719
0 0.898437 0.455078 0.939453 0.455078 0.939453 0.494140 0.898437 0.494140
0 0.031250 0.439452 0.048828 0.439452 0.048828 0.464844 0.031250 0.464844
0 0.394531 0.435547 0.437501 0.435547 0.437501 0.474609 0.394531 0.474609
0 0.822265 0.427734 0.855469 0.427734 0.855469 0.486328 0.822265 0.486328
0 0.058593 0.425782 0.101562 0.425782 0.101562 0.482422 0.058593 0.482422
0 0.533203 0.421875 0.595703 0.421875 0.595703 0.443359 0.533203 0.443359
0 0.234375 0.416016 0.255859 0.416016 0.255859 0.433594 0.234375 0.433594
0 0.162109 0.408203 0.224609 0.408203 0.224609 0.441406 0.162109 0.441406
0 0.748047 0.406251 0.785157 0.406251 0.785157 0.488281 0.748047 0.488281
0 0.136719 0.396484 0.154297 0.396484 0.154297 0.427734 0.136719 0.427734
0 0.179688 0.390626 0.195312 0.390626 0.195312 0.406251 0.179688 0.406251
0 0.085938 0.388672 0.119141 0.388672 0.119141 0.443360 0.085938 0.443360
0 0.505859 0.384766 0.529297 0.384766 0.529297 0.406250 0.505859 0.406250
0 0.988282 0.382812 1.000000 0.382812 1.000000 0.423828 0.988282 0.423828
0 0.246094 0.371094 0.259766 0.371094 0.259766 0.390624 0.246094 0.390624
0 0.183594 0.369140 0.195312 0.369140 0.195312 0.384765 0.183594 0.384765
0 0.160156 0.365235 0.169922 0.365235 0.169922 0.386719 0.160156 0.386719
0 0.708985 0.355469 0.759765 0.355469 0.759765 0.382813 0.708985 0.382813
0 0.062500 0.345703 0.085938 0.345703 0.085938 0.367187 0.062500 0.367187
0 0.296876 0.343749 0.330078 0.343749 0.330078 0.355469 0.296876 0.355469
0 0.542968 0.341797 0.585938 0.341797 0.585938 0.400391 0.542968 0.400391
0 0.103516 0.320313 0.123047 0.320313 0.123047 0.337891 0.103516 0.337891
0 0.216797 0.318360 0.249999 0.318360 0.249999 0.357422 0.216797 0.357422
0 0.894531 0.291015 0.935547 0.291015 0.935547 0.351562 0.894531 0.351562
0 0.337890 0.289062 0.349610 0.289062 0.349610 0.302734 0.337890 0.302734
0 0.279297 0.289062 0.291016 0.289062 0.291016 0.312500 0.279297 0.312500
0 0.164062 0.287110 0.177734 0.287110 0.177734 0.320312 0.164062 0.320312
0 0.267578 0.259765 0.277344 0.259765 0.277344 0.283203 0.267578 0.283203
0 0.166016 0.259766 0.205078 0.259766 0.205078 0.308594 0.166016 0.308594
0 0.851562 0.234375 0.888672 0.234375 0.888672 0.279297 0.851562 0.279297
0 0.134766 0.232422 0.146484 0.232422 0.146484 0.246094 0.134766 0.246094
0 0.671875 0.224610 0.697265 0.224610 0.697265 0.277344 0.671875 0.277344
0 0.154297 0.222657 0.171875 0.222657 0.171875 0.248048 0.154297 0.248048
0 0.746094 0.214844 0.865235 0.214844 0.865235 0.330078 0.746094 0.330078
0 0.148438 0.203125 0.156250 0.203125 0.156250 0.216797 0.148438 0.216797
0 0.113281 0.185547 0.134765 0.185547 0.134765 0.201172 0.113281 0.201172
0 0.390625 0.162109 0.443359 0.162109 0.443359 0.238281 0.390625 0.238281
0 0.890625 0.144532 0.939453 0.144532 0.939453 0.208984 0.890625 0.208984
0 0.843750 0.144531 0.876954 0.144531 0.876954 0.158203 0.843750 0.158203
0 0.146484 0.140625 0.164062 0.140625 0.164062 0.167969 0.146484 0.167969
0 0.060547 0.123047 0.070313 0.123047 0.070313 0.136719 0.060547 0.136719
0 0.595703 0.119141 0.644531 0.119141 0.644531 0.203125 0.595703 0.203125
0 0.681640 0.115234 0.755860 0.115234 0.755860 0.162109 0.681640 0.162109
0 0.078125 0.113281 0.087891 0.113281 0.087891 0.128906 0.078125 0.128906
0 0.638672 0.080078 0.687500 0.080078 0.687500 0.117188 0.638672 0.117188
0 0.591797 0.076172 0.601563 0.076172 0.601563 0.091797 0.591797 0.091797
0 0.035156 0.070312 0.066406 0.070312 0.066406 0.095703 0.035156 0.095703
0 0.044921 0.056640 0.074218 0.056640 0.074218 0.068360 0.044921 0.068360
0 0.603515 0.050781 0.623046 0.050781 0.623046 0.074219 0.603515 0.074219
0 0.707032 0.037110 0.718751 0.037110 0.718751 0.048828 0.707032 0.048828
0 0.808594 0.033203 0.871094 0.033203 0.871094 0.076173 0.808594 0.076173
0 0.933593 0.029296 0.957031 0.029296 0.957031 0.041015 0.933593 0.041015
0 0.177735 0.017578 0.199219 0.017578 0.199219 0.048828 0.177735 0.048828
0 0.046876 0.000001 0.062501 0.000001 0.062501 0.005860 0.046876 0.005860
0 0.000000 0.000000 0.011718 0.000000 0.011718 0.009766 0.000000 0.009766
