0 0.742188 0.988282 0.761718 0.988282 0.761718 1.000000 0.742188 1.000000
0 0.710938 0.984375 0.732422 0.984375 0.732422 1.000000 0.710938 1.000000
0 0.564453 0.970704 0.599609 0.970704 0.599609 1.000000 0.564453 1.000000
0 0.615234 0.968750 0.650390 0.968750 0.650390 1.000000 0.615234 1.000000
0 0.572266 0.929688 0.599610 0.929688 0.599610 0.968750 0.572266 0.968750
0 0.041016 0.927735 0.068360 0.927735 0.068360 0.953125 0.041016 0.953125
0 0.312500 0.923828 0.371094 0.923828 0.371094 0.988282 0.312500 0.988282
0 0.623047 0.917969 0.658203 0.917969 0.658203 0.966797 0.623047 0.966797
0 0.972657 0.904296 0.992188 0.904296 0.992188 1.000000 0.972657 1.000000
0 0.724610 0.898438 0.771485 0.898438 0.771485 0.978516 0.724610 0.978516
0 0.181641 0.892578 0.207032 0.892578 0.207032 0.927734 0.181641 0.927734
0 0.601563 0.880859 0.632813 0.880859 0.632813 0.953125 0.601563 0.953125
0 0.240235 0.878907 0.304688 0.878907 0.304688 0.939453 0.240235 0.939453
0 0.644532 0.863282 0.669922 0.863282 0.669922 0.914062 0.644532 0.914062
0 0.378906 0.847656 0.488281 0.847656 0.488281 1.000000 0.378906 1.000000
0 0.494140 0.828126 0.550781 0.828126 0.550781 0.878907 0.494140 0.878907
0 0.212891 0.826172 0.277344 0.826172 0.277344 0.888672 0.212891 0.888672
0 0.058594 0.826171 0.117188 0.826171 0.117188 0.873046 0.058594 0.873046
0 0.625000 0.808594 0.646484 0.808594 0.646484 0.861328 0.625000 0.861328
0 0.349610 0.808594 0.417968 0.808594 0.417968 0.865235 0.349610 0.865235
0 0.966796 0.806641 1.000000 0.806641 1.000000 0.882813 0.966796 0.882813
0 0.125000 0.804687 0.175782 0.804687 0.175782 0.849609 0.125000 0.849609
0 0.732422 0.798828 0.767578 0.798828 0.767578 0.841797 0.732422 0.841797
0 0.464844 0.794922 0.505860 0.794922 0.505860 0.830078 0.464844 0.830078
0 0.779296 0.783203 0.826171 0.783203 0.826171 0.828125 0.779296 0.828125
0 0.697266 0.779297 0.718750 0.779297 0.718750 0.833985 0.697266 0.833985
0 0.173828 0.771484 0.244140 0.771484 0.244140 0.826172 0.173828 0.826172
0 0.353516 0.769531 0.392578 0.769531 0.392578 0.792969 0.353516 0.792969
0 0.650390 0.767578 0.691406 0.767578 0.691406 0.855468 0.650390 0.855468
0 0.417969 0.765625 0.462891 0.765625 0.462891 0.822265 0.417969 0.822265
0 0.966797 0.759766 0.984375 0.759766 0.984375 0.789062 0.966797 0.789062
0 0.765625 0.753907 0.802735 0.753907 0.802735 0.783203 0.765625 0.783203
0 0.886719 0.744141 0.916015 0.744141 0.916015 0.876953 0.886719 0.876953
0 0.357422 0.742188 0.396484 0.742188 0.396484 0.763672 0.357422 0.763672
0 0.958984 0.736328 0.972656 0.736328 0.972656 0.759766 0.958984 0.759766
0 0.730469 0.707031 0.759765 0.707031 0.759765 0.730469 0.730469 0.730469
0 0.324218 0.705079 0.349610 0.705079 0.349610 0.720704 0.324218 0.720704
0 0.638672 0.701172 0.683594 0.701172 0.683594 0.753906 0.638672 0.753906
0 0.216797 0.701172 0.257813 0.701172 0.257813 0.759766 0.216797 0.759766
0 0.144532 0.695313 0.177734 0.695313 0.177734 0.734375 0.144532 0.734375
0 0.695312 0.693360 0.720703 0.693360 0.720703 0.718750 0.695312 0.718750
0 0.369140 0.693360 0.416015 0.693360 0.416015 0.736329 0.369140 0.736329
0 0.984375 0.691406 1.000000 0.691406 1.000000 0.759765 0.984375 0.759765
0 0.867188 0.683594 0.884766 0.683594 0.884766 0.708985 0.867188 0.708985
0 0.000000 0.683593 0.025390 0.683593 0.025390 0.716797 0.000000 0.716797
0 0.837890 0.675782 0.865234 0.675782 0.865234 0.722657 0.837890 0.722657
0 0.623047 0.671875 0.646485 0.671875 0.646485 0.707031 0.623047 0.707031
0 0.884766 0.669922 0.892578 0.669922 0.892578 0.677734 0.884766 0.677734
0 0.074219 0.667969 0.123047 0.667969 0.123047 0.753907 0.074219 0.753907
0 0.617188 0.664062 0.625000 0.664062 0.625000 0.679688 0.617188 0.679688
0 0.896485 0.654297 0.904297 0.654297 0.904297 0.660157 0.896485 0.660157
0 0.025390 0.654297 0.062499 0.654297 0.062499 0.693359 0.025390 0.693359
0 0.509766 0.640625 0.576172 0.640625 0.576172 0.712891 0.509766 0.712891
0 0.308594 0.640625 0.371094 0.640625 0.371094 0.693359 0.308594 0.693359
0 0.205077 0.634765 0.261718 0.634765 0.261718 0.691406 0.205077 0.691406
0 0.939453 0.621094 0.957031 0.621094 0.957031 0.656250 0.939453 0.656250
0 0.724609 0.617188 0.832031 0.617188 0.832031 0.695312 0.724609 0.695312
0 0.791015 0.611328 0.824219 0.611328 0.824219 0.638672 0.791015 0.638672
0 0.892578 0.603515 0.902344 0.603515 0.902344 0.623046 0.892578 0.623046
0 0.990234 0.601562 1.000000 0.601562 1.000000 0.621093 0.990234 0.621093
0 0.843750 0.601562 0.869140 0.601562 0.869140 0.673828 0.843750 0.673828
0 0.597656 0.595704 0.615234 0.595704 0.615234 0.625000 0.597656 0.625000
0 0.666015 0.583984 0.707031 0.583984 0.707031 0.615234 0.666015 0.615234
0 0.744141 0.580078 0.765625 0.580078 0.765625 0.603516 0.744141 0.603516
0 0.613281 0.548828 0.646485 0.548828 0.646485 0.611328 0.613281 0.611328
0 0.367188 0.548828 0.492188 0.548828 0.492188 0.712890 0.367188 0.712890
0 0.009765 0.548828 0.019531 0.548828 0.019531 0.560547 0.009765 0.560547
0 0.876953 0.539062 0.904297 0.539062 0.904297 0.593750 0.876953 0.593750
0 0.777344 0.537109 0.808594 0.537109 0.808594 0.591797 0.777344 0.591797
0 0.542969 0.533203 0.556641 0.533203 0.556641 0.550781 0.542969 0.550781
0 0.341797 0.533203 0.388672 0.533203 0.388672 0.595703 0.341797 0.595703
0 0.701172 0.525391 0.718750 0.525391 0.718750 0.556641 0.701172 0.556641
0 0.222656 0.525390 0.283203 0.525390 0.283203 0.589844 0.222656 0.589844
0 0.841797 0.486328 0.880859 0.486328 0.880859 0.529297 0.841797 0.529297
0 0.593750 0.486328 0.630860 0.486328 0.630860 0.552734 0.593750 0.552734
0 0.679687 0.460937 0.720703 0.460937 0.720703 0.501953 0.679687 0.501953
0 0.628906 0.460938 0.669922 0.460938 0.669922 0.511718 0.628906 0.511718
0 0.388672 0.458985 0.441406 0.458985 0.441406 0.523438 0.388672 0.523438
0 0.460938 0.451171 0.509766 0.451171 0.509766 0.507812 0.460938 0.507812
0 0.835938 0.443359 0.853516 0.443359 0.853516 0.466797 0.835938 0.466797
0 0.587890 0.437500 0.621094 0.437500 0.621094 0.474610 0.587890 0.474610
0 0.921875 0.433594 0.962891 0.433594 0.962891 0.488282 0.921875 0.488282
0 0.367187 0.421876 0.412109 0.421876 0.412109 0.486328 0.367187 0.486328
0 0.265625 0.414063 0.333985 0.414063 0.333985 0.480469 0.265625 0.480469
0 0.539062 0.412109 0.552734 0.412109 0.552734 0.429687 0.539062 0.429687
0 0.896485 0.408203 0.921875 0.408203 0.921875 0.462891 0.896485 0.462891
0 0.615234 0.396484 0.656250 0.396484 0.656250 0.455078 0.615234 0.455078
0 0.666016 0.392578 0.705078 0.392578 0.705078 0.451172 0.666016 0.451172
0 0.580078 0.392578 0.601562 0.392578 0.601562 0.406250 0.580078 0.406250
0 0.462890 0.382812 0.509765 0.382812 0.509765 0.410156 0.462890 0.410156
0 0.767578 0.365234 0.830078 0.365234 0.830078 0.482422 0.767578 0.482422
0 0.125000 0.355469 0.257812 0.355469 0.257812 0.527343 0.125000 0.527343
0 0.246094 0.345703 0.324219 0.345703 0.324219 0.402343 0.246094 0.402343
0 0.750000 0.324218 0.763672 0.324218 0.763672 0.349610 0.750000 0.349610
0 0.029297 0.306640 0.044922 0.306640 0.044922 0.332032 0.029297 0.332032
0 0.791015 0.283203 0.824219 0.283203 0.824219 0.333984 0.791015 0.333984
0 0.035156 0.283203 0.052734 0.283203 0.052734 0.302734 0.035156 0.302734
0 0.353515 0.281250 0.417968 0.281250 0.417968 0.330078 0.353515 0.330078
0 0.851562 0.273437 0.927734 0.273437 0.927734 0.345703 0.851562 0.345703
0 0.445313 0.267578 0.539063 0.267578 0.539063 0.353516 0.445313 0.353516
0 0.062500 0.257812 0.103516 0.257812 0.103516 0.333984 0.062500 0.333984
0 0.945313 0.253906 0.980469 0.253906 0.980469 0.281250 0.945313 0.281250
0 0.779297 0.251953 0.810547 0.251953 0.810547 0.281251 0.779297 0.281251
0 0.117187 0.246093 0.175781 0.246093 0.175781 0.302735 0.117187 0.302735
0 0.593750 0.242188 0.685546 0.242188 0.685546 0.330079 0.593750 0.330079
0 0.191406 0.212891 0.218750 0.212891 0.218750 0.271485 0.191406 0.271485
0 0.896484 0.205078 0.931640 0.205078 0.931640 0.242188 0.896484 0.242188
0 0.029297 0.203125 0.076172 0.203125 0.076172 0.273437 0.029297 0.273437
0 0.535157 0.201172 0.574219 0.201172 0.574219 0.242188 0.535157 0.242188
0 0.845703 0.191407 0.882812 0.191407 0.882812 0.230469 0.845703 0.230469
0 0.693360 0.183594 0.714844 0.183594 0.714844 0.205078 0.693360 0.205078
0 0.619140 0.169922 0.736328 0.169922 0.736328 0.298828 0.619140 0.298828
0 0.232422 0.160156 0.353516 0.160156 0.353516 0.337890 0.232422 0.337890
0 0.830078 0.142578 0.855468 0.142578 0.855468 0.181640 0.830078 0.181640
0 0.138672 0.136719 0.189453 0.136719 0.189453 0.201172 0.138672 0.201172
0 0.599610 0.132813 0.621094 0.132813 0.621094 0.181641 0.599610 0.181641
0 0.705078 0.126953 0.742188 0.126953 0.742188 0.173828 0.705078 0.173828
0 0.375000 0.126953 0.427734 0.126953 0.427734 0.179687 0.375000 0.179687
0 0.640625 0.121093 0.681641 0.121093 0.681641 0.167968 0.640625 0.167968
0 0.009765 0.119141 0.070312 0.119141 0.070312 0.185547 0.009765 0.185547
0 0.527343 0.101562 0.578124 0.101562 0.578124 0.173828 0.527343 0.173828
0 0.408204 0.093750 0.445312 0.093750 0.445312 0.138672 0.408204 0.138672
0 0.925782 0.064453 0.951172 0.064453 0.951172 0.099609 0.925782 0.099609
0 0.101562 0.054688 0.201172 0.054688 0.201172 0.154297 0.101562 0.154297
0 0.734375 0.039063 0.873047 0.039063 0.873047 0.167969 0.734375 0.167969
0 0.892579 0.035156 0.908204 0.035156 0.908204 0.056640 0.892579 0.056640
0 0.074219 0.021485 0.103515 0.021485 0.103515 0.064453 0.074219 0.064453
0 0.994140 0.013672 1.000000 0.013672 1.000000 0.027344 0.994140 0.027344
0 0.103516 0.003907 0.123047 0.003907 0.123047 0.019532 0.103516 0.019532
0 0.421875 0.001953 0.470703 0.001953 0.470703 0.083985 0.421875 0.083985
0 0.951172 0.000000 0.986328 0.000000 0.986328 0.154297 0.951172 0.154297
0 0.898438 0.000001 0.941407 0.000001 0.941407 0.050782 0.898438 0.050782
0 0.781250 0.000000 0.822266 0.000000 0.822266 0.029296 0.781250 0.029296
0 0.687501 0.000000 0.738282 0.000000 0.738282 0.017578 0.687501 0.017578
0 0.566406 0.000000 0.593750 0.000000 0.593750 0.011718 0.566406 0.011718
0 0.310546 0.000000 0.335938 0.000000 0.335938 0.007812 0.310546 0.007812
0 0.248047 0.000000 0.271485 0.000000 0.271485 0.044922 0.248047 0.044922
0 0.189452 0.000000 0.214843 0.000000 0.214843 0.009766 0.189452 0.009766
0 0.056641 0.000000 0.078125 0.000000 0.078125 0.009766 0.056641 0.009766
