0 0.750000 0.992188 0.791016 0.992188 0.791016 1.000000 0.750000 1.000000
0 0.376953 0.992188 0.398437 0.992188 0.398437 1.000000 0.376953 1.000000
0 0.185547 0.992188 0.208985 0.992188 0.208985 1.000000 0.185547 1.000000
0 0.869141 0.990234 0.904297 0.990234 0.904297 1.000000 0.869141 1.000000
0 0.486328 0.988282 0.517578 0.988282 0.517578 1.000000 0.486328 1.000000
0 0.236328 0.984375 0.269531 0.984375 0.269531 1.000000 0.236328 1.000000
0 0.808594 0.982422 0.857422 0.982422 0.857422 1.000000 0.808594 1.000000
0 0.910157 0.980468 0.953126 0.980468 0.953126 0.999999 0.910157 0.999999
0 0.654296 0.980468 0.701171 0.980468 0.701171 0.999999 0.654296 0.999999
0 0.585938 0.980468 0.601562 0.980468 0.601562 0.992188 0.585938 0.992188
0 0.126953 0.968750 0.162109 0.968750 0.162109 1.000000 0.126953 1.000000
0 0.269531 0.966796 0.335937 0.966796 0.335937 1.000000 0.269531 1.000000
0 0.000001 0.966796 0.068360 0.966796 0.068360 1.000000 0.000001 1.000000
0 0.761718 0.962890 0.804688 0.962890 0.804688 0.988281 0.761718 0.988281
0 0.861328 0.958985 0.906250 0.958985 0.906250 0.988281 0.861328 0.988281
0 0.457031 0.958984 0.511719 0.958984 0.511719 0.994140 0.457031 0.994140
0 0.242188 0.957032 0.281250 0.957032 0.281250 0.982422 0.242188 0.982422
0 0.505859 0.945312 0.533203 0.945312 0.533203 0.968750 0.505859 0.968750
0 0.718750 0.941406 0.753906 0.941406 0.753906 0.986328 0.718750 0.986328
0 0.814453 0.937500 0.857422 0.937500 0.857422 0.978516 0.814453 0.978516
0 0.283203 0.933594 0.318359 0.933594 0.318359 0.958985 0.283203 0.958985
0 0.162109 0.931640 0.210937 0.931640 0.210937 0.988281 0.162109 0.988281
0 0.091797 0.931640 0.130859 0.931640 0.130859 0.968750 0.091797 0.968750
0 0.943360 0.929687 0.996094 0.929687 0.996094 0.970703 0.943360 0.970703
0 0.767578 0.925781 0.804688 0.925781 0.804688 0.958985 0.767578 0.958985
0 0.542969 0.925782 0.566407 0.925782 0.566407 0.955078 0.542969 0.955078
0 0.902343 0.923829 0.945312 0.923829 0.945312 0.974610 0.902343 0.974610
0 0.003906 0.921874 0.041015 0.921874 0.041015 0.964843 0.003906 0.964843
0 0.406251 0.919922 0.453126 0.919922 0.453126 0.958984 0.406251 0.958984
0 0.324219 0.919922 0.435547 0.919922 0.435547 1.000000 0.324219 1.000000
0 0.046874 0.916016 0.089844 0.916016 0.089844 0.960938 0.046874 0.960938
0 0.259765 0.906250 0.314453 0.906250 0.314453 0.929688 0.259765 0.929688
0 0.531251 0.904296 0.613282 0.904296 0.613282 1.000000 0.531251 1.000000
0 0.857422 0.896484 0.906250 0.896484 0.906250 0.937500 0.857422 0.937500
0 0.734374 0.894531 0.777343 0.894531 0.777343 0.925781 0.734374 0.925781
0 0.158203 0.892578 0.191406 0.892578 0.191406 0.925782 0.158203 0.925782
0 0.222656 0.890625 0.253906 0.890625 0.253906 0.931641 0.222656 0.931641
0 0.085938 0.890625 0.123047 0.890625 0.123047 0.925781 0.085938 0.925781
0 0.779297 0.888672 0.820313 0.888672 0.820313 0.927734 0.779297 0.927734
0 0.335938 0.880860 0.378907 0.880860 0.378907 0.919922 0.335938 0.919922
0 0.117188 0.880859 0.156250 0.880859 0.156250 0.914062 0.117188 0.914062
0 0.408203 0.876953 0.447265 0.876953 0.447265 0.914062 0.408203 0.914062
0 0.488282 0.867187 0.544922 0.867187 0.544922 0.912109 0.488282 0.912109
0 0.316406 0.867188 0.345703 0.867188 0.345703 0.878907 0.316406 0.878907
0 0.267577 0.867188 0.310547 0.867188 0.310547 0.900391 0.267577 0.900391
0 0.000000 0.867188 0.027344 0.867188 0.027344 0.910157 0.000000 0.910157
0 0.830078 0.865235 0.867188 0.865235 0.867188 0.894531 0.830078 0.894531
0 0.611328 0.863282 0.728516 0.863282 0.728516 0.972657 0.611328 0.972657
0 0.876953 0.861329 0.898437 0.861329 0.898437 0.880860 0.876953 0.880860
0 0.044921 0.861329 0.109374 0.861329 0.109374 0.912110 0.044921 0.912110
0 0.718750 0.859375 0.748046 0.859375 0.748046 0.898437 0.718750 0.898437
0 0.755859 0.855469 0.787109 0.855469 0.787109 0.884765 0.755859 0.884765
0 0.152344 0.855468 0.195312 0.855468 0.195312 0.888672 0.152344 0.888672
0 0.378907 0.847656 0.412110 0.847656 0.412110 0.878906 0.378907 0.878906
0 0.955078 0.845704 0.986328 0.845704 0.986328 0.861329 0.955078 0.861329
0 0.662110 0.845703 0.714844 0.845703 0.714844 0.882812 0.662110 0.882812
0 0.798828 0.841797 0.826172 0.841797 0.826172 0.878907 0.798828 0.878907
0 0.548828 0.839844 0.576172 0.839844 0.576172 0.861328 0.548828 0.861328
0 0.068359 0.830078 0.113281 0.830078 0.113281 0.857422 0.068359 0.857422
0 0.935547 0.826172 0.953125 0.826172 0.953125 0.839844 0.935547 0.839844
0 0.248047 0.826171 0.289063 0.826171 0.289063 0.869140 0.248047 0.869140
0 0.988282 0.822265 1.000000 0.822265 1.000000 0.847656 0.988282 0.847656
0 0.890624 0.822266 0.933593 0.822266 0.933593 0.857422 0.890624 0.857422
0 0.117188 0.822266 0.152344 0.822266 0.152344 0.871094 0.117188 0.871094
0 0.314453 0.820313 0.375001 0.820313 0.375001 0.869141 0.314453 0.869141
0 0.710938 0.816406 0.746094 0.816406 0.746094 0.851562 0.710938 0.851562
0 0.630859 0.816407 0.658203 0.816407 0.658203 0.841797 0.630859 0.841797
0 0.402344 0.814454 0.443360 0.814454 0.443360 0.865235 0.402344 0.865235
0 0.171875 0.814453 0.226563 0.814453 0.226563 0.859375 0.171875 0.859375
0 0.222656 0.800781 0.253906 0.800781 0.253906 0.837890 0.222656 0.837890
0 0.796875 0.796875 0.830079 0.796875 0.830079 0.830079 0.796875 0.830079
0 0.000000 0.794922 0.011718 0.794922 0.011718 0.818360 0.000000 0.818360
0 0.955078 0.791015 0.992188 0.791015 0.992188 0.832031 0.955078 0.832031
0 0.828125 0.791016 0.894531 0.791016 0.894531 0.857422 0.828125 0.857422
0 0.902343 0.781250 0.949218 0.781250 0.949218 0.820312 0.902343 0.820312
0 0.103516 0.775391 0.169922 0.775391 0.169922 0.824219 0.103516 0.824219
0 0.275390 0.767578 0.318360 0.767578 0.318360 0.816406 0.275390 0.816406
0 0.841797 0.763672 0.882813 0.763672 0.882813 0.787110 0.841797 0.787110
0 0.548829 0.759766 0.599610 0.759766 0.599610 0.794922 0.548829 0.794922
0 0.009766 0.755859 0.048828 0.755859 0.048828 0.804687 0.009766 0.804687
0 0.964844 0.751953 1.000000 0.751953 1.000000 0.783203 0.964844 0.783203
0 0.812500 0.751953 0.839844 0.751953 0.839844 0.794922 0.812500 0.794922
0 0.916016 0.750000 0.960938 0.750000 0.960938 0.777344 0.916016 0.777344
0 0.093751 0.748047 0.130860 0.748047 0.130860 0.783203 0.093751 0.783203
0 0.042969 0.748046 0.078125 0.748046 0.078125 0.791015 0.042969 0.791015
0 0.000000 0.748047 0.017578 0.748047 0.017578 0.785157 0.000000 0.785157
0 0.148437 0.744141 0.220703 0.744141 0.220703 0.806641 0.148437 0.806641
0 0.568359 0.742188 0.591797 0.742188 0.591797 0.759766 0.568359 0.759766
0 0.212891 0.742188 0.250000 0.742188 0.250000 0.791016 0.212891 0.791016
0 0.847656 0.740234 0.900390 0.740234 0.900390 0.763672 0.847656 0.763672
0 0.625001 0.740234 0.675782 0.740234 0.675782 0.804688 0.625001 0.804688
0 0.310547 0.738281 0.347657 0.738281 0.347657 0.791015 0.310547 0.791015
0 0.371093 0.736329 0.408203 0.736329 0.408203 0.783204 0.371093 0.783204
0 0.419922 0.734375 0.451172 0.734375 0.451172 0.783203 0.419922 0.783203
0 0.253906 0.728515 0.294922 0.728515 0.294922 0.765625 0.253906 0.765625
0 0.347656 0.726562 0.376953 0.726562 0.376953 0.755859 0.347656 0.755859
0 0.599609 0.724610 0.626953 0.724610 0.626953 0.740235 0.599609 0.740235
0 0.750000 0.718750 0.791016 0.718750 0.791016 0.753906 0.750000 0.753906
0 0.029297 0.712891 0.074219 0.712891 0.074219 0.742188 0.029297 0.742188
0 0.083984 0.708984 0.119140 0.708984 0.119140 0.744140 0.083984 0.744140
0 0.750000 0.705078 0.773438 0.705078 0.773438 0.714844 0.750000 0.714844
0 0.000000 0.705078 0.011718 0.705078 0.011718 0.738282 0.000000 0.738282
0 0.550781 0.703125 0.589843 0.703125 0.589843 0.736329 0.550781 0.736329
0 0.150390 0.703125 0.191406 0.703125 0.191406 0.742187 0.150390 0.742187
0 0.798828 0.701172 0.839844 0.701172 0.839844 0.736328 0.798828 0.736328
0 0.703124 0.701172 0.808593 0.701172 0.808593 0.843750 0.703124 0.843750
0 0.455077 0.701172 0.498047 0.701172 0.498047 0.740234 0.455077 0.740234
0 0.958984 0.699218 1.000000 0.699218 1.000000 0.746093 0.958984 0.746093
0 0.644532 0.697265 0.705078 0.697265 0.705078 0.744140 0.644532 0.744140
0 0.232422 0.697265 0.271484 0.697265 0.271484 0.730469 0.232422 0.730469
0 0.056641 0.691406 0.076172 0.691406 0.076172 0.708984 0.056641 0.708984
0 0.375000 0.687500 0.423828 0.687500 0.423828 0.734375 0.375000 0.734375
0 0.283203 0.677735 0.314453 0.677735 0.314453 0.716797 0.283203 0.716797
0 0.849610 0.671875 0.892579 0.671875 0.892579 0.718750 0.849610 0.718750
0 0.804688 0.667969 0.843750 0.667969 0.843750 0.697265 0.804688 0.697265
0 0.728515 0.666015 0.796875 0.666015 0.796875 0.703125 0.728515 0.703125
0 0.650391 0.666016 0.695313 0.666016 0.695313 0.693360 0.650391 0.693360
0 0.519531 0.666015 0.554687 0.666015 0.554687 0.703125 0.519531 0.703125
0 0.003906 0.664063 0.052734 0.664063 0.052734 0.699219 0.003906 0.699219
0 0.472657 0.662110 0.509765 0.662110 0.509765 0.691406 0.472657 0.691406
0 0.246094 0.658203 0.285156 0.658203 0.285156 0.689453 0.246094 0.689453
0 0.197266 0.658203 0.230468 0.658203 0.230468 0.695312 0.197266 0.695312
0 0.410156 0.654297 0.458984 0.654297 0.458984 0.693359 0.410156 0.693359
0 0.957031 0.648437 0.984375 0.648437 0.984375 0.679687 0.957031 0.679687
0 0.130859 0.646485 0.175781 0.646485 0.175781 0.675781 0.130859 0.675781
0 0.351562 0.644531 0.396484 0.644531 0.396484 0.683593 0.351562 0.683593
0 0.683594 0.636719 0.722656 0.636719 0.722656 0.675781 0.683594 0.675781
0 0.210938 0.634765 0.259766 0.634765 0.259766 0.660156 0.210938 0.660156
0 0.828125 0.632812 0.869141 0.632812 0.869141 0.658203 0.828125 0.658203
0 0.296874 0.630859 0.343749 0.630859 0.343749 0.675781 0.296874 0.675781
0 0.908204 0.619140 0.937500 0.619140 0.937500 0.630860 0.908204 0.630860
0 0.273438 0.619141 0.302735 0.619141 0.302735 0.650391 0.273438 0.650391
0 0.929688 0.617188 0.966797 0.617188 0.966797 0.650391 0.929688 0.650391
0 0.744140 0.615234 0.781250 0.615234 0.781250 0.638672 0.744140 0.638672
0 0.529297 0.613281 0.568359 0.613281 0.568359 0.654297 0.529297 0.654297
0 0.109375 0.611328 0.140625 0.611328 0.140625 0.644532 0.109375 0.644532
0 0.162109 0.609374 0.207031 0.609374 0.207031 0.652343 0.162109 0.652343
0 0.970704 0.607421 1.000000 0.607421 1.000000 0.650390 0.970704 0.650390
0 0.232422 0.603516 0.271484 0.603516 0.271484 0.630860 0.232422 0.630860
0 0.333985 0.601562 0.371093 0.601562 0.371093 0.628906 0.333985 0.628906
0 0.580078 0.599609 0.679688 0.599609 0.679688 0.654297 0.580078 0.654297
0 0.041015 0.597656 0.109374 0.597656 0.109374 0.669922 0.041015 0.669922
0 0.539062 0.593750 0.552734 0.593750 0.552734 0.603516 0.539062 0.603516
0 0.294922 0.593750 0.326172 0.593750 0.326172 0.621094 0.294922 0.621094
0 0.000000 0.593750 0.031250 0.593750 0.031250 0.664062 0.000000 0.664062
0 0.019532 0.585938 0.056641 0.585938 0.056641 0.621094 0.019532 0.621094
0 0.814453 0.583984 0.886719 0.583984 0.886719 0.619140 0.814453 0.619140
0 0.525390 0.583985 0.537110 0.583985 0.537110 0.595704 0.525390 0.595704
0 0.699219 0.580078 0.757813 0.580078 0.757813 0.611328 0.699219 0.611328
0 0.486328 0.580078 0.503906 0.580078 0.503906 0.597656 0.486328 0.597656
0 0.121094 0.580078 0.169922 0.580078 0.169922 0.611328 0.121094 0.611328
0 0.636719 0.576172 0.675781 0.576172 0.675781 0.595703 0.636719 0.595703
0 0.365235 0.570312 0.404297 0.570312 0.404297 0.607422 0.365235 0.607422
0 0.607422 0.568359 0.625000 0.568359 0.625000 0.591797 0.607422 0.591797
0 0.000000 0.566407 0.009766 0.566407 0.009766 0.591797 0.000000 0.591797
0 0.906250 0.564453 1.000000 0.564453 1.000000 0.603515 0.906250 0.603515
0 0.578125 0.562500 0.609375 0.562500 0.609375 0.601562 0.578125 0.601562
0 0.181640 0.562500 0.236328 0.562500 0.236328 0.609375 0.181640 0.609375
0 0.117187 0.558593 0.144531 0.558593 0.144531 0.574218 0.117187 0.574218
0 0.652344 0.556640 0.687500 0.556640 0.687500 0.572265 0.652344 0.572265
0 0.074219 0.554687 0.103515 0.554687 0.103515 0.585937 0.074219 0.585937
0 0.388672 0.552735 0.417969 0.552735 0.417969 0.574219 0.388672 0.574219
0 0.998046 0.550781 1.000000 0.550781 1.000000 0.552735 0.998046 0.552735
0 0.533203 0.550781 0.558593 0.550781 0.558593 0.583985 0.533203 0.583985
0 0.324219 0.550781 0.359375 0.550781 0.359375 0.583985 0.324219 0.583985
0 0.566406 0.541016 0.589844 0.541016 0.589844 0.589844 0.566406 0.589844
0 0.992188 0.537110 0.998047 0.537110 0.998047 0.548829 0.992188 0.548829
0 0.812500 0.537110 0.945312 0.537110 0.945312 0.576172 0.812500 0.576172
0 0.009766 0.535157 0.074218 0.535157 0.074218 0.578126 0.009766 0.578126
0 0.240235 0.529297 0.273438 0.529297 0.273438 0.589843 0.240235 0.589843
0 0.707031 0.525390 0.734375 0.525390 0.734375 0.541015 0.707031 0.541015
0 0.404297 0.525391 0.476563 0.525391 0.476563 0.609375 0.404297 0.609375
0 0.757813 0.519531 0.792969 0.519531 0.792969 0.541015 0.757813 0.541015
0 0.384765 0.519531 0.400390 0.519531 0.400390 0.537109 0.384765 0.537109
0 0.177734 0.519532 0.193359 0.519532 0.193359 0.539062 0.177734 0.539062
0 0.347656 0.517578 0.376953 0.517578 0.376953 0.554688 0.347656 0.554688
0 0.982422 0.511719 1.000000 0.511719 1.000000 0.535157 0.982422 0.535157
0 0.437501 0.511719 0.470703 0.511719 0.470703 0.550781 0.437501 0.550781
0 0.203125 0.511718 0.238281 0.511718 0.238281 0.548828 0.203125 0.548828
0 0.585938 0.509765 0.621094 0.509765 0.621094 0.550781 0.585938 0.550781
0 0.363282 0.509766 0.382812 0.509766 0.382812 0.523438 0.363282 0.523438
0 0.494141 0.507813 0.525391 0.507813 0.525391 0.539063 0.494141 0.539063
0 0.621093 0.501953 0.658203 0.501953 0.658203 0.542969 0.621093 0.542969
0 0.812500 0.500000 0.892578 0.500000 0.892578 0.533204 0.812500 0.533204
0 0.542969 0.500000 0.582031 0.500000 0.582031 0.539062 0.542969 0.539062
0 0.816406 0.484375 0.824218 0.484375 0.824218 0.494141 0.816406 0.494141
0 0.269531 0.484375 0.316406 0.484375 0.316406 0.541015 0.269531 0.541015
0 0.894532 0.482422 0.982422 0.482422 0.982422 0.509766 0.894532 0.509766
0 0.394531 0.472657 0.457031 0.472657 0.457031 0.511719 0.394531 0.511719
0 0.574218 0.470703 0.652343 0.470703 0.652343 0.505859 0.574218 0.505859
0 0.464844 0.470703 0.498047 0.470703 0.498047 0.511719 0.464844 0.511719
0 0.199218 0.470702 0.228516 0.470702 0.228516 0.496094 0.199218 0.496094
0 0.644532 0.464844 0.687501 0.464844 0.687501 0.503906 0.644532 0.503906
0 0.265625 0.464843 0.296875 0.464843 0.296875 0.494140 0.265625 0.494140
0 0.242187 0.462890 0.265625 0.462890 0.265625 0.488282 0.242187 0.488282
0 0.806640 0.457031 0.861328 0.457031 0.861328 0.484375 0.806640 0.484375
0 0.349610 0.453124 0.437500 0.453124 0.437500 0.496094 0.349610 0.496094
0 0.105469 0.453125 0.191407 0.453125 0.191407 0.525391 0.105469 0.525391
0 0.685547 0.451172 0.751953 0.451172 0.751953 0.501953 0.685547 0.501953
0 0.964844 0.449219 1.000000 0.449219 1.000000 0.472657 0.964844 0.472657
0 0.160157 0.445312 0.175782 0.445312 0.175782 0.464843 0.160157 0.464843
0 0.000000 0.441406 0.136719 0.441406 0.136719 0.550782 0.000000 0.550782
0 0.765625 0.439453 0.798829 0.439453 0.798829 0.468751 0.765625 0.468751
0 0.240234 0.439453 0.265626 0.439453 0.265626 0.460937 0.240234 0.460937
0 0.867187 0.437501 0.908203 0.437501 0.908203 0.488281 0.867187 0.488281
0 0.173828 0.433594 0.212890 0.433594 0.212890 0.466797 0.173828 0.466797
0 0.499999 0.431641 0.525390 0.431641 0.525390 0.462891 0.499999 0.462891
0 0.984375 0.429687 1.000000 0.429687 1.000000 0.443359 0.984375 0.443359
0 0.267578 0.429688 0.294922 0.429688 0.294922 0.455079 0.267578 0.455079
0 0.308593 0.419922 0.369140 0.419922 0.369140 0.466797 0.308593 0.466797
0 0.902344 0.417969 0.951172 0.417969 0.951172 0.457031 0.902344 0.457031
0 0.806640 0.417969 0.849610 0.417969 0.849610 0.458985 0.806640 0.458985
0 0.136718 0.417968 0.166016 0.417968 0.166016 0.447265 0.136718 0.447265
0 0.203125 0.412109 0.246093 0.412109 0.246093 0.439453 0.203125 0.439453
0 0.050781 0.412110 0.095703 0.412110 0.095703 0.445312 0.050781 0.445312
0 0.724609 0.410157 0.765625 0.410157 0.765625 0.449219 0.724609 0.449219
0 0.015625 0.410157 0.048828 0.410157 0.048828 0.447265 0.015625 0.447265
0 0.494141 0.406249 0.523438 0.406249 0.523438 0.431641 0.494141 0.431641
0 0.550781 0.404297 0.609375 0.404297 0.609375 0.464844 0.550781 0.464844
0 0.603516 0.402343 0.652344 0.402343 0.652344 0.462890 0.603516 0.462890
0 0.167969 0.394531 0.210938 0.394531 0.210938 0.425781 0.167969 0.425781
0 0.041016 0.394532 0.072266 0.394532 0.072266 0.414062 0.041016 0.414062
0 0.531250 0.390625 0.564454 0.390625 0.564454 0.425781 0.531250 0.425781
0 0.472656 0.386719 0.501953 0.386719 0.501953 0.431641 0.472656 0.431641
0 0.345703 0.386719 0.388673 0.386719 0.388673 0.417969 0.345703 0.417969
0 0.396485 0.384766 0.433593 0.384766 0.433593 0.447266 0.396485 0.447266
0 0.628906 0.374999 0.662110 0.374999 0.662110 0.404297 0.628906 0.404297
0 0.437500 0.375000 0.472656 0.375000 0.472656 0.433594 0.437500 0.433594
0 0.193359 0.375001 0.208984 0.375001 0.208984 0.394531 0.193359 0.394531
0 0.253907 0.373047 0.304688 0.373047 0.304688 0.410157 0.253907 0.410157
0 0.738281 0.371094 0.779297 0.371094 0.779297 0.412110 0.738281 0.412110
0 0.908204 0.369140 0.955079 0.369140 0.955079 0.416015 0.908204 0.416015
0 0.216797 0.365235 0.240235 0.365235 0.240235 0.394532 0.216797 0.394532
0 0.791015 0.363281 0.855469 0.363281 0.855469 0.417969 0.791015 0.417969
0 0.000000 0.363282 0.044922 0.363282 0.044922 0.396485 0.000000 0.396485
0 0.576172 0.357422 0.621094 0.357422 0.621094 0.398438 0.576172 0.398438
0 0.695312 0.353515 0.732422 0.353515 0.732422 0.390625 0.695312 0.390625
0 0.476562 0.341797 0.539062 0.341797 0.539062 0.396485 0.476562 0.396485
0 0.062500 0.341797 0.103516 0.341797 0.103516 0.396485 0.062500 0.396485
0 0.615234 0.335938 0.648438 0.335938 0.648438 0.371094 0.615234 0.371094
0 0.439453 0.330078 0.474609 0.330078 0.474609 0.375000 0.439453 0.375000
0 0.273438 0.330078 0.310546 0.330078 0.310546 0.359376 0.273438 0.359376
0 0.121094 0.330078 0.148438 0.330078 0.148438 0.365234 0.121094 0.365234
0 0.580078 0.324219 0.601562 0.324219 0.601562 0.341797 0.580078 0.341797
0 0.015625 0.322265 0.058594 0.322265 0.058594 0.355468 0.015625 0.355468
0 0.308594 0.320312 0.425782 0.320312 0.425782 0.410156 0.308594 0.410156
0 0.781249 0.314453 0.824218 0.314453 0.824218 0.357423 0.781249 0.357423
0 0.828125 0.312499 0.851563 0.312499 0.851563 0.337891 0.828125 0.337891
0 0.000000 0.312500 0.017578 0.312500 0.017578 0.339844 0.000000 0.339844
0 0.277343 0.302734 0.302735 0.302734 0.302735 0.320312 0.277343 0.320312
0 0.355469 0.296875 0.388672 0.296875 0.388672 0.333985 0.355469 0.333985
0 0.703126 0.292969 0.785157 0.292969 0.785157 0.365235 0.703126 0.365235
0 0.419922 0.289062 0.460938 0.289062 0.460938 0.332032 0.419922 0.332032
0 0.150391 0.289063 0.189453 0.289063 0.189453 0.324219 0.150391 0.324219
0 0.148438 0.287110 0.271485 0.287110 0.271485 0.384766 0.148438 0.384766
0 0.000000 0.287110 0.023438 0.287110 0.023438 0.308594 0.000000 0.308594
0 0.587890 0.285157 0.625000 0.285157 0.625000 0.322265 0.587890 0.322265
0 0.083985 0.285156 0.121094 0.285156 0.121094 0.320312 0.083985 0.320312
0 0.466797 0.283203 0.515625 0.283203 0.515625 0.333984 0.466797 0.333984
0 0.630859 0.281249 0.654297 0.281249 0.654297 0.310547 0.630859 0.310547
0 0.802734 0.279297 0.833984 0.279297 0.833984 0.312499 0.802734 0.312499
0 0.865234 0.273437 0.941406 0.273437 0.941406 0.363281 0.865234 0.363281
0 0.265626 0.273437 0.298828 0.273437 0.298828 0.300781 0.265626 0.300781
0 0.232422 0.271484 0.255860 0.271484 0.255860 0.296876 0.232422 0.296876
0 0.830079 0.267578 0.859375 0.267578 0.859375 0.302734 0.830079 0.302734
0 0.201172 0.265625 0.224610 0.265625 0.224610 0.283203 0.201172 0.283203
0 0.947266 0.263672 0.996094 0.263672 0.996094 0.333984 0.947266 0.333984
0 0.910156 0.259765 0.947265 0.259765 0.947265 0.302735 0.910156 0.302735
0 0.527344 0.259765 0.548828 0.259765 0.548828 0.289062 0.527344 0.289062
0 0.390625 0.259766 0.427735 0.259766 0.427735 0.294922 0.390625 0.294922
0 0.306640 0.257812 0.349610 0.257812 0.349610 0.318360 0.306640 0.318360
0 0.722657 0.255859 0.748047 0.255859 0.748047 0.281251 0.722657 0.281251
0 0.031250 0.255859 0.080078 0.255859 0.080078 0.322265 0.031250 0.322265
0 0.640625 0.253906 0.705079 0.253906 0.705079 0.302734 0.640625 0.302734
0 0.861328 0.251953 0.882812 0.251953 0.882812 0.269531 0.861328 0.269531
0 0.087891 0.250000 0.136719 0.250000 0.136719 0.285156 0.087891 0.285156
0 0.984375 0.242188 1.000000 0.242188 1.000000 0.263672 0.984375 0.263672
0 0.751953 0.238281 0.794922 0.238281 0.794922 0.273437 0.751953 0.273437
0 0.572266 0.238282 0.634766 0.238282 0.634766 0.289062 0.572266 0.289062
0 0.890625 0.236328 0.923829 0.236328 0.923829 0.269531 0.890625 0.269531
0 0.000001 0.234375 0.019532 0.234375 0.019532 0.275391 0.000001 0.275391
0 0.419922 0.232422 0.443360 0.232422 0.443360 0.261719 0.419922 0.261719
0 0.560547 0.228516 0.595703 0.228516 0.595703 0.273438 0.560547 0.273438
0 0.810546 0.220703 0.843750 0.220703 0.843750 0.250001 0.810546 0.250001
0 0.150391 0.218751 0.251953 0.218751 0.251953 0.283203 0.150391 0.283203
0 0.054688 0.218750 0.076172 0.218750 0.076172 0.234375 0.054688 0.234375
0 0.958984 0.216797 0.990234 0.216797 0.990234 0.249999 0.958984 0.249999
0 0.861328 0.214844 0.910156 0.214844 0.910156 0.248047 0.861328 0.248047
0 0.667968 0.210938 0.705078 0.210938 0.705078 0.250000 0.667968 0.250000
0 0.046875 0.208984 0.056641 0.208984 0.056641 0.222656 0.046875 0.222656
0 0.917969 0.207031 0.957031 0.207031 0.957031 0.236328 0.917969 0.236328
0 0.988282 0.197266 1.000000 0.197266 1.000000 0.224610 0.988282 0.224610
0 0.542968 0.197265 0.580078 0.197265 0.580078 0.238281 0.542968 0.238281
0 0.070312 0.197266 0.117188 0.197266 0.117188 0.242188 0.070312 0.242188
0 0.656250 0.195312 0.677734 0.195312 0.677734 0.214844 0.656250 0.214844
0 0.583985 0.195313 0.626954 0.195313 0.626954 0.226563 0.583985 0.226563
0 0.726562 0.193359 0.763672 0.193359 0.763672 0.230468 0.726562 0.230468
0 0.000000 0.191406 0.015624 0.191406 0.015624 0.226562 0.000000 0.226562
0 0.343749 0.189453 0.417969 0.189453 0.417969 0.244141 0.343749 0.244141
0 0.121094 0.189452 0.183594 0.189452 0.183594 0.246093 0.121094 0.246093
0 0.423828 0.187500 0.451172 0.187500 0.451172 0.222656 0.423828 0.222656
0 0.457031 0.183594 0.500000 0.183594 0.500000 0.232422 0.457031 0.232422
0 0.960938 0.177734 1.000000 0.177734 1.000000 0.208984 0.960938 0.208984
0 0.041015 0.177735 0.070312 0.177735 0.070312 0.199219 0.041015 0.199219
0 0.193359 0.173828 0.283203 0.173828 0.283203 0.228516 0.193359 0.228516
0 0.126953 0.173828 0.162109 0.173828 0.162109 0.207031 0.126953 0.207031
0 0.910157 0.171875 0.957032 0.171875 0.957032 0.203125 0.910157 0.203125
0 0.078125 0.171875 0.117187 0.171875 0.117187 0.193359 0.078125 0.193359
0 0.515625 0.167969 0.568359 0.167969 0.568359 0.212891 0.515625 0.212891
0 0.693360 0.162109 0.730469 0.162109 0.730469 0.207031 0.693360 0.207031
0 0.367187 0.160156 0.394531 0.160156 0.394531 0.183594 0.367187 0.183594
0 0.271484 0.158203 0.357422 0.158203 0.357422 0.273437 0.271484 0.273437
0 0.556641 0.148438 0.595703 0.148438 0.595703 0.187500 0.556641 0.187500
0 0.962890 0.146484 1.000000 0.146484 1.000000 0.171875 0.962890 0.171875
0 0.310547 0.144531 0.359375 0.144531 0.359375 0.183593 0.310547 0.183593
0 0.210938 0.144531 0.230469 0.144531 0.230469 0.164062 0.210938 0.164062
0 0.058594 0.144531 0.097656 0.144531 0.097656 0.171875 0.058594 0.171875
0 0.597656 0.142578 0.691406 0.142578 0.691406 0.193360 0.597656 0.193360
0 0.402343 0.142578 0.425781 0.142578 0.425781 0.175781 0.402343 0.175781
0 0.162110 0.140625 0.201172 0.140625 0.201172 0.171875 0.162110 0.171875
0 0.285156 0.138672 0.302734 0.138672 0.302734 0.156250 0.285156 0.156250
0 0.236328 0.130860 0.277344 0.130860 0.277344 0.183594 0.236328 0.183594
0 0.000000 0.130859 0.042968 0.130859 0.042968 0.193359 0.000000 0.193359
0 0.734376 0.123047 0.816407 0.123047 0.816407 0.175781 0.734376 0.175781
0 0.923828 0.121094 0.986328 0.121094 0.986328 0.162110 0.923828 0.162110
0 0.349610 0.115235 0.400390 0.115235 0.400390 0.154297 0.349610 0.154297
0 0.701171 0.113281 0.734375 0.113281 0.734375 0.156250 0.701171 0.156250
0 0.523438 0.107422 0.560547 0.107422 0.560547 0.152344 0.523438 0.152344
0 0.140625 0.103515 0.181641 0.103515 0.181641 0.126953 0.140625 0.126953
0 0.642578 0.099609 0.687500 0.099609 0.687500 0.148437 0.642578 0.148437
0 0.886719 0.097657 0.917969 0.097657 0.917969 0.126953 0.886719 0.126953
0 0.306640 0.097656 0.361328 0.097656 0.361328 0.140625 0.306640 0.140625
0 0.609375 0.095703 0.636719 0.095703 0.636719 0.123047 0.609375 0.123047
0 0.000000 0.095703 0.027344 0.095703 0.027344 0.136719 0.000000 0.136719
0 0.767579 0.093750 0.876954 0.093750 0.876954 0.224609 0.767579 0.224609
0 0.734375 0.091797 0.771485 0.091797 0.771485 0.132813 0.734375 0.132813
0 0.777344 0.082031 0.822266 0.082031 0.822266 0.115235 0.777344 0.115235
0 0.978516 0.080078 1.000000 0.080078 1.000000 0.103516 0.978516 0.103516
0 0.509766 0.080078 0.527344 0.080078 0.527344 0.107422 0.509766 0.107422
0 0.460938 0.078124 0.507812 0.078124 0.507812 0.107421 0.460938 0.107421
0 0.701172 0.072266 0.738282 0.072266 0.738282 0.111328 0.701172 0.111328
0 0.406251 0.070313 0.439453 0.070313 0.439453 0.091797 0.406251 0.091797
0 0.339844 0.066407 0.378906 0.066407 0.378906 0.091798 0.339844 0.091798
0 0.080078 0.064453 0.162109 0.064453 0.162109 0.154297 0.080078 0.154297
0 0.000000 0.064453 0.033203 0.064453 0.033203 0.087891 0.000000 0.087891
0 0.537110 0.060548 0.562500 0.060548 0.562500 0.097657 0.537110 0.097657
0 0.492188 0.054688 0.529297 0.054688 0.529297 0.074218 0.492188 0.074218
0 0.248047 0.054688 0.324219 0.054688 0.324219 0.115234 0.248047 0.115234
0 0.162109 0.054688 0.228515 0.054688 0.228515 0.111328 0.162109 0.111328
0 0.878906 0.050781 0.943360 0.050781 0.943360 0.091797 0.878906 0.091797
0 0.814453 0.050781 0.867187 0.050781 0.867187 0.082031 0.814453 0.082031
0 0.566406 0.050781 0.611328 0.050781 0.611328 0.140625 0.566406 0.140625
0 0.761719 0.046876 0.792969 0.046876 0.792969 0.080079 0.761719 0.080079
0 0.443360 0.039062 0.500000 0.039062 0.500000 0.076172 0.443360 0.076172
0 0.597656 0.037110 0.632812 0.037110 0.632812 0.087890 0.597656 0.087890
0 0.810547 0.035156 0.849609 0.035156 0.849609 0.046876 0.810547 0.046876
0 0.943360 0.033203 0.972656 0.033203 0.972656 0.074219 0.943360 0.074219
0 0.974610 0.029297 1.000000 0.029297 1.000000 0.074219 0.974610 0.074219
0 0.314453 0.029297 0.367187 0.029297 0.367187 0.070313 0.314453 0.070313
0 0.000000 0.029296 0.039062 0.029296 0.039062 0.062499 0.000000 0.062499
0 0.255860 0.027344 0.291016 0.027344 0.291016 0.046874 0.255860 0.046874
0 0.726562 0.021485 0.773438 0.021485 0.773438 0.064453 0.726562 0.064453
0 0.865234 0.015626 0.910156 0.015626 0.910156 0.052735 0.865234 0.052735
0 0.205078 0.013671 0.220703 0.013671 0.220703 0.025390 0.205078 0.025390
0 0.640625 0.011719 0.720703 0.011719 0.720703 0.083985 0.640625 0.083985
0 0.496093 0.007812 0.533203 0.007812 0.533203 0.035156 0.496093 0.035156
0 0.906250 0.003906 0.945312 0.003906 0.945312 0.035156 0.906250 0.035156
0 0.544921 0.003906 0.587890 0.003906 0.587890 0.041015 0.544921 0.041015
0 0.361329 0.003907 0.398438 0.003907 0.398438 0.054688 0.361329 0.054688
0 0.822265 0.001953 0.859375 0.001953 0.859375 0.029297 0.822265 0.029297
0 0.851562 0.000000 0.898438 0.000000 0.898438 0.015624 0.851562 0.015624
0 0.656250 0.000001 0.683594 0.000001 0.683594 0.019532 0.656250 0.019532
0 0.607422 0.000000 0.632812 0.000000 0.632812 0.017578 0.607422 0.017578
0 0.515625 0.000001 0.550781 0.000001 0.550781 0.019532 0.515625 0.019532
0 0.458985 0.000000 0.498047 0.000000 0.498047 0.025390 0.458985 0.025390
0 0.386719 0.000000 0.419922 0.000000 0.419922 0.011718 0.386719 0.011718
0 0.328124 0.000001 0.339844 0.000001 0.339844 0.005860 0.328124 0.005860
0 0.271485 0.000000 0.322265 0.000000 0.322265 0.025390 0.271485 0.025390
0 0.220703 0.000000 0.261719 0.000000 0.261719 0.031250 0.220703 0.031250
0 0.187499 0.000000 0.216797 0.000000 0.216797 0.009766 0.187499 0.009766
0 0.083985 0.000001 0.179688 0.000001 0.179688 0.068360 0.083985 0.068360
0 0.035157 0.000000 0.095703 0.000000 0.095703 0.076172 0.035157 0.076172
0 0.000000 0.000000 0.031250 0.000000 0.031250 0.025390 0.000000 0.025390
