0 0.019531 0.980468 0.070312 0.980468 0.070312 0.999999 0.019531 0.999999
0 0.638671 0.964843 0.681640 0.964843 0.681640 0.988281 0.638671 0.988281
0 0.132813 0.914062 0.164063 0.914062 0.164063 0.955078 0.132813 0.955078
0 0.669922 0.912110 0.718750 0.912110 0.718750 0.949219 0.669922 0.949219
0 0.537110 0.910157 0.562500 0.910157 0.562500 0.939453 0.537110 0.939453
0 0.451172 0.900390 0.513672 0.900390 0.513672 0.988281 0.451172 0.988281
0 0.773437 0.894531 0.832031 0.894531 0.832031 0.943359 0.773437 0.943359
0 0.267578 0.894531 0.375000 0.894531 0.375000 0.992187 0.267578 0.992187
0 0.173828 0.886719 0.191406 0.886719 0.191406 0.910157 0.173828 0.910157
0 0.544922 0.873046 0.601562 0.873046 0.601562 0.916015 0.544922 0.916015
0 0.152344 0.865234 0.173828 0.865234 0.173828 0.882812 0.152344 0.882812
0 0.285156 0.851562 0.328126 0.851562 0.328126 0.894532 0.285156 0.894532
0 0.787109 0.843750 0.841797 0.843750 0.841797 0.884766 0.787109 0.884766
0 0.437501 0.839843 0.470703 0.839843 0.470703 0.863281 0.437501 0.863281
0 0.544922 0.830078 0.611328 0.830078 0.611328 0.869140 0.544922 0.869140
0 0.699219 0.826172 0.759765 0.826172 0.759765 0.880860 0.699219 0.880860
0 0.636718 0.822265 0.679688 0.822265 0.679688 0.869140 0.636718 0.869140
0 0.841797 0.818360 0.921875 0.818360 0.921875 0.900390 0.841797 0.900390
0 0.376953 0.800781 0.384765 0.800781 0.384765 0.828125 0.376953 0.828125
0 0.205078 0.794922 0.242188 0.794922 0.242188 0.835938 0.205078 0.835938
0 0.417969 0.789062 0.462891 0.789062 0.462891 0.826172 0.417969 0.826172
0 0.816406 0.773437 0.851562 0.773437 0.851562 0.800781 0.816406 0.800781
0 0.333984 0.761718 0.396484 0.761718 0.396484 0.804688 0.333984 0.804688
0 0.646485 0.757813 0.689454 0.757813 0.689454 0.810547 0.646485 0.810547
0 0.421874 0.750000 0.482422 0.750000 0.482422 0.785156 0.421874 0.785156
0 0.962890 0.744141 0.986328 0.744141 0.986328 0.761719 0.962890 0.761719
0 0.757812 0.734376 0.814453 0.734376 0.814453 0.785157 0.757812 0.785157
0 0.134766 0.732422 0.203125 0.732422 0.203125 0.804688 0.134766 0.804688
0 0.929688 0.708985 0.982422 0.708985 0.982422 0.738281 0.929688 0.738281
0 0.679688 0.707031 0.750000 0.707031 0.750000 0.742187 0.679688 0.742187
0 0.248047 0.685547 0.322266 0.685547 0.322266 0.744141 0.248047 0.744141
0 0.951172 0.683593 0.986328 0.683593 0.986328 0.707031 0.951172 0.707031
0 0.429688 0.683594 0.496094 0.683594 0.496094 0.738282 0.429688 0.738282
0 0.556640 0.677735 0.634765 0.677735 0.634765 0.748047 0.556640 0.748047
0 0.031249 0.673828 0.056640 0.673828 0.056640 0.701172 0.031249 0.701172
0 0.390625 0.650391 0.421875 0.650391 0.421875 0.679688 0.390625 0.679688
0 0.636718 0.648438 0.669922 0.648438 0.669922 0.687500 0.636718 0.687500
0 0.300781 0.638672 0.341797 0.638672 0.341797 0.667968 0.300781 0.667968
0 0.341797 0.634766 0.374999 0.634766 0.374999 0.652344 0.341797 0.652344
0 0.990234 0.632812 1.000000 0.632812 1.000000 0.660156 0.990234 0.660156
0 0.144531 0.621094 0.199219 0.621094 0.199219 0.669922 0.144531 0.669922
0 0.925781 0.611328 0.935547 0.611328 0.935547 0.634766 0.925781 0.634766
0 0.791016 0.603516 0.853516 0.603516 0.853516 0.664062 0.791016 0.664062
0 0.509766 0.595703 0.585938 0.595703 0.585938 0.683593 0.509766 0.683593
0 0.449219 0.587890 0.513672 0.587890 0.513672 0.669921 0.449219 0.669921
0 0.015625 0.587891 0.085937 0.587891 0.085937 0.617188 0.015625 0.617188
0 0.095703 0.585938 0.138673 0.585938 0.138673 0.642578 0.095703 0.642578
0 0.939454 0.582031 0.990235 0.582031 0.990235 0.646485 0.939454 0.646485
0 0.861328 0.580078 0.875000 0.580078 0.875000 0.593750 0.861328 0.593750
0 0.386719 0.574218 0.400391 0.574218 0.400391 0.585938 0.386719 0.585938
0 0.265624 0.572265 0.339844 0.572265 0.339844 0.623046 0.265624 0.623046
0 0.890625 0.542969 0.923829 0.542969 0.923829 0.587891 0.890625 0.587891
0 0.394531 0.542969 0.423828 0.542969 0.423828 0.568360 0.394531 0.568360
0 0.806640 0.529297 0.863281 0.529297 0.863281 0.578125 0.806640 0.578125
0 0.289062 0.529297 0.349610 0.529297 0.349610 0.583985 0.289062 0.583985
0 0.351562 0.521485 0.392578 0.521485 0.392578 0.589844 0.351562 0.589844
0 0.537109 0.500000 0.570312 0.500000 0.570312 0.546875 0.537109 0.546875
0 0.091797 0.494140 0.136719 0.494140 0.136719 0.572265 0.091797 0.572265
0 0.212891 0.482422 0.281250 0.482422 0.281250 0.574218 0.212891 0.574218
0 0.593749 0.460938 0.605468 0.460938 0.605468 0.476562 0.593749 0.476562
0 0.101562 0.457031 0.138672 0.457031 0.138672 0.486328 0.101562 0.486328
0 0.000000 0.445312 0.011718 0.445312 0.011718 0.474610 0.000000 0.474610
0 0.699219 0.443360 0.759765 0.443360 0.759765 0.500000 0.699219 0.500000
0 0.708984 0.429687 0.726562 0.429687 0.726562 0.439453 0.708984 0.439453
0 0.955078 0.417969 1.000000 0.417969 1.000000 0.470703 0.955078 0.470703
0 0.353515 0.390625 0.417968 0.390625 0.417968 0.457031 0.353515 0.457031
0 0.136719 0.384766 0.175781 0.384766 0.175781 0.423828 0.136719 0.423828
0 0.773438 0.357422 0.812500 0.357422 0.812500 0.396484 0.773438 0.396484
0 0.964844 0.330078 1.000000 0.330078 1.000000 0.384766 0.964844 0.384766
0 0.472656 0.328125 0.566406 0.328125 0.566406 0.416015 0.472656 0.416015
0 0.710938 0.318359 0.718750 0.318359 0.718750 0.330078 0.710938 0.330078
0 0.070312 0.314453 0.134766 0.314453 0.134766 0.363281 0.070312 0.363281
0 0.425781 0.302735 0.464843 0.302735 0.464843 0.324219 0.425781 0.324219
0 0.068360 0.300782 0.076172 0.300782 0.076172 0.320312 0.068360 0.320312
0 0.884766 0.289062 0.976562 0.289062 0.976562 0.343750 0.884766 0.343750
0 0.701172 0.259765 0.718750 0.259765 0.718750 0.285157 0.701172 0.285157
0 0.273438 0.242187 0.308594 0.242187 0.308594 0.273437 0.273438 0.273437
0 0.060546 0.236328 0.124999 0.236328 0.124999 0.281250 0.060546 0.281250
0 0.873046 0.232422 0.919921 0.232422 0.919921 0.296874 0.873046 0.296874
0 0.666016 0.205077 0.710938 0.205077 0.710938 0.261718 0.666016 0.261718
0 0.281250 0.199219 0.312500 0.199219 0.312500 0.232422 0.281250 0.232422
0 0.451172 0.177735 0.478516 0.177735 0.478516 0.199219 0.451172 0.199219
0 0.855469 0.148438 0.890625 0.148438 0.890625 0.173828 0.855469 0.173828
0 0.449219 0.148438 0.482422 0.148438 0.482422 0.160156 0.449219 0.160156
0 0.378907 0.140625 0.443360 0.140625 0.443360 0.199219 0.378907 0.199219
0 0.107422 0.111328 0.152344 0.111328 0.152344 0.150390 0.107422 0.150390
0 0.000001 0.111329 0.005860 0.111329 0.005860 0.140626 0.000001 0.140626
0 0.464844 0.109374 0.498047 0.109374 0.498047 0.134766 0.464844 0.134766
0 0.509766 0.085938 0.576172 0.085938 0.576172 0.146484 0.509766 0.146484
0 0.935546 0.070313 0.978515 0.070313 0.978515 0.087891 0.935546 0.087891
0 0.568360 0.070313 0.597656 0.070313 0.597656 0.091797 0.568360 0.091797
0 0.685547 0.050781 0.722657 0.050781 0.722657 0.085937 0.685547 0.085937
0 0.726562 0.037110 0.763672 0.037110 0.763672 0.076172 0.726562 0.076172
0 0.287109 0.033203 0.328125 0.033203 0.328125 0.085937 0.287109 0.085937
0 0.871094 0.031250 0.912110 0.031250 0.912110 0.080078 0.871094 0.080078
0 0.753906 0.029296 0.812500 0.029296 0.812500 0.089843 0.753906 0.089843
0 0.230468 0.027344 0.273438 0.027344 0.273438 0.099610 0.230468 0.099610
0 0.671875 0.025391 0.724609 0.025391 0.724609 0.050782 0.671875 0.050782
0 0.835937 0.009766 0.894531 0.009766 0.894531 0.041016 0.835937 0.041016
0 0.947266 0.000000 0.978516 0.000000 0.978516 0.011718 0.947266 0.011718
0 0.494140 0.000000 0.535156 0.000000 0.535156 0.015624 0.494140 0.015624
0 0.412109 0.000000 0.466797 0.000000 0.466797 0.013672 0.412109 0.013672
0 0.265625 0.000000 0.320313 0.000000 0.320313 0.013672 0.265625 0.013672
0 0.207031 0.000000 0.261719 0.000000 0.261719 0.013672 0.207031 0.013672
