0 0.587891 0.951172 0.609375 0.951172 0.609375 0.996094 0.587891 0.996094
0 0.433594 0.951172 0.468750 0.951172 0.468750 1.000000 0.433594 1.000000
0 0.617188 0.949218 0.677734 0.949218 0.677734 0.996093 0.617188 0.996093
0 0.173828 0.947266 0.224610 0.947266 0.224610 1.000000 0.173828 1.000000
0 0.044922 0.945312 0.095702 0.945312 0.095702 0.990234 0.044922 0.990234
0 0.363281 0.937500 0.384765 0.937500 0.384765 0.982422 0.363281 0.982422
0 0.000000 0.937500 0.060547 0.937500 0.060547 1.000000 0.000000 1.000000
0 0.738281 0.933594 0.810547 0.933594 0.810547 0.978516 0.738281 0.978516
0 0.181641 0.902344 0.224609 0.902344 0.224609 0.937500 0.181641 0.937500
0 0.751954 0.882812 0.833985 0.882812 0.833985 0.927734 0.751954 0.927734
0 0.921875 0.875000 0.990235 0.875000 0.990235 0.951172 0.921875 0.951172
0 0.154297 0.859376 0.181641 0.859376 0.181641 0.878907 0.154297 0.878907
0 0.230469 0.849609 0.294922 0.849609 0.294922 0.898437 0.230469 0.898437
0 0.875000 0.847657 0.941406 0.847657 0.941406 0.886719 0.875000 0.886719
0 0.478516 0.841797 0.517578 0.841797 0.517578 0.914063 0.478516 0.914063
0 0.632812 0.837891 0.660156 0.837891 0.660156 0.867188 0.632812 0.867188
0 0.193359 0.837891 0.216797 0.837891 0.216797 0.867188 0.193359 0.867188
0 0.744141 0.832032 0.804688 0.832032 0.804688 0.892578 0.744141 0.892578
0 0.535156 0.824219 0.605468 0.824219 0.605468 0.910157 0.535156 0.910157
0 0.693360 0.816406 0.744140 0.816406 0.744140 0.865234 0.693360 0.865234
0 0.355469 0.814453 0.394531 0.814453 0.394531 0.857422 0.355469 0.857422
0 0.039063 0.791016 0.074219 0.791016 0.074219 0.853516 0.039063 0.853516
0 0.416015 0.781249 0.445312 0.781249 0.445312 0.824218 0.416015 0.824218
0 0.099609 0.777343 0.144531 0.777343 0.144531 0.824218 0.099609 0.824218
0 0.623047 0.775391 0.660157 0.775391 0.660157 0.824219 0.623047 0.824219
0 0.792969 0.750000 0.832031 0.750000 0.832031 0.802734 0.792969 0.802734
0 0.005859 0.748046 0.039062 0.748046 0.039062 0.794921 0.005859 0.794921
0 0.136718 0.746093 0.187500 0.746093 0.187500 0.792968 0.136718 0.792968
0 0.742187 0.742187 0.783203 0.742187 0.783203 0.800781 0.742187 0.800781
0 0.884766 0.712890 0.968750 0.712890 0.968750 0.763671 0.884766 0.763671
0 0.099610 0.710937 0.134766 0.710937 0.134766 0.769531 0.099610 0.769531
0 0.611328 0.705079 0.621094 0.705079 0.621094 0.724610 0.611328 0.724610
0 0.232422 0.705078 0.275391 0.705078 0.275391 0.775390 0.232422 0.775390
0 0.767578 0.699219 0.800782 0.699219 0.800782 0.738281 0.767578 0.738281
0 0.978516 0.697265 1.000000 0.697265 1.000000 0.740235 0.978516 0.740235
0 0.640625 0.693360 0.708985 0.693360 0.708985 0.736329 0.640625 0.736329
0 0.423828 0.685546 0.480468 0.685546 0.480468 0.728515 0.423828 0.728515
0 0.677734 0.667969 0.718750 0.667969 0.718750 0.699219 0.677734 0.699219
0 0.193360 0.666015 0.236328 0.666015 0.236328 0.708985 0.193360 0.708985
0 0.494140 0.662109 0.548828 0.662109 0.548828 0.710937 0.494140 0.710937
0 0.800781 0.656250 0.869140 0.656250 0.869140 0.712890 0.800781 0.712890
0 0.736328 0.654297 0.771484 0.654297 0.771484 0.703125 0.736328 0.703125
0 0.042969 0.652343 0.082031 0.652343 0.082031 0.689453 0.042969 0.689453
0 0.947266 0.644531 1.000000 0.644531 1.000000 0.708985 0.947266 0.708985
0 0.904297 0.644531 0.939453 0.644531 0.939453 0.699219 0.904297 0.699219
0 0.523437 0.617188 0.568359 0.617188 0.568359 0.650391 0.523437 0.650391
0 0.603516 0.613281 0.652344 0.613281 0.652344 0.681640 0.603516 0.681640
0 0.310547 0.611329 0.322266 0.611329 0.322266 0.658204 0.310547 0.658204
0 0.111328 0.607422 0.150390 0.607422 0.150390 0.660156 0.111328 0.660156
0 0.207031 0.595703 0.255859 0.595703 0.255859 0.640625 0.207031 0.640625
0 0.984375 0.576172 1.000000 0.576172 1.000000 0.644532 0.984375 0.644532
0 0.718751 0.570312 0.769532 0.570312 0.769532 0.599609 0.718751 0.599609
0 0.134766 0.564453 0.150391 0.564453 0.150391 0.585937 0.134766 0.585937
0 0.425781 0.556640 0.464843 0.556640 0.464843 0.603515 0.425781 0.603515
0 0.371094 0.548829 0.421874 0.548829 0.421874 0.599610 0.371094 0.599610
0 0.218750 0.548829 0.267578 0.548829 0.267578 0.564454 0.218750 0.564454
0 0.654297 0.542969 0.705078 0.542969 0.705078 0.613281 0.654297 0.613281
0 0.306640 0.517579 0.318360 0.517579 0.318360 0.537110 0.306640 0.537110
0 0.458984 0.511718 0.486328 0.511718 0.486328 0.548828 0.458984 0.548828
0 0.271484 0.498047 0.302734 0.498047 0.302734 0.533203 0.271484 0.533203
0 0.316407 0.480469 0.349610 0.480469 0.349610 0.499999 0.316407 0.499999
0 0.000000 0.472657 0.017578 0.472657 0.017578 0.523438 0.000000 0.523438
0 0.703125 0.470703 0.763671 0.470703 0.763671 0.533203 0.703125 0.533203
0 0.162109 0.466797 0.181641 0.466797 0.181641 0.529297 0.162109 0.529297
0 0.011719 0.462891 0.054688 0.462891 0.054688 0.515625 0.011719 0.515625
0 0.500000 0.453124 0.535156 0.453124 0.535156 0.496094 0.500000 0.496094
0 0.203125 0.453124 0.240234 0.453124 0.240234 0.496094 0.203125 0.496094
0 0.960938 0.451172 1.000000 0.451172 1.000000 0.550782 0.960938 0.550782
0 0.177735 0.451172 0.199219 0.451172 0.199219 0.464844 0.177735 0.464844
0 0.109375 0.449219 0.146484 0.449219 0.146484 0.511719 0.109375 0.511719
0 0.255860 0.429688 0.306640 0.429688 0.306640 0.482422 0.255860 0.482422
0 0.433594 0.425782 0.482422 0.425782 0.482422 0.513672 0.433594 0.513672
0 0.013671 0.414062 0.056640 0.414062 0.056640 0.455078 0.013671 0.455078
0 0.335938 0.406250 0.353516 0.406250 0.353516 0.447266 0.335938 0.447266
0 0.941407 0.384766 0.970703 0.384766 0.970703 0.406250 0.941407 0.406250
0 0.378906 0.384765 0.406250 0.384765 0.406250 0.427735 0.378906 0.427735
0 0.285156 0.378906 0.312500 0.378906 0.312500 0.423828 0.285156 0.423828
0 0.583984 0.375000 0.648438 0.375000 0.648438 0.441406 0.583984 0.441406
0 0.482422 0.371093 0.527344 0.371093 0.527344 0.427735 0.482422 0.427735
0 0.087890 0.363281 0.128906 0.363281 0.128906 0.437501 0.087890 0.437501
0 0.181641 0.361328 0.240235 0.361328 0.240235 0.425781 0.181641 0.425781
0 0.125000 0.361327 0.169922 0.361327 0.169922 0.404297 0.125000 0.404297
0 0.990234 0.341796 1.000000 0.341796 1.000000 0.367188 0.990234 0.367188
0 0.892578 0.339844 0.966797 0.339844 0.966797 0.386719 0.892578 0.386719
0 0.802734 0.326172 0.882812 0.326172 0.882812 0.390624 0.802734 0.390624
0 0.789062 0.322266 0.816406 0.322266 0.816406 0.367188 0.789062 0.367188
0 0.732422 0.318360 0.759766 0.318360 0.759766 0.357422 0.732422 0.357422
0 0.529297 0.308594 0.595703 0.308594 0.595703 0.357422 0.529297 0.357422
0 0.146484 0.304688 0.183593 0.304688 0.183593 0.347657 0.146484 0.347657
0 0.091797 0.292968 0.136719 0.292968 0.136719 0.330078 0.091797 0.330078
0 0.023438 0.287109 0.072266 0.287109 0.072266 0.341797 0.023438 0.341797
0 0.289062 0.281250 0.316406 0.281250 0.316406 0.304688 0.289062 0.304688
0 0.908204 0.273438 0.937500 0.273438 0.937500 0.294922 0.908204 0.294922
0 0.619140 0.273438 0.666015 0.273438 0.666015 0.333985 0.619140 0.333985
0 0.158203 0.242188 0.224609 0.242188 0.224609 0.298829 0.158203 0.298829
0 0.072266 0.224610 0.132812 0.224610 0.132812 0.267578 0.072266 0.267578
0 0.460937 0.203125 0.492187 0.203125 0.492187 0.261719 0.460937 0.261719
0 0.835938 0.201172 0.916016 0.201172 0.916016 0.244140 0.835938 0.244140
0 0.250000 0.201172 0.292969 0.201172 0.292969 0.236328 0.250000 0.236328
0 0.652344 0.195312 0.705078 0.195312 0.705078 0.263672 0.652344 0.263672
0 0.707031 0.185548 0.779297 0.185548 0.779297 0.253907 0.707031 0.253907
0 0.023438 0.173828 0.062500 0.173828 0.062500 0.242188 0.023438 0.242188
0 0.544922 0.171875 0.585938 0.171875 0.585938 0.234375 0.544922 0.234375
0 0.324219 0.171876 0.345703 0.171876 0.345703 0.236328 0.324219 0.236328
0 0.441406 0.166015 0.470703 0.166015 0.470703 0.185547 0.441406 0.185547
0 0.050781 0.148438 0.082031 0.148438 0.082031 0.212890 0.050781 0.212890
0 0.146484 0.140625 0.218750 0.140625 0.218750 0.216797 0.146484 0.216797
0 0.085938 0.136718 0.115234 0.136718 0.115234 0.205077 0.085938 0.205077
0 0.373047 0.119141 0.400391 0.119141 0.400391 0.150391 0.373047 0.150391
0 0.126953 0.119140 0.167969 0.119140 0.167969 0.142578 0.126953 0.142578
0 0.560547 0.107422 0.667969 0.107422 0.667969 0.169922 0.560547 0.169922
0 0.242188 0.107422 0.285157 0.107422 0.285157 0.179688 0.242188 0.179688
0 0.000000 0.107422 0.033203 0.107422 0.033203 0.156250 0.000000 0.156250
0 0.443359 0.093750 0.498047 0.093750 0.498047 0.160156 0.443359 0.160156
0 0.414063 0.091797 0.431641 0.091797 0.431641 0.119141 0.414063 0.119141
0 0.287109 0.089844 0.353515 0.089844 0.353515 0.162110 0.287109 0.162110
0 0.603515 0.083985 0.724609 0.083985 0.724609 0.152344 0.603515 0.152344
0 0.000001 0.072265 0.046876 0.072265 0.046876 0.105469 0.000001 0.105469
0 0.140625 0.070313 0.228516 0.070313 0.228516 0.136719 0.140625 0.136719
0 0.859375 0.068359 0.929687 0.068359 0.929687 0.123047 0.859375 0.123047
0 0.376953 0.064453 0.425781 0.064453 0.425781 0.105469 0.376953 0.105469
0 0.322266 0.064453 0.373047 0.064453 0.373047 0.113281 0.322266 0.113281
0 0.746094 0.058594 0.771485 0.058594 0.771485 0.078124 0.746094 0.078124
0 0.263672 0.041015 0.296874 0.041015 0.296874 0.082031 0.263672 0.082031
0 0.142578 0.023437 0.187500 0.023437 0.187500 0.064453 0.142578 0.064453
0 0.689453 0.021484 0.732422 0.021484 0.732422 0.083984 0.689453 0.083984
0 0.869140 0.000000 0.910156 0.000000 0.910156 0.037110 0.869140 0.037110
0 0.830078 0.000001 0.865234 0.000001 0.865234 0.050782 0.830078 0.050782
0 0.767578 0.000000 0.810547 0.000000 0.810547 0.035156 0.767578 0.035156
0 0.617188 0.000000 0.650391 0.000000 0.650391 0.017578 0.617188 0.017578
0 0.546876 0.000000 0.597657 0.000000 0.597657 0.021484 0.546876 0.021484
0 0.402344 0.000000 0.455078 0.000000 0.455078 0.042968 0.402344 0.042968
0 0.308594 0.000000 0.341797 0.000000 0.341797 0.009766 0.308594 0.009766
0 0.130860 0.000000 0.205078 0.000000 0.205078 0.017578 0.130860 0.017578
0 0.046875 0.000000 0.099609 0.000000 0.099609 0.031250 0.046875 0.031250
