0 0.874999 0.990234 0.886718 0.990234 0.886718 1.000000 0.874999 1.000000
0 0.564453 0.990234 0.591797 0.990234 0.591797 1.000000 0.564453 1.000000
0 0.902343 0.978516 0.945312 0.978516 0.945312 1.000000 0.902343 1.000000
0 0.105469 0.974610 0.134766 0.974610 0.134766 0.996094 0.105469 0.996094
0 0.023438 0.974610 0.103516 0.974610 0.103516 1.000000 0.023438 1.000000
0 0.193359 0.958984 0.238281 0.958984 0.238281 0.976562 0.193359 0.976562
0 0.943359 0.947265 0.966797 0.947265 0.966797 0.988281 0.943359 0.988281
0 0.000000 0.945312 0.056640 0.945312 0.056640 0.988282 0.000000 0.988282
0 0.115234 0.941406 0.162109 0.941406 0.162109 0.964844 0.115234 0.964844
0 0.882812 0.939453 0.912109 0.939453 0.912109 0.957031 0.882812 0.957031
0 0.828125 0.935547 0.859375 0.935547 0.859375 0.980469 0.828125 0.980469
0 0.845704 0.927734 0.875000 0.927734 0.875000 0.955078 0.845704 0.955078
0 0.617188 0.927735 0.714844 0.927735 0.714844 0.980469 0.617188 0.980469
0 0.955078 0.925781 0.976562 0.925781 0.976562 0.953125 0.955078 0.953125
0 0.556641 0.925782 0.609375 0.925782 0.609375 0.955078 0.556641 0.955078
0 0.146484 0.921875 0.222656 0.921875 0.222656 0.980469 0.146484 0.980469
0 0.402344 0.916016 0.447266 0.916016 0.447266 0.964844 0.402344 0.964844
0 0.908203 0.914062 0.925781 0.914062 0.925781 0.933593 0.908203 0.933593
0 0.716797 0.904297 0.765625 0.904297 0.765625 0.986328 0.716797 0.986328
0 0.662110 0.900390 0.669922 0.900390 0.669922 0.916015 0.662110 0.916015
0 0.035156 0.900390 0.166015 0.900390 0.166015 0.951171 0.035156 0.951171
0 0.515625 0.896485 0.544921 0.896485 0.544921 0.912110 0.515625 0.912110
0 0.361328 0.896484 0.406250 0.896484 0.406250 0.937500 0.361328 0.937500
0 0.957031 0.894532 0.970703 0.894532 0.970703 0.910157 0.957031 0.910157
0 0.554688 0.882812 0.589844 0.882812 0.589844 0.916016 0.554688 0.916016
0 0.876953 0.875000 0.898437 0.875000 0.898437 0.900390 0.876953 0.900390
0 0.000000 0.871093 0.023438 0.871093 0.023438 0.894531 0.000000 0.894531
0 0.832031 0.869141 0.873047 0.869141 0.873047 0.904297 0.832031 0.904297
0 0.169922 0.869141 0.214844 0.869141 0.214844 0.908203 0.169922 0.908203
0 0.599609 0.867188 0.662109 0.867188 0.662109 0.919922 0.599609 0.919922
0 0.074219 0.867187 0.146485 0.867187 0.146485 0.894531 0.074219 0.894531
0 0.726563 0.863281 0.761719 0.863281 0.761719 0.894531 0.726563 0.894531
0 0.226562 0.863281 0.277343 0.863281 0.277343 0.912109 0.226562 0.912109
0 0.000000 0.861328 0.011718 0.861328 0.011718 0.878906 0.000000 0.878906
0 0.761718 0.855468 0.816406 0.855468 0.816406 0.986328 0.761718 0.986328
0 0.666016 0.845703 0.701172 0.845703 0.701172 0.894531 0.666016 0.894531
0 0.416016 0.845704 0.478516 0.845704 0.478516 0.892579 0.416016 0.892579
0 0.343750 0.845703 0.406250 0.845703 0.406250 0.880859 0.343750 0.880859
0 0.599609 0.839843 0.623047 0.839843 0.623047 0.859374 0.599609 0.859374
0 0.720703 0.837890 0.742187 0.837890 0.742187 0.853515 0.720703 0.853515
0 0.482422 0.835938 0.541016 0.835938 0.541016 0.875000 0.482422 0.875000
0 0.982422 0.833985 1.000000 0.833985 1.000000 0.871094 0.982422 0.871094
0 0.000000 0.833984 0.025390 0.833984 0.025390 0.847656 0.000000 0.847656
0 0.263672 0.830078 0.335938 0.830078 0.335938 0.863282 0.263672 0.863282
0 0.125000 0.818360 0.171875 0.818360 0.171875 0.837890 0.125000 0.837890
0 0.910157 0.808594 0.957032 0.808594 0.957032 0.849610 0.910157 0.849610
0 0.349609 0.804688 0.425781 0.804688 0.425781 0.843750 0.349609 0.843750
0 0.437499 0.802734 0.462891 0.802734 0.462891 0.830078 0.437499 0.830078
0 0.964844 0.800782 1.000000 0.800782 1.000000 0.816407 0.964844 0.816407
0 0.167969 0.796875 0.179688 0.796875 0.179688 0.804687 0.167969 0.804687
0 0.181640 0.792968 0.253906 0.792968 0.253906 0.839843 0.181640 0.839843
0 0.000000 0.792969 0.029296 0.792969 0.029296 0.814453 0.000000 0.814453
0 0.539062 0.781250 0.617188 0.781250 0.617188 0.835938 0.539062 0.835938
0 0.050781 0.779297 0.068359 0.779297 0.068359 0.789063 0.050781 0.789063
0 0.943359 0.773437 0.974609 0.773437 0.974609 0.845703 0.943359 0.845703
0 0.347656 0.771485 0.376953 0.771485 0.376953 0.796875 0.347656 0.796875
0 0.080078 0.771484 0.121094 0.771484 0.121094 0.794922 0.080078 0.794922
0 0.728516 0.769532 0.763672 0.769532 0.763672 0.820312 0.728516 0.820312
0 0.255859 0.763671 0.298828 0.763671 0.298828 0.796875 0.255859 0.796875
0 0.439453 0.755859 0.496093 0.755859 0.496093 0.814453 0.439453 0.814453
0 0.765625 0.753906 0.806641 0.753906 0.806641 0.781250 0.765625 0.781250
0 0.814453 0.750000 0.966797 0.750000 0.966797 0.890625 0.814453 0.890625
0 0.558594 0.750000 0.634766 0.750000 0.634766 0.798828 0.558594 0.798828
0 0.000000 0.742187 0.058594 0.742187 0.058594 0.773437 0.000000 0.773437
0 0.671875 0.740235 0.724609 0.740235 0.724609 0.769531 0.671875 0.769531
0 0.173828 0.736329 0.222656 0.736329 0.222656 0.765625 0.173828 0.765625
0 0.382812 0.730469 0.425782 0.730469 0.425782 0.791015 0.382812 0.791015
0 0.351562 0.730469 0.376954 0.730469 0.376954 0.761719 0.351562 0.761719
0 0.593750 0.722657 0.619140 0.722657 0.619140 0.748047 0.593750 0.748047
0 0.712890 0.720703 0.763671 0.720703 0.763671 0.746093 0.712890 0.746093
0 0.273438 0.716797 0.343750 0.716797 0.343750 0.783203 0.273438 0.783203
0 0.759766 0.714843 0.820312 0.714843 0.820312 0.751953 0.759766 0.751953
0 0.000000 0.714844 0.025390 0.714844 0.025390 0.750000 0.000000 0.750000
0 0.894532 0.712891 0.945312 0.712891 0.945312 0.761719 0.894532 0.761719
0 0.976562 0.707031 1.000000 0.707031 1.000000 0.746093 0.976562 0.746093
0 0.359375 0.707031 0.390625 0.707031 0.390625 0.728515 0.359375 0.728515
0 0.207032 0.707031 0.244141 0.707031 0.244141 0.730469 0.207032 0.730469
0 0.154297 0.707031 0.181641 0.707031 0.181641 0.744140 0.154297 0.744140
0 0.074219 0.705078 0.144531 0.705078 0.144531 0.761718 0.074219 0.761718
0 0.826172 0.703125 0.853516 0.703125 0.853516 0.730469 0.826172 0.730469
0 0.400390 0.701172 0.441406 0.701172 0.441406 0.738282 0.400390 0.738282
0 0.708984 0.695312 0.773438 0.695312 0.773438 0.718750 0.708984 0.718750
0 0.951171 0.689453 0.984375 0.689453 0.984375 0.791015 0.951171 0.791015
0 0.054688 0.681641 0.107422 0.681641 0.107422 0.720703 0.054688 0.720703
0 0.460937 0.677735 0.505859 0.677735 0.505859 0.720704 0.460937 0.720704
0 0.287110 0.677735 0.322266 0.677735 0.322266 0.720704 0.287110 0.720704
0 0.150390 0.666016 0.177734 0.666016 0.177734 0.697266 0.150390 0.697266
0 0.187500 0.660156 0.218750 0.660156 0.218750 0.693360 0.187500 0.693360
0 0.521485 0.656250 0.595704 0.656250 0.595704 0.732422 0.521485 0.732422
0 0.695313 0.654297 0.824219 0.654297 0.824219 0.705078 0.695313 0.705078
0 0.630860 0.652344 0.669922 0.652344 0.669922 0.697266 0.630860 0.697266
0 0.330078 0.642578 0.375000 0.642578 0.375000 0.667968 0.330078 0.667968
0 0.648438 0.638672 0.685547 0.638672 0.685547 0.677734 0.648438 0.677734
0 0.583985 0.636718 0.630860 0.636718 0.630860 0.683593 0.583985 0.683593
0 0.062500 0.636719 0.107422 0.636719 0.107422 0.689453 0.062500 0.689453
0 0.697265 0.634765 0.753906 0.634765 0.753906 0.658203 0.697265 0.658203
0 0.783203 0.628906 0.828125 0.628906 0.828125 0.656250 0.783203 0.656250
0 0.023438 0.626954 0.074219 0.626954 0.074219 0.673829 0.023438 0.673829
0 0.755860 0.625000 0.781250 0.625000 0.781250 0.638672 0.755860 0.638672
0 0.427735 0.625000 0.509765 0.625000 0.509765 0.687500 0.427735 0.687500
0 0.367188 0.621094 0.388672 0.621094 0.388672 0.638672 0.367188 0.638672
0 0.666015 0.619140 0.691406 0.619140 0.691406 0.646484 0.666015 0.646484
0 0.904296 0.617188 0.951171 0.617188 0.951171 0.652344 0.904296 0.652344
0 0.119141 0.615235 0.199219 0.615235 0.199219 0.666015 0.119141 0.666015
0 0.835938 0.611328 0.884766 0.611328 0.884766 0.650390 0.835938 0.650390
0 0.617187 0.605469 0.648437 0.605469 0.648437 0.630860 0.617187 0.630860
0 0.273438 0.603516 0.337890 0.603516 0.337890 0.652344 0.273438 0.652344
0 0.029297 0.603516 0.066407 0.603516 0.066407 0.625000 0.029297 0.625000
0 0.349609 0.601562 0.375001 0.601562 0.375001 0.621093 0.349609 0.621093
0 0.085937 0.595703 0.140625 0.595703 0.140625 0.623047 0.085937 0.623047
0 0.476562 0.580078 0.589843 0.580078 0.589843 0.625000 0.476562 0.625000
0 0.931640 0.578125 1.000000 0.578125 1.000000 0.630859 0.931640 0.630859
0 0.783203 0.578125 0.824219 0.578125 0.824219 0.615235 0.783203 0.615235
0 0.580078 0.574219 0.654297 0.574219 0.654297 0.603515 0.580078 0.603515
0 0.031250 0.572266 0.054688 0.572266 0.054688 0.593750 0.031250 0.593750
0 0.494141 0.564453 0.511719 0.564453 0.511719 0.576172 0.494141 0.576172
0 0.345703 0.562500 0.427734 0.562500 0.427734 0.607422 0.345703 0.607422
0 0.246094 0.562500 0.300782 0.562500 0.300782 0.591796 0.246094 0.591796
0 0.119140 0.562500 0.236328 0.562500 0.236328 0.599610 0.119140 0.599610
0 0.183593 0.556640 0.208984 0.556640 0.208984 0.568360 0.183593 0.568360
0 0.404297 0.550781 0.443359 0.550781 0.443359 0.574219 0.404297 0.574219
0 0.095703 0.548828 0.123047 0.548828 0.123047 0.562500 0.095703 0.562500
0 0.000000 0.546875 0.027344 0.546875 0.027344 0.654297 0.000000 0.654297
0 0.283203 0.542969 0.339843 0.542969 0.339843 0.582031 0.283203 0.582031
0 0.958984 0.535157 1.000000 0.535157 1.000000 0.591797 0.958984 0.591797
0 0.437499 0.535157 0.462891 0.535157 0.462891 0.546876 0.437499 0.546876
0 0.642578 0.531250 0.779297 0.531250 0.779297 0.626954 0.642578 0.626954
0 0.908203 0.529296 0.964843 0.529296 0.964843 0.572265 0.908203 0.572265
0 0.126953 0.529297 0.187501 0.529297 0.187501 0.556641 0.126953 0.556641
0 0.011718 0.525390 0.066406 0.525390 0.066406 0.566406 0.011718 0.566406
0 0.322265 0.519531 0.359375 0.519531 0.359375 0.541015 0.322265 0.541015
0 0.763672 0.515625 0.781250 0.515625 0.781250 0.529297 0.763672 0.529297
0 0.109374 0.515625 0.138672 0.515625 0.138672 0.539063 0.109374 0.539063
0 0.605468 0.513672 0.617188 0.513672 0.617188 0.527344 0.605468 0.527344
0 0.068359 0.511719 0.101562 0.511719 0.101562 0.535157 0.068359 0.535157
0 0.322265 0.494140 0.351562 0.494140 0.351562 0.513671 0.322265 0.513671
0 0.539062 0.488281 0.580078 0.488281 0.580078 0.541015 0.539062 0.541015
0 0.644531 0.486328 0.667969 0.486328 0.667969 0.505860 0.644531 0.505860
0 0.380859 0.484376 0.460937 0.484376 0.460937 0.535157 0.380859 0.535157
0 0.220702 0.478516 0.277343 0.478516 0.277343 0.513672 0.220702 0.513672
0 0.115235 0.476562 0.179688 0.476562 0.179688 0.513671 0.115235 0.513671
0 0.751953 0.474610 0.791015 0.474610 0.791015 0.509766 0.751953 0.509766
0 0.041016 0.462891 0.066407 0.462891 0.066407 0.521485 0.041016 0.521485
0 0.871094 0.453125 0.933594 0.453125 0.933594 0.515625 0.871094 0.515625
0 0.960938 0.451173 1.000000 0.451173 1.000000 0.533204 0.960938 0.533204
0 0.808594 0.441406 0.847656 0.441406 0.847656 0.500000 0.808594 0.500000
0 0.687500 0.437500 0.726562 0.437500 0.726562 0.494140 0.687500 0.494140
0 0.476563 0.437500 0.546875 0.437500 0.546875 0.503906 0.476563 0.503906
0 0.181641 0.429688 0.214843 0.429688 0.214843 0.466796 0.181641 0.466796
0 0.076172 0.429688 0.107422 0.429688 0.107422 0.451172 0.076172 0.451172
0 0.386719 0.425782 0.449219 0.425782 0.449219 0.462890 0.386719 0.462890
0 0.126953 0.421874 0.156251 0.421874 0.156251 0.447266 0.126953 0.447266
0 0.000000 0.419922 0.017578 0.419922 0.017578 0.515625 0.000000 0.515625
0 0.576172 0.417969 0.632812 0.417969 0.632812 0.494141 0.576172 0.494141
0 0.361328 0.416016 0.390626 0.416016 0.390626 0.451172 0.361328 0.451172
0 0.242188 0.414062 0.357422 0.414062 0.357422 0.470704 0.242188 0.470704
0 0.140625 0.412110 0.164063 0.412110 0.164063 0.431640 0.140625 0.431640
0 0.451172 0.396484 0.505860 0.396484 0.505860 0.437500 0.451172 0.437500
0 0.714843 0.392578 0.820312 0.392578 0.820312 0.447266 0.714843 0.447266
0 0.906250 0.382813 0.968750 0.382813 0.968750 0.466797 0.906250 0.466797
0 0.308594 0.375001 0.386719 0.375001 0.386719 0.408203 0.308594 0.408203
0 0.234375 0.371093 0.292969 0.371093 0.292969 0.408203 0.234375 0.408203
0 0.863281 0.367188 0.884765 0.367188 0.884765 0.396485 0.863281 0.396485
0 0.703125 0.359375 0.738281 0.359375 0.738281 0.380859 0.703125 0.380859
0 0.396485 0.355468 0.449219 0.355468 0.449219 0.416015 0.396485 0.416015
0 0.093750 0.353516 0.132812 0.353516 0.132812 0.419922 0.093750 0.419922
0 0.771484 0.339844 0.785156 0.339844 0.785156 0.390624 0.771484 0.390624
0 0.212890 0.339843 0.263672 0.339843 0.263672 0.382812 0.212890 0.382812
0 0.146484 0.337891 0.208984 0.337891 0.208984 0.359375 0.146484 0.359375
0 0.490235 0.330078 0.591797 0.330078 0.591797 0.382812 0.490235 0.382812
0 0.332031 0.324218 0.367187 0.324218 0.367187 0.353515 0.332031 0.353515
0 0.349610 0.312499 0.388672 0.312499 0.388672 0.341797 0.349610 0.341797
0 0.193359 0.312500 0.318359 0.312500 0.318359 0.351562 0.193359 0.351562
0 0.003906 0.300781 0.089844 0.300781 0.089844 0.398437 0.003906 0.398437
0 0.751954 0.296874 0.781250 0.296874 0.781250 0.326172 0.751954 0.326172
0 0.658203 0.294922 0.724609 0.294922 0.724609 0.388672 0.658203 0.388672
0 0.947266 0.289062 1.000000 0.289062 1.000000 0.406250 0.947266 0.406250
0 0.402344 0.289063 0.443360 0.289063 0.443360 0.324219 0.402344 0.324219
0 0.460938 0.285156 0.496094 0.285156 0.496094 0.328126 0.460938 0.328126
0 0.847656 0.279297 0.902344 0.279297 0.902344 0.359375 0.847656 0.359375
0 0.615235 0.275391 0.689454 0.275391 0.689454 0.351563 0.615235 0.351563
0 0.177734 0.275390 0.228516 0.275390 0.228516 0.316406 0.177734 0.316406
0 0.000001 0.273438 0.019532 0.273438 0.019532 0.308594 0.000001 0.308594
0 0.580078 0.267578 0.615234 0.267578 0.615234 0.298828 0.580078 0.298828
0 0.109375 0.261718 0.166016 0.261718 0.166016 0.316406 0.109375 0.316406
0 0.404297 0.259766 0.431641 0.259766 0.431641 0.281250 0.404297 0.281250
0 0.271485 0.257812 0.384765 0.257812 0.384765 0.302734 0.271485 0.302734
0 0.472656 0.253906 0.542968 0.253906 0.542968 0.294922 0.472656 0.294922
0 0.062500 0.251953 0.115234 0.251953 0.115234 0.312501 0.062500 0.312501
0 0.050782 0.249999 0.058594 0.249999 0.058594 0.265624 0.050782 0.265624
0 0.541016 0.230469 0.572266 0.230469 0.572266 0.277344 0.541016 0.277344
0 0.273438 0.228516 0.386718 0.228516 0.386718 0.267578 0.273438 0.267578
0 0.755859 0.226562 0.779297 0.226562 0.779297 0.259765 0.755859 0.259765
0 0.812500 0.220703 0.880860 0.220703 0.880860 0.255859 0.812500 0.255859
0 0.484375 0.220703 0.537109 0.220703 0.537109 0.269531 0.484375 0.269531
0 0.000000 0.216798 0.011718 0.216798 0.011718 0.253907 0.000000 0.253907
0 0.187500 0.214843 0.265625 0.214843 0.265625 0.261718 0.187500 0.261718
0 0.634765 0.210938 0.675781 0.210938 0.675781 0.253906 0.634765 0.253906
0 0.947266 0.203125 0.996094 0.203125 0.996094 0.242187 0.947266 0.242187
0 0.851562 0.201172 0.884766 0.201172 0.884766 0.230469 0.851562 0.230469
0 0.666016 0.199219 0.777344 0.199219 0.777344 0.234375 0.666016 0.234375
0 0.050781 0.199219 0.097656 0.199219 0.097656 0.240235 0.050781 0.240235
0 0.261719 0.197265 0.289063 0.197265 0.289063 0.220703 0.261719 0.220703
0 0.785156 0.193360 0.818360 0.193360 0.818360 0.214844 0.785156 0.214844
0 0.164063 0.191406 0.185547 0.191406 0.185547 0.222656 0.164063 0.222656
0 0.982422 0.183593 1.000000 0.183593 1.000000 0.212891 0.982422 0.212891
0 0.406250 0.183594 0.462890 0.183594 0.462890 0.259766 0.406250 0.259766
0 0.568360 0.179688 0.638672 0.179688 0.638672 0.248047 0.568360 0.248047
0 0.306641 0.175781 0.351563 0.175781 0.351563 0.236328 0.306641 0.236328
0 0.794922 0.169922 0.865234 0.169922 0.865234 0.187500 0.794922 0.187500
0 0.126953 0.167969 0.150391 0.167969 0.150391 0.199219 0.126953 0.199219
0 0.013672 0.166016 0.035156 0.166016 0.035156 0.191407 0.013672 0.191407
0 0.785156 0.160156 0.830078 0.160156 0.830078 0.169922 0.785156 0.169922
0 0.220703 0.154297 0.257812 0.154297 0.257812 0.173828 0.220703 0.173828
0 0.093750 0.154297 0.117188 0.154297 0.117188 0.171875 0.093750 0.171875
0 0.175781 0.142578 0.214843 0.142578 0.214843 0.197266 0.175781 0.197266
0 0.423828 0.138672 0.462890 0.138672 0.462890 0.171874 0.423828 0.171874
0 0.052735 0.138672 0.078126 0.138672 0.078126 0.164062 0.052735 0.164062
0 0.929687 0.136719 0.984375 0.136719 0.984375 0.195313 0.929687 0.195313
0 0.367188 0.136719 0.400390 0.136719 0.400390 0.169922 0.367188 0.169922
0 0.337891 0.136718 0.386719 0.136718 0.386719 0.187500 0.337891 0.187500
0 0.087890 0.130860 0.111328 0.130860 0.111328 0.152344 0.087890 0.152344
0 0.580078 0.126953 0.613282 0.126953 0.613282 0.158203 0.580078 0.158203
0 0.734375 0.123047 0.761719 0.123047 0.761719 0.152344 0.734375 0.152344
0 0.492187 0.121094 0.523437 0.121094 0.523437 0.142578 0.492187 0.142578
0 0.517578 0.119141 0.576172 0.119141 0.576172 0.166016 0.517578 0.166016
0 0.000000 0.119141 0.039062 0.119141 0.039062 0.150391 0.000000 0.150391
0 0.138672 0.109374 0.167969 0.109374 0.167969 0.138672 0.138672 0.138672
0 0.748047 0.099610 0.771485 0.099610 0.771485 0.121094 0.748047 0.121094
0 0.826172 0.097656 0.875000 0.097656 0.875000 0.138672 0.826172 0.138672
0 0.199219 0.095703 0.351563 0.095703 0.351563 0.158203 0.199219 0.158203
0 0.777343 0.083985 0.820312 0.083985 0.820312 0.136719 0.777343 0.136719
0 0.031249 0.083985 0.087890 0.083985 0.087890 0.121094 0.031249 0.121094
0 0.914062 0.080078 0.947266 0.080078 0.947266 0.113282 0.914062 0.113282
0 0.167969 0.078125 0.210938 0.078125 0.210938 0.109375 0.167969 0.109375
0 0.390625 0.076172 0.421875 0.076172 0.421875 0.128906 0.390625 0.128906
0 0.871094 0.074219 0.896485 0.074219 0.896485 0.119141 0.871094 0.119141
0 0.259766 0.074219 0.304688 0.074219 0.304688 0.091797 0.259766 0.091797
0 0.958984 0.070313 0.990234 0.070313 0.990234 0.150391 0.958984 0.150391
0 0.712891 0.068360 0.771485 0.068360 0.771485 0.146485 0.712891 0.146485
0 0.472656 0.064453 0.527344 0.064453 0.527344 0.117187 0.472656 0.117187
0 0.017578 0.052735 0.035156 0.052735 0.035156 0.078126 0.017578 0.078126
0 0.972656 0.048828 1.000000 0.048828 1.000000 0.074219 0.972656 0.074219
0 0.548828 0.046874 0.589844 0.046874 0.589844 0.093749 0.548828 0.093749
0 0.449218 0.029297 0.478515 0.029297 0.478515 0.054688 0.449218 0.054688
0 0.855468 0.025391 0.888672 0.025391 0.888672 0.056641 0.855468 0.056641
0 0.482422 0.019532 0.552734 0.019532 0.552734 0.056641 0.482422 0.056641
0 0.701172 0.017578 0.746094 0.017578 0.746094 0.056640 0.701172 0.056640
0 0.900390 0.011719 0.919921 0.011719 0.919921 0.046875 0.900390 0.046875
0 0.945312 0.000000 0.972656 0.000000 0.972656 0.044922 0.945312 0.044922
0 0.937500 0.000000 0.947266 0.000000 0.947266 0.007812 0.937500 0.007812
0 0.878907 0.000000 0.898438 0.000000 0.898438 0.015624 0.878907 0.015624
0 0.847656 0.000000 0.875000 0.000000 0.875000 0.023438 0.847656 0.023438
0 0.769532 0.000000 0.781251 0.000000 0.781251 0.015624 0.769532 0.015624
0 0.644532 0.000000 0.664062 0.000000 0.664062 0.009766 0.644532 0.009766
0 0.621094 0.000001 0.660156 0.000001 0.660156 0.050782 0.621094 0.050782
0 0.398438 0.000000 0.460938 0.000000 0.460938 0.107422 0.398438 0.107422
0 0.302734 0.000000 0.347656 0.000000 0.347656 0.039062 0.302734 0.039062
0 0.271484 0.000000 0.326172 0.000000 0.326172 0.056640 0.271484 0.056640
0 0.158203 0.000000 0.259765 0.000000 0.259765 0.070312 0.158203 0.070312
0 0.041015 0.000000 0.160156 0.000000 0.160156 0.105468 0.041015 0.105468
