0 0.425781 0.992188 0.437501 0.992188 0.437501 1.000000 0.425781 1.000000
0 0.382812 0.992188 0.392578 0.992188 0.392578 1.000000 0.382812 1.000000
0 0.402344 0.990234 0.412110 0.990234 0.412110 1.000000 0.402344 1.000000
0 0.345703 0.984375 0.363281 0.984375 0.363281 1.000000 0.345703 1.000000
0 0.916016 0.966796 0.947266 0.966796 0.947266 1.000000 0.916016 1.000000
0 0.919922 0.943359 0.929688 0.943359 0.929688 0.960937 0.919922 0.960937
0 0.091798 0.912109 0.128907 0.912109 0.128907 0.978515 0.091798 0.978515
0 0.333984 0.908203 0.369140 0.908203 0.369140 0.980469 0.333984 0.980469
0 0.769532 0.894532 0.812501 0.894532 0.812501 0.937501 0.769532 0.937501
0 0.708985 0.894531 0.755860 0.894531 0.755860 0.939453 0.708985 0.939453
0 0.625000 0.882812 0.705078 0.882812 0.705078 0.982422 0.625000 0.982422
0 0.003907 0.875000 0.082032 0.875000 0.082032 1.000000 0.003907 1.000000
0 0.208985 0.867188 0.251953 0.867188 0.251953 0.917968 0.208985 0.917968
0 0.609375 0.859375 0.666015 0.859375 0.666015 0.916015 0.609375 0.916015
0 0.392578 0.857422 0.458984 0.857422 0.458984 0.957032 0.392578 0.957032
0 0.521485 0.853516 0.599610 0.853516 0.599610 0.945312 0.521485 0.945312
0 0.222657 0.841796 0.234375 0.841796 0.234375 0.857421 0.222657 0.857421
0 0.101562 0.839844 0.179688 0.839844 0.179688 0.919922 0.101562 0.919922
0 0.193359 0.837890 0.220703 0.837890 0.220703 0.871094 0.193359 0.871094
0 0.750000 0.824218 0.804688 0.824218 0.804688 0.874999 0.750000 0.874999
0 0.755859 0.785156 0.779297 0.785156 0.779297 0.806640 0.755859 0.806640
0 0.445312 0.734375 0.533204 0.734375 0.533204 0.822265 0.445312 0.822265
0 0.119141 0.728515 0.175782 0.728515 0.175782 0.787109 0.119141 0.787109
0 0.888672 0.683594 0.943360 0.683594 0.943360 0.755860 0.888672 0.755860
0 0.580079 0.679687 0.662110 0.679687 0.662110 0.738281 0.580079 0.738281
0 0.500000 0.673828 0.572266 0.673828 0.572266 0.740234 0.500000 0.740234
0 0.423828 0.652344 0.494140 0.652344 0.494140 0.708985 0.423828 0.708985
0 0.667969 0.648437 0.720703 0.648437 0.720703 0.689453 0.667969 0.689453
0 0.902343 0.623046 0.953124 0.623046 0.953124 0.669921 0.902343 0.669921
0 0.312501 0.605469 0.332031 0.605469 0.332031 0.634765 0.312501 0.634765
0 0.597656 0.601562 0.619140 0.601562 0.619140 0.666016 0.597656 0.666016
0 0.636719 0.593750 0.681641 0.593750 0.681641 0.673828 0.636719 0.673828
0 0.000000 0.589844 0.033203 0.589844 0.033203 0.669922 0.000000 0.669922
0 0.841797 0.583985 0.892578 0.583985 0.892578 0.630860 0.841797 0.630860
0 0.115234 0.582031 0.173828 0.582031 0.173828 0.605469 0.115234 0.605469
0 0.781250 0.558593 0.806640 0.558593 0.806640 0.623047 0.781250 0.623047
0 0.556640 0.556641 0.597656 0.556641 0.597656 0.587891 0.556640 0.587891
0 0.257812 0.531250 0.298828 0.531250 0.298828 0.601562 0.257812 0.601562
0 0.033203 0.523438 0.076173 0.523438 0.076173 0.576172 0.033203 0.576172
0 0.599610 0.521485 0.619140 0.521485 0.619140 0.560547 0.599610 0.560547
0 0.089844 0.517578 0.138672 0.517578 0.138672 0.544922 0.089844 0.544922
0 0.343750 0.496094 0.380860 0.496094 0.380860 0.535156 0.343750 0.535156
0 0.746094 0.486328 0.759766 0.486328 0.759766 0.503906 0.746094 0.503906
0 0.013672 0.474610 0.076172 0.474610 0.076172 0.525390 0.013672 0.525390
0 0.404297 0.468750 0.458985 0.468750 0.458985 0.546875 0.404297 0.546875
0 0.072266 0.455078 0.123047 0.455078 0.123047 0.486328 0.072266 0.486328
0 0.765625 0.453125 0.798829 0.453125 0.798829 0.515625 0.765625 0.515625
0 0.330078 0.433594 0.380859 0.433594 0.380859 0.500000 0.330078 0.500000
0 0.160156 0.421875 0.195312 0.421875 0.195312 0.466797 0.160156 0.466797
0 0.052734 0.404297 0.107422 0.404297 0.107422 0.447266 0.052734 0.447266
0 0.328125 0.402343 0.355469 0.402343 0.355469 0.431640 0.328125 0.431640
0 0.765625 0.396485 0.796875 0.396485 0.796875 0.453125 0.765625 0.453125
0 0.863281 0.394531 0.939453 0.394531 0.939453 0.531250 0.863281 0.531250
0 0.640625 0.394531 0.697265 0.394531 0.697265 0.437501 0.640625 0.437501
0 0.474609 0.382812 0.505859 0.382812 0.505859 0.412110 0.474609 0.412110
0 0.025391 0.378907 0.046875 0.378907 0.046875 0.398438 0.025391 0.398438
0 0.525390 0.376953 0.630860 0.376953 0.630860 0.470703 0.525390 0.470703
0 0.226562 0.375000 0.253906 0.375000 0.253906 0.396484 0.226562 0.396484
0 0.365235 0.371094 0.394532 0.371094 0.394532 0.433594 0.365235 0.433594
0 0.207031 0.371093 0.220703 0.371093 0.220703 0.382812 0.207031 0.382812
0 0.628907 0.357422 0.679688 0.357422 0.679688 0.384766 0.628907 0.384766
0 0.439453 0.357422 0.472656 0.357422 0.472656 0.386719 0.439453 0.386719
0 0.267578 0.351562 0.332031 0.351562 0.332031 0.408204 0.267578 0.408204
0 0.878906 0.343750 0.896484 0.343750 0.896484 0.365234 0.878906 0.365234
0 0.000000 0.339843 0.033203 0.339843 0.033203 0.363281 0.000000 0.363281
0 0.556640 0.337890 0.638671 0.337890 0.638671 0.392578 0.556640 0.392578
0 0.841796 0.328124 0.875000 0.328124 0.875000 0.357422 0.841796 0.357422
0 0.285156 0.314453 0.351562 0.314453 0.351562 0.353515 0.285156 0.353515
0 0.466797 0.302735 0.511719 0.302735 0.511719 0.339843 0.466797 0.339843
0 0.398437 0.296875 0.457031 0.296875 0.457031 0.373047 0.398437 0.373047
0 0.847656 0.275391 0.855468 0.275391 0.855468 0.289063 0.847656 0.289063
0 0.435547 0.246094 0.453125 0.246094 0.453125 0.255860 0.435547 0.255860
0 0.658203 0.240235 0.714843 0.240235 0.714843 0.287110 0.658203 0.287110
0 0.449219 0.232422 0.466797 0.232422 0.466797 0.242188 0.449219 0.242188
0 0.892579 0.228516 0.912110 0.228516 0.912110 0.271485 0.892579 0.271485
0 0.287109 0.228516 0.376953 0.228516 0.376953 0.277344 0.287109 0.277344
0 0.382812 0.220703 0.410156 0.220703 0.410156 0.255859 0.382812 0.255859
0 0.408203 0.199219 0.453125 0.199219 0.453125 0.232422 0.408203 0.232422
0 0.480469 0.191406 0.537110 0.191406 0.537110 0.250000 0.480469 0.250000
0 0.140626 0.185547 0.205078 0.185547 0.205078 0.248047 0.140626 0.248047
0 0.892578 0.175782 0.919922 0.175782 0.919922 0.218750 0.892578 0.218750
0 0.068359 0.166016 0.101562 0.166016 0.101562 0.205078 0.068359 0.205078
0 0.222656 0.140625 0.277344 0.140625 0.277344 0.183593 0.222656 0.183593
0 0.000000 0.136718 0.009766 0.136718 0.009766 0.173827 0.000000 0.173827
0 0.416015 0.099610 0.449218 0.099610 0.449218 0.125001 0.416015 0.125001
0 0.109374 0.093749 0.169922 0.093749 0.169922 0.216797 0.109374 0.216797
0 0.529297 0.068360 0.564453 0.068360 0.564453 0.089844 0.529297 0.089844
0 0.339844 0.060547 0.412110 0.060547 0.412110 0.105469 0.339844 0.105469
0 0.347656 0.017578 0.373048 0.017578 0.373048 0.052734 0.347656 0.052734
0 0.630859 0.000001 0.658203 0.000001 0.658203 0.005860 0.630859 0.005860
0 0.511719 0.000000 0.560547 0.000000 0.560547 0.041016 0.511719 0.041016
0 0.117188 0.000000 0.167969 0.000000 0.167969 0.027344 0.117188 0.027344
