0 0.675782 0.992188 0.683594 0.992188 0.683594 1.000000 0.675782 1.000000
0 0.488281 0.980468 0.529297 0.980468 0.529297 0.999999 0.488281 0.999999
0 0.933594 0.978516 0.972656 0.978516 0.972656 1.000000 0.933594 1.000000
0 0.285156 0.978516 0.308594 0.978516 0.308594 1.000000 0.285156 1.000000
0 0.222656 0.978516 0.251953 0.978516 0.251953 1.000000 0.222656 1.000000
0 0.083984 0.978515 0.111328 0.978515 0.111328 0.998046 0.083984 0.998046
0 0.349610 0.976562 0.369140 0.976562 0.369140 1.000000 0.349610 1.000000
0 0.246094 0.976562 0.277344 0.976562 0.277344 1.000000 0.246094 1.000000
0 0.732422 0.974610 0.755860 0.974610 0.755860 0.996094 0.732422 0.996094
0 0.322266 0.974610 0.341797 0.974610 0.341797 1.000000 0.322266 1.000000
0 0.564453 0.970704 0.595703 0.970704 0.595703 1.000000 0.564453 1.000000
0 0.695313 0.968750 0.726563 0.968750 0.726563 1.000000 0.695313 1.000000
0 0.119140 0.966796 0.162109 0.966796 0.162109 1.000000 0.119140 1.000000
0 0.843750 0.964844 0.878906 0.964844 0.878906 1.000000 0.843750 1.000000
0 0.673828 0.964844 0.695312 0.964844 0.695312 0.986328 0.673828 0.986328
0 0.531250 0.964844 0.558594 0.964844 0.558594 0.982422 0.531250 0.982422
0 0.820312 0.962890 0.833984 0.962890 0.833984 0.986328 0.820312 0.986328
0 0.601562 0.960938 0.669922 0.960938 0.669922 1.000000 0.601562 1.000000
0 0.425781 0.960938 0.466797 0.960938 0.466797 0.998047 0.425781 0.998047
0 0.298828 0.960937 0.310548 0.960937 0.310548 0.970703 0.298828 0.970703
0 0.169922 0.960938 0.232422 0.960938 0.232422 1.000000 0.169922 1.000000
0 0.369140 0.958985 0.406250 0.958985 0.406250 0.996094 0.369140 0.996094
0 0.980468 0.955078 0.999999 0.955078 0.999999 0.994140 0.980468 0.994140
0 0.833985 0.955078 0.853515 0.955078 0.853515 0.982422 0.833985 0.982422
0 0.000000 0.945312 0.060547 0.945312 0.060547 1.000000 0.000000 1.000000
0 0.759765 0.943360 0.814453 0.943360 0.814453 1.000000 0.759765 1.000000
0 0.623047 0.943359 0.673828 0.943359 0.673828 0.974609 0.623047 0.974609
0 0.246094 0.943359 0.279297 0.943359 0.279297 0.966797 0.246094 0.966797
0 0.611328 0.941407 0.625000 0.941407 0.625000 0.953126 0.611328 0.953126
0 0.322266 0.939454 0.373047 0.939454 0.373047 0.968750 0.322266 0.968750
0 0.093749 0.935546 0.136718 0.935546 0.136718 0.978515 0.093749 0.978515
0 0.832031 0.933594 0.849609 0.933594 0.849609 0.951172 0.832031 0.951172
0 0.396484 0.933594 0.445312 0.933594 0.445312 0.974610 0.396484 0.974610
0 0.681641 0.929688 0.712891 0.929688 0.712891 0.958984 0.681641 0.958984
0 0.736328 0.927734 0.785156 0.927734 0.785156 0.962890 0.736328 0.962890
0 0.876954 0.925782 0.927735 0.925782 0.927735 0.982422 0.876954 0.982422
0 0.546875 0.925781 0.595703 0.925781 0.595703 0.964843 0.546875 0.964843
0 0.296874 0.923828 0.322266 0.923828 0.322266 0.947266 0.296874 0.947266
0 0.214843 0.923828 0.251953 0.923828 0.251953 0.957032 0.214843 0.957032
0 0.175782 0.923828 0.208984 0.923828 0.208984 0.957032 0.175782 0.957032
0 0.373047 0.921875 0.396485 0.921875 0.396485 0.949219 0.373047 0.949219
0 0.847656 0.914062 0.888672 0.914062 0.888672 0.955078 0.847656 0.955078
0 0.089844 0.914063 0.121094 0.914063 0.121094 0.931641 0.089844 0.931641
0 0.951172 0.912109 1.000000 0.912109 1.000000 0.945312 0.951172 0.945312
0 0.566407 0.912109 0.582032 0.912109 0.582032 0.925781 0.566407 0.925781
0 0.138672 0.912109 0.185547 0.912109 0.185547 0.953125 0.138672 0.953125
0 0.011718 0.912110 0.089843 0.912110 0.089843 0.990235 0.011718 0.990235
0 0.505860 0.910156 0.541016 0.910156 0.541016 0.947265 0.505860 0.947265
0 0.000000 0.910157 0.023438 0.910157 0.023438 0.939453 0.000000 0.939453
0 0.453125 0.904297 0.498047 0.904297 0.498047 0.955078 0.453125 0.955078
0 0.613281 0.902344 0.667969 0.902344 0.667969 0.937500 0.613281 0.937500
0 0.191406 0.900391 0.208984 0.900391 0.208984 0.917969 0.191406 0.917969
0 0.714843 0.896485 0.751953 0.896485 0.751953 0.939454 0.714843 0.939454
0 0.333985 0.894531 0.384765 0.894531 0.384765 0.929687 0.333985 0.929687
0 0.912110 0.892578 0.955079 0.892578 0.955079 0.923828 0.912110 0.923828
0 0.017578 0.892579 0.044922 0.892579 0.044922 0.912110 0.017578 0.912110
0 0.396485 0.888672 0.435547 0.888672 0.435547 0.917968 0.396485 0.917968
0 0.210938 0.882812 0.253906 0.882812 0.253906 0.923828 0.210938 0.923828
0 0.330078 0.880860 0.365234 0.880860 0.365234 0.906250 0.330078 0.906250
0 0.707031 0.878906 0.728515 0.878906 0.728515 0.902344 0.707031 0.902344
0 0.640625 0.878906 0.648437 0.878906 0.648437 0.892578 0.640625 0.892578
0 0.292968 0.878907 0.330078 0.878907 0.330078 0.921876 0.292968 0.921876
0 0.583985 0.876953 0.621094 0.876953 0.621094 0.917969 0.583985 0.917969
0 0.863281 0.875000 0.908203 0.875000 0.908203 0.912110 0.863281 0.912110
0 0.531249 0.875000 0.574218 0.875000 0.574218 0.916016 0.531249 0.916016
0 0.160157 0.873047 0.193359 0.873047 0.193359 0.900391 0.160157 0.900391
0 0.812500 0.871094 0.826172 0.871094 0.826172 0.884766 0.812500 0.884766
0 0.953125 0.867187 0.988281 0.867187 0.988281 0.912109 0.953125 0.912109
0 0.083985 0.865234 0.154297 0.865234 0.154297 0.919922 0.083985 0.919922
0 0.423828 0.861328 0.443359 0.861328 0.443359 0.878906 0.423828 0.878906
0 0.755860 0.859375 0.808594 0.859375 0.808594 0.927735 0.755860 0.927735
0 0.931640 0.851562 0.964844 0.851562 0.964844 0.888672 0.931640 0.888672
0 0.000000 0.851562 0.031250 0.851562 0.031250 0.898438 0.000000 0.898438
0 0.986328 0.849610 1.000000 0.849610 1.000000 0.892579 0.986328 0.892579
0 0.888672 0.849609 0.927734 0.849609 0.927734 0.890625 0.888672 0.890625
0 0.234375 0.849609 0.269531 0.849609 0.269531 0.880859 0.234375 0.880859
0 0.126953 0.847656 0.160156 0.847656 0.160156 0.880860 0.126953 0.880860
0 0.724610 0.845703 0.763672 0.845703 0.763672 0.886719 0.724610 0.886719
0 0.648437 0.837890 0.720703 0.837890 0.720703 0.919921 0.648437 0.919921
0 0.375000 0.837890 0.416016 0.837890 0.416016 0.892578 0.375000 0.892578
0 0.560546 0.835938 0.576171 0.835938 0.576171 0.853516 0.560546 0.853516
0 0.820312 0.833985 0.875000 0.833985 0.875000 0.871094 0.820312 0.871094
0 0.304688 0.833985 0.373046 0.833985 0.373046 0.876954 0.304688 0.876954
0 0.189453 0.832031 0.230469 0.832031 0.230469 0.873047 0.189453 0.873047
0 0.160156 0.830078 0.189453 0.830078 0.189453 0.867188 0.160156 0.867188
0 0.511718 0.828125 0.554688 0.828125 0.554688 0.876953 0.511718 0.876953
0 0.082031 0.828125 0.125000 0.828125 0.125000 0.865235 0.082031 0.865235
0 0.914063 0.816406 0.953125 0.816406 0.953125 0.853515 0.914063 0.853515
0 0.773438 0.814453 0.816407 0.814453 0.816407 0.857422 0.773438 0.857422
0 0.613282 0.810547 0.664062 0.810547 0.664062 0.878907 0.613282 0.878907
0 0.550781 0.808593 0.572265 0.808593 0.572265 0.832031 0.550781 0.832031
0 0.400390 0.808593 0.441406 0.808593 0.441406 0.855468 0.400390 0.855468
0 0.113282 0.808594 0.160157 0.808594 0.160157 0.839844 0.113282 0.839844
0 0.716796 0.806640 0.759765 0.806640 0.759765 0.839844 0.716796 0.839844
0 0.957031 0.804688 0.996093 0.804688 0.996093 0.847657 0.957031 0.847657
0 0.021484 0.804688 0.062500 0.804688 0.062500 0.855468 0.021484 0.855468
0 0.828125 0.800782 0.917969 0.800782 0.917969 0.847657 0.828125 0.847657
0 0.574219 0.796875 0.615235 0.796875 0.615235 0.835937 0.574219 0.835937
0 0.380859 0.796875 0.404297 0.796875 0.404297 0.822265 0.380859 0.822265
0 0.451172 0.789062 0.515625 0.789062 0.515625 0.857422 0.451172 0.857422
0 0.419922 0.789063 0.449219 0.789063 0.449219 0.828125 0.419922 0.828125
0 0.310547 0.789062 0.341797 0.789062 0.341797 0.830078 0.310547 0.830078
0 0.232422 0.785157 0.261719 0.785157 0.261719 0.835938 0.232422 0.835938
0 0.400391 0.783204 0.414063 0.783204 0.414063 0.798829 0.400391 0.798829
0 0.269532 0.783203 0.306640 0.783203 0.306640 0.849609 0.269532 0.849609
0 0.648438 0.781250 0.681641 0.781250 0.681641 0.816406 0.648438 0.816406
0 0.355468 0.779297 0.384765 0.779297 0.384765 0.806641 0.355468 0.806641
0 0.191407 0.775390 0.224609 0.775390 0.224609 0.832031 0.191407 0.832031
0 0.509766 0.769531 0.554688 0.769531 0.554688 0.822265 0.509766 0.822265
0 0.685546 0.767578 0.728515 0.767578 0.728515 0.835938 0.685546 0.835938
0 0.421876 0.767578 0.437501 0.767578 0.437501 0.781250 0.421876 0.781250
0 0.746094 0.761718 0.791016 0.761718 0.791016 0.812499 0.746094 0.812499
0 0.644532 0.761719 0.656251 0.761719 0.656251 0.779297 0.644532 0.779297
0 0.041016 0.761719 0.091797 0.761719 0.091797 0.802735 0.041016 0.802735
0 0.671875 0.759765 0.685547 0.759765 0.685547 0.775390 0.671875 0.775390
0 0.000000 0.757812 0.033203 0.757812 0.033203 0.808593 0.000000 0.808593
0 0.560546 0.755860 0.607421 0.755860 0.607421 0.791016 0.560546 0.791016
0 0.919922 0.751953 0.968750 0.751953 0.968750 0.810547 0.919922 0.810547
0 0.654296 0.751953 0.669921 0.751953 0.669921 0.765625 0.654296 0.765625
0 0.208985 0.751953 0.248047 0.751953 0.248047 0.791015 0.208985 0.791015
0 0.978516 0.750001 1.000000 0.750001 1.000000 0.800782 0.978516 0.800782
0 0.443360 0.750000 0.482422 0.750000 0.482422 0.787110 0.443360 0.787110
0 0.140625 0.750000 0.197266 0.750000 0.197266 0.814454 0.140625 0.814454
0 0.849610 0.746094 0.902344 0.746094 0.902344 0.804688 0.849610 0.804688
0 0.714844 0.746093 0.759766 0.746093 0.759766 0.783203 0.714844 0.783203
0 0.484374 0.740235 0.527343 0.740235 0.527343 0.779297 0.484374 0.779297
0 0.791015 0.734375 0.845703 0.734375 0.845703 0.800781 0.791015 0.800781
0 0.021484 0.734375 0.058593 0.734375 0.058593 0.765625 0.021484 0.765625
0 0.693359 0.732422 0.734375 0.732422 0.734375 0.759766 0.693359 0.759766
0 0.955078 0.730469 0.990234 0.730469 0.990234 0.761719 0.955078 0.761719
0 0.539062 0.728516 0.582032 0.728516 0.582032 0.757812 0.539062 0.757812
0 0.355469 0.724609 0.404297 0.724609 0.404297 0.769531 0.355469 0.769531
0 0.589844 0.722656 0.646485 0.722656 0.646485 0.757812 0.589844 0.757812
0 0.175782 0.722657 0.218750 0.722657 0.218750 0.773438 0.175782 0.773438
0 0.884766 0.720704 0.929688 0.720704 0.929688 0.771485 0.884766 0.771485
0 0.000000 0.720704 0.033203 0.720704 0.033203 0.750000 0.000000 0.750000
0 0.226562 0.716797 0.267578 0.716797 0.267578 0.753907 0.226562 0.753907
0 0.738282 0.710937 0.757812 0.710937 0.757812 0.734375 0.738282 0.734375
0 0.652344 0.710938 0.681640 0.710938 0.681640 0.744141 0.652344 0.744141
0 0.048828 0.710938 0.093750 0.710938 0.093750 0.753907 0.048828 0.753907
0 0.759766 0.707031 0.808594 0.707031 0.808594 0.751953 0.759766 0.751953
0 0.419922 0.705079 0.451172 0.705079 0.451172 0.751954 0.419922 0.751954
0 0.984375 0.703125 1.000000 0.703125 1.000000 0.736329 0.984375 0.736329
0 0.833985 0.703125 0.880860 0.703125 0.880860 0.738281 0.833985 0.738281
0 0.503907 0.703125 0.546876 0.703125 0.546876 0.744141 0.503907 0.744141
0 0.921875 0.701171 0.968750 0.701171 0.968750 0.734375 0.921875 0.734375
0 0.896484 0.697265 0.906250 0.697265 0.906250 0.708985 0.896484 0.708985
0 0.617188 0.695312 0.660157 0.695312 0.660157 0.724609 0.617188 0.724609
0 0.359375 0.695312 0.404297 0.695312 0.404297 0.728516 0.359375 0.728516
0 0.265625 0.693360 0.292969 0.693360 0.292969 0.714844 0.265625 0.714844
0 0.701172 0.689453 0.738282 0.689453 0.738282 0.724609 0.701172 0.724609
0 0.546875 0.689453 0.591797 0.689453 0.591797 0.720703 0.546875 0.720703
0 0.455078 0.687500 0.501953 0.687500 0.501953 0.736328 0.455078 0.736328
0 0.000000 0.687500 0.017578 0.687500 0.017578 0.726562 0.000000 0.726562
0 0.119140 0.685547 0.160156 0.685547 0.160156 0.740235 0.119140 0.740235
0 0.818360 0.683594 0.839844 0.683594 0.839844 0.701172 0.818360 0.701172
0 0.316406 0.683594 0.359376 0.683594 0.359376 0.705078 0.316406 0.705078
0 0.220703 0.675781 0.255859 0.675781 0.255859 0.697265 0.220703 0.697265
0 0.160156 0.675781 0.189453 0.675781 0.189453 0.699219 0.160156 0.699219
0 0.900390 0.671875 0.947265 0.671875 0.947265 0.695313 0.900390 0.695313
0 0.074218 0.671875 0.128906 0.671875 0.128906 0.716797 0.074218 0.716797
0 0.287110 0.667969 0.308594 0.667969 0.308594 0.699219 0.287110 0.699219
0 0.578124 0.666015 0.621093 0.666015 0.621093 0.707031 0.578124 0.707031
0 0.955078 0.660156 0.990234 0.660156 0.990234 0.693360 0.955078 0.693360
0 0.414062 0.658203 0.441406 0.658203 0.441406 0.681641 0.414062 0.681641
0 0.623047 0.656250 0.667969 0.656250 0.667969 0.697266 0.623047 0.697266
0 0.250000 0.654296 0.287110 0.654296 0.287110 0.687500 0.250000 0.687500
0 0.187500 0.654297 0.205078 0.654297 0.205078 0.673828 0.187500 0.673828
0 0.068360 0.652343 0.087890 0.652343 0.087890 0.685547 0.068360 0.685547
0 0.033203 0.652344 0.062501 0.652344 0.062501 0.697266 0.033203 0.697266
0 0.302734 0.646485 0.357422 0.646485 0.357422 0.683594 0.302734 0.683594
0 0.664062 0.636719 0.718750 0.636719 0.718750 0.703125 0.664062 0.703125
0 0.500000 0.636718 0.566406 0.636718 0.566406 0.701172 0.500000 0.701172
0 0.970703 0.634766 0.994141 0.634766 0.994141 0.652344 0.970703 0.652344
0 0.746093 0.634766 0.792968 0.634766 0.792968 0.687500 0.746093 0.687500
0 0.859375 0.632812 0.894531 0.632812 0.894531 0.705078 0.859375 0.705078
0 0.005860 0.632813 0.044922 0.632813 0.044922 0.685547 0.005860 0.685547
0 0.703125 0.630859 0.724609 0.630859 0.724609 0.662109 0.703125 0.662109
0 0.095703 0.630860 0.128907 0.630860 0.128907 0.666016 0.095703 0.666016
0 0.259765 0.623047 0.302735 0.623047 0.302735 0.654297 0.259765 0.654297
0 0.240235 0.623047 0.251953 0.623047 0.251953 0.642578 0.240235 0.642578
0 0.042968 0.621094 0.085938 0.621094 0.085938 0.648438 0.042968 0.648438
0 0.453125 0.619140 0.494141 0.619140 0.494141 0.666015 0.453125 0.666015
0 0.128906 0.619141 0.189453 0.619141 0.189453 0.667969 0.128906 0.667969
0 0.802734 0.613281 0.830078 0.613281 0.830078 0.640625 0.802734 0.640625
0 0.312500 0.613282 0.351562 0.613282 0.351562 0.638672 0.312500 0.638672
0 0.349610 0.611329 0.402344 0.611329 0.402344 0.658204 0.349610 0.658204
0 0.414062 0.609375 0.447265 0.609375 0.447265 0.654297 0.414062 0.654297
0 0.000000 0.609375 0.025390 0.609375 0.025390 0.642579 0.000000 0.642579
0 0.857422 0.607422 0.875000 0.607422 0.875000 0.626953 0.857422 0.626953
0 0.496093 0.603516 0.515624 0.603516 0.515624 0.621094 0.496093 0.621094
0 0.101562 0.601562 0.126953 0.601562 0.126953 0.625000 0.101562 0.625000
0 0.892578 0.597657 0.945312 0.597657 0.945312 0.671876 0.892578 0.671876
0 0.722656 0.597656 0.757812 0.597656 0.757812 0.642578 0.722656 0.642578
0 0.597657 0.597656 0.623047 0.597656 0.623047 0.625000 0.597657 0.625000
0 0.232422 0.597657 0.248047 0.597657 0.248047 0.613282 0.232422 0.613282
0 0.816406 0.595704 0.839844 0.595704 0.839844 0.611329 0.816406 0.611329
0 0.767579 0.595703 0.796875 0.595703 0.796875 0.628907 0.767579 0.628907
0 0.626953 0.595703 0.638672 0.595703 0.638672 0.607422 0.626953 0.607422
0 0.160156 0.595704 0.191406 0.595704 0.191406 0.625000 0.160156 0.625000
0 0.943359 0.593750 0.960937 0.593750 0.960937 0.617188 0.943359 0.617188
0 0.570313 0.593751 0.591797 0.593751 0.591797 0.613282 0.570313 0.613282
0 0.070312 0.589844 0.093750 0.589844 0.093750 0.619140 0.070312 0.619140
0 0.195312 0.587890 0.228515 0.587890 0.228515 0.625000 0.195312 0.625000
0 0.640625 0.583985 0.689453 0.583985 0.689453 0.626954 0.640625 0.626954
0 0.402344 0.580078 0.441406 0.580078 0.441406 0.613282 0.402344 0.613282
0 0.906250 0.578125 0.927734 0.578125 0.927734 0.593750 0.906250 0.593750
0 0.494140 0.578125 0.513671 0.578125 0.513671 0.601563 0.494140 0.601563
0 0.263671 0.576172 0.320312 0.576172 0.320312 0.617188 0.263671 0.617188
0 0.773438 0.574218 0.802734 0.574218 0.802734 0.589843 0.773438 0.589843
0 0.957031 0.572265 0.996093 0.572265 0.996093 0.630859 0.957031 0.630859
0 0.689453 0.572266 0.724609 0.572266 0.724609 0.603516 0.689453 0.603516
0 0.589843 0.572265 0.609374 0.572265 0.609374 0.591796 0.589843 0.591796
0 0.021485 0.572265 0.060547 0.572265 0.060547 0.613281 0.021485 0.613281
0 0.000000 0.570313 0.017578 0.570313 0.017578 0.605469 0.000000 0.605469
0 0.238281 0.564453 0.257812 0.564453 0.257812 0.595703 0.238281 0.595703
0 0.119140 0.564453 0.152343 0.564453 0.152343 0.603515 0.119140 0.603515
0 0.517578 0.560547 0.583984 0.560547 0.583984 0.621093 0.517578 0.621093
0 0.333984 0.560546 0.396484 0.560546 0.396484 0.607421 0.333984 0.607421
0 0.615235 0.556641 0.662110 0.556641 0.662110 0.587891 0.615235 0.587891
0 0.849610 0.554688 0.892579 0.554688 0.892579 0.587891 0.849610 0.587891
0 0.441406 0.554688 0.494140 0.554688 0.494140 0.607422 0.441406 0.607422
0 0.779297 0.552735 0.802735 0.552735 0.802735 0.572265 0.779297 0.572265
0 0.367188 0.552735 0.396485 0.552735 0.396485 0.582031 0.367188 0.582031
0 0.294922 0.552734 0.335938 0.552734 0.335938 0.583984 0.294922 0.583984
0 0.249999 0.550781 0.279297 0.550781 0.279297 0.583985 0.249999 0.583985
0 0.394531 0.548828 0.429687 0.548828 0.429687 0.576172 0.394531 0.576172
0 0.167969 0.548828 0.199219 0.548828 0.199219 0.582032 0.167969 0.582032
0 0.076171 0.546875 0.109374 0.546875 0.109374 0.591797 0.076171 0.591797
0 0.812500 0.544922 0.835938 0.544922 0.835938 0.558594 0.812500 0.558594
0 0.976562 0.542969 1.000000 0.542969 1.000000 0.583985 0.976562 0.583985
0 0.917968 0.542969 0.964843 0.542969 0.964843 0.578125 0.917968 0.578125
0 0.326172 0.542969 0.337891 0.542969 0.337891 0.550781 0.326172 0.550781
0 0.687500 0.541016 0.740234 0.541016 0.740234 0.568360 0.687500 0.568360
0 0.117188 0.541016 0.138672 0.541016 0.138672 0.558594 0.117188 0.558594
0 0.746093 0.537109 0.779297 0.537109 0.779297 0.570312 0.746093 0.570312
0 0.453125 0.531250 0.484375 0.531250 0.484375 0.560546 0.453125 0.560546
0 0.302735 0.531250 0.324219 0.531250 0.324219 0.546875 0.302735 0.546875
0 0.837890 0.525390 0.863281 0.525390 0.863281 0.552734 0.837890 0.552734
0 0.494140 0.523438 0.550781 0.523438 0.550781 0.572266 0.494140 0.572266
0 0.625000 0.517578 0.660156 0.517578 0.660156 0.554688 0.625000 0.554688
0 0.011719 0.517579 0.074219 0.517579 0.074219 0.568360 0.011719 0.568360
0 0.558594 0.515625 0.593750 0.515625 0.593750 0.550781 0.558594 0.550781
0 0.398438 0.513671 0.433594 0.513671 0.433594 0.546875 0.398438 0.546875
0 0.080078 0.511719 0.117188 0.511719 0.117188 0.542969 0.080078 0.542969
0 0.195312 0.509766 0.238281 0.509766 0.238281 0.558594 0.195312 0.558594
0 0.125000 0.507813 0.179688 0.507813 0.179688 0.542969 0.125000 0.542969
0 0.343750 0.505859 0.388672 0.505859 0.388672 0.550781 0.343750 0.550781
0 0.591797 0.501953 0.632813 0.501953 0.632813 0.544922 0.591797 0.544922
0 0.416016 0.500000 0.455078 0.500000 0.455078 0.539062 0.416016 0.539062
0 0.894532 0.496094 0.937501 0.496094 0.937501 0.544922 0.894532 0.544922
0 0.740235 0.496093 0.765625 0.496093 0.765625 0.533203 0.740235 0.533203
0 0.251953 0.496094 0.302734 0.496094 0.302734 0.544922 0.251953 0.544922
0 0.849610 0.494141 0.888672 0.494141 0.888672 0.529297 0.849610 0.529297
0 0.800781 0.494140 0.841797 0.494140 0.841797 0.541015 0.800781 0.541015
0 0.695312 0.494140 0.732422 0.494140 0.732422 0.535156 0.695312 0.535156
0 0.644531 0.494141 0.697265 0.494141 0.697265 0.558594 0.644531 0.558594
0 0.994140 0.492188 1.000000 0.492188 1.000000 0.513672 0.994140 0.513672
0 0.314453 0.490235 0.347656 0.490235 0.347656 0.509765 0.314453 0.509765
0 0.947265 0.486328 0.994140 0.486328 0.994140 0.552734 0.947265 0.552734
0 0.666016 0.484374 0.695312 0.484374 0.695312 0.509765 0.666016 0.509765
0 0.513671 0.484375 0.546875 0.484375 0.546875 0.515625 0.513671 0.515625
0 0.458984 0.472656 0.521484 0.472656 0.521484 0.539062 0.458984 0.539062
0 0.142578 0.472657 0.197266 0.472657 0.197266 0.511719 0.142578 0.511719
0 0.226562 0.470703 0.263672 0.470703 0.263672 0.501953 0.226562 0.501953
0 0.779297 0.468750 0.814453 0.468750 0.814453 0.500000 0.779297 0.500000
0 0.269532 0.468750 0.302735 0.468750 0.302735 0.496094 0.269532 0.496094
0 0.052734 0.468750 0.087890 0.468750 0.087890 0.507812 0.052734 0.507812
0 0.341797 0.466797 0.384766 0.466797 0.384766 0.498047 0.341797 0.498047
0 0.750000 0.464843 0.779296 0.464843 0.779296 0.507812 0.750000 0.507812
0 0.097657 0.464844 0.136719 0.464844 0.136719 0.513672 0.097657 0.513672
0 0.611328 0.458984 0.648438 0.458984 0.648438 0.503906 0.611328 0.503906
0 0.193359 0.458985 0.222657 0.458985 0.222657 0.496093 0.193359 0.496093
0 0.933594 0.455078 0.958985 0.455078 0.958985 0.486328 0.933594 0.486328
0 0.535156 0.455078 0.593750 0.455078 0.593750 0.494140 0.535156 0.494140
0 0.861328 0.453125 0.892578 0.453125 0.892578 0.484375 0.861328 0.484375
0 0.765625 0.453125 0.787109 0.453125 0.787109 0.474609 0.765625 0.474609
0 0.130859 0.451172 0.162109 0.451172 0.162109 0.472656 0.130859 0.472656
0 0.013672 0.451171 0.048828 0.451171 0.048828 0.507812 0.013672 0.507812
0 0.654297 0.447265 0.695313 0.447265 0.695313 0.476562 0.654297 0.476562
0 0.962890 0.445312 1.000000 0.445312 1.000000 0.482421 0.962890 0.482421
0 0.373047 0.445312 0.419922 0.445312 0.419922 0.486328 0.373047 0.486328
0 0.705079 0.441407 0.751954 0.441407 0.751954 0.480469 0.705079 0.480469
0 0.814453 0.439453 0.845703 0.439453 0.845703 0.480469 0.814453 0.480469
0 0.496094 0.439453 0.521485 0.439453 0.521485 0.458984 0.496094 0.458984
0 0.347656 0.439453 0.371094 0.439453 0.371094 0.458984 0.347656 0.458984
0 0.294922 0.439453 0.335938 0.439453 0.335938 0.484375 0.294922 0.484375
0 0.416015 0.435548 0.488281 0.435548 0.488281 0.486328 0.416015 0.486328
0 0.894531 0.433594 0.933593 0.433594 0.933593 0.478516 0.894531 0.478516
0 0.000000 0.431641 0.009766 0.431641 0.009766 0.476563 0.000000 0.476563
0 0.166016 0.427735 0.205078 0.427735 0.205078 0.464843 0.166016 0.464843
0 0.228515 0.423828 0.283203 0.423828 0.283203 0.462890 0.228515 0.462890
0 0.775390 0.414062 0.816406 0.414062 0.816406 0.458984 0.775390 0.458984
0 0.078125 0.412109 0.119141 0.412109 0.119141 0.460937 0.078125 0.460937
0 0.656250 0.410156 0.720704 0.410156 0.720704 0.445312 0.656250 0.445312
0 0.525391 0.410157 0.564453 0.410157 0.564453 0.449219 0.525391 0.449219
0 0.925782 0.406250 0.951172 0.406250 0.951172 0.447266 0.925782 0.447266
0 0.033203 0.404297 0.078125 0.404297 0.078125 0.447266 0.033203 0.447266
0 0.583985 0.402344 0.652344 0.402344 0.652344 0.451172 0.583985 0.451172
0 0.126953 0.402344 0.179687 0.402344 0.179687 0.447266 0.126953 0.447266
0 0.011719 0.402344 0.029297 0.402344 0.029297 0.433594 0.011719 0.433594
0 0.734375 0.400390 0.769531 0.400390 0.769531 0.443360 0.734375 0.443360
0 0.357421 0.400390 0.414062 0.400390 0.414062 0.437500 0.357421 0.437500
0 0.423828 0.398438 0.468750 0.398438 0.468750 0.431640 0.423828 0.431640
0 0.947266 0.396485 1.000000 0.396485 1.000000 0.433593 0.947266 0.433593
0 0.478515 0.396484 0.529296 0.396484 0.529296 0.439453 0.478515 0.439453
0 0.189453 0.392578 0.234375 0.392578 0.234375 0.437500 0.189453 0.437500
0 0.083984 0.386719 0.095703 0.386719 0.095703 0.408203 0.083984 0.408203
0 0.798828 0.384765 0.851562 0.384765 0.851562 0.439453 0.798828 0.439453
0 0.933593 0.382812 0.949218 0.382812 0.949218 0.398438 0.933593 0.398438
0 0.033203 0.380860 0.056641 0.380860 0.056641 0.400390 0.033203 0.400390
0 0.521484 0.378906 0.539062 0.378906 0.539062 0.400390 0.521484 0.400390
0 0.318360 0.376953 0.357422 0.376953 0.357422 0.408203 0.318360 0.408203
0 0.156250 0.376953 0.181641 0.376953 0.181641 0.396484 0.156250 0.396484
0 0.875000 0.375001 0.919922 0.375001 0.919922 0.421876 0.875000 0.421876
0 0.273438 0.375000 0.330079 0.375000 0.330079 0.431640 0.273438 0.431640
0 0.568359 0.371094 0.613281 0.371094 0.613281 0.419922 0.568359 0.419922
0 0.365234 0.369140 0.396484 0.369140 0.396484 0.396484 0.365234 0.396484
0 0.099609 0.369141 0.148437 0.369141 0.148437 0.414063 0.099609 0.414063
0 0.818360 0.367188 0.871094 0.367188 0.871094 0.410157 0.818360 0.410157
0 0.640626 0.367188 0.660157 0.367188 0.660157 0.388672 0.640626 0.388672
0 0.656250 0.363281 0.716796 0.363281 0.716796 0.416015 0.656250 0.416015
0 0.494140 0.361328 0.513671 0.361328 0.513671 0.390626 0.494140 0.390626
0 0.720703 0.359376 0.732422 0.359376 0.732422 0.375001 0.720703 0.375001
0 0.466797 0.357422 0.488281 0.357422 0.488281 0.390624 0.466797 0.390624
0 0.234374 0.357422 0.281249 0.357422 0.281249 0.412110 0.234374 0.412110
0 0.181641 0.355469 0.207032 0.355469 0.207032 0.386719 0.181641 0.386719
0 0.947266 0.349610 0.992188 0.349610 0.992188 0.384766 0.947266 0.384766
0 0.738281 0.349610 0.810547 0.349610 0.810547 0.400390 0.738281 0.400390
0 0.537109 0.349610 0.582031 0.349610 0.582031 0.402344 0.537109 0.402344
0 0.419922 0.349610 0.462891 0.349610 0.462891 0.396485 0.419922 0.396485
0 0.212891 0.347657 0.244141 0.347657 0.244141 0.386719 0.212891 0.386719
0 0.601562 0.341797 0.662109 0.341797 0.662109 0.390625 0.601562 0.390625
0 0.841797 0.339844 0.898438 0.339844 0.898438 0.380860 0.841797 0.380860
0 0.662110 0.339844 0.681640 0.339844 0.681640 0.353516 0.662110 0.353516
0 0.732422 0.337891 0.755860 0.337891 0.755860 0.357422 0.732422 0.357422
0 0.306640 0.332031 0.343750 0.332031 0.343750 0.373047 0.306640 0.373047
0 0.990234 0.330078 1.000000 0.330078 1.000000 0.353516 0.990234 0.353516
0 0.363281 0.328125 0.375001 0.328125 0.375001 0.345703 0.363281 0.345703
0 0.957032 0.326172 0.982422 0.326172 0.982422 0.343750 0.957032 0.343750
0 0.505860 0.322266 0.544922 0.322266 0.544922 0.367188 0.505860 0.367188
0 0.000001 0.320313 0.019532 0.320313 0.019532 0.355469 0.000001 0.355469
0 0.683593 0.318360 0.726562 0.318360 0.726562 0.353516 0.683593 0.353516
0 0.566407 0.318359 0.595703 0.318359 0.595703 0.349609 0.566407 0.349609
0 0.121094 0.318360 0.164062 0.318360 0.164062 0.371094 0.121094 0.371094
0 0.869140 0.312501 0.912110 0.312501 0.912110 0.345703 0.869140 0.345703
0 0.275391 0.312500 0.320313 0.312500 0.320313 0.357422 0.275391 0.357422
0 0.167968 0.312500 0.197266 0.312500 0.197266 0.361328 0.167968 0.361328
0 0.595704 0.308594 0.611329 0.308594 0.611329 0.330078 0.595704 0.330078
0 0.806640 0.306641 0.857421 0.306641 0.857421 0.357422 0.806640 0.357422
0 0.802735 0.306641 0.828125 0.306641 0.828125 0.328125 0.802735 0.328125
0 0.404297 0.306640 0.445313 0.306640 0.445313 0.339843 0.404297 0.339843
0 0.626954 0.304688 0.677735 0.304688 0.677735 0.341796 0.626954 0.341796
0 0.039063 0.304688 0.113282 0.304688 0.113282 0.373046 0.039063 0.373046
0 0.542969 0.302734 0.556641 0.302734 0.556641 0.328126 0.542969 0.328126
0 0.000001 0.302734 0.019532 0.302734 0.019532 0.314453 0.000001 0.314453
0 0.949219 0.300781 0.970703 0.300781 0.970703 0.318359 0.949219 0.318359
0 0.916016 0.300781 0.951172 0.300781 0.951172 0.343751 0.916016 0.343751
0 0.968750 0.296875 1.000000 0.296875 1.000000 0.332031 0.968750 0.332031
0 0.744140 0.294922 0.769531 0.294922 0.769531 0.328124 0.744140 0.328124
0 0.201172 0.292969 0.240234 0.292969 0.240234 0.343749 0.201172 0.343749
0 0.242188 0.283203 0.275390 0.283203 0.275390 0.345703 0.242188 0.345703
0 0.439453 0.279297 0.505859 0.279297 0.505859 0.353516 0.439453 0.353516
0 0.677734 0.277344 0.732422 0.277344 0.732422 0.312500 0.677734 0.312500
0 0.574218 0.277343 0.628906 0.277343 0.628906 0.306640 0.574218 0.306640
0 0.763672 0.269531 0.833984 0.269531 0.833984 0.318359 0.763672 0.318359
0 0.492188 0.269531 0.541016 0.269531 0.541016 0.310547 0.492188 0.310547
0 0.302735 0.269531 0.341797 0.269531 0.341797 0.310547 0.302735 0.310547
0 0.933593 0.267578 0.966797 0.267578 0.966797 0.294922 0.933593 0.294922
0 0.638672 0.261719 0.673828 0.261719 0.673828 0.292969 0.638672 0.292969
0 0.000000 0.255859 0.039062 0.255859 0.039062 0.298828 0.000000 0.298828
0 0.966796 0.253907 1.000000 0.253907 1.000000 0.287110 0.966796 0.287110
0 0.857422 0.249999 0.896484 0.249999 0.896484 0.310547 0.857422 0.310547
0 0.777343 0.250000 0.800781 0.250000 0.800781 0.267578 0.777343 0.267578
0 0.353515 0.250000 0.408203 0.250000 0.408203 0.324219 0.353515 0.324219
0 0.896484 0.248047 0.929688 0.248047 0.929688 0.302735 0.896484 0.302735
0 0.066407 0.246094 0.123048 0.246094 0.123048 0.300782 0.066407 0.300782
0 0.140625 0.244141 0.187500 0.244141 0.187500 0.320313 0.140625 0.320313
0 0.265625 0.242187 0.275391 0.242187 0.275391 0.251953 0.265625 0.251953
0 0.125000 0.240234 0.162109 0.240234 0.162109 0.289062 0.125000 0.289062
0 0.755859 0.238281 0.765625 0.238281 0.765625 0.248047 0.755859 0.248047
0 0.701172 0.236328 0.738282 0.236328 0.738282 0.283203 0.701172 0.283203
0 0.486328 0.236328 0.523438 0.236328 0.523438 0.271484 0.486328 0.271484
0 0.320312 0.236328 0.363282 0.236328 0.363282 0.287109 0.320312 0.287109
0 0.525390 0.234375 0.562500 0.234375 0.562500 0.296875 0.525390 0.296875
0 0.394532 0.234374 0.445312 0.234374 0.445312 0.294922 0.394532 0.294922
0 0.808594 0.226562 0.863282 0.226562 0.863282 0.277343 0.808594 0.277343
0 0.636719 0.222656 0.681641 0.222656 0.681641 0.257812 0.636719 0.257812
0 0.585938 0.222656 0.621094 0.222656 0.621094 0.267578 0.585938 0.267578
0 0.857422 0.216797 0.878906 0.216797 0.878906 0.240235 0.857422 0.240235
0 0.675781 0.216797 0.710937 0.216797 0.710937 0.251953 0.675781 0.251953
0 0.982422 0.212891 1.000000 0.212891 1.000000 0.246093 0.982422 0.246093
0 0.000000 0.212891 0.007812 0.212891 0.007812 0.238282 0.000000 0.238282
0 0.894532 0.210937 0.919922 0.210937 0.919922 0.238281 0.894532 0.238281
0 0.353515 0.208984 0.382812 0.208984 0.382812 0.240234 0.353515 0.240234
0 0.728516 0.207031 0.759766 0.207031 0.759766 0.242187 0.728516 0.242187
0 0.125000 0.205078 0.156250 0.205078 0.156250 0.234376 0.125000 0.234376
0 0.875000 0.203125 0.900390 0.203125 0.900390 0.216797 0.875000 0.216797
0 0.066406 0.199218 0.111328 0.199218 0.111328 0.236327 0.066406 0.236327
0 0.480468 0.197266 0.527343 0.197266 0.527343 0.232422 0.480468 0.232422
0 0.832032 0.195312 0.857422 0.195312 0.857422 0.220703 0.832032 0.220703
0 0.632812 0.195312 0.656250 0.195312 0.656250 0.214844 0.632812 0.214844
0 0.203126 0.195313 0.236328 0.195313 0.236328 0.244141 0.203126 0.244141
0 0.244141 0.193359 0.279297 0.193359 0.279297 0.244141 0.244141 0.244141
0 0.701171 0.191406 0.734375 0.191406 0.734375 0.218750 0.701171 0.218750
0 0.158203 0.189453 0.203125 0.189453 0.203125 0.232422 0.158203 0.232422
0 0.011719 0.185547 0.054688 0.185547 0.054688 0.246094 0.011719 0.246094
0 0.949219 0.181640 0.998047 0.181640 0.998047 0.253906 0.949219 0.253906
0 0.050782 0.179688 0.080078 0.179688 0.080078 0.216797 0.050782 0.216797
0 0.000000 0.179687 0.007812 0.179687 0.007812 0.210937 0.000000 0.210937
0 0.292968 0.177734 0.347656 0.177734 0.347656 0.238282 0.292968 0.238282
0 0.914062 0.175781 0.957032 0.175781 0.957032 0.226562 0.914062 0.226562
0 0.394531 0.166015 0.480469 0.166015 0.480469 0.251953 0.394531 0.251953
0 0.351562 0.160156 0.384765 0.160156 0.384765 0.201172 0.351562 0.201172
0 0.177735 0.160157 0.216797 0.160157 0.216797 0.193359 0.177735 0.193359
0 0.277344 0.158203 0.310547 0.158203 0.310547 0.185547 0.277344 0.185547
0 0.218750 0.158203 0.261719 0.158203 0.261719 0.195312 0.218750 0.195312
0 0.089844 0.158203 0.140625 0.158203 0.140625 0.199219 0.089844 0.199219
0 0.753906 0.156250 0.826172 0.156250 0.826172 0.240234 0.753906 0.240234
0 0.001953 0.156250 0.041015 0.156250 0.041015 0.181641 0.001953 0.181641
0 0.789062 0.146484 0.802734 0.146484 0.802734 0.162109 0.789062 0.162109
0 0.517578 0.146484 0.556640 0.146484 0.556640 0.203125 0.517578 0.203125
0 0.945312 0.144531 0.972656 0.144531 0.972656 0.179687 0.945312 0.179687
0 0.894531 0.144532 0.933593 0.144532 0.933593 0.191407 0.894531 0.191407
0 0.062501 0.144532 0.095704 0.144532 0.095704 0.177734 0.062501 0.177734
0 0.457032 0.142578 0.513672 0.142578 0.513672 0.191406 0.457032 0.191406
0 0.423828 0.140625 0.451172 0.140625 0.451172 0.160157 0.423828 0.160157
0 0.681641 0.138672 0.695313 0.138672 0.695313 0.150390 0.681641 0.150390
0 0.589844 0.138672 0.634766 0.138672 0.634766 0.208984 0.589844 0.208984
0 0.138672 0.134765 0.177734 0.134765 0.177734 0.185547 0.138672 0.185547
0 0.812500 0.132812 0.869140 0.132812 0.869140 0.175781 0.812500 0.175781
0 0.630860 0.130859 0.667969 0.130859 0.667969 0.167968 0.630860 0.167968
0 0.228516 0.130859 0.263672 0.130859 0.263672 0.150391 0.228516 0.150391
0 0.373047 0.128906 0.410157 0.128906 0.410157 0.177734 0.373047 0.177734
0 0.029297 0.128907 0.056641 0.128907 0.056641 0.166016 0.029297 0.166016
0 0.302734 0.125000 0.345703 0.125000 0.345703 0.169922 0.302734 0.169922
0 0.886719 0.117187 0.908203 0.117187 0.908203 0.144531 0.886719 0.144531
0 0.175782 0.113281 0.222657 0.113281 0.222657 0.152343 0.175782 0.152343
0 0.566406 0.109374 0.601562 0.109374 0.601562 0.152343 0.566406 0.152343
0 0.343749 0.107422 0.369141 0.107422 0.369141 0.142578 0.343749 0.142578
0 0.964844 0.103516 1.000000 0.103516 1.000000 0.142578 0.964844 0.142578
0 0.498047 0.099610 0.564453 0.099610 0.564453 0.152344 0.498047 0.152344
0 0.679688 0.097656 0.716797 0.097656 0.716797 0.132812 0.679688 0.132812
0 0.265626 0.097656 0.298828 0.097656 0.298828 0.152344 0.265626 0.152344
0 0.398437 0.093750 0.443359 0.093750 0.443359 0.138672 0.398437 0.138672
0 0.996094 0.091797 1.000000 0.091797 1.000000 0.107422 0.996094 0.107422
0 0.226562 0.091797 0.263672 0.091797 0.263672 0.126953 0.226562 0.126953
0 0.830078 0.087890 0.875000 0.087890 0.875000 0.130859 0.830078 0.130859
0 0.716797 0.087891 0.767578 0.087891 0.767578 0.185547 0.716797 0.185547
0 0.449219 0.087891 0.488281 0.087891 0.488281 0.146485 0.449219 0.146485
0 0.771484 0.083985 0.816406 0.083985 0.816406 0.123047 0.771484 0.123047
0 0.193360 0.080078 0.226562 0.080078 0.226562 0.107422 0.193360 0.107422
0 0.908203 0.078125 0.964843 0.078125 0.964843 0.136719 0.908203 0.136719
0 0.068359 0.076173 0.164062 0.076173 0.164062 0.144532 0.068359 0.144532
0 0.355469 0.074219 0.394531 0.074219 0.394531 0.126953 0.355469 0.126953
0 0.152344 0.074218 0.187500 0.074218 0.187500 0.117188 0.152344 0.117188
0 0.988282 0.072265 1.000000 0.072265 1.000000 0.082031 0.988282 0.082031
0 0.476563 0.072266 0.515625 0.072266 0.515625 0.107422 0.476563 0.107422
0 0.646485 0.070313 0.685547 0.070313 0.685547 0.123047 0.646485 0.123047
0 0.042968 0.070312 0.085938 0.070312 0.085938 0.111328 0.042968 0.111328
0 0.861329 0.060547 0.908204 0.060547 0.908204 0.103516 0.861329 0.103516
0 0.587890 0.058594 0.638671 0.058594 0.638671 0.121094 0.587890 0.121094
0 0.537109 0.056640 0.582031 0.056640 0.582031 0.099610 0.537109 0.099610
0 0.406251 0.054688 0.457031 0.054688 0.457031 0.087891 0.406251 0.087891
0 0.039063 0.054687 0.060547 0.054687 0.060547 0.068359 0.039063 0.068359
0 0.000000 0.054688 0.048828 0.054688 0.048828 0.125000 0.000000 0.125000
0 0.156250 0.052734 0.179688 0.052734 0.179688 0.068359 0.156250 0.068359
0 0.802734 0.048828 0.835938 0.048828 0.835938 0.087890 0.802734 0.087890
0 0.683593 0.048828 0.726562 0.048828 0.726562 0.093750 0.683593 0.093750
0 0.111328 0.044922 0.128906 0.044922 0.128906 0.068360 0.111328 0.068360
0 0.732422 0.041015 0.771484 0.041015 0.771484 0.082031 0.732422 0.082031
0 0.958984 0.039063 0.992188 0.039063 0.992188 0.074219 0.958984 0.074219
0 0.833984 0.037109 0.867188 0.037109 0.867188 0.068359 0.833984 0.068359
0 0.458984 0.035156 0.490234 0.035156 0.490234 0.078126 0.458984 0.078126
0 0.287110 0.033203 0.347657 0.033203 0.347657 0.109375 0.287110 0.109375
0 0.375001 0.029297 0.425781 0.029297 0.425781 0.076172 0.375001 0.076172
0 0.220703 0.029297 0.275391 0.029297 0.275391 0.087891 0.220703 0.087891
0 0.498047 0.027344 0.537109 0.027344 0.537109 0.076172 0.498047 0.076172
0 0.136719 0.023437 0.150391 0.023437 0.150391 0.064453 0.136719 0.064453
0 0.267579 0.019531 0.304688 0.019531 0.304688 0.072265 0.267579 0.072265
0 0.183594 0.013672 0.228516 0.013672 0.228516 0.072266 0.183594 0.072266
0 0.644531 0.009765 0.707031 0.009765 0.707031 0.060547 0.644531 0.060547
0 0.894531 0.007813 0.943359 0.007813 0.943359 0.078125 0.894531 0.078125
0 0.810547 0.007813 0.841797 0.007813 0.841797 0.039063 0.810547 0.039063
0 0.154297 0.005860 0.189453 0.005860 0.189453 0.048828 0.154297 0.048828
0 0.353516 0.003906 0.373047 0.003906 0.373047 0.021484 0.353516 0.021484
0 0.935547 0.000000 0.980469 0.000000 0.980469 0.035156 0.935547 0.035156
0 0.884766 0.000000 0.916016 0.000000 0.916016 0.007812 0.884766 0.007812
0 0.845703 0.000000 0.890625 0.000000 0.890625 0.039062 0.845703 0.039062
0 0.771485 0.000000 0.814454 0.000000 0.814454 0.023438 0.771485 0.023438
0 0.714844 0.000000 0.775390 0.000000 0.775390 0.042968 0.714844 0.042968
0 0.683594 0.000000 0.728516 0.000000 0.728516 0.017578 0.683594 0.017578
0 0.621094 0.000000 0.662110 0.000000 0.662110 0.029296 0.621094 0.029296
0 0.554688 0.000000 0.617188 0.000000 0.617188 0.056640 0.554688 0.056640
0 0.498047 0.000000 0.535157 0.000000 0.535157 0.017578 0.498047 0.017578
0 0.431640 0.000000 0.474610 0.000000 0.474610 0.048828 0.431640 0.048828
0 0.404297 0.000000 0.431641 0.000000 0.431641 0.025390 0.404297 0.025390
0 0.376952 0.000001 0.402344 0.000001 0.402344 0.019532 0.376952 0.019532
0 0.281250 0.000000 0.335938 0.000000 0.335938 0.025390 0.281250 0.025390
0 0.259765 0.000001 0.275390 0.000001 0.275390 0.005860 0.259765 0.005860
0 0.015625 0.000001 0.121093 0.000001 0.121093 0.046876 0.015625 0.046876
0 0.000000 0.000000 0.011718 0.000000 0.011718 0.023438 0.000000 0.023438
