0 0.554688 0.992188 0.593750 0.992188 0.593750 1.000000 0.554688 1.000000
0 0.039062 0.986328 0.054688 0.986328 0.054688 1.000000 0.039062 1.000000
0 0.375000 0.960938 0.443360 0.960938 0.443360 1.000000 0.375000 1.000000
0 0.083985 0.955078 0.150391 0.955078 0.150391 1.000000 0.083985 1.000000
0 0.974610 0.953125 1.000000 0.953125 1.000000 0.998047 0.974610 0.998047
0 0.037109 0.951172 0.054687 0.951172 0.054687 0.982422 0.037109 0.982422
0 0.000000 0.951172 0.013672 0.951172 0.013672 0.982422 0.000000 0.982422
0 0.568360 0.935547 0.615235 0.935547 0.615235 0.986328 0.568360 0.986328
0 0.382812 0.925781 0.445312 0.925781 0.445312 0.964843 0.382812 0.964843
0 0.939453 0.923828 0.982422 0.923828 0.982422 0.960938 0.939453 0.960938
0 0.488281 0.914062 0.521485 0.914062 0.521485 0.970703 0.488281 0.970703
0 0.003906 0.914063 0.033203 0.914063 0.033203 0.935547 0.003906 0.935547
0 0.611328 0.902344 0.634766 0.902344 0.634766 0.931640 0.611328 0.931640
0 0.593750 0.894532 0.609375 0.894532 0.609375 0.902344 0.593750 0.902344
0 0.285156 0.886719 0.333984 0.886719 0.333984 0.947265 0.285156 0.947265
0 0.609375 0.882812 0.625000 0.882812 0.625000 0.894532 0.609375 0.894532
0 0.417969 0.871094 0.476563 0.871094 0.476563 0.916016 0.417969 0.916016
0 0.042969 0.859375 0.062499 0.859375 0.062499 0.888671 0.042969 0.888671
0 0.007813 0.859375 0.029297 0.859375 0.029297 0.884765 0.007813 0.884765
0 0.580079 0.853516 0.609375 0.853516 0.609375 0.888672 0.580079 0.888672
0 0.220703 0.853516 0.259765 0.853516 0.259765 0.882812 0.220703 0.882812
0 0.070313 0.851562 0.109375 0.851562 0.109375 0.884766 0.070313 0.884766
0 0.283203 0.828125 0.322265 0.828125 0.322265 0.880859 0.283203 0.880859
0 0.400390 0.810547 0.447265 0.810547 0.447265 0.865235 0.400390 0.865235
0 0.533203 0.802734 0.546875 0.802734 0.546875 0.826172 0.533203 0.826172
0 0.166015 0.798829 0.189453 0.798829 0.189453 0.828125 0.166015 0.828125
0 0.011719 0.785156 0.072265 0.785156 0.072265 0.826172 0.011719 0.826172
0 0.597657 0.783203 0.626953 0.783203 0.626953 0.824219 0.597657 0.824219
0 0.099610 0.781250 0.125001 0.781250 0.125001 0.818360 0.099610 0.818360
0 0.240234 0.765626 0.291015 0.765626 0.291015 0.816407 0.240234 0.816407
0 0.294922 0.753906 0.318360 0.753906 0.318360 0.816406 0.294922 0.816406
0 0.041015 0.732422 0.078124 0.732422 0.078124 0.785156 0.041015 0.785156
0 0.929687 0.720703 0.974609 0.720703 0.974609 0.761719 0.929687 0.761719
0 0.580078 0.718749 0.607422 0.718749 0.607422 0.761718 0.580078 0.761718
0 0.435547 0.718750 0.484375 0.718750 0.484375 0.763672 0.435547 0.763672
0 0.179688 0.718749 0.236328 0.718749 0.236328 0.761718 0.179688 0.761718
0 0.617187 0.716797 0.658203 0.716797 0.658203 0.740235 0.617187 0.740235
0 0.296875 0.701172 0.318359 0.701172 0.318359 0.728516 0.296875 0.728516
0 0.191406 0.681641 0.244140 0.681641 0.244140 0.720703 0.191406 0.720703
0 0.949219 0.669921 0.970703 0.669921 0.970703 0.685546 0.949219 0.685546
0 0.148438 0.664062 0.183594 0.664062 0.183594 0.705078 0.148438 0.705078
0 0.097656 0.656250 0.113281 0.656250 0.113281 0.689454 0.097656 0.689454
0 0.566407 0.652343 0.617188 0.652343 0.617188 0.695312 0.566407 0.695312
0 0.628906 0.642578 0.642578 0.642578 0.642578 0.660156 0.628906 0.660156
0 0.392578 0.623047 0.423828 0.623047 0.423828 0.658203 0.392578 0.658203
0 0.349610 0.621094 0.396485 0.621094 0.396485 0.662110 0.349610 0.662110
0 0.958984 0.609376 1.000000 0.609376 1.000000 0.660157 0.958984 0.660157
0 0.558594 0.607422 0.621094 0.607422 0.621094 0.658203 0.558594 0.658203
0 0.130859 0.603515 0.148437 0.603515 0.148437 0.636719 0.130859 0.636719
0 0.652344 0.601562 0.708985 0.601562 0.708985 0.652343 0.652344 0.652343
0 0.015625 0.595703 0.037109 0.595703 0.037109 0.613281 0.015625 0.613281
0 0.185547 0.583984 0.251953 0.583984 0.251953 0.642578 0.185547 0.642578
0 0.083984 0.570312 0.115234 0.570312 0.115234 0.611328 0.083984 0.611328
0 0.548828 0.558594 0.605468 0.558594 0.605468 0.607422 0.548828 0.607422
0 0.021484 0.542969 0.031250 0.542969 0.031250 0.582031 0.021484 0.582031
0 0.457032 0.535156 0.507812 0.535156 0.507812 0.568360 0.457032 0.568360
0 0.339844 0.531250 0.359374 0.531250 0.359374 0.554688 0.339844 0.554688
0 0.126953 0.527343 0.175781 0.527343 0.175781 0.574218 0.126953 0.574218
0 0.076172 0.527343 0.111328 0.527343 0.111328 0.560547 0.076172 0.560547
0 0.283203 0.525390 0.314453 0.525390 0.314453 0.562500 0.283203 0.562500
0 0.312500 0.509766 0.326172 0.509766 0.326172 0.523438 0.312500 0.523438
0 0.123047 0.498047 0.146485 0.498047 0.146485 0.525391 0.123047 0.525391
0 0.939454 0.496094 1.000000 0.496094 1.000000 0.554688 0.939454 0.554688
0 0.609375 0.480469 0.648437 0.480469 0.648437 0.541015 0.609375 0.541015
0 0.259766 0.476562 0.291016 0.476562 0.291016 0.519532 0.259766 0.519532
0 0.082031 0.466797 0.113281 0.466797 0.113281 0.519531 0.082031 0.519531
0 0.951172 0.462890 1.000000 0.462890 1.000000 0.488282 0.951172 0.488282
0 0.537110 0.462890 0.574219 0.462890 0.574219 0.505860 0.537110 0.505860
0 0.494141 0.455078 0.529297 0.455078 0.529297 0.494140 0.494141 0.494140
0 0.119140 0.447266 0.142578 0.447266 0.142578 0.474610 0.119140 0.474610
0 0.835938 0.445312 0.919922 0.445312 0.919922 0.490234 0.835938 0.490234
0 0.541016 0.445313 0.572266 0.445313 0.572266 0.462891 0.541016 0.462891
0 0.431641 0.417968 0.466797 0.417968 0.466797 0.505860 0.431641 0.505860
0 0.164062 0.417969 0.220703 0.417969 0.220703 0.476563 0.164062 0.476563
0 0.457032 0.404297 0.494140 0.404297 0.494140 0.443359 0.457032 0.443359
0 0.041015 0.398438 0.082031 0.398438 0.082031 0.427735 0.041015 0.427735
0 0.501954 0.396484 0.548829 0.396484 0.548829 0.437500 0.501954 0.437500
0 0.089844 0.394532 0.130860 0.394532 0.130860 0.427735 0.089844 0.427735
0 0.023438 0.378906 0.060547 0.378906 0.060547 0.400390 0.023438 0.400390
0 0.179687 0.373048 0.210937 0.373048 0.210937 0.423828 0.179687 0.423828
0 0.138672 0.359376 0.179688 0.359376 0.179688 0.437501 0.138672 0.437501
0 0.472656 0.337891 0.500000 0.337891 0.500000 0.400391 0.472656 0.400391
0 0.115235 0.333985 0.154297 0.333985 0.154297 0.373047 0.115235 0.373047
0 0.876953 0.332031 0.900391 0.332031 0.900391 0.361328 0.876953 0.361328
0 0.000000 0.300782 0.041016 0.300782 0.041016 0.371094 0.000000 0.371094
0 0.187500 0.298828 0.238282 0.298828 0.238282 0.345703 0.187500 0.345703
0 0.269531 0.281250 0.308593 0.281250 0.308593 0.322266 0.269531 0.322266
0 0.259766 0.261719 0.277344 0.261719 0.277344 0.279297 0.259766 0.279297
0 0.179687 0.251953 0.193359 0.251953 0.193359 0.273437 0.179687 0.273437
0 0.472656 0.248047 0.484376 0.248047 0.484376 0.279297 0.472656 0.279297
0 0.115234 0.242187 0.152343 0.242187 0.152343 0.292968 0.115234 0.292968
0 0.000000 0.240234 0.027344 0.240234 0.027344 0.289062 0.000000 0.289062
0 0.033203 0.228515 0.066407 0.228515 0.066407 0.306640 0.033203 0.306640
0 0.470703 0.216797 0.498047 0.216797 0.498047 0.236328 0.470703 0.236328
0 0.267578 0.216797 0.318359 0.216797 0.318359 0.263672 0.267578 0.263672
0 0.970704 0.205078 1.000000 0.205078 1.000000 0.257812 0.970704 0.257812
0 0.396484 0.205078 0.427734 0.205078 0.427734 0.285156 0.396484 0.285156
0 0.818360 0.195312 0.853516 0.195312 0.853516 0.208984 0.818360 0.208984
0 0.419922 0.171875 0.466797 0.171875 0.466797 0.199219 0.419922 0.199219
0 0.015625 0.171875 0.039063 0.171875 0.039063 0.210937 0.015625 0.210937
0 0.255859 0.166016 0.373047 0.166016 0.373047 0.205078 0.255859 0.205078
0 0.484374 0.162110 0.509765 0.162110 0.509765 0.201172 0.484374 0.201172
0 0.441406 0.140626 0.482422 0.140626 0.482422 0.173828 0.441406 0.173828
0 0.208984 0.136718 0.238282 0.136718 0.238282 0.152343 0.208984 0.152343
0 0.974610 0.125000 1.000000 0.125000 1.000000 0.171875 0.974610 0.171875
0 0.818360 0.123047 0.847656 0.123047 0.847656 0.164063 0.818360 0.164063
0 0.208984 0.115235 0.240234 0.115235 0.240234 0.136719 0.208984 0.136719
0 0.935547 0.109375 0.957031 0.109375 0.957031 0.132813 0.935547 0.132813
0 0.302734 0.107422 0.351562 0.107422 0.351562 0.138672 0.302734 0.138672
0 0.453126 0.103516 0.486328 0.103516 0.486328 0.138672 0.453126 0.138672
0 0.259766 0.093751 0.298828 0.093751 0.298828 0.140626 0.259766 0.140626
0 0.007813 0.080078 0.087891 0.080078 0.087891 0.132812 0.007813 0.132812
0 0.462891 0.060546 0.494141 0.060546 0.494141 0.089843 0.462891 0.089843
0 0.156250 0.060546 0.199218 0.060546 0.199218 0.124999 0.156250 0.124999
0 0.785156 0.056641 0.820312 0.056641 0.820312 0.095703 0.785156 0.095703
0 0.294922 0.050781 0.332032 0.050781 0.332032 0.097656 0.294922 0.097656
0 0.035156 0.037109 0.085938 0.037109 0.085938 0.099609 0.035156 0.099609
0 0.906250 0.033203 0.955078 0.033203 0.955078 0.076173 0.906250 0.076173
0 0.087890 0.033203 0.130859 0.033203 0.130859 0.078125 0.087890 0.078125
0 0.335937 0.015625 0.376953 0.015625 0.376953 0.058594 0.335937 0.058594
0 0.572266 0.011718 0.632812 0.011718 0.632812 0.027343 0.572266 0.027343
0 0.921875 0.000000 0.957031 0.000000 0.957031 0.033203 0.921875 0.033203
0 0.783203 0.000000 0.857422 0.000000 0.857422 0.023438 0.783203 0.023438
0 0.632813 0.000000 0.681641 0.000000 0.681641 0.015624 0.632813 0.015624
0 0.236328 0.000000 0.298828 0.000000 0.298828 0.042968 0.236328 0.042968
0 0.208984 0.000000 0.224609 0.000000 0.224609 0.013672 0.208984 0.013672
0 0.162109 0.000000 0.179687 0.000000 0.179687 0.011718 0.162109 0.011718
