0 0.070611 0.758000 0.029262 0.052000
0 0.177481 0.780000 0.019084 0.052000
0 0.270992 0.947000 0.027990 0.054000
0 0.230916 0.799000 0.029262 0.050000
0 0.134860 0.703000 0.027990 0.042000
0 0.185115 0.718000 0.024173 0.028000
0 0.306616 0.981000 0.030534 0.030000
0 0.353690 0.943000 0.025445 0.058000
0 0.407125 0.932000 0.030534 0.048000
0 0.492366 0.887000 0.035623 0.058000
0 0.597964 0.604000 0.045802 0.036000
0 0.664758 0.584000 0.031807 0.028000
0 0.694656 0.526000 0.015267 0.040000
0 0.561069 0.531000 0.033079 0.058000
0 0.463104 0.636000 0.038168 0.064000
0 0.443384 0.706000 0.026718 0.040000
0 0.548346 0.955000 0.030534 0.062000
0 0.265903 0.248000 0.048346 0.052000
0 0.620865 0.947000 0.043257 0.062000
0 0.667939 0.905000 0.035623 0.054000
0 0.816794 0.955000 0.048346 0.062000
0 0.886132 0.880000 0.034351 0.060000
0 0.811069 0.858000 0.039440 0.048000
0 0.779262 0.825000 0.041985 0.038000
0 0.887405 0.673000 0.036896 0.046000
0 0.982824 0.537000 0.031807 0.062000
0 0.977735 0.751000 0.034351 0.050000
0 0.947201 0.684000 0.026718 0.048000
0 0.855598 0.741000 0.036896 0.050000
0 0.176845 0.095000 0.027990 0.074000
0 0.144402 0.071000 0.039440 0.058000
0 0.111959 0.161000 0.038168 0.062000
0 0.390585 0.157000 0.040712 0.054000
0 0.478372 0.101000 0.061069 0.062000
0 0.605598 0.039000 0.040712 0.054000
0 0.977099 0.162000 0.038168 0.072000
0 0.931298 0.082000 0.027990 0.040000
0 0.985369 0.043000 0.029262 0.050000
0 0.960560 0.096000 0.030534 0.044000
1 0.382316 0.204000 0.024173 0.028000
1 0.438931 0.203000 0.017812 0.030000
1 0.472646 0.158000 0.026718 0.040000
1 0.467557 0.234000 0.029262 0.036000
1 0.930662 0.163000 0.019084 0.042000
1 0.520356 0.122000 0.012723 0.028000
1 0.664122 0.101000 0.022901 0.030000
1 0.191476 0.292000 0.031807 0.036000
1 0.018448 0.326000 0.021628 0.020000
1 0.887405 0.601000 0.024173 0.042000
1 0.929389 0.850000 0.026718 0.036000
1 0.913486 0.907000 0.022901 0.026000
1 0.975191 0.821000 0.019084 0.022000
1 0.989186 0.802000 0.011450 0.024000
1 0.736005 0.702000 0.021628 0.036000
2 0.343511 0.541000 0.035623 0.050000
2 0.075700 0.225000 0.036896 0.054000
2 0.148855 0.138000 0.040712 0.044000
2 0.123410 0.373000 0.040712 0.050000
2 0.164758 0.881000 0.034351 0.054000
2 0.437023 0.973000 0.036896 0.050000
2 0.581425 0.793000 0.033079 0.038000
2 0.384224 0.865000 0.033079 0.046000
2 0.964377 0.568000 0.027990 0.048000
2 0.653944 0.045000 0.020356 0.026000
2 0.087786 0.320000 0.025445 0.040000
3 0.116412 0.562000 0.082697 0.188000
3 0.211832 0.636000 0.110687 0.180000
3 0.231552 0.364000 0.101781 0.132000
3 0.269720 0.528000 0.096692 0.196000
3 0.295165 0.377000 0.040712 0.078000
3 0.355598 0.450000 0.067430 0.108000
3 0.409669 0.318000 0.145038 0.192000
3 0.487913 0.466000 0.125954 0.192000
3 0.370865 0.630000 0.069975 0.152000
3 0.554071 0.696000 0.097964 0.164000
3 0.643130 0.696000 0.085242 0.160000
3 0.604326 0.383000 0.111959 0.178000
3 0.544529 0.292000 0.091603 0.128000
3 0.755725 0.582000 0.109415 0.180000
3 0.859415 0.451000 0.125954 0.170000
3 0.794529 0.696000 0.047074 0.072000
3 0.718830 0.377000 0.114504 0.222000
3 0.639949 0.203000 0.162850 0.166000
3 0.877226 0.143000 0.141221 0.258000
3 0.762723 0.153000 0.095420 0.190000
