0 0.158746 0.074430 0.028311 0.040816
0 0.222447 0.096639 0.030334 0.034814
0 0.236097 0.126651 0.023256 0.032413
0 0.089484 0.110444 0.041456 0.040816
0 0.050051 0.121248 0.041456 0.043217
0 0.146107 0.149460 0.035389 0.039616
0 0.190597 0.148259 0.017189 0.025210
0 0.104146 0.139256 0.036400 0.048019
0 0.069767 0.150060 0.038423 0.033613
0 0.095551 0.184274 0.039434 0.042017
0 0.118301 0.191477 0.042467 0.034814
0 0.157735 0.196279 0.036400 0.037215
0 0.273003 0.062425 0.040445 0.052821
0 0.201719 0.217887 0.039434 0.034814
0 0.236603 0.197479 0.030334 0.044418
0 0.319009 0.165666 0.043478 0.045618
0 0.345298 0.191477 0.035389 0.039616
0 0.300809 0.200480 0.029323 0.031212
0 0.267442 0.201681 0.035389 0.036014
0 0.276542 0.166267 0.041456 0.042017
0 0.166835 0.238295 0.034378 0.039616
0 0.230536 0.255702 0.046512 0.048019
0 0.273003 0.256303 0.030334 0.034814
0 0.305865 0.263505 0.027300 0.037215
0 0.335187 0.258103 0.031345 0.036014
0 0.019717 0.167467 0.035389 0.032413
0 0.016178 0.196279 0.030334 0.032413
0 0.042467 0.197479 0.032356 0.034814
0 0.029828 0.243097 0.035389 0.032413
0 0.097068 0.248499 0.034378 0.033613
0 0.084934 0.274910 0.028311 0.031212
0 0.138524 0.269508 0.032356 0.027611
0 0.108190 0.295318 0.028311 0.028812
0 0.162285 0.292317 0.031345 0.032413
0 0.177958 0.262305 0.034378 0.032413
0 0.228514 0.300720 0.032356 0.027611
0 0.209302 0.328331 0.030334 0.025210
0 0.197674 0.291717 0.027300 0.024010
0 0.261881 0.287515 0.036400 0.027611
0 0.356421 0.232893 0.025278 0.036014
0 0.339232 0.281513 0.029323 0.020408
0 0.400404 0.250300 0.028311 0.030012
0 0.421132 0.269508 0.033367 0.025210
0 0.444388 0.286915 0.035389 0.026411
0 0.409505 0.289316 0.034378 0.024010
0 0.375632 0.282113 0.033367 0.031212
0 0.354904 0.307923 0.032356 0.030012
0 0.388271 0.306723 0.030334 0.027611
0 0.411021 0.318727 0.031345 0.025210
0 0.435288 0.330732 0.043478 0.027611
0 0.479272 0.319928 0.030334 0.025210
0 0.532861 0.313325 0.034378 0.026411
0 0.343782 0.348139 0.028311 0.021609
0 0.327604 0.327131 0.034378 0.032413
0 0.298281 0.350540 0.026289 0.021609
0 0.269464 0.342137 0.033367 0.024010
0 0.023256 0.444178 0.028311 0.028812
0 0.036906 0.467587 0.029323 0.030012
0 0.049039 0.485594 0.021234 0.022809
0 0.081395 0.507803 0.031345 0.026411
0 0.016684 0.507803 0.031345 0.038415
0 0.147624 0.521008 0.034378 0.040816
0 0.161780 0.546819 0.032356 0.025210
0 0.132963 0.570828 0.033367 0.037215
0 0.198686 0.555222 0.031345 0.030012
0 0.239130 0.557623 0.027300 0.030012
0 0.207786 0.588836 0.029323 0.027611
0 0.178463 0.602041 0.029323 0.022809
0 0.150152 0.625450 0.025278 0.033613
0 0.069767 0.591837 0.026289 0.031212
0 0.271486 0.570228 0.025278 0.026411
0 0.277553 0.612845 0.029323 0.032413
0 0.295753 0.582833 0.023256 0.025210
0 0.301314 0.548619 0.032356 0.028812
0 0.267947 0.548019 0.034378 0.027611
0 0.266936 0.522209 0.034378 0.028812
0 0.092518 0.679472 0.027300 0.033613
0 0.153185 0.719088 0.029323 0.036014
0 0.184530 0.770708 0.027300 0.028812
0 0.158746 0.752701 0.030334 0.036014
0 0.153691 0.779712 0.028311 0.025210
0 0.119312 0.718487 0.030334 0.032413
0 0.127907 0.753301 0.031345 0.025210
0 0.088979 0.734694 0.030334 0.040816
0 0.067745 0.691477 0.024267 0.031212
0 0.041456 0.699280 0.032356 0.042017
0 0.036400 0.731092 0.034378 0.026411
0 0.022750 0.812725 0.029323 0.031212
0 0.019211 0.865546 0.030334 0.033613
0 0.097068 0.893157 0.034378 0.033613
0 0.079879 0.866146 0.030334 0.020408
0 0.065217 0.877551 0.031345 0.028812
0 0.044995 0.891957 0.029323 0.026411
0 0.172902 0.902761 0.034378 0.028812
0 0.208797 0.922569 0.031345 0.034814
0 0.244692 0.935174 0.030334 0.033613
0 0.229019 0.956783 0.035389 0.033613
0 0.225480 0.984394 0.046512 0.028812
0 0.273003 0.931573 0.026289 0.026411
0 0.305865 0.947179 0.025278 0.031212
0 0.282103 0.960384 0.026289 0.028812
0 0.354904 0.956182 0.028311 0.027611
0 0.387765 0.966987 0.025278 0.032413
0 0.416077 0.978992 0.027300 0.030012
0 0.452477 0.978391 0.035389 0.033613
0 0.486350 0.981393 0.030334 0.037215
0 0.471689 0.950780 0.031345 0.026411
0 0.522245 0.966987 0.037412 0.034814
0 0.497978 0.909364 0.033367 0.034814
0 0.523256 0.898559 0.029323 0.030012
0 0.554095 0.894958 0.032356 0.030012
0 0.557634 0.867947 0.027300 0.028812
0 0.588979 0.863745 0.035389 0.039616
0 0.525784 0.936975 0.032356 0.030012
0 0.552578 0.923770 0.037412 0.027611
0 0.568251 0.952581 0.034378 0.027611
0 0.595551 0.981993 0.026289 0.031212
0 0.566734 0.983193 0.029323 0.028812
0 0.614762 0.902161 0.034378 0.032413
0 0.630940 0.944778 0.034378 0.028812
0 0.663296 0.942977 0.032356 0.025210
0 0.698180 0.945978 0.033367 0.026411
0 0.680485 0.914766 0.032356 0.028812
0 0.654196 0.920168 0.026289 0.025210
0 0.681496 0.889556 0.026289 0.024010
0 0.652679 0.894358 0.029323 0.028812
0 0.663802 0.863745 0.027300 0.030012
0 0.678463 0.838535 0.028311 0.032413
0 0.705258 0.831333 0.031345 0.032413
0 0.740647 0.842137 0.033367 0.037215
0 0.792720 0.821729 0.032356 0.032413
0 0.665824 0.807323 0.031345 0.032413
0 0.660263 0.777911 0.030334 0.033613
0 0.649141 0.744898 0.030334 0.034814
0 0.623862 0.759304 0.028311 0.030012
0 0.610718 0.730492 0.030334 0.032413
0 0.625379 0.702881 0.025278 0.032413
0 0.600607 0.702881 0.026289 0.037215
0 0.562184 0.762305 0.034378 0.031212
0 0.597573 0.791116 0.030334 0.036014
0 0.627907 0.799520 0.030334 0.036014
0 0.484328 0.776110 0.032356 0.032413
0 0.517695 0.784514 0.030334 0.032413
0 0.464611 0.795318 0.029323 0.037215
0 0.432760 0.816927 0.032356 0.032413
0 0.400910 0.789916 0.031345 0.040816
0 0.410516 0.731693 0.024267 0.037215
0 0.428716 0.669268 0.030334 0.032413
0 0.466127 0.684874 0.034378 0.032413
0 0.472194 0.657263 0.030334 0.030012
0 0.484328 0.641657 0.024267 0.025210
0 0.502528 0.683673 0.028311 0.032413
0 0.510617 0.743697 0.038423 0.037215
0 0.535389 0.738896 0.027300 0.027611
0 0.474722 0.726891 0.033367 0.051621
0 0.437816 0.772509 0.026289 0.032413
0 0.221941 0.792317 0.035389 0.033613
0 0.219919 0.756303 0.031345 0.028812
0 0.254297 0.786915 0.045501 0.032413
0 0.256320 0.814526 0.035389 0.027611
0 0.299798 0.821729 0.039434 0.032413
0 0.289687 0.784514 0.035389 0.027611
0 0.336198 0.809124 0.033367 0.024010
0 0.324570 0.785714 0.032356 0.025210
0 0.351365 0.789316 0.025278 0.027611
0 0.447927 0.524010 0.030334 0.027611
0 0.463600 0.602041 0.027300 0.032413
0 0.442366 0.632053 0.033367 0.034814
0 0.431244 0.600240 0.031345 0.036014
0 0.402427 0.618848 0.028311 0.027611
0 0.400404 0.639256 0.022245 0.020408
0 0.526289 0.630852 0.031345 0.037215
0 0.584429 0.654262 0.026289 0.038415
0 0.558645 0.462785 0.029323 0.034814
0 0.587968 0.447179 0.023256 0.027611
0 0.608190 0.460384 0.027300 0.034814
0 0.587462 0.505402 0.030334 0.031212
0 0.593023 0.543217 0.027300 0.034814
0 0.624874 0.544418 0.028311 0.034814
0 0.646613 0.548019 0.025278 0.034814
0 0.546512 0.549820 0.031345 0.031212
0 0.561173 0.523409 0.022245 0.026411
0 0.520222 0.562425 0.031345 0.030012
0 0.492417 0.555222 0.024267 0.027611
0 0.496967 0.530012 0.029323 0.027611
0 0.512133 0.515006 0.027300 0.028812
0 0.614762 0.581633 0.028311 0.034814
0 0.653691 0.587035 0.025278 0.040816
0 0.667341 0.564826 0.020222 0.025210
0 0.696158 0.568427 0.031345 0.032413
0 0.716886 0.537215 0.030334 0.030012
0 0.756320 0.487995 0.030334 0.039616
0 0.776036 0.512005 0.029323 0.042017
0 0.639535 0.501801 0.031345 0.040816
0 0.169363 0.953181 0.041456 0.031212
0 0.365015 0.989196 0.030334 0.016807
0 0.741658 0.956182 0.031345 0.030012
0 0.757836 0.942377 0.031345 0.021609
0 0.783114 0.926170 0.019211 0.015606
0 0.799292 0.963986 0.031345 0.033613
0 0.825076 0.977191 0.028311 0.033613
0 0.855410 0.980792 0.030334 0.036014
0 0.883721 0.966387 0.036400 0.033613
0 0.870576 0.935774 0.030334 0.032413
0 0.865521 0.904562 0.034378 0.032413
0 0.797776 0.897959 0.036400 0.024010
0 0.766431 0.878752 0.036400 0.024010
0 0.790698 0.869148 0.034378 0.028812
0 0.735592 0.891357 0.035389 0.034814
0 0.819515 0.919568 0.031345 0.031212
0 0.843782 0.925570 0.025278 0.026411
0 0.843782 0.951981 0.027300 0.026411
0 0.924671 0.944178 0.033367 0.042017
0 0.966127 0.918968 0.035389 0.034814
0 0.980789 0.959784 0.028311 0.032413
0 0.960061 0.966987 0.027300 0.034814
0 0.859454 0.860744 0.028311 0.031212
0 0.844793 0.879952 0.031345 0.031212
0 0.980283 0.872149 0.029323 0.032413
0 0.993428 0.839736 0.011122 0.034814
0 0.954499 0.027611 0.026289 0.028812
0 0.975733 0.058824 0.026289 0.033613
0 0.992922 0.105642 0.014156 0.024010
0 0.888777 0.285114 0.042467 0.037215
0 0.811426 0.269508 0.035389 0.037215
0 0.779070 0.254502 0.035389 0.043217
0 0.803337 0.196279 0.035389 0.046819
0 0.762386 0.195078 0.038423 0.049220
0 0.829626 0.114046 0.045501 0.048019
0 0.851871 0.157863 0.041456 0.039616
0 0.907988 0.127251 0.040445 0.050420
0 0.936299 0.096038 0.036400 0.024010
0 0.913043 0.079832 0.020222 0.030012
0 0.885238 0.073229 0.025278 0.040816
0 0.782609 0.058223 0.028311 0.044418
0 0.974722 0.158463 0.022245 0.038415
0 0.951972 0.174070 0.035389 0.036014
0 0.967644 0.204682 0.038423 0.034814
0 0.933771 0.298319 0.039434 0.046819
0 0.961072 0.232293 0.041456 0.025210
0 0.757331 0.543818 0.030334 0.040816
0 0.734075 0.593037 0.030334 0.033613
0 0.760364 0.621248 0.032356 0.042017
0 0.876643 0.559424 0.030334 0.033613
0 0.860971 0.590036 0.031345 0.034814
0 0.869060 0.624250 0.033367 0.036014
0 0.824570 0.624250 0.029323 0.038415
0 0.802326 0.632653 0.039434 0.038415
0 0.903438 0.576831 0.027300 0.037215
0 0.917088 0.620648 0.030334 0.033613
0 0.653691 0.631453 0.033367 0.036014
0 0.686047 0.617647 0.029323 0.037215
0 0.633468 0.617647 0.027300 0.037215
0 0.603134 0.636255 0.033367 0.038415
0 0.626896 0.663265 0.024267 0.032413
0 0.762386 0.663866 0.030334 0.043217
0 0.775531 0.705282 0.034378 0.042017
0 0.758847 0.731092 0.031345 0.036014
0 0.750253 0.767707 0.032356 0.046819
0 0.767947 0.791717 0.029323 0.027611
0 0.875632 0.665066 0.034378 0.036014
0 0.845298 0.673469 0.030334 0.036014
0 0.801314 0.687875 0.031345 0.036014
0 0.861982 0.716687 0.023256 0.028812
0 0.872093 0.753301 0.031345 0.046819
0 0.827604 0.772509 0.027300 0.042017
0 0.814965 0.740096 0.030334 0.042017
0 0.834176 0.715486 0.028311 0.033613
0 0.792720 0.768307 0.032356 0.038415
0 0.901921 0.353541 0.034378 0.032413
0 0.960061 0.365546 0.035389 0.042017
0 0.920627 0.536014 0.031345 0.042017
0 0.942366 0.573229 0.030334 0.037215
0 0.964611 0.513806 0.034378 0.038415
0 0.989889 0.410564 0.020222 0.045618
0 0.987361 0.472989 0.025278 0.045618
0 0.374621 0.831333 0.033367 0.034814
0 0.385238 0.860744 0.034378 0.033613
0 0.417594 0.879352 0.030334 0.032413
0 0.447422 0.890156 0.031345 0.034814
0 0.550051 0.587635 0.028311 0.027611
0 0.576340 0.608043 0.032356 0.039616
0 0.486350 0.271309 0.040445 0.026411
0 0.487867 0.250300 0.031345 0.020408
0 0.520222 0.268908 0.031345 0.038415
0 0.558140 0.270708 0.028311 0.030012
0 0.568251 0.293517 0.040445 0.030012
0 0.609201 0.294718 0.035389 0.027611
0 0.644590 0.292317 0.041456 0.030012
0 0.627401 0.252101 0.031345 0.026411
0 0.684024 0.249100 0.029323 0.030012
0 0.715369 0.220888 0.033367 0.028812
0 0.709808 0.283313 0.040445 0.026411
0 0.845804 0.363745 0.029323 0.031212
0 0.856926 0.398559 0.037412 0.031212
0 0.860465 0.434574 0.032356 0.031212
0 0.819009 0.373349 0.022245 0.036014
0 0.785137 0.376951 0.035389 0.036014
0 0.813448 0.421369 0.037412 0.048019
0 0.615774 0.492797 0.028311 0.034814
0 0.638018 0.463986 0.028311 0.034814
0 0.660263 0.442977 0.034378 0.036014
0 0.681496 0.412365 0.032356 0.030012
0 0.690091 0.384754 0.035389 0.027611
0 0.750758 0.385954 0.031345 0.030012
0 0.765420 0.430972 0.030334 0.038415
0 0.738625 0.425570 0.031345 0.032413
0 0.722447 0.450780 0.025278 0.022809
0 0.786653 0.467587 0.032356 0.037215
0 0.822548 0.466387 0.033367 0.034814
0 0.271992 0.665666 0.020222 0.034814
0 0.303337 0.117047 0.036400 0.032413
0 0.346309 0.030012 0.037412 0.055222
0 0.312437 0.042617 0.032356 0.061224
0 0.389282 0.079832 0.040445 0.042017
0 0.389788 0.141657 0.033367 0.040816
0 0.426188 0.096639 0.029323 0.030012
0 0.436299 0.067827 0.021234 0.032413
0 0.472194 0.068427 0.036400 0.036014
0 0.497978 0.073229 0.035389 0.031212
0 0.654196 0.049220 0.040445 0.060024
0 0.554601 0.069028 0.037412 0.046819
0 0.057128 0.633854 0.031345 0.043217
0 0.013650 0.614646 0.023256 0.031212
0 0.035895 0.664466 0.027300 0.025210
0 0.755308 0.046218 0.030334 0.037215
0 0.710313 0.034214 0.041456 0.034814
0 0.590495 0.749100 0.028311 0.033613
0 0.561678 0.792317 0.029323 0.028812
0 0.562184 0.726891 0.028311 0.013205
0 0.579879 0.563625 0.025278 0.022809
0 0.710819 0.768307 0.026289 0.033613
0 0.719414 0.791717 0.027300 0.025210
1 0.703236 0.012605 0.017189 0.022809
1 0.820020 0.050420 0.026289 0.031212
1 0.088473 0.570828 0.025278 0.025210
1 0.029828 0.562425 0.021234 0.025210
1 0.100607 0.635654 0.025278 0.027611
