0 0.038976 0.154306 0.028953 0.042265
0 0.050947 0.101675 0.030624 0.031100
0 0.064310 0.180622 0.032851 0.055024
0 0.025334 0.212520 0.027283 0.032695
0 0.064031 0.253589 0.025612 0.039872
0 0.091036 0.097687 0.027283 0.032695
0 0.143096 0.035088 0.025612 0.035088
0 0.136693 0.102472 0.032851 0.037480
0 0.110245 0.191786 0.024499 0.039075
0 0.120824 0.219298 0.027840 0.038278
0 0.084633 0.289872 0.033408 0.035885
0 0.122494 0.266348 0.027840 0.030303
0 0.126949 0.309809 0.020045 0.035885
0 0.020601 0.395933 0.023385 0.043860
0 0.166481 0.165072 0.023385 0.046252
0 0.159243 0.258772 0.016704 0.032695
0 0.173163 0.268341 0.016704 0.032695
0 0.190702 0.289872 0.021715 0.031100
0 0.203786 0.267943 0.017817 0.027113
0 0.210746 0.229665 0.035078 0.033493
0 0.162862 0.352073 0.026169 0.034290
0 0.195991 0.333333 0.031180 0.030303
0 0.219655 0.119617 0.031737 0.039872
0 0.241927 0.086922 0.025056 0.041467
0 0.256960 0.114434 0.026169 0.048644
0 0.332405 0.144338 0.032294 0.044657
0 0.371938 0.081340 0.035635 0.046252
0 0.328229 0.033892 0.025056 0.040670
0 0.341592 0.061005 0.026169 0.032695
0 0.276726 0.204545 0.021158 0.032695
0 0.330178 0.190989 0.040089 0.037480
0 0.319878 0.289075 0.026169 0.048644
0 0.352171 0.299841 0.027283 0.046252
0 0.356069 0.365630 0.023942 0.039075
0 0.331849 0.373206 0.026726 0.038278
0 0.292038 0.452951 0.027283 0.041467
0 0.363586 0.455343 0.025612 0.057416
0 0.154232 0.470096 0.017817 0.034290
0 0.358853 0.124801 0.028396 0.050239
0 0.415924 0.089713 0.032294 0.042265
0 0.430679 0.056619 0.026169 0.036683
0 0.473831 0.054226 0.021158 0.041467
0 0.490256 0.086523 0.026169 0.040670
0 0.532851 0.329346 0.033408 0.052632
0 0.435690 0.362440 0.023942 0.032695
0 0.427339 0.510367 0.038419 0.051037
0 0.971604 0.163876 0.027840 0.037480
0 0.946826 0.186204 0.026169 0.042265
0 0.972439 0.255183 0.027283 0.044657
0 0.935412 0.121212 0.030067 0.039872
0 0.893931 0.246411 0.028396 0.038278
0 0.858575 0.244817 0.028953 0.046252
0 0.877784 0.190590 0.025056 0.043062
0 0.902283 0.161085 0.029510 0.033493
0 0.873330 0.140750 0.029510 0.035885
0 0.836860 0.169458 0.028953 0.040670
0 0.775891 0.196970 0.023942 0.033493
0 0.974388 0.386762 0.021158 0.054226
0 0.979120 0.430622 0.020601 0.023923
0 0.989978 0.456140 0.020045 0.035088
0 0.866370 0.376396 0.028953 0.031898
0 0.834633 0.345295 0.025612 0.031898
0 0.861359 0.332935 0.020045 0.040670
0 0.812639 0.385965 0.019488 0.041467
0 0.777561 0.386364 0.023942 0.040670
0 0.751670 0.379585 0.030067 0.044657
0 0.755568 0.433812 0.040089 0.044657
0 0.714365 0.372408 0.024499 0.031898
0 0.696548 0.404705 0.022272 0.031100
0 0.688196 0.436603 0.026726 0.037480
0 0.700445 0.470494 0.030067 0.033493
0 0.649499 0.327352 0.026169 0.035885
0 0.591592 0.427432 0.022829 0.031898
0 0.561804 0.239234 0.022272 0.036683
0 0.751949 0.199761 0.018374 0.039075
0 0.788140 0.286284 0.018374 0.033493
0 0.732183 0.073365 0.025612 0.035088
0 0.624722 0.043860 0.026726 0.035088
0 0.060690 0.903110 0.023385 0.037480
0 0.122773 0.870415 0.026169 0.035885
0 0.125000 0.820973 0.022829 0.039075
0 0.064866 0.704147 0.026169 0.057416
0 0.069321 0.657895 0.021715 0.035088
0 0.031737 0.669458 0.023385 0.042265
0 0.116370 0.619219 0.031180 0.040670
0 0.185412 0.646730 0.026726 0.043062
0 0.158686 0.654306 0.022272 0.045455
0 0.140312 0.643939 0.020045 0.042265
0 0.309020 0.845295 0.032294 0.038278
0 0.271437 0.926236 0.027283 0.031100
0 0.226615 0.814195 0.028953 0.036683
0 0.398942 0.871611 0.030624 0.039872
0 0.408129 0.937799 0.025612 0.043062
0 0.366091 0.675439 0.028396 0.041467
0 0.388641 0.688995 0.022272 0.039872
0 0.549833 0.956140 0.031737 0.035088
0 0.497216 0.949362 0.025612 0.045455
0 0.439310 0.903509 0.024499 0.028708
0 0.432906 0.872408 0.016147 0.028708
0 0.455735 0.864434 0.020601 0.030303
0 0.622773 0.901914 0.026169 0.036683
0 0.607461 0.954944 0.022272 0.029506
0 0.679287 0.738038 0.022272 0.032695
0 0.632517 0.838915 0.022272 0.043062
0 0.642539 0.641148 0.028953 0.030303
0 0.577394 0.637161 0.031180 0.043062
0 0.591871 0.588118 0.026726 0.037480
0 0.447940 0.611244 0.031737 0.045455
0 0.481626 0.652313 0.026726 0.035088
0 0.469376 0.685805 0.025612 0.033493
0 0.542595 0.769936 0.025056 0.031100
0 0.643653 0.672249 0.033408 0.035088
0 0.643096 0.775120 0.022272 0.035088
0 0.553174 0.855263 0.019488 0.031100
0 0.514198 0.724083 0.022829 0.028708
0 0.678174 0.963317 0.023385 0.039872
0 0.149777 0.537480 0.023385 0.035088
0 0.229677 0.531898 0.040646 0.035088
0 0.234967 0.571372 0.026726 0.039075
0 0.264755 0.556619 0.030624 0.035088
0 0.345490 0.534689 0.018374 0.040670
0 0.374165 0.560606 0.024499 0.031898
0 0.845490 0.926236 0.036192 0.047049
0 0.909800 0.842504 0.021158 0.026316
0 0.878619 0.823764 0.023385 0.041467
0 0.975223 0.765949 0.021715 0.043860
0 0.988307 0.805423 0.021158 0.035088
0 0.938196 0.767145 0.023385 0.030303
0 0.885022 0.732855 0.025056 0.033493
0 0.919822 0.715311 0.022272 0.039872
0 0.986080 0.649920 0.024499 0.036683
0 0.906180 0.668660 0.023942 0.032695
0 0.862194 0.685008 0.027283 0.030303
0 0.836860 0.741228 0.033408 0.048644
0 0.857183 0.872010 0.020601 0.037480
0 0.769209 0.895136 0.025056 0.037480
0 0.786748 0.904705 0.015590 0.031100
0 0.780624 0.945774 0.023385 0.036683
0 0.819321 0.974880 0.030624 0.039075
0 0.831849 0.533493 0.028953 0.046252
0 0.842706 0.488437 0.025056 0.032695
0 0.881403 0.472089 0.020045 0.030303
0 0.885579 0.503589 0.018374 0.031100
0 0.903675 0.537081 0.024499 0.034290
0 0.879733 0.557416 0.017817 0.039872
0 0.887806 0.598086 0.025056 0.039872
0 0.845490 0.602073 0.025056 0.027113
0 0.846325 0.639952 0.025612 0.040670
0 0.792873 0.635965 0.023385 0.034290
0 0.748886 0.636762 0.033408 0.050239
0 0.758352 0.537879 0.022272 0.042265
0 0.696269 0.507576 0.023942 0.042265
0 0.161470 0.602073 0.027840 0.031898
0 0.449610 0.457735 0.025056 0.031898
0 0.520880 0.380383 0.021715 0.030303
0 0.543708 0.515550 0.028396 0.031100
0 0.485245 0.539872 0.021715 0.031898
0 0.503619 0.599681 0.023942 0.030303
0 0.531180 0.410287 0.020045 0.023126
0 0.532572 0.465311 0.021715 0.024721
0 0.564588 0.427432 0.026726 0.020734
0 0.407016 0.563796 0.031180 0.038278
0 0.285913 0.521930 0.021715 0.026316
0 0.288140 0.574960 0.016147 0.028708
0 0.633630 0.606858 0.015590 0.023923
0 0.685412 0.535088 0.016704 0.025518
0 0.628898 0.503589 0.028396 0.023126
0 0.786470 0.824960 0.018374 0.034290
0 0.756960 0.819777 0.035078 0.041467
0 0.871659 0.774322 0.027283 0.033493
0 0.920100 0.223285 0.019488 0.030303
0 0.807350 0.085327 0.026726 0.030303
0 0.776169 0.116029 0.022272 0.029506
0 0.215479 0.169856 0.028953 0.035088
0 0.243318 0.193780 0.022272 0.033493
0 0.338808 0.233652 0.013920 0.033493
0 0.466314 0.228868 0.020601 0.031898
0 0.567650 0.096093 0.016147 0.031100
0 0.532294 0.892743 0.028953 0.032695
0 0.723552 0.771132 0.019488 0.025518
0 0.110802 0.980861 0.023385 0.035088
0 0.093541 0.942185 0.016704 0.035885
0 0.113586 0.907496 0.016704 0.027113
0 0.215479 0.645136 0.018931 0.033493
0 0.398664 0.041866 0.015590 0.048644
0 0.849109 0.049841 0.023385 0.023126
0 0.016147 0.755981 0.030067 0.033493
0 0.312639 0.738038 0.026169 0.034290
0 0.376949 0.818182 0.023385 0.036683
0 0.113029 0.013955 0.026726 0.027911
0 0.582684 0.293461 0.023942 0.030303
0 0.592428 0.336523 0.028953 0.036683
0 0.780067 0.448963 0.027840 0.039872
0 0.967984 0.596093 0.030624 0.024721
0 0.817372 0.767145 0.025612 0.031898
0 0.749443 0.968900 0.028953 0.027113
0 0.431793 0.964912 0.023942 0.038278
0 0.086860 0.983254 0.021158 0.031898
0 0.132517 0.984450 0.024499 0.029506
0 0.388085 0.615231 0.021158 0.042265
0 0.409521 0.641148 0.033964 0.031898
0 0.439588 0.316188 0.019488 0.026316
0 0.618875 0.400319 0.030624 0.030303
0 0.925947 0.148325 0.024499 0.023923
0 0.860802 0.433014 0.018931 0.030303
0 0.992762 0.854466 0.012249 0.029506
0 0.443486 0.269537 0.022829 0.020734
0 0.531459 0.633971 0.022829 0.030303
0 0.820713 0.044657 0.020045 0.020734
0 0.110245 0.490829 0.021158 0.019936
0 0.106069 0.517145 0.046214 0.035885
0 0.091871 0.660287 0.021158 0.025518
0 0.126114 0.695375 0.019488 0.027113
0 0.133352 0.580542 0.032851 0.039872
0 0.527283 0.568581 0.023385 0.025518
0 0.488586 0.571770 0.019488 0.025518
0 0.912305 0.299043 0.021715 0.030303
0 0.606069 0.013955 0.023942 0.026316
0 0.632795 0.010766 0.023942 0.018341
0 0.448775 0.013557 0.032294 0.027113
0 0.417316 0.012360 0.026169 0.024721
0 0.515033 0.641148 0.021158 0.038278
0 0.528953 0.668660 0.026726 0.035885
0 0.289811 0.694577 0.022829 0.035088
0 0.300947 0.775120 0.028396 0.023923
0 0.231347 0.435805 0.013920 0.031100
0 0.015869 0.030303 0.018374 0.057416
0 0.006403 0.345694 0.012806 0.032695
0 0.092706 0.777113 0.032851 0.043860
0 0.194321 0.776316 0.026726 0.032695
0 0.182906 0.817783 0.019488 0.031100
0 0.015869 0.858054 0.026169 0.046252
0 0.670657 0.118820 0.031737 0.025518
0 0.810134 0.187002 0.030067 0.040670
0 0.790089 0.567783 0.022272 0.028708
0 0.582405 0.869617 0.017817 0.032695
0 0.942094 0.405502 0.031180 0.048644
0 0.760301 0.675040 0.026169 0.032695
0 0.506125 0.863238 0.027840 0.037480
0 0.491927 0.831738 0.026169 0.035088
0 0.284521 0.257576 0.024499 0.041467
0 0.320156 0.342105 0.030067 0.036683
0 0.138085 0.364434 0.024499 0.031898
0 0.154788 0.397927 0.036748 0.038278
0 0.123051 0.389553 0.013363 0.031100
0 0.221604 0.372010 0.023385 0.040670
0 0.854120 0.986443 0.020045 0.027113
0 0.815423 0.685407 0.021715 0.039075
0 0.437918 0.836922 0.023942 0.037480
0 0.650612 0.181419 0.026169 0.013557
0 0.668987 0.263557 0.022829 0.027911
0 0.767817 0.030303 0.022272 0.046252
0 0.475501 0.128788 0.018931 0.040670
0 0.900891 0.822967 0.014477 0.023923
0 0.826559 0.851675 0.028396 0.039872
0 0.824889 0.877592 0.026169 0.023126
0 0.804844 0.849681 0.020601 0.031100
0 0.961581 0.087321 0.032294 0.018341
0 0.513085 0.252392 0.017261 0.029506
0 0.580735 0.202552 0.025612 0.038278
0 0.618318 0.221292 0.027283 0.037480
0 0.659243 0.216507 0.017817 0.042265
0 0.557350 0.375598 0.025612 0.033493
0 0.792595 0.055821 0.026169 0.023923
0 0.601058 0.192584 0.021715 0.024721
0 0.692929 0.210128 0.019488 0.026316
0 0.726615 0.200159 0.011136 0.035088
0 0.088808 0.854067 0.016147 0.035088
0 0.441815 0.422249 0.029510 0.027911
0 0.488029 0.024322 0.033964 0.034290
0 0.384465 0.124801 0.028396 0.058214
0 0.316815 0.085726 0.021158 0.027911
0 0.259744 0.151515 0.023942 0.027113
0 0.479955 0.880781 0.020045 0.027911
0 0.317650 0.582536 0.031737 0.032695
0 0.261414 0.474482 0.025056 0.035088
0 0.260022 0.451356 0.032294 0.033493
0 0.244154 0.275120 0.028396 0.041467
0 0.238864 0.299043 0.026726 0.030303
0 0.223831 0.252791 0.023385 0.020734
0 0.316537 0.244817 0.021715 0.028708
0 0.739699 0.942584 0.032851 0.039872
0 0.621102 0.777911 0.020601 0.032695
0 0.664532 0.710526 0.022829 0.022329
0 0.722439 0.424641 0.022829 0.027911
0 0.660078 0.388357 0.022829 0.027113
0 0.706570 0.796252 0.022272 0.032695
0 0.964365 0.567384 0.016704 0.035885
0 0.164532 0.132376 0.032851 0.027113
0 0.751949 0.573365 0.017261 0.023923
0 0.818764 0.584131 0.022829 0.023126
0 0.510022 0.474880 0.033408 0.040670
0 0.083519 0.710128 0.030067 0.031100
0 0.116370 0.317384 0.017817 0.022329
0 0.101615 0.262360 0.011693 0.022329
0 0.082962 0.120813 0.024499 0.023126
0 0.145601 0.208134 0.012806 0.015949
0 0.245546 0.050638 0.014477 0.016746
0 0.528118 0.167464 0.012806 0.030303
0 0.521158 0.029506 0.012249 0.019139
0 0.532572 0.017544 0.017261 0.025518
0 0.556236 0.180622 0.010022 0.016746
0 0.596047 0.110048 0.011693 0.017544
0 0.748051 0.046651 0.017261 0.035885
0 0.967149 0.121212 0.017817 0.019139
0 0.958241 0.291467 0.020045 0.031100
0 0.734967 0.258772 0.011136 0.045455
0 0.745546 0.176635 0.013363 0.027911
0 0.757517 0.140351 0.009465 0.020734
0 0.755290 0.159490 0.011693 0.033493
0 0.575445 0.175837 0.017261 0.018341
0 0.538419 0.262759 0.017817 0.021531
0 0.672327 0.135566 0.021715 0.017544
0 0.268096 0.282695 0.009465 0.016746
0 0.267817 0.293860 0.007795 0.013557
0 0.306793 0.319378 0.016704 0.037480
0 0.363307 0.233652 0.018374 0.035088
0 0.684855 0.360048 0.014477 0.021531
0 0.173441 0.514753 0.020601 0.035885
0 0.342706 0.622010 0.013920 0.028708
0 0.319042 0.620016 0.025612 0.034290
0 0.298441 0.633573 0.027840 0.037480
0 0.403396 0.789872 0.018374 0.018341
0 0.410913 0.751994 0.014477 0.020734
0 0.410635 0.775917 0.015033 0.022329
0 0.419265 0.732057 0.013363 0.015949
0 0.429566 0.707337 0.010579 0.014354
0 0.440145 0.725678 0.011693 0.020734
0 0.548998 0.722089 0.022272 0.023126
0 0.691815 0.619617 0.013920 0.019139
0 0.780067 0.780702 0.013363 0.020734
0 0.679566 0.801834 0.018374 0.023126
0 0.965200 0.824561 0.011693 0.044657
0 0.960189 0.902313 0.010579 0.024721
0 0.971882 0.879585 0.008352 0.028708
0 0.965479 0.922648 0.007795 0.028708
0 0.977728 0.839713 0.015590 0.035088
0 0.681236 0.988437 0.032851 0.023126
0 0.448218 0.976077 0.013363 0.030303
0 0.361637 0.917065 0.016147 0.027113
0 0.694321 0.573365 0.016704 0.038278
0 0.571826 0.503987 0.015590 0.022329
0 0.605791 0.546651 0.025612 0.016746
0 0.609410 0.566986 0.033964 0.030303
0 0.472717 0.480463 0.023385 0.031100
0 0.969655 0.548246 0.017261 0.040670
0 0.985802 0.583333 0.012806 0.015152
0 0.910913 0.074561 0.026726 0.015152
0 0.936526 0.068182 0.020045 0.018341
0 0.742762 0.749601 0.008909 0.011164
0 0.759465 0.746013 0.013363 0.015152
0 0.949332 0.566986 0.011136 0.030303
0 0.564866 0.534689 0.020601 0.018341
0 0.397550 0.308612 0.012249 0.014354
0 0.412584 0.386364 0.018931 0.019936
0 0.006682 0.313796 0.013363 0.024721
0 0.075445 0.372408 0.011693 0.027113
0 0.049833 0.392344 0.009465 0.017544
0 0.054009 0.368022 0.008909 0.018341
0 0.082684 0.396332 0.009465 0.020734
0 0.065702 0.346491 0.007795 0.023126
0 0.071548 0.425040 0.013920 0.031898
0 0.217984 0.594099 0.016147 0.025518
0 0.599666 0.911483 0.014477 0.025518
0 0.614421 0.856061 0.016147 0.021531
0 0.600780 0.870813 0.012249 0.027113
0 0.908129 0.763955 0.020045 0.025518
0 0.033129 0.051435 0.015033 0.023126
0 0.091592 0.033892 0.016147 0.021531
0 0.219933 0.846093 0.016704 0.025518
0 0.288419 0.913078 0.015590 0.031898
0 0.298719 0.953748 0.016147 0.020734
0 0.949889 0.545853 0.010022 0.011962
0 0.298719 0.023525 0.010579 0.027911
0 0.069599 0.144737 0.017817 0.023126
1 0.015033 0.498804 0.013363 0.021531
1 0.043430 0.552233 0.011136 0.016746
1 0.006960 0.519936 0.012806 0.014354
1 0.014755 0.531898 0.009465 0.012759
1 0.039532 0.514354 0.007795 0.009569
1 0.108296 0.578947 0.011693 0.027113
1 0.230512 0.669059 0.011136 0.017544
1 0.342149 0.837719 0.009465 0.013557
1 0.356626 0.808214 0.008352 0.011962
1 0.364421 0.829745 0.007238 0.013557
1 0.339644 0.678628 0.012249 0.022329
1 0.548719 0.073365 0.015033 0.022329
1 0.768931 0.151515 0.011136 0.025518
1 0.554566 0.490829 0.011136 0.015152
1 0.486637 0.168262 0.007795 0.019139
1 0.256403 0.029506 0.010579 0.020734
1 0.271158 0.021132 0.012249 0.021531
1 0.274777 0.045056 0.011693 0.016746
1 0.814866 0.015949 0.016147 0.019139
1 0.667595 0.476475 0.010022 0.013557
1 0.261414 0.720096 0.015033 0.014354
1 0.262806 0.430622 0.013363 0.017544
1 0.270601 0.419059 0.008909 0.015152
1 0.933742 0.485646 0.014477 0.025518
1 0.927617 0.511962 0.008909 0.019139
1 0.909243 0.513158 0.008909 0.015152
1 0.914532 0.505582 0.007238 0.019139
1 0.742205 0.762759 0.014477 0.015152
1 0.770880 0.757177 0.012806 0.013557
1 0.420100 0.330144 0.013920 0.015949
1 0.319878 0.494019 0.012806 0.019936
1 0.342984 0.912679 0.012249 0.021531
1 0.354677 0.988038 0.008909 0.011164
1 0.035356 0.476077 0.013920 0.019139
1 0.071269 0.492424 0.016704 0.018341
1 0.036192 0.437400 0.012249 0.021531
1 0.029232 0.451356 0.008352 0.015949
1 0.089365 0.488038 0.013920 0.014354
1 0.923719 0.023923 0.010022 0.017544
1 0.956570 0.015550 0.011136 0.013557
1 0.950445 0.005183 0.014477 0.010367
1 0.432906 0.240431 0.015033 0.026316
1 0.051782 0.411085 0.008909 0.018341
1 0.057071 0.450957 0.007238 0.015152
1 0.051225 0.652711 0.008909 0.029506
1 0.429287 0.726475 0.010022 0.017544
1 0.701281 0.673844 0.010579 0.014354
1 0.705735 0.659091 0.009465 0.013557
1 0.700167 0.649522 0.009465 0.011962
1 0.563753 0.486045 0.010579 0.013557
1 0.907851 0.385566 0.019488 0.039075
