1 0.029586 0.099057 0.047337 0.078616
1 0.084320 0.117925 0.038462 0.072327
1 0.143491 0.025157 0.056213 0.044025
1 0.143491 0.095912 0.044379 0.034591
1 0.233728 0.055031 0.053254 0.040881
1 0.187870 0.056604 0.038462 0.044025
1 0.304734 0.073899 0.047337 0.072327
1 0.236686 0.149371 0.035503 0.084906
1 0.210059 0.209119 0.035503 0.066038
1 0.100592 0.196541 0.047337 0.059748
1 0.155325 0.161950 0.038462 0.066038
1 0.038462 0.209119 0.059172 0.047170
1 0.068047 0.257862 0.041420 0.062893
1 0.051775 0.311321 0.044379 0.056604
1 0.100592 0.352201 0.041420 0.056604
1 0.152367 0.375786 0.044379 0.059748
1 0.195266 0.358491 0.041420 0.069182
1 0.059172 0.427673 0.035503 0.044025
1 0.047337 0.498428 0.047337 0.053459
1 0.223373 0.284591 0.085799 0.053459
1 0.282544 0.231132 0.050296 0.066038
1 0.260355 0.344340 0.047337 0.047170
1 0.227811 0.422956 0.082840 0.066038
1 0.131657 0.561321 0.056213 0.053459
1 0.173077 0.526730 0.062130 0.053459
1 0.260355 0.473270 0.053254 0.047170
1 0.343195 0.471698 0.041420 0.062893
1 0.334320 0.369497 0.047337 0.059748
1 0.366864 0.067610 0.035503 0.034591
1 0.431953 0.062893 0.059172 0.069182
1 0.474852 0.105346 0.050296 0.053459
1 0.440828 0.149371 0.047337 0.047170
1 0.498521 0.163522 0.044379 0.062893
1 0.455621 0.207547 0.047337 0.031447
1 0.310651 0.284591 0.047337 0.053459
1 0.369822 0.289308 0.053254 0.075472
1 0.393491 0.235849 0.041420 0.075472
1 0.319527 0.327044 0.053254 0.050314
1 0.353550 0.180818 0.050296 0.059748
1 0.156805 0.477987 0.041420 0.044025
1 0.051775 0.649371 0.038462 0.053459
1 0.085799 0.718553 0.047337 0.053459
1 0.127219 0.693396 0.053254 0.066038
1 0.100592 0.647799 0.035503 0.044025
1 0.155325 0.614780 0.073964 0.053459
1 0.306213 0.580189 0.044379 0.066038
1 0.338757 0.551887 0.038462 0.053459
1 0.349112 0.685535 0.047337 0.056604
1 0.380178 0.619497 0.038462 0.075472
1 0.424556 0.665094 0.068047 0.053459
1 0.461538 0.595912 0.053254 0.053459
1 0.393491 0.533019 0.053254 0.066038
1 0.433432 0.512579 0.032544 0.069182
1 0.392012 0.460692 0.050296 0.059748
1 0.433432 0.341195 0.056213 0.047170
1 0.463018 0.261006 0.050296 0.069182
1 0.497041 0.295597 0.041420 0.056604
1 0.505917 0.358491 0.047337 0.062893
1 0.483728 0.443396 0.062130 0.069182
1 0.500000 0.522013 0.041420 0.056604
1 0.548817 0.509434 0.056213 0.050314
1 0.451183 0.718553 0.062130 0.059748
1 0.507396 0.677673 0.062130 0.053459
1 0.572485 0.699686 0.062130 0.053459
1 0.553254 0.644654 0.047337 0.056604
1 0.587278 0.622642 0.050296 0.062893
1 0.522189 0.044025 0.038462 0.050314
1 0.576923 0.073899 0.047337 0.072327
1 0.538462 0.100629 0.047337 0.050314
1 0.560651 0.146226 0.044379 0.053459
1 0.600592 0.147799 0.035503 0.056604
1 0.582840 0.232704 0.053254 0.062893
1 0.559172 0.294025 0.053254 0.059748
1 0.568047 0.349057 0.053254 0.050314
1 0.019231 0.724843 0.026627 0.028302
1 0.591716 0.471698 0.029586 0.069182
1 0.603550 0.402516 0.041420 0.056604
1 0.633136 0.358491 0.053254 0.056604
1 0.678994 0.339623 0.038462 0.062893
1 0.656805 0.426101 0.053254 0.059748
1 0.710059 0.421384 0.047337 0.044025
1 0.649408 0.484277 0.056213 0.056604
1 0.707101 0.465409 0.047337 0.037736
1 0.761834 0.443396 0.044379 0.062893
1 0.760355 0.518868 0.041420 0.069182
1 0.711538 0.525157 0.056213 0.075472
1 0.667160 0.555031 0.038462 0.053459
1 0.636095 0.268868 0.053254 0.053459
1 0.681953 0.257862 0.044379 0.056604
1 0.640533 0.073899 0.062130 0.066038
1 0.637574 0.155660 0.044379 0.066038
1 0.633136 0.209119 0.029586 0.040881
1 0.692308 0.182390 0.035503 0.037736
1 0.640533 0.630503 0.044379 0.066038
1 0.704142 0.605346 0.059172 0.059748
1 0.782544 0.591195 0.062130 0.056604
1 0.850592 0.588050 0.044379 0.062893
1 0.897929 0.627358 0.050296 0.053459
1 0.869822 0.356918 0.053254 0.066038
1 0.886095 0.400943 0.050296 0.047170
1 0.849112 0.525157 0.065089 0.037736
1 0.727811 0.136792 0.041420 0.040881
1 0.757396 0.099057 0.088757 0.053459
1 0.838757 0.034591 0.050296 0.050314
1 0.835799 0.114780 0.044379 0.059748
1 0.782544 0.161950 0.050296 0.040881
1 0.878698 0.179245 0.053254 0.062893
1 0.946746 0.182390 0.065089 0.062893
1 0.838757 0.218553 0.038462 0.040881
1 0.912722 0.237421 0.044379 0.053459
1 0.961538 0.245283 0.047337 0.031447
1 0.980769 0.294025 0.032544 0.059748
1 0.940828 0.396226 0.041420 0.044025
1 0.928994 0.344340 0.041420 0.040881
1 0.923077 0.305031 0.029586 0.031447
1 0.968935 0.696541 0.044379 0.066038
1 0.826923 0.663522 0.038462 0.062893
1 0.850592 0.709119 0.038462 0.053459
1 0.773669 0.693396 0.068047 0.078616
1 0.794379 0.727987 0.044379 0.053459
1 0.803254 0.775157 0.038462 0.034591
1 0.747041 0.757862 0.050296 0.062893
1 0.880178 0.764151 0.050296 0.062893
1 0.934911 0.781447 0.059172 0.047170
1 0.914201 0.949686 0.053254 0.056604
1 0.721893 0.893082 0.041420 0.037736
1 0.696746 0.877358 0.032544 0.037736
1 0.729290 0.833333 0.050296 0.056604
1 0.661243 0.852201 0.050296 0.062893
1 0.624260 0.938679 0.041420 0.053459
1 0.553254 0.830189 0.041420 0.050314
1 0.571006 0.759434 0.053254 0.034591
1 0.572485 0.893082 0.026627 0.050314
1 0.547337 0.904088 0.035503 0.040881
1 0.547337 0.955975 0.041420 0.056604
1 0.500000 0.885220 0.041420 0.066038
1 0.460059 0.844340 0.038462 0.053459
1 0.463018 0.979560 0.050296 0.034591
1 0.397929 0.861635 0.056213 0.050314
1 0.406805 0.795597 0.044379 0.069182
1 0.369822 0.740566 0.053254 0.047170
1 0.313609 0.971698 0.059172 0.050314
1 0.423077 0.902516 0.041420 0.050314
1 0.366864 0.919811 0.071006 0.066038
1 0.284024 0.922956 0.047337 0.059748
1 0.353550 0.819182 0.050296 0.072327
1 0.288462 0.853774 0.073964 0.053459
1 0.310651 0.795597 0.059172 0.062893
1 0.252959 0.820755 0.044379 0.062893
1 0.029586 0.814465 0.047337 0.044025
1 0.026627 0.866352 0.041420 0.034591
1 0.100592 0.797170 0.076923 0.059748
1 0.103550 0.885220 0.029586 0.059748
1 0.106509 0.940252 0.029586 0.031447
1 0.174556 0.797170 0.047337 0.053459
1 0.202663 0.839623 0.056213 0.062893
1 0.232249 0.897799 0.050296 0.072327
1 0.165680 0.981132 0.041420 0.031447
