3 0.144163 0.338318 0.054852 0.085981
3 0.184248 0.568224 0.098453 0.157009
3 0.051336 0.749533 0.074543 0.097196
3 0.375527 0.462617 0.095640 0.125234
3 0.432489 0.360748 0.082982 0.104673
3 0.517581 0.471028 0.090014 0.130841
3 0.371308 0.164486 0.073136 0.115888
3 0.627286 0.081308 0.078762 0.128972
3 0.825598 0.275701 0.087201 0.095327
3 0.868495 0.382243 0.088608 0.110280
3 0.951477 0.414953 0.080169 0.115888
3 0.611814 0.914953 0.078762 0.110280
3 0.427567 0.675701 0.061885 0.121495
3 0.545007 0.792523 0.102672 0.127103
3 0.564698 0.664486 0.068917 0.095327
3 0.300281 0.429907 0.060478 0.104673
3 0.930380 0.129907 0.080169 0.095327
