1 0.755208 0.263819 0.114583 0.095477
1 0.593750 0.728643 0.093750 0.100503
1 0.135417 0.301508 0.083333 0.100503
1 0.200521 0.371859 0.078125 0.090452
1 0.575521 0.090452 0.088542 0.090452
1 0.468750 0.258794 0.093750 0.085427
1 0.794271 0.110553 0.098958 0.100503
1 0.348958 0.170854 0.093750 0.080402
1 0.414062 0.439698 0.067708 0.075377
2 0.752604 0.399497 0.130208 0.125628
2 0.299479 0.520101 0.130208 0.125628
2 0.184896 0.605528 0.140625 0.125628
2 0.593750 0.243719 0.135417 0.135678
2 0.559896 0.407035 0.130208 0.170854
2 0.494792 0.565327 0.135417 0.125628
2 0.356771 0.339196 0.140625 0.105528
