0 0.834961 0.248047 0.056641 0.042969
0 0.846680 0.162109 0.091797 0.066406
0 0.722656 0.115234 0.046875 0.054688
0 0.968750 0.045898 0.058594 0.064453
0 0.697266 0.059570 0.046875 0.056641
1 0.210938 0.043945 0.019531 0.029297
1 0.011719 0.070312 0.023438 0.031250
1 0.276367 0.237305 0.041016 0.044922
1 0.132812 0.250977 0.027344 0.029297
1 0.692383 0.261719 0.029297 0.027344
1 0.052734 0.341797 0.039062 0.046875
1 0.101562 0.351562 0.035156 0.046875
1 0.656250 0.440430 0.023438 0.033203
1 0.023438 0.458984 0.031250 0.031250
1 0.424805 0.473633 0.033203 0.056641
1 0.571289 0.497070 0.044922 0.052734
1 0.608398 0.513672 0.029297 0.031250
1 0.455078 0.521484 0.035156 0.054688
1 0.590820 0.536133 0.029297 0.029297
1 0.051758 0.564453 0.037109 0.046875
1 0.550781 0.609375 0.039062 0.035156
1 0.946289 0.658203 0.041016 0.035156
1 0.330078 0.662109 0.027344 0.042969
1 0.571289 0.750977 0.037109 0.033203
1 0.843750 0.858398 0.042969 0.041016
1 0.452148 0.978516 0.029297 0.039062
1 0.728516 0.982422 0.027344 0.031250
1 0.387695 0.016602 0.037109 0.033203
1 0.248047 0.019531 0.046875 0.035156
1 0.021484 0.029297 0.035156 0.050781
1 0.016602 0.126953 0.025391 0.042969
1 0.344727 0.156250 0.033203 0.050781
1 0.541016 0.158203 0.035156 0.039062
1 0.136719 0.184570 0.031250 0.056641
1 0.230469 0.195312 0.035156 0.046875
1 0.056641 0.199219 0.027344 0.054688
1 0.181641 0.214844 0.031250 0.050781
1 0.101562 0.220703 0.035156 0.042969
1 0.459961 0.251953 0.033203 0.046875
1 0.356445 0.256836 0.025391 0.044922
1 0.073242 0.263672 0.037109 0.042969
1 0.578125 0.272461 0.035156 0.037109
1 0.196289 0.280273 0.044922 0.037109
1 0.415039 0.283203 0.033203 0.039062
1 0.789062 0.286133 0.031250 0.037109
1 0.519531 0.296875 0.031250 0.046875
1 0.350586 0.306641 0.041016 0.042969
1 0.032227 0.314453 0.041016 0.042969
1 0.140625 0.319336 0.031250 0.048828
1 0.183594 0.333008 0.035156 0.033203
1 0.378906 0.348633 0.042969 0.044922
1 0.478516 0.350586 0.035156 0.041016
1 0.796875 0.364258 0.039062 0.037109
1 0.200195 0.374023 0.044922 0.041016
1 0.153320 0.375000 0.037109 0.039062
1 0.121094 0.403320 0.039062 0.029297
1 0.811523 0.404297 0.033203 0.035156
1 0.637695 0.407227 0.037109 0.037109
1 0.328125 0.412109 0.039062 0.042969
1 0.015625 0.413086 0.031250 0.041016
1 0.553711 0.437500 0.029297 0.050781
1 0.363281 0.444336 0.027344 0.037109
1 0.137695 0.449219 0.033203 0.035156
1 0.250977 0.459961 0.029297 0.037109
1 0.293945 0.461914 0.041016 0.044922
1 0.814453 0.467773 0.031250 0.033203
1 0.171875 0.471680 0.042969 0.052734
1 0.074219 0.491211 0.035156 0.041016
1 0.939453 0.496094 0.035156 0.039062
1 0.222656 0.499023 0.031250 0.044922
1 0.135742 0.500977 0.037109 0.041016
1 0.340820 0.504883 0.044922 0.052734
1 0.881836 0.505859 0.033203 0.042969
1 0.258789 0.510742 0.025391 0.041016
1 0.915039 0.538086 0.033203 0.048828
1 0.012695 0.547852 0.025391 0.037109
1 0.229492 0.548828 0.044922 0.046875
1 0.485352 0.547852 0.033203 0.033203
1 0.406250 0.565430 0.039062 0.041016
1 0.517578 0.570312 0.035156 0.039062
1 0.112305 0.582031 0.037109 0.039062
1 0.589844 0.588867 0.031250 0.033203
1 0.280273 0.591797 0.052734 0.039062
1 0.162109 0.594727 0.042969 0.033203
1 0.976562 0.631836 0.035156 0.041016
1 0.915039 0.636719 0.037109 0.035156
1 0.284180 0.649414 0.048828 0.041016
1 0.392578 0.658203 0.042969 0.046875
1 0.445312 0.664062 0.031250 0.031250
1 0.535156 0.680664 0.042969 0.037109
1 0.016602 0.689453 0.033203 0.035156
1 0.633789 0.694336 0.041016 0.025391
1 0.563477 0.717773 0.037109 0.037109
1 0.520508 0.738281 0.037109 0.039062
1 0.851562 0.742188 0.046875 0.042969
1 0.481445 0.748047 0.033203 0.039062
1 0.602539 0.786133 0.048828 0.044922
1 0.941406 0.796875 0.039062 0.050781
1 0.527344 0.794922 0.042969 0.031250
1 0.463867 0.801758 0.044922 0.041016
1 0.357422 0.827148 0.042969 0.048828
1 0.410156 0.833984 0.039062 0.039062
1 0.505859 0.840820 0.050781 0.033203
1 0.555664 0.852539 0.041016 0.037109
1 0.623047 0.888672 0.031250 0.042969
1 0.200195 0.897461 0.041016 0.044922
1 0.412109 0.906250 0.058594 0.035156
1 0.820312 0.915039 0.035156 0.048828
1 0.502930 0.921875 0.033203 0.042969
1 0.544922 0.932617 0.035156 0.041016
1 0.654297 0.934570 0.042969 0.056641
1 0.906250 0.943359 0.031250 0.054688
1 0.705078 0.943359 0.039062 0.039062
1 0.870117 0.954102 0.033203 0.052734
1 0.273438 0.963867 0.042969 0.048828
1 0.609375 0.964844 0.031250 0.042969
1 0.560547 0.970703 0.039062 0.035156
1 0.812500 0.976562 0.039062 0.046875
1 0.509766 0.983398 0.031250 0.029297
1 0.945312 0.413086 0.050781 0.029297
1 0.846680 0.336914 0.033203 0.033203
1 0.399414 0.777344 0.033203 0.039062
1 0.125977 0.823242 0.048828 0.060547
1 0.753906 0.918945 0.035156 0.044922
1 0.427734 0.708008 0.039062 0.037109
1 0.450195 0.699219 0.033203 0.035156
1 0.892578 0.381836 0.035156 0.029297
1 0.222656 0.451172 0.035156 0.035156
1 0.376953 0.078125 0.031250 0.054688
1 0.208008 0.938477 0.041016 0.033203
