0 0.915525 0.180067 0.050228 0.051926
0 0.821157 0.241206 0.059361 0.056951
0 0.685693 0.113903 0.044140 0.070352
0 0.770928 0.221943 0.044140 0.045226
0 0.601979 0.293970 0.038052 0.048576
0 0.378234 0.170854 0.038052 0.043551
0 0.939878 0.434673 0.038052 0.051926
0 0.949772 0.399497 0.045662 0.028476
0 0.976408 0.350921 0.028919 0.031826
0 0.777778 0.347571 0.048706 0.041876
1 0.098935 0.043551 0.027397 0.030151
1 0.126332 0.053601 0.024353 0.026801
1 0.161339 0.112228 0.027397 0.030151
1 0.209285 0.113065 0.025875 0.028476
1 0.222222 0.061139 0.027397 0.028476
1 0.190259 0.076214 0.027397 0.031826
1 0.318113 0.082915 0.030441 0.031826
1 0.120244 0.168342 0.033486 0.031826
1 0.121005 0.127303 0.022831 0.030151
1 0.082192 0.089615 0.027397 0.031826
1 0.221461 0.172529 0.025875 0.030151
1 0.203957 0.193467 0.033486 0.045226
1 0.333333 0.169179 0.027397 0.033501
1 0.419330 0.200168 0.022831 0.031826
1 0.461187 0.180067 0.033486 0.051926
1 0.429985 0.133166 0.028919 0.028476
1 0.391933 0.127303 0.025875 0.033501
1 0.517504 0.212730 0.027397 0.036851
1 0.468798 0.273032 0.027397 0.033501
1 0.365297 0.283920 0.027397 0.028476
1 0.420091 0.283920 0.030441 0.028476
1 0.236682 0.273869 0.028919 0.031826
1 0.261796 0.290620 0.030441 0.028476
1 0.318874 0.282245 0.025875 0.025126
1 0.140030 0.244556 0.027397 0.033501
1 0.199391 0.252931 0.027397 0.026801
1 0.194825 0.329146 0.024353 0.028476
1 0.161339 0.340034 0.027397 0.030151
1 0.141553 0.299832 0.027397 0.026801
1 0.115677 0.288945 0.027397 0.028476
1 0.064688 0.264657 0.025875 0.030151
1 0.091324 0.355946 0.027397 0.028476
1 0.122527 0.361809 0.019787 0.026801
1 0.104262 0.324121 0.025875 0.031826
1 0.145358 0.383585 0.025875 0.030151
1 0.177321 0.372697 0.025875 0.031826
1 0.198630 0.393635 0.028919 0.033501
1 0.280061 0.247069 0.024353 0.028476
1 0.296804 0.326633 0.033486 0.043551
1 0.327245 0.326633 0.021309 0.030151
1 0.275495 0.702680 0.024353 0.028476
1 0.273973 0.673367 0.030441 0.026801
1 0.304414 0.696817 0.027397 0.033501
1 0.329528 0.686767 0.022831 0.040201
1 0.366058 0.652429 0.025875 0.021776
1 0.365297 0.627303 0.024353 0.028476
1 0.402588 0.640704 0.028919 0.031826
1 0.436834 0.656616 0.027397 0.030151
1 0.421613 0.726968 0.030441 0.030151
1 0.460426 0.700168 0.028919 0.030151
1 0.484779 0.692630 0.022831 0.025126
1 0.470320 0.730318 0.030441 0.026801
1 0.390411 0.741206 0.031963 0.031826
1 0.369102 0.709380 0.022831 0.038526
1 0.398782 0.688442 0.027397 0.030151
1 0.328767 0.737018 0.021309 0.033501
1 0.356164 0.742044 0.027397 0.030151
1 0.372907 0.821608 0.030441 0.028476
1 0.267884 0.517588 0.024353 0.026801
1 0.277778 0.549414 0.025875 0.026801
1 0.277017 0.580402 0.024353 0.031826
1 0.312024 0.564489 0.027397 0.026801
1 0.349315 0.550251 0.041096 0.028476
1 0.362253 0.589615 0.030441 0.030151
1 0.412481 0.597990 0.021309 0.036851
1 0.404871 0.570352 0.027397 0.031826
1 0.332572 0.623953 0.022831 0.038526
1 0.315068 0.639866 0.027397 0.023451
1 0.299848 0.603015 0.024353 0.026801
1 0.251142 0.610553 0.027397 0.031826
1 0.205479 0.577889 0.033486 0.033501
1 0.184932 0.602178 0.022831 0.031826
1 0.207763 0.643216 0.022831 0.033501
1 0.229072 0.661642 0.019787 0.030151
1 0.242009 0.695142 0.033486 0.030151
1 0.246575 0.732831 0.027397 0.031826
1 0.218417 0.719430 0.025875 0.035176
1 0.195586 0.685930 0.028919 0.028476
1 0.161339 0.694305 0.030441 0.028476
1 0.124049 0.665829 0.028919 0.025126
1 0.114916 0.634003 0.031963 0.035176
1 0.153729 0.600503 0.033486 0.031826
1 0.022070 0.976549 0.025875 0.036851
1 0.053272 0.934673 0.024353 0.026801
1 0.031202 0.914573 0.025875 0.030151
1 0.061644 0.883585 0.025875 0.031826
1 0.084475 0.888610 0.025875 0.035176
1 0.097412 0.931323 0.030441 0.030151
1 0.063166 0.963149 0.028919 0.033501
1 0.101218 0.981575 0.025875 0.033501
1 0.124810 0.982412 0.024353 0.031826
1 0.136986 0.948911 0.021309 0.025126
1 0.151446 0.979899 0.028919 0.026801
1 0.179604 0.985762 0.027397 0.028476
1 0.179604 0.951424 0.027397 0.030151
1 0.204718 0.913735 0.028919 0.035176
1 0.156012 0.912898 0.028919 0.033501
1 0.226788 0.978224 0.027397 0.033501
1 0.249619 0.936348 0.027397 0.033501
1 0.283105 0.902848 0.030441 0.026801
1 0.256469 0.886935 0.028919 0.051926
1 0.274734 0.961474 0.022831 0.026801
1 0.283866 0.939698 0.028919 0.026801
1 0.340944 0.905360 0.030441 0.035176
1 0.124810 0.853434 0.027397 0.035176
1 0.159817 0.845896 0.027397 0.030151
1 0.136225 0.805695 0.035008 0.030151
1 0.094368 0.801508 0.021309 0.045226
1 0.050989 0.822446 0.031963 0.033501
1 0.012938 0.826633 0.025875 0.031826
1 0.217656 0.850921 0.036530 0.036851
1 0.245053 0.829146 0.033486 0.030151
1 0.196347 0.800670 0.027397 0.033501
1 0.219939 0.791457 0.028919 0.031826
1 0.133181 0.773869 0.028919 0.030151
1 0.055556 0.752094 0.019787 0.020101
1 0.082953 0.748744 0.025875 0.036851
1 0.159056 0.745394 0.031963 0.040201
1 0.118721 0.722781 0.024353 0.025126
1 0.113394 0.749581 0.025875 0.028476
1 0.083714 0.705193 0.030441 0.026801
1 0.067732 0.664154 0.028919 0.048576
1 0.045662 0.702680 0.027397 0.031826
1 0.042618 0.610553 0.027397 0.028476
1 0.010654 0.672529 0.021309 0.031826
1 0.066210 0.586265 0.025875 0.030151
1 0.103501 0.581240 0.021309 0.026801
1 0.135464 0.556951 0.027397 0.028476
1 0.168950 0.551089 0.027397 0.036851
1 0.141553 0.511725 0.027397 0.028476
1 0.047184 0.409548 0.027397 0.031826
1 0.101979 0.422111 0.024353 0.030151
1 0.111872 0.456449 0.019787 0.028476
1 0.092085 0.492462 0.028919 0.033501
1 0.076865 0.523451 0.028919 0.025126
1 0.047945 0.478224 0.025875 0.035176
1 0.079909 0.439698 0.028919 0.025126
1 0.140030 0.479062 0.027397 0.033501
1 0.182648 0.475712 0.030441 0.033501
1 0.195586 0.504188 0.028919 0.030151
1 0.246575 0.479062 0.027397 0.033501
1 0.274734 0.440536 0.025875 0.033501
1 0.305175 0.390285 0.028919 0.023451
1 0.233638 0.538526 0.028919 0.025126
1 0.296043 0.479062 0.028919 0.033501
1 0.308219 0.795645 0.022831 0.030151
1 0.327245 0.817420 0.030441 0.033501
1 0.434551 0.788107 0.022831 0.035176
1 0.458143 0.776382 0.024353 0.035176
1 0.519026 0.737856 0.024353 0.031826
1 0.520548 0.770519 0.027397 0.030151
1 0.807458 0.784757 0.028919 0.031826
1 0.741248 0.819095 0.027397 0.026801
1 0.694064 0.830821 0.024353 0.026801
1 0.247336 0.779732 0.031963 0.025126
1 0.271689 0.807370 0.019787 0.030151
1 0.289193 0.853434 0.027397 0.031826
1 0.375190 0.920436 0.025875 0.035176
1 0.411720 0.915410 0.025875 0.035176
1 0.401826 0.871022 0.030441 0.033501
1 0.364536 0.871022 0.028919 0.033501
1 0.409437 0.978224 0.027397 0.030151
1 0.449011 0.971524 0.027397 0.030151
1 0.496956 0.940536 0.028919 0.031826
1 0.522831 0.927973 0.025875 0.030151
1 0.554795 0.924623 0.019787 0.036851
1 0.577626 0.912898 0.028919 0.030151
1 0.906393 0.898660 0.028919 0.035176
1 0.961187 0.890285 0.028919 0.028476
1 0.981735 0.867672 0.033486 0.023451
1 0.976408 0.831658 0.031963 0.031826
1 0.945205 0.835008 0.027397 0.028476
1 0.839422 0.917085 0.028919 0.031826
1 0.919330 0.977387 0.024353 0.025126
1 0.858447 0.969849 0.021309 0.020101
1 0.810502 0.976549 0.028919 0.030151
1 0.812785 0.876047 0.027397 0.026801
1 0.802131 0.927136 0.030441 0.035176
1 0.786910 0.895310 0.024353 0.028476
1 0.761035 0.935511 0.024353 0.031826
1 0.748097 0.966499 0.022831 0.026801
1 0.732116 0.891122 0.021309 0.026801
1 0.350076 0.974037 0.021309 0.031826
1 0.374429 0.977387 0.021309 0.028476
1 0.327245 0.978224 0.024353 0.030151
1 0.450533 0.939698 0.030441 0.026801
1 0.491629 0.883585 0.027397 0.021776
1 0.514460 0.871022 0.033486 0.030151
1 0.475647 0.855109 0.028919 0.031826
1 0.492390 0.822446 0.025875 0.033501
1 0.470320 0.816583 0.024353 0.035176
1 0.445205 0.891122 0.025875 0.026801
1 0.525114 0.972362 0.033486 0.031826
1 0.579148 0.947236 0.028919 0.028476
1 0.620244 0.914573 0.025875 0.026801
1 0.594368 0.404523 0.028919 0.031826
1 0.610350 0.376047 0.024353 0.028476
1 0.654490 0.408710 0.027397 0.030151
1 0.678843 0.372697 0.024353 0.025126
1 0.705479 0.371859 0.025875 0.030151
1 0.700152 0.511725 0.033486 0.035176
1 0.766362 0.469849 0.028919 0.025126
1 0.799848 0.499162 0.028919 0.030151
1 0.850076 0.484925 0.025875 0.025126
1 0.602740 0.550251 0.027397 0.031826
1 0.657534 0.552764 0.024353 0.033501
1 0.684170 0.561139 0.035008 0.036851
1 0.717656 0.544389 0.025875 0.033501
1 0.740487 0.532663 0.022831 0.026801
1 0.790715 0.559464 0.025875 0.026801
1 0.850837 0.541876 0.030441 0.035176
1 0.624810 0.597990 0.025875 0.026801
1 0.652207 0.601340 0.025875 0.033501
1 0.633181 0.635678 0.027397 0.035176
1 0.649163 0.656616 0.028919 0.030151
1 0.691020 0.610553 0.027397 0.035176
1 0.717656 0.587102 0.025875 0.025126
1 0.799087 0.604690 0.030441 0.026801
1 0.798326 0.582077 0.025875 0.018425
1 0.834855 0.608040 0.028919 0.033501
1 0.608828 0.621441 0.021309 0.033501
1 0.576865 0.519263 0.036530 0.043551
1 0.575342 0.544389 0.024353 0.030151
1 0.593607 0.448074 0.027397 0.031826
1 0.623288 0.431323 0.022831 0.021776
1 0.649924 0.451424 0.033486 0.031826
1 0.637747 0.499162 0.030441 0.030151
1 0.538813 0.559464 0.027397 0.040201
1 0.525875 0.596315 0.028919 0.030151
1 0.537291 0.646566 0.024353 0.036851
1 0.512938 0.640704 0.024353 0.025126
1 0.465753 0.557789 0.030441 0.030151
1 0.512177 0.525126 0.028919 0.031826
1 0.494673 0.484925 0.027397 0.028476
1 0.407915 0.340034 0.030441 0.026801
1 0.406393 0.375209 0.027397 0.033501
1 0.441400 0.358459 0.027397 0.023451
1 0.482496 0.378559 0.027397 0.030151
1 0.519787 0.371859 0.031963 0.030151
1 0.497717 0.398660 0.030441 0.026801
1 0.525875 0.417085 0.028919 0.030151
1 0.558600 0.407873 0.024353 0.031826
1 0.547945 0.441374 0.027397 0.035176
1 0.496195 0.450586 0.030441 0.036851
1 0.521309 0.479899 0.028919 0.031826
1 0.453577 0.439698 0.027397 0.035176
1 0.450533 0.474037 0.027397 0.030151
1 0.454338 0.513400 0.025875 0.035176
1 0.411720 0.459799 0.025875 0.035176
1 0.409437 0.424623 0.030441 0.031826
1 0.378234 0.438023 0.031963 0.031826
1 0.365297 0.396147 0.027397 0.031826
1 0.365297 0.356784 0.030441 0.036851
1 0.690259 0.915410 0.028919 0.035176
1 0.719939 0.924623 0.030441 0.026801
1 0.687976 0.952261 0.021309 0.021776
1 0.652968 0.973199 0.027397 0.033501
1 0.659817 0.934673 0.022831 0.036851
1 0.674277 0.871859 0.024353 0.038526
1 0.713090 0.853434 0.025875 0.031826
1 0.573820 0.847571 0.027397 0.036851
1 0.542618 0.851759 0.028919 0.028476
1 0.640791 0.768007 0.027397 0.031826
1 0.667428 0.721943 0.028919 0.030151
1 0.713090 0.696817 0.028919 0.033501
1 0.739726 0.692630 0.021309 0.028476
1 0.745814 0.740369 0.027397 0.023451
1 0.779300 0.731156 0.021309 0.035176
1 0.722222 0.743719 0.022831 0.036851
1 0.718417 0.793970 0.024353 0.026801
1 0.767123 0.774707 0.027397 0.028476
1 0.688737 0.793132 0.025875 0.038526
1 0.650685 0.824121 0.025875 0.036851
1 0.626332 0.820771 0.019787 0.026801
1 0.640030 0.800670 0.022831 0.023451
1 0.597412 0.881910 0.031963 0.035176
1 0.624810 0.876047 0.025875 0.023451
1 0.545662 0.795645 0.025875 0.030151
1 0.570015 0.777219 0.025875 0.026801
1 0.559361 0.756281 0.031963 0.031826
1 0.601218 0.767169 0.027397 0.030151
1 0.596651 0.711055 0.030441 0.028476
1 0.618721 0.680067 0.031963 0.030151
1 0.585236 0.675042 0.031963 0.033501
1 0.543379 0.711893 0.027397 0.030151
1 0.515982 0.698492 0.027397 0.033501
1 0.933790 0.321608 0.028919 0.033501
1 0.904871 0.381072 0.031963 0.031826
1 0.871385 0.427136 0.028919 0.033501
1 0.860731 0.389447 0.025875 0.035176
1 0.863775 0.330821 0.031963 0.041876
1 0.905632 0.309045 0.024353 0.035176
1 0.907915 0.340871 0.044140 0.031826
1 0.832572 0.368509 0.027397 0.026801
1 0.972603 0.451424 0.030441 0.041876
1 0.983257 0.488275 0.033486 0.035176
1 0.968037 0.561977 0.030441 0.031826
1 0.914764 0.549414 0.024353 0.033501
1 0.914003 0.494137 0.028919 0.033501
1 0.886606 0.479899 0.035008 0.031826
1 0.883562 0.530151 0.025875 0.031826
1 0.927702 0.615578 0.035008 0.028476
1 0.898021 0.633166 0.027397 0.030151
1 0.878234 0.613065 0.027397 0.026801
1 0.853881 0.656616 0.030441 0.040201
1 0.821918 0.664992 0.030441 0.033501
1 0.761035 0.647404 0.030441 0.028476
1 0.722983 0.634003 0.030441 0.028476
1 0.752664 0.582077 0.041096 0.038526
1 0.556317 0.327471 0.031963 0.031826
1 0.564688 0.265494 0.024353 0.028476
1 0.576104 0.227806 0.028919 0.026801
1 0.640791 0.237018 0.027397 0.035176
1 0.677321 0.258794 0.033486 0.028476
1 0.712329 0.324121 0.033486 0.031826
1 0.737443 0.396985 0.028919 0.033501
1 0.492390 0.298157 0.025875 0.030151
1 0.496956 0.324121 0.028919 0.025126
1 0.798326 0.305695 0.028919 0.035176
1 0.783866 0.282245 0.033486 0.028476
1 0.923896 0.253769 0.030441 0.041876
1 0.945205 0.223618 0.030441 0.021776
1 0.912481 0.223618 0.028919 0.028476
1 0.954338 0.651591 0.027397 0.033501
1 0.977930 0.691792 0.031963 0.030151
1 0.908676 0.750419 0.027397 0.030151
1 0.887367 0.777219 0.024353 0.033501
1 0.882040 0.740369 0.022831 0.023451
1 0.887367 0.700168 0.036530 0.030151
1 0.846271 0.742881 0.027397 0.031826
1 0.806697 0.710218 0.027397 0.033501
1 0.815830 0.752931 0.027397 0.031826
1 0.701674 0.663317 0.027397 0.033501
1 0.590563 0.105528 0.024353 0.026801
1 0.525875 0.064489 0.028919 0.035176
1 0.563166 0.030151 0.018265 0.036851
1 0.513699 0.108878 0.025875 0.033501
1 0.549467 0.157454 0.030441 0.040201
1 0.430746 0.061977 0.027397 0.036851
1 0.499239 0.016750 0.030441 0.030151
1 0.396499 0.026801 0.028919 0.036851
1 0.356164 0.051089 0.033486 0.028476
1 0.331811 0.030151 0.024353 0.023451
1 0.637747 0.132328 0.027397 0.036851
1 0.379756 0.513400 0.028919 0.028476
1 0.359209 0.494137 0.024353 0.030151
1 0.317352 0.512563 0.028919 0.033501
1 0.162861 0.635678 0.024353 0.028476
1 0.461948 0.604690 0.028919 0.033501
1 0.477930 0.649916 0.030441 0.026801
1 0.475647 0.626466 0.028919 0.023451
1 0.442161 0.822446 0.028919 0.033501
1 0.407154 0.783920 0.019787 0.026801
1 0.289954 0.742881 0.019787 0.031826
1 0.330289 0.878559 0.021309 0.028476
1 0.350076 0.938023 0.021309 0.023451
1 0.274734 0.370184 0.031963 0.026801
