0 0.105691 0.163830 0.036585 0.021277
0 0.096545 0.184574 0.030488 0.024468
0 0.785569 0.179255 0.038618 0.035106
0 0.636179 0.182447 0.032520 0.032979
0 0.021341 0.381383 0.034553 0.030851
0 0.578252 0.570213 0.067073 0.021277
0 0.651423 0.542553 0.058943 0.025532
0 0.159553 0.876064 0.042683 0.024468
0 0.503049 0.851596 0.042683 0.018085
0 0.467480 0.830319 0.060976 0.024468
0 0.578252 0.880319 0.026423 0.030851
0 0.904472 0.838298 0.032520 0.027660
0 0.825203 0.795745 0.040650 0.019149
0 0.986789 0.710106 0.022358 0.024468
0 0.877033 0.723936 0.038618 0.024468
0 0.979675 0.619681 0.032520 0.028723
0 0.477642 0.404787 0.040650 0.020213
0 0.795732 0.537766 0.026423 0.018085
0 0.847561 0.648404 0.028455 0.018085
0 0.342480 0.239894 0.050813 0.037234
0 0.343496 0.146277 0.052846 0.015957
1 0.057927 0.014362 0.046748 0.022340
1 0.092480 0.022872 0.034553 0.018085
1 0.032520 0.046277 0.028455 0.015957
1 0.057927 0.071277 0.038618 0.023404
1 0.192073 0.027128 0.042683 0.022340
1 0.267276 0.015957 0.038618 0.023404
1 0.172764 0.061702 0.036585 0.014894
1 0.211382 0.051596 0.036585 0.018085
1 0.213415 0.071809 0.024390 0.013830
1 0.253049 0.064362 0.026423 0.020213
1 0.190041 0.087234 0.034553 0.023404
1 0.150407 0.097340 0.032520 0.020213
1 0.123984 0.104255 0.028455 0.027660
1 0.085366 0.100532 0.036585 0.020213
1 0.038618 0.114894 0.040650 0.017021
1 0.306911 0.051064 0.036585 0.019149
1 0.298780 0.071809 0.036585 0.015957
1 0.347561 0.057447 0.032520 0.021277
1 0.361789 0.087766 0.052846 0.020213
1 0.398374 0.121277 0.032520 0.017021
1 0.221545 0.132447 0.040650 0.020213
1 0.033537 0.143085 0.030488 0.015957
1 0.106707 0.208511 0.038618 0.021277
1 0.044715 0.158511 0.036585 0.012766
1 0.219512 0.208511 0.024390 0.014894
1 0.313008 0.202128 0.032520 0.017021
1 0.335366 0.192553 0.028455 0.014894
1 0.354675 0.172340 0.034553 0.017021
1 0.371951 0.197872 0.028455 0.017021
1 0.252033 0.092553 0.040650 0.017021
1 0.396341 0.068617 0.048780 0.013830
1 0.417683 0.140957 0.034553 0.022340
1 0.418699 0.172340 0.040650 0.017021
1 0.451220 0.165426 0.032520 0.015957
1 0.457317 0.145213 0.028455 0.018085
1 0.464431 0.129787 0.030488 0.012766
1 0.445122 0.109574 0.024390 0.014894
1 0.490854 0.112234 0.034553 0.015957
1 0.521341 0.147872 0.030488 0.017021
1 0.556911 0.130319 0.028455 0.011702
1 0.568089 0.109043 0.034553 0.018085
1 0.531504 0.095745 0.034553 0.017021
1 0.471545 0.084043 0.032520 0.017021
1 0.514228 0.071809 0.028455 0.015957
1 0.481707 0.063830 0.028455 0.017021
1 0.436992 0.035638 0.040650 0.028723
1 0.365854 0.015957 0.024390 0.012766
1 0.081301 0.117553 0.024390 0.011702
1 0.108740 0.146809 0.026423 0.010638
1 0.506098 0.170213 0.032520 0.017021
1 0.555894 0.167553 0.034553 0.015957
1 0.576220 0.148936 0.034553 0.014894
1 0.604675 0.130851 0.050813 0.023404
1 0.623984 0.115426 0.028455 0.020213
1 0.664634 0.120745 0.036585 0.020213
1 0.671748 0.163830 0.026423 0.012766
1 0.708333 0.131383 0.034553 0.018085
1 0.697154 0.109043 0.032520 0.015957
1 0.638211 0.089362 0.032520 0.017021
1 0.680894 0.065957 0.036585 0.017021
1 0.526423 0.056915 0.048780 0.015957
1 0.587398 0.056915 0.040650 0.024468
1 0.639228 0.039894 0.034553 0.020213
1 0.735772 0.035106 0.036585 0.017021
1 0.661585 0.015957 0.026423 0.014894
1 0.798780 0.012766 0.032520 0.014894
1 0.723577 0.083511 0.040650 0.015957
1 0.736789 0.096809 0.034553 0.014894
1 0.744919 0.118617 0.034553 0.015957
1 0.779472 0.106915 0.030488 0.018085
1 0.790650 0.091489 0.028455 0.014894
1 0.809959 0.041489 0.038618 0.019149
1 0.833333 0.085638 0.032520 0.018085
1 0.818089 0.111170 0.030488 0.013830
1 0.792683 0.128723 0.028455 0.014894
1 0.834350 0.128723 0.026423 0.017021
1 0.864837 0.108511 0.034553 0.025532
1 0.854675 0.151596 0.042683 0.020213
1 0.910569 0.148936 0.032520 0.021277
1 0.964431 0.089894 0.022358 0.015957
1 0.985772 0.085106 0.024390 0.019149
1 0.975610 0.063298 0.036585 0.013830
1 0.981707 0.041489 0.036585 0.019149
1 0.929878 0.023404 0.034553 0.010638
1 0.969512 0.137234 0.032520 0.017021
1 0.990854 0.153723 0.018293 0.013830
1 0.983740 0.172340 0.028455 0.017021
1 0.949187 0.160638 0.032520 0.012766
1 0.910569 0.189362 0.032520 0.021277
1 0.847561 0.180319 0.032520 0.015957
1 0.934959 0.206915 0.032520 0.015957
1 0.924797 0.225000 0.036585 0.013830
1 0.960366 0.232447 0.026423 0.011702
1 0.891260 0.236170 0.050813 0.014894
1 0.796748 0.234574 0.040650 0.020213
1 0.864837 0.198936 0.026423 0.017021
1 0.799797 0.254255 0.034553 0.014894
1 0.848577 0.247340 0.034553 0.018085
1 0.695122 0.217553 0.032520 0.020213
1 0.945122 0.272340 0.032520 0.017021
1 0.920732 0.262766 0.040650 0.017021
1 0.864837 0.270213 0.030488 0.014894
1 0.890244 0.284574 0.032520 0.015957
1 0.807927 0.271809 0.034553 0.013830
1 0.809959 0.307447 0.038618 0.021277
1 0.864837 0.301064 0.030488 0.019149
1 0.928862 0.307979 0.036585 0.020213
1 0.905488 0.318617 0.030488 0.018085
1 0.903455 0.337234 0.030488 0.014894
1 0.863821 0.364362 0.032520 0.018085
1 0.808943 0.338298 0.028455 0.019149
1 0.757114 0.326596 0.034553 0.014894
1 0.764228 0.343617 0.048780 0.023404
1 0.762195 0.299468 0.032520 0.022340
1 0.643293 0.241489 0.030488 0.021277
1 0.711382 0.297340 0.036585 0.015957
1 0.708333 0.350000 0.030488 0.012766
1 0.698171 0.329787 0.030488 0.019149
1 0.659553 0.317021 0.030488 0.017021
1 0.665650 0.337766 0.038618 0.015957
1 0.646341 0.355851 0.036585 0.015957
1 0.627033 0.310638 0.030488 0.017021
1 0.657520 0.275532 0.026423 0.019149
1 0.598577 0.256383 0.038618 0.017021
1 0.617886 0.285106 0.032520 0.019149
1 0.578252 0.279787 0.034553 0.019149
1 0.583333 0.301596 0.032520 0.018085
1 0.565041 0.322872 0.032520 0.015957
1 0.594512 0.341489 0.030488 0.014894
1 0.539634 0.345213 0.034553 0.018085
1 0.581301 0.364894 0.032520 0.017021
1 0.533537 0.289894 0.046748 0.028723
1 0.536585 0.250000 0.044715 0.019149
1 0.532520 0.220745 0.036585 0.018085
1 0.505081 0.311702 0.030488 0.019149
1 0.573171 0.208511 0.036585 0.014894
1 0.477642 0.278191 0.032520 0.020213
1 0.464431 0.249468 0.042683 0.020213
1 0.473577 0.203723 0.036585 0.018085
1 0.448171 0.337234 0.046748 0.021277
1 0.451220 0.317021 0.032520 0.014894
1 0.434959 0.288298 0.032520 0.019149
1 0.420732 0.262766 0.032520 0.014894
1 0.640244 0.212234 0.020325 0.018085
1 0.566057 0.186702 0.050813 0.022340
1 0.421748 0.202128 0.034553 0.027660
1 0.427846 0.222872 0.034553 0.018085
1 0.407520 0.243085 0.030488 0.018085
1 0.371951 0.230319 0.032520 0.015957
1 0.394309 0.288298 0.028455 0.017021
1 0.425813 0.306915 0.022358 0.015957
1 0.390244 0.326064 0.032520 0.020213
1 0.353659 0.212234 0.028455 0.013830
1 0.286585 0.226596 0.028455 0.017021
1 0.266260 0.239894 0.032520 0.013830
1 0.256098 0.223936 0.020325 0.018085
1 0.239837 0.252128 0.032520 0.014894
1 0.262195 0.262234 0.032520 0.015957
1 0.305894 0.264362 0.030488 0.015957
1 0.311992 0.282979 0.030488 0.017021
1 0.350610 0.305851 0.026423 0.018085
1 0.310976 0.304255 0.040650 0.023404
1 0.288618 0.337234 0.028455 0.014894
1 0.353659 0.340957 0.032520 0.015957
1 0.267276 0.285106 0.030488 0.021277
1 0.238821 0.303191 0.034553 0.017021
1 0.181911 0.243085 0.034553 0.018085
1 0.181911 0.269681 0.034553 0.015957
1 0.279472 0.318085 0.022358 0.010638
1 0.237805 0.326596 0.040650 0.014894
1 0.199187 0.319681 0.032520 0.015957
1 0.188008 0.347872 0.018293 0.014894
1 0.283537 0.357447 0.030488 0.019149
1 0.043699 0.235638 0.030488 0.015957
1 0.199187 0.364894 0.016260 0.010638
1 0.137195 0.365426 0.026423 0.022340
1 0.066057 0.410106 0.026423 0.028723
1 0.152439 0.397872 0.032520 0.019149
1 0.308943 0.369149 0.028455 0.019149
1 0.243902 0.371809 0.032520 0.030851
1 0.285569 0.413830 0.030488 0.019149
1 0.087398 0.439894 0.032520 0.015957
1 0.085366 0.497872 0.032520 0.017021
1 0.063008 0.482447 0.024390 0.015957
1 0.148374 0.483511 0.032520 0.018085
1 0.173780 0.495745 0.034553 0.014894
1 0.015244 0.411702 0.022358 0.008511
1 0.149390 0.463830 0.030488 0.017021
1 0.234756 0.453191 0.034553 0.019149
1 0.267276 0.445213 0.030488 0.013830
1 0.310976 0.461170 0.036585 0.015957
1 0.291667 0.478191 0.030488 0.015957
1 0.114837 0.511170 0.026423 0.011702
1 0.153455 0.514894 0.034553 0.021277
1 0.260163 0.505851 0.036585 0.015957
1 0.215447 0.502128 0.028455 0.012766
1 0.205285 0.522872 0.028455 0.020213
1 0.242886 0.529787 0.038618 0.025532
1 0.095528 0.527660 0.020325 0.014894
1 0.112805 0.542021 0.034553 0.022340
1 0.148374 0.547340 0.028455 0.024468
1 0.196138 0.551064 0.030488 0.023404
1 0.274390 0.536170 0.032520 0.019149
1 0.331301 0.530851 0.036585 0.019149
1 0.323171 0.507447 0.036585 0.019149
1 0.332317 0.426064 0.058943 0.018085
1 0.403455 0.427128 0.034553 0.018085
1 0.397358 0.463298 0.038618 0.015957
1 0.360772 0.496809 0.030488 0.017021
1 0.391260 0.507979 0.034553 0.018085
1 0.421748 0.484574 0.034553 0.018085
1 0.342480 0.388830 0.030488 0.020213
1 0.379065 0.385106 0.034553 0.019149
1 0.414634 0.394149 0.028455 0.015957
1 0.464431 0.380851 0.030488 0.021277
1 0.436992 0.413298 0.036585 0.015957
1 0.507114 0.383511 0.042683 0.018085
1 0.479675 0.366489 0.036585 0.013830
1 0.526423 0.365957 0.032520 0.014894
1 0.496951 0.348936 0.026423 0.012766
1 0.532520 0.404787 0.032520 0.018085
1 0.462398 0.447340 0.030488 0.015957
1 0.433943 0.447340 0.030488 0.018085
1 0.436992 0.431383 0.024390 0.013830
1 0.532520 0.425532 0.036585 0.014894
1 0.550813 0.442553 0.028455 0.017021
1 0.496951 0.457447 0.030488 0.019149
1 0.515244 0.439894 0.034553 0.015957
1 0.599593 0.444681 0.032520 0.019149
1 0.603659 0.417021 0.044715 0.017021
1 0.596545 0.385106 0.034553 0.019149
1 0.621951 0.371277 0.036585 0.017021
1 0.633130 0.392553 0.030488 0.019149
1 0.663618 0.381915 0.030488 0.017021
1 0.709350 0.387234 0.040650 0.017021
1 0.681911 0.406915 0.034553 0.015957
1 0.708333 0.428191 0.034553 0.015957
1 0.691057 0.440426 0.052846 0.021277
1 0.679878 0.461702 0.042683 0.017021
1 0.778455 0.469681 0.036585 0.020213
1 0.794715 0.483511 0.036585 0.020213
1 0.628049 0.437234 0.024390 0.012766
1 0.595528 0.469681 0.032520 0.018085
1 0.551829 0.485106 0.034553 0.014894
1 0.516260 0.496277 0.032520 0.015957
1 0.556911 0.521277 0.032520 0.019149
1 0.524390 0.516489 0.032520 0.015957
1 0.592480 0.513830 0.030488 0.017021
1 0.626016 0.507447 0.032520 0.012766
1 0.477642 0.525000 0.032520 0.015957
1 0.489837 0.539894 0.036585 0.015957
1 0.420732 0.550000 0.036585 0.017021
1 0.404472 0.563830 0.036585 0.012766
1 0.413618 0.578723 0.038618 0.012766
1 0.372967 0.569149 0.026423 0.012766
1 0.412602 0.595213 0.032520 0.018085
1 0.371951 0.604787 0.040650 0.015957
1 0.365854 0.548404 0.032520 0.015957
1 0.318089 0.555851 0.030488 0.020213
1 0.332317 0.569149 0.022358 0.019149
1 0.344512 0.625000 0.026423 0.018085
1 0.326220 0.642553 0.030488 0.023404
1 0.290650 0.595745 0.032520 0.014894
1 0.280488 0.579787 0.036585 0.012766
1 0.292683 0.544149 0.028455 0.018085
1 0.288618 0.523404 0.032520 0.014894
1 0.458333 0.496277 0.034553 0.013830
1 0.539634 0.555319 0.050813 0.023404
1 0.228659 0.594149 0.030488 0.015957
1 0.191057 0.581915 0.032520 0.014894
1 0.127033 0.581915 0.034553 0.014894
1 0.163618 0.598404 0.034553 0.018085
1 0.208333 0.614362 0.030488 0.020213
1 0.239837 0.623404 0.028455 0.019149
1 0.259146 0.657979 0.026423 0.018085
1 0.196138 0.642021 0.030488 0.020213
1 0.150407 0.625000 0.036585 0.020213
1 0.105691 0.625000 0.028455 0.018085
1 0.109756 0.644681 0.036585 0.019149
1 0.161585 0.664362 0.038618 0.013830
1 0.703252 0.562766 0.032520 0.017021
1 0.650407 0.568617 0.032520 0.015957
1 0.684959 0.586170 0.032520 0.021277
1 0.713415 0.600000 0.032520 0.014894
1 0.716463 0.583511 0.018293 0.009574
1 0.611789 0.594681 0.032520 0.017021
1 0.410569 0.635106 0.036585 0.019149
1 0.495935 0.635638 0.044715 0.022340
1 0.458333 0.640426 0.030488 0.019149
1 0.430894 0.646277 0.028455 0.018085
1 0.428862 0.663830 0.036585 0.017021
1 0.380081 0.661702 0.036585 0.014894
1 0.533537 0.651064 0.038618 0.017021
1 0.207317 0.672340 0.032520 0.019149
1 0.288618 0.678723 0.036585 0.017021
1 0.368902 0.678723 0.030488 0.012766
1 0.382114 0.690957 0.036585 0.013830
1 0.292683 0.700000 0.028455 0.014894
1 0.189024 0.697340 0.036585 0.015957
1 0.130081 0.683511 0.044715 0.018085
1 0.141260 0.704787 0.030488 0.015957
1 0.097561 0.728191 0.036585 0.030851
1 0.079268 0.757447 0.032520 0.029787
1 0.090447 0.776596 0.034553 0.019149
1 0.067073 0.796809 0.028455 0.019149
1 0.272358 0.725532 0.032520 0.019149
1 0.207317 0.740957 0.036585 0.015957
1 0.167683 0.748936 0.038618 0.017021
1 0.202236 0.759574 0.026423 0.019149
1 0.179878 0.773404 0.034553 0.023404
1 0.224593 0.784043 0.034553 0.019149
1 0.309959 0.737234 0.030488 0.019149
1 0.372967 0.720745 0.034553 0.015957
1 0.319106 0.697340 0.032520 0.015957
1 0.433943 0.695745 0.034553 0.014894
1 0.460366 0.674468 0.030488 0.017021
1 0.476626 0.696277 0.026423 0.015957
1 0.505081 0.708511 0.030488 0.017021
1 0.514228 0.724468 0.028455 0.017021
1 0.259146 0.759043 0.034553 0.022340
1 0.221545 0.804255 0.036585 0.014894
1 0.329268 0.759574 0.036585 0.019149
1 0.422764 0.746809 0.032520 0.014894
1 0.418699 0.730319 0.032520 0.015957
1 0.346545 0.733511 0.026423 0.013830
1 0.313008 0.772340 0.028455 0.019149
1 0.354675 0.785106 0.034553 0.021277
1 0.319106 0.800532 0.024390 0.015957
1 0.298780 0.786702 0.028455 0.013830
1 0.353659 0.704787 0.020325 0.015957
1 0.443089 0.715426 0.036585 0.020213
1 0.457317 0.734574 0.032520 0.026596
1 0.080285 0.848404 0.038618 0.018085
1 0.064024 0.835638 0.030488 0.013830
1 0.030488 0.845745 0.028455 0.017021
1 0.170732 0.813830 0.028455 0.019149
1 0.164634 0.846809 0.036585 0.017021
1 0.285569 0.808511 0.034553 0.017021
1 0.260163 0.829255 0.032520 0.015957
1 0.542683 0.785638 0.028455 0.020213
1 0.345528 0.837766 0.028455 0.013830
1 0.314024 0.820745 0.034553 0.013830
1 0.205285 0.842553 0.032520 0.012766
1 0.200203 0.863830 0.030488 0.019149
1 0.379065 0.854787 0.042683 0.015957
1 0.334350 0.852660 0.034553 0.013830
1 0.321138 0.865426 0.028455 0.013830
1 0.361789 0.878723 0.036585 0.017021
1 0.494919 0.780851 0.026423 0.017021
1 0.463415 0.786170 0.032520 0.019149
1 0.487805 0.801064 0.036585 0.014894
1 0.440041 0.853191 0.026423 0.014894
1 0.613821 0.782447 0.032520 0.015957
1 0.593496 0.793617 0.032520 0.019149
1 0.527439 0.759043 0.038618 0.024468
1 0.571138 0.739362 0.028455 0.017021
1 0.611789 0.755851 0.028455 0.018085
1 0.578252 0.801596 0.030488 0.020213
1 0.567073 0.822340 0.036585 0.014894
1 0.514228 0.821809 0.032520 0.013830
1 0.117886 0.886702 0.028455 0.015957
1 0.092480 0.889362 0.022358 0.012766
1 0.103659 0.906383 0.028455 0.019149
1 0.061992 0.918617 0.034553 0.015957
1 0.082317 0.961170 0.046748 0.020213
1 0.129065 0.943085 0.026423 0.013830
1 0.152439 0.912234 0.032520 0.020213
1 0.201220 0.895745 0.032520 0.012766
1 0.248984 0.920213 0.030488 0.017021
1 0.354675 0.913298 0.038618 0.018085
1 0.394309 0.890426 0.036585 0.023404
1 0.256098 0.944681 0.032520 0.019149
1 0.218496 0.989362 0.038618 0.017021
1 0.230691 0.972340 0.026423 0.014894
1 0.289634 0.965957 0.038618 0.019149
1 0.328252 0.963830 0.026423 0.017021
1 0.369919 0.954255 0.032520 0.023404
1 0.132114 0.993617 0.048780 0.010638
1 0.370935 0.988298 0.034553 0.017021
1 0.412602 0.969149 0.036585 0.023404
1 0.445122 0.990426 0.040650 0.017021
1 0.468496 0.976596 0.030488 0.014894
1 0.461382 0.955851 0.036585 0.020213
1 0.429878 0.939894 0.038618 0.013830
1 0.421748 0.922340 0.030488 0.012766
1 0.440041 0.874468 0.030488 0.019149
1 0.473577 0.885638 0.032520 0.015957
1 0.505081 0.901596 0.042683 0.013830
1 0.518293 0.881383 0.032520 0.015957
1 0.476626 0.859574 0.030488 0.017021
1 0.536585 0.836702 0.032520 0.013830
1 0.547764 0.868617 0.030488 0.015957
1 0.510163 0.944681 0.032520 0.019149
1 0.568089 0.943617 0.038618 0.019149
1 0.631098 0.881915 0.030488 0.017021
1 0.611789 0.856915 0.028455 0.018085
1 0.517276 0.922340 0.026423 0.017021
1 0.595528 0.902128 0.020325 0.010638
1 0.524390 0.987766 0.040650 0.018085
1 0.558943 0.978723 0.028455 0.012766
1 0.578252 0.964894 0.026423 0.017021
1 0.526423 0.969149 0.032520 0.017021
1 0.669715 0.979255 0.034553 0.018085
1 0.662602 0.960638 0.032520 0.019149
1 0.670732 0.942021 0.032520 0.015957
1 0.627033 0.994149 0.034553 0.007447
1 0.717480 0.912234 0.036585 0.018085
1 0.775407 0.906915 0.038618 0.018085
1 0.742886 0.950532 0.034553 0.018085
1 0.779472 0.952128 0.030488 0.019149
1 0.809959 0.953191 0.034553 0.019149
1 0.709350 0.992021 0.032520 0.011702
1 0.784553 0.995213 0.028455 0.007447
1 0.847561 0.972340 0.024390 0.014894
1 0.868902 0.990426 0.030488 0.014894
1 0.882114 0.947872 0.040650 0.014894
1 0.986789 0.961702 0.022358 0.012766
1 0.952236 0.954255 0.022358 0.014894
1 0.883130 0.923936 0.038618 0.020213
1 0.848577 0.913298 0.038618 0.020213
1 0.899390 0.894681 0.034553 0.017021
1 0.979675 0.885638 0.020325 0.013830
1 0.739837 0.892021 0.028455 0.015957
1 0.710366 0.876596 0.030488 0.017021
1 0.757114 0.863830 0.034553 0.017021
1 0.712398 0.856383 0.034553 0.019149
1 0.722561 0.837766 0.038618 0.018085
1 0.767276 0.837766 0.022358 0.015957
1 0.755081 0.816489 0.038618 0.013830
1 0.798780 0.814362 0.028455 0.013830
1 0.626016 0.835638 0.036585 0.015957
1 0.640244 0.820745 0.036585 0.013830
1 0.652439 0.840957 0.024390 0.011702
1 0.671748 0.790426 0.038618 0.019149
1 0.685976 0.774468 0.034553 0.017021
1 0.655488 0.744681 0.030488 0.019149
1 0.677846 0.730851 0.026423 0.017021
1 0.633130 0.712766 0.030488 0.017021
1 0.605691 0.722872 0.028455 0.015957
1 0.567073 0.710638 0.032520 0.014894
1 0.590447 0.694149 0.030488 0.018085
1 0.755081 0.742021 0.034553 0.018085
1 0.842480 0.777128 0.034553 0.015957
1 0.835366 0.761702 0.032520 0.014894
1 0.899390 0.773936 0.030488 0.024468
1 0.759146 0.800532 0.046748 0.013830
1 0.951220 0.760106 0.024390 0.013830
1 0.961382 0.771277 0.020325 0.010638
1 0.982724 0.762234 0.034553 0.011702
1 0.962398 0.734574 0.034553 0.015957
1 0.775407 0.725000 0.030488 0.013830
1 0.757114 0.711170 0.042683 0.015957
1 0.564024 0.661702 0.038618 0.017021
1 0.894309 0.709574 0.024390 0.010638
1 0.835366 0.706915 0.036585 0.011702
1 0.809959 0.728191 0.022358 0.013830
1 0.772358 0.680319 0.032520 0.018085
1 0.847561 0.672340 0.032520 0.019149
1 0.896341 0.669681 0.032520 0.024468
1 0.725610 0.664894 0.036585 0.021277
1 0.663618 0.675532 0.038618 0.014894
1 0.686992 0.646809 0.032520 0.017021
1 0.746951 0.639362 0.038618 0.014894
1 0.704268 0.627128 0.034553 0.018085
1 0.597561 0.624468 0.032520 0.014894
1 0.632114 0.615957 0.036585 0.017021
1 0.775407 0.614362 0.034553 0.013830
1 0.631098 0.642553 0.046748 0.023404
1 0.850610 0.612766 0.026423 0.019149
1 0.756098 0.546809 0.040650 0.017021
1 0.895325 0.590957 0.034553 0.018085
1 0.903455 0.572340 0.026423 0.023404
1 0.907520 0.544149 0.034553 0.018085
1 0.823171 0.510106 0.024390 0.022340
1 0.753049 0.526596 0.030488 0.012766
1 0.978659 0.509574 0.034553 0.017021
1 0.958333 0.485638 0.030488 0.013830
1 0.876016 0.491489 0.020325 0.014894
1 0.947154 0.459574 0.032520 0.021277
1 0.932927 0.477128 0.024390 0.011702
1 0.905488 0.425000 0.030488 0.020213
1 0.950203 0.400000 0.046748 0.027660
1 0.870935 0.386702 0.034553 0.018085
1 0.815041 0.393085 0.036585 0.015957
1 0.772358 0.374468 0.036585 0.017021
1 0.164634 0.291489 0.024390 0.012766
1 0.495935 0.193085 0.016260 0.013830
1 0.816057 0.289362 0.030488 0.014894
1 0.808943 0.210638 0.024390 0.017021
2 0.181911 0.432447 0.058943 0.035106
