0 0.018539 0.025237 0.032715 0.031546
0 0.032170 0.048896 0.016358 0.024185
0 0.056161 0.027340 0.022901 0.035752
0 0.089967 0.105678 0.038168 0.030494
0 0.135224 0.055205 0.028353 0.028391
0 0.158124 0.013144 0.032715 0.022082
0 0.233915 0.049422 0.038168 0.033649
0 0.143402 0.116719 0.031625 0.023134
0 0.117230 0.155626 0.038168 0.033649
0 0.053435 0.153523 0.028353 0.037855
0 0.029989 0.223975 0.022901 0.033649
0 0.069793 0.248686 0.028353 0.036803
0 0.040894 0.278128 0.027263 0.032597
0 0.183751 0.202419 0.033806 0.030494
0 0.202290 0.185594 0.027263 0.024185
0 0.208288 0.146688 0.030534 0.024185
0 0.248637 0.124080 0.034896 0.025237
0 0.280262 0.093060 0.030534 0.022082
0 0.334787 0.061514 0.041439 0.022082
0 0.347328 0.014721 0.044711 0.025237
0 0.340785 0.086751 0.038168 0.026288
0 0.247546 0.213985 0.032715 0.032597
0 0.266085 0.248686 0.041439 0.032597
0 0.309160 0.223975 0.031625 0.018927
0 0.354417 0.240799 0.028353 0.027340
0 0.210469 0.279706 0.034896 0.025237
0 0.213195 0.311777 0.031625 0.017876
0 0.290076 0.308097 0.021810 0.033649
0 0.426390 0.188223 0.028353 0.044164
0 0.459106 0.179285 0.017448 0.034700
0 0.479280 0.164038 0.020720 0.044164
0 0.097056 0.342797 0.032715 0.023134
0 0.159760 0.341746 0.040349 0.027340
0 0.322246 0.252366 0.025082 0.018927
0 0.066521 0.371714 0.019629 0.024185
0 0.095420 0.370137 0.031625 0.023134
0 0.053980 0.411146 0.018539 0.025237
0 0.037623 0.426919 0.027263 0.029443
0 0.053980 0.458465 0.025082 0.023134
0 0.082879 0.449001 0.032715 0.018927
0 0.045256 0.478444 0.027263 0.016824
0 0.089422 0.501577 0.032715 0.018927
0 0.133043 0.496845 0.032715 0.017876
0 0.231734 0.370137 0.040349 0.031546
0 0.276990 0.365405 0.032715 0.036803
0 0.288441 0.393796 0.025082 0.034700
0 0.262814 0.405889 0.023991 0.027340
0 0.262268 0.438486 0.025082 0.035752
0 0.226281 0.461094 0.033806 0.030494
0 0.332061 0.412723 0.031625 0.038906
0 0.369138 0.396951 0.035987 0.036803
0 0.140676 0.532597 0.032715 0.024185
0 0.081788 0.533649 0.019629 0.017876
0 0.117775 0.568349 0.028353 0.032597
0 0.091603 0.591483 0.023991 0.032597
0 0.056161 0.604101 0.033806 0.030494
0 0.260632 0.486330 0.037077 0.038906
0 0.253544 0.517350 0.027263 0.029443
0 0.305344 0.478444 0.028353 0.042061
0 0.339695 0.473712 0.027263 0.034700
0 0.365322 0.450578 0.034896 0.034700
0 0.316249 0.536278 0.043621 0.044164
0 0.279171 0.586225 0.037077 0.032597
0 0.404035 0.505783 0.038168 0.039958
0 0.476554 0.492114 0.030534 0.046267
0 0.490731 0.454784 0.030534 0.041009
0 0.462377 0.401682 0.034896 0.035752
0 0.430752 0.389590 0.039258 0.038906
0 0.429662 0.444269 0.032715 0.036803
0 0.155943 0.368559 0.034896 0.017876
0 0.095420 0.477392 0.029444 0.014721
0 0.361505 0.559411 0.029444 0.027340
0 0.369684 0.603049 0.032715 0.036803
0 0.038713 0.621977 0.022901 0.030494
0 0.023446 0.665089 0.027263 0.034700
0 0.091058 0.640904 0.018539 0.036803
0 0.125954 0.649317 0.029444 0.043113
0 0.099237 0.687697 0.019629 0.033649
0 0.116140 0.693481 0.011996 0.019979
0 0.023991 0.715563 0.026172 0.038906
0 0.101963 0.738696 0.035987 0.045216
0 0.133588 0.728181 0.018539 0.047319
0 0.120502 0.765510 0.029444 0.027340
0 0.103053 0.793375 0.027263 0.030494
0 0.185387 0.765510 0.037077 0.027340
0 0.199564 0.720820 0.030534 0.034700
0 0.217012 0.697687 0.023991 0.028391
0 0.225191 0.775499 0.035987 0.034700
0 0.272083 0.717140 0.033806 0.033649
0 0.255725 0.629338 0.035987 0.036803
0 0.307525 0.643007 0.034896 0.041009
0 0.330971 0.682965 0.033806 0.028391
0 0.405125 0.649317 0.040349 0.041009
0 0.398037 0.701367 0.028353 0.031546
0 0.364231 0.750263 0.034896 0.026288
0 0.358233 0.776551 0.033806 0.030494
0 0.456925 0.579390 0.039258 0.033649
0 0.424209 0.577813 0.026172 0.032597
0 0.475463 0.641430 0.026172 0.033649
0 0.492366 0.677708 0.025082 0.026288
0 0.324427 0.739222 0.025082 0.023134
0 0.202835 0.656677 0.032715 0.030494
0 0.244820 0.735542 0.025082 0.038906
0 0.236641 0.819664 0.034896 0.034700
0 0.197928 0.845952 0.038168 0.030494
0 0.137950 0.832282 0.027263 0.030494
0 0.073610 0.824921 0.020720 0.028391
0 0.055071 0.816509 0.025082 0.030494
0 0.037623 0.898002 0.020720 0.025237
0 0.107415 0.892219 0.011996 0.024185
0 0.083424 0.935857 0.031625 0.023134
0 0.124318 0.933754 0.030534 0.031546
0 0.111232 0.967928 0.026172 0.026288
0 0.048528 0.944269 0.018539 0.025237
0 0.233915 0.878023 0.038168 0.037855
0 0.013631 0.944269 0.016358 0.016824
0 0.014177 0.973186 0.019629 0.028391
0 0.156489 0.947950 0.014177 0.026288
0 0.267176 0.901157 0.034896 0.025237
0 0.353871 0.829127 0.027263 0.026288
0 0.329335 0.849632 0.037077 0.037855
0 0.330425 0.901157 0.041439 0.031546
0 0.310251 0.957939 0.035987 0.037855
0 0.406216 0.839642 0.040349 0.034700
0 0.440567 0.776551 0.026172 0.041009
0 0.498364 0.761304 0.028353 0.031546
0 0.426390 0.884332 0.030534 0.031546
0 0.384951 0.973712 0.021810 0.018927
0 0.431843 0.985279 0.026172 0.027340
0 0.422028 0.947950 0.028353 0.030494
0 0.362595 0.939537 0.022901 0.017876
0 0.429117 0.920084 0.031625 0.031546
0 0.464558 0.909043 0.039258 0.030494
0 0.534896 0.947950 0.027263 0.032597
0 0.558888 0.944795 0.018539 0.036803
0 0.582334 0.943218 0.026172 0.039958
0 0.649400 0.930074 0.025082 0.032597
0 0.562704 0.891693 0.021810 0.039958
0 0.532170 0.866982 0.026172 0.030494
0 0.551254 0.855415 0.020720 0.024185
0 0.532170 0.828601 0.039258 0.033649
0 0.624864 0.824921 0.028353 0.032597
0 0.586150 0.823870 0.018539 0.034700
0 0.571429 0.750263 0.030534 0.032597
0 0.582879 0.703996 0.025082 0.028391
0 0.619411 0.709253 0.026172 0.028391
0 0.726281 0.891693 0.043621 0.031546
0 0.724646 0.822818 0.042530 0.034700
0 0.760087 0.914301 0.028353 0.017876
0 0.639040 0.770768 0.034896 0.025237
0 0.654853 0.750789 0.031625 0.031546
0 0.666303 0.724501 0.026172 0.021030
0 0.687568 0.755521 0.035987 0.026288
0 0.800981 0.802839 0.025082 0.030494
0 0.821156 0.757624 0.032715 0.030494
0 0.773719 0.986856 0.035987 0.022082
0 0.811887 0.939537 0.040349 0.030494
0 0.875682 0.970557 0.037077 0.021030
0 0.902944 0.874343 0.030534 0.041009
0 0.934024 0.848055 0.044711 0.036803
0 0.758451 0.750263 0.033806 0.015773
0 0.882225 0.819138 0.021810 0.039958
0 0.758451 0.684017 0.035987 0.019979
0 0.727917 0.677182 0.029444 0.031546
0 0.982007 0.973186 0.031625 0.028391
0 0.912214 0.950053 0.033806 0.034700
0 0.983642 0.723975 0.021810 0.017876
0 0.961832 0.582545 0.030534 0.033649
0 0.916031 0.669295 0.023991 0.024185
0 0.953108 0.640904 0.032715 0.017876
0 0.988550 0.607781 0.018539 0.027340
0 0.917666 0.631966 0.033806 0.027340
0 0.898037 0.615668 0.038168 0.036803
0 0.866412 0.617771 0.027263 0.028391
0 0.857688 0.591483 0.033806 0.036803
0 0.630862 0.571504 0.044711 0.038906
0 0.676118 0.554679 0.037077 0.038906
0 0.779171 0.599895 0.029444 0.032597
0 0.802617 0.593586 0.019629 0.028391
0 0.802072 0.559411 0.035987 0.029443
0 0.917121 0.436383 0.034896 0.035752
0 0.778081 0.504732 0.038168 0.029443
0 0.854962 0.499474 0.028353 0.029443
0 0.835878 0.484227 0.022901 0.026288
0 0.811887 0.486856 0.020720 0.029443
0 0.832606 0.652997 0.046892 0.027340
0 0.738822 0.485279 0.027263 0.026288
0 0.797165 0.458465 0.043621 0.018927
0 0.765540 0.462145 0.019629 0.019979
0 0.800981 0.415878 0.031625 0.038906
0 0.581243 0.539432 0.028353 0.025237
0 0.573610 0.514196 0.023991 0.018927
0 0.697383 0.470032 0.020720 0.037855
0 0.639586 0.467403 0.038168 0.036803
0 0.953108 0.371188 0.032715 0.031546
0 0.870774 0.360147 0.033806 0.032597
0 0.757906 0.404311 0.037077 0.034700
0 0.630316 0.407992 0.039258 0.033649
0 0.612323 0.431125 0.025082 0.037855
0 0.562704 0.440589 0.032715 0.033649
0 0.580153 0.392219 0.032715 0.039958
0 0.544711 0.400105 0.025082 0.028391
0 0.520174 0.360147 0.023991 0.030494
0 0.653762 0.363302 0.027263 0.038906
0 0.669029 0.344374 0.027263 0.036803
0 0.785169 0.331230 0.023991 0.035752
0 0.914395 0.324395 0.035987 0.038906
0 0.951472 0.304416 0.033806 0.034700
0 0.920393 0.294427 0.026172 0.021030
0 0.964558 0.268139 0.027263 0.025237
0 0.968920 0.240799 0.031625 0.031546
0 0.854417 0.277077 0.040349 0.032597
0 0.838059 0.364353 0.033806 0.038906
0 0.699564 0.423764 0.029444 0.033649
0 0.593784 0.350683 0.020720 0.019979
0 0.814068 0.289695 0.033806 0.026288
0 0.914940 0.260778 0.032715 0.027340
0 0.879498 0.240273 0.042530 0.043113
0 0.699019 0.273922 0.028353 0.034700
0 0.706107 0.251840 0.025082 0.030494
0 0.756270 0.290747 0.025082 0.019979
0 0.745365 0.253943 0.027263 0.032597
0 0.809160 0.255521 0.030534 0.025237
0 0.777535 0.221346 0.037077 0.032597
0 0.668484 0.237645 0.032715 0.039958
0 0.596510 0.304416 0.028353 0.036803
0 0.683751 0.207676 0.030534 0.034700
0 0.726281 0.194006 0.041439 0.041009
0 0.839149 0.198738 0.042530 0.025237
0 0.811887 0.157729 0.035987 0.031546
0 0.825518 0.140904 0.032715 0.025237
0 0.972192 0.085174 0.040349 0.039958
0 0.874046 0.130915 0.038168 0.024185
0 0.646674 0.167718 0.030534 0.038906
0 0.579607 0.213985 0.022901 0.047319
0 0.526718 0.188749 0.028353 0.036803
0 0.576336 0.166141 0.025082 0.031546
0 0.588332 0.119874 0.022901 0.035752
0 0.747546 0.140904 0.018539 0.018927
0 0.779716 0.098843 0.045802 0.027340
0 0.545802 0.141956 0.033806 0.033649
0 0.617775 0.098843 0.022901 0.016824
0 0.518539 0.113039 0.022901 0.026288
0 0.551799 0.114616 0.017448 0.016824
0 0.750273 0.077287 0.023991 0.017876
0 0.724100 0.060463 0.034896 0.028391
0 0.768266 0.059411 0.038168 0.022082
0 0.858779 0.042061 0.033806 0.035752
0 0.989095 0.018927 0.019629 0.033649
0 0.806979 0.038381 0.039258 0.028391
0 0.881679 0.100421 0.025082 0.011567
0 0.693566 0.070978 0.030534 0.019979
0 0.689749 0.031020 0.038168 0.028391
0 0.657034 0.038381 0.038168 0.030494
0 0.641767 0.059411 0.029444 0.022082
0 0.404035 0.162461 0.020720 0.028391
0 0.450382 0.089905 0.041439 0.034700
0 0.378953 0.092534 0.033806 0.025237
0 0.398037 0.065195 0.052345 0.016824
0 0.603599 0.014196 0.022901 0.019979
0 0.573610 0.035752 0.021810 0.027340
0 0.556707 0.047844 0.014177 0.026288
0 0.545802 0.068349 0.018539 0.012618
0 0.438386 0.022608 0.017448 0.038906
0 0.392585 0.011567 0.021810 0.014721
0 0.582334 0.066246 0.023991 0.012618
0 0.666848 0.117771 0.029444 0.023134
0 0.511450 0.246057 0.030534 0.037855
0 0.527263 0.283386 0.042530 0.024185
0 0.508179 0.323344 0.034896 0.019979
0 0.514722 0.400105 0.023991 0.024185
0 0.440567 0.310200 0.026172 0.031546
0 0.545802 0.586751 0.033806 0.033649
0 0.545256 0.661409 0.039258 0.039958
0 0.555071 0.624080 0.034896 0.028391
0 0.584515 0.610936 0.023991 0.029443
0 0.184297 0.904837 0.043621 0.034700
0 0.263359 0.982650 0.020720 0.026288
0 0.329335 0.931125 0.023991 0.024185
0 0.392039 0.896425 0.020720 0.022082
0 0.555616 0.800736 0.029444 0.024185
0 0.023446 0.567823 0.027263 0.025237
2 0.677208 0.900631 0.026172 0.022082
