0 0.278656 0.293542 0.039526 0.054795
0 0.356719 0.312133 0.053360 0.052838
0 0.435771 0.276908 0.041502 0.041096
0 0.449605 0.231898 0.041502 0.048924
0 0.469368 0.151663 0.049407 0.056751
0 0.621542 0.209393 0.037549 0.035225
0 0.582016 0.404110 0.041502 0.045010
0 0.679842 0.401174 0.051383 0.043053
0 0.412055 0.454012 0.041502 0.050881
0 0.428854 0.417808 0.035573 0.025440
0 0.337945 0.041096 0.055336 0.054795
0 0.320158 0.132094 0.051383 0.045010
0 0.212451 0.173190 0.049407 0.045010
0 0.216403 0.061644 0.053360 0.048924
0 0.549407 0.043053 0.047431 0.043053
0 0.043478 0.142857 0.039526 0.043053
0 0.017787 0.191781 0.031621 0.043053
0 0.183794 0.261252 0.043478 0.052838
0 0.158103 0.796477 0.055336 0.050881
0 0.210474 0.808219 0.041502 0.046967
0 0.331028 0.714286 0.049407 0.043053
0 0.416008 0.686888 0.057312 0.039139
0 0.346838 0.611546 0.041502 0.060665
0 0.251976 0.671233 0.037549 0.062622
0 0.337945 0.549902 0.047431 0.046967
0 0.373518 0.530333 0.047431 0.043053
0 0.532609 0.722114 0.045455 0.050881
0 0.510870 0.797456 0.045455 0.048924
0 0.451581 0.848337 0.041502 0.048924
0 0.262846 0.530333 0.043478 0.050881
0 0.509881 0.922701 0.047431 0.056751
0 0.575099 0.850294 0.035573 0.048924
0 0.633399 0.795499 0.033597 0.045010
0 0.568182 0.786693 0.033597 0.043053
0 0.638340 0.933464 0.043478 0.058708
0 0.721344 0.964775 0.039526 0.058708
0 0.866601 0.447162 0.053360 0.045010
0 0.931818 0.433464 0.053360 0.041096
0 0.913043 0.587084 0.051383 0.046967
0 0.742095 0.502935 0.049407 0.046967
0 0.713439 0.535225 0.051383 0.052838
0 0.693676 0.584149 0.051383 0.048924
0 0.723320 0.435421 0.051383 0.052838
0 0.797431 0.430528 0.057312 0.058708
0 0.495059 0.550881 0.053360 0.052838
0 0.741107 0.229941 0.039526 0.045010
0 0.783597 0.183953 0.053360 0.050881
0 0.858696 0.124266 0.053360 0.041096
0 0.965415 0.068493 0.061265 0.046967
0 0.861660 0.019569 0.051383 0.031311
0 0.757905 0.148728 0.025692 0.039139
0 0.976285 0.593933 0.039526 0.041096
0 0.792490 0.685910 0.051383 0.056751
0 0.807312 0.806262 0.041502 0.050881
0 0.831028 0.861057 0.041502 0.050881
0 0.844862 0.911937 0.041502 0.046967
0 0.756917 0.941292 0.047431 0.050881
0 0.060277 0.863992 0.045455 0.045010
0 0.054348 0.950098 0.049407 0.052838
0 0.040514 0.759295 0.045455 0.054795
0 0.019763 0.803327 0.031621 0.052838
0 0.240119 0.880626 0.029644 0.031311
0 0.223320 0.940313 0.031621 0.029354
0 0.181818 0.414873 0.047431 0.054795
0 0.240119 0.337573 0.045455 0.048924
0 0.141304 0.457926 0.049407 0.054795
0 0.308300 0.425636 0.051383 0.041096
0 0.891304 0.498043 0.039526 0.033268
0 0.436759 0.892368 0.043478 0.035225
0 0.496047 0.976517 0.047431 0.039139
0 0.042490 0.540117 0.029644 0.054795
