1 0.097368 0.475849 0.026316 0.019582
1 0.165789 0.434073 0.029825 0.019582
1 0.137719 0.708877 0.036842 0.020888
1 0.240351 0.636423 0.038596 0.022193
1 0.272807 0.661227 0.029825 0.027415
1 0.322807 0.717363 0.035088 0.027415
1 0.189474 0.712141 0.024561 0.019582
1 0.147368 0.509138 0.028070 0.020888
1 0.186842 0.528068 0.033333 0.019582
1 0.275439 0.560052 0.024561 0.020888
1 0.261404 0.584204 0.031579 0.022193
1 0.326316 0.612272 0.028070 0.023499
1 0.321053 0.574413 0.031579 0.023499
1 0.314035 0.486945 0.028070 0.020888
1 0.186842 0.507833 0.029825 0.018277
1 0.148246 0.576371 0.029825 0.019582
1 0.195614 0.620757 0.026316 0.024804
1 0.084211 0.674282 0.028070 0.024804
1 0.103509 0.706266 0.024561 0.028721
1 0.086842 0.748042 0.033333 0.023499
1 0.291228 0.781332 0.028070 0.019582
1 0.326316 0.792428 0.028070 0.020888
1 0.307018 0.634465 0.035088 0.023499
1 0.407018 0.653394 0.024561 0.022193
1 0.351754 0.972585 0.029825 0.026110
1 0.351754 0.909269 0.033333 0.027415
1 0.428070 0.943211 0.028070 0.024804
1 0.495614 0.950392 0.029825 0.026110
1 0.478070 0.979112 0.022807 0.023499
1 0.224561 0.398172 0.031579 0.018277
1 0.169298 0.402742 0.022807 0.022193
1 0.279825 0.325065 0.029825 0.020888
1 0.300000 0.289817 0.031579 0.020888
1 0.318421 0.389687 0.029825 0.024804
1 0.378947 0.375326 0.045614 0.024804
1 0.269298 0.397520 0.029825 0.019582
1 0.371930 0.460836 0.031579 0.023499
1 0.405263 0.456919 0.021053 0.023499
1 0.379825 0.496084 0.022807 0.026110
1 0.429825 0.529373 0.024561 0.024804
1 0.448246 0.362924 0.029825 0.023499
1 0.175439 0.473890 0.028070 0.026110
1 0.324561 0.319191 0.031579 0.022193
1 0.340351 0.344648 0.031579 0.020888
1 0.263158 0.422324 0.028070 0.022193
1 0.507895 0.380548 0.029825 0.019582
1 0.542105 0.406658 0.028070 0.022193
1 0.585965 0.376632 0.028070 0.024804
1 0.618421 0.389034 0.029825 0.020888
1 0.613158 0.447781 0.033333 0.023499
1 0.640351 0.420366 0.021053 0.026110
1 0.675439 0.398825 0.028070 0.022193
1 0.710526 0.385770 0.031579 0.022193
1 0.557895 0.295692 0.035088 0.022193
1 0.568421 0.264360 0.035088 0.019582
1 0.617544 0.291775 0.024561 0.019582
1 0.485965 0.338773 0.031579 0.019582
1 0.585088 0.324413 0.026316 0.019582
1 0.639474 0.468668 0.029825 0.020888
1 0.742105 0.477154 0.031579 0.019582
1 0.738596 0.404047 0.028070 0.019582
1 0.775439 0.426240 0.031579 0.022193
1 0.625439 0.553525 0.026316 0.023499
1 0.710526 0.550261 0.031579 0.027415
1 0.805263 0.503264 0.031579 0.022193
1 0.571930 0.899478 0.028070 0.020888
1 0.615789 0.922977 0.031579 0.023499
1 0.567544 0.934726 0.029825 0.018277
1 0.555263 0.968016 0.029825 0.022193
1 0.585965 0.825065 0.028070 0.026110
1 0.537719 0.814621 0.033333 0.020888
1 0.514912 0.860313 0.029825 0.020888
1 0.526316 0.740862 0.028070 0.024804
1 0.505263 0.915796 0.031579 0.019582
1 0.574561 0.870757 0.026316 0.020888
1 0.606140 0.887728 0.029825 0.020888
1 0.650000 0.868146 0.026316 0.020888
1 0.642105 0.828329 0.028070 0.022193
1 0.660526 0.788512 0.033333 0.026110
1 0.590351 0.768277 0.026316 0.024804
1 0.587719 0.737598 0.031579 0.020888
1 0.112281 0.501305 0.028070 0.020888
1 0.110526 0.460183 0.031579 0.019582
1 0.218421 0.429504 0.022807 0.020888
1 0.085088 0.509791 0.026316 0.024804
1 0.114912 0.540470 0.022807 0.023499
1 0.139474 0.595300 0.029825 0.018277
1 0.062281 0.699739 0.026316 0.028721
1 0.023684 0.712141 0.022807 0.032637
1 0.042982 0.672324 0.029825 0.026110
1 0.231579 0.563969 0.028070 0.020888
1 0.218421 0.509791 0.026316 0.019582
1 0.115789 0.567232 0.028070 0.019582
1 0.159649 0.607702 0.031579 0.016971
1 0.273684 0.684073 0.035088 0.020888
1 0.222807 0.674935 0.031579 0.028721
1 0.466667 0.837467 0.031579 0.024804
1 0.474561 0.872063 0.033333 0.018277
1 0.463158 0.891645 0.028070 0.020888
1 0.459649 0.917102 0.031579 0.019582
1 0.454386 0.784595 0.028070 0.020888
1 0.456140 0.810705 0.031579 0.020888
1 0.425439 0.823760 0.029825 0.023499
1 0.427193 0.879896 0.033333 0.018277
1 0.419298 0.909922 0.024561 0.026110
1 0.407018 0.727807 0.028070 0.024804
1 0.442105 0.748042 0.024561 0.023499
1 0.487719 0.729765 0.024561 0.026110
1 0.493860 0.689948 0.022807 0.022193
1 0.435965 0.667755 0.022807 0.022193
1 0.550877 0.602480 0.024561 0.019582
1 0.557895 0.646867 0.028070 0.024804
1 0.574561 0.672324 0.026316 0.020888
1 0.508772 0.661227 0.028070 0.022193
1 0.471053 0.551567 0.033333 0.022193
1 0.509649 0.563316 0.022807 0.022193
1 0.542982 0.571149 0.029825 0.019582
1 0.459649 0.583551 0.028070 0.020888
1 0.470175 0.639034 0.031579 0.022193
1 0.421930 0.627937 0.026316 0.023499
1 0.362281 0.616841 0.026316 0.024804
1 0.427193 0.475196 0.029825 0.018277
1 0.241228 0.472585 0.029825 0.023499
1 0.063158 0.569191 0.028070 0.018277
1 0.214035 0.551567 0.024561 0.019582
1 0.252632 0.540470 0.042105 0.015666
1 0.391228 0.542428 0.031579 0.019582
1 0.463158 0.475849 0.028070 0.027415
1 0.492105 0.457572 0.033333 0.016971
1 0.377193 0.352480 0.031579 0.018277
1 0.142982 0.427546 0.022807 0.027415
1 0.176316 0.590078 0.026316 0.020888
1 0.345614 0.642298 0.028070 0.023499
1 0.150000 0.977807 0.029825 0.023499
1 0.209649 0.982376 0.026316 0.022193
1 0.229825 0.941253 0.031579 0.020888
1 0.271053 0.907311 0.029825 0.023499
1 0.306140 0.933420 0.029825 0.028721
1 0.314912 0.971279 0.022807 0.033943
1 0.307018 0.889034 0.024561 0.020888
1 0.109649 0.868146 0.033333 0.020888
1 0.034211 0.855744 0.026316 0.022193
1 0.159649 0.783943 0.031579 0.022193
1 0.141228 0.739556 0.026316 0.022193
1 0.289474 0.813969 0.031579 0.019582
1 0.485965 0.806789 0.031579 0.020888
1 0.498246 0.770888 0.024561 0.016971
1 0.617544 0.970627 0.028070 0.022193
1 0.185088 0.968668 0.029825 0.018277
1 0.666667 0.725849 0.028070 0.023499
1 0.657895 0.695822 0.031579 0.023499
1 0.688596 0.709530 0.033333 0.022193
1 0.710526 0.691253 0.031579 0.016971
1 0.728947 0.750653 0.026316 0.023499
1 0.705263 0.795692 0.031579 0.022193
1 0.707895 0.830287 0.029825 0.020888
1 0.685088 0.850522 0.026316 0.019582
1 0.685965 0.955614 0.028070 0.020888
1 0.635088 0.947128 0.024561 0.027415
1 0.650000 0.984987 0.026316 0.024804
1 0.727193 0.937990 0.029825 0.019582
1 0.755263 0.912533 0.026316 0.018277
1 0.784211 0.906658 0.024561 0.022193
1 0.787719 0.747389 0.031579 0.019582
1 0.798246 0.723238 0.028070 0.018277
1 0.822807 0.757833 0.028070 0.022193
1 0.857895 0.747389 0.031579 0.019582
1 0.750000 0.851175 0.022807 0.023499
1 0.750000 0.877285 0.026316 0.018277
1 0.757018 0.951044 0.029825 0.022193
1 0.564912 0.847258 0.024561 0.020888
1 0.618421 0.778068 0.026316 0.020888
1 0.853509 0.883159 0.026316 0.024804
1 0.856140 0.943211 0.028070 0.024804
1 0.914035 0.967363 0.031579 0.026110
1 0.903509 0.907311 0.038596 0.020888
1 0.898246 0.793081 0.028070 0.024804
1 0.850000 0.807441 0.029825 0.024804
1 0.795614 0.828982 0.033333 0.026110
1 0.843860 0.644909 0.028070 0.023499
1 0.934211 0.717363 0.029825 0.027415
1 0.972807 0.740862 0.029825 0.024804
1 0.964912 0.627937 0.028070 0.020888
1 0.981579 0.601175 0.029825 0.022193
1 0.634211 0.635770 0.026316 0.020888
1 0.672807 0.577023 0.026316 0.020888
1 0.621930 0.605744 0.022807 0.018277
1 0.639474 0.584204 0.026316 0.016971
1 0.575439 0.567885 0.028070 0.018277
1 0.783333 0.599869 0.026316 0.016971
1 0.902632 0.415144 0.026316 0.020888
1 0.837719 0.423629 0.029825 0.024804
1 0.928070 0.476501 0.024561 0.020888
1 0.861404 0.468016 0.028070 0.022193
1 0.844737 0.501958 0.026316 0.019582
1 0.850877 0.537859 0.038596 0.018277
1 0.677193 0.466057 0.028070 0.020888
1 0.954386 0.490862 0.028070 0.023499
1 0.893860 0.536554 0.026316 0.023499
1 0.962281 0.545039 0.026316 0.022193
1 0.393860 0.687337 0.026316 0.027415
1 0.617544 0.664491 0.021053 0.023499
1 0.678070 0.651436 0.026316 0.023499
1 0.721930 0.507833 0.047368 0.028721
1 0.886842 0.510444 0.026316 0.020888
1 0.935965 0.599869 0.036842 0.022193
1 0.563158 0.718016 0.024561 0.023499
1 0.532456 0.714099 0.022807 0.018277
1 0.538596 0.791775 0.028070 0.016971
1 0.399123 0.518277 0.029825 0.020888
1 0.851754 0.910574 0.026316 0.022193
1 0.875439 0.843342 0.028070 0.020888
1 0.882456 0.870757 0.024561 0.020888
1 0.778947 0.974543 0.024561 0.019582
1 0.807895 0.962141 0.022807 0.023499
1 0.808772 0.885117 0.024561 0.018277
1 0.814912 0.913185 0.026316 0.022193
1 0.766667 0.807441 0.028070 0.019582
1 0.764035 0.774151 0.022807 0.020888
1 0.904386 0.752611 0.029825 0.022193
1 0.949123 0.788512 0.028070 0.020888
1 0.936842 0.812010 0.035088 0.023499
1 0.984211 0.772193 0.028070 0.024804
1 0.978070 0.810705 0.029825 0.020888
1 0.963158 0.866841 0.024561 0.026110
1 0.942105 0.921671 0.021053 0.023499
1 0.744737 0.979112 0.029825 0.020888
1 0.817544 0.852480 0.028070 0.023499
1 0.801754 0.795692 0.028070 0.019582
1 0.743860 0.810052 0.024561 0.019582
1 0.948246 0.984334 0.029825 0.020888
1 0.985965 0.962794 0.024561 0.027415
1 0.937719 0.863577 0.026316 0.022193
1 0.974561 0.903394 0.026316 0.023499
1 0.814035 0.989556 0.031579 0.020888
1 0.685088 0.979765 0.022807 0.019582
1 0.535088 0.909269 0.028070 0.019582
1 0.461404 0.712141 0.028070 0.030026
1 0.443860 0.981723 0.024561 0.020888
1 0.517544 0.898172 0.021053 0.020888
1 0.014912 0.671018 0.026316 0.028721
1 0.342982 0.492820 0.029825 0.022193
1 0.568421 0.394909 0.038596 0.030026
1 0.607018 0.336815 0.021053 0.023499
1 0.734211 0.330940 0.026316 0.022193
1 0.734211 0.368146 0.026316 0.020888
1 0.770175 0.391645 0.021053 0.023499
1 0.897368 0.466057 0.033333 0.018277
1 0.683333 0.625326 0.033333 0.018277
1 0.694737 0.746736 0.028070 0.026110
1 0.942982 0.181462 0.029825 0.018277
1 0.514035 0.270235 0.042105 0.018277
1 0.502632 0.289164 0.026316 0.019582
1 0.760526 0.342037 0.022807 0.018277
1 0.933333 0.440601 0.028070 0.022193
1 0.706140 0.479765 0.026316 0.019582
1 0.422807 0.791775 0.024561 0.019582
1 0.766667 0.616841 0.021053 0.016971
1 0.728070 0.707572 0.024561 0.018277
1 0.470175 0.674282 0.028070 0.014360
1 0.314035 0.765666 0.017544 0.011749
1 0.296491 0.763708 0.017544 0.013055
1 0.917544 0.493473 0.024561 0.015666
1 0.244737 0.337467 0.029825 0.019582
2 0.915789 0.564621 0.031579 0.030026
2 0.054386 0.876632 0.035088 0.022193
3 0.126316 0.127937 0.126316 0.093995
3 0.069298 0.224543 0.107018 0.096606
3 0.107895 0.283290 0.107018 0.054830
3 0.171930 0.078982 0.115789 0.079634
3 0.361404 0.114883 0.119298 0.107050
3 0.505263 0.127937 0.175439 0.114883
3 0.249123 0.056789 0.133333 0.108355
3 0.458772 0.043081 0.103509 0.073107
3 0.558772 0.039817 0.114035 0.079634
3 0.350877 0.028721 0.122807 0.065274
3 0.643860 0.112272 0.112281 0.088773
3 0.704386 0.046345 0.110526 0.087467
3 0.718421 0.204961 0.107018 0.088773
3 0.750000 0.135770 0.114035 0.091384
3 0.809649 0.227807 0.103509 0.077023
3 0.900000 0.240862 0.080702 0.110966
3 0.851754 0.310705 0.149123 0.099217
3 0.894737 0.048303 0.119298 0.088773
