0 0.308475 0.789286 0.057627 0.073810
0 0.324576 0.921429 0.042373 0.057143
0 0.280508 0.929762 0.035593 0.035714
0 0.256780 0.871429 0.025424 0.033333
0 0.128814 0.970238 0.044068 0.054762
0 0.513559 0.952381 0.050847 0.004762
0 0.214407 0.910714 0.052542 0.088095
0 0.079661 0.969048 0.037288 0.052381
3 0.478814 0.548810 0.154237 0.226190
3 0.398305 0.371429 0.145763 0.266667
3 0.555932 0.328571 0.108475 0.190476
3 0.261017 0.282143 0.108475 0.183333
3 0.345763 0.646429 0.152542 0.226190
3 0.480508 0.919048 0.110169 0.161905
3 0.598305 0.702381 0.118644 0.195238
3 0.733051 0.771429 0.150847 0.228571
3 0.905932 0.784524 0.177966 0.178571
3 0.799153 0.448810 0.205085 0.345238
3 0.829661 0.211905 0.167797 0.242857
3 0.593220 0.105952 0.138983 0.202381
3 0.705932 0.114286 0.083051 0.142857
3 0.206780 0.453571 0.135593 0.264286
3 0.926271 0.101190 0.093220 0.178571
3 0.938136 0.394048 0.072881 0.159524
3 0.935593 0.615476 0.105085 0.130952
