1 0.509375 0.425926 0.027083 0.074074
1 0.577083 0.353704 0.037500 0.077778
1 0.358333 0.487037 0.037500 0.062963
1 0.142708 0.350000 0.043750 0.062963
1 0.128125 0.516667 0.035417 0.070370
1 0.164583 0.679630 0.037500 0.062963
1 0.522917 0.322222 0.033333 0.044444
2 0.186458 0.475926 0.064583 0.100000
2 0.405208 0.466667 0.052083 0.088889
2 0.442708 0.366667 0.052083 0.088889
2 0.463542 0.464815 0.056250 0.085185
2 0.507292 0.525926 0.060417 0.088889
2 0.551042 0.635185 0.052083 0.092593
2 0.601042 0.674074 0.056250 0.081481
2 0.558333 0.240741 0.058333 0.103704
2 0.181250 0.583333 0.062500 0.092593
2 0.790625 0.124074 0.047917 0.085185
2 0.875000 0.205556 0.058333 0.100000
2 0.913542 0.311111 0.060417 0.081481
2 0.897917 0.574074 0.054167 0.074074
2 0.307292 0.374074 0.056250 0.096296
2 0.675000 0.114815 0.050000 0.103704
2 0.245833 0.522222 0.054167 0.118519
