0 0.485396 0.489640 0.034589 0.039258
0 0.518063 0.492366 0.021522 0.027263
0 0.107994 0.249727 0.020753 0.034896
0 0.046503 0.429662 0.020753 0.039258
0 0.043044 0.493457 0.038432 0.042530
0 0.081091 0.456925 0.017679 0.021810
0 0.111453 0.502726 0.030746 0.028353
0 0.114143 0.533261 0.023828 0.041439
0 0.232513 0.502181 0.025365 0.035987
0 0.292852 0.047983 0.024596 0.056707
0 0.114143 0.127045 0.025365 0.031625
0 0.524981 0.709924 0.024596 0.028353
0 0.885088 0.773173 0.017679 0.026172
0 0.700615 0.598691 0.020753 0.030534
0 0.701384 0.561069 0.022291 0.031625
0 0.578786 0.354962 0.023059 0.035987
0 0.097617 0.396401 0.023059 0.033806
0 0.093390 0.369138 0.023828 0.031625
0 0.141814 0.413850 0.017679 0.031625
0 0.073789 0.466739 0.016910 0.013086
0 0.126057 0.432388 0.009224 0.011996
0 0.133743 0.422574 0.012298 0.022901
0 0.358570 0.770992 0.017679 0.032715
0 0.351653 0.779171 0.013067 0.025082
0 0.030746 0.537623 0.023059 0.017448
0 0.081476 0.194656 0.013836 0.022901
0 0.609531 0.522901 0.019985 0.027263
0 0.918524 0.934024 0.026134 0.025082
0 0.952344 0.880589 0.021522 0.031625
0 0.949654 0.909487 0.039201 0.026172
1 0.044197 0.184297 0.014604 0.017448
1 0.068409 0.145038 0.013836 0.019629
1 0.089162 0.121592 0.016910 0.025082
1 0.086472 0.100327 0.011530 0.015267
1 0.086088 0.066521 0.012298 0.021810
1 0.130284 0.107415 0.011530 0.020720
1 0.093390 0.154308 0.013067 0.020720
1 0.111453 0.155398 0.012298 0.016358
1 0.120676 0.178299 0.013836 0.020720
1 0.028824 0.316794 0.011530 0.025082
1 0.039969 0.284624 0.015373 0.021810
1 0.048809 0.262268 0.014604 0.020720
1 0.039201 0.219193 0.013836 0.023991
1 0.006918 0.290622 0.013836 0.020720
1 0.028055 0.237732 0.014604 0.028353
1 0.078401 0.237186 0.015373 0.025082
1 0.059954 0.231734 0.016910 0.022901
1 0.069562 0.272083 0.017679 0.016358
1 0.087625 0.319520 0.018447 0.023991
1 0.159108 0.076336 0.010761 0.019629
1 0.185626 0.064340 0.016141 0.023991
1 0.201384 0.103599 0.016910 0.021810
1 0.162952 0.142857 0.013836 0.026172
1 0.149885 0.117775 0.015373 0.023991
1 0.189085 0.136859 0.023059 0.022901
1 0.148732 0.201200 0.013067 0.018539
1 0.156034 0.220829 0.015373 0.025082
1 0.194850 0.179935 0.013067 0.017448
1 0.228670 0.224100 0.016141 0.022901
1 0.234435 0.190840 0.016910 0.026172
1 0.244043 0.172301 0.013067 0.019629
1 0.242121 0.149945 0.015373 0.018539
1 0.213297 0.062704 0.009992 0.025082
1 0.223674 0.083424 0.015373 0.027263
1 0.227902 0.033261 0.011530 0.018539
1 0.241353 0.090513 0.016910 0.017448
1 0.257110 0.013086 0.016141 0.019629
1 0.270177 0.033261 0.013067 0.020720
1 0.275942 0.010905 0.013836 0.019629
1 0.267102 0.110687 0.014604 0.022901
1 0.283628 0.149945 0.012298 0.018539
1 0.285550 0.176663 0.016141 0.019629
1 0.297463 0.195202 0.013836 0.023991
1 0.278632 0.245365 0.011530 0.021810
1 0.294773 0.250273 0.014604 0.020720
1 0.289777 0.226281 0.012298 0.018539
1 0.272867 0.289531 0.013836 0.022901
1 0.265565 0.303162 0.013067 0.021810
1 0.253651 0.293893 0.012298 0.018539
1 0.062260 0.936750 0.012298 0.021810
1 0.124135 0.893675 0.019216 0.027263
1 0.224827 0.923664 0.017679 0.023991
1 0.271330 0.758997 0.013836 0.019629
1 0.284012 0.732279 0.013067 0.022901
1 0.317448 0.697928 0.010761 0.021810
1 0.323213 0.666303 0.011530 0.023991
1 0.350115 0.715376 0.016141 0.023991
1 0.177940 0.371865 0.014604 0.021810
1 0.195619 0.389313 0.014604 0.021810
1 0.935819 0.068702 0.014604 0.021810
1 0.877018 0.062704 0.012298 0.022901
1 0.852037 0.073064 0.014604 0.017448
1 0.818985 0.079607 0.011530 0.017448
1 0.825519 0.110687 0.013836 0.022901
1 0.817064 0.152672 0.019985 0.026172
1 0.832821 0.181025 0.014604 0.017448
1 0.872022 0.201200 0.014604 0.020720
1 0.871253 0.276445 0.014604 0.018539
1 0.861261 0.288986 0.016141 0.021810
1 0.911222 0.274809 0.013067 0.017448
1 0.889700 0.223010 0.014604 0.020720
1 0.666795 0.054526 0.016141 0.026172
1 0.705611 0.117775 0.012298 0.019629
1 0.699078 0.077972 0.013067 0.018539
1 0.691776 0.156489 0.013836 0.022901
1 0.676018 0.142857 0.013067 0.023991
1 0.683705 0.183751 0.017679 0.016358
1 0.676018 0.207743 0.013067 0.018539
1 0.621445 0.033806 0.014604 0.019629
1 0.635665 0.052890 0.015373 0.020720
1 0.615680 0.081243 0.015373 0.022901
1 0.604919 0.061614 0.013836 0.025082
1 0.601076 0.129771 0.012298 0.019629
1 0.602229 0.101418 0.016141 0.017448
1 0.639892 0.163032 0.014604 0.020720
1 0.660646 0.135769 0.014604 0.022901
1 0.636434 0.223555 0.012298 0.023991
1 0.635665 0.193021 0.013836 0.019629
1 0.657187 0.219193 0.015373 0.028353
1 0.540738 0.099237 0.011530 0.017448
1 0.504612 0.129771 0.013067 0.026172
1 0.522675 0.148310 0.013836 0.023991
1 0.510761 0.164122 0.016141 0.031625
1 0.526902 0.194656 0.016141 0.020720
1 0.552267 0.195202 0.016141 0.023991
1 0.559954 0.153217 0.016141 0.022901
1 0.359339 0.053435 0.014604 0.028353
1 0.356649 0.089967 0.015373 0.022901
1 0.325135 0.082879 0.018447 0.019629
1 0.332052 0.110142 0.016910 0.021810
1 0.343582 0.119411 0.013836 0.018539
1 0.344350 0.193566 0.015373 0.022901
1 0.317832 0.192475 0.014604 0.020720
1 0.345888 0.225191 0.015373 0.020720
1 0.333974 0.247001 0.016141 0.022901
1 0.314374 0.242639 0.010761 0.027263
1 0.352421 0.281897 0.014604 0.022901
1 0.327056 0.303708 0.013067 0.025082
1 0.336280 0.341330 0.017679 0.021810
1 0.307456 0.315158 0.015373 0.026172
1 0.304766 0.352781 0.017679 0.020720
1 0.290546 0.415485 0.015373 0.023991
1 0.300154 0.446565 0.016141 0.022901
1 0.238663 0.403490 0.016141 0.021810
1 0.239047 0.434569 0.016910 0.018539
1 0.256726 0.409487 0.010761 0.022901
1 0.211376 0.498364 0.012298 0.023991
1 0.226364 0.535987 0.011530 0.014177
1 0.250961 0.525082 0.017679 0.018539
1 0.395081 0.157579 0.013836 0.020720
1 0.412759 0.177208 0.016910 0.025082
1 0.423520 0.155398 0.016910 0.027263
1 0.432360 0.119956 0.014604 0.021810
1 0.418140 0.065976 0.013836 0.025082
1 0.406610 0.035442 0.018447 0.020720
1 0.379708 0.188659 0.013836 0.023991
1 0.328209 0.154308 0.015373 0.027263
1 0.362029 0.328790 0.012298 0.020720
1 0.368947 0.232824 0.015373 0.027263
1 0.405457 0.300436 0.013067 0.027263
1 0.412375 0.241549 0.013067 0.027263
1 0.380477 0.355507 0.023059 0.019629
1 0.286703 0.375682 0.013836 0.022901
1 0.280169 0.446020 0.014604 0.019629
1 0.256341 0.478190 0.013067 0.020720
1 0.306303 0.404035 0.013067 0.022901
1 0.307840 0.375136 0.020753 0.023991
1 0.323982 0.467830 0.016141 0.017448
1 0.331284 0.434569 0.018447 0.011996
1 0.339354 0.391494 0.014604 0.026172
1 0.330131 0.410578 0.009992 0.025082
1 0.353574 0.344602 0.013836 0.023991
1 0.340507 0.309160 0.009224 0.018539
1 0.353958 0.315703 0.011530 0.018539
1 0.448885 0.157034 0.013836 0.019629
1 0.466949 0.130862 0.013067 0.028353
1 0.468101 0.152672 0.010761 0.013086
1 0.450423 0.027263 0.013836 0.023991
1 0.463105 0.049073 0.016141 0.026172
1 0.483090 0.045256 0.013067 0.022901
1 0.449654 0.220829 0.015373 0.020720
1 0.444658 0.201200 0.014604 0.022901
1 0.416218 0.211014 0.016141 0.022901
1 0.534589 0.041985 0.016141 0.029444
1 0.567256 0.100872 0.016910 0.022901
1 0.583013 0.133588 0.014604 0.025082
1 0.590699 0.077972 0.016141 0.025082
1 0.602229 0.178844 0.017679 0.017448
1 0.607225 0.160305 0.013836 0.017448
1 0.618755 0.168484 0.012298 0.020720
1 0.659108 0.020720 0.016141 0.021810
1 0.750192 0.090513 0.016910 0.021810
1 0.749424 0.069793 0.013836 0.017448
1 0.713297 0.056707 0.013836 0.030534
1 0.727517 0.039258 0.013067 0.021810
1 0.785550 0.048528 0.013836 0.018539
1 0.711376 0.166848 0.014604 0.021810
1 0.711376 0.193566 0.014604 0.020720
1 0.715988 0.237186 0.014604 0.029444
1 0.730592 0.208288 0.016141 0.023991
1 0.736357 0.167394 0.010761 0.022901
1 0.755957 0.187023 0.016141 0.020720
1 0.764412 0.219193 0.017679 0.021810
1 0.751729 0.267721 0.015373 0.025082
1 0.744427 0.290076 0.016141 0.019629
1 0.725596 0.296619 0.015373 0.021810
1 0.681399 0.276445 0.016141 0.018539
1 0.726364 0.278626 0.010761 0.014177
1 0.767871 0.120502 0.015373 0.025082
1 0.775557 0.158124 0.012298 0.017448
1 0.779016 0.139040 0.016141 0.020720
1 0.760569 0.341876 0.014604 0.025082
1 0.766718 0.293348 0.016141 0.026172
1 0.702152 0.350600 0.016141 0.022901
1 0.718294 0.355507 0.014604 0.019629
1 0.734819 0.393130 0.015373 0.020720
1 0.454266 0.252999 0.016910 0.019629
1 0.458493 0.287350 0.016141 0.022901
1 0.441199 0.270447 0.015373 0.019629
1 0.436203 0.291167 0.014604 0.019629
1 0.442352 0.318975 0.013067 0.029444
1 0.460031 0.311341 0.014604 0.020720
1 0.476941 0.250273 0.014604 0.025082
1 0.485396 0.198473 0.016141 0.019629
1 0.506918 0.282988 0.014604 0.020720
1 0.496541 0.329880 0.015373 0.016358
1 0.495004 0.370774 0.016910 0.019629
1 0.517679 0.396401 0.017679 0.020720
1 0.549962 0.232824 0.016141 0.025082
1 0.552267 0.260632 0.017679 0.021810
1 0.567640 0.223555 0.014604 0.026172
1 0.047656 0.602508 0.013836 0.020720
1 0.180246 0.559978 0.008455 0.018539
1 0.186779 0.546892 0.016910 0.014177
1 0.298616 0.894220 0.014604 0.017448
1 0.382398 0.930207 0.014604 0.017448
1 0.401998 0.977099 0.013836 0.019629
1 0.409685 0.917121 0.016910 0.017448
1 0.432360 0.948201 0.016141 0.018539
1 0.439277 0.916031 0.014604 0.019629
1 0.446195 0.875136 0.014604 0.020720
1 0.461184 0.901854 0.016910 0.021810
1 0.437356 0.787350 0.009224 0.015267
1 0.464258 0.811341 0.015373 0.019629
1 0.367794 0.684842 0.011530 0.019629
1 0.349731 0.667939 0.015373 0.029444
1 0.351653 0.634678 0.014604 0.019629
1 0.369331 0.649400 0.014604 0.022901
1 0.339739 0.638495 0.012298 0.027263
1 0.300154 0.720829 0.014604 0.019629
1 0.303997 0.700654 0.016141 0.025082
1 0.323213 0.559978 0.017679 0.025082
1 0.332437 0.592694 0.016141 0.027263
1 0.355111 0.602508 0.013836 0.025082
1 0.372022 0.614504 0.013836 0.022901
1 0.371637 0.582334 0.011530 0.021810
1 0.334743 0.528899 0.014604 0.021810
1 0.308609 0.478735 0.016141 0.026172
1 0.347041 0.517448 0.016141 0.022901
1 0.362029 0.526718 0.015373 0.021810
1 0.364719 0.447110 0.017679 0.021810
1 0.362414 0.472192 0.013067 0.019629
1 0.377786 0.487459 0.016141 0.026172
1 0.347041 0.377317 0.014604 0.021810
1 0.357802 0.384951 0.011530 0.028353
1 0.383551 0.430207 0.015373 0.018539
1 0.410838 0.428571 0.017679 0.019629
1 0.403920 0.473282 0.014604 0.021810
1 0.418909 0.500000 0.013836 0.025082
1 0.445427 0.370229 0.016141 0.020720
1 0.440815 0.389313 0.016141 0.023991
1 0.450423 0.415485 0.012298 0.017448
1 0.435050 0.451472 0.018447 0.021810
1 0.431591 0.476554 0.016141 0.023991
1 0.458493 0.459106 0.013067 0.021810
1 0.451960 0.482552 0.012298 0.020720
1 0.394312 0.612868 0.013836 0.023991
1 0.401614 0.587786 0.013067 0.021810
1 0.424673 0.589967 0.017679 0.023991
1 0.433513 0.558342 0.013836 0.021810
1 0.443121 0.591603 0.013067 0.031625
1 0.476172 0.624864 0.019216 0.017448
1 0.504612 0.628135 0.014604 0.021810
1 0.487317 0.585060 0.012298 0.016358
1 0.500384 0.598691 0.010761 0.019629
1 0.499616 0.564340 0.013836 0.020720
1 0.466949 0.587241 0.009992 0.018539
1 0.524212 0.420393 0.021522 0.020720
1 0.553420 0.373501 0.018447 0.016358
1 0.562644 0.426390 0.012298 0.019629
1 0.548424 0.446565 0.014604 0.018539
1 0.600307 0.350055 0.015373 0.021810
1 0.607225 0.327154 0.012298 0.017448
1 0.641814 0.376227 0.013836 0.023991
1 0.646810 0.333697 0.016141 0.019629
1 0.657955 0.350055 0.013836 0.017448
1 0.664489 0.371320 0.014604 0.018539
1 0.669485 0.405125 0.016910 0.020720
1 0.664873 0.314068 0.016910 0.019629
1 0.684858 0.321156 0.016910 0.020720
1 0.667179 0.296074 0.013836 0.014177
1 0.634512 0.401854 0.017679 0.022901
1 0.641430 0.437841 0.011530 0.016358
1 0.617218 0.465649 0.016910 0.021810
1 0.622214 0.491276 0.016141 0.022901
1 0.641814 0.475463 0.015373 0.021810
1 0.658340 0.453108 0.017679 0.018539
1 0.654112 0.497819 0.016910 0.022901
1 0.673328 0.490731 0.013836 0.026172
1 0.571099 0.450927 0.015373 0.022901
1 0.579939 0.471647 0.013067 0.018539
1 0.595311 0.453653 0.014604 0.021810
1 0.592621 0.417121 0.013836 0.020720
1 0.561491 0.527263 0.014604 0.025082
1 0.519600 0.586150 0.012298 0.018539
1 0.545350 0.552345 0.014604 0.018539
1 0.539585 0.574700 0.015373 0.021810
1 0.538432 0.647219 0.013067 0.027263
1 0.522675 0.642857 0.013836 0.027263
1 0.519600 0.613413 0.012298 0.020720
1 0.531899 0.681570 0.012298 0.023991
1 0.546887 0.742639 0.016141 0.023991
1 0.524981 0.781352 0.013836 0.020720
1 0.553420 0.797710 0.021522 0.018539
1 0.561107 0.690840 0.018447 0.022901
1 0.559185 0.662486 0.014604 0.020720
1 0.560723 0.593784 0.014604 0.020720
1 0.579554 0.601418 0.012298 0.027263
1 0.560723 0.570338 0.011530 0.015267
1 0.563413 0.638495 0.018447 0.020720
1 0.579939 0.490731 0.008455 0.015267
1 0.586472 0.564340 0.013836 0.011996
1 0.679862 0.431298 0.011530 0.022901
1 0.690238 0.483097 0.013836 0.023991
1 0.714835 0.417121 0.016910 0.025082
1 0.712145 0.490185 0.017679 0.025082
1 0.700615 0.467830 0.013067 0.013086
1 0.719062 0.446565 0.013067 0.022901
1 0.806687 0.255725 0.011530 0.029444
1 0.811299 0.338059 0.013067 0.023991
1 0.820907 0.354417 0.016910 0.026172
1 0.832437 0.415485 0.015373 0.017448
1 0.846272 0.438386 0.013836 0.017448
1 0.762106 0.430752 0.014604 0.017448
1 0.597617 0.620502 0.009992 0.028353
1 0.874712 0.360960 0.013836 0.019629
1 0.849347 0.234460 0.012298 0.017448
1 0.900846 0.332061 0.026134 0.025082
1 0.916987 0.352781 0.018447 0.022901
1 0.894312 0.390403 0.017679 0.032715
1 0.665642 0.674482 0.013836 0.018539
1 0.662183 0.736641 0.014604 0.020720
1 0.660646 0.779716 0.011530 0.017448
1 0.644120 0.775354 0.012298 0.019629
1 0.684089 0.681025 0.013836 0.022901
1 0.701384 0.673937 0.016141 0.019629
1 0.704458 0.643402 0.013067 0.023991
1 0.749808 0.637405 0.011530 0.020720
1 0.744427 0.692475 0.014604 0.021810
1 0.757494 0.712105 0.016141 0.019629
1 0.795926 0.679935 0.014604 0.025082
1 0.684858 0.512541 0.018447 0.026172
1 0.883935 0.869684 0.026134 0.018539
1 0.834358 0.925300 0.014604 0.016358
1 0.847425 0.857143 0.013067 0.023991
1 0.814758 0.816249 0.015373 0.016358
1 0.798616 0.823882 0.018447 0.018539
1 0.827440 0.734460 0.014604 0.018539
1 0.822829 0.693566 0.020753 0.017448
1 0.854343 0.749727 0.016141 0.027263
1 0.918524 0.739368 0.013836 0.021810
1 0.970023 0.718648 0.016910 0.017448
1 0.946580 0.695747 0.013067 0.019629
1 0.963490 0.311341 0.014604 0.018539
1 0.883167 0.462923 0.013836 0.018539
1 0.892775 0.447110 0.011530 0.013086
1 0.586856 0.719193 0.013067 0.018539
1 0.581091 0.750273 0.015373 0.017448
1 0.590315 0.818975 0.013836 0.019629
1 0.598386 0.796619 0.014604 0.018539
1 0.607225 0.859324 0.015373 0.021810
1 0.621061 0.808615 0.012298 0.020720
1 0.616449 0.835333 0.013836 0.019629
1 0.546118 0.847874 0.020753 0.018539
1 0.596080 0.914395 0.016141 0.022901
1 0.779785 0.806979 0.016141 0.015267
1 0.781706 0.884406 0.015373 0.021810
1 0.751345 0.946020 0.016141 0.022901
1 0.657571 0.902944 0.016141 0.019629
1 0.669101 0.847874 0.011530 0.016358
1 0.643351 0.838604 0.010761 0.019629
1 0.677171 0.781352 0.013836 0.022901
1 0.714835 0.804798 0.015373 0.017448
1 0.917756 0.437841 0.016910 0.025082
1 0.931207 0.412214 0.017679 0.015267
1 0.937356 0.468375 0.019216 0.020720
1 0.837433 0.468375 0.023828 0.020720
1 0.880477 0.539258 0.020753 0.016358
1 0.827825 0.515267 0.018447 0.022901
1 0.932360 0.490185 0.021522 0.025082
1 0.576480 0.990731 0.016910 0.020720
1 0.805534 0.021810 0.016910 0.015267
1 0.807456 0.095965 0.009992 0.013086
1 0.876249 0.154853 0.016910 0.015267
1 0.916218 0.119411 0.009224 0.018539
1 0.804766 0.172301 0.012298 0.021810
1 0.791314 0.198473 0.008455 0.017448
1 0.821676 0.202835 0.009224 0.017448
1 0.774404 0.178299 0.008455 0.014177
1 0.797079 0.194656 0.012298 0.018539
1 0.832437 0.204471 0.013836 0.020720
1 0.789777 0.237186 0.017679 0.031625
1 0.680246 0.241549 0.013836 0.020720
1 0.615680 0.224646 0.015373 0.023991
1 0.535357 0.177208 0.017679 0.025082
1 0.508071 0.192475 0.010761 0.018539
1 0.523444 0.284079 0.010761 0.016358
1 0.544197 0.301527 0.013836 0.018539
1 0.481168 0.292803 0.010761 0.020720
1 0.469254 0.272083 0.008455 0.014177
1 0.480784 0.271538 0.016141 0.013086
1 0.428517 0.245911 0.013067 0.016358
1 0.387394 0.240458 0.010761 0.020720
1 0.387394 0.208288 0.009224 0.015267
1 0.309377 0.277535 0.008455 0.016358
1 0.313605 0.293893 0.007686 0.014177
1 0.368563 0.264995 0.016141 0.021810
1 0.373174 0.287895 0.017679 0.015267
1 0.317832 0.215921 0.011530 0.015267
1 0.862029 0.225191 0.014604 0.022901
1 0.883167 0.303162 0.013836 0.017448
1 0.899308 0.308070 0.009224 0.016358
1 0.850884 0.249182 0.007686 0.016358
1 0.875865 0.324973 0.019216 0.010905
1 0.927364 0.292803 0.011530 0.018539
1 0.949654 0.336423 0.013067 0.016358
1 0.800154 0.363686 0.010761 0.022901
1 0.795926 0.410033 0.016141 0.021810
1 0.780938 0.418212 0.015373 0.016358
1 0.818985 0.308615 0.008455 0.019629
1 0.689854 0.371865 0.013067 0.026172
1 0.705995 0.378408 0.011530 0.013086
1 0.726749 0.318430 0.016141 0.019629
1 0.704842 0.306979 0.016910 0.016358
1 0.623751 0.350600 0.014604 0.018539
1 0.605304 0.751908 0.014604 0.022901
1 0.619139 0.771538 0.008455 0.011996
1 0.612221 0.778081 0.009992 0.011996
1 0.650653 0.719193 0.011530 0.018539
1 0.698693 0.742639 0.013836 0.019629
1 0.711760 0.741003 0.015373 0.020720
1 0.704842 0.706652 0.012298 0.021810
1 0.726749 0.714831 0.011530 0.014177
1 0.718294 0.664122 0.011530 0.017448
1 0.737510 0.713195 0.013067 0.013086
1 0.609147 0.660305 0.008455 0.011996
1 0.618755 0.649400 0.007686 0.011996
1 0.639124 0.655398 0.013067 0.019629
1 0.577633 0.574155 0.011530 0.014177
1 0.579170 0.551799 0.009992 0.015267
1 0.611453 0.568702 0.011530 0.020720
1 0.646810 0.561069 0.009992 0.014177
1 0.641430 0.539258 0.014604 0.016358
1 0.708301 0.522356 0.014604 0.019629
1 0.684858 0.534351 0.012298 0.017448
1 0.624520 0.557797 0.016141 0.022901
1 0.605304 0.610142 0.009992 0.018539
1 0.923136 0.707197 0.016910 0.025082
1 0.890085 0.708833 0.012298 0.028353
1 0.883551 0.755180 0.011530 0.014177
1 0.903920 0.770992 0.009224 0.010905
1 0.900461 0.746456 0.011530 0.022901
1 0.883167 0.738277 0.013836 0.015267
1 0.921983 0.673391 0.009992 0.014177
1 0.928132 0.770447 0.009992 0.011996
1 0.920830 0.777535 0.007686 0.013086
1 0.856264 0.781352 0.009224 0.014177
1 0.847809 0.791712 0.012298 0.019629
1 0.820907 0.633588 0.010761 0.019629
1 0.808609 0.625954 0.006149 0.013086
1 0.869716 0.551799 0.016141 0.013086
1 0.881630 0.568702 0.010761 0.016358
1 0.843966 0.606870 0.012298 0.014177
1 0.858186 0.598146 0.014604 0.020720
1 0.928132 0.615049 0.016141 0.019629
1 0.936203 0.630862 0.007686 0.011996
1 0.940430 0.666303 0.011530 0.017448
1 0.782859 0.537077 0.014604 0.016358
1 0.832821 0.568157 0.014604 0.015267
1 0.812452 0.545256 0.009224 0.017448
1 0.847041 0.545802 0.007686 0.011996
1 0.862798 0.495093 0.009992 0.013086
1 0.816295 0.479826 0.009224 0.013086
1 0.807456 0.510360 0.009992 0.010905
1 0.782859 0.503817 0.009992 0.019629
1 0.809377 0.560523 0.018447 0.023991
1 0.759800 0.568702 0.019216 0.020720
1 0.750961 0.595965 0.018447 0.020720
1 0.739431 0.663032 0.009224 0.013086
1 0.747118 0.662486 0.009224 0.014177
1 0.769792 0.781352 0.008455 0.016358
1 0.772098 0.756816 0.009992 0.017448
1 0.779016 0.752454 0.008455 0.013086
1 0.787471 0.776445 0.009992 0.015267
1 0.789777 0.840240 0.006918 0.009815
1 0.817448 0.900218 0.009992 0.014177
1 0.818985 0.873501 0.013067 0.017448
1 0.809377 0.871865 0.009224 0.011996
1 0.825903 0.893675 0.008455 0.011996
1 0.873174 0.980371 0.010761 0.013086
1 0.961184 0.979280 0.014604 0.017448
1 0.948501 0.991821 0.013836 0.014177
1 0.782091 0.968375 0.011530 0.010905
1 0.685626 0.953108 0.015373 0.023991
1 0.635665 0.923119 0.010761 0.018539
1 0.732898 0.864231 0.011530 0.011996
1 0.712529 0.896947 0.010761 0.014177
1 0.738663 0.908397 0.018447 0.021810
1 0.666795 0.704471 0.011530 0.019629
1 0.804766 0.647219 0.015373 0.014177
1 0.801691 0.630316 0.010761 0.015267
1 0.921599 0.596510 0.018447 0.023991
1 0.995004 0.629771 0.009992 0.025082
1 0.978478 0.648855 0.015373 0.026172
1 0.982706 0.582334 0.009992 0.013086
1 0.973482 0.566521 0.009992 0.011996
1 0.978478 0.412214 0.013836 0.017448
1 0.993851 0.462923 0.012298 0.018539
1 0.955035 0.523446 0.016141 0.015267
1 0.945042 0.360960 0.019216 0.015267
1 0.757494 0.153762 0.014604 0.023991
1 0.775173 0.267721 0.011530 0.016358
1 0.786703 0.269357 0.011530 0.015267
1 0.731360 0.258451 0.011530 0.017448
1 0.743274 0.239913 0.010761 0.013086
1 0.845119 0.212650 0.011530 0.021810
1 0.818217 0.125954 0.009992 0.014177
1 0.949654 0.134133 0.016141 0.021810
1 0.956572 0.104144 0.008455 0.016358
1 0.946964 0.103053 0.013836 0.014177
1 0.870100 0.250273 0.010761 0.018539
1 0.701768 0.281897 0.012298 0.014177
1 0.624520 0.440567 0.013067 0.013086
1 0.610684 0.437296 0.008455 0.010905
1 0.591084 0.433479 0.021522 0.016358
1 0.602998 0.487459 0.008455 0.013086
1 0.718294 0.630316 0.013067 0.019629
1 0.661030 0.636859 0.012298 0.017448
1 0.378171 0.393130 0.013836 0.029444
1 0.404689 0.358779 0.014604 0.019629
1 0.427364 0.368048 0.010761 0.014177
1 0.412759 0.345692 0.019985 0.032715
1 0.470023 0.352781 0.013067 0.018539
1 0.480784 0.388768 0.013067 0.014177
1 0.466949 0.402944 0.008455 0.016358
1 0.475019 0.411668 0.012298 0.020720
1 0.481168 0.351690 0.010761 0.016358
1 0.497694 0.416576 0.011530 0.021810
1 0.562260 0.274264 0.011530 0.014177
1 0.651422 0.293893 0.011530 0.014177
1 0.639124 0.076336 0.016141 0.017448
1 0.502306 0.096510 0.014604 0.018539
1 0.445811 0.136314 0.012298 0.019629
1 0.414297 0.115049 0.016910 0.027263
1 0.369716 0.042530 0.010761 0.030534
1 0.376633 0.011996 0.012298 0.021810
1 0.246733 0.040349 0.016910 0.017448
1 0.138739 0.083969 0.013067 0.015267
1 0.742506 0.128135 0.007686 0.014177
1 0.320907 0.035987 0.013067 0.021810
1 0.330515 0.006543 0.012298 0.013086
1 0.334743 0.020720 0.008455 0.013086
1 0.339739 0.048528 0.009224 0.011996
1 0.126441 0.247001 0.016141 0.020720
1 0.131053 0.223010 0.013067 0.014177
1 0.131053 0.209378 0.014604 0.017448
1 0.064950 0.198473 0.011530 0.019629
1 0.051883 0.198473 0.014604 0.019629
1 0.217141 0.171210 0.013067 0.023991
1 0.207148 0.224100 0.011530 0.016358
1 0.212529 0.243184 0.016141 0.023991
1 0.317832 0.166848 0.008455 0.019629
1 0.243659 0.106870 0.018447 0.017448
1 0.107225 0.210469 0.009992 0.017448
1 0.116449 0.204471 0.009992 0.014177
1 0.013067 0.215921 0.013836 0.019629
1 0.066487 0.165213 0.013067 0.014177
1 0.191007 0.288986 0.014604 0.028353
1 0.198693 0.303708 0.011530 0.016358
1 0.200231 0.362050 0.014604 0.015267
1 0.216372 0.450382 0.017679 0.017448
1 0.204074 0.418757 0.009992 0.015267
1 0.212913 0.405671 0.015373 0.021810
1 0.259416 0.446020 0.011530 0.017448
1 0.271330 0.411668 0.007686 0.018539
1 0.270561 0.398582 0.015373 0.014177
1 0.269024 0.370774 0.013836 0.030534
1 0.285934 0.324973 0.012298 0.026172
1 0.343198 0.474918 0.014604 0.029444
1 0.332821 0.495638 0.012298 0.018539
1 0.340507 0.415485 0.007686 0.015267
1 0.379324 0.453108 0.014604 0.014177
1 0.386626 0.508179 0.012298 0.017448
1 0.395465 0.497274 0.009992 0.017448
1 0.372022 0.508724 0.012298 0.014177
1 0.399308 0.541985 0.016141 0.015267
1 0.447733 0.515267 0.017679 0.022901
1 0.460415 0.537077 0.010761 0.016358
1 0.513836 0.558342 0.009992 0.021810
1 0.499231 0.646129 0.013067 0.018539
1 0.747118 0.483642 0.012298 0.014177
1 0.829746 0.486369 0.013067 0.019629
1 0.615296 0.976554 0.011530 0.020720
1 0.606457 0.953653 0.013836 0.025082
1 0.548424 0.895856 0.016141 0.020720
1 0.566872 0.883860 0.011530 0.020720
1 0.578401 0.928571 0.009992 0.016358
1 0.485396 0.869684 0.011530 0.016358
1 0.488855 0.768811 0.012298 0.019629
1 0.402767 0.810796 0.013836 0.025082
1 0.425058 0.817339 0.007686 0.009815
1 0.415065 0.784624 0.007686 0.011996
1 0.547271 0.681570 0.012298 0.015267
1 0.302075 0.131407 0.010761 0.027263
1 0.377786 0.136859 0.008455 0.020720
1 0.350500 0.147219 0.010761 0.017448
1 0.397387 0.056707 0.012298 0.019629
1 0.868178 0.432933 0.014604 0.015267
1 0.831668 0.393675 0.015373 0.021810
1 0.669869 0.613959 0.006918 0.013086
1 0.661799 0.611778 0.012298 0.013086
1 0.061107 0.327699 0.016141 0.016358
1 0.059954 0.358233 0.009224 0.009815
1 0.007302 0.350055 0.013067 0.017448
1 0.550346 0.344057 0.010761 0.014177
1 0.694850 0.208288 0.012298 0.017448
1 0.661030 0.200109 0.010761 0.014177
1 0.344350 0.448201 0.010761 0.010905
1 0.098386 0.637950 0.012298 0.015267
1 0.098002 0.557252 0.011530 0.026172
1 0.123367 0.613959 0.013067 0.019629
1 0.078786 0.621592 0.011530 0.013086
1 0.059954 0.609597 0.010761 0.015267
1 0.117602 0.651036 0.009224 0.010905
1 0.272483 0.724646 0.011530 0.025082
1 0.262490 0.724646 0.013067 0.027263
1 0.378171 0.708288 0.012298 0.016358
1 0.561107 0.468920 0.007686 0.013086
1 0.579554 0.505998 0.009224 0.015267
1 0.365488 0.892039 0.017679 0.019629
1 0.318985 0.619956 0.010761 0.014177
1 0.348578 0.574155 0.017679 0.027263
1 0.366641 0.950382 0.024596 0.022901
1 0.207148 0.977644 0.011530 0.018539
1 0.208686 0.952017 0.013067 0.017448
1 0.246349 0.946565 0.014604 0.013086
1 0.292083 0.926936 0.012298 0.015267
1 0.267871 0.898582 0.009992 0.013086
1 0.358186 0.982007 0.009224 0.014177
1 0.141045 0.877317 0.011530 0.025082
1 0.067640 0.960196 0.010761 0.020720
1 0.081860 0.992912 0.019216 0.014177
1 0.577633 0.170665 0.014604 0.020720
1 0.977325 0.502181 0.009992 0.016358
1 0.971176 0.512541 0.008455 0.017448
1 0.270177 0.977644 0.009992 0.011996
1 0.225211 0.728462 0.013836 0.019629
1 0.934281 0.280807 0.009992 0.014177
1 0.825519 0.038168 0.010761 0.010905
1 0.348578 0.548528 0.011530 0.017448
1 0.130669 0.711559 0.012298 0.025082
1 0.204074 0.540349 0.013067 0.011996
1 0.185242 0.508724 0.019985 0.016358
1 0.141814 0.520174 0.017679 0.032715
1 0.189470 0.466194 0.013067 0.022901
1 0.176403 0.485278 0.013067 0.015267
1 0.055342 0.170665 0.009224 0.014177
1 0.077248 0.122683 0.008455 0.016358
1 0.988855 0.022901 0.008455 0.013086
1 0.792852 0.911123 0.009992 0.018539
1 0.782859 0.912214 0.014604 0.016358
1 0.754035 0.850600 0.019985 0.030534
1 0.812836 0.753544 0.008455 0.017448
1 0.825903 0.667394 0.011530 0.017448
1 0.689854 0.442748 0.013067 0.021810
1 0.705227 0.452563 0.009992 0.013086
1 0.385857 0.567067 0.015373 0.021810
1 0.393159 0.588877 0.009992 0.015267
1 0.591468 0.487459 0.008455 0.015267
1 0.538048 0.529989 0.012298 0.013086
1 0.517294 0.035987 0.012298 0.021810
1 0.434281 0.617775 0.016910 0.011996
1 0.423520 0.408397 0.012298 0.016358
1 0.416603 0.456379 0.013836 0.018539
1 0.904304 0.689749 0.006918 0.018539
1 0.741737 0.917121 0.010761 0.015267
1 0.624904 0.887132 0.007686 0.009815
1 0.642198 0.907852 0.011530 0.016358
1 0.640277 0.758997 0.010761 0.010905
1 0.719062 0.612323 0.008455 0.011996
1 0.732129 0.624318 0.008455 0.011996
1 0.636818 0.262268 0.011530 0.016358
1 0.288240 0.111778 0.007686 0.014177
1 0.014604 0.319520 0.010761 0.017448
1 0.656418 0.993457 0.018447 0.013086
1 0.778248 0.400218 0.013067 0.015267
1 0.792852 0.368048 0.009992 0.016358
1 0.766718 0.630316 0.011530 0.019629
1 0.262106 0.835878 0.009224 0.022901
1 0.639508 0.637950 0.016910 0.019629
1 0.006149 0.456925 0.010761 0.030534
1 0.147194 0.446020 0.009992 0.013086
1 0.996925 0.024537 0.006149 0.018539
1 0.095311 0.231189 0.007686 0.010905
1 0.061875 0.287895 0.008455 0.010905
1 0.993851 0.864231 0.009224 0.016358
1 0.435434 0.043621 0.009992 0.030534
1 0.459262 0.013631 0.009992 0.011996
1 0.843966 0.085060 0.007686 0.010905
1 0.710223 0.088332 0.009224 0.019629
1 0.657187 0.082334 0.012298 0.016358
1 0.474251 0.213195 0.013836 0.016358
1 0.519985 0.233370 0.011530 0.021810
1 0.324750 0.262268 0.008455 0.011996
1 0.348194 0.262814 0.009224 0.013086
1 0.265181 0.499455 0.010761 0.028353
1 0.703689 0.534351 0.009992 0.015267
1 0.287087 0.980916 0.009992 0.018539
1 0.317448 0.972737 0.010761 0.013086
1 0.623751 0.599782 0.011530 0.021810
1 0.558417 0.384951 0.008455 0.015267
1 0.397771 0.327154 0.008455 0.015267
1 0.567640 0.285169 0.008455 0.011996
1 0.576095 0.286805 0.006918 0.010905
1 0.576095 0.273173 0.008455 0.011996
1 0.557264 0.294984 0.006149 0.009815
1 0.548040 0.289531 0.010761 0.009815
1 0.851653 0.514177 0.009224 0.014177
1 0.143351 0.937296 0.009992 0.018539
1 0.692929 0.892585 0.011530 0.014177
1 0.694466 0.874046 0.013067 0.014177
1 0.685626 0.879498 0.013836 0.016358
1 0.961568 0.736641 0.009224 0.011996
1 0.866641 0.474918 0.014604 0.011996
1 0.627210 0.425300 0.009224 0.013086
1 0.588394 0.280807 0.011530 0.022901
1 0.530746 0.261723 0.016141 0.021810
1 0.164489 0.383860 0.013836 0.026172
1 0.181399 0.404580 0.013836 0.019629
1 0.247886 0.309706 0.011530 0.017448
1 0.122214 0.655943 0.009224 0.014177
1 0.546118 0.620502 0.011530 0.019629
1 0.858570 0.685932 0.015373 0.017448
1 0.848578 0.683206 0.007686 0.014177
1 0.895465 0.636314 0.007686 0.020720
1 0.886241 0.631952 0.012298 0.018539
1 0.970792 0.681570 0.013836 0.019629
1 0.960415 0.669575 0.014604 0.017448
1 0.425058 0.523446 0.013836 0.019629
1 0.358955 0.124318 0.012298 0.026172
1 0.370484 0.168484 0.013836 0.027263
