1 0.529935 0.186567 0.017799 0.039801
1 0.597896 0.189055 0.030744 0.039801
1 0.831715 0.208955 0.022654 0.054726
1 0.788026 0.241294 0.032362 0.039801
1 0.731392 0.318408 0.029126 0.029851
1 0.696602 0.343284 0.027508 0.034826
1 0.251618 0.320896 0.027508 0.034826
1 0.727346 0.358209 0.024272 0.034826
1 0.780744 0.389303 0.027508 0.032338
1 0.743528 0.401741 0.037217 0.042289
1 0.079288 0.447761 0.032362 0.054726
1 0.778317 0.455224 0.035599 0.059701
1 0.827670 0.475124 0.030744 0.039801
1 0.906149 0.487562 0.025890 0.039801
1 0.227346 0.490050 0.021036 0.034826
1 0.866505 0.493781 0.030744 0.052239
1 0.254045 0.506219 0.022654 0.037313
1 0.816343 0.507463 0.024272 0.044776
1 0.225728 0.539801 0.024272 0.039801
1 0.837379 0.583333 0.024272 0.052239
1 0.872977 0.588308 0.030744 0.042289
1 0.940939 0.610697 0.043689 0.042289
1 0.895631 0.625622 0.024272 0.042289
1 0.206311 0.679104 0.024272 0.039801
1 0.879450 0.783582 0.037217 0.059701
1 0.962783 0.820896 0.032362 0.034826
1 0.424757 0.968905 0.040453 0.037313
1 0.121359 0.415423 0.038835 0.054726
1 0.323625 0.360697 0.025890 0.034826
1 0.354369 0.313433 0.032362 0.029851
1 0.360841 0.353234 0.029126 0.044776
1 0.351942 0.274876 0.030744 0.037313
1 0.323625 0.268657 0.019417 0.029851
1 0.270227 0.348259 0.025890 0.034826
1 0.252427 0.370647 0.025890 0.039801
1 0.224919 0.339552 0.022654 0.042289
1 0.197411 0.404229 0.022654 0.042289
1 0.186893 0.427861 0.030744 0.034826
1 0.110032 0.355721 0.025890 0.034826
1 0.076052 0.375622 0.032362 0.049751
1 0.033172 0.442786 0.030744 0.049751
1 0.054207 0.514925 0.037217 0.039801
1 0.106796 0.544776 0.029126 0.044776
1 0.144822 0.453980 0.027508 0.047264
1 0.200647 0.519900 0.022654 0.034826
1 0.223301 0.447761 0.025890 0.034826
1 0.226537 0.415423 0.022654 0.029851
1 0.262945 0.463930 0.024272 0.032338
1 0.255663 0.431592 0.025890 0.047264
1 0.290453 0.384328 0.030744 0.022388
1 0.288835 0.425373 0.024272 0.034826
1 0.297735 0.338308 0.016181 0.024876
1 0.303398 0.303483 0.027508 0.024876
1 0.453883 0.241294 0.021036 0.024876
1 0.470065 0.238806 0.017799 0.029851
1 0.580097 0.033582 0.030744 0.057214
1 0.738673 0.065920 0.027508 0.032338
1 0.769417 0.048507 0.024272 0.047264
1 0.771036 0.136816 0.024272 0.034826
1 0.954693 0.247512 0.022654 0.027363
1 0.985437 0.329602 0.025890 0.032338
1 0.976537 0.383085 0.037217 0.049751
1 0.932848 0.554726 0.021036 0.044776
1 0.835761 0.927861 0.040453 0.054726
1 0.828479 0.874378 0.022654 0.037313
1 0.873786 0.842040 0.029126 0.027363
1 0.877832 0.889303 0.033981 0.042289
1 0.927994 0.784826 0.027508 0.047264
1 0.977346 0.876866 0.029126 0.047264
1 0.926375 0.712687 0.030744 0.032338
1 0.894013 0.710199 0.030744 0.042289
1 0.982201 0.677861 0.035599 0.052239
1 0.986246 0.589552 0.021036 0.039801
1 0.978155 0.526119 0.037217 0.057214
1 0.946602 0.320896 0.032362 0.049751
1 0.971683 0.220149 0.037217 0.032338
1 0.879450 0.199005 0.027508 0.029851
1 0.807443 0.059701 0.029126 0.044776
1 0.618932 0.170398 0.033981 0.042289
1 0.662621 0.211443 0.024272 0.039801
1 0.563916 0.126866 0.021036 0.049751
1 0.612460 0.083333 0.033981 0.042289
1 0.450647 0.304726 0.027508 0.037313
1 0.425566 0.332090 0.025890 0.017413
1 0.401294 0.348259 0.025890 0.024876
1 0.139968 0.508706 0.030744 0.047264
1 0.171521 0.502488 0.022654 0.054726
1 0.558252 0.195274 0.016181 0.037313
1 0.822006 0.119403 0.032362 0.049751
1 0.254854 0.283582 0.030744 0.029851
1 0.247573 0.238806 0.029126 0.044776
1 0.139968 0.618159 0.021036 0.047264
1 0.313107 0.396766 0.014563 0.027363
1 0.330906 0.386816 0.024272 0.022388
1 0.745955 0.287313 0.025890 0.027363
1 0.652913 0.083333 0.014563 0.022388
1 0.177994 0.728856 0.022654 0.054726
1 0.194175 0.759950 0.022654 0.037313
1 0.181230 0.796020 0.019417 0.034826
1 0.171521 0.769900 0.016181 0.042289
1 0.144822 0.817164 0.030744 0.062189
1 0.115696 0.919154 0.030744 0.062189
1 0.168285 0.410448 0.016181 0.039801
1 0.194175 0.475124 0.019417 0.029851
1 0.207929 0.200249 0.017799 0.022388
1 0.290453 0.263682 0.037217 0.039801
1 0.504854 0.284826 0.032362 0.047264
1 0.532362 0.253731 0.019417 0.034826
1 0.557443 0.305970 0.030744 0.034826
1 0.867314 0.731343 0.025890 0.039801
