1 0.091856 0.166461 0.015152 0.022195
1 0.136364 0.039457 0.017045 0.017263
1 0.091856 0.015413 0.015152 0.016030
3 0.407670 0.683724 0.061553 0.065351
3 0.328598 0.739211 0.043561 0.055487
3 0.035985 0.313194 0.035985 0.051788
3 0.360795 0.548705 0.030303 0.036991
3 0.427083 0.062269 0.037879 0.070284
3 0.359375 0.232429 0.052083 0.067818
3 0.093750 0.524661 0.051136 0.055487
3 0.422348 0.189889 0.045455 0.078915
3 0.383049 0.162145 0.036932 0.040691
3 0.390152 0.760173 0.047348 0.040691
3 0.409091 0.740444 0.041667 0.043157
