0 0.084541 0.058734 0.021394 0.025934
0 0.105245 0.051106 0.022774 0.025934
0 0.165977 0.106407 0.028295 0.040427
0 0.144928 0.118230 0.016563 0.018307
0 0.138716 0.037376 0.030366 0.028986
0 0.183230 0.027841 0.026915 0.023646
0 0.211180 0.030511 0.020704 0.021358
0 0.227398 0.045004 0.020014 0.021358
0 0.043478 0.036232 0.026225 0.025172
0 0.069013 0.093822 0.027605 0.024409
0 0.142512 0.080092 0.015873 0.021358
0 0.119393 0.084668 0.020704 0.027460
0 0.224638 0.073608 0.024155 0.022121
0 0.283299 0.058352 0.024155 0.026697
0 0.231884 0.123570 0.020704 0.035088
0 0.109041 0.011442 0.022084 0.021358
0 0.243271 0.011823 0.021394 0.019069
0 0.288820 0.015637 0.021394 0.016018
0 0.040028 0.167429 0.028986 0.023646
0 0.072809 0.175057 0.020014 0.026697
0 0.087302 0.157895 0.017253 0.022883
0 0.054520 0.238749 0.026225 0.024409
0 0.106970 0.226163 0.023464 0.023646
0 0.055210 0.272693 0.034507 0.026697
0 0.023464 0.239893 0.027605 0.025172
0 0.178744 0.168574 0.027605 0.033562
0 0.161146 0.148360 0.026915 0.028223
0 0.126984 0.175439 0.024845 0.030511
0 0.030021 0.355454 0.020014 0.025934
0 0.093168 0.411137 0.017943 0.025934
0 0.110766 0.369565 0.022774 0.026697
0 0.153899 0.345538 0.026225 0.032037
0 0.201863 0.313120 0.022774 0.025172
0 0.048999 0.491228 0.026225 0.024409
0 0.011732 0.445461 0.022084 0.027460
0 0.059696 0.529748 0.022774 0.019069
0 0.087302 0.568650 0.024155 0.025172
0 0.071429 0.638063 0.026915 0.034325
0 0.011387 0.658276 0.020014 0.028986
0 0.115597 0.633105 0.024155 0.025934
0 0.137681 0.600305 0.025535 0.033562
0 0.167702 0.635393 0.028986 0.036613
0 0.219807 0.674676 0.026915 0.029748
0 0.213596 0.642639 0.028295 0.022121
0 0.188406 0.679634 0.016563 0.015256
0 0.133885 0.461098 0.023464 0.026697
0 0.110421 0.443555 0.017943 0.025172
0 0.228088 0.474828 0.028295 0.029748
0 0.332988 0.515256 0.031056 0.040427
0 0.317460 0.526316 0.024845 0.022883
0 0.283299 0.513730 0.028295 0.022121
0 0.245342 0.520595 0.028295 0.023646
0 0.256039 0.488940 0.023464 0.025934
0 0.266046 0.466819 0.017253 0.022883
0 0.250863 0.443555 0.021394 0.028223
0 0.167357 0.483600 0.021394 0.028986
0 0.392685 0.475973 0.022084 0.032037
0 0.420635 0.474828 0.022774 0.017544
0 0.442374 0.505721 0.017943 0.010679
0 0.194617 0.746377 0.024845 0.014493
0 0.272947 0.737986 0.033816 0.023646
0 0.307108 0.716247 0.022084 0.035088
0 0.323326 0.704043 0.017253 0.025934
0 0.342650 0.733791 0.024155 0.028986
0 0.369565 0.751335 0.018634 0.024409
0 0.396480 0.778795 0.021394 0.025934
0 0.421325 0.808924 0.021394 0.028223
0 0.045204 0.834477 0.024155 0.027460
0 0.072809 0.827231 0.026915 0.022121
0 0.101794 0.861556 0.022774 0.026697
0 0.010007 0.849352 0.017253 0.032799
0 0.023464 0.884058 0.023464 0.025934
0 0.040373 0.947750 0.026915 0.020595
0 0.038992 0.932113 0.025535 0.016781
0 0.012767 0.969108 0.021394 0.023646
0 0.090062 0.988177 0.021394 0.022121
0 0.121808 0.984744 0.026915 0.027460
0 0.162871 0.980549 0.027605 0.025172
0 0.191511 0.886346 0.021394 0.028986
0 0.189096 0.942029 0.013803 0.032037
0 0.310559 0.853928 0.022084 0.020595
0 0.467909 0.870328 0.024845 0.022883
0 0.496204 0.878337 0.034507 0.029748
0 0.474465 0.902746 0.024155 0.020595
0 0.474810 0.834859 0.035887 0.037376
0 0.526915 0.918002 0.021394 0.026697
0 0.553830 0.919146 0.021394 0.025934
0 0.639406 0.938978 0.032436 0.024409
0 0.685990 0.914569 0.027605 0.025934
0 0.737750 0.867658 0.022084 0.032799
0 0.723948 0.849352 0.024845 0.023646
0 0.694272 0.839436 0.022084 0.026697
0 0.675293 0.827231 0.028295 0.025172
0 0.616977 0.833715 0.023464 0.035088
0 0.594548 0.835240 0.013112 0.018307
0 0.734990 0.811213 0.023464 0.017544
0 0.765010 0.813120 0.031056 0.030511
0 0.792616 0.829519 0.025535 0.037376
0 0.804693 0.882532 0.011042 0.013730
0 0.534852 0.771930 0.030366 0.032037
0 0.502070 0.764683 0.024155 0.032799
0 0.476881 0.752098 0.026225 0.024409
0 0.502415 0.701373 0.020704 0.025172
0 0.535542 0.703661 0.024845 0.026697
0 0.557626 0.721587 0.019324 0.018307
0 0.752933 0.756293 0.027605 0.031274
0 0.631470 0.705187 0.027605 0.035850
0 0.321256 0.617086 0.024155 0.021358
0 0.390614 0.580473 0.026225 0.015256
0 0.689441 0.656751 0.031746 0.022883
0 0.745342 0.654844 0.023464 0.023646
0 0.712905 0.604882 0.028986 0.024409
0 0.713251 0.562929 0.021394 0.030511
0 0.793306 0.553776 0.025535 0.035088
0 0.765355 0.666285 0.019324 0.022121
0 0.483092 0.543860 0.020704 0.025934
0 0.531056 0.555683 0.032436 0.022121
0 0.567633 0.441648 0.020014 0.025934
0 0.450311 0.586194 0.024155 0.026697
0 0.618012 0.572845 0.028295 0.027460
0 0.641132 0.594203 0.023464 0.024409
0 0.682885 0.543097 0.026915 0.038139
0 0.677709 0.516018 0.019324 0.025172
0 0.689096 0.570938 0.017253 0.022121
0 0.739130 0.587719 0.024845 0.040427
0 0.850932 0.647597 0.019324 0.024409
0 0.503106 0.526316 0.022084 0.028986
0 0.539337 0.528604 0.025535 0.028986
0 0.555901 0.509153 0.026915 0.028223
0 0.629745 0.404653 0.025535 0.031274
0 0.627674 0.477498 0.022774 0.022883
0 0.743271 0.695652 0.030366 0.030511
0 0.533126 0.459573 0.024155 0.020595
0 0.451691 0.417620 0.020014 0.023646
0 0.470324 0.434783 0.018634 0.027460
0 0.465148 0.382532 0.017943 0.029748
0 0.493444 0.375667 0.024845 0.022121
0 0.539683 0.255530 0.017943 0.033562
0 0.563837 0.266209 0.020704 0.028986
0 0.663906 0.335240 0.028986 0.038902
0 0.635266 0.355454 0.031056 0.030511
0 0.541063 0.287948 0.020704 0.032799
0 0.469289 0.339817 0.019324 0.022121
0 0.575224 0.195271 0.025535 0.022883
0 0.619393 0.198703 0.024155 0.028223
0 0.679089 0.247902 0.024845 0.028986
0 0.726363 0.304348 0.022774 0.024409
0 0.687716 0.310069 0.022774 0.020595
0 0.790890 0.319603 0.031746 0.036613
0 0.856453 0.357361 0.030366 0.037376
0 0.780538 0.407704 0.030366 0.017544
0 0.817805 0.357742 0.037267 0.016781
0 0.745687 0.269641 0.032436 0.032799
0 0.787095 0.280320 0.018634 0.025172
0 0.216701 0.277651 0.024845 0.035088
0 0.250518 0.187262 0.031746 0.031274
0 0.354382 0.167811 0.029676 0.027460
0 0.350587 0.232265 0.026225 0.022121
0 0.351967 0.130435 0.026225 0.028986
0 0.378537 0.105645 0.022774 0.023646
0 0.408558 0.101831 0.030366 0.025172
0 0.475155 0.122807 0.026915 0.028986
0 0.636991 0.060641 0.028986 0.022121
0 0.661836 0.125858 0.033126 0.027460
0 0.632850 0.122426 0.019324 0.025172
0 0.659420 0.100686 0.021394 0.022883
0 0.621808 0.151411 0.019324 0.020595
0 0.598344 0.114416 0.030366 0.033562
0 0.442374 0.107933 0.024845 0.028223
0 0.523464 0.017544 0.031056 0.025934
0 0.404072 0.030130 0.035197 0.016018
0 0.395100 0.043478 0.029676 0.015256
0 0.719462 0.066743 0.033816 0.031274
0 0.630090 0.011442 0.023464 0.015256
0 0.791235 0.093822 0.022774 0.035088
0 0.788475 0.122044 0.020014 0.022883
0 0.815390 0.093059 0.018634 0.030511
0 0.808144 0.134630 0.026225 0.034325
0 0.830228 0.120519 0.030366 0.032037
0 0.869910 0.092296 0.022774 0.022883
0 0.851277 0.091915 0.017253 0.028223
0 0.858868 0.150267 0.020014 0.032037
0 0.769151 0.251716 0.024155 0.028986
0 0.844030 0.208619 0.023464 0.026697
0 0.890614 0.181922 0.026915 0.020595
0 0.915114 0.194508 0.023464 0.024409
0 0.905452 0.233028 0.022084 0.028223
0 0.898551 0.033181 0.037267 0.029748
0 0.876121 0.017162 0.031056 0.026697
0 0.764320 0.085812 0.022774 0.031274
0 0.834023 0.055301 0.040718 0.035850
0 0.972740 0.090389 0.020014 0.026697
0 0.717736 0.027079 0.033126 0.014493
0 0.935818 0.300915 0.027605 0.029748
0 0.919600 0.346301 0.021394 0.022883
0 0.923741 0.369565 0.024155 0.019069
0 0.919945 0.401983 0.022084 0.021358
0 0.954106 0.432113 0.029676 0.025172
0 0.906487 0.470633 0.025535 0.024409
0 0.803313 0.436690 0.023464 0.022121
0 0.917529 0.527079 0.025535 0.028986
0 0.932712 0.595347 0.024155 0.023646
0 0.853002 0.759344 0.020704 0.029748
0 0.864044 0.726545 0.027605 0.020595
0 0.864044 0.691457 0.023464 0.028223
0 0.839545 0.673150 0.018634 0.022121
0 0.786404 0.784897 0.022774 0.021358
0 0.821601 0.799390 0.018634 0.022883
0 0.842305 0.798627 0.015873 0.028986
0 0.881643 0.797483 0.025535 0.025172
0 0.867840 0.811213 0.028295 0.025172
0 0.906142 0.801678 0.020704 0.028986
0 0.973085 0.736461 0.016563 0.026697
0 1.008627 0.896644 0.037957 0.003814
0 0.949620 0.817696 0.022084 0.022883
0 0.947895 0.789092 0.020014 0.022121
0 0.989648 0.787567 0.017943 0.034325
0 0.894755 0.929443 0.026915 0.029748
0 0.982402 0.967582 0.024155 0.028223
0 0.862664 0.912662 0.023464 0.025172
0 0.858868 0.975210 0.036577 0.016018
0 0.930987 0.971777 0.013803 0.016781
0 0.927191 0.853547 0.020014 0.021358
0 0.854727 0.886346 0.022774 0.027460
0 0.975845 0.702517 0.027605 0.022883
0 0.985162 0.669336 0.025535 0.023646
0 0.965839 0.628528 0.024155 0.028986
0 0.805728 0.672387 0.043478 0.029748
0 0.674258 0.742944 0.027605 0.024409
0 0.795721 0.759344 0.022084 0.025172
0 0.869565 0.631198 0.017943 0.020595
0 0.605935 0.418002 0.028986 0.024409
0 0.190821 0.442029 0.022774 0.028223
0 0.938578 0.088101 0.022084 0.023646
0 0.501380 0.131960 0.022774 0.033562
0 0.123188 0.887490 0.021394 0.029748
0 0.152519 0.903890 0.026225 0.024409
0 0.243271 0.909992 0.013112 0.027460
0 0.464458 0.566743 0.019324 0.019832
0 0.471705 0.675439 0.026915 0.017544
0 0.452036 0.704424 0.016563 0.016018
1 0.024155 0.390542 0.015183 0.016781
1 0.080055 0.361556 0.012422 0.015256
1 0.153899 0.276888 0.013803 0.015256
1 0.129745 0.515256 0.011042 0.019069
1 0.094893 0.455378 0.013112 0.012204
1 0.362664 0.821510 0.013112 0.012204
1 0.484472 0.572845 0.016563 0.015256
1 0.455832 0.637300 0.014493 0.016018
1 0.387164 0.237605 0.013803 0.022121
1 0.541753 0.082380 0.016563 0.018307
1 0.748792 0.057208 0.019324 0.019832
1 0.772947 0.051487 0.013803 0.009916
1 0.784679 0.019069 0.016563 0.012204
