0 0.938696 0.057723 0.031892 0.031051
0 0.988306 0.068471 0.019135 0.027070
0 0.988306 0.110271 0.019135 0.027866
0 0.891212 0.045780 0.016300 0.026274
0 0.904678 0.101115 0.017718 0.022293
0 0.856839 0.078822 0.024096 0.012739
0 0.901488 0.134156 0.022679 0.026274
0 0.893692 0.175557 0.019844 0.021497
0 0.801914 0.031449 0.023388 0.023089
0 0.773919 0.076831 0.025514 0.021497
0 0.875266 0.012739 0.026931 0.022293
0 0.831325 0.010350 0.018427 0.017516
0 0.803331 0.009554 0.023388 0.015924
0 0.737775 0.048567 0.032601 0.028662
0 0.693480 0.087580 0.021970 0.020701
0 0.795535 0.127389 0.027640 0.030255
0 0.686393 0.130175 0.014883 0.023089
0 0.659107 0.169984 0.025514 0.024682
0 0.637491 0.061704 0.030475 0.026274
0 0.641389 0.091959 0.028349 0.034236
0 0.581857 0.045780 0.018427 0.026274
0 0.590716 0.019506 0.016300 0.023089
0 0.554571 0.026672 0.020553 0.019904
0 0.556697 0.075637 0.016300 0.023885
0 0.581502 0.098328 0.021970 0.023089
0 0.976612 0.157643 0.022679 0.035032
0 0.943657 0.227309 0.026223 0.026274
0 0.885897 0.213376 0.025514 0.033439
0 0.854713 0.267118 0.025514 0.024682
0 0.840893 0.308519 0.017718 0.026274
0 0.833806 0.282643 0.023388 0.022293
0 0.797661 0.273885 0.020553 0.023885
0 0.779589 0.178742 0.024096 0.023089
0 0.755493 0.191481 0.026931 0.018312
0 0.763643 0.155255 0.024805 0.030255
0 0.678597 0.231290 0.024805 0.031051
0 0.981573 0.314889 0.017009 0.016720
0 0.965627 0.332006 0.014883 0.022293
0 0.958186 0.357086 0.019844 0.021497
0 0.971651 0.382564 0.026931 0.026274
0 0.994330 0.371417 0.011339 0.026274
0 0.984763 0.422373 0.020553 0.026274
0 0.958540 0.453025 0.026223 0.017516
0 0.981219 0.477707 0.029057 0.038217
0 0.901488 0.420780 0.019844 0.019904
0 0.732814 0.021895 0.019844 0.026274
0 0.647413 0.150080 0.019135 0.021497
0 0.607725 0.148885 0.027640 0.030255
0 0.621191 0.194666 0.020553 0.023089
0 0.643870 0.251990 0.019135 0.018312
0 0.615875 0.258758 0.022679 0.025478
0 0.627215 0.296576 0.025514 0.026274
0 0.596740 0.313296 0.026931 0.026274
0 0.547130 0.287420 0.022679 0.025478
0 0.506378 0.299363 0.024805 0.033439
0 0.238129 0.055732 0.021262 0.027070
0 0.203047 0.029061 0.029057 0.032643
0 0.254075 0.227309 0.021970 0.024682
0 0.269667 0.239650 0.020553 0.028662
0 0.334160 0.276672 0.023388 0.021497
0 0.298370 0.302548 0.019844 0.020701
0 0.266123 0.285828 0.021970 0.022293
0 0.219702 0.241242 0.024096 0.023885
0 0.151311 0.217755 0.023388 0.031051
0 0.159461 0.255573 0.021262 0.027070
0 0.146350 0.289809 0.020553 0.025478
0 0.147768 0.322850 0.026223 0.026274
0 0.184621 0.281051 0.017718 0.028662
0 0.184266 0.312898 0.012757 0.025478
0 0.260808 0.314490 0.022679 0.028662
0 0.345854 0.304538 0.024096 0.035828
0 0.338058 0.344745 0.022679 0.030255
0 0.527640 0.034634 0.034727 0.043790
0 0.493267 0.027866 0.021262 0.031847
0 0.462438 0.040207 0.016300 0.026274
0 0.445074 0.062500 0.022679 0.024682
0 0.008859 0.220939 0.016300 0.026274
0 0.021970 0.199443 0.022679 0.032643
0 0.030829 0.269108 0.029057 0.028662
0 0.108434 0.312102 0.031184 0.036624
0 0.050319 0.370621 0.031184 0.031051
0 0.150957 0.349522 0.024096 0.025478
0 0.145287 0.378981 0.018427 0.030255
0 0.180723 0.375398 0.024096 0.031051
0 0.209426 0.380971 0.026223 0.026274
0 0.226435 0.345541 0.021970 0.023885
0 0.270021 0.353901 0.021262 0.018312
0 0.252303 0.399682 0.015592 0.023885
0 0.054217 0.406847 0.029057 0.028662
0 0.068391 0.433917 0.024805 0.035032
0 0.093551 0.472134 0.025514 0.020701
0 0.126152 0.498408 0.029766 0.030255
0 0.105953 0.533041 0.023388 0.034236
0 0.936924 0.674363 0.034018 0.031847
0 0.957123 0.732086 0.019135 0.023089
0 0.938342 0.722930 0.034018 0.023885
0 0.967753 0.670382 0.023388 0.054140
0 0.960666 0.752787 0.027640 0.019904
0 0.930546 0.766720 0.012757 0.023885
0 0.890149 0.695064 0.028349 0.049363
0 0.912473 0.906051 0.021970 0.027070
0 0.898653 0.877389 0.022679 0.022293
0 0.867824 0.871815 0.021970 0.038217
0 0.892275 0.854299 0.026931 0.030255
0 0.835578 0.852309 0.028349 0.031051
0 0.880936 0.903264 0.024096 0.021497
0 0.853650 0.899682 0.016300 0.012739
0 0.934444 0.884554 0.024805 0.023885
0 0.851524 0.642516 0.027640 0.020701
0 0.842665 0.677946 0.021262 0.018312
0 0.832034 0.701831 0.025514 0.024682
0 0.807938 0.760748 0.021262 0.026274
0 0.776045 0.775080 0.024096 0.019904
0 0.472360 0.085191 0.016300 0.015924
0 0.486534 0.139331 0.016300 0.020701
0 0.509922 0.130971 0.017718 0.026274
0 0.502481 0.162022 0.018427 0.023089
0 0.713678 0.847134 0.026931 0.031847
0 0.690291 0.854299 0.031184 0.027070
0 0.677179 0.874204 0.023388 0.027070
0 0.625089 0.853901 0.028349 0.027866
0 0.660170 0.842755 0.029057 0.035828
0 0.633593 0.903662 0.028349 0.025478
0 0.604890 0.948248 0.024805 0.030255
0 0.576187 0.964172 0.029766 0.019108
0 0.541460 0.973726 0.022679 0.023885
0 0.559887 0.938296 0.014174 0.026274
0 0.580085 0.945860 0.016300 0.022293
0 0.529766 0.947054 0.030475 0.031051
0 0.501772 0.972930 0.032601 0.027070
0 0.471651 0.976115 0.023388 0.020701
0 0.428065 0.924761 0.035436 0.040605
0 0.334869 0.917596 0.030475 0.027866
0 0.363926 0.895303 0.029057 0.021497
0 0.328136 0.960987 0.038271 0.030255
0 0.386251 0.967755 0.022679 0.026274
0 0.436924 0.168392 0.024805 0.024682
0 0.417080 0.144506 0.017718 0.024682
0 0.410347 0.175159 0.014174 0.022293
0 0.228916 0.977707 0.031184 0.028662
0 0.212261 0.942277 0.031892 0.019904
0 0.242736 0.888535 0.023388 0.022293
0 0.267895 0.871019 0.025514 0.028662
0 0.307583 0.859076 0.025514 0.022293
0 0.283841 0.823646 0.019135 0.019904
0 0.260099 0.811704 0.028349 0.021497
0 0.212615 0.805334 0.019844 0.027866
0 0.191708 0.824045 0.014883 0.020701
0 0.176825 0.781449 0.019135 0.021497
0 0.137491 0.770701 0.021262 0.025478
0 0.132176 0.732882 0.020553 0.024682
0 0.144578 0.708201 0.018427 0.019904
0 0.188164 0.726513 0.024805 0.023089
0 0.165485 0.751194 0.027640 0.031051
0 0.192062 0.903264 0.022679 0.034236
0 0.148122 0.910430 0.031184 0.023089
0 0.071935 0.960191 0.020553 0.027070
0 0.088944 0.865048 0.017718 0.019904
0 0.132884 0.862261 0.020553 0.023885
0 0.063076 0.858678 0.014174 0.021497
0 0.095677 0.837978 0.021262 0.024682
0 0.157335 0.847134 0.025514 0.022293
0 0.124380 0.818869 0.027640 0.026274
0 0.011694 0.955812 0.016300 0.023089
0 0.020198 0.736465 0.012048 0.011146
0 0.075124 0.759952 0.017009 0.023089
0 0.053154 0.721736 0.009922 0.016720
0 0.393338 0.862261 0.025514 0.031847
0 0.417789 0.855494 0.027640 0.031051
0 0.433026 0.785032 0.026931 0.031847
0 0.518781 0.783041 0.024096 0.023089
0 0.546067 0.791401 0.026223 0.025478
0 0.491850 0.777866 0.026931 0.028662
0 0.523388 0.746815 0.024805 0.025478
0 0.496102 0.742834 0.025514 0.028662
0 0.483700 0.722134 0.026223 0.022293
0 0.444366 0.975717 0.025514 0.026274
0 0.414954 0.980892 0.021970 0.022293
0 0.939405 0.832006 0.014883 0.017516
0 0.691708 0.826035 0.019844 0.024682
0 0.713324 0.814889 0.020553 0.026274
0 0.736357 0.836783 0.022679 0.033439
0 0.552091 0.907643 0.025514 0.028662
0 0.647059 0.865844 0.025514 0.019904
0 0.576541 0.847930 0.014883 0.019108
0 0.558469 0.832404 0.017009 0.015127
0 0.624734 0.792596 0.024805 0.026274
0 0.644933 0.767516 0.029766 0.030255
0 0.680014 0.764331 0.026223 0.027070
0 0.709426 0.687898 0.022679 0.031847
0 0.678951 0.722532 0.019844 0.023089
0 0.666549 0.742834 0.030475 0.025478
0 0.585400 0.760350 0.025514 0.033439
0 0.605599 0.739650 0.020553 0.023885
0 0.581502 0.726513 0.026223 0.023089
0 0.566974 0.709395 0.019844 0.025478
0 0.643161 0.700637 0.021970 0.019108
0 0.593196 0.677946 0.026931 0.026274
0 0.632176 0.672771 0.019844 0.022293
0 0.575478 0.662420 0.028349 0.027070
0 0.547484 0.666799 0.017718 0.019904
0 0.387314 0.774283 0.026223 0.026274
0 0.386960 0.823248 0.021262 0.019108
0 0.374203 0.730892 0.028349 0.027070
0 0.318923 0.800159 0.025514 0.025478
0 0.299433 0.785828 0.021970 0.022293
0 0.314316 0.764729 0.017718 0.031051
0 0.309709 0.728901 0.019844 0.024682
0 0.305811 0.702229 0.024805 0.017516
0 0.316797 0.644506 0.031184 0.026274
0 0.370305 0.645701 0.019135 0.019108
0 0.351878 0.669188 0.021970 0.031051
0 0.347980 0.649682 0.021262 0.020701
0 0.347626 0.607086 0.031892 0.032643
0 0.368179 0.568073 0.024805 0.032643
0 0.401134 0.574841 0.024096 0.023885
0 0.418852 0.513137 0.026931 0.026274
0 0.399362 0.548965 0.033310 0.015127
0 0.460312 0.704618 0.024805 0.022293
0 0.516300 0.701433 0.024805 0.027070
0 0.554926 0.734475 0.021262 0.018312
0 0.549965 0.757166 0.018427 0.025478
0 0.541460 0.699841 0.015592 0.017516
0 0.027640 0.456608 0.022679 0.024682
0 0.068391 0.489650 0.012048 0.023885
0 0.052799 0.538615 0.030475 0.024682
0 0.012048 0.509156 0.019844 0.019904
0 0.048547 0.501592 0.012048 0.015924
0 0.053508 0.491640 0.009213 0.021497
0 0.061658 0.567277 0.024096 0.026274
0 0.055634 0.587978 0.017718 0.021497
0 0.266832 0.543392 0.023388 0.037420
0 0.237420 0.537420 0.026931 0.030255
0 0.230687 0.567277 0.021970 0.021497
0 0.296953 0.478503 0.029766 0.025478
0 0.326364 0.441083 0.023388 0.028662
0 0.354004 0.458201 0.016300 0.019904
0 0.368179 0.400080 0.024805 0.027866
0 0.333806 0.395701 0.021262 0.023885
0 0.343728 0.372213 0.017009 0.019904
0 0.680723 0.649283 0.021970 0.023089
0 0.710489 0.631768 0.021970 0.021497
0 0.736712 0.607484 0.021970 0.019108
0 0.721474 0.612659 0.009922 0.019904
0 0.697732 0.605892 0.017718 0.019108
0 0.653792 0.642914 0.026223 0.024682
0 0.627923 0.626194 0.024096 0.026274
0 0.602410 0.654857 0.018427 0.015127
0 0.530120 0.656847 0.014174 0.019108
0 0.476612 0.683121 0.016300 0.019108
0 0.462792 0.653662 0.021262 0.022293
0 0.458186 0.632166 0.023388 0.027070
0 0.487597 0.611465 0.021262 0.025478
0 0.481928 0.631768 0.024096 0.026274
0 0.493622 0.657643 0.023388 0.023885
0 0.180369 0.448248 0.021970 0.023885
0 0.251595 0.442277 0.021262 0.029459
0 0.100638 0.360669 0.021262 0.023885
0 0.093551 0.396099 0.019844 0.029459
0 0.175762 0.341561 0.012757 0.025478
0 0.118710 0.263535 0.016300 0.025478
0 0.052445 0.453025 0.021262 0.023885
0 0.199858 0.697850 0.017009 0.021497
0 0.192771 0.513137 0.021262 0.018312
0 0.587172 0.576433 0.017718 0.022293
0 0.598512 0.625000 0.023388 0.022293
0 0.602764 0.583599 0.014883 0.017516
0 0.488661 0.536226 0.026223 0.023089
0 0.447555 0.480096 0.026223 0.025478
0 0.474132 0.464172 0.024096 0.027070
0 0.496811 0.451035 0.028349 0.029459
0 0.523742 0.492834 0.019844 0.022293
0 0.542877 0.470143 0.019844 0.019904
0 0.577959 0.504379 0.020553 0.024682
0 0.555634 0.532245 0.018427 0.023089
0 0.597803 0.549761 0.024805 0.019904
0 0.593551 0.480096 0.020553 0.028662
0 0.634656 0.485669 0.017718 0.023885
0 0.620836 0.513137 0.019844 0.023089
0 0.656627 0.519904 0.017718 0.020701
0 0.680014 0.535828 0.023388 0.022293
0 0.666903 0.486863 0.018427 0.019904
0 0.690645 0.512341 0.017718 0.021497
0 0.672927 0.585191 0.029057 0.031847
0 0.636428 0.579618 0.022679 0.023885
0 0.543940 0.440685 0.024805 0.029459
0 0.635719 0.429538 0.022679 0.024682
0 0.675053 0.414013 0.024805 0.023885
0 0.705174 0.406051 0.021262 0.030255
0 0.734231 0.402468 0.021262 0.024682
0 0.768249 0.357484 0.029766 0.033439
0 0.796244 0.390127 0.030475 0.023885
0 0.787385 0.336385 0.025514 0.024682
0 0.970943 0.008360 0.028349 0.015127
0 0.913182 0.565287 0.019135 0.019108
0 0.752303 0.586783 0.020553 0.033439
0 0.798370 0.590366 0.024805 0.034236
0 0.778880 0.496019 0.022679 0.025478
0 0.788802 0.515127 0.017009 0.020701
0 0.766832 0.479697 0.017009 0.019904
0 0.374203 0.276274 0.015592 0.019108
0 0.427356 0.225318 0.019844 0.022293
0 0.448264 0.248408 0.020553 0.020701
0 0.475195 0.205016 0.023388 0.024682
0 0.566265 0.152070 0.021262 0.028662
0 0.556343 0.169984 0.025514 0.021497
0 0.552091 0.327229 0.017009 0.025478
0 0.534018 0.354697 0.021970 0.029459
0 0.528703 0.326831 0.022679 0.026274
0 0.150957 0.047373 0.019844 0.026274
0 0.924522 0.650080 0.040397 0.026274
0 0.891212 0.646497 0.029057 0.027070
1 0.651311 0.807723 0.018427 0.019904
1 0.175762 0.537818 0.012757 0.013535
1 0.704465 0.486067 0.015592 0.018312
1 0.562367 0.568471 0.017718 0.020701
1 0.784196 0.450239 0.017718 0.018312
