0 0.920378 0.150847 0.045884 0.054237
0 0.890688 0.126271 0.037787 0.055932
0 0.835358 0.063559 0.035088 0.045763
0 0.802969 0.085593 0.037787 0.049153
0 0.906208 0.226271 0.039136 0.045763
0 0.879217 0.187288 0.036437 0.045763
0 0.860324 0.237288 0.041835 0.050847
0 0.824561 0.184746 0.040486 0.050847
0 0.831309 0.138136 0.035088 0.049153
0 0.812416 0.227119 0.040486 0.044068
0 0.764507 0.126271 0.039136 0.049153
0 0.738192 0.079661 0.045884 0.047458
0 0.711876 0.106780 0.036437 0.047458
0 0.676113 0.156780 0.035088 0.045763
0 0.657220 0.094068 0.035088 0.042373
0 0.622807 0.155085 0.049933 0.059322
0 0.605938 0.105085 0.037787 0.044068
0 0.950067 0.046610 0.035088 0.049153
0 0.964912 0.318644 0.032389 0.054237
0 0.968286 0.399153 0.028340 0.045763
0 0.984480 0.473729 0.031039 0.045763
0 0.931849 0.472881 0.031039 0.037288
0 0.885965 0.487288 0.047233 0.049153
0 0.837382 0.461864 0.039136 0.038983
0 0.744939 0.454237 0.024291 0.040678
0 0.701754 0.413559 0.035088 0.037288
0 0.686235 0.454237 0.031039 0.044068
0 0.717274 0.476271 0.033738 0.030508
0 0.654521 0.481356 0.032389 0.047458
0 0.692308 0.631356 0.032389 0.035593
0 0.663293 0.600847 0.033738 0.045763
0 0.741565 0.617797 0.028340 0.062712
0 0.614710 0.416102 0.033738 0.042373
0 0.502699 0.371186 0.036437 0.044068
0 0.462213 0.369492 0.039136 0.047458
0 0.753711 0.239831 0.036437 0.042373
0 0.641026 0.247458 0.029690 0.044068
0 0.642375 0.318644 0.037787 0.074576
0 0.576248 0.263559 0.029690 0.049153
0 0.508097 0.244915 0.031039 0.049153
0 0.417004 0.368644 0.037787 0.032203
0 0.361673 0.429661 0.037787 0.052542
0 0.340756 0.473729 0.039136 0.052542
0 0.343455 0.523729 0.033738 0.054237
0 0.436572 0.285593 0.047233 0.052542
0 0.415655 0.215254 0.035088 0.057627
0 0.389339 0.320339 0.039136 0.037288
0 0.329960 0.342373 0.044534 0.040678
0 0.288124 0.347458 0.031039 0.033898
0 0.218623 0.380508 0.035088 0.042373
0 0.307692 0.422881 0.051282 0.045763
0 0.294197 0.478814 0.037787 0.052542
0 0.259109 0.439831 0.045884 0.045763
0 0.226046 0.447458 0.025641 0.037288
0 0.161269 0.454237 0.033738 0.061017
0 0.209177 0.520339 0.035088 0.030508
0 0.238192 0.550000 0.022942 0.042373
0 0.437247 0.638983 0.032389 0.040678
0 0.496626 0.641525 0.037787 0.035593
0 0.480432 0.667797 0.040486 0.033898
0 0.030364 0.536441 0.058030 0.055932
0 0.114710 0.466102 0.029690 0.054237
0 0.128880 0.520339 0.036437 0.044068
0 0.213900 0.567797 0.036437 0.047458
0 0.090418 0.752542 0.037787 0.047458
0 0.029015 0.720339 0.036437 0.037288
0 0.129555 0.777966 0.037787 0.040678
0 0.192308 0.790678 0.041835 0.038983
0 0.231444 0.776271 0.039136 0.044068
0 0.243590 0.738136 0.022942 0.038983
0 0.149798 0.841525 0.037787 0.025424
0 0.240891 0.845763 0.025641 0.037288
0 0.182186 0.866102 0.037787 0.027119
0 0.294197 0.810169 0.029690 0.027119
0 0.333333 0.795763 0.045884 0.032203
0 0.686910 0.713559 0.035088 0.054237
0 0.627530 0.777119 0.043185 0.055932
0 0.659244 0.777966 0.025641 0.037288
0 0.574224 0.771186 0.039136 0.057627
0 0.535762 0.797458 0.032389 0.042373
0 0.499325 0.780508 0.037787 0.042373
0 0.491228 0.839831 0.029690 0.049153
0 0.603239 0.855932 0.035088 0.050847
0 0.667341 0.833898 0.039136 0.044068
0 0.766532 0.888983 0.048583 0.045763
0 0.825236 0.900847 0.036437 0.032203
0 0.865722 0.845763 0.044534 0.040678
0 0.960864 0.776271 0.032389 0.040678
0 0.947368 0.849153 0.021592 0.044068
0 0.926451 0.959322 0.036437 0.050847
0 0.960864 0.978814 0.037787 0.038983
0 0.858300 0.975424 0.035088 0.045763
0 0.926451 0.804237 0.039136 0.038983
0 0.921727 0.844068 0.026991 0.047458
0 0.724696 0.866102 0.053981 0.054237
0 0.725371 0.973729 0.039136 0.045763
0 0.563428 0.902542 0.039136 0.042373
0 0.414305 0.879661 0.037787 0.050847
0 0.409582 0.973729 0.044534 0.052542
0 0.341430 0.891525 0.035088 0.037288
0 0.402159 0.789831 0.029690 0.033898
0 0.421727 0.740678 0.028340 0.037288
0 0.041835 0.983898 0.024291 0.032203
0 0.039136 0.374576 0.037787 0.044068
0 0.058030 0.338136 0.021592 0.042373
0 0.070850 0.238136 0.031039 0.055932
0 0.022267 0.201695 0.039136 0.030508
0 0.163968 0.373729 0.033738 0.045763
0 0.167341 0.327119 0.026991 0.061017
0 0.159244 0.268644 0.026991 0.052542
0 0.151147 0.222881 0.032389 0.055932
0 0.172065 0.188136 0.033738 0.047458
0 0.178812 0.150847 0.025641 0.033898
0 0.209852 0.128814 0.041835 0.061017
0 0.255061 0.104237 0.043185 0.049153
0 0.128205 0.116102 0.091768 0.032203
0 0.014170 0.081356 0.022942 0.040678
0 0.053981 0.046610 0.021592 0.028814
0 0.057355 0.081356 0.033738 0.044068
0 0.145074 0.038983 0.022942 0.037288
0 0.170715 0.028814 0.031039 0.047458
0 0.335358 0.076271 0.036437 0.040678
0 0.321188 0.024576 0.037787 0.045763
0 0.394737 0.097458 0.031039 0.042373
0 0.421727 0.145763 0.031039 0.044068
0 0.382591 0.016102 0.028340 0.028814
0 0.533738 0.175424 0.068826 0.100000
0 0.952767 0.617797 0.040486 0.052542
0 0.792848 0.931356 0.033738 0.042373
0 0.685560 0.276271 0.029690 0.050847
0 0.676788 0.235593 0.022942 0.030508
1 0.299595 0.615254 0.029690 0.040678
1 0.406208 0.696610 0.029690 0.044068
1 0.593117 0.679661 0.033738 0.037288
