0 0.927193 0.534091 0.036842 0.054545
0 0.888596 0.497727 0.033333 0.054545
0 0.843860 0.498864 0.042105 0.047727
0 0.790351 0.480682 0.040351 0.056818
0 0.754386 0.393182 0.038596 0.050000
0 0.656140 0.300000 0.042105 0.040909
0 0.601754 0.327273 0.035088 0.050000
0 0.542982 0.050000 0.040351 0.063636
0 0.354386 0.106818 0.042105 0.063636
0 0.301754 0.069318 0.038596 0.061364
0 0.692105 0.201136 0.047368 0.065909
0 0.568421 0.142045 0.028070 0.052273
1 0.626316 0.902273 0.031579 0.040909
1 0.765789 0.326136 0.029825 0.043182
1 0.130702 0.369318 0.033333 0.065909
1 0.811404 0.028409 0.029825 0.038636
3 0.193860 0.211364 0.152632 0.190909
3 0.287719 0.351136 0.119298 0.134091
3 0.432456 0.440909 0.085965 0.140909
3 0.356140 0.254545 0.073684 0.086364
3 0.549123 0.490909 0.087719 0.100000
3 0.688596 0.555682 0.096491 0.143182
3 0.747368 0.732955 0.101754 0.143182
3 0.616667 0.605682 0.071930 0.111364
3 0.819298 0.861364 0.112281 0.140909
3 0.720175 0.257955 0.029825 0.043182
3 0.625439 0.131818 0.033333 0.081818
