1 0.290039 0.399414 0.033203 0.033203
1 0.309570 0.337891 0.037109 0.039062
1 0.261719 0.199219 0.035156 0.031250
1 0.159180 0.452148 0.037109 0.037109
2 0.253906 0.274414 0.050781 0.044922
2 0.308594 0.292969 0.050781 0.046875
2 0.468750 0.432617 0.058594 0.052734
2 0.376953 0.865234 0.050781 0.050781
2 0.415039 0.138672 0.052734 0.042969
2 0.286133 0.230469 0.056641 0.062500
2 0.370117 0.304688 0.056641 0.058594
2 0.061523 0.584961 0.048828 0.044922
2 0.127930 0.475586 0.048828 0.041016
2 0.366211 0.231445 0.048828 0.052734
2 0.168945 0.215820 0.052734 0.048828
2 0.250977 0.442383 0.056641 0.056641
3 0.217773 0.919922 0.087891 0.082031
