0 0.251957 0.339926 0.038160 0.030359
0 0.428571 0.277369 0.037182 0.032199
0 0.420744 0.310028 0.035225 0.029439
0 0.188356 0.025299 0.036204 0.030359
0 0.159980 0.100276 0.030333 0.033119
0 0.170254 0.068537 0.037182 0.030359
0 0.101761 0.114535 0.037182 0.035879
0 0.143346 0.068997 0.022505 0.025759
0 0.167319 0.046918 0.025440 0.022079
0 0.214286 0.125115 0.035225 0.036799
0 0.178082 0.335787 0.045010 0.031279
0 0.148728 0.402484 0.035225 0.032199
0 0.093933 0.312787 0.037182 0.023919
0 0.283268 0.112695 0.030333 0.028519
0 0.251468 0.111316 0.035225 0.033119
0 0.296477 0.141674 0.035225 0.031279
0 0.261742 0.068077 0.022505 0.023919
0 0.262231 0.038638 0.021526 0.014719
0 0.237769 0.054278 0.025440 0.022079
0 0.358121 0.336247 0.031311 0.028519
0 0.340020 0.361546 0.036204 0.025759
0 0.300391 0.380865 0.025440 0.022079
0 0.433464 0.371665 0.035225 0.034959
0 0.235812 0.488500 0.029354 0.033119
0 0.285225 0.496320 0.036204 0.028519
0 0.262720 0.522079 0.036204 0.034039
0 0.239237 0.547378 0.042074 0.033119
0 0.145303 0.548298 0.036204 0.033119
0 0.147750 0.504140 0.031311 0.025759
0 0.249022 0.608096 0.042074 0.031279
0 0.206458 0.622355 0.027397 0.030359
0 0.343933 0.579577 0.034247 0.022079
0 0.345401 0.615455 0.039139 0.029439
0 0.350294 0.649034 0.041096 0.028519
0 0.316536 0.649034 0.020548 0.028519
0 0.227006 0.581417 0.033268 0.027599
0 0.289139 0.558418 0.038160 0.031279
0 0.489726 0.655474 0.040117 0.037718
0 0.513699 0.623275 0.025440 0.022999
0 0.564579 0.679853 0.033268 0.033119
0 0.527397 0.695492 0.035225 0.031279
0 0.532290 0.729991 0.033268 0.037718
0 0.565068 0.716651 0.030333 0.036799
0 0.444227 0.715731 0.031311 0.033119
0 0.475538 0.733211 0.033268 0.034959
0 0.389432 0.685373 0.035225 0.033119
0 0.424658 0.613615 0.035225 0.034959
0 0.745597 0.674793 0.031311 0.030359
0 0.713307 0.670193 0.035225 0.030359
0 0.660959 0.707912 0.024462 0.021159
0 0.618885 0.697332 0.038160 0.029439
0 0.636008 0.664673 0.039139 0.032199
0 0.454990 0.902024 0.031311 0.028519
0 0.453523 0.940202 0.032290 0.031279
0 0.442270 0.859246 0.029354 0.029439
0 0.529843 0.871205 0.036204 0.036799
0 0.572896 0.867985 0.028376 0.021159
0 0.608121 0.902484 0.028376 0.034959
0 0.583659 0.902484 0.030333 0.034959
0 0.612524 0.773229 0.027397 0.032199
0 0.592466 0.743330 0.028376 0.033119
0 0.616438 0.810948 0.029354 0.022999
0 0.621331 0.834867 0.019569 0.021159
0 0.660959 0.800828 0.032290 0.035879
0 0.694716 0.813247 0.025440 0.025759
0 0.721135 0.807268 0.027397 0.034039
0 0.295499 0.889604 0.029354 0.038638
0 0.318493 0.914443 0.030333 0.034959
0 0.316536 0.963661 0.032290 0.030359
0 0.247554 0.895124 0.029354 0.036799
0 0.271526 0.893744 0.024462 0.032199
0 0.225538 0.930083 0.022505 0.033119
0 0.225538 0.970101 0.030333 0.039558
0 0.391389 0.954002 0.031311 0.025759
0 0.508806 0.385005 0.029354 0.030359
0 0.538160 0.379025 0.029354 0.034959
0 0.567025 0.378105 0.034247 0.042318
0 0.577789 0.314167 0.026419 0.043238
0 0.556262 0.300368 0.024462 0.034039
0 0.522505 0.288408 0.037182 0.028519
0 0.420254 0.338546 0.034247 0.018399
0 0.442759 0.327967 0.020548 0.013799
0 0.589530 0.577737 0.047945 0.027599
0 0.567025 0.558878 0.038160 0.013799
0 0.522505 0.567157 0.027397 0.017479
0 0.474070 0.568997 0.032290 0.034039
0 0.475049 0.594756 0.018591 0.019319
0 0.525930 0.528059 0.034247 0.031279
0 0.582192 0.518399 0.037182 0.032199
0 0.598826 0.497700 0.041096 0.033119
0 0.659002 0.503220 0.030333 0.029439
0 0.662916 0.541398 0.032290 0.035879
0 0.679061 0.603036 0.035225 0.030359
0 0.551859 0.181693 0.031311 0.032199
0 0.580724 0.168813 0.026419 0.030359
0 0.603718 0.154094 0.027397 0.028519
0 0.652642 0.121895 0.031311 0.032199
0 0.685421 0.129255 0.032290 0.030359
0 0.726027 0.154094 0.035225 0.028519
0 0.665851 0.204232 0.030333 0.022079
0 0.627202 0.200092 0.021526 0.021159
0 0.642857 0.222171 0.035225 0.026679
0 0.717221 0.202392 0.031311 0.023919
0 0.601761 0.118675 0.025440 0.033119
0 0.548924 0.118215 0.041096 0.037718
0 0.562622 0.243790 0.031311 0.034959
0 0.532290 0.248850 0.029354 0.035879
0 0.519569 0.219871 0.050881 0.020239
0 0.469178 0.137994 0.028376 0.027599
0 0.500000 0.124655 0.033268 0.026679
0 0.473581 0.189052 0.050881 0.028519
0 0.668297 0.416283 0.027397 0.034039
0 0.709883 0.426863 0.032290 0.031279
0 0.758317 0.464581 0.023483 0.018399
0 0.766145 0.456762 0.019569 0.028519
0 0.693738 0.485281 0.025440 0.035879
0 0.752935 0.494940 0.040117 0.029439
0 0.797456 0.492640 0.033268 0.026679
0 0.797456 0.467341 0.035225 0.025759
0 0.770059 0.412144 0.033268 0.016559
0 0.790607 0.377645 0.039139 0.032199
0 0.658513 0.258050 0.048924 0.030359
0 0.709393 0.255290 0.041096 0.028519
0 0.710861 0.291628 0.049902 0.029439
0 0.892857 0.419043 0.036204 0.032199
0 0.944227 0.444802 0.039139 0.026679
0 0.979941 0.476081 0.040117 0.028519
0 0.847358 0.209752 0.039139 0.023919
0 0.944227 0.204692 0.039139 0.026679
0 0.979452 0.167433 0.027397 0.031279
0 0.984834 0.052438 0.026419 0.031279
0 0.987280 0.119595 0.021526 0.031279
0 0.680039 0.336247 0.039139 0.032199
0 0.765166 0.287489 0.045010 0.026679
0 0.780822 0.348666 0.025440 0.016559
0 0.809687 0.357866 0.036204 0.031279
0 0.845401 0.341766 0.041096 0.028519
0 0.760274 0.069917 0.039139 0.027599
0 0.819472 0.061178 0.042074 0.032199
0 0.745597 0.099816 0.045010 0.034039
0 0.409491 0.218951 0.032290 0.022079
0 0.457436 0.238270 0.022505 0.022079
0 0.471624 0.256670 0.041096 0.031279
0 0.842955 0.670193 0.036204 0.035879
0 0.887965 0.655014 0.032290 0.031279
0 0.929061 0.656854 0.028376 0.029439
0 0.955479 0.686293 0.034247 0.027599
0 0.964286 0.715271 0.032290 0.024839
0 0.986301 0.689512 0.025440 0.028519
0 0.903131 0.615455 0.029354 0.029439
0 0.814090 0.714351 0.029354 0.022999
0 0.852740 0.736891 0.030333 0.027599
0 0.886497 0.752070 0.027397 0.022999
0 0.925636 0.764949 0.039139 0.028519
0 0.256360 0.752530 0.031311 0.033119
0 0.218200 0.790708 0.029354 0.028519
0 0.394325 0.813707 0.037182 0.024839
0 0.396282 0.748850 0.019569 0.011040
0 0.440802 0.786569 0.016634 0.014719
0 0.556751 0.808188 0.025440 0.034039
0 0.491683 0.803588 0.024462 0.017479
0 0.537182 0.836707 0.039139 0.021159
0 0.663405 0.874885 0.021526 0.022079
0 0.823386 0.954002 0.028376 0.029439
0 0.858121 0.941122 0.017613 0.016559
0 0.918787 0.971021 0.015656 0.015639
0 0.782290 0.949862 0.032290 0.028519
0 0.756360 0.930083 0.023483 0.020239
0 0.717221 0.956302 0.017613 0.015639
0 0.766634 0.891904 0.038160 0.026679
0 0.403620 0.981141 0.032290 0.030359
0 0.453523 0.976541 0.028376 0.039558
0 0.425636 0.951702 0.025440 0.035879
0 0.494129 0.966421 0.021526 0.026679
0 0.533757 0.940202 0.042074 0.022079
0 0.537671 0.965501 0.036204 0.028519
0 0.571429 0.964121 0.033268 0.031279
0 0.593933 0.935143 0.039139 0.028519
0 0.556751 0.988500 0.029354 0.021159
0 0.655577 0.977001 0.033268 0.033119
0 0.733366 0.989880 0.032290 0.020239
0 0.773973 0.987121 0.033268 0.025759
0 0.715264 0.856486 0.035225 0.023919
0 0.723092 0.882245 0.035225 0.031279
0 0.692270 0.840386 0.032290 0.021159
0 0.565558 0.619595 0.015656 0.017479
0 0.751957 0.578657 0.034247 0.031279
0 0.753425 0.606716 0.035225 0.032199
0 0.788160 0.586937 0.032290 0.025759
0 0.670744 0.383625 0.045988 0.025759
0 0.603718 0.391444 0.033268 0.035879
0 0.610078 0.445262 0.036204 0.029439
0 0.406556 0.051518 0.030333 0.025759
0 0.440313 0.063937 0.035225 0.022999
0 0.373777 0.040478 0.029354 0.012879
0 0.316047 0.053358 0.025440 0.014719
0 0.376712 0.063477 0.027397 0.029439
0 0.387476 0.109936 0.029354 0.026679
0 0.424658 0.092916 0.039139 0.031279
0 0.603718 0.068997 0.029354 0.023919
0 0.654599 0.046918 0.027397 0.022079
0 0.688845 0.047838 0.031311 0.029439
0 0.628180 0.022539 0.033268 0.026679
0 0.687867 0.014719 0.041096 0.025759
0 0.594423 0.011500 0.036204 0.019319
0 0.786204 0.021619 0.036204 0.026679
0 0.833170 0.015179 0.044031 0.028519
0 0.133562 0.779669 0.034247 0.035879
0 0.176614 0.824287 0.030333 0.036799
0 0.153131 0.832567 0.024462 0.025759
0 0.207926 0.847746 0.030333 0.037718
0 0.098337 0.805888 0.036204 0.031279
0 0.064579 0.842226 0.037182 0.034039
0 0.095890 0.868905 0.033268 0.026679
0 0.328278 0.714351 0.030333 0.019319
0 0.314579 0.706992 0.020548 0.024839
0 0.351272 0.779209 0.035225 0.034959
0 0.342955 0.692272 0.026419 0.021159
0 0.433464 0.830267 0.029354 0.024839
0 0.446184 0.750230 0.021526 0.032199
0 0.480920 0.497700 0.030333 0.034959
0 0.409980 0.485281 0.029354 0.032199
0 0.430039 0.545078 0.034247 0.024839
0 0.386008 0.562098 0.024462 0.016559
0 0.386497 0.592456 0.039139 0.031279
0 0.328278 0.527139 0.030333 0.029439
0 0.300391 0.435603 0.033268 0.026679
0 0.360078 0.425023 0.029354 0.027599
0 0.362524 0.475621 0.028376 0.029439
0 0.326810 0.419043 0.021526 0.017479
0 0.405088 0.424563 0.035225 0.026679
0 0.405088 0.396504 0.035225 0.033119
0 0.073875 0.151334 0.038160 0.028519
0 0.110078 0.170653 0.028376 0.019319
0 0.075342 0.183073 0.045010 0.027599
0 0.103718 0.216191 0.029354 0.023919
0 0.131605 0.216191 0.032290 0.029439
0 0.164873 0.196412 0.044031 0.030359
0 0.037671 0.231831 0.026419 0.025759
0 0.201076 0.221711 0.030333 0.027599
0 0.224070 0.243330 0.035225 0.024839
0 0.213307 0.292088 0.039139 0.024839
0 0.020059 0.304508 0.032290 0.022079
0 0.043053 0.325207 0.033268 0.022999
0 0.875245 0.270469 0.040117 0.033119
0 0.945695 0.249770 0.038160 0.034039
0 0.977495 0.212971 0.031311 0.034039
0 0.921722 0.231831 0.037182 0.025759
0 0.941292 0.306348 0.029354 0.018399
0 0.969667 0.274609 0.033268 0.022999
0 0.973092 0.307728 0.032290 0.032199
0 0.984834 0.354186 0.028376 0.031279
0 0.879159 0.527139 0.030333 0.044158
0 0.930039 0.549678 0.030333 0.034039
0 0.961350 0.574977 0.036204 0.022079
0 0.903131 0.583257 0.037182 0.029439
0 0.792074 0.662374 0.038160 0.031279
0 0.763209 0.797608 0.025440 0.025759
0 0.817025 0.799908 0.027397 0.028519
0 0.835616 0.777369 0.037182 0.031279
0 0.835127 0.749770 0.036204 0.025759
0 0.879648 0.787489 0.050881 0.031279
0 0.883072 0.843146 0.040117 0.034039
0 0.875245 0.868445 0.036204 0.031279
0 0.830235 0.861546 0.016634 0.021159
0 0.818982 0.832107 0.033268 0.019319
0 0.962818 0.837167 0.050881 0.027599
0 0.950098 0.905704 0.033268 0.034039
0 0.850294 0.908924 0.021526 0.034959
0 0.820939 0.912603 0.023483 0.020239
0 0.936399 0.945262 0.035225 0.022999
0 0.976027 0.944802 0.032290 0.027599
0 0.945205 0.865225 0.015656 0.017479
0 0.901663 0.706992 0.028376 0.041398
0 0.174168 0.882245 0.025440 0.023919
0 0.156556 0.899724 0.029354 0.029439
0 0.171233 0.927323 0.027397 0.027599
0 0.185421 0.908924 0.018591 0.027599
0 0.127202 0.896044 0.031311 0.023919
0 0.121331 0.921803 0.039139 0.031279
0 0.122798 0.959062 0.044031 0.045078
0 0.044031 0.781049 0.029354 0.034959
0 0.088063 0.744710 0.033268 0.034039
0 0.069961 0.728151 0.028376 0.026679
0 0.048434 0.687213 0.034247 0.025759
0 0.012231 0.723551 0.022505 0.032199
0 0.017613 0.762190 0.031311 0.032199
0 0.041585 0.592916 0.034247 0.032199
0 0.099315 0.629255 0.026419 0.025759
0 0.140900 0.675713 0.033268 0.026679
0 0.221135 0.720791 0.033268 0.030359
0 0.187378 0.695952 0.038160 0.022999
0 0.144325 0.652714 0.032290 0.032199
0 0.269569 0.684913 0.034247 0.024839
0 0.289139 0.706072 0.024462 0.011960
0 0.291585 0.675253 0.025440 0.025759
0 0.024462 0.626035 0.045010 0.037718
0 0.029843 0.562557 0.024462 0.032199
0 0.044031 0.520239 0.015656 0.026679
0 0.086595 0.572677 0.036204 0.030359
0 0.043053 0.729991 0.015656 0.017479
0 0.027397 0.468721 0.013699 0.015639
0 0.249511 0.368905 0.033268 0.027599
0 0.210372 0.404784 0.019569 0.018399
0 0.245108 0.404324 0.018591 0.013799
0 0.623288 0.952622 0.029354 0.021159
0 0.515166 0.982981 0.026419 0.032199
0 0.861546 0.574517 0.022505 0.015639
0 0.978474 0.615455 0.033268 0.031279
0 0.530333 0.068537 0.029354 0.026679
0 0.565558 0.069917 0.029354 0.016559
0 0.474560 0.022539 0.043053 0.022999
0 0.038650 0.890064 0.028376 0.024839
0 0.157045 0.856486 0.016634 0.014719
0 0.016145 0.938822 0.026419 0.032199
0 0.033757 0.849586 0.026419 0.024839
0 0.080235 0.988500 0.017613 0.021159
0 0.884051 0.900644 0.034247 0.022079
0 0.636008 0.067617 0.031311 0.028519
0 0.676125 0.751150 0.027397 0.030359
0 0.676614 0.777369 0.026419 0.029439
1 0.426614 0.747930 0.013699 0.016559
1 0.418297 0.725391 0.012720 0.022999
1 0.367417 0.388684 0.016634 0.013799
1 0.111057 0.470561 0.020548 0.021159
1 0.637965 0.479761 0.017613 0.017479
1 0.605675 0.317387 0.015656 0.012879
1 0.626712 0.293468 0.032290 0.023919
