0 0.317222 0.515556 0.050000 0.082222
0 0.338333 0.422222 0.036667 0.033333
0 0.338889 0.365000 0.037778 0.045556
0 0.316111 0.342778 0.047778 0.043333
0 0.247222 0.462222 0.047778 0.048889
0 0.266667 0.606111 0.040000 0.058889
0 0.330000 0.466667 0.044444 0.046667
0 0.368889 0.488889 0.040000 0.046667
0 0.382778 0.373333 0.041111 0.042222
0 0.404444 0.417222 0.044444 0.074444
0 0.430556 0.496667 0.041111 0.060000
0 0.458333 0.531667 0.034444 0.058889
0 0.303333 0.593889 0.035556 0.043333
0 0.460000 0.446111 0.040000 0.041111
0 0.426667 0.635556 0.037778 0.040000
0 0.458333 0.372222 0.043333 0.053333
0 0.536667 0.378889 0.042222 0.051111
0 0.495000 0.613889 0.041111 0.065556
0 0.483889 0.402778 0.038889 0.047778
0 0.505556 0.433333 0.035556 0.048889
0 0.653889 0.345556 0.101111 0.066667
0 0.742778 0.355556 0.078889 0.048889
0 0.765556 0.491667 0.064444 0.070000
0 0.705000 0.430556 0.054444 0.041111
0 0.616111 0.415000 0.045556 0.041111
0 0.671667 0.400000 0.047778 0.033333
0 0.762778 0.422778 0.043333 0.052222
0 0.796667 0.418333 0.037778 0.041111
0 0.877778 0.357222 0.051111 0.030000
0 0.823333 0.335556 0.060000 0.035556
0 0.654444 0.450000 0.046667 0.040000
0 0.622222 0.471111 0.037778 0.035556
0 0.094444 0.127778 0.057778 0.040000
0 0.075000 0.091111 0.038889 0.028889
0 0.078333 0.187778 0.061111 0.046667
0 0.132778 0.048889 0.050000 0.035556
0 0.291111 0.254444 0.048889 0.057778
0 0.325556 0.221667 0.051111 0.036667
0 0.356111 0.268333 0.067778 0.047778
0 0.159444 0.246111 0.054444 0.043333
0 0.180000 0.063333 0.035556 0.026667
0 0.201111 0.037778 0.031111 0.031111
0 0.237222 0.088889 0.032222 0.053333
0 0.381667 0.036111 0.072222 0.072222
0 0.327222 0.166667 0.043333 0.044444
0 0.237222 0.202778 0.050000 0.032222
0 0.271111 0.157222 0.048889 0.034444
0 0.072778 0.406667 0.036667 0.037778
0 0.051667 0.436111 0.047778 0.036667
0 0.088333 0.452778 0.045556 0.085556
0 0.033889 0.303333 0.038889 0.057778
0 0.076667 0.322778 0.048889 0.054444
0 0.068333 0.291667 0.043333 0.047778
0 0.111111 0.352778 0.031111 0.038889
0 0.179444 0.313333 0.047778 0.035556
0 0.182778 0.346111 0.047778 0.038889
0 0.232222 0.356111 0.040000 0.047778
0 0.274444 0.349444 0.031111 0.036667
0 0.153333 0.467222 0.100000 0.096667
0 0.175556 0.498333 0.064444 0.087778
0 0.032222 0.702222 0.042222 0.044444
0 0.126111 0.714444 0.036667 0.042222
0 0.137778 0.601111 0.042222 0.040000
0 0.167222 0.625000 0.027778 0.054444
0 0.216111 0.627778 0.032222 0.055556
0 0.283333 0.660556 0.042222 0.056667
0 0.357222 0.667222 0.043333 0.050000
0 0.362778 0.722222 0.061111 0.048889
0 0.411111 0.820556 0.051111 0.041111
0 0.325000 0.860000 0.067778 0.060000
0 0.271667 0.923333 0.047778 0.033333
0 0.168889 0.855556 0.051111 0.037778
0 0.361667 0.917222 0.041111 0.038889
0 0.391667 0.853889 0.041111 0.047778
0 0.528333 0.830556 0.050000 0.050000
0 0.540556 0.942778 0.070000 0.056667
0 0.576111 0.906111 0.045556 0.054444
0 0.496111 0.719444 0.085556 0.085556
0 0.555556 0.662778 0.046667 0.052222
0 0.639444 0.646111 0.054444 0.063333
0 0.690000 0.642222 0.044444 0.057778
0 0.648889 0.799444 0.057778 0.052222
0 0.712222 0.806111 0.068889 0.052222
0 0.755000 0.711667 0.065556 0.047778
0 0.722778 0.745556 0.056667 0.040000
0 0.729444 0.903889 0.041111 0.047778
0 0.725556 0.850000 0.040000 0.031111
0 0.777222 0.852222 0.050000 0.040000
0 0.842778 0.795000 0.067778 0.056667
0 0.905556 0.842778 0.042222 0.045556
0 0.873889 0.888333 0.043333 0.052222
0 0.818333 0.888333 0.050000 0.045556
0 0.834444 0.930556 0.053333 0.041111
0 0.917222 0.943333 0.041111 0.048889
0 0.826111 0.711667 0.045556 0.045556
0 0.508889 0.491111 0.035556 0.037778
0 0.566111 0.448333 0.052222 0.034444
0 0.624444 0.553333 0.057778 0.055556
0 0.815556 0.624444 0.042222 0.066667
0 0.942778 0.479444 0.056667 0.050000
0 0.960000 0.447222 0.037778 0.038889
0 0.867222 0.625000 0.036667 0.043333
0 0.875556 0.658333 0.051111 0.038889
0 0.880556 0.557222 0.043333 0.045556
0 0.771667 0.606111 0.036667 0.038889
0 0.832778 0.381111 0.058889 0.020000
0 0.893889 0.405000 0.041111 0.036667
0 0.938889 0.356111 0.062222 0.050000
0 0.920556 0.259444 0.052222 0.036667
0 0.808889 0.533889 0.044444 0.052222
0 0.905000 0.444444 0.038889 0.031111
0 0.837222 0.268889 0.047778 0.024444
0 0.973889 0.243333 0.054444 0.031111
0 0.947222 0.415000 0.038889 0.021111
0 0.843889 0.499444 0.030000 0.025556
0 0.976667 0.533333 0.033333 0.060000
0 0.919444 0.621111 0.036667 0.037778
0 0.926111 0.575000 0.041111 0.034444
0 0.923333 0.756111 0.084444 0.045556
0 0.976111 0.650000 0.050000 0.057778
0 0.802222 0.976111 0.053333 0.050000
0 0.968333 0.819444 0.052222 0.038889
0 0.831111 0.136667 0.055556 0.033333
0 0.875000 0.132778 0.043333 0.041111
0 0.920556 0.096111 0.043333 0.045556
0 0.961111 0.142778 0.040000 0.041111
0 0.628889 0.228889 0.044444 0.044444
0 0.602778 0.191111 0.050000 0.028889
0 0.692778 0.197222 0.050000 0.041111
0 0.701111 0.101667 0.037778 0.034444
0 0.756667 0.085556 0.044444 0.042222
0 0.725556 0.142222 0.091111 0.042222
0 0.772222 0.176111 0.051111 0.034444
0 0.581667 0.136667 0.032222 0.042222
0 0.800556 0.084444 0.043333 0.035556
0 0.770000 0.245556 0.122222 0.084444
0 0.612778 0.290556 0.076667 0.047778
0 0.038333 0.758333 0.045556 0.047778
0 0.097778 0.736111 0.035556 0.047778
0 0.140000 0.766667 0.040000 0.031111
0 0.170000 0.747222 0.028889 0.036667
0 0.230556 0.751111 0.043333 0.048889
0 0.189444 0.675556 0.032222 0.042222
0 0.312778 0.792222 0.045556 0.053333
0 0.061667 0.857778 0.065556 0.048889
0 0.197222 0.807778 0.032222 0.064444
0 0.455556 0.980556 0.057778 0.043333
0 0.479444 0.866667 0.034444 0.040000
0 0.443889 0.238333 0.038889 0.072222
0 0.408333 0.255556 0.054444 0.080000
0 0.497778 0.228333 0.055556 0.052222
0 0.494444 0.170000 0.055556 0.046667
0 0.542222 0.308889 0.044444 0.048889
0 0.568333 0.248889 0.058889 0.055556
0 0.555000 0.165556 0.043333 0.040000
0 0.576111 0.397222 0.065556 0.047778
0 0.515556 0.058889 0.046667 0.051111
0 0.597222 0.050000 0.058889 0.057778
0 0.630000 0.078889 0.053333 0.046667
0 0.741667 0.032778 0.098889 0.065556
0 0.813333 0.027222 0.051111 0.058889
0 0.562222 0.534444 0.064444 0.084444
0 0.177778 0.167222 0.035556 0.025556
0 0.212778 0.178889 0.034444 0.033333
0 0.062222 0.578889 0.040000 0.033333
0 0.056667 0.624444 0.042222 0.037778
0 0.037222 0.497778 0.052222 0.088889
1 0.247778 0.408333 0.011111 0.012222
1 0.600000 0.573333 0.022222 0.028889
