0 0.024913 0.031690 0.041522 0.040493
0 0.047059 0.076585 0.024913 0.045775
0 0.021107 0.106514 0.020069 0.028169
0 0.066090 0.124120 0.020069 0.026408
0 0.067474 0.162412 0.017301 0.036092
0 0.067474 0.204225 0.025606 0.031690
0 0.089965 0.183539 0.019377 0.039613
0 0.119723 0.192342 0.038754 0.027289
0 0.118685 0.162412 0.032526 0.027289
0 0.160208 0.133803 0.021453 0.026408
0 0.173702 0.078785 0.023529 0.032570
0 0.131142 0.062060 0.043599 0.034331
0 0.124913 0.013204 0.020069 0.024648
0 0.151903 0.029049 0.029758 0.054577
0 0.203460 0.065581 0.022145 0.022007
0 0.214879 0.039173 0.020069 0.027289
0 0.116263 0.099032 0.029066 0.027289
0 0.113149 0.267165 0.035294 0.050176
0 0.072318 0.272007 0.036678 0.038732
0 0.074740 0.238556 0.023529 0.028169
0 0.097232 0.231074 0.018685 0.023768
0 0.029412 0.341109 0.031142 0.027289
0 0.059862 0.334507 0.025606 0.031690
0 0.123529 0.331426 0.031142 0.037852
0 0.094464 0.345511 0.022837 0.023768
0 0.181315 0.330986 0.015225 0.029930
0 0.192388 0.299736 0.013841 0.044894
0 0.141176 0.267165 0.016609 0.027289
0 0.229066 0.170775 0.026298 0.029930
0 0.213495 0.132923 0.020069 0.022887
0 0.117993 0.128521 0.018685 0.028169
0 0.240830 0.223592 0.029066 0.021127
0 0.277855 0.160211 0.033910 0.022887
0 0.305536 0.130282 0.028374 0.024648
0 0.254325 0.056338 0.025606 0.033451
0 0.257785 0.109595 0.021453 0.022007
0 0.260900 0.132042 0.023529 0.014085
0 0.267128 0.092870 0.022145 0.029049
0 0.286159 0.091109 0.017301 0.022007
0 0.287197 0.210827 0.031834 0.022007
0 0.288235 0.264965 0.035294 0.021127
0 0.298616 0.236356 0.018685 0.022007
0 0.281661 0.293574 0.037370 0.027289
0 0.288927 0.317342 0.033910 0.025528
0 0.252595 0.332746 0.023529 0.024648
0 0.339100 0.164173 0.023529 0.036092
0 0.331488 0.209067 0.020761 0.014965
0 0.302422 0.053697 0.023529 0.031690
0 0.410727 0.182658 0.029758 0.025528
0 0.403114 0.214349 0.028374 0.032570
0 0.406574 0.058099 0.024221 0.035211
0 0.380969 0.066021 0.025606 0.033451
0 0.371626 0.104754 0.031834 0.033451
0 0.361246 0.089349 0.022145 0.032570
0 0.353979 0.011884 0.020069 0.022007
0 0.452941 0.014965 0.026990 0.026408
0 0.512111 0.082746 0.019377 0.028169
0 0.488927 0.112236 0.021453 0.025528
0 0.464360 0.193662 0.012457 0.029930
0 0.453633 0.206866 0.013149 0.036972
0 0.406228 0.264085 0.026298 0.033451
0 0.408997 0.240757 0.023529 0.027289
0 0.393080 0.316021 0.027682 0.044014
0 0.450519 0.258363 0.013841 0.029049
0 0.442561 0.293574 0.024221 0.041373
0 0.491349 0.261884 0.020761 0.025528
0 0.542215 0.193662 0.029758 0.022887
0 0.553287 0.130722 0.032526 0.023768
0 0.562284 0.154489 0.025606 0.034331
0 0.587197 0.014965 0.032526 0.024648
0 0.540484 0.328345 0.030450 0.036972
0 0.505190 0.327465 0.030450 0.036972
0 0.604152 0.222271 0.029066 0.030810
0 0.608304 0.261444 0.023529 0.029930
0 0.624221 0.144366 0.023529 0.035211
0 0.684775 0.133363 0.024221 0.039613
0 0.661938 0.176056 0.020069 0.035211
0 0.666090 0.087588 0.032526 0.048415
0 0.636678 0.305458 0.019377 0.033451
0 0.519031 0.196743 0.011073 0.023768
0 0.633910 0.046655 0.029066 0.036972
0 0.646713 0.018486 0.028374 0.028169
0 0.718339 0.038732 0.035986 0.040493
0 0.750865 0.105194 0.030450 0.039613
0 0.779931 0.102993 0.031834 0.042254
0 0.768858 0.145687 0.030450 0.022007
0 0.803806 0.083627 0.031142 0.047535
0 0.782007 0.066021 0.017993 0.028169
0 0.802422 0.040053 0.038062 0.036092
0 0.824913 0.027729 0.045675 0.050176
0 0.865744 0.134683 0.024913 0.031690
0 0.889273 0.092430 0.022145 0.024648
0 0.896194 0.144806 0.016609 0.032570
0 0.888581 0.173415 0.013841 0.033451
0 0.906228 0.187940 0.013149 0.014965
0 0.891696 0.234155 0.013149 0.026408
0 0.860208 0.250880 0.016609 0.029930
0 0.840138 0.303697 0.015225 0.022887
0 0.853979 0.329665 0.026298 0.022007
0 0.816955 0.231074 0.017301 0.027289
0 0.819723 0.197183 0.026990 0.029930
0 0.775433 0.208187 0.035294 0.029049
0 0.789273 0.247359 0.018685 0.031690
0 0.742561 0.253081 0.041522 0.064261
0 0.721799 0.262324 0.027682 0.052817
0 0.723183 0.308539 0.029066 0.036092
0 0.697578 0.319982 0.026298 0.044894
0 0.690311 0.356514 0.032526 0.026408
0 0.872318 0.362676 0.020069 0.026408
0 0.943253 0.341109 0.040138 0.037852
0 0.933564 0.397887 0.027682 0.028169
0 0.967474 0.410211 0.033218 0.031690
0 0.978547 0.449384 0.031834 0.037852
0 0.960208 0.478873 0.035294 0.042254
0 0.931834 0.514525 0.021453 0.044894
0 0.948097 0.544454 0.019377 0.048415
0 0.953287 0.282570 0.038062 0.019366
0 0.984775 0.250000 0.019377 0.031690
0 0.915225 0.451144 0.013149 0.014965
0 0.895156 0.470070 0.021453 0.033451
0 0.860900 0.508363 0.020761 0.046655
0 0.892734 0.569982 0.038754 0.051937
0 0.870242 0.472711 0.018685 0.029930
0 0.792734 0.411532 0.014533 0.025528
0 0.892042 0.311620 0.016609 0.026408
0 0.772318 0.275968 0.022145 0.027289
0 0.756401 0.487236 0.022145 0.034331
0 0.821799 0.583187 0.018685 0.037852
0 0.725260 0.484155 0.033218 0.036972
0 0.685467 0.444102 0.039446 0.020246
0 0.662630 0.478873 0.029758 0.028169
0 0.688581 0.550176 0.031834 0.024648
0 0.703114 0.567782 0.030450 0.019366
0 0.988235 0.624560 0.020761 0.032570
0 0.970934 0.643926 0.023529 0.050176
0 0.993426 0.752641 0.010381 0.019366
0 0.968858 0.693222 0.033218 0.027289
0 0.983391 0.886884 0.030450 0.030810
0 0.965052 0.976673 0.050519 0.043134
0 0.898962 0.631602 0.038754 0.039613
0 0.880277 0.609595 0.031834 0.034331
0 0.927682 0.702025 0.013149 0.018486
0 0.901730 0.709067 0.016609 0.023768
0 0.851557 0.747359 0.021453 0.036972
0 0.840484 0.775528 0.017301 0.036972
0 0.915225 0.884243 0.018685 0.030810
0 0.809343 0.815581 0.022837 0.037852
0 0.794118 0.867077 0.035294 0.033451
0 0.782007 0.855634 0.023529 0.021127
0 0.756055 0.869718 0.038062 0.021127
0 0.880969 0.951144 0.031834 0.025528
0 0.841869 0.907130 0.040830 0.025528
0 0.765398 0.899648 0.026298 0.017606
0 0.740830 0.899208 0.021453 0.022007
0 0.713495 0.897887 0.023529 0.029930
0 0.698270 0.928257 0.023529 0.027289
0 0.668858 0.917254 0.031142 0.040493
0 0.744983 0.948504 0.025606 0.013204
0 0.853633 0.662412 0.026990 0.023768
0 0.838754 0.679137 0.016609 0.032570
0 0.820761 0.674296 0.020761 0.033451
0 0.809343 0.651408 0.022837 0.031690
0 0.789273 0.640405 0.025606 0.022007
0 0.787197 0.614877 0.024221 0.025528
0 0.666090 0.692342 0.028374 0.036092
0 0.682353 0.644806 0.024913 0.029049
0 0.710381 0.729754 0.021453 0.045775
0 0.723529 0.708627 0.033910 0.036972
0 0.747405 0.712588 0.023529 0.027289
0 0.759170 0.687060 0.024913 0.032570
0 0.729412 0.679577 0.029066 0.022887
0 0.726644 0.645687 0.041522 0.048415
0 0.723875 0.613116 0.037370 0.025528
0 0.663322 0.757923 0.035294 0.047535
0 0.651557 0.778609 0.022837 0.039613
0 0.658824 0.813820 0.024913 0.029049
0 0.642561 0.654049 0.015917 0.022887
0 0.624567 0.654930 0.020069 0.017606
0 0.603114 0.764965 0.013149 0.029930
0 0.579239 0.699384 0.016609 0.020246
0 0.551903 0.702025 0.020069 0.032570
0 0.528720 0.700264 0.027682 0.030810
0 0.631834 0.833627 0.017993 0.040493
0 0.608651 0.831866 0.028374 0.044014
0 0.589619 0.819102 0.023529 0.037852
0 0.582007 0.798415 0.023529 0.035211
0 0.559170 0.785211 0.019377 0.031690
0 0.601384 0.897887 0.026298 0.036972
0 0.532180 0.886004 0.020761 0.064261
0 0.523875 0.841109 0.019377 0.029049
0 0.509343 0.871919 0.016609 0.025528
0 0.537370 0.761004 0.024221 0.036092
0 0.524221 0.757042 0.018685 0.031690
0 0.513149 0.738996 0.022837 0.034331
0 0.492388 0.760123 0.020069 0.025528
0 0.493772 0.729313 0.036678 0.037852
0 0.566436 0.657130 0.011765 0.016725
0 0.523529 0.631602 0.043599 0.023768
0 0.474394 0.970070 0.022837 0.054577
0 0.510035 0.985915 0.029066 0.024648
0 0.437370 0.960387 0.017993 0.017606
0 0.433218 0.981514 0.016609 0.024648
0 0.471972 0.878521 0.019377 0.042254
0 0.475087 0.915493 0.013149 0.022887
0 0.432180 0.769806 0.018685 0.025528
0 0.419723 0.840669 0.022837 0.028169
0 0.419723 0.892165 0.020069 0.034331
0 0.412457 0.938380 0.020761 0.028169
0 0.387197 0.832746 0.032526 0.045775
0 0.386851 0.782570 0.017993 0.022887
0 0.388581 0.734595 0.022837 0.032570
0 0.412803 0.692782 0.026990 0.042254
0 0.432526 0.709947 0.017993 0.037852
0 0.426990 0.666813 0.015225 0.034331
0 0.342215 0.903169 0.024221 0.019366
0 0.352595 0.965229 0.021453 0.043134
0 0.274048 0.934859 0.017993 0.021127
0 0.305190 0.834947 0.035986 0.023768
0 0.278893 0.819102 0.020761 0.022007
0 0.336678 0.731074 0.026990 0.034331
0 0.351903 0.636444 0.035294 0.022887
0 0.343599 0.658451 0.039446 0.024648
0 0.341522 0.684419 0.033910 0.029049
0 0.284083 0.719630 0.024221 0.032570
0 0.307958 0.713468 0.020761 0.023768
0 0.288581 0.691461 0.023529 0.023768
0 0.291349 0.650088 0.030450 0.032570
0 0.195848 0.937060 0.031834 0.044894
0 0.164360 0.945423 0.025606 0.042254
0 0.207612 0.987676 0.029066 0.021127
0 0.209343 0.858715 0.015917 0.020246
0 0.206228 0.872359 0.013841 0.012324
0 0.188235 0.873680 0.016609 0.020246
0 0.138408 0.914173 0.012457 0.022007
0 0.130796 0.892606 0.016609 0.019366
0 0.141869 0.860035 0.012457 0.028169
0 0.264014 0.755282 0.031142 0.029930
0 0.080277 0.959507 0.024913 0.022887
0 0.077163 0.932218 0.018685 0.024648
0 0.068512 0.891725 0.027682 0.049296
0 0.094118 0.880282 0.023529 0.045775
0 0.116609 0.819102 0.022837 0.025528
0 0.125952 0.786092 0.029066 0.024648
0 0.107266 0.754401 0.040138 0.035211
0 0.176471 0.733275 0.020761 0.029930
0 0.163668 0.729313 0.025606 0.025528
0 0.181661 0.624120 0.028374 0.044014
0 0.026644 0.986356 0.015917 0.023768
0 0.013495 0.787852 0.020069 0.038732
0 0.040830 0.782130 0.031834 0.039613
0 0.082353 0.775968 0.044291 0.032570
0 0.008997 0.706866 0.016609 0.019366
0 0.036678 0.697183 0.015225 0.024648
0 0.031488 0.717430 0.011765 0.015845
0 0.049827 0.710387 0.011073 0.017606
0 0.052249 0.735915 0.013149 0.015845
0 0.068512 0.726673 0.016609 0.011444
0 0.068512 0.698944 0.013841 0.035211
0 0.132872 0.690141 0.030450 0.040493
0 0.110035 0.665933 0.017993 0.018486
0 0.136678 0.633363 0.024221 0.029049
0 0.113841 0.636004 0.022837 0.029049
0 0.071972 0.659771 0.011073 0.020246
0 0.020069 0.637764 0.019377 0.027289
0 0.015571 0.593750 0.025606 0.030810
0 0.143253 0.733275 0.017993 0.022887
0 0.179931 0.576585 0.023529 0.021127
0 0.221107 0.579665 0.014533 0.016725
0 0.202768 0.553697 0.019377 0.029930
0 0.172664 0.540493 0.028374 0.033451
0 0.140830 0.558099 0.022837 0.031690
0 0.084429 0.586708 0.022145 0.025528
0 0.064360 0.563820 0.031834 0.025528
0 0.104844 0.544894 0.022837 0.028169
0 0.016955 0.532570 0.024221 0.028169
0 0.073702 0.528609 0.026990 0.027289
0 0.062630 0.518046 0.026990 0.020246
0 0.042215 0.503961 0.023529 0.022007
0 0.094118 0.475352 0.026298 0.029930
0 0.117993 0.472711 0.021453 0.035211
0 0.112803 0.503081 0.023529 0.018486
0 0.155709 0.484595 0.024913 0.036092
0 0.244291 0.676937 0.008304 0.015845
0 0.190311 0.485475 0.022145 0.018486
0 0.218685 0.489877 0.026298 0.020246
0 0.192388 0.514525 0.027682 0.034331
0 0.179585 0.435739 0.014533 0.019366
0 0.268166 0.513644 0.035294 0.032570
0 0.263322 0.595511 0.024221 0.023768
0 0.287197 0.576585 0.037370 0.026408
0 0.357439 0.606954 0.038062 0.025528
0 0.337024 0.566021 0.034602 0.029930
0 0.308651 0.561180 0.023529 0.029049
0 0.358131 0.582306 0.025606 0.023768
0 0.324567 0.540933 0.026298 0.022007
0 0.320761 0.516725 0.038062 0.028169
0 0.343599 0.529930 0.014533 0.031690
0 0.301384 0.488556 0.036678 0.019366
0 0.290311 0.471831 0.025606 0.026408
0 0.260208 0.467870 0.029066 0.025528
0 0.243253 0.439701 0.033910 0.030810
0 0.306574 0.399208 0.034602 0.029049
0 0.292734 0.408891 0.030450 0.027289
0 0.266090 0.414173 0.038062 0.025528
0 0.258824 0.388204 0.034602 0.021127
0 0.237024 0.361356 0.021453 0.030810
0 0.266436 0.361356 0.024913 0.027289
0 0.293426 0.367958 0.017993 0.021127
0 0.214187 0.454225 0.025606 0.029930
0 0.376125 0.495158 0.026990 0.016725
0 0.391349 0.356514 0.028374 0.038732
0 0.374048 0.430898 0.025606 0.027289
0 0.398616 0.385123 0.022145 0.023768
0 0.390311 0.411092 0.020761 0.022887
0 0.409689 0.453345 0.017993 0.044014
0 0.427682 0.460827 0.019377 0.039613
0 0.444291 0.448504 0.022145 0.041373
0 0.463322 0.437060 0.033910 0.034331
0 0.465398 0.410211 0.033910 0.042254
0 0.467128 0.380282 0.033218 0.033451
0 0.433910 0.372799 0.015225 0.030810
0 0.471972 0.347711 0.027682 0.031690
0 0.594810 0.370158 0.033910 0.027289
0 0.621107 0.400528 0.021453 0.028169
0 0.514533 0.499120 0.050519 0.038732
0 0.535294 0.485035 0.032526 0.024648
0 0.557785 0.467430 0.031834 0.028169
0 0.578547 0.491637 0.029066 0.020246
0 0.508304 0.571303 0.040830 0.026408
0 0.539792 0.565581 0.027682 0.018486
0 0.519377 0.550176 0.042215 0.019366
0 0.548443 0.599032 0.020069 0.023768
0 0.589273 0.529489 0.018685 0.041373
0 0.607612 0.562500 0.024913 0.028169
0 0.621107 0.536092 0.038062 0.036972
0 0.592388 0.463028 0.022145 0.021127
0 0.645675 0.461268 0.022145 0.028169
0 0.660900 0.372359 0.056747 0.049296
0 0.664706 0.413732 0.020069 0.015845
0 0.657093 0.268046 0.022837 0.023768
0 0.621453 0.172535 0.016609 0.028169
0 0.526298 0.230194 0.026990 0.018486
0 0.642907 0.204665 0.009689 0.016725
0 0.053979 0.401408 0.026298 0.026408
0 0.082699 0.389525 0.014533 0.030810
0 0.100346 0.437940 0.019377 0.025528
0 0.194464 0.364437 0.012457 0.022887
0 0.075087 0.426056 0.026990 0.019366
1 0.235640 0.098151 0.010381 0.036092
1 0.510035 0.187060 0.012457 0.013204
1 0.815571 0.525528 0.008997 0.022887
1 0.879239 0.980194 0.013149 0.013204
1 0.916263 0.018486 0.011073 0.017606
1 0.813841 0.144806 0.013841 0.013204
1 0.131142 0.394806 0.015917 0.020246
1 0.172318 0.275968 0.005536 0.009683
1 0.546021 0.378961 0.016609 0.018486
1 0.447405 0.510123 0.014533 0.020246
2 0.802768 0.432218 0.015225 0.019366
2 0.920415 0.308979 0.022145 0.019366
2 0.674048 0.952025 0.024913 0.025528
