0 0.180505 0.821755 0.054152 0.060329
0 0.824910 0.770567 0.039711 0.034735
0 0.825812 0.797075 0.037906 0.029250
0 0.975632 0.668190 0.034296 0.060329
0 0.959386 0.689214 0.059567 0.054845
0 0.425090 0.330896 0.055957 0.062157
1 0.066787 0.033821 0.046931 0.038391
1 0.123646 0.073126 0.041516 0.032907
1 0.041516 0.094150 0.039711 0.031079
1 0.231949 0.089580 0.034296 0.032907
1 0.277076 0.071298 0.030686 0.032907
1 0.322202 0.090494 0.034296 0.038391
1 0.235560 0.138940 0.041516 0.036563
1 0.203971 0.173675 0.036101 0.032907
1 0.287004 0.148995 0.025271 0.027422
1 0.705776 0.736746 0.036101 0.029250
1 0.742780 0.713894 0.030686 0.034735
1 0.714801 0.684644 0.043321 0.031079
1 0.722022 0.653565 0.036101 0.027422
1 0.763538 0.596892 0.025271 0.031079
1 0.848375 0.707495 0.039711 0.036563
1 0.805957 0.684644 0.034296 0.034735
1 0.781588 0.745887 0.039711 0.032907
1 0.879964 0.808044 0.034296 0.029250
1 0.867329 0.789762 0.030686 0.032907
1 0.683213 0.817185 0.037906 0.029250
1 0.696751 0.781536 0.028881 0.042048
1 0.731047 0.835466 0.036101 0.040219
1 0.637184 0.813528 0.036101 0.032907
1 0.657040 0.725777 0.032491 0.040219
1 0.673285 0.641682 0.043321 0.032907
1 0.709386 0.597806 0.032491 0.032907
1 0.645307 0.678245 0.052347 0.032907
1 0.450361 0.678245 0.034296 0.032907
1 0.500000 0.718464 0.032491 0.036563
1 0.481047 0.755027 0.045126 0.032907
1 0.435921 0.734918 0.030686 0.032907
1 0.410650 0.761426 0.030686 0.034735
1 0.336643 0.744059 0.034296 0.029250
1 0.359206 0.760512 0.036101 0.032907
1 0.423285 0.804388 0.034296 0.032907
1 0.445848 0.380256 0.046931 0.032907
1 0.481949 0.398537 0.036101 0.032907
1 0.531588 0.392139 0.037906 0.027422
1 0.518051 0.425960 0.036101 0.032907
1 0.555957 0.478976 0.036101 0.036563
1 0.604693 0.464351 0.032491 0.051188
1 0.645307 0.466179 0.027076 0.036563
1 0.529783 0.499086 0.027076 0.032907
1 0.612816 0.407678 0.034296 0.025594
1 0.638087 0.419561 0.030686 0.034735
1 0.629964 0.368373 0.032491 0.034735
1 0.593863 0.349177 0.032491 0.032907
1 0.550542 0.357404 0.039711 0.027422
1 0.426895 0.461609 0.030686 0.038391
1 0.414260 0.424132 0.037906 0.036563
1 0.357401 0.466179 0.039711 0.032907
1 0.343863 0.405850 0.037906 0.029250
1 0.378159 0.396709 0.034296 0.032907
1 0.383574 0.537477 0.034296 0.029250
1 0.422383 0.531079 0.032491 0.038391
1 0.502708 0.464351 0.030686 0.032907
1 0.481047 0.437843 0.027076 0.031079
1 0.525271 0.577697 0.028881 0.036563
1 0.505415 0.557587 0.028881 0.032907
1 0.548736 0.569470 0.028881 0.034735
1 0.591155 0.589580 0.034296 0.034735
1 0.700361 0.524680 0.036101 0.036563
1 0.733755 0.494516 0.037906 0.031079
1 0.659747 0.521938 0.030686 0.031079
1 0.671480 0.567642 0.028881 0.034735
1 0.630866 0.577697 0.030686 0.029250
1 0.648917 0.616088 0.023466 0.025594
1 0.623646 0.614260 0.027076 0.025594
1 0.737365 0.559415 0.027076 0.032907
1 0.708484 0.565814 0.030686 0.031079
1 0.389892 0.633455 0.036101 0.034735
1 0.435018 0.606947 0.043321 0.029250
1 0.466606 0.574040 0.037906 0.036563
1 0.490975 0.601463 0.036101 0.025594
1 0.531588 0.622486 0.041516 0.027422
1 0.555054 0.648995 0.034296 0.025594
1 0.489170 0.648080 0.039711 0.031079
1 0.407942 0.662706 0.039711 0.034735
1 0.368231 0.584095 0.039711 0.027422
1 0.324910 0.588665 0.032491 0.032907
1 0.330325 0.545704 0.032491 0.031079
1 0.338448 0.520110 0.023466 0.023766
1 0.301444 0.504570 0.036101 0.032907
1 0.285199 0.531079 0.032491 0.031079
1 0.287004 0.566728 0.032491 0.021938
1 0.250903 0.535649 0.025271 0.029250
1 0.222924 0.633455 0.037906 0.031079
1 0.230144 0.600548 0.030686 0.031079
1 0.279783 0.598720 0.036101 0.027422
1 0.270758 0.648080 0.036101 0.034735
1 0.313177 0.661792 0.037906 0.029250
1 0.276173 0.276965 0.032491 0.034735
1 0.287906 0.212980 0.030686 0.034735
1 0.325812 0.254113 0.037906 0.029250
1 0.363718 0.274223 0.030686 0.036563
1 0.327617 0.330896 0.034296 0.040219
1 0.323105 0.298903 0.036101 0.031079
1 0.289711 0.319927 0.027076 0.040219
1 0.345668 0.213894 0.019856 0.029250
1 0.418773 0.245887 0.036101 0.034735
1 0.454874 0.214808 0.046931 0.034735
1 0.442238 0.170932 0.036101 0.031079
1 0.463899 0.128885 0.036101 0.034735
1 0.240975 0.416819 0.027076 0.036563
1 0.274368 0.423218 0.036101 0.031079
1 0.245487 0.457038 0.036101 0.029250
1 0.223827 0.491773 0.032491 0.040219
1 0.189531 0.521938 0.032491 0.034735
1 0.182310 0.484461 0.032491 0.032907
1 0.193141 0.448812 0.036101 0.023766
1 0.153430 0.522852 0.036101 0.029250
1 0.161552 0.582267 0.045126 0.031079
1 0.169675 0.607861 0.039711 0.027422
1 0.121841 0.604205 0.037906 0.031079
1 0.134477 0.657221 0.037906 0.031079
1 0.081227 0.580439 0.032491 0.034735
1 0.104693 0.544790 0.036101 0.032907
1 0.096570 0.504570 0.034296 0.032907
1 0.120939 0.478062 0.032491 0.034735
1 0.144404 0.453382 0.039711 0.032907
1 0.170578 0.401280 0.030686 0.020110
1 0.515343 0.173675 0.037906 0.029250
1 0.529783 0.141682 0.041516 0.031079
1 0.560469 0.133455 0.041516 0.054845
1 0.593863 0.157221 0.032491 0.032907
1 0.620939 0.135283 0.028881 0.032907
1 0.649819 0.166362 0.039711 0.032907
1 0.676895 0.201097 0.032491 0.036563
1 0.712094 0.231261 0.034296 0.031079
1 0.737365 0.197441 0.037906 0.040219
1 0.579422 0.228519 0.039711 0.032907
1 0.565884 0.187386 0.034296 0.034735
1 0.639892 0.233090 0.041516 0.023766
1 0.644404 0.265082 0.039711 0.032907
1 0.675993 0.308044 0.030686 0.031079
1 0.696751 0.267824 0.036101 0.031079
1 0.748195 0.253199 0.034296 0.038391
1 0.542419 0.245887 0.030686 0.038391
1 0.515343 0.206581 0.045126 0.032907
1 0.495487 0.251371 0.037906 0.038391
1 0.524368 0.301645 0.030686 0.029250
1 0.571300 0.300731 0.034296 0.031079
1 0.558664 0.272395 0.037906 0.021938
1 0.621841 0.295247 0.034296 0.031079
1 0.079422 0.179159 0.046931 0.036563
1 0.128159 0.200183 0.028881 0.023766
1 0.149819 0.239488 0.039711 0.040219
1 0.206679 0.257770 0.037906 0.032907
1 0.217509 0.212980 0.041516 0.034735
1 0.129964 0.279707 0.036101 0.036563
1 0.177798 0.311700 0.030686 0.045704
1 0.211191 0.319013 0.043321 0.042048
1 0.147112 0.354662 0.041516 0.025594
1 0.211191 0.367459 0.043321 0.032907
1 0.080325 0.282450 0.034296 0.042048
1 0.102888 0.243144 0.028881 0.036563
1 0.082130 0.221207 0.034296 0.032907
1 0.046931 0.255941 0.039711 0.036563
1 0.037906 0.305302 0.039711 0.032907
1 0.019856 0.399452 0.039711 0.027422
1 0.055957 0.435101 0.032491 0.036563
1 0.019856 0.457952 0.032491 0.038391
1 0.030686 0.509141 0.036101 0.034735
1 0.126354 0.317185 0.032491 0.027422
1 0.037906 0.219378 0.036101 0.029250
1 0.025271 0.183729 0.036101 0.034735
1 0.106498 0.141682 0.032491 0.038391
1 0.160650 0.151737 0.028881 0.047532
1 0.255415 0.256856 0.037906 0.027422
1 0.361011 0.358318 0.039711 0.032907
1 0.491877 0.347349 0.037906 0.036563
1 0.486462 0.312614 0.034296 0.036563
1 0.458484 0.276965 0.032491 0.034735
1 0.564982 0.415905 0.028881 0.045704
1 0.676895 0.430530 0.032491 0.042048
1 0.712094 0.396709 0.034296 0.032907
1 0.742780 0.357404 0.041516 0.034735
1 0.665162 0.340951 0.041516 0.031079
1 0.413357 0.278793 0.036101 0.027422
1 0.762635 0.102377 0.037906 0.036563
1 0.796931 0.064899 0.034296 0.038391
1 0.811372 0.102377 0.034296 0.029250
1 0.825812 0.031993 0.030686 0.031079
1 0.833935 0.066728 0.028881 0.038391
1 0.870939 0.014625 0.034296 0.029250
1 0.879061 0.075868 0.028881 0.031079
1 0.876354 0.116088 0.030686 0.027422
1 0.868231 0.205667 0.032491 0.034735
1 0.849278 0.174589 0.027076 0.031079
1 0.814079 0.186472 0.039711 0.029250
1 0.975632 0.098720 0.041516 0.032907
1 0.960289 0.156307 0.043321 0.034735
1 0.932310 0.215722 0.041516 0.029250
1 0.889892 0.242230 0.032491 0.038391
1 0.907040 0.289762 0.041516 0.038391
1 0.821300 0.249543 0.036101 0.031079
1 0.783394 0.236746 0.032491 0.031079
1 0.802347 0.282450 0.034296 0.027422
1 0.826715 0.313528 0.028881 0.031079
1 0.849278 0.272395 0.023466 0.032907
1 0.778881 0.317185 0.034296 0.034735
1 0.791516 0.354662 0.027076 0.036563
1 0.870036 0.329068 0.036101 0.036563
1 0.937726 0.273309 0.030686 0.027422
1 0.706679 0.146252 0.034296 0.036563
1 0.687726 0.095978 0.032491 0.027422
1 0.648917 0.089580 0.027076 0.036563
1 0.448556 0.055759 0.034296 0.038391
1 0.435921 0.088665 0.041516 0.034735
1 0.390794 0.118830 0.030686 0.032907
1 0.425090 0.134369 0.027076 0.031079
1 0.409747 0.177331 0.021661 0.036563
1 0.381769 0.156307 0.034296 0.038391
1 0.333032 0.128885 0.045126 0.034735
1 0.324007 0.169104 0.037906 0.038391
1 0.590253 0.082267 0.028881 0.040219
1 0.615523 0.096892 0.028881 0.040219
1 0.561372 0.086837 0.025271 0.038391
1 0.521661 0.110603 0.036101 0.031079
1 0.518051 0.073126 0.036101 0.040219
1 0.613718 0.043876 0.039711 0.036563
1 0.692238 0.035649 0.055957 0.049360
1 0.751805 0.031993 0.041516 0.042048
1 0.495487 0.015539 0.034296 0.031079
1 0.551444 0.010055 0.037906 0.020110
1 0.388087 0.070384 0.036101 0.034735
1 0.406137 0.039305 0.036101 0.034735
1 0.366426 0.014625 0.032491 0.029250
1 0.320397 0.035649 0.030686 0.038391
1 0.240975 0.049360 0.048736 0.043876
1 0.212996 0.033821 0.028881 0.031079
1 0.175090 0.734004 0.061372 0.034735
1 0.227437 0.723949 0.025271 0.029250
1 0.186823 0.691042 0.037906 0.040219
1 0.288809 0.697441 0.032491 0.042048
1 0.339350 0.705667 0.043321 0.040219
1 0.257220 0.783364 0.034296 0.031079
1 0.347473 0.803473 0.037906 0.038391
1 0.381769 0.817185 0.027076 0.029250
1 0.393502 0.842779 0.032491 0.032907
1 0.433213 0.875686 0.043321 0.032907
1 0.482852 0.797989 0.034296 0.023766
1 0.541516 0.766910 0.039711 0.023766
1 0.228339 0.841865 0.045126 0.053016
1 0.279783 0.877514 0.032491 0.036563
1 0.206679 0.887569 0.041516 0.038391
1 0.068592 0.869287 0.032491 0.031079
1 0.085740 0.717550 0.027076 0.038391
1 0.101986 0.670932 0.034296 0.029250
1 0.025271 0.709324 0.036101 0.047532
1 0.034296 0.648995 0.036101 0.036563
1 0.154332 0.422303 0.034296 0.021938
1 0.027076 0.603291 0.043321 0.036563
1 0.050542 0.780622 0.039711 0.036563
1 0.026173 0.945155 0.041516 0.036563
1 0.222924 0.955210 0.030686 0.034735
1 0.250903 0.905850 0.036101 0.034735
1 0.301444 0.912249 0.061372 0.029250
1 0.325812 0.881170 0.037906 0.029250
1 0.377256 0.870201 0.032491 0.032907
1 0.481949 0.881170 0.043321 0.032907
1 0.500000 0.822669 0.036101 0.029250
1 0.466606 0.835466 0.030686 0.025594
1 0.568592 0.870201 0.032491 0.036563
1 0.598375 0.842779 0.030686 0.029250
1 0.642599 0.867459 0.039711 0.031079
1 0.680505 0.850091 0.039711 0.032907
1 0.527978 0.910420 0.045126 0.032907
1 0.546029 0.957952 0.041516 0.032907
1 0.499097 0.939671 0.041516 0.029250
1 0.640794 0.914991 0.036101 0.034735
1 0.597473 0.907678 0.036101 0.034735
1 0.594765 0.706581 0.037906 0.031079
1 0.543321 0.686472 0.046931 0.031079
1 0.779783 0.860146 0.036101 0.031079
1 0.820397 0.844607 0.030686 0.036563
1 0.853791 0.827239 0.028881 0.034735
1 0.868231 0.859232 0.028881 0.036563
1 0.917870 0.881170 0.034296 0.036563
1 0.872744 0.898537 0.030686 0.031079
1 0.837545 0.927788 0.039711 0.031079
1 0.782491 0.895795 0.037906 0.036563
1 0.747292 0.903108 0.036101 0.047532
1 0.681408 0.930530 0.037906 0.036563
1 0.710289 0.955210 0.037906 0.023766
1 0.733755 0.981718 0.037906 0.032907
1 0.766245 0.972578 0.027076 0.029250
1 0.818592 0.987203 0.037906 0.025594
1 0.834838 0.586837 0.034296 0.036563
1 0.859206 0.551188 0.036101 0.038391
1 0.910650 0.575868 0.023466 0.051188
1 0.944043 0.552102 0.028881 0.043876
1 0.954874 0.521938 0.025271 0.038391
1 0.982852 0.457952 0.034296 0.038391
1 0.924188 0.460695 0.028881 0.047532
1 0.944043 0.323583 0.032491 0.036563
1 0.985560 0.312614 0.025271 0.036563
1 0.983755 0.270567 0.028881 0.036563
1 0.990072 0.228519 0.016245 0.029250
1 0.914260 0.365631 0.037906 0.032907
1 0.946751 0.383912 0.030686 0.036563
1 0.912455 0.423218 0.027076 0.034735
1 0.876354 0.417733 0.027076 0.031079
1 0.874549 0.376600 0.027076 0.029250
1 0.835740 0.399452 0.021661 0.034735
1 0.847473 0.469835 0.030686 0.032907
1 0.853791 0.439671 0.032491 0.031079
1 0.796931 0.428702 0.030686 0.034735
1 0.762635 0.403108 0.034296 0.034735
1 0.764440 0.456124 0.030686 0.034735
1 0.715704 0.441499 0.034296 0.038391
1 0.862816 0.510055 0.021661 0.029250
1 0.829422 0.510969 0.030686 0.034735
1 0.755415 0.521938 0.041516 0.034735
1 0.780686 0.562157 0.034296 0.038391
1 0.804152 0.555759 0.030686 0.036563
1 0.808664 0.605119 0.032491 0.036563
1 0.823105 0.645338 0.039711 0.032907
1 0.852888 0.627971 0.023466 0.034735
1 0.901625 0.963437 0.041516 0.029250
1 0.965704 0.864717 0.032491 0.032907
1 0.981047 0.916819 0.030686 0.034735
1 0.982852 0.827239 0.034296 0.031079
1 0.959386 0.731261 0.041516 0.029250
1 0.961191 0.802559 0.023466 0.021938
1 0.944043 0.771481 0.028881 0.025594
1 0.407040 0.922303 0.034296 0.023766
1 0.393502 0.943327 0.028881 0.021938
1 0.369134 0.968921 0.030686 0.032907
1 0.314982 0.976234 0.030686 0.029250
1 0.320397 0.944241 0.027076 0.020110
1 0.907942 0.764168 0.018051 0.025594
1 0.911552 0.792505 0.025271 0.027422
1 0.780686 0.770567 0.023466 0.016453
1 0.768953 0.801645 0.039711 0.027422
1 0.809567 0.955210 0.027076 0.023766
1 0.854693 0.968921 0.023466 0.021938
1 0.944946 0.965265 0.034296 0.043876
1 0.929603 0.934186 0.025271 0.018282
1 0.885379 0.925960 0.019856 0.020110
1 0.829422 0.894881 0.027076 0.023766
1 0.951264 0.631627 0.032491 0.034735
1 0.405235 0.706581 0.034296 0.038391
1 0.420578 0.576782 0.032491 0.031079
1 0.355596 0.615174 0.028881 0.031079
1 0.364621 0.671846 0.028881 0.023766
1 0.261733 0.375686 0.039711 0.063985
1 0.803249 0.394881 0.036101 0.032907
1 0.940433 0.591408 0.032491 0.027422
1 0.224729 0.764168 0.034296 0.029250
1 0.219314 0.700183 0.030686 0.029250
1 0.213899 0.677331 0.030686 0.020110
1 0.156137 0.984461 0.027076 0.031079
1 0.160650 0.945155 0.032491 0.043876
1 0.586643 0.750457 0.054152 0.053016
1 0.799639 0.474406 0.043321 0.067642
1 0.537004 0.870201 0.027076 0.029250
1 0.598375 0.953382 0.034296 0.023766
1 0.606498 0.980804 0.039711 0.023766
1 0.256318 0.201097 0.025271 0.032907
1 0.285199 0.244059 0.028881 0.031079
1 0.234657 0.173675 0.025271 0.025594
1 0.290614 0.105119 0.028881 0.034735
1 0.751805 0.159049 0.045126 0.040219
1 0.905235 0.184644 0.027076 0.032907
1 0.728339 0.293419 0.023466 0.042048
1 0.680505 0.379342 0.036101 0.034735
1 0.703971 0.178245 0.028881 0.031079
1 0.610108 0.191956 0.028881 0.029250
1 0.711191 0.624314 0.032491 0.023766
1 0.481047 0.690128 0.027076 0.023766
1 0.341155 0.832724 0.032491 0.023766
1 0.462094 0.778793 0.028881 0.036563
1 0.685921 0.703839 0.021661 0.032907
