0 0.229206 0.144490 0.020638 0.029388
0 0.247967 0.133878 0.019387 0.024490
0 0.235460 0.186122 0.018136 0.021224
0 0.260163 0.176735 0.020013 0.026939
0 0.257348 0.206939 0.016886 0.025306
0 0.234522 0.211429 0.021263 0.022857
0 0.276110 0.112245 0.019387 0.022041
0 0.284553 0.146939 0.018762 0.022857
0 0.313946 0.088980 0.021263 0.019592
0 0.316135 0.160408 0.019387 0.025306
0 0.338649 0.097143 0.021889 0.019592
0 0.340525 0.119184 0.019387 0.019592
0 0.348968 0.141224 0.020013 0.021224
0 0.341151 0.173061 0.020638 0.021224
0 0.765791 0.122041 0.015635 0.023673
0 0.736710 0.155918 0.020013 0.026122
0 0.714196 0.132245 0.020013 0.026122
0 0.699812 0.185306 0.017511 0.027755
0 0.685116 0.239592 0.018136 0.023673
0 0.715447 0.221633 0.018762 0.022041
0 0.735772 0.224490 0.014384 0.024490
0 0.735772 0.248571 0.018136 0.025306
0 0.747342 0.137959 0.015009 0.021224
0 0.753909 0.214286 0.018136 0.020408
0 0.784240 0.198776 0.018762 0.025306
0 0.772358 0.162857 0.018762 0.023673
0 0.781113 0.143673 0.017511 0.022857
0 0.772045 0.255102 0.018136 0.023673
0 0.791745 0.247347 0.018762 0.027755
0 0.800813 0.222041 0.020638 0.024490
0 0.766729 0.277551 0.016260 0.021224
0 0.734522 0.291429 0.019387 0.021224
0 0.717011 0.269388 0.019387 0.026122
0 0.641964 0.263673 0.018136 0.024490
0 0.646029 0.288980 0.020013 0.022857
0 0.665729 0.329388 0.020638 0.022041
0 0.636961 0.173878 0.018136 0.019592
0 0.657911 0.177959 0.020013 0.021224
0 0.542527 0.180000 0.020638 0.020408
0 0.555034 0.214286 0.023139 0.018776
0 0.571920 0.259184 0.018136 0.025306
0 0.536273 0.233878 0.018136 0.020408
0 0.532520 0.267347 0.019387 0.018776
0 0.568793 0.299592 0.015635 0.022857
0 0.689493 0.297143 0.018136 0.022857
0 0.687617 0.270204 0.021889 0.021224
0 0.697936 0.342449 0.017511 0.022041
0 0.666667 0.102449 0.021263 0.017143
0 0.700125 0.146939 0.019387 0.017959
0 0.530957 0.132653 0.020013 0.020408
0 0.541901 0.154286 0.021889 0.017959
0 0.580675 0.221224 0.014384 0.027755
0 0.583802 0.176735 0.018136 0.020408
0 0.572545 0.194286 0.019387 0.019592
0 0.746404 0.100408 0.016886 0.019592
0 0.729518 0.103265 0.016886 0.025306
0 0.719199 0.097551 0.016260 0.022041
0 0.692933 0.122449 0.016260 0.019592
0 0.585679 0.433061 0.014384 0.022041
0 0.596310 0.457551 0.016886 0.022041
0 0.613508 0.470612 0.021263 0.020408
0 0.595685 0.502041 0.018136 0.026122
0 0.613508 0.417551 0.020013 0.023673
0 0.632270 0.431429 0.016260 0.028571
0 0.612883 0.386122 0.018762 0.019592
0 0.634459 0.392653 0.013133 0.022857
0 0.590056 0.335102 0.021889 0.022041
0 0.590369 0.364898 0.020013 0.019592
0 0.611632 0.314286 0.018762 0.019592
0 0.602564 0.268980 0.018136 0.028571
0 0.623515 0.261633 0.015009 0.022041
0 0.611632 0.218776 0.020013 0.019592
0 0.582864 0.139184 0.018762 0.020408
0 0.607567 0.166122 0.019387 0.020408
0 0.476861 0.122041 0.021889 0.018776
0 0.511257 0.182857 0.021889 0.017959
0 0.442151 0.208571 0.017511 0.023673
0 0.474359 0.258367 0.015635 0.020408
0 0.455910 0.325306 0.016260 0.020408
0 0.451220 0.362041 0.021889 0.020408
0 0.476548 0.348163 0.018762 0.018776
0 0.498749 0.278367 0.016886 0.021224
0 0.513133 0.248571 0.019387 0.023673
0 0.487179 0.249796 0.016260 0.022857
0 0.542527 0.298367 0.020638 0.023673
0 0.563790 0.340000 0.018136 0.022041
0 0.534084 0.340000 0.021263 0.020408
0 0.487492 0.408980 0.019387 0.026122
0 0.504690 0.360816 0.017511 0.024490
0 0.335522 0.299592 0.016886 0.022857
0 0.377736 0.314286 0.016260 0.017959
0 0.380550 0.293061 0.015635 0.019592
0 0.373046 0.257143 0.016886 0.022857
0 0.343965 0.222857 0.016260 0.022857
0 0.367730 0.220000 0.015009 0.020408
0 0.389306 0.235918 0.018136 0.021224
0 0.412758 0.147347 0.020013 0.018776
0 0.423390 0.169796 0.016260 0.022857
0 0.433709 0.121633 0.016886 0.022857
0 0.461851 0.149796 0.021889 0.020408
0 0.372420 0.165306 0.018136 0.020408
0 0.894309 0.410612 0.017511 0.026122
0 0.925266 0.420816 0.018136 0.025306
0 0.921513 0.460000 0.019387 0.023673
0 0.929644 0.494286 0.020638 0.020408
0 0.845528 0.554694 0.022514 0.022041
0 0.897436 0.540000 0.017511 0.018776
0 0.900250 0.580816 0.020638 0.022041
0 0.851782 0.637143 0.020013 0.020408
0 0.858036 0.660816 0.020013 0.022041
0 0.809256 0.685714 0.018762 0.021224
0 0.817073 0.639184 0.018136 0.026122
0 0.832708 0.669388 0.018136 0.021224
0 0.832395 0.698776 0.018762 0.021224
0 0.831770 0.728980 0.020013 0.022857
0 0.929018 0.595102 0.018136 0.026122
0 0.930582 0.623673 0.017511 0.024490
0 0.950281 0.641633 0.018136 0.026122
0 0.916823 0.555918 0.016260 0.024490
0 0.937461 0.557143 0.018762 0.025306
0 0.953408 0.573878 0.016886 0.022857
0 0.941213 0.682857 0.021263 0.025306
0 0.904941 0.759184 0.016260 0.027755
0 0.815822 0.764898 0.021889 0.024490
0 0.844903 0.774694 0.023765 0.024490
0 0.790494 0.769388 0.021263 0.025306
0 0.792996 0.715918 0.021263 0.022857
0 0.853659 0.746122 0.020013 0.021224
0 0.712008 0.601224 0.019387 0.017143
0 0.712633 0.661633 0.019387 0.025306
0 0.726704 0.684490 0.022514 0.025306
0 0.741401 0.658776 0.020638 0.021224
0 0.736398 0.615918 0.021889 0.023673
0 0.748593 0.631020 0.025016 0.019592
0 0.734209 0.585714 0.015009 0.020408
0 0.680113 0.709796 0.020638 0.025306
0 0.668543 0.751837 0.020013 0.024490
0 0.653846 0.797959 0.024390 0.026939
0 0.656348 0.774286 0.020638 0.017143
0 0.788305 0.693878 0.016886 0.024490
0 0.771107 0.731837 0.018762 0.022041
0 0.700125 0.723673 0.019387 0.025306
0 0.723577 0.765306 0.018762 0.026939
0 0.746091 0.771020 0.021263 0.023673
0 0.784553 0.795510 0.023139 0.020408
0 0.795497 0.817551 0.025016 0.022041
0 0.809881 0.793061 0.020013 0.025306
0 0.880550 0.705714 0.020013 0.023673
0 0.890869 0.729388 0.019387 0.022041
0 0.675422 0.846939 0.021263 0.023673
0 0.685741 0.889388 0.020638 0.022041
0 0.709506 0.873061 0.020638 0.022041
0 0.668543 0.870612 0.021263 0.020408
0 0.641338 0.869796 0.023139 0.026939
0 0.617886 0.906939 0.022514 0.021224
0 0.601001 0.873878 0.020013 0.022041
0 0.639775 0.899184 0.017511 0.022041
0 0.749218 0.715102 0.020013 0.026122
0 0.570044 0.885306 0.023139 0.026939
0 0.579112 0.905306 0.020013 0.024490
0 0.594121 0.924082 0.021263 0.026122
0 0.567855 0.847347 0.025016 0.027755
0 0.797061 0.742449 0.020638 0.018776
0 0.662914 0.891429 0.023765 0.022857
0 0.654784 0.855510 0.018762 0.019592
0 0.636023 0.818367 0.018762 0.025306
0 0.764540 0.826122 0.020638 0.022857
0 0.769231 0.863265 0.021263 0.018776
0 0.771107 0.652245 0.018762 0.024490
0 0.790807 0.573061 0.019387 0.024490
0 0.816135 0.568163 0.020013 0.022857
0 0.836148 0.579592 0.017511 0.026122
0 0.910882 0.398367 0.018136 0.024490
0 0.932145 0.397959 0.019387 0.025306
0 0.890557 0.451429 0.015009 0.021224
0 0.899625 0.689388 0.015635 0.028571
0 0.542839 0.622449 0.018762 0.025306
0 0.573483 0.652245 0.026266 0.022857
0 0.574109 0.617551 0.017511 0.023673
0 0.556911 0.593469 0.020638 0.027755
0 0.532208 0.570612 0.020013 0.024490
0 0.526266 0.597551 0.019387 0.024490
0 0.520325 0.680816 0.021263 0.021224
0 0.592871 0.569796 0.017511 0.026122
0 0.597248 0.607347 0.022514 0.017959
0 0.616323 0.587755 0.015635 0.024490
0 0.617261 0.559184 0.016260 0.021224
0 0.637273 0.490612 0.020013 0.026122
0 0.644465 0.464490 0.018136 0.017959
0 0.630707 0.513061 0.020638 0.023673
0 0.719512 0.353469 0.019387 0.017959
0 0.743902 0.360408 0.018136 0.018776
0 0.420575 0.280816 0.016886 0.024490
0 0.414009 0.318367 0.020013 0.017959
0 0.426204 0.341633 0.019387 0.022041
0 0.419325 0.371020 0.020638 0.022041
0 0.443402 0.388980 0.018762 0.022041
0 0.437774 0.428571 0.018762 0.024490
0 0.518449 0.393061 0.016260 0.025306
0 0.522827 0.379592 0.022514 0.021224
0 0.546904 0.394286 0.020638 0.026122
0 0.516260 0.424082 0.020638 0.020408
0 0.566291 0.457143 0.018136 0.026122
0 0.572233 0.511429 0.018762 0.025306
0 0.479675 0.313878 0.020013 0.023673
0 0.498437 0.332245 0.013759 0.022857
0 0.508443 0.317143 0.022514 0.018776
0 0.280488 0.199592 0.018136 0.022041
0 0.272358 0.223673 0.019387 0.019592
0 0.253909 0.262449 0.018762 0.022041
0 0.290181 0.262449 0.016260 0.026939
0 0.295184 0.215102 0.016260 0.026939
0 0.313946 0.271020 0.017511 0.022857
0 0.148218 0.323265 0.021263 0.026122
0 0.154159 0.351020 0.015635 0.021224
0 0.153846 0.380000 0.021263 0.022041
0 0.151345 0.408163 0.020013 0.021224
0 0.165103 0.431837 0.021263 0.024490
0 0.181676 0.345714 0.019387 0.022041
0 0.195435 0.359592 0.018136 0.020408
0 0.208881 0.413061 0.023765 0.027755
0 0.186992 0.425714 0.015009 0.025306
0 0.203252 0.326531 0.022514 0.027755
0 0.221076 0.309796 0.021889 0.020408
0 0.242652 0.346531 0.020013 0.023673
0 0.239525 0.317959 0.021263 0.022041
0 0.256410 0.369388 0.021263 0.022041
0 0.253596 0.285306 0.021889 0.022041
0 0.267980 0.306939 0.021889 0.021224
0 0.277986 0.331837 0.014384 0.017143
0 0.302689 0.325306 0.017511 0.026939
0 0.312070 0.373469 0.021263 0.025306
0 0.286116 0.386939 0.021889 0.017959
0 0.263602 0.400816 0.019387 0.022857
0 0.290807 0.354694 0.020013 0.026939
0 0.395872 0.481224 0.020013 0.025306
0 0.423702 0.475510 0.019387 0.025306
0 0.396185 0.545306 0.018136 0.024490
0 0.455597 0.517143 0.021889 0.022041
0 0.450907 0.464082 0.018762 0.020408
0 0.481238 0.508980 0.018136 0.028571
0 0.475297 0.470612 0.018762 0.023673
0 0.490619 0.638367 0.019387 0.022857
0 0.497811 0.665714 0.017511 0.023673
0 0.525641 0.532245 0.016886 0.022857
0 0.549406 0.436735 0.018136 0.027755
0 0.662602 0.262449 0.018136 0.023673
0 0.670106 0.288163 0.018136 0.022857
0 0.730769 0.182857 0.015635 0.024490
0 0.396811 0.363265 0.019387 0.027755
0 0.217636 0.229796 0.015009 0.020408
0 0.185428 0.267347 0.016886 0.022041
0 0.083802 0.389796 0.018762 0.025306
0 0.095059 0.430204 0.021263 0.026122
0 0.103502 0.392653 0.019387 0.019592
0 0.065041 0.472245 0.016260 0.025306
0 0.058474 0.498776 0.016886 0.019592
0 0.035022 0.485714 0.016260 0.024490
0 0.052533 0.446531 0.017511 0.019592
0 0.027205 0.465714 0.011882 0.023673
0 0.032833 0.441633 0.013133 0.022857
0 0.037211 0.419592 0.013133 0.021224
0 0.119137 0.505306 0.020638 0.022857
0 0.100063 0.517143 0.016260 0.022041
0 0.081301 0.505714 0.016260 0.018776
0 0.100063 0.488571 0.016260 0.022041
0 0.074109 0.437143 0.018136 0.022041
0 0.119137 0.549388 0.021889 0.021224
0 0.105691 0.569796 0.025016 0.021224
0 0.111632 0.587755 0.020638 0.022857
0 0.080050 0.554286 0.018762 0.019592
0 0.140088 0.583265 0.020013 0.025306
0 0.170106 0.568163 0.017511 0.021224
0 0.172295 0.594694 0.014384 0.025306
0 0.130394 0.522041 0.024390 0.018776
0 0.156973 0.539592 0.020013 0.021224
0 0.372733 0.550204 0.018762 0.024490
0 0.379612 0.576735 0.017511 0.022041
0 0.384615 0.601224 0.018762 0.022041
0 0.393371 0.665306 0.018762 0.019592
0 0.357098 0.654286 0.017511 0.020408
0 0.449969 0.541633 0.021889 0.025306
0 0.467480 0.644490 0.020638 0.025306
0 0.698562 0.620816 0.017511 0.018776
0 0.501251 0.707347 0.015635 0.020408
0 0.502502 0.730204 0.016886 0.015510
0 0.517824 0.740408 0.018762 0.017959
0 0.558161 0.714694 0.016886 0.023673
0 0.444028 0.791837 0.021263 0.021224
0 0.447467 0.766531 0.019387 0.021224
0 0.458724 0.736327 0.016886 0.019592
0 0.468418 0.771837 0.021263 0.022041
0 0.369293 0.729388 0.021889 0.022041
0 0.418386 0.726531 0.017511 0.019592
0 0.407755 0.582857 0.020013 0.021224
0 0.404941 0.613469 0.019387 0.022041
0 0.421826 0.598776 0.016886 0.020408
0 0.434959 0.617959 0.015635 0.019592
0 0.331144 0.620408 0.018136 0.024490
0 0.311445 0.639592 0.016260 0.025306
0 0.358349 0.604898 0.018762 0.022857
0 0.269231 0.629796 0.015635 0.020408
0 0.272670 0.683265 0.016260 0.021224
0 0.191995 0.642449 0.021263 0.022857
0 0.207630 0.619592 0.023765 0.021224
0 0.212633 0.656327 0.018762 0.021224
0 0.214822 0.568571 0.023139 0.023673
0 0.217011 0.519592 0.016260 0.028571
0 0.218887 0.547347 0.018762 0.015510
0 0.289869 0.545714 0.018136 0.018776
0 0.300500 0.618367 0.018136 0.022041
0 0.328643 0.526531 0.019387 0.021224
0 0.332083 0.654286 0.017511 0.022041
0 0.310507 0.675918 0.018136 0.024490
0 0.330206 0.717551 0.018762 0.021224
0 0.344278 0.685306 0.019387 0.022041
0 0.382114 0.696327 0.017511 0.021224
0 0.262039 0.734286 0.016260 0.022041
0 0.268605 0.826122 0.016886 0.024490
0 0.277674 0.767755 0.017511 0.022041
0 0.293934 0.786531 0.018762 0.020408
0 0.293308 0.740000 0.016260 0.023673
0 0.187930 0.774286 0.018136 0.022041
0 0.199187 0.800816 0.016886 0.021224
0 0.158224 0.793878 0.021263 0.020408
0 0.195435 0.840408 0.016886 0.018776
0 0.207004 0.817959 0.016260 0.019592
0 0.172921 0.831429 0.016886 0.022041
0 0.189493 0.821224 0.015009 0.017959
0 0.181363 0.721224 0.016260 0.025306
0 0.203877 0.752653 0.013759 0.019592
0 0.213884 0.679184 0.017511 0.017959
0 0.215134 0.703265 0.018762 0.022041
0 0.220450 0.751429 0.015635 0.022041
0 0.224515 0.795918 0.017511 0.022857
0 0.225141 0.816327 0.015009 0.022857
0 0.614759 0.823673 0.016260 0.021224
0 0.622889 0.796735 0.018762 0.024490
0 0.600688 0.787755 0.016886 0.026122
0 0.619450 0.773469 0.019387 0.018776
0 0.509068 0.852245 0.016260 0.022857
0 0.507505 0.879184 0.018136 0.027755
0 0.545341 0.884490 0.018762 0.023673
0 0.539400 0.831020 0.016886 0.024490
0 0.552533 0.813061 0.020638 0.022857
0 0.472483 0.920816 0.020638 0.027755
0 0.452158 0.918776 0.018762 0.025306
0 0.483740 0.891429 0.020638 0.021224
0 0.464353 0.966531 0.019387 0.021224
0 0.462164 0.826939 0.021263 0.019592
0 0.477173 0.838367 0.021263 0.017959
0 0.487179 0.820000 0.021263 0.023673
0 0.489681 0.774286 0.017511 0.020408
0 0.477173 0.718776 0.023765 0.018776
0 0.353971 0.797551 0.018762 0.022857
0 0.350219 0.830204 0.020013 0.024490
0 0.444653 0.650612 0.016260 0.022857
0 0.456535 0.692653 0.013759 0.022041
0 0.401188 0.818776 0.019387 0.024490
0 0.415572 0.799592 0.020638 0.020408
0 0.424328 0.820000 0.018136 0.020408
0 0.441213 0.835510 0.018136 0.020408
0 0.423702 0.902857 0.020638 0.019592
0 0.362414 0.856327 0.023139 0.021224
0 0.387742 0.883265 0.027517 0.019592
0 0.395247 0.909796 0.020013 0.020408
0 0.373046 0.825714 0.018136 0.017143
0 0.380550 0.800000 0.021889 0.019592
0 0.397123 0.768571 0.018762 0.023673
0 0.280488 0.863265 0.020638 0.020408
0 0.292996 0.932245 0.019387 0.022857
0 0.280175 0.911020 0.018762 0.022857
0 0.328018 0.888980 0.021889 0.021224
0 0.351157 0.894694 0.019387 0.017959
0 0.349906 0.872653 0.018136 0.021224
0 0.379300 0.955510 0.025641 0.022041
0 0.385866 0.933878 0.021263 0.017959
0 0.515009 0.952653 0.019387 0.019592
0 0.504378 0.972245 0.015635 0.014694
0 0.485303 0.977143 0.020013 0.022857
0 0.499062 0.948571 0.015009 0.016327
0 0.715134 0.830204 0.020638 0.021224
0 0.881488 0.795918 0.018136 0.022857
0 0.879925 0.523265 0.018762 0.021224
0 0.949031 0.419184 0.014384 0.030204
0 0.949343 0.446939 0.013759 0.025306
0 0.651345 0.145714 0.014384 0.023673
0 0.514384 0.213061 0.016886 0.024490
0 0.511570 0.120000 0.020013 0.021224
0 0.332395 0.374694 0.015635 0.027755
0 0.355222 0.309796 0.018762 0.022041
0 0.369293 0.356735 0.015635 0.024490
0 0.354597 0.251429 0.016260 0.019592
0 0.091307 0.458367 0.016260 0.020408
0 0.136648 0.635510 0.019387 0.020408
0 0.141338 0.658367 0.016260 0.017143
0 0.144465 0.683265 0.020013 0.019592
0 0.095372 0.748571 0.015635 0.022857
0 0.105378 0.769796 0.014384 0.021224
0 0.104128 0.791429 0.014384 0.022041
0 0.130394 0.839592 0.020638 0.023673
0 0.133521 0.804490 0.019387 0.022041
0 0.130707 0.767755 0.016260 0.023673
0 0.089118 0.693878 0.016886 0.024490
0 0.105378 0.665306 0.018136 0.021224
0 0.090056 0.636735 0.013759 0.027755
0 0.172608 0.690204 0.017511 0.023673
0 0.162914 0.709388 0.016886 0.022857
0 0.160413 0.624898 0.018136 0.025306
0 0.147280 0.737551 0.019387 0.020408
0 0.166041 0.759184 0.019387 0.024490
0 0.241714 0.816327 0.015635 0.026122
0 0.222639 0.858367 0.022514 0.022041
0 0.208255 0.888571 0.020013 0.023673
0 0.251094 0.863673 0.021889 0.019592
0 0.245466 0.882449 0.019387 0.014694
0 0.303940 0.711837 0.017511 0.024490
0 0.288305 0.661224 0.017511 0.022857
0 0.341776 0.767755 0.018136 0.020408
0 0.222952 0.434286 0.018136 0.024490
0 0.239212 0.421633 0.016886 0.026939
0 0.166979 0.489388 0.018762 0.026939
0 0.182301 0.453878 0.021889 0.021224
0 0.302064 0.863265 0.016260 0.018776
0 0.289243 0.838776 0.015635 0.020408
0 0.429644 0.940000 0.020013 0.023673
0 0.433396 0.977551 0.021263 0.031837
0 0.445904 0.960000 0.017511 0.027755
0 0.857724 0.820000 0.019387 0.025306
0 0.759225 0.591020 0.017511 0.024490
0 0.597561 0.734694 0.016886 0.031020
0 0.588180 0.774286 0.015635 0.026939
0 0.570044 0.815510 0.013133 0.026122
0 0.394934 0.851020 0.016886 0.015510
0 0.373358 0.910612 0.016260 0.018776
0 0.236398 0.907755 0.018762 0.019592
0 0.233271 0.839592 0.017511 0.018776
0 0.245153 0.638776 0.013759 0.030204
0 0.252033 0.671837 0.015009 0.029388
0 0.346779 0.500000 0.018136 0.018776
0 0.274234 0.573469 0.015635 0.022041
0 0.494371 0.450612 0.015635 0.022857
0 0.524703 0.481224 0.015009 0.022041
0 0.690119 0.393061 0.016886 0.020408
0 0.660725 0.416327 0.015635 0.024490
0 0.644153 0.331837 0.015009 0.020408
0 0.652595 0.375510 0.015635 0.021224
0 0.714196 0.303673 0.015009 0.019592
0 0.555972 0.243265 0.016260 0.022857
0 0.312383 0.195510 0.018136 0.020408
0 0.322702 0.131837 0.015009 0.020408
0 0.204503 0.288980 0.012508 0.019592
0 0.256723 0.114286 0.015635 0.026122
0 0.288305 0.097959 0.023765 0.021224
0 0.419637 0.051837 0.018762 0.022041
0 0.434647 0.060000 0.016260 0.026939
0 0.389306 0.180000 0.015635 0.017143
0 0.550344 0.103265 0.017511 0.018776
0 0.555347 0.137143 0.020013 0.019592
0 0.568793 0.102041 0.016886 0.013061
0 0.363665 0.972245 0.025641 0.022857
0 0.342402 0.966939 0.019387 0.025306
0 0.460288 0.987755 0.022514 0.017959
0 0.499062 0.930204 0.025016 0.018776
0 0.906191 0.520816 0.022514 0.019592
0 0.931832 0.522857 0.018762 0.023673
0 0.902752 0.438776 0.019387 0.018776
0 0.639462 0.620408 0.013133 0.027755
0 0.595685 0.632245 0.020638 0.018776
0 0.563477 0.371429 0.015009 0.024490
0 0.588180 0.311020 0.016886 0.019592
0 0.579425 0.386939 0.015635 0.019592
0 0.453408 0.099592 0.018762 0.017959
0 0.490619 0.081224 0.018136 0.015510
0 0.508443 0.094694 0.021263 0.019592
0 0.613821 0.137143 0.015635 0.014694
0 0.366166 0.121633 0.020638 0.016327
0 0.691057 0.048163 0.020013 0.014694
0 0.767355 0.091020 0.022514 0.015510
0 0.671044 0.210204 0.017511 0.020408
0 0.693558 0.220408 0.016260 0.016327
0 0.717323 0.251429 0.018762 0.021224
0 0.761413 0.248980 0.016886 0.022857
0 0.779550 0.228571 0.016886 0.022857
0 0.834584 0.260816 0.021889 0.020408
0 0.813634 0.075918 0.017511 0.022857
0 0.790181 0.360000 0.014384 0.021224
0 0.811757 0.371020 0.022514 0.017143
0 0.779862 0.386122 0.021263 0.021224
0 0.797061 0.318367 0.019387 0.021224
0 0.768293 0.334286 0.011882 0.018776
0 0.852095 0.355102 0.043152 0.021224
0 0.667917 0.351020 0.025016 0.016327
0 0.591932 0.242041 0.013133 0.018776
0 0.599437 0.107347 0.019387 0.018776
0 0.490619 0.192653 0.015635 0.026122
0 0.443089 0.160408 0.016886 0.023673
0 0.444653 0.174694 0.015009 0.021224
0 0.417448 0.206531 0.016886 0.021224
0 0.409631 0.080000 0.017511 0.017959
0 0.404003 0.120408 0.016260 0.015510
0 0.532833 0.206122 0.016260 0.015510
0 0.568168 0.160816 0.015635 0.014694
0 0.329894 0.235510 0.014384 0.020408
0 0.318011 0.214694 0.015635 0.019592
0 0.212946 0.255918 0.016886 0.023673
0 0.232645 0.237143 0.017511 0.020408
0 0.109131 0.346122 0.018136 0.022857
0 0.110381 0.368980 0.016886 0.024490
0 0.062852 0.405306 0.018136 0.023673
0 0.054722 0.413469 0.018136 0.031837
0 0.083802 0.479184 0.013759 0.019592
0 0.044090 0.528980 0.019387 0.026122
0 0.060976 0.538776 0.015635 0.021224
0 0.030644 0.513061 0.016260 0.025306
0 0.087242 0.530612 0.018136 0.019592
0 0.103815 0.540408 0.018762 0.019592
0 0.108193 0.606939 0.022514 0.026939
0 0.118512 0.650204 0.019387 0.017143
0 0.122577 0.618367 0.016260 0.017143
0 0.085053 0.731837 0.015009 0.018776
0 0.103189 0.718367 0.011257 0.029388
0 0.116948 0.704082 0.016260 0.023673
0 0.083177 0.769796 0.012508 0.019592
0 0.077861 0.748163 0.011882 0.020408
0 0.145716 0.775102 0.013759 0.022041
0 0.141338 0.714694 0.015009 0.017143
0 0.287054 0.579592 0.015009 0.019592
0 0.316760 0.553469 0.018136 0.016327
0 0.299562 0.555102 0.013759 0.026122
0 0.345528 0.580408 0.023139 0.027755
0 0.353346 0.521224 0.013759 0.023673
0 0.355222 0.624898 0.017511 0.018776
0 0.413071 0.644082 0.016886 0.019592
0 0.419325 0.677551 0.011882 0.022857
0 0.437148 0.677143 0.015009 0.023673
0 0.499375 0.577959 0.016886 0.021224
0 0.497186 0.536327 0.020013 0.019592
0 0.471232 0.443673 0.020638 0.022041
0 0.455910 0.413469 0.015009 0.022041
0 0.465291 0.565714 0.022514 0.022857
0 0.474672 0.617551 0.015009 0.013878
0 0.512821 0.606531 0.015009 0.019592
0 0.515947 0.553469 0.013759 0.022857
0 0.556911 0.540000 0.015635 0.023673
0 0.469043 0.400408 0.015009 0.017143
0 0.601939 0.190612 0.018136 0.017143
0 0.732333 0.320000 0.016260 0.026122
0 0.394309 0.392245 0.014384 0.018776
0 0.379925 0.500000 0.018136 0.020408
0 0.635084 0.532653 0.015635 0.028571
0 0.655097 0.597959 0.019387 0.038367
0 0.526579 0.634286 0.016260 0.022857
0 0.524078 0.715102 0.020013 0.031020
0 0.484678 0.691429 0.017511 0.019592
0 0.402439 0.504082 0.014384 0.022041
0 0.383365 0.469796 0.018762 0.022041
0 0.364916 0.475102 0.019387 0.021224
0 0.408693 0.407347 0.015635 0.022857
0 0.416198 0.536327 0.020638 0.014694
0 0.415885 0.550612 0.022514 0.018776
0 0.236398 0.559592 0.015009 0.028571
0 0.218261 0.591837 0.018762 0.021224
0 0.230144 0.663673 0.013759 0.019592
0 0.360538 0.698367 0.016886 0.018776
0 0.340213 0.551837 0.017511 0.021224
0 0.579737 0.673878 0.023765 0.015510
0 0.544090 0.730204 0.013759 0.025306
0 0.517198 0.761633 0.030019 0.019592
0 0.503127 0.791429 0.014384 0.023673
0 0.198874 0.512653 0.016260 0.022857
0 0.108818 0.823673 0.022514 0.014694
0 0.303627 0.888571 0.014384 0.018776
0 0.323014 0.857551 0.016886 0.017143
0 0.456223 0.852245 0.015635 0.017959
0 0.431832 0.880816 0.020638 0.019592
0 0.630081 0.845306 0.013133 0.018776
0 0.647592 0.839184 0.016886 0.017959
0 0.696060 0.751837 0.016260 0.019592
0 0.770169 0.754694 0.018136 0.018776
0 0.740150 0.822041 0.018136 0.022857
0 0.752345 0.797959 0.018762 0.023673
0 0.770169 0.605714 0.020638 0.016327
0 0.798311 0.597143 0.018136 0.018776
0 0.828643 0.624490 0.022514 0.021224
0 0.810819 0.607755 0.019387 0.028571
0 0.909944 0.611020 0.013759 0.018776
0 0.919325 0.654286 0.012508 0.023673
0 0.883990 0.612245 0.015635 0.021224
0 0.870544 0.623265 0.016260 0.020408
0 0.872420 0.746122 0.018762 0.021224
0 0.844903 0.831837 0.021263 0.017959
0 0.815822 0.844490 0.024390 0.018776
0 0.760163 0.846122 0.020638 0.015510
0 0.619450 0.885714 0.020638 0.014694
0 0.586304 0.859592 0.016886 0.016327
0 0.550031 0.911020 0.018136 0.014694
0 0.545966 0.929796 0.018762 0.021224
0 0.666667 0.724898 0.017511 0.017959
0 0.330206 0.791020 0.016260 0.019592
0 0.287992 0.696327 0.014384 0.017959
0 0.208255 0.728980 0.015009 0.017959
0 0.208255 0.379592 0.020013 0.017959
0 0.177611 0.286122 0.018762 0.020408
0 0.157598 0.287347 0.015009 0.024490
0 0.385553 0.104082 0.018136 0.017143
0 0.374922 0.135918 0.014384 0.018776
0 0.380863 0.087755 0.016260 0.017143
0 0.412758 0.182041 0.015009 0.017959
0 0.457161 0.297959 0.018762 0.021224
0 0.311132 0.299592 0.016886 0.019592
0 0.355847 0.283673 0.013759 0.018776
0 0.335835 0.323265 0.013759 0.017959
0 0.442151 0.274286 0.016260 0.024490
0 0.169794 0.406122 0.018136 0.022041
0 0.123515 0.388163 0.016886 0.017143
0 0.120075 0.731837 0.016260 0.017143
0 0.169794 0.857551 0.018136 0.025306
0 0.309256 0.975510 0.023139 0.021224
0 0.396811 0.975510 0.023139 0.014694
0 0.482176 0.955102 0.011257 0.019592
0 0.877423 0.488571 0.016260 0.017143
0 0.840213 0.517551 0.023139 0.014694
0 0.953408 0.484082 0.011882 0.016327
0 0.277986 0.744490 0.011882 0.016327
0 0.570982 0.789388 0.015009 0.017959
0 0.264853 0.909388 0.016886 0.019592
0 0.235772 0.755918 0.015009 0.019592
0 0.309881 0.791837 0.010632 0.017959
0 0.353346 0.914694 0.016260 0.015510
0 0.434021 0.916327 0.016260 0.018776
0 0.292058 0.954694 0.028768 0.015510
0 0.251720 0.931020 0.015635 0.015510
0 0.226079 0.891837 0.016886 0.028571
0 0.146029 0.555102 0.018136 0.022857
0 0.135710 0.534286 0.023765 0.018776
0 0.840213 0.072653 0.018136 0.019592
0 0.874922 0.087755 0.025016 0.040000
0 0.410569 0.935918 0.016886 0.013878
0 0.238274 0.695102 0.013759 0.020408
0 0.395872 0.745714 0.017511 0.018776
0 0.419637 0.756735 0.018762 0.019592
0 0.964040 0.435510 0.010632 0.023673
0 0.968105 0.478776 0.011257 0.015510
0 0.971545 0.571837 0.011882 0.022041
0 0.968730 0.662041 0.012508 0.026122
0 0.942464 0.717143 0.012508 0.018776
0 0.346779 0.360816 0.014384 0.022857
0 0.127892 0.318367 0.019387 0.019592
0 0.141964 0.293061 0.013759 0.021224
0 0.620388 0.288571 0.016260 0.022041
0 0.583802 0.281633 0.011882 0.021224
0 0.693558 0.370204 0.012508 0.017143
0 0.711695 0.380408 0.013759 0.016327
0 0.576610 0.551837 0.013759 0.022857
0 0.585679 0.482857 0.018136 0.020408
0 0.451220 0.607755 0.013133 0.018776
0 0.437461 0.703673 0.016886 0.022857
0 0.482489 0.746122 0.016886 0.022857
0 0.142589 0.876327 0.016260 0.015510
0 0.146967 0.845714 0.020013 0.014694
0 0.363352 0.758776 0.013759 0.017143
0 0.536585 0.751020 0.015009 0.019592
0 0.035647 0.866531 0.017511 0.028571
0 0.041276 0.843265 0.016260 0.017959
0 0.055660 0.861633 0.012508 0.018776
0 0.052846 0.873469 0.015635 0.016327
0 0.573483 0.988980 0.017511 0.020408
0 0.578174 0.956327 0.018136 0.018776
0 0.569106 0.922041 0.015009 0.018776
0 0.727955 0.886122 0.021263 0.013878
0 0.717323 0.903265 0.018762 0.013878
0 0.846154 0.607347 0.013759 0.017959
0 0.949969 0.604898 0.016260 0.027755
0 0.860225 0.573469 0.011882 0.013878
0 0.646341 0.635918 0.011882 0.019592
0 0.792370 0.523673 0.016260 0.013878
0 0.814259 0.517551 0.017511 0.014694
0 0.891495 0.335102 0.015635 0.012245
0 0.905253 0.364490 0.010632 0.013878
0 0.509381 0.146122 0.015635 0.017959
0 0.478111 0.071837 0.016886 0.011429
0 0.463102 0.068571 0.016886 0.017959
0 0.526266 0.104082 0.016886 0.020408
0 0.187930 0.570204 0.015635 0.018776
0 0.158537 0.595102 0.015635 0.021224
0 0.384615 0.340816 0.016260 0.018776
0 0.544090 0.091837 0.022514 0.013878
0 0.792058 0.170612 0.011882 0.019592
0 0.486554 0.553469 0.013759 0.021224
0 0.605691 0.751837 0.015635 0.022857
0 0.688243 0.865714 0.015635 0.022041
0 0.855535 0.911429 0.015009 0.017143
0 0.681363 0.783673 0.020638 0.021224
0 0.978111 0.637143 0.018762 0.031837
0 0.471857 0.215510 0.014384 0.017959
0 0.426517 0.097143 0.015009 0.016327
0 0.072545 0.379592 0.016260 0.021224
0 0.081614 0.714286 0.015635 0.019592
0 0.259537 0.793878 0.013759 0.018776
0 0.545341 0.453061 0.017511 0.022857
0 0.523765 0.446939 0.011882 0.018776
0 0.570044 0.408571 0.014384 0.017143
0 0.611007 0.444898 0.012508 0.016327
0 0.613508 0.358776 0.013759 0.015510
0 0.641338 0.350612 0.013133 0.020408
0 0.626954 0.344082 0.011882 0.017143
0 0.477799 0.168163 0.020013 0.017959
0 0.409631 0.246122 0.013759 0.020408
0 0.457786 0.265306 0.012508 0.017959
0 0.363665 0.329796 0.011882 0.019592
0 0.290807 0.183265 0.017511 0.023673
0 0.145403 0.488980 0.016886 0.022857
0 0.130394 0.481224 0.016886 0.022041
0 0.318011 0.587755 0.013133 0.016327
0 0.592871 0.538776 0.015009 0.019592
0 0.569106 0.579592 0.016260 0.022857
0 0.671670 0.130612 0.012508 0.017959
0 0.902752 0.485306 0.014384 0.017143
0 0.594434 0.833469 0.015635 0.022857
0 0.582239 0.800000 0.013759 0.017959
0 0.503127 0.907755 0.011882 0.014694
0 0.273296 0.801224 0.011257 0.017143
0 0.313008 0.825306 0.014384 0.017959
0 0.287680 0.804082 0.015009 0.016327
0 0.251094 0.745306 0.014384 0.013061
0 0.332708 0.704082 0.011257 0.015510
0 0.641026 0.204898 0.012508 0.014694
0 0.518136 0.829388 0.014384 0.017959
0 0.429018 0.015510 0.018762 0.014694
0 0.620700 0.115102 0.015635 0.014694
0 0.583490 0.087347 0.021263 0.013061
0 0.744215 0.007347 0.017511 0.011429
0 0.221701 0.944082 0.011882 0.012245
1 0.880550 0.371020 0.010006 0.013878
1 0.882739 0.308163 0.011882 0.015510
1 0.936523 0.363673 0.014384 0.012245
1 0.969043 0.375102 0.009381 0.015510
1 0.974984 0.327755 0.008755 0.013878
1 0.071295 0.343673 0.011257 0.013061
1 0.030331 0.887755 0.010632 0.013878
1 0.957473 0.755918 0.011257 0.014694
1 0.017198 0.769388 0.011882 0.015510
1 0.061288 0.894694 0.008755 0.011429
1 0.102251 0.924082 0.009381 0.014694
1 0.074109 0.885714 0.008130 0.011429
1 0.040025 0.817959 0.010006 0.013061
1 0.260475 0.978367 0.010632 0.008980
1 0.026266 0.160000 0.010006 0.013061
1 0.046279 0.120000 0.011257 0.013061
1 0.030957 0.148980 0.008130 0.017143
1 0.903377 0.911020 0.009381 0.019592
1 0.623827 0.717551 0.011882 0.024490
1 0.938712 0.882449 0.010006 0.014694
1 0.867730 0.262041 0.010632 0.009796
1 0.956848 0.354694 0.007505 0.013878
1 0.962789 0.349388 0.009381 0.009796
1 0.994684 0.242857 0.009381 0.012245
1 0.995622 0.223265 0.008755 0.013878
1 0.278612 0.081224 0.010632 0.010612
1 0.658849 0.027755 0.010632 0.016327
1 0.115697 0.877959 0.006254 0.010612
