0 0.162679 0.080453 0.021873 0.020262
0 0.101846 0.231824 0.020506 0.015495
0 0.144224 0.162396 0.021873 0.013707
0 0.132946 0.251192 0.021189 0.017282
0 0.140807 0.285161 0.021873 0.016091
0 0.095694 0.280989 0.017772 0.016091
0 0.108339 0.309297 0.019822 0.017878
0 0.170882 0.242849 0.021873 0.012515
0 0.170540 0.199940 0.018455 0.012515
0 0.179768 0.263707 0.020506 0.016091
0 0.160629 0.305423 0.017772 0.017282
0 0.203008 0.190703 0.017772 0.014303
0 0.211893 0.212157 0.021873 0.010727
0 0.241285 0.206496 0.017772 0.011323
0 0.244703 0.231228 0.020506 0.014303
0 0.232399 0.254172 0.021873 0.014899
0 0.219070 0.275328 0.021189 0.014303
0 0.210185 0.294696 0.021189 0.013707
0 0.248804 0.278903 0.021873 0.015495
0 0.287081 0.182062 0.021873 0.018474
0 0.285373 0.232718 0.017088 0.023242
0 0.285031 0.256555 0.019139 0.014899
0 0.301435 0.270858 0.016405 0.017282
0 0.315106 0.224076 0.016405 0.016687
0 0.314764 0.246722 0.015721 0.017878
0 0.187628 0.144815 0.018455 0.011919
0 0.133630 0.502086 0.018455 0.016091
0 0.112098 0.516389 0.017772 0.012515
0 0.118934 0.548868 0.016405 0.017878
0 0.152085 0.533671 0.021189 0.012515
0 0.182160 0.463349 0.018455 0.019666
0 0.165414 0.497914 0.015038 0.012515
0 0.176350 0.522944 0.019139 0.016091
0 0.197198 0.426400 0.023923 0.017282
0 0.198223 0.491061 0.019139 0.019070
0 0.161654 0.567640 0.015721 0.016091
0 0.170882 0.603993 0.017772 0.017282
0 0.171224 0.637366 0.017088 0.013707
0 0.164388 0.660906 0.021189 0.016687
0 0.143541 0.669249 0.017772 0.010727
0 0.214286 0.666567 0.015721 0.023242
0 0.210868 0.602503 0.017088 0.020262
0 0.248462 0.623659 0.019822 0.014899
0 0.203349 0.560191 0.019822 0.017878
0 0.236842 0.663588 0.022556 0.013707
0 0.198565 0.536353 0.011620 0.015495
0 0.219070 0.511919 0.019822 0.020262
0 0.221805 0.526222 0.023923 0.013111
0 0.226247 0.487783 0.020506 0.014899
0 0.228298 0.460667 0.020506 0.016687
0 0.234450 0.444279 0.020506 0.014899
0 0.261791 0.560787 0.021873 0.015495
0 0.299385 0.601609 0.019139 0.013707
0 0.315789 0.682658 0.023240 0.012515
0 0.334928 0.673719 0.020506 0.013707
0 0.368079 0.656436 0.021189 0.014899
0 0.341422 0.656138 0.022556 0.014303
0 0.236500 0.813766 0.020506 0.017282
0 0.274436 0.771752 0.018455 0.016687
0 0.268284 0.828963 0.017088 0.017878
0 0.210526 0.861442 0.021873 0.019666
0 0.266234 0.871275 0.018455 0.015495
0 0.291524 0.851013 0.017088 0.017878
0 0.288790 0.820918 0.017088 0.018474
0 0.318865 0.825685 0.015721 0.018474
0 0.320574 0.845948 0.021873 0.013707
0 0.333561 0.865316 0.016405 0.013111
0 0.314422 0.884684 0.015038 0.016091
0 0.313055 0.908522 0.019139 0.013707
0 0.305878 0.982718 0.015721 0.017878
0 0.324334 0.946067 0.014354 0.016091
0 0.352358 0.957986 0.018455 0.020858
0 0.361928 0.923123 0.022556 0.019070
0 0.372180 0.888558 0.018455 0.017878
0 0.361586 0.853099 0.020506 0.014899
0 0.372522 0.823897 0.024607 0.017282
0 0.403623 0.876639 0.017088 0.016687
0 0.394053 0.912098 0.018455 0.016091
0 0.402939 0.949940 0.023923 0.020262
0 0.422761 0.895411 0.018455 0.018474
0 0.277854 0.906436 0.018455 0.015495
0 0.266917 0.958880 0.018455 0.014303
0 0.287081 0.970501 0.016405 0.011323
0 0.255639 0.907330 0.020506 0.013707
0 0.231716 0.935936 0.020506 0.019666
0 0.216678 0.902265 0.021873 0.017878
0 0.191388 0.906436 0.020506 0.015495
0 0.204375 0.927890 0.017772 0.014303
0 0.194805 0.887664 0.023240 0.013707
0 0.174983 0.869487 0.021873 0.015495
0 0.171907 0.859654 0.017088 0.018474
0 0.194805 0.825983 0.020506 0.017878
0 0.218045 0.789035 0.020506 0.015495
0 0.275803 0.798570 0.015721 0.011919
0 0.298018 0.769070 0.017772 0.016091
0 0.340055 0.764303 0.019822 0.012515
0 0.692755 0.747616 0.019822 0.014899
0 0.725906 0.789928 0.020506 0.019666
0 0.663705 0.688915 0.019139 0.014303
0 0.718729 0.688617 0.019822 0.014899
0 0.711552 0.769368 0.019139 0.014303
0 0.700957 0.775626 0.014354 0.018474
0 0.676692 0.724374 0.032809 0.011323
0 0.702666 0.731526 0.015038 0.016091
0 0.698906 0.689809 0.012987 0.017282
0 0.751538 0.754768 0.019822 0.017282
0 0.735475 0.707092 0.016405 0.016091
0 0.762816 0.699046 0.016405 0.017878
0 0.775461 0.821216 0.018455 0.016687
0 0.754956 0.646305 0.015721 0.014899
0 0.755639 0.663886 0.017088 0.015495
0 0.769310 0.626639 0.018455 0.014899
0 0.780588 0.651669 0.013671 0.017282
0 0.792891 0.664482 0.017772 0.011919
0 0.795284 0.733611 0.018455 0.015495
0 0.786398 0.714243 0.014354 0.010131
0 0.830144 0.711561 0.021189 0.014303
0 0.833903 0.739869 0.019139 0.017282
0 0.855434 0.729142 0.022556 0.016091
0 0.827751 0.792312 0.021873 0.019666
0 0.795284 0.786651 0.019822 0.017878
0 0.795625 0.773242 0.016405 0.011323
0 0.820574 0.780989 0.018455 0.017282
0 0.830144 0.662694 0.018455 0.016687
0 0.821599 0.640644 0.013671 0.010727
0 0.855434 0.654052 0.021189 0.019666
0 0.830485 0.614124 0.016405 0.016091
0 0.822283 0.549762 0.019139 0.017282
0 0.863978 0.623659 0.020506 0.014899
0 0.885851 0.651669 0.024607 0.014899
0 0.902256 0.613826 0.021873 0.015495
0 0.913534 0.643623 0.015721 0.015495
0 0.923445 0.632300 0.019139 0.021454
0 0.871155 0.544100 0.019822 0.015495
0 0.777170 0.596544 0.017772 0.016687
0 0.759057 0.586412 0.015721 0.014303
0 0.740602 0.609356 0.019822 0.017282
0 0.795625 0.536651 0.013671 0.017282
0 0.806904 0.507747 0.022556 0.019070
0 0.820916 0.493147 0.016405 0.016091
0 0.726931 0.537843 0.015721 0.018474
0 0.711893 0.598331 0.021189 0.015495
0 0.710526 0.635578 0.018455 0.016091
0 0.732057 0.578665 0.013671 0.010727
0 0.723513 0.657628 0.012987 0.011323
0 0.731716 0.632896 0.014354 0.011919
0 0.832536 0.589690 0.015038 0.013707
0 0.868079 0.604589 0.016405 0.014899
0 0.849624 0.568236 0.015038 0.014899
0 0.863978 0.567640 0.017772 0.012515
0 0.927888 0.545888 0.022556 0.015495
0 0.883117 0.518176 0.019139 0.016091
0 0.899863 0.503576 0.022556 0.016687
0 0.928571 0.519070 0.019822 0.016687
0 0.809638 0.445173 0.023923 0.016687
0 0.796309 0.474374 0.020506 0.016687
0 0.838688 0.457390 0.021873 0.017282
0 0.822283 0.394517 0.020506 0.017878
0 0.817498 0.412694 0.024607 0.013707
0 0.786398 0.427592 0.018455 0.013707
0 0.776487 0.456198 0.016405 0.012515
0 0.856801 0.396305 0.019822 0.014303
0 0.867396 0.421037 0.017772 0.013707
0 0.872180 0.453218 0.016405 0.014899
0 0.889269 0.392729 0.017772 0.016687
0 0.911141 0.403754 0.024607 0.016091
0 0.920027 0.424911 0.020506 0.015495
0 0.887902 0.348331 0.019139 0.012515
0 0.919002 0.348331 0.026658 0.016091
0 0.931306 0.374553 0.022556 0.014899
0 0.948735 0.407330 0.023240 0.016091
0 0.962748 0.369190 0.017088 0.019666
0 0.968900 0.389452 0.017088 0.016091
0 0.901914 0.448749 0.018455 0.013111
0 0.719754 0.218415 0.017772 0.016091
0 0.695489 0.293504 0.021189 0.019666
0 0.678401 0.279499 0.019822 0.015495
0 0.678742 0.227652 0.017772 0.014303
0 0.711552 0.260429 0.019139 0.014303
0 0.744361 0.250596 0.017772 0.018474
0 0.749146 0.223778 0.017772 0.018474
0 0.777512 0.298272 0.015721 0.017282
0 0.787081 0.269666 0.012987 0.019666
0 0.792891 0.240167 0.013671 0.014303
0 0.853042 0.253278 0.017772 0.019070
0 0.836637 0.264303 0.021873 0.017282
0 0.838004 0.283373 0.023240 0.020858
0 0.872522 0.290226 0.025290 0.019070
0 0.862611 0.303635 0.020506 0.017282
0 0.903281 0.269070 0.018455 0.014899
0 0.834928 0.311383 0.023923 0.023242
0 0.666439 0.189511 0.019139 0.015495
0 0.649009 0.209774 0.021189 0.017878
0 0.648667 0.232420 0.013671 0.015495
0 0.623035 0.220799 0.017088 0.016091
0 0.623377 0.248808 0.017772 0.011323
0 0.639781 0.264303 0.020506 0.014899
0 0.603213 0.280095 0.022556 0.016687
0 0.620643 0.315852 0.023240 0.022646
0 0.603554 0.305721 0.019139 0.019070
0 0.606288 0.211561 0.016405 0.011919
0 0.632604 0.160906 0.019822 0.014303
0 0.571429 0.177294 0.017772 0.016091
0 0.559809 0.199940 0.015038 0.013707
0 0.556049 0.258045 0.018455 0.014303
0 0.569720 0.282777 0.019822 0.013707
0 0.575871 0.240763 0.017088 0.010727
0 0.586808 0.249404 0.019822 0.012515
0 0.533835 0.248808 0.016405 0.014899
0 0.612782 0.181168 0.021189 0.014303
0 0.597744 0.165375 0.019822 0.013707
0 0.583049 0.307807 0.021873 0.013707
0 0.639098 0.427294 0.017772 0.014303
0 0.619959 0.439809 0.023240 0.014303
0 0.617567 0.400179 0.023923 0.012515
0 0.607314 0.413588 0.021189 0.017878
0 0.586466 0.410906 0.024607 0.014899
0 0.643541 0.399881 0.014354 0.009535
0 0.682160 0.466627 0.015038 0.017878
0 0.702666 0.410310 0.020506 0.019666
0 0.706083 0.382598 0.021873 0.019070
0 0.688995 0.388260 0.019139 0.023242
0 0.703691 0.460965 0.017088 0.020858
0 0.729323 0.471097 0.019139 0.017282
0 0.696856 0.436532 0.015721 0.014899
0 0.846890 0.378427 0.017772 0.011919
0 0.861928 0.366210 0.013671 0.013707
0 0.896446 0.365912 0.018455 0.010727
0 0.135338 0.061383 0.017772 0.014303
0 0.133971 0.078665 0.016405 0.015495
0 0.265892 0.034863 0.017772 0.017282
0 0.269310 0.017878 0.020506 0.019070
0 0.314422 0.030393 0.019139 0.016687
0 0.278879 0.055721 0.023240 0.012515
0 0.305537 0.068236 0.030075 0.016091
0 0.363978 0.075685 0.023923 0.015495
0 0.343472 0.027712 0.015721 0.013707
0 0.384142 0.046484 0.023240 0.017878
0 0.402939 0.061979 0.019822 0.016687
0 0.421394 0.040822 0.019822 0.017282
0 0.620643 0.064064 0.015038 0.013707
0 0.627136 0.030095 0.017088 0.014899
0 0.653794 0.036353 0.018455 0.016687
0 0.677717 0.031287 0.019822 0.013707
0 0.678059 0.122765 0.021873 0.017878
0 0.655161 0.102801 0.014354 0.019666
0 0.711893 0.094756 0.017088 0.014303
0 0.736500 0.113230 0.019822 0.016687
0 0.713944 0.118892 0.021189 0.016091
0 0.723513 0.058105 0.022556 0.014899
0 0.719412 0.023242 0.017088 0.022646
0 0.738209 0.033075 0.012303 0.016091
0 0.746753 0.056317 0.014354 0.014899
0 0.757006 0.079261 0.015721 0.017878
0 0.769993 0.113528 0.011620 0.013707
0 0.767259 0.129619 0.011620 0.018474
0 0.659262 0.082241 0.023923 0.010727
0 0.889610 0.866508 0.015721 0.015495
0 0.899180 0.904350 0.012987 0.016091
0 0.859877 0.905840 0.012303 0.013111
0 0.810663 0.809893 0.015038 0.015495
0 0.848257 0.762217 0.020506 0.013111
0 0.859877 0.746722 0.019139 0.015495
0 0.780246 0.754768 0.021189 0.011323
0 0.672249 0.650477 0.018455 0.018474
0 0.679768 0.703814 0.017088 0.016687
0 0.709501 0.747616 0.010936 0.020858
0 0.718729 0.718415 0.014354 0.020858
0 0.383459 0.800954 0.015038 0.015495
0 0.760424 0.442789 0.018455 0.013111
0 0.725222 0.298570 0.017772 0.020262
0 0.741285 0.335518 0.018455 0.011919
0 0.757006 0.314064 0.014354 0.016687
0 0.769993 0.326281 0.015721 0.012515
0 0.777854 0.218713 0.017772 0.011919
0 0.782638 0.205602 0.019139 0.010727
0 0.680109 0.213349 0.023240 0.013111
0 0.696514 0.191895 0.023240 0.013111
0 0.055024 0.635876 0.021189 0.017878
0 0.057416 0.663588 0.019139 0.016091
0 0.075871 0.629023 0.020506 0.014899
0 0.085099 0.686234 0.023923 0.019666
0 0.026999 0.584327 0.021189 0.016091
0 0.037936 0.614422 0.017088 0.016687
0 0.092618 0.607569 0.017088 0.013707
0 0.105263 0.631108 0.020506 0.014303
0 0.120643 0.677890 0.025290 0.016091
0 0.051606 0.511323 0.017088 0.022646
0 0.042379 0.556019 0.020506 0.021454
0 0.066644 0.552145 0.021189 0.016091
0 0.079973 0.518772 0.021873 0.013707
0 0.023582 0.499404 0.022556 0.017878
0 0.024949 0.537247 0.019822 0.018474
0 0.009228 0.558105 0.018455 0.019666
0 0.056049 0.379321 0.019139 0.018474
0 0.101504 0.380513 0.019822 0.016091
0 0.010253 0.411502 0.020506 0.019666
0 0.034176 0.372467 0.024607 0.022646
0 0.145249 0.399881 0.019822 0.013111
0 0.287765 0.582241 0.020506 0.015495
0 0.192755 0.675805 0.020506 0.016687
0 0.285031 0.642729 0.021873 0.012515
0 0.259740 0.645411 0.020506 0.015495
0 0.598086 0.691597 0.013671 0.012515
0 0.596719 0.672229 0.010936 0.011919
0 0.605605 0.676698 0.019139 0.013707
0 0.783322 0.686830 0.016405 0.012515
0 0.846890 0.688319 0.015038 0.015495
0 0.842789 0.773838 0.019139 0.014899
0 0.818524 0.470203 0.019822 0.015495
0 0.898496 0.286353 0.015721 0.016091
0 0.885851 0.256853 0.017772 0.021454
0 0.642174 0.063766 0.011620 0.014303
0 0.626794 0.051251 0.015038 0.017878
0 0.080998 0.167461 0.018455 0.022646
0 0.079631 0.194279 0.022556 0.020262
0 0.115858 0.136770 0.022556 0.014899
0 0.122351 0.191001 0.017772 0.013707
0 0.267943 0.199940 0.020506 0.013707
0 0.084757 0.575089 0.017772 0.011919
0 0.133630 0.578665 0.017088 0.013111
0 0.408407 0.923719 0.017088 0.013111
0 0.883117 0.916567 0.013671 0.014303
0 0.865345 0.919845 0.015038 0.012515
0 0.826726 0.969309 0.014354 0.016091
0 0.939166 0.498808 0.023240 0.013111
0 0.944634 0.527116 0.016405 0.017282
0 0.960697 0.455006 0.018455 0.016091
0 0.946001 0.479440 0.019139 0.013707
0 0.076213 0.270560 0.018455 0.033373
0 0.394737 0.704708 0.021189 0.019666
0 0.406357 0.682062 0.022556 0.018474
0 0.369105 0.713647 0.017772 0.011323
0 0.319891 0.697557 0.020506 0.008939
0 0.326726 0.712753 0.019139 0.014303
0 0.342447 0.712753 0.019139 0.009535
0 0.682843 0.676996 0.010936 0.016687
0 0.202324 0.229440 0.020506 0.013111
0 0.257690 0.303039 0.020506 0.012515
0 0.278879 0.302741 0.019139 0.014303
0 0.264525 0.240763 0.013671 0.015495
0 0.139098 0.134088 0.017088 0.011919
0 0.127820 0.231228 0.013671 0.011919
0 0.103213 0.257747 0.016405 0.010131
0 0.306220 0.201728 0.019139 0.012515
0 0.277170 0.277712 0.014354 0.015495
0 0.027683 0.333731 0.021189 0.013111
0 0.009911 0.334625 0.018455 0.010131
0 0.095694 0.154648 0.013671 0.013707
0 0.348257 0.065554 0.018455 0.009535
0 0.315789 0.056317 0.019139 0.008939
0 0.449077 0.066448 0.017772 0.014899
0 0.673274 0.099821 0.016405 0.012515
0 0.689679 0.096544 0.019139 0.013111
0 0.707450 0.029797 0.013671 0.013111
0 0.640807 0.185042 0.014354 0.017282
0 0.609364 0.145411 0.025290 0.011919
0 0.522556 0.286651 0.019822 0.017878
0 0.520506 0.266687 0.018455 0.018474
0 0.506494 0.263707 0.015038 0.023242
0 0.636705 0.376937 0.021189 0.010131
0 0.614149 0.388558 0.019822 0.017878
0 0.566644 0.423719 0.017772 0.020262
0 0.587833 0.432658 0.023240 0.011919
0 0.629187 0.470501 0.015721 0.016091
0 0.875598 0.876341 0.015038 0.016091
0 0.906357 0.873361 0.010936 0.014899
0 0.907724 0.887366 0.009569 0.014303
0 0.904306 0.863230 0.010936 0.012515
0 0.803486 0.753278 0.021189 0.009535
0 0.771360 0.724076 0.015721 0.014303
0 0.769993 0.747616 0.015721 0.013707
0 0.808612 0.592670 0.016405 0.016091
0 0.791866 0.578367 0.014354 0.011323
0 0.771360 0.553933 0.015721 0.020858
0 0.778537 0.518474 0.017772 0.016687
0 0.746753 0.562574 0.015721 0.015495
0 0.740943 0.522050 0.013671 0.011919
0 0.743677 0.535459 0.016405 0.012515
0 0.639440 0.532181 0.015721 0.014303
0 0.718729 0.820918 0.021189 0.014899
0 0.750171 0.787247 0.015721 0.011919
0 0.769310 0.770858 0.011620 0.016091
0 0.747437 0.774732 0.012987 0.011919
0 0.388243 0.849523 0.016405 0.019666
0 0.420369 0.856973 0.013671 0.019070
0 0.430622 0.874553 0.010936 0.018474
0 0.402939 0.820620 0.015721 0.016687
0 0.410116 0.830751 0.012303 0.016687
0 0.232741 0.877533 0.014354 0.017282
0 0.325359 0.966627 0.023240 0.017878
0 0.223513 0.765495 0.028708 0.013707
0 0.190362 0.757151 0.026658 0.013707
0 0.236842 0.565554 0.022556 0.016687
0 0.280588 0.566150 0.019822 0.011919
0 0.134655 0.437128 0.015038 0.014899
0 0.139098 0.470799 0.017088 0.016687
0 0.157553 0.445769 0.015721 0.013111
0 0.167464 0.421931 0.023240 0.015495
0 0.130895 0.392729 0.022556 0.016687
0 0.015721 0.391240 0.021873 0.013707
0 0.009228 0.429380 0.017088 0.016091
0 0.072112 0.251192 0.012987 0.016091
0 0.164388 0.023540 0.025290 0.010131
0 0.442242 0.149285 0.017772 0.017282
0 0.741969 0.418951 0.015721 0.013111
0 0.720096 0.427592 0.019822 0.020858
0 0.536910 0.437128 0.019822 0.011323
0 0.537594 0.424017 0.017088 0.007747
0 0.819207 0.987485 0.014354 0.010727
0 0.792891 0.983015 0.009569 0.010131
0 0.803486 0.980930 0.006152 0.009535
0 0.379016 0.964243 0.021189 0.013111
0 0.152085 0.742253 0.025290 0.013707
0 0.153794 0.759833 0.017772 0.014303
0 0.099453 0.664482 0.017088 0.017878
0 0.072112 0.669249 0.018455 0.015495
0 0.017772 0.675805 0.019139 0.015495
0 0.007177 0.579857 0.014354 0.011919
0 0.114149 0.164779 0.015038 0.013707
0 0.168148 0.056615 0.023240 0.014303
0 0.180793 0.074791 0.017088 0.014899
0 0.261449 0.173123 0.019822 0.014899
0 0.261449 0.185936 0.012987 0.010727
0 0.391319 0.723182 0.018455 0.016091
0 0.424470 0.681764 0.013671 0.017878
0 0.414217 0.660608 0.019139 0.013707
0 0.183185 0.582837 0.013671 0.016687
0 0.218387 0.549464 0.017088 0.014303
0 0.195830 0.634088 0.014354 0.014303
0 0.229323 0.190405 0.017088 0.006555
0 0.232399 0.154648 0.016405 0.006555
0 0.272727 0.656734 0.021873 0.013111
0 0.217020 0.618892 0.017088 0.011323
0 0.233083 0.510727 0.010936 0.010727
0 0.649351 0.009237 0.017772 0.011323
0 0.693780 0.011323 0.021873 0.010727
0 0.732399 0.190703 0.023923 0.010727
0 0.744019 0.130810 0.015721 0.011323
0 0.154819 0.826281 0.014354 0.018474
0 0.569378 0.662396 0.025974 0.030393
0 0.670882 0.443385 0.017088 0.010727
0 0.635680 0.285161 0.010936 0.007747
0 0.074504 0.358760 0.023240 0.009535
0 0.086124 0.367402 0.009569 0.014899
0 0.307587 0.627533 0.015038 0.016687
0 0.657553 0.627533 0.023240 0.010727
0 0.708134 0.559297 0.013671 0.018474
0 0.692413 0.574791 0.013671 0.017282
0 0.858852 0.525030 0.017088 0.014303
0 0.943609 0.429380 0.015721 0.018474
0 0.828435 0.526222 0.013671 0.015495
0 0.841763 0.531883 0.014354 0.012515
0 0.688995 0.595948 0.009569 0.016687
0 0.155502 0.682360 0.015721 0.011919
0 0.918319 0.485697 0.010253 0.014303
0 0.538961 0.218713 0.015721 0.013111
0 0.068011 0.238081 0.010253 0.008939
0 0.307929 0.005959 0.017088 0.010727
0 0.698906 0.245232 0.014354 0.008939
0 0.887902 0.787843 0.015038 0.013111
