1 0.970703 0.039062 0.031250 0.039062
1 0.893555 0.023438 0.033203 0.035156
2 0.062500 0.383789 0.058594 0.052734
3 0.079102 0.284180 0.123047 0.111328
3 0.166992 0.349609 0.087891 0.093750
3 0.499023 0.346680 0.087891 0.076172
3 0.390625 0.198242 0.074219 0.091797
3 0.053711 0.565430 0.076172 0.076172
3 0.291992 0.495117 0.103516 0.103516
3 0.121094 0.503906 0.082031 0.066406
3 0.190430 0.458008 0.091797 0.095703
3 0.237305 0.199219 0.080078 0.093750
3 0.140625 0.595703 0.078125 0.074219
3 0.300781 0.321289 0.074219 0.072266
