1 0.775641 0.871605 0.081197 0.044444
2 0.797009 0.087654 0.123932 0.066667
2 0.741453 0.160494 0.115385 0.064198
2 0.621795 0.133333 0.089744 0.054321
2 0.623932 0.879012 0.145299 0.064198
2 0.450855 0.888889 0.115385 0.064198
2 0.613248 0.659259 0.115385 0.069136
2 0.305556 0.576543 0.106838 0.051852
2 0.267094 0.640741 0.098291 0.056790
2 0.273504 0.707407 0.119658 0.056790
2 0.337607 0.254321 0.170940 0.064198
2 0.673077 0.729630 0.132479 0.056790
2 0.175214 0.545679 0.111111 0.108642
2 0.750000 0.928395 0.123932 0.074074
