0 0.900917 0.061538 0.034862 0.039316
0 0.944954 0.109402 0.033028 0.039316
0 0.857339 0.110684 0.037615 0.038462
0 0.940826 0.156838 0.030275 0.033333
0 0.949083 0.206838 0.026606 0.029060
0 0.903670 0.190171 0.029358 0.035043
0 0.984404 0.164957 0.031193 0.029060
0 0.897706 0.335043 0.030275 0.037607
0 0.948624 0.297863 0.027523 0.028205
0 0.985780 0.327350 0.026606 0.039316
0 0.956881 0.044017 0.033028 0.040171
0 0.849083 0.058547 0.026606 0.023077
0 0.825229 0.019231 0.030275 0.033333
0 0.733486 0.102564 0.039450 0.039316
0 0.767431 0.122650 0.028440 0.033333
0 0.789908 0.138462 0.031193 0.030769
0 0.429358 0.040171 0.027523 0.032479
0 0.499541 0.117521 0.033945 0.038462
0 0.375229 0.095726 0.036697 0.037607
0 0.446330 0.146581 0.022936 0.031624
0 0.446789 0.188034 0.025688 0.030769
0 0.426147 0.205556 0.024771 0.029915
0 0.307798 0.050855 0.024771 0.028205
0 0.303211 0.088034 0.032110 0.035897
0 0.283028 0.130342 0.028440 0.035043
0 0.236239 0.099145 0.021101 0.032479
0 0.229817 0.129915 0.032110 0.015385
0 0.210550 0.173504 0.026606 0.027350
0 0.097248 0.112393 0.029358 0.041880
0 0.185780 0.152137 0.022936 0.029060
0 0.318807 0.203846 0.024771 0.028205
0 0.367890 0.219231 0.023853 0.021368
0 0.361468 0.248718 0.022018 0.025641
0 0.403211 0.260684 0.021101 0.029060
0 0.322936 0.244444 0.036697 0.037607
0 0.333945 0.293590 0.023853 0.028205
0 0.383028 0.300855 0.024771 0.027350
0 0.935321 0.901709 0.030275 0.030769
0 0.910550 0.920085 0.028440 0.029915
0 0.820183 0.941880 0.031193 0.029060
0 0.819266 0.979487 0.022018 0.020513
0 0.762385 0.983333 0.031193 0.033333
0 0.794954 0.836325 0.039450 0.043590
0 0.853670 0.818803 0.030275 0.032479
0 0.829358 0.791026 0.033028 0.038462
0 0.889908 0.782051 0.027523 0.029060
0 0.863761 0.746581 0.022936 0.026496
0 0.909633 0.747009 0.032110 0.035897
0 0.821101 0.719231 0.031193 0.026496
0 0.909174 0.710684 0.033028 0.033333
0 0.794495 0.662821 0.023853 0.026496
0 0.983486 0.546154 0.031193 0.027350
0 0.944954 0.568376 0.025688 0.023932
0 0.935321 0.600000 0.037615 0.035897
0 0.877064 0.548291 0.027523 0.035043
0 0.842661 0.525641 0.022936 0.027350
0 0.713303 0.517094 0.032110 0.035897
0 0.811927 0.619231 0.027523 0.028205
0 0.855963 0.594444 0.025688 0.026496
0 0.054587 0.907692 0.032110 0.034188
0 0.062385 0.947436 0.040367 0.040171
0 0.015596 0.900427 0.023853 0.029915
0 0.014220 0.843590 0.026606 0.035897
0 0.242202 0.867521 0.027523 0.032479
0 0.343578 0.394444 0.037615 0.035043
0 0.285780 0.487607 0.026606 0.029915
0 0.355963 0.480769 0.025688 0.033333
0 0.212385 0.433333 0.021101 0.025641
0 0.213761 0.473077 0.020183 0.023077
0 0.231651 0.495299 0.028440 0.028205
0 0.202752 0.017521 0.044037 0.031624
0 0.360550 0.848718 0.029358 0.029060
0 0.423394 0.900000 0.026606 0.027350
0 0.460092 0.889744 0.019266 0.029060
0 0.294495 0.847863 0.018349 0.022222
0 0.259633 0.831197 0.022018 0.021368
0 0.244954 0.811538 0.031193 0.028205
0 0.295413 0.814103 0.031193 0.035043
0 0.190826 0.826496 0.023853 0.030769
0 0.431651 0.828632 0.033945 0.031624
0 0.392202 0.782051 0.026606 0.032479
0 0.161009 0.751709 0.026606 0.040171
0 0.185321 0.773932 0.023853 0.026496
0 0.277064 0.739744 0.025688 0.031624
0 0.268349 0.712821 0.022936 0.034188
0 0.241284 0.711111 0.025688 0.030769
0 0.309174 0.710684 0.023853 0.023077
0 0.023853 0.694444 0.033028 0.035043
0 0.071101 0.689744 0.026606 0.027350
0 0.116972 0.738034 0.028440 0.031624
0 0.046330 0.747436 0.037615 0.058974
0 0.044495 0.795726 0.035780 0.034188
0 0.094954 0.806838 0.030275 0.027350
0 0.125688 0.822650 0.018349 0.017949
0 0.222936 0.897436 0.038532 0.037607
0 0.179817 0.905983 0.025688 0.030769
0 0.442202 0.919231 0.027523 0.028205
0 0.447248 0.876496 0.024771 0.040171
0 0.488532 0.824786 0.043119 0.027350
0 0.594954 0.847436 0.041284 0.038462
0 0.633486 0.811111 0.037615 0.039316
0 0.579817 0.898291 0.036697 0.032479
0 0.620183 0.927778 0.027523 0.028205
0 0.675229 0.935043 0.029358 0.034188
0 0.715138 0.921368 0.032110 0.027350
0 0.543578 0.796581 0.028440 0.029060
0 0.579817 0.751709 0.031193 0.029915
0 0.570642 0.713675 0.033028 0.029060
0 0.679358 0.720085 0.037615 0.033333
0 0.789908 0.774359 0.033028 0.034188
0 0.796330 0.743162 0.029358 0.023077
0 0.731651 0.690598 0.026606 0.030769
0 0.663303 0.661538 0.042202 0.037607
0 0.835321 0.664957 0.032110 0.034188
0 0.760092 0.632051 0.030275 0.031624
0 0.711468 0.623504 0.028440 0.028205
0 0.874312 0.632906 0.036697 0.036752
0 0.942202 0.415812 0.034862 0.031624
0 0.985321 0.415812 0.027523 0.028205
0 0.769266 0.402991 0.039450 0.043590
0 0.764679 0.479915 0.033945 0.021368
0 0.776606 0.518803 0.024771 0.025641
0 0.681651 0.544872 0.034862 0.029915
0 0.718807 0.443162 0.019266 0.023077
0 0.653211 0.451709 0.027523 0.026496
0 0.698165 0.370513 0.023853 0.029915
0 0.611927 0.337607 0.025688 0.027350
0 0.567431 0.385470 0.024771 0.032479
0 0.549083 0.424359 0.028440 0.031624
0 0.632110 0.101709 0.025688 0.032479
0 0.686239 0.123077 0.025688 0.025641
0 0.698165 0.176068 0.027523 0.025641
0 0.665596 0.185470 0.021101 0.029060
0 0.630275 0.208974 0.034862 0.040171
0 0.573394 0.207692 0.020183 0.027350
0 0.555963 0.258974 0.027523 0.032479
0 0.648165 0.289316 0.022936 0.028205
0 0.515596 0.292308 0.027523 0.025641
0 0.481193 0.265812 0.032110 0.037607
0 0.477523 0.330342 0.032110 0.035043
0 0.465596 0.296154 0.022936 0.026496
0 0.556881 0.346581 0.022018 0.024786
0 0.027982 0.584188 0.015596 0.023077
0 0.015596 0.623932 0.025688 0.034188
0 0.048624 0.617094 0.031193 0.029060
0 0.066514 0.626923 0.026606 0.033333
0 0.094037 0.628205 0.026606 0.032479
0 0.106422 0.661966 0.020183 0.023077
0 0.149541 0.637607 0.038532 0.047863
0 0.230734 0.606410 0.028440 0.029915
0 0.294495 0.670513 0.029358 0.040171
0 0.322477 0.647436 0.022936 0.028205
0 0.299083 0.594872 0.022018 0.034188
0 0.394495 0.596581 0.027523 0.027350
0 0.236239 0.157265 0.024771 0.030769
0 0.235780 0.232051 0.023853 0.021368
0 0.176147 0.244444 0.023853 0.023932
0 0.203211 0.282906 0.021101 0.030769
0 0.291284 0.328632 0.019266 0.026496
0 0.407798 0.359829 0.022936 0.030769
0 0.345872 0.330769 0.023853 0.029060
0 0.144037 0.324359 0.031193 0.036752
0 0.055505 0.334615 0.017431 0.029915
0 0.033028 0.338034 0.022018 0.024786
0 0.593119 0.157692 0.024771 0.031624
0 0.825229 0.187179 0.022936 0.034188
0 0.844037 0.218376 0.020183 0.031624
0 0.940367 0.275214 0.022018 0.025641
0 0.908716 0.144872 0.033945 0.029915
0 0.486239 0.561966 0.023853 0.033333
0 0.577982 0.600427 0.029358 0.029915
0 0.594037 0.562821 0.033945 0.040171
0 0.394954 0.526923 0.033945 0.038462
0 0.454587 0.598291 0.026606 0.025641
0 0.158716 0.382906 0.023853 0.027350
0 0.080734 0.406838 0.025688 0.032479
0 0.100917 0.442308 0.018349 0.026496
0 0.103211 0.473932 0.015596 0.023077
0 0.098624 0.525214 0.022936 0.028205
0 0.196789 0.540171 0.024771 0.027350
0 0.175229 0.688034 0.023853 0.025641
0 0.263761 0.594872 0.017431 0.023932
0 0.276606 0.534188 0.019266 0.025641
0 0.427064 0.663248 0.054128 0.059829
0 0.487156 0.782479 0.022018 0.026496
0 0.488991 0.390171 0.023853 0.035043
0 0.571560 0.462821 0.020183 0.029915
0 0.270183 0.406838 0.024771 0.027350
0 0.368807 0.458120 0.018349 0.030769
0 0.348624 0.423077 0.023853 0.015385
0 0.330734 0.543162 0.054128 0.053846
0 0.358716 0.579487 0.022018 0.023932
0 0.333028 0.602991 0.034862 0.036752
0 0.200917 0.359829 0.020183 0.023932
0 0.030734 0.057692 0.033945 0.036752
0 0.060092 0.063675 0.024771 0.029915
1 0.094037 0.243590 0.019266 0.018803
1 0.166972 0.263675 0.016514 0.016239
1 0.090367 0.335897 0.021101 0.022222
1 0.427064 0.709402 0.026606 0.023932
1 0.330734 0.904274 0.026606 0.025641
1 0.321560 0.795726 0.019266 0.018803
1 0.419266 0.848718 0.018349 0.020513
1 0.050459 0.571795 0.022018 0.025641
1 0.155505 0.494444 0.021101 0.026496
1 0.143578 0.471368 0.015596 0.028205
1 0.162385 0.570940 0.018349 0.030769
1 0.761468 0.557692 0.025688 0.024786
1 0.744954 0.606838 0.022018 0.017094
1 0.716972 0.968376 0.022936 0.020513
1 0.654128 0.986752 0.018349 0.026496
1 0.972936 0.817094 0.019266 0.015385
1 0.038991 0.097863 0.019266 0.026496
1 0.208257 0.398718 0.023853 0.024786
