1 0.508789 0.748047 0.044922 0.042969
1 0.707031 0.518555 0.031250 0.037109
1 0.903320 0.863281 0.037109 0.031250
1 0.262695 0.844727 0.060547 0.037109
1 0.203125 0.958008 0.023438 0.021484
1 0.029297 0.887695 0.046875 0.025391
1 0.667969 0.880859 0.058594 0.027344
1 0.196289 0.122070 0.033203 0.029297
1 0.855469 0.382812 0.035156 0.039062
1 0.860352 0.591797 0.029297 0.039062
1 0.774414 0.536133 0.033203 0.041016
1 0.738281 0.825195 0.027344 0.025391
1 0.229492 0.561523 0.037109 0.033203
1 0.101562 0.250000 0.035156 0.023438
2 0.777344 0.263672 0.054688 0.042969
2 0.803711 0.653320 0.044922 0.044922
2 0.726562 0.564453 0.050781 0.042969
2 0.581055 0.268555 0.044922 0.037109
2 0.649414 0.241211 0.044922 0.041016
2 0.835938 0.286133 0.046875 0.048828
2 0.304688 0.582031 0.050781 0.042969
