1 0.492481 0.933140 0.037594 0.034884
1 0.082707 0.636628 0.045113 0.046512
1 0.729323 0.754360 0.050125 0.061047
1 0.933584 0.636628 0.037594 0.034884
1 0.209273 0.632267 0.027569 0.031977
1 0.526316 0.085756 0.035088 0.037791
1 0.111529 0.574128 0.022556 0.026163
2 0.121554 0.095930 0.072682 0.110465
2 0.174185 0.213663 0.077694 0.113372
2 0.106516 0.215116 0.062657 0.127907
2 0.171679 0.465116 0.082707 0.110465
2 0.290727 0.816860 0.085213 0.116279
2 0.553885 0.584302 0.090226 0.098837
2 0.741855 0.629360 0.085213 0.095930
2 0.823308 0.553779 0.092732 0.101744
2 0.542607 0.258721 0.072682 0.081395
2 0.288221 0.094477 0.065163 0.066860
2 0.939850 0.097384 0.070175 0.072674
2 0.140351 0.764535 0.070175 0.087209
2 0.476190 0.715116 0.065163 0.104651
2 0.454887 0.238372 0.067669 0.069767
3 0.322055 0.369186 0.228070 0.290698
3 0.090226 0.893895 0.125313 0.125000
3 0.258145 0.904070 0.075188 0.087209
