0 0.016393 0.043695 0.018361 0.017478
0 0.029180 0.021848 0.016393 0.017478
0 0.072787 0.018102 0.020984 0.018727
0 0.108197 0.025593 0.022295 0.021223
0 0.146885 0.012484 0.020984 0.019975
0 0.175082 0.027778 0.022295 0.020599
0 0.131475 0.040886 0.021639 0.018102
0 0.096066 0.076155 0.028197 0.026217
0 0.077377 0.103620 0.022295 0.017478
0 0.065246 0.082085 0.022951 0.018102
0 0.043279 0.061798 0.015738 0.012484
0 0.028852 0.101124 0.019672 0.017478
0 0.046230 0.155119 0.017705 0.016854
0 0.075738 0.151373 0.021639 0.018102
0 0.112787 0.148564 0.019672 0.019975
0 0.129508 0.123908 0.016393 0.016854
0 0.141639 0.128901 0.013115 0.014357
0 0.154098 0.094569 0.014426 0.014357
0 0.155410 0.110487 0.018361 0.013733
0 0.183934 0.091448 0.017705 0.015605
0 0.219344 0.127653 0.016393 0.015605
0 0.250492 0.114544 0.017049 0.013109
0 0.228525 0.099563 0.019016 0.019351
0 0.227213 0.144195 0.019016 0.017478
0 0.250164 0.099251 0.015082 0.009988
0 0.224590 0.079276 0.019016 0.014981
0 0.010164 0.136392 0.016393 0.018102
0 0.009836 0.079276 0.015738 0.014981
0 0.233115 0.173533 0.019016 0.018727
0 0.253443 0.152622 0.017705 0.018102
0 0.266230 0.174469 0.014426 0.016854
0 0.214754 0.015605 0.020328 0.021223
0 0.286885 0.160112 0.019016 0.011860
0 0.297705 0.114544 0.017049 0.016854
0 0.319016 0.125468 0.017705 0.017478
0 0.359016 0.107990 0.020328 0.018727
0 0.322951 0.058052 0.022951 0.012484
0 0.345574 0.056180 0.020984 0.013733
0 0.338689 0.037765 0.030820 0.013109
0 0.315410 0.029338 0.014426 0.013733
0 0.357705 0.148252 0.019016 0.018102
0 0.402951 0.132959 0.015082 0.013733
0 0.425246 0.120787 0.017705 0.016854
0 0.451475 0.160424 0.013770 0.014981
0 0.314426 0.196941 0.017705 0.013109
0 0.393443 0.164482 0.018361 0.019351
0 0.420984 0.017790 0.019672 0.018102
0 0.445574 0.029026 0.020328 0.020599
0 0.477705 0.015605 0.017705 0.014981
0 0.502951 0.013733 0.015738 0.016230
0 0.495738 0.030275 0.011803 0.011860
0 0.455082 0.092385 0.014426 0.019975
0 0.465902 0.134831 0.011148 0.021223
0 0.394098 0.211610 0.018361 0.016230
0 0.417049 0.197253 0.020984 0.018727
0 0.478689 0.181960 0.017049 0.018102
0 0.501967 0.162921 0.017705 0.018727
0 0.549508 0.021223 0.018361 0.021223
0 0.538361 0.074906 0.017049 0.018727
0 0.497377 0.051186 0.017705 0.016230
0 0.540656 0.137328 0.013770 0.019975
0 0.556066 0.183833 0.014426 0.019351
0 0.574098 0.176030 0.015082 0.016230
0 0.577705 0.119226 0.015738 0.018727
0 0.621311 0.138265 0.017705 0.018102
0 0.604590 0.122659 0.018361 0.016854
0 0.647869 0.153558 0.020984 0.018727
0 0.565246 0.056492 0.019672 0.013109
0 0.585246 0.036829 0.020328 0.017478
0 0.599672 0.078652 0.015082 0.024969
0 0.590492 0.191948 0.016393 0.018102
0 0.653115 0.124532 0.018361 0.018102
0 0.642295 0.075218 0.021639 0.018102
0 0.632131 0.052122 0.017049 0.015605
0 0.626885 0.024969 0.011803 0.018727
0 0.708197 0.031835 0.020984 0.018727
0 0.732787 0.021223 0.019016 0.017478
0 0.697705 0.103620 0.019672 0.017478
0 0.695082 0.083333 0.007869 0.021848
0 0.621639 0.092385 0.007869 0.019975
0 0.685574 0.225031 0.020328 0.018102
0 0.636393 0.186642 0.020328 0.016230
0 0.690164 0.204432 0.016393 0.018102
0 0.717377 0.174157 0.018361 0.018727
0 0.757377 0.175406 0.017049 0.014981
0 0.742623 0.161673 0.012459 0.017478
0 0.726885 0.211298 0.008525 0.010612
0 0.796393 0.148252 0.017705 0.014357
0 0.814754 0.138577 0.017705 0.019975
0 0.794426 0.123283 0.016393 0.015605
0 0.780984 0.096754 0.014426 0.016230
0 0.727869 0.152622 0.014426 0.016854
0 0.743607 0.123908 0.010492 0.010612
0 0.737049 0.201311 0.007869 0.010612
0 0.758689 0.034956 0.020984 0.018727
0 0.762623 0.057116 0.018361 0.018102
0 0.762951 0.080836 0.017705 0.016854
0 0.746885 0.089576 0.014426 0.018102
0 0.803934 0.061798 0.019672 0.022472
0 0.819672 0.047129 0.014426 0.010612
0 0.836393 0.030899 0.016393 0.015605
0 0.837705 0.113296 0.013770 0.014357
0 0.854098 0.131086 0.019016 0.017478
0 0.860328 0.071785 0.017049 0.019975
0 0.883934 0.057428 0.014426 0.016230
0 0.909836 0.029650 0.019016 0.019351
0 0.915410 0.120787 0.030164 0.023096
0 0.930492 0.077403 0.017049 0.014981
0 0.904918 0.075218 0.009180 0.011860
0 0.927213 0.088951 0.010492 0.009363
0 0.887213 0.130774 0.011803 0.016854
0 0.944262 0.140449 0.018361 0.013733
0 0.944262 0.174782 0.020984 0.014981
0 0.976721 0.151061 0.011148 0.016230
0 0.969836 0.015293 0.015738 0.014357
0 0.929180 0.205993 0.020984 0.012484
0 0.938689 0.238764 0.020328 0.016854
0 0.913115 0.234395 0.016393 0.016854
0 0.880984 0.249688 0.017705 0.016230
0 0.916393 0.272160 0.013770 0.014981
0 0.817705 0.205680 0.017049 0.018102
0 0.772459 0.200375 0.019672 0.017478
0 0.790820 0.225968 0.019672 0.016230
0 0.765246 0.233770 0.022295 0.020599
0 0.718689 0.246879 0.017049 0.019351
0 0.725902 0.320225 0.018361 0.014981
0 0.802951 0.244694 0.019016 0.019975
0 0.813443 0.270911 0.020328 0.019975
0 0.842295 0.236579 0.019016 0.018727
0 0.845574 0.254370 0.020328 0.021848
0 0.876393 0.273096 0.020328 0.018102
0 0.896393 0.302434 0.017049 0.016854
0 0.857705 0.291823 0.015738 0.011860
0 0.871803 0.307740 0.017705 0.013733
0 0.843934 0.305868 0.017049 0.009988
0 0.894426 0.195693 0.014426 0.013109
0 0.964262 0.269975 0.016393 0.015605
0 0.977705 0.298065 0.018361 0.016854
0 0.952131 0.303683 0.017049 0.016854
0 0.860000 0.353620 0.019016 0.018102
0 0.955410 0.349875 0.018361 0.015605
0 0.903607 0.356117 0.013115 0.013109
0 0.984262 0.441635 0.018361 0.015605
0 0.978689 0.475968 0.021639 0.021848
0 0.951148 0.492197 0.015082 0.020599
0 0.941967 0.474719 0.019016 0.019351
0 0.993115 0.490949 0.012459 0.016854
0 0.964590 0.512797 0.015738 0.018102
0 0.886885 0.472846 0.015082 0.018102
0 0.875738 0.452871 0.012459 0.016854
0 0.907541 0.421036 0.019672 0.011860
0 0.866230 0.419788 0.013115 0.014357
0 0.813443 0.393883 0.013770 0.014981
0 0.814426 0.414482 0.020984 0.019975
0 0.829180 0.434145 0.016393 0.019351
0 0.854426 0.446941 0.015738 0.017478
0 0.799016 0.426966 0.015082 0.017478
0 0.807213 0.463483 0.019672 0.018102
0 0.782295 0.435393 0.013115 0.011860
0 0.732787 0.430712 0.019016 0.018727
0 0.707869 0.434457 0.015082 0.012484
0 0.859016 0.480649 0.015738 0.013733
0 0.826885 0.490949 0.019672 0.018102
0 0.837049 0.503433 0.021639 0.019351
0 0.793770 0.496255 0.019016 0.017478
0 0.855738 0.386392 0.015738 0.014981
0 0.753443 0.498439 0.019672 0.019351
0 0.741967 0.439451 0.024262 0.016230
0 0.734098 0.493134 0.017705 0.014981
0 0.848852 0.542447 0.019016 0.018727
0 0.924590 0.514669 0.015738 0.015605
0 0.807869 0.534020 0.013115 0.019351
0 0.698689 0.552747 0.016393 0.018102
0 0.726230 0.555868 0.015082 0.016854
0 0.864918 0.498439 0.015738 0.016854
0 0.752459 0.593633 0.019016 0.017478
0 0.839016 0.574906 0.015082 0.012484
0 0.861967 0.573970 0.016393 0.013109
0 0.862295 0.595194 0.014426 0.014357
0 0.855082 0.616417 0.026230 0.018102
0 0.876066 0.617041 0.023607 0.015605
0 0.896721 0.627341 0.021639 0.018727
0 0.923607 0.593945 0.019016 0.015605
0 0.838689 0.644507 0.018361 0.019351
0 0.779344 0.655119 0.019016 0.018102
0 0.808197 0.684457 0.013770 0.018102
0 0.844262 0.670412 0.020328 0.019975
0 0.931148 0.630774 0.018361 0.014357
0 0.937049 0.657303 0.017049 0.013733
0 0.954426 0.673533 0.019016 0.019975
0 0.897705 0.680087 0.020984 0.018102
0 0.851475 0.703496 0.019016 0.021223
0 0.835738 0.722846 0.021639 0.018727
0 0.911803 0.701623 0.022951 0.018727
0 0.719016 0.621723 0.021639 0.019975
0 0.986557 0.740949 0.021639 0.021223
0 0.954426 0.708177 0.019016 0.016854
0 0.939672 0.746879 0.018361 0.020599
0 0.761311 0.756554 0.018361 0.016230
0 0.830492 0.788702 0.025574 0.018102
0 0.788197 0.802747 0.018361 0.016230
0 0.745246 0.797441 0.019016 0.015605
0 0.808852 0.839888 0.019016 0.014357
0 0.834098 0.882959 0.017049 0.015605
0 0.852787 0.838951 0.021639 0.018727
0 0.838689 0.851124 0.018361 0.011860
0 0.855082 0.756866 0.018361 0.018102
0 0.896066 0.776217 0.017705 0.018102
0 0.876721 0.770911 0.023607 0.014981
0 0.932131 0.796504 0.015082 0.017478
0 0.916066 0.798377 0.014426 0.016230
0 0.938361 0.816479 0.006557 0.012484
0 0.952459 0.839888 0.017705 0.019351
0 0.981311 0.824282 0.019016 0.013109
0 0.921311 0.844569 0.023607 0.018727
0 0.917705 0.869850 0.016393 0.015605
0 0.973770 0.955368 0.019672 0.016854
0 0.821311 0.875156 0.020328 0.014981
0 0.830492 0.902310 0.019016 0.014357
0 0.819016 0.921660 0.020984 0.011860
0 0.867869 0.920724 0.017705 0.017478
0 0.945574 0.870787 0.018361 0.016230
0 0.817377 0.948502 0.015082 0.016854
0 0.755410 0.931336 0.018361 0.014981
0 0.794754 0.854869 0.013115 0.015605
0 0.719016 0.895443 0.022951 0.020599
0 0.720656 0.912297 0.020984 0.015605
0 0.730820 0.940387 0.019016 0.014357
0 0.731148 0.979713 0.014426 0.016854
0 0.686557 0.964732 0.019672 0.016854
0 0.649836 0.957865 0.019672 0.021848
0 0.635738 0.930712 0.020328 0.014981
0 0.694426 0.876717 0.020984 0.020599
0 0.670820 0.820225 0.020984 0.012484
0 0.663607 0.840824 0.017049 0.018727
0 0.613115 0.906679 0.020984 0.018102
0 0.621311 0.875468 0.020328 0.019351
0 0.616393 0.840200 0.015738 0.014981
0 0.643934 0.828964 0.014426 0.013733
0 0.572131 0.941948 0.017705 0.017478
0 0.530492 0.950375 0.017049 0.019351
0 0.501639 0.972534 0.015738 0.017478
0 0.516066 0.986579 0.014426 0.018102
0 0.456066 0.980337 0.017705 0.016854
0 0.451475 0.956929 0.019016 0.016230
0 0.477705 0.926030 0.017705 0.014357
0 0.491803 0.899501 0.018361 0.019975
0 0.461967 0.916667 0.013770 0.013109
0 0.536066 0.870787 0.019016 0.021223
0 0.592131 0.828964 0.017049 0.016230
0 0.540984 0.836142 0.017049 0.018102
0 0.521311 0.852372 0.010492 0.016854
0 0.452787 0.887328 0.016393 0.015605
0 0.449508 0.872659 0.011148 0.017478
0 0.471475 0.850187 0.017049 0.014981
0 0.587869 0.850187 0.012459 0.013733
0 0.417377 0.913233 0.013770 0.013733
0 0.410164 0.895755 0.016393 0.017478
0 0.614754 0.809613 0.015082 0.038702
0 0.241639 0.988452 0.015082 0.018102
0 0.217377 0.956929 0.016393 0.016230
0 0.248197 0.947253 0.012459 0.016854
0 0.271148 0.923221 0.017705 0.016230
0 0.289180 0.903558 0.017049 0.015605
0 0.308852 0.921036 0.019672 0.018102
0 0.280000 0.957865 0.014426 0.015605
0 0.255410 0.978152 0.012459 0.014981
0 0.267213 0.991261 0.013770 0.016230
0 0.341639 0.902622 0.015738 0.014981
0 0.380328 0.903870 0.018361 0.018727
0 0.448852 0.838015 0.017705 0.016854
0 0.470164 0.821473 0.018361 0.016230
0 0.376066 0.848627 0.019016 0.019351
0 0.336721 0.873908 0.020328 0.017478
0 0.429180 0.839263 0.017705 0.015605
0 0.412787 0.841448 0.013770 0.009988
0 0.215410 0.918539 0.019016 0.016854
0 0.251148 0.870162 0.018361 0.017478
0 0.282295 0.874844 0.016393 0.014357
0 0.430820 0.797753 0.015738 0.017478
0 0.374426 0.816167 0.013115 0.013109
0 0.077705 0.973159 0.016393 0.016230
0 0.131148 0.968477 0.015738 0.018102
0 0.151475 0.941011 0.020984 0.020599
0 0.180328 0.930712 0.017049 0.014981
0 0.195738 0.937578 0.012459 0.026217
0 0.078689 0.945693 0.015738 0.014981
0 0.101967 0.929463 0.021639 0.016230
0 0.116721 0.944444 0.010492 0.017478
0 0.113115 0.897940 0.017705 0.013109
0 0.057705 0.943820 0.014426 0.012484
0 0.020656 0.912921 0.012459 0.015605
0 0.058361 0.873908 0.018361 0.017478
0 0.199672 0.856429 0.020328 0.019975
0 0.245574 0.842072 0.017705 0.014981
0 0.180000 0.865169 0.013770 0.016230
0 0.194426 0.841448 0.016393 0.014981
0 0.112131 0.844569 0.015738 0.026217
0 0.092459 0.839888 0.017049 0.016854
0 0.189508 0.806492 0.019672 0.013733
0 0.170492 0.803059 0.022295 0.018102
0 0.026557 0.966916 0.016393 0.024969
0 0.037049 0.847378 0.017705 0.018102
0 0.128852 0.780275 0.019016 0.018727
0 0.065902 0.781523 0.015082 0.014981
0 0.193115 0.785893 0.015082 0.016230
0 0.211148 0.789638 0.013115 0.016230
0 0.032131 0.795256 0.009180 0.016230
0 0.052459 0.752497 0.015738 0.011860
0 0.042951 0.727840 0.015082 0.027466
0 0.026230 0.727840 0.011803 0.016230
0 0.060000 0.732834 0.017705 0.016230
0 0.074754 0.726904 0.013115 0.015605
0 0.160328 0.734082 0.016393 0.018727
0 0.181311 0.717853 0.016393 0.021223
0 0.138689 0.716604 0.021639 0.017478
0 0.178689 0.753433 0.009836 0.018727
0 0.131803 0.702559 0.024918 0.013109
0 0.237705 0.724719 0.019016 0.017478
0 0.221967 0.712547 0.017705 0.013109
0 0.159672 0.684457 0.016393 0.018102
0 0.137705 0.669476 0.019672 0.015605
0 0.198361 0.690387 0.019016 0.013733
0 0.184918 0.679151 0.015738 0.022472
0 0.039672 0.661985 0.016393 0.018102
0 0.020656 0.614544 0.015082 0.021848
0 0.084262 0.644195 0.016393 0.017478
0 0.100328 0.648876 0.013115 0.016854
0 0.115738 0.644819 0.012459 0.011236
0 0.200656 0.647004 0.014426 0.019351
0 0.154098 0.634207 0.017049 0.018727
0 0.138361 0.642010 0.019672 0.015605
0 0.093443 0.617353 0.019016 0.014981
0 0.077705 0.619850 0.015082 0.016230
0 0.066557 0.598002 0.016393 0.018727
0 0.041311 0.563046 0.022295 0.023720
0 0.041311 0.582709 0.015738 0.016854
0 0.012459 0.553683 0.017049 0.013733
0 0.098033 0.559925 0.021639 0.016230
0 0.100984 0.586767 0.019672 0.017478
0 0.083279 0.583645 0.014426 0.018727
0 0.162623 0.577091 0.019672 0.016854
0 0.166557 0.597066 0.018361 0.016854
0 0.061639 0.519975 0.010492 0.023720
0 0.087869 0.485643 0.018361 0.018727
0 0.059016 0.483770 0.014426 0.021223
0 0.097705 0.524969 0.019672 0.018727
0 0.144918 0.538702 0.015738 0.014981
0 0.172787 0.536205 0.017705 0.012484
0 0.172787 0.554307 0.019016 0.018727
0 0.213770 0.552434 0.015738 0.017478
0 0.257705 0.571473 0.019672 0.018102
0 0.182295 0.611111 0.017049 0.016230
0 0.200000 0.583333 0.017049 0.018102
0 0.162623 0.510612 0.019672 0.014981
0 0.177377 0.495318 0.020328 0.019351
0 0.155410 0.457553 0.022295 0.017478
0 0.122623 0.483458 0.013115 0.021848
0 0.137049 0.473159 0.014426 0.012484
0 0.255738 0.529650 0.018361 0.015605
0 0.256066 0.507803 0.020328 0.015605
0 0.026885 0.431960 0.019672 0.018727
0 0.053115 0.426966 0.020984 0.019975
0 0.151475 0.424469 0.020984 0.021223
0 0.128197 0.418851 0.020328 0.018727
0 0.102295 0.410737 0.015738 0.016230
0 0.054098 0.388577 0.016393 0.018102
0 0.083279 0.405743 0.013115 0.014981
0 0.069180 0.394195 0.012459 0.014357
0 0.020000 0.350187 0.017705 0.018727
0 0.016721 0.320537 0.016393 0.020599
0 0.041311 0.325218 0.014426 0.021223
0 0.010492 0.284020 0.015738 0.021223
0 0.045574 0.297441 0.012459 0.015605
0 0.072131 0.305243 0.022295 0.016230
0 0.111803 0.302747 0.019016 0.021223
0 0.135082 0.349875 0.018361 0.018102
0 0.136066 0.318664 0.017705 0.016854
0 0.164262 0.308989 0.020328 0.016230
0 0.180984 0.327403 0.017049 0.015605
0 0.155738 0.364232 0.017705 0.011860
0 0.204262 0.389201 0.020328 0.019351
0 0.234426 0.391074 0.017705 0.016854
0 0.257049 0.403558 0.022295 0.019351
0 0.247869 0.372347 0.017049 0.006866
0 0.236393 0.362672 0.012459 0.012484
0 0.224262 0.373596 0.015738 0.010612
0 0.221311 0.354245 0.020328 0.020599
0 0.262623 0.343945 0.019016 0.016230
0 0.017049 0.202559 0.023607 0.014357
0 0.065902 0.254682 0.020328 0.019975
0 0.090164 0.253121 0.017705 0.016854
0 0.063279 0.193820 0.016393 0.013109
0 0.101639 0.225655 0.018361 0.015605
0 0.143607 0.245318 0.019672 0.017478
0 0.156393 0.254994 0.020328 0.015605
0 0.245574 0.322097 0.016393 0.014981
0 0.226557 0.324594 0.015082 0.011236
0 0.220656 0.300874 0.020328 0.018727
0 0.245246 0.226592 0.015738 0.016230
0 0.259344 0.197253 0.016393 0.014981
0 0.338033 0.241573 0.017705 0.019975
0 0.340984 0.280899 0.018361 0.017478
0 0.308525 0.331773 0.012459 0.014357
0 0.304590 0.390762 0.016393 0.012484
0 0.333443 0.331773 0.016393 0.014357
0 0.366230 0.359551 0.016393 0.014981
0 0.374754 0.384831 0.017705 0.018102
0 0.420656 0.283084 0.021639 0.019351
0 0.439672 0.305243 0.021639 0.026217
0 0.472131 0.293695 0.015738 0.015605
0 0.393115 0.392010 0.017705 0.018727
0 0.355082 0.452871 0.020328 0.010612
0 0.424262 0.474095 0.019672 0.020599
0 0.484918 0.465980 0.013770 0.016854
0 0.504590 0.468165 0.019016 0.019975
0 0.452459 0.354557 0.015738 0.014981
0 0.484590 0.306180 0.019672 0.018102
0 0.481311 0.361423 0.017049 0.017478
0 0.532787 0.353308 0.021639 0.019975
0 0.518033 0.417915 0.022295 0.021848
0 0.552787 0.397628 0.018361 0.018727
0 0.574426 0.406991 0.018361 0.018727
0 0.572131 0.449126 0.020328 0.018102
0 0.556066 0.368914 0.014426 0.013733
0 0.637049 0.398252 0.017705 0.016230
0 0.619672 0.352996 0.017049 0.018102
0 0.579016 0.359238 0.015738 0.015605
0 0.575082 0.428215 0.019672 0.014981
0 0.580656 0.489700 0.017705 0.018102
0 0.632131 0.480961 0.020984 0.018102
0 0.666230 0.502497 0.019672 0.016230
0 0.651148 0.428527 0.018361 0.015605
0 0.687869 0.419788 0.014426 0.013109
0 0.757705 0.406991 0.016393 0.017478
0 0.764918 0.380150 0.017705 0.017478
0 0.739672 0.395755 0.019672 0.017478
0 0.682295 0.367978 0.017705 0.016854
0 0.746885 0.357990 0.015738 0.013109
0 0.727213 0.362984 0.018361 0.016854
0 0.707869 0.338639 0.016393 0.016854
0 0.693770 0.329900 0.018361 0.015605
0 0.671148 0.336454 0.019016 0.017478
0 0.662295 0.318040 0.020984 0.019351
0 0.646230 0.300250 0.020328 0.019975
0 0.620000 0.236267 0.015082 0.019351
0 0.612131 0.289638 0.019016 0.021223
0 0.587869 0.281211 0.020328 0.018102
0 0.549836 0.274969 0.017705 0.014357
0 0.437705 0.228464 0.020328 0.016230
0 0.464918 0.224719 0.018361 0.018727
0 0.451148 0.245943 0.010492 0.018727
0 0.472131 0.246255 0.015738 0.013109
0 0.493770 0.254057 0.018361 0.016230
0 0.286557 0.409800 0.018361 0.013109
0 0.246230 0.494070 0.016393 0.013109
0 0.304918 0.513421 0.019672 0.014357
0 0.287869 0.566792 0.014426 0.028714
0 0.231475 0.608614 0.017049 0.011236
0 0.249180 0.612672 0.014426 0.016854
0 0.307869 0.541511 0.019016 0.018102
0 0.267869 0.606429 0.013770 0.014357
0 0.288852 0.599251 0.016393 0.021223
0 0.251475 0.636392 0.012459 0.015605
0 0.265574 0.644819 0.020984 0.018727
0 0.293770 0.487516 0.017049 0.012484
0 0.365902 0.511860 0.019672 0.018727
0 0.377705 0.526217 0.015738 0.013733
0 0.402295 0.530899 0.019016 0.013109
0 0.420656 0.384207 0.011148 0.016854
0 0.327869 0.545256 0.015738 0.015605
0 0.359016 0.540262 0.024262 0.011860
0 0.335410 0.583958 0.017705 0.018102
0 0.325246 0.611111 0.015738 0.016230
0 0.352459 0.595194 0.013770 0.014357
0 0.363607 0.570225 0.021639 0.016854
0 0.399016 0.607678 0.017705 0.015605
0 0.387213 0.596442 0.015082 0.015605
0 0.423279 0.613608 0.020328 0.013733
0 0.433443 0.546504 0.010492 0.019351
0 0.459672 0.529026 0.014426 0.015605
0 0.503279 0.522472 0.019016 0.017478
0 0.524590 0.512484 0.018361 0.014981
0 0.527541 0.531523 0.021639 0.015605
0 0.551148 0.522472 0.020328 0.014981
0 0.545246 0.546504 0.022951 0.015605
0 0.440000 0.564295 0.010492 0.016230
0 0.459016 0.601436 0.022295 0.010612
0 0.474426 0.583645 0.017705 0.016230
0 0.583279 0.580212 0.017705 0.015605
0 0.620656 0.558052 0.013770 0.018727
0 0.583607 0.506866 0.014426 0.011236
0 0.562951 0.580836 0.016393 0.018102
0 0.526230 0.597066 0.016393 0.013109
0 0.520984 0.585518 0.017705 0.011236
0 0.496066 0.618290 0.021639 0.018102
0 0.481967 0.522472 0.011803 0.012484
0 0.453115 0.643883 0.018361 0.016854
0 0.580984 0.601124 0.020984 0.017478
0 0.462295 0.694132 0.018361 0.016230
0 0.432459 0.659488 0.012459 0.018102
0 0.411475 0.702247 0.016393 0.016230
0 0.482951 0.648252 0.017705 0.014357
0 0.530164 0.678839 0.017705 0.018102
0 0.543934 0.709114 0.020328 0.019975
0 0.485574 0.733458 0.021639 0.018727
0 0.409180 0.729089 0.015738 0.016230
0 0.607213 0.614544 0.017049 0.014357
0 0.612459 0.702559 0.020984 0.019351
0 0.588852 0.715980 0.018361 0.017478
0 0.512459 0.738764 0.021639 0.015605
0 0.219344 0.768414 0.017705 0.019975
0 0.252131 0.765293 0.025574 0.022472
0 0.250164 0.739388 0.020328 0.015605
0 0.294754 0.715044 0.016393 0.018102
0 0.286557 0.665730 0.019672 0.018102
0 0.315082 0.724095 0.013770 0.011236
0 0.322951 0.753121 0.022951 0.014357
0 0.331803 0.734082 0.017049 0.016230
0 0.353443 0.772784 0.019672 0.014981
0 0.351148 0.722846 0.017705 0.017478
0 0.376721 0.724407 0.020328 0.016854
0 0.396721 0.690387 0.011803 0.011236
0 0.442295 0.728152 0.011148 0.011860
0 0.357049 0.686330 0.020328 0.018102
0 0.344590 0.676654 0.015082 0.013733
0 0.273115 0.699438 0.008525 0.011860
0 0.250820 0.663546 0.016393 0.009988
0 0.312131 0.687266 0.013115 0.013733
0 0.360328 0.621723 0.012459 0.012484
0 0.385246 0.678527 0.019016 0.016230
0 0.476721 0.680400 0.014426 0.011236
0 0.485902 0.791199 0.014426 0.013109
0 0.514754 0.782147 0.014426 0.016230
0 0.500984 0.800874 0.014426 0.013733
0 0.602295 0.754994 0.020328 0.016854
0 0.643279 0.758739 0.020984 0.015605
0 0.651148 0.712235 0.017049 0.014981
0 0.635410 0.706617 0.017049 0.014981
0 0.569180 0.743134 0.014426 0.011860
0 0.644918 0.561486 0.020328 0.020599
0 0.661311 0.527778 0.013770 0.015605
0 0.676393 0.516230 0.021639 0.016230
0 0.698033 0.666667 0.019016 0.019975
0 0.759672 0.559301 0.016393 0.018727
0 0.807213 0.662297 0.014426 0.012484
0 0.549836 0.610175 0.019016 0.021848
0 0.552131 0.648252 0.013115 0.013109
0 0.686230 0.718477 0.019016 0.018727
0 0.748852 0.685081 0.014426 0.014357
0 0.598689 0.681960 0.015738 0.014357
0 0.572787 0.672909 0.012459 0.017478
0 0.577049 0.628277 0.011803 0.010612
0 0.620656 0.643258 0.012459 0.020599
0 0.660328 0.663546 0.017049 0.018727
0 0.635738 0.672285 0.016393 0.017478
0 0.676721 0.599563 0.014426 0.013109
0 0.807869 0.568976 0.017049 0.015605
0 0.829508 0.556492 0.015738 0.015605
2 0.060000 0.717541 0.008525 0.009363
