1 0.067383 0.529297 0.044922 0.031250
1 0.128906 0.678711 0.062500 0.048828
1 0.226562 0.517578 0.031250 0.031250
1 0.501953 0.910156 0.039062 0.035156
1 0.239258 0.919922 0.037109 0.027344
1 0.099609 0.955078 0.039062 0.031250
1 0.492188 0.773438 0.039062 0.035156
1 0.847656 0.481445 0.035156 0.037109
1 0.738281 0.061523 0.027344 0.044922
1 0.781250 0.042969 0.042969 0.046875
1 0.752930 0.545898 0.033203 0.033203
1 0.631836 0.861328 0.056641 0.046875
3 0.695312 0.264648 0.140625 0.111328
3 0.926758 0.303711 0.044922 0.044922
3 0.215820 0.567383 0.064453 0.048828
3 0.964844 0.450195 0.046875 0.048828
3 0.659180 0.164062 0.134766 0.085938
3 0.344727 0.706055 0.095703 0.064453
3 0.343750 0.582031 0.128906 0.113281
3 0.691406 0.409180 0.214844 0.130859
3 0.616211 0.042969 0.123047 0.082031
3 0.534180 0.495117 0.107422 0.095703
3 0.525391 0.730469 0.109375 0.085938
3 0.839844 0.379883 0.101562 0.103516
3 0.421875 0.506836 0.093750 0.115234
3 0.282227 0.370117 0.095703 0.126953
3 0.028320 0.783203 0.056641 0.082031
3 0.425781 0.406250 0.062500 0.078125
3 0.476562 0.607422 0.089844 0.066406
3 0.671875 0.791992 0.050781 0.048828
3 0.601562 0.722656 0.089844 0.093750
3 0.310547 0.906250 0.117188 0.062500
3 0.369141 0.414062 0.046875 0.066406
3 0.834961 0.283203 0.076172 0.066406
3 0.771484 0.587891 0.089844 0.085938
3 0.671875 0.513672 0.136719 0.074219
