1 0.429325 0.522364 0.035865 0.047923
1 0.081224 0.466454 0.040084 0.057508
3 0.237342 0.391374 0.073840 0.130990
3 0.159283 0.453674 0.090717 0.134185
3 0.227848 0.563898 0.080169 0.143770
3 0.267932 0.261981 0.088608 0.134185
3 0.510549 0.348243 0.097046 0.146965
3 0.640295 0.325879 0.086498 0.127796
3 0.583333 0.493610 0.073840 0.111821
3 0.748945 0.301917 0.109705 0.169329
3 0.789030 0.440895 0.075949 0.121406
3 0.918776 0.463259 0.090717 0.159744
3 0.883966 0.349840 0.084388 0.111821
3 0.322785 0.394569 0.067511 0.137380
3 0.330169 0.634185 0.069620 0.086262
3 0.089662 0.563898 0.082278 0.105431
3 0.414557 0.373802 0.082278 0.115016
3 0.084388 0.380192 0.080169 0.115016
3 0.144515 0.298722 0.090717 0.124601
