0 0.562500 0.468262 0.029297 0.045898
0 0.092773 0.950195 0.042969 0.050781
0 0.091797 0.594727 0.041016 0.044922
0 0.312988 0.176270 0.024414 0.034180
0 0.428711 0.908691 0.031250 0.030273
0 0.416992 0.635254 0.029297 0.032227
0 0.719727 0.679199 0.029297 0.022461
0 0.467773 0.675293 0.035156 0.032227
0 0.488770 0.691406 0.026367 0.033203
0 0.472168 0.891602 0.028320 0.021484
0 0.039551 0.179199 0.026367 0.030273
0 0.601074 0.056152 0.038086 0.034180
0 0.396484 0.135254 0.033203 0.028320
0 0.357422 0.022949 0.035156 0.043945
0 0.557617 0.529785 0.025391 0.024414
0 0.695801 0.584473 0.040039 0.020508
0 0.324707 0.472656 0.028320 0.025391
0 0.920898 0.873047 0.027344 0.019531
0 0.368652 0.485352 0.030273 0.025391
0 0.090820 0.268066 0.033203 0.020508
0 0.708008 0.555664 0.031250 0.035156
0 0.263672 0.791992 0.017578 0.027344
0 0.356445 0.406250 0.037109 0.021484
0 0.015625 0.094238 0.031250 0.030273
0 0.622559 0.200195 0.043945 0.029297
0 0.961426 0.823730 0.038086 0.028320
0 0.497559 0.016113 0.036133 0.030273
0 0.916504 0.843262 0.036133 0.028320
0 0.928223 0.788574 0.038086 0.028320
0 0.593750 0.341797 0.033203 0.037109
0 0.171875 0.110352 0.023438 0.017578
0 0.882324 0.069824 0.041992 0.024414
0 0.113281 0.018066 0.039062 0.032227
0 0.634766 0.038574 0.031250 0.032227
0 0.335938 0.335938 0.033203 0.023438
0 0.702148 0.429688 0.046875 0.033203
0 0.083984 0.212402 0.029297 0.030273
0 0.212402 0.670898 0.020508 0.021484
0 0.428223 0.474121 0.030273 0.034180
0 0.238770 0.582031 0.040039 0.037109
0 0.101074 0.779785 0.028320 0.036133
0 0.286133 0.778809 0.027344 0.036133
0 0.158691 0.354492 0.028320 0.025391
0 0.512207 0.553711 0.026367 0.023438
0 0.269531 0.560059 0.029297 0.018555
0 0.446777 0.095703 0.026367 0.023438
0 0.035156 0.120117 0.029297 0.031250
0 0.455566 0.261230 0.028320 0.030273
0 0.139648 0.379883 0.023438 0.033203
0 0.565430 0.056152 0.035156 0.040039
0 0.266602 0.866699 0.027344 0.028320
0 0.069336 0.101074 0.027344 0.024414
0 0.507812 0.070312 0.033203 0.035156
0 0.780273 0.037109 0.029297 0.037109
0 0.224121 0.975586 0.028320 0.033203
0 0.641602 0.644043 0.033203 0.038086
0 0.624512 0.255371 0.030273 0.034180
0 0.936523 0.354004 0.033203 0.036133
0 0.203125 0.046875 0.031250 0.029297
0 0.107422 0.312500 0.029297 0.025391
0 0.029785 0.572266 0.038086 0.025391
0 0.107910 0.372559 0.036133 0.032227
0 0.079102 0.520508 0.029297 0.023438
0 0.502441 0.337891 0.030273 0.033203
0 0.267578 0.391113 0.037109 0.038086
0 0.916016 0.168457 0.039062 0.016602
0 0.820801 0.019043 0.028320 0.030273
0 0.880859 0.704102 0.025391 0.031250
0 0.714355 0.732910 0.026367 0.024414
0 0.379395 0.332520 0.032227 0.028320
0 0.662598 0.073242 0.038086 0.039062
0 0.026367 0.051758 0.042969 0.041016
0 0.073730 0.016602 0.032227 0.031250
0 0.690430 0.029785 0.037109 0.032227
0 0.860840 0.081055 0.022461 0.019531
0 0.457520 0.722168 0.034180 0.020508
0 0.065918 0.293457 0.036133 0.032227
0 0.234863 0.864258 0.028320 0.052734
0 0.246582 0.463867 0.030273 0.031250
0 0.878418 0.626465 0.038086 0.041992
0 0.963379 0.364746 0.020508 0.024414
0 0.285156 0.014648 0.033203 0.029297
0 0.085938 0.563477 0.025391 0.023438
0 0.729492 0.462891 0.044922 0.033203
0 0.048340 0.987793 0.053711 0.024414
0 0.319824 0.980957 0.028320 0.026367
0 0.429199 0.012695 0.030273 0.023438
0 0.516113 0.694336 0.026367 0.027344
0 0.635254 0.178223 0.041992 0.034180
0 0.202637 0.115234 0.028320 0.029297
0 0.185059 0.693359 0.024414 0.041016
0 0.484863 0.948242 0.030273 0.029297
0 0.335938 0.452637 0.033203 0.024414
0 0.532715 0.786133 0.030273 0.025391
0 0.927246 0.289062 0.032227 0.037109
0 0.731934 0.018555 0.038086 0.033203
0 0.090820 0.902344 0.035156 0.041016
0 0.894043 0.907227 0.030273 0.031250
0 0.730957 0.753906 0.032227 0.029297
0 0.534668 0.446777 0.022461 0.032227
0 0.623047 0.225586 0.046875 0.021484
0 0.674316 0.403320 0.041992 0.031250
0 0.385254 0.707520 0.032227 0.026367
0 0.911621 0.947754 0.038086 0.038086
0 0.209473 0.403320 0.034180 0.023438
0 0.479492 0.554688 0.031250 0.033203
0 0.573730 0.215820 0.038086 0.029297
0 0.110352 0.216309 0.031250 0.030273
0 0.523438 0.252930 0.029297 0.035156
0 0.586914 0.818359 0.033203 0.025391
0 0.596191 0.661621 0.047852 0.024414
0 0.536133 0.483398 0.029297 0.027344
0 0.436035 0.423340 0.038086 0.036133
0 0.254883 0.522461 0.041016 0.027344
0 0.657715 0.633789 0.030273 0.035156
0 0.885254 0.012695 0.043945 0.023438
0 0.541504 0.037598 0.030273 0.028320
0 0.484863 0.274414 0.024414 0.027344
0 0.575684 0.377441 0.036133 0.047852
0 0.980957 0.779297 0.034180 0.027344
0 0.148926 0.102539 0.028320 0.031250
0 0.089844 0.248047 0.039062 0.021484
0 0.036133 0.250000 0.037109 0.029297
0 0.715820 0.494629 0.046875 0.028320
0 0.541992 0.700684 0.025391 0.026367
0 0.043945 0.652344 0.033203 0.044922
0 0.931641 0.808105 0.033203 0.024414
0 0.639160 0.125488 0.034180 0.032227
0 0.607422 0.623535 0.029297 0.043945
0 0.263672 0.436035 0.033203 0.030273
0 0.365234 0.165527 0.029297 0.045898
0 0.603516 0.390137 0.029297 0.041992
0 0.899414 0.590332 0.025391 0.032227
0 0.100586 0.100098 0.027344 0.034180
0 0.173340 0.166016 0.030273 0.037109
0 0.694336 0.195312 0.025391 0.035156
0 0.639160 0.465332 0.053711 0.038086
0 0.345703 0.701172 0.027344 0.039062
0 0.206543 0.900879 0.028320 0.026367
0 0.422363 0.582031 0.034180 0.029297
0 0.221191 0.803223 0.022461 0.036133
0 0.888672 0.143066 0.031250 0.036133
0 0.791504 0.222168 0.028320 0.038086
0 0.114258 0.842285 0.035156 0.038086
0 0.577148 0.101074 0.035156 0.026367
0 0.905273 0.126465 0.027344 0.032227
0 0.215332 0.747070 0.041992 0.025391
0 0.216309 0.457031 0.030273 0.025391
0 0.152832 0.901367 0.032227 0.037109
0 0.246094 0.757812 0.023438 0.031250
0 0.979492 0.338867 0.023438 0.033203
0 0.185059 0.383301 0.045898 0.047852
0 0.408691 0.186523 0.041992 0.023438
0 0.560059 0.583008 0.028320 0.023438
0 0.312500 0.117188 0.037109 0.039062
0 0.749512 0.042480 0.026367 0.036133
0 0.241699 0.944336 0.032227 0.021484
0 0.502441 0.520996 0.030273 0.034180
0 0.411133 0.700195 0.033203 0.023438
0 0.894043 0.097168 0.045898 0.026367
0 0.330078 0.859863 0.021484 0.034180
0 0.447266 0.534668 0.027344 0.016602
0 0.259277 0.627930 0.036133 0.042969
0 0.386230 0.041992 0.034180 0.031250
0 0.287598 0.150879 0.026367 0.049805
0 0.324219 0.908691 0.023438 0.036133
0 0.024414 0.159668 0.019531 0.024414
0 0.594238 0.249512 0.022461 0.022461
0 0.646484 0.296387 0.035156 0.032227
0 0.601562 0.760254 0.037109 0.020508
0 0.267090 0.200195 0.028320 0.023438
0 0.714844 0.524902 0.041016 0.026367
0 0.061523 0.718750 0.025391 0.027344
0 0.839844 0.410645 0.039062 0.045898
0 0.530273 0.123047 0.027344 0.027344
0 0.772461 0.215820 0.021484 0.029297
0 0.439941 0.557617 0.026367 0.025391
0 0.058594 0.201660 0.015625 0.034180
0 0.313965 0.349609 0.030273 0.031250
0 0.324219 0.383789 0.025391 0.025391
0 0.509277 0.721191 0.034180 0.020508
0 0.464355 0.792969 0.022461 0.025391
0 0.856445 0.167480 0.039062 0.053711
0 0.807617 0.497070 0.031250 0.029297
0 0.784668 0.196289 0.024414 0.019531
0 0.733398 0.286133 0.033203 0.029297
0 0.245117 0.077637 0.025391 0.036133
0 0.531250 0.752441 0.039062 0.036133
0 0.298828 0.857910 0.029297 0.032227
0 0.490723 0.208008 0.032227 0.031250
0 0.210449 0.871582 0.028320 0.028320
0 0.179688 0.081055 0.025391 0.029297
0 0.290039 0.617676 0.031250 0.026367
0 0.428711 0.324707 0.031250 0.036133
0 0.901367 0.380371 0.021484 0.041992
0 0.376953 0.083008 0.027344 0.023438
0 0.537598 0.675293 0.024414 0.026367
0 0.445312 0.639160 0.031250 0.030273
0 0.463867 0.048828 0.037109 0.035156
0 0.278320 0.534668 0.035156 0.026367
0 0.547852 0.924805 0.037109 0.027344
0 0.354004 0.368164 0.032227 0.035156
0 0.587402 0.696777 0.032227 0.034180
0 0.287109 0.893066 0.033203 0.028320
0 0.340332 0.192383 0.024414 0.027344
0 0.256348 0.155762 0.024414 0.045898
0 0.632324 0.149902 0.043945 0.024414
0 0.574707 0.854492 0.040039 0.056641
0 0.271484 0.120117 0.035156 0.029297
0 0.677734 0.317871 0.037109 0.030273
0 0.138672 0.064453 0.037109 0.035156
0 0.327148 0.945801 0.025391 0.024414
0 0.266602 0.834473 0.035156 0.034180
0 0.032227 0.525879 0.033203 0.024414
0 0.345215 0.088867 0.030273 0.033203
0 0.272949 0.667969 0.043945 0.021484
0 0.041016 0.590332 0.021484 0.028320
0 0.294434 0.203125 0.026367 0.023438
0 0.423340 0.768555 0.040039 0.035156
0 0.255371 0.020020 0.036133 0.026367
0 0.206543 0.314453 0.032227 0.035156
0 0.513672 0.663574 0.025391 0.020508
0 0.340332 0.283203 0.032227 0.031250
0 0.477539 0.864746 0.023438 0.022461
0 0.756836 0.499512 0.031250 0.034180
0 0.405273 0.163574 0.041016 0.026367
0 0.409180 0.945801 0.025391 0.034180
0 0.371094 0.681641 0.033203 0.023438
0 0.222168 0.482422 0.051758 0.023438
0 0.201172 0.926758 0.027344 0.023438
0 0.480957 0.516113 0.024414 0.032227
0 0.628906 0.852539 0.027344 0.048828
0 0.979004 0.400879 0.030273 0.041992
0 0.481445 0.633789 0.033203 0.023438
0 0.137207 0.796387 0.032227 0.028320
0 0.312988 0.719727 0.030273 0.031250
0 0.038574 0.209961 0.024414 0.027344
0 0.234375 0.683105 0.023438 0.026367
0 0.342285 0.919922 0.030273 0.035156
0 0.605469 0.785156 0.025391 0.039062
0 0.972656 0.018555 0.029297 0.033203
0 0.083496 0.154297 0.026367 0.029297
0 0.878418 0.036133 0.051758 0.023438
0 0.424316 0.798828 0.030273 0.021484
0 0.054688 0.549316 0.033203 0.030273
0 0.101562 0.742188 0.021484 0.035156
0 0.176270 0.522461 0.026367 0.035156
0 0.444336 0.381836 0.033203 0.027344
0 0.302734 0.548340 0.035156 0.024414
0 0.225586 0.213379 0.025391 0.034180
0 0.605469 0.566895 0.031250 0.030273
0 0.223145 0.012207 0.041992 0.022461
0 0.139648 0.850098 0.035156 0.036133
0 0.290527 0.954590 0.026367 0.024414
0 0.360840 0.458496 0.028320 0.022461
0 0.784180 0.168457 0.027344 0.030273
0 0.480469 0.093262 0.021484 0.030273
0 0.302734 0.577148 0.029297 0.029297
0 0.433594 0.607422 0.033203 0.027344
0 0.216309 0.626465 0.034180 0.043945
0 0.054688 0.952637 0.037109 0.032227
0 0.465332 0.181152 0.028320 0.036133
0 0.441895 0.234375 0.028320 0.035156
0 0.691406 0.353516 0.035156 0.046875
0 0.475586 0.236816 0.037109 0.032227
0 0.596680 0.308105 0.031250 0.026367
0 0.305664 0.698730 0.033203 0.032227
0 0.194824 0.453613 0.032227 0.038086
0 0.489258 0.658691 0.025391 0.020508
0 0.487793 0.807129 0.026367 0.026367
0 0.648926 0.588867 0.051758 0.029297
0 0.367188 0.584473 0.027344 0.036133
0 0.162598 0.796875 0.045898 0.035156
0 0.458984 0.701172 0.035156 0.019531
0 0.458008 0.510254 0.029297 0.040039
0 0.405273 0.735352 0.029297 0.027344
0 0.447266 0.968750 0.031250 0.039062
0 0.739746 0.648438 0.018555 0.037109
0 0.617676 0.705078 0.024414 0.027344
0 0.874512 0.761230 0.036133 0.034180
0 0.460938 0.135742 0.035156 0.027344
0 0.447754 0.819824 0.034180 0.018555
0 0.351562 0.739746 0.031250 0.026367
0 0.098145 0.175293 0.041992 0.032227
0 0.193359 0.241699 0.041016 0.030273
0 0.828613 0.467773 0.028320 0.019531
0 0.496582 0.850098 0.022461 0.026367
0 0.493652 0.413086 0.034180 0.041016
0 0.334473 0.583008 0.028320 0.033203
0 0.450684 0.859863 0.040039 0.057617
0 0.100098 0.353027 0.045898 0.034180
0 0.968750 0.766113 0.029297 0.030273
1 0.036621 0.728516 0.014648 0.017578
1 0.974609 0.097656 0.017578 0.019531
1 0.761719 0.099609 0.021484 0.017578
1 0.725098 0.824707 0.016602 0.020508
1 0.831055 0.637695 0.013672 0.019531
1 0.902832 0.186035 0.020508 0.016602
1 0.588379 0.179199 0.014648 0.016602
1 0.574219 0.504883 0.015625 0.021484
1 0.804199 0.358398 0.020508 0.017578
1 0.127441 0.683594 0.018555 0.023438
