1 0.219718 0.039706 0.050704 0.055882
1 0.277465 0.066176 0.042254 0.038235
1 0.297183 0.025000 0.047887 0.038235
1 0.328169 0.095588 0.047887 0.061765
1 0.390141 0.136765 0.053521 0.061765
1 0.436620 0.197059 0.050704 0.070588
1 0.509859 0.167647 0.056338 0.052941
1 0.571831 0.176471 0.045070 0.047059
1 0.621127 0.157353 0.059155 0.055882
1 0.504225 0.107353 0.050704 0.044118
1 0.523944 0.064706 0.056338 0.064706
1 0.225352 0.216176 0.045070 0.055882
1 0.278873 0.295588 0.039437 0.050000
1 0.411268 0.335294 0.061972 0.058824
1 0.123944 0.319118 0.061972 0.061765
1 0.201408 0.308824 0.059155 0.052941
1 0.250704 0.364706 0.045070 0.052941
1 0.316901 0.375000 0.047887 0.044118
1 0.198592 0.355882 0.059155 0.041176
1 0.052113 0.298529 0.059155 0.055882
1 0.091549 0.223529 0.053521 0.058824
1 0.504225 0.269118 0.078873 0.061765
1 0.542254 0.348529 0.053521 0.055882
1 0.626761 0.338235 0.053521 0.052941
1 0.753521 0.367647 0.059155 0.058824
1 0.632394 0.414706 0.042254 0.052941
1 0.521127 0.419118 0.045070 0.061765
1 0.452113 0.414706 0.053521 0.052941
1 0.409859 0.469118 0.053521 0.055882
1 0.350704 0.492647 0.059155 0.073529
1 0.133803 0.426471 0.047887 0.052941
1 0.097183 0.450000 0.042254 0.035294
1 0.042254 0.920588 0.050704 0.064706
1 0.076056 0.970588 0.056338 0.058824
1 0.142254 0.925000 0.064789 0.050000
1 0.249296 0.902941 0.036620 0.064706
1 0.284507 0.947059 0.050704 0.058824
1 0.388732 0.938235 0.067606 0.041176
1 0.401408 0.877941 0.053521 0.055882
1 0.384507 0.792647 0.053521 0.085294
1 0.211268 0.814706 0.050704 0.052941
1 0.114085 0.805882 0.070423 0.070588
1 0.078873 0.764706 0.050704 0.052941
1 0.229577 0.750000 0.064789 0.052941
1 0.335211 0.725000 0.056338 0.038235
1 0.464789 0.839706 0.045070 0.061765
1 0.974648 0.976471 0.050704 0.047059
1 0.835211 0.964706 0.053521 0.058824
1 0.880282 0.854412 0.047887 0.061765
1 0.952113 0.844118 0.045070 0.058824
1 0.828169 0.826471 0.050704 0.070588
1 0.760563 0.814706 0.045070 0.058824
1 0.850704 0.780882 0.050704 0.050000
1 0.907042 0.767647 0.056338 0.047059
1 0.811268 0.694118 0.056338 0.064706
1 0.885915 0.689706 0.059155 0.061765
1 0.646479 0.895588 0.059155 0.055882
1 0.674648 0.964706 0.047887 0.064706
1 0.571831 0.854412 0.045070 0.050000
1 0.504225 0.861765 0.039437 0.070588
1 0.685915 0.754412 0.053521 0.050000
1 0.622535 0.735294 0.045070 0.047059
1 0.752113 0.708824 0.050704 0.047059
1 0.643662 0.672059 0.053521 0.050000
1 0.629577 0.620588 0.053521 0.064706
1 0.547887 0.648529 0.047887 0.050000
1 0.505634 0.605882 0.042254 0.064706
1 0.622535 0.530882 0.056338 0.061765
1 0.708451 0.517647 0.059155 0.052941
1 0.845070 0.617647 0.050704 0.064706
1 0.878873 0.538235 0.056338 0.076471
1 0.938028 0.658824 0.045070 0.052941
1 0.980282 0.639706 0.039437 0.073529
1 0.956338 0.579412 0.042254 0.064706
1 0.940845 0.535294 0.050704 0.058824
1 0.376056 0.641176 0.053521 0.047059
1 0.407042 0.679412 0.047887 0.047059
1 0.450704 0.583824 0.050704 0.067647
1 0.350704 0.579412 0.070423 0.082353
1 0.300000 0.642647 0.042254 0.038235
1 0.240845 0.551471 0.059155 0.044118
1 0.163380 0.547059 0.056338 0.058824
1 0.523944 0.505882 0.067606 0.052941
1 0.195775 0.694118 0.053521 0.047059
1 0.042254 0.632353 0.073239 0.052941
1 0.025352 0.750000 0.045070 0.058824
1 0.876056 0.305882 0.056338 0.058824
1 0.895775 0.386765 0.050704 0.073529
1 0.961972 0.363235 0.053521 0.067647
1 0.830986 0.372059 0.050704 0.067647
1 0.801408 0.426471 0.047887 0.058824
1 0.749296 0.463235 0.045070 0.055882
1 0.700000 0.417647 0.042254 0.052941
1 0.729577 0.247059 0.067606 0.047059
1 0.654930 0.261765 0.053521 0.058824
1 0.833803 0.188235 0.056338 0.058824
1 0.916901 0.200000 0.070423 0.064706
1 0.811268 0.285294 0.095775 0.094118
1 0.923944 0.066176 0.050704 0.055882
1 0.838028 0.104412 0.053521 0.091176
1 0.904225 0.116176 0.056338 0.044118
1 0.761972 0.130882 0.047887 0.050000
1 0.723944 0.100000 0.039437 0.047059
1 0.639437 0.048529 0.056338 0.061765
1 0.770423 0.189706 0.036620 0.044118
1 0.671831 0.154412 0.036620 0.067647
1 0.342254 0.189706 0.059155 0.085294
1 0.092958 0.145588 0.090141 0.044118
1 0.056338 0.085294 0.061972 0.058824
1 0.174648 0.480882 0.050704 0.044118
1 0.215493 0.450000 0.059155 0.047059
1 0.030986 0.380882 0.056338 0.085294
