1 0.050971 0.105187 0.026699 0.034582
2 0.041262 0.048991 0.038835 0.043228
2 0.180825 0.369597 0.036408 0.038905
2 0.194175 0.331412 0.033981 0.025937
2 0.917476 0.641210 0.033981 0.046110
2 0.952063 0.636167 0.032767 0.033141
2 0.944175 0.717579 0.033981 0.031700
2 0.974515 0.715418 0.029126 0.027378
2 0.748786 0.922190 0.036408 0.037464
2 0.763956 0.855187 0.032767 0.033141
2 0.801578 0.848703 0.030340 0.040346
2 0.858010 0.890490 0.033981 0.040346
2 0.824636 0.893372 0.027913 0.043228
2 0.799150 0.907781 0.023058 0.034582
2 0.090413 0.916427 0.032767 0.040346
2 0.124393 0.949568 0.032767 0.043228
