0 0.383772 0.658019 0.036550 0.061321
0 0.398392 0.886792 0.054094 0.070755
1 0.282164 0.852594 0.026316 0.040094
1 0.309211 0.823113 0.027778 0.042453
1 0.080409 0.840802 0.029240 0.044811
1 0.133772 0.793632 0.033626 0.054245
1 0.124269 0.933962 0.038012 0.047170
1 0.195175 0.877358 0.030702 0.051887
1 0.236111 0.870283 0.027778 0.051887
1 0.204678 0.965802 0.032164 0.049528
1 0.244152 0.974057 0.029240 0.047170
1 0.214912 0.797170 0.020468 0.042453
1 0.251462 0.772406 0.032164 0.044811
1 0.292398 0.772406 0.029240 0.049528
1 0.277047 0.806604 0.024854 0.037736
1 0.345029 0.821934 0.026316 0.040094
1 0.317251 0.913915 0.040936 0.049528
1 0.358918 0.937500 0.027778 0.044811
1 0.418860 0.803066 0.024854 0.040094
1 0.453947 0.805425 0.027778 0.040094
1 0.459795 0.847877 0.027778 0.040094
1 0.433480 0.879717 0.021930 0.042453
1 0.302632 0.670991 0.029240 0.063679
1 0.310673 0.714623 0.024854 0.033019
1 0.336257 0.750000 0.026316 0.047170
1 0.358187 0.781840 0.029240 0.040094
1 0.179094 0.731132 0.027778 0.051887
1 0.233187 0.742925 0.027778 0.047170
1 0.222222 0.680425 0.026316 0.044811
1 0.271199 0.670991 0.027778 0.044811
1 0.270468 0.713443 0.026316 0.040094
1 0.394006 0.726415 0.030702 0.051887
1 0.441520 0.753538 0.026316 0.044811
1 0.361111 0.712264 0.026316 0.047170
1 0.350877 0.660377 0.029240 0.042453
1 0.244152 0.514151 0.032164 0.047170
1 0.263889 0.479953 0.024854 0.040094
1 0.278509 0.525943 0.024854 0.037736
1 0.306287 0.511792 0.024854 0.037736
1 0.326754 0.472877 0.024854 0.040094
1 0.322368 0.424528 0.030702 0.042453
1 0.300439 0.456368 0.024854 0.035377
1 0.389620 0.433962 0.033626 0.047170
1 0.359649 0.432783 0.029240 0.058962
1 0.428363 0.446934 0.023392 0.040094
1 0.459795 0.426887 0.024854 0.047170
1 0.471491 0.464623 0.024854 0.042453
1 0.549708 0.451651 0.029240 0.040094
1 0.581140 0.450472 0.024854 0.042453
1 0.387427 0.288915 0.026316 0.044811
1 0.420322 0.284198 0.027778 0.054245
1 0.442982 0.308962 0.029240 0.051887
1 0.459795 0.252358 0.027778 0.042453
1 0.392544 0.338443 0.027778 0.049528
1 0.406433 0.384434 0.029240 0.042453
1 0.364766 0.326651 0.027778 0.049528
1 0.350146 0.373821 0.027778 0.044811
1 0.021199 0.285377 0.024854 0.051887
1 0.070175 0.257075 0.026316 0.037736
1 0.086257 0.362028 0.029240 0.049528
1 0.141082 0.323113 0.027778 0.047170
1 0.174708 0.300708 0.027778 0.035377
1 0.170322 0.362028 0.027778 0.044811
1 0.136696 0.389151 0.027778 0.047170
1 0.128655 0.452830 0.023392 0.051887
1 0.025585 0.423349 0.024854 0.044811
1 0.034357 0.529481 0.024854 0.049528
1 0.061404 0.540094 0.029240 0.056604
1 0.081871 0.566038 0.026316 0.056604
1 0.098684 0.498821 0.027778 0.054245
1 0.022661 0.015330 0.030702 0.030660
1 0.019006 0.116745 0.026316 0.044811
1 0.188596 0.080189 0.026316 0.037736
1 0.138158 0.212264 0.024854 0.042453
1 0.166667 0.188679 0.026316 0.042453
1 0.111111 0.265330 0.023392 0.040094
1 0.211988 0.257075 0.023392 0.042453
1 0.134503 0.718160 0.026316 0.049528
1 0.165936 0.673349 0.016082 0.035377
1 0.158626 0.626179 0.024854 0.035377
1 0.138889 0.647406 0.029240 0.044811
1 0.145468 0.571934 0.027778 0.049528
1 0.170322 0.575472 0.027778 0.047170
1 0.209064 0.542453 0.026316 0.047170
1 0.188596 0.562500 0.029240 0.049528
1 0.505117 0.681604 0.021930 0.051887
1 0.531433 0.691038 0.027778 0.042453
1 0.532164 0.639151 0.040936 0.051887
1 0.566520 0.673349 0.030702 0.049528
1 0.554825 0.753538 0.027778 0.049528
1 0.604532 0.716981 0.027778 0.051887
1 0.644737 0.750000 0.026316 0.047170
1 0.684211 0.755896 0.023392 0.044811
1 0.583333 0.788915 0.029240 0.044811
1 0.574561 0.720519 0.017544 0.040094
1 0.612573 0.785377 0.026316 0.056604
1 0.660819 0.819575 0.026316 0.044811
1 0.690058 0.803066 0.023392 0.035377
1 0.386696 0.508255 0.024854 0.044811
1 0.420322 0.494104 0.024854 0.049528
1 0.351608 0.522406 0.027778 0.044811
1 0.402047 0.558962 0.023392 0.047170
1 0.355263 0.579009 0.026316 0.040094
1 0.350877 0.616745 0.032164 0.030660
1 0.411550 0.663915 0.024854 0.044811
1 0.436404 0.623821 0.021930 0.040094
1 0.416667 0.612028 0.014620 0.035377
1 0.470760 0.623821 0.032164 0.044811
1 0.453947 0.674528 0.030702 0.042453
1 0.482456 0.721698 0.023392 0.042453
1 0.472222 0.765330 0.026316 0.040094
1 0.491228 0.797170 0.026316 0.042453
1 0.488304 0.557783 0.029240 0.058962
1 0.446637 0.517689 0.030702 0.068396
1 0.553363 0.550708 0.024854 0.044811
1 0.596491 0.573113 0.029240 0.042453
1 0.554094 0.498821 0.026316 0.040094
1 0.491228 0.397406 0.020468 0.044811
1 0.472222 0.378538 0.026316 0.044811
1 0.496345 0.329009 0.036550 0.044811
1 0.529240 0.325472 0.026316 0.047170
1 0.573099 0.334906 0.023392 0.042453
1 0.612573 0.390330 0.023392 0.049528
1 0.352339 0.228774 0.023392 0.037736
1 0.361842 0.258255 0.030702 0.030660
1 0.383041 0.216981 0.023392 0.047170
1 0.426170 0.224057 0.033626 0.047170
1 0.539474 0.271226 0.026316 0.042453
1 0.597222 0.295991 0.021930 0.044811
1 0.615497 0.337264 0.029240 0.042453
1 0.648392 0.379717 0.030702 0.061321
1 0.516813 0.240566 0.024854 0.033019
1 0.495614 0.265330 0.029240 0.035377
1 0.480263 0.150943 0.027778 0.051887
1 0.427632 0.178066 0.024854 0.044811
1 0.398392 0.176887 0.024854 0.051887
1 0.410088 0.116745 0.027778 0.044811
1 0.431287 0.129717 0.023392 0.047170
1 0.971491 0.204009 0.024854 0.040094
1 0.951754 0.324292 0.026316 0.054245
1 0.905702 0.313679 0.027778 0.051887
1 0.929094 0.369104 0.033626 0.044811
1 0.894737 0.379717 0.026316 0.047170
1 0.875000 0.331368 0.027778 0.040094
1 0.875000 0.288915 0.027778 0.040094
1 0.891082 0.252358 0.019006 0.042453
1 0.907164 0.261792 0.016082 0.028302
1 0.891813 0.200472 0.023392 0.042453
1 0.911550 0.159198 0.027778 0.058962
1 0.942251 0.158019 0.021930 0.037736
1 0.937865 0.112028 0.027778 0.040094
1 0.076754 0.635613 0.027778 0.035377
1 0.040205 0.616745 0.027778 0.040094
1 0.097222 0.770047 0.024854 0.040094
1 0.063596 0.713443 0.042398 0.049528
1 0.133041 0.518868 0.026316 0.023585
1 0.168129 0.457547 0.029240 0.066038
1 0.207602 0.333726 0.026316 0.044811
1 0.198830 0.373821 0.023392 0.030660
1 0.233187 0.299528 0.024854 0.037736
1 0.246345 0.349057 0.024854 0.051887
1 0.296053 0.376179 0.024854 0.040094
1 0.272661 0.416274 0.027778 0.040094
1 0.270468 0.338443 0.023392 0.044811
1 0.259503 0.262972 0.019006 0.044811
1 0.285088 0.232311 0.029240 0.035377
1 0.347222 0.160377 0.027778 0.047170
1 0.309942 0.091981 0.020468 0.056604
1 0.343567 0.064858 0.023392 0.054245
1 0.388889 0.031840 0.029240 0.058962
1 0.421053 0.023585 0.026316 0.042453
1 0.434942 0.075472 0.033626 0.037736
1 0.470029 0.108491 0.027778 0.047170
1 0.524854 0.090802 0.026316 0.040094
1 0.497807 0.070755 0.027778 0.037736
1 0.507310 0.022406 0.029240 0.040094
1 0.548246 0.047170 0.029240 0.047170
1 0.547515 0.154481 0.021930 0.044811
1 0.567251 0.110849 0.026316 0.047170
1 0.591374 0.134434 0.030702 0.047170
1 0.491959 0.224057 0.019006 0.028302
1 0.554094 0.218160 0.026316 0.044811
1 0.584064 0.183962 0.027778 0.047170
1 0.612573 0.162736 0.026316 0.042453
1 0.647661 0.141509 0.032164 0.042453
1 0.706871 0.116745 0.030702 0.049528
1 0.678363 0.069575 0.026316 0.044811
1 0.595760 0.063679 0.024854 0.042453
1 0.592105 0.023585 0.023392 0.042453
1 0.703216 0.025943 0.023392 0.042453
1 0.735380 0.027123 0.026316 0.040094
1 0.608187 0.234670 0.032164 0.040094
1 0.725146 0.074292 0.026316 0.040094
1 0.773392 0.081368 0.026316 0.044811
1 0.796784 0.103774 0.032164 0.047170
1 0.815058 0.020047 0.027778 0.035377
1 0.836988 0.087264 0.030702 0.037736
1 0.837719 0.119104 0.035088 0.040094
1 0.904240 0.088443 0.030702 0.058962
1 0.932018 0.067217 0.021930 0.035377
1 0.854532 0.031840 0.027778 0.044811
1 0.896199 0.016509 0.035088 0.028302
1 0.967836 0.064858 0.026316 0.035377
1 0.968567 0.099057 0.024854 0.033019
1 0.970760 0.143868 0.026316 0.042453
1 0.971491 0.018868 0.027778 0.033019
1 0.982456 0.339623 0.020468 0.033019
1 0.992690 0.324292 0.014620 0.040094
1 0.847222 0.170991 0.030702 0.049528
1 0.804094 0.215802 0.029240 0.044811
1 0.823099 0.262972 0.029240 0.030660
1 0.807018 0.303066 0.026316 0.040094
1 0.835526 0.314858 0.024854 0.040094
1 0.826754 0.383255 0.021930 0.035377
1 0.861842 0.372642 0.024854 0.037736
1 0.856725 0.412736 0.029240 0.037736
1 0.918860 0.422170 0.027778 0.042453
1 0.963450 0.448113 0.026316 0.051887
1 0.991228 0.445755 0.017544 0.033019
1 0.973684 0.485849 0.023392 0.033019
1 0.932749 0.494104 0.023392 0.030660
1 0.869883 0.464623 0.026316 0.037736
1 0.771199 0.329009 0.030702 0.044811
1 0.822368 0.435142 0.024854 0.040094
1 0.806287 0.481132 0.024854 0.042453
1 0.785088 0.490566 0.020468 0.037736
1 0.769737 0.450472 0.027778 0.047170
1 0.799708 0.353774 0.023392 0.037736
1 0.755848 0.390330 0.032164 0.040094
1 0.727339 0.299528 0.030702 0.042453
1 0.732456 0.221698 0.023392 0.047170
1 0.753655 0.186321 0.021930 0.051887
1 0.681287 0.318396 0.029240 0.047170
1 0.705409 0.395047 0.024854 0.044811
1 0.614766 0.448113 0.027778 0.028302
1 0.706140 0.476415 0.023392 0.037736
1 0.733918 0.472877 0.026316 0.040094
1 0.626462 0.595519 0.027778 0.044811
1 0.652047 0.630896 0.026316 0.040094
1 0.619883 0.668632 0.026316 0.040094
1 0.671053 0.711085 0.026316 0.049528
1 0.696637 0.687500 0.021930 0.058962
1 0.725146 0.642689 0.026316 0.044811
1 0.752924 0.667453 0.029240 0.042453
1 0.786550 0.639151 0.023392 0.047170
1 0.837719 0.588443 0.023392 0.040094
1 0.864766 0.531840 0.027778 0.044811
1 0.809211 0.554245 0.027778 0.037736
1 0.750731 0.555425 0.021930 0.044811
1 0.766813 0.597877 0.024854 0.035377
1 0.718567 0.581368 0.021930 0.040094
1 0.696637 0.553066 0.024854 0.040094
1 0.725146 0.517689 0.023392 0.040094
1 0.671784 0.509434 0.030702 0.037736
1 0.661550 0.580189 0.027778 0.042453
1 0.684942 0.602594 0.027778 0.035377
1 0.791667 0.700472 0.024854 0.037736
1 0.855263 0.658019 0.023392 0.042453
1 0.940789 0.599057 0.024854 0.037736
1 0.967105 0.551887 0.021930 0.042453
1 0.945175 0.537736 0.024854 0.051887
1 0.918860 0.627358 0.024854 0.042453
1 0.953216 0.661557 0.029240 0.040094
1 0.891082 0.650943 0.024854 0.037736
1 0.880848 0.726415 0.027778 0.042453
1 0.908626 0.535377 0.030702 0.042453
1 0.781433 0.535377 0.021930 0.037736
1 0.814327 0.626179 0.026316 0.044811
1 0.831140 0.653302 0.019006 0.042453
1 0.986111 0.897406 0.024854 0.044811
1 0.948099 0.919811 0.021930 0.042453
1 0.883772 0.864387 0.024854 0.049528
1 0.848684 0.872642 0.027778 0.037736
1 0.809211 0.895047 0.024854 0.040094
1 0.774854 0.916274 0.023392 0.044811
1 0.748538 0.950472 0.023392 0.042453
1 0.831871 0.824292 0.023392 0.040094
1 0.875731 0.817217 0.023392 0.030660
1 0.902047 0.779481 0.023392 0.040094
1 0.931287 0.795991 0.029240 0.035377
1 0.958333 0.825472 0.030702 0.051887
1 0.960526 0.748821 0.023392 0.040094
1 0.761696 0.738208 0.026316 0.047170
1 0.760234 0.780660 0.026316 0.037736
1 0.729532 0.740566 0.023392 0.037736
1 0.709064 0.765330 0.020468 0.044811
1 0.720760 0.820755 0.020468 0.037736
1 0.701754 0.877358 0.035088 0.051887
1 0.680556 0.939858 0.030702 0.044811
1 0.646930 0.948113 0.027778 0.042453
1 0.627193 0.895047 0.023392 0.044811
1 0.638889 0.853774 0.026316 0.037736
1 0.596491 0.883255 0.023392 0.054245
1 0.573099 0.922170 0.023392 0.042453
1 0.565789 0.833726 0.026316 0.040094
1 0.524123 0.870283 0.024854 0.047170
1 0.617690 0.977594 0.024854 0.035377
1 0.541667 0.946934 0.027778 0.058962
1 0.510234 0.970519 0.026316 0.040094
1 0.464912 0.892689 0.023392 0.044811
1 0.453216 0.937500 0.020468 0.040094
1 0.427632 0.935142 0.021930 0.044811
1 0.406433 0.975236 0.029240 0.044811
1 0.479532 0.981132 0.026316 0.037736
1 0.280702 0.952830 0.020468 0.033019
1 0.275585 0.908019 0.024854 0.042453
1 0.310673 0.975236 0.024854 0.049528
1 0.367690 0.981132 0.013158 0.028302
1 0.354532 0.981132 0.016082 0.028302
1 0.368421 0.880896 0.017544 0.040094
1 0.263158 0.955189 0.011696 0.004717
1 0.268275 0.971698 0.019006 0.023585
1 0.250731 0.819575 0.024854 0.044811
1 0.047515 0.864387 0.027778 0.030660
1 0.032164 0.840802 0.029240 0.040094
1 0.066520 0.804245 0.024854 0.042453
1 0.042398 0.787736 0.014620 0.033019
1 0.078947 0.431604 0.023392 0.042453
1 0.183480 0.406840 0.027778 0.035377
1 0.220760 0.409198 0.020468 0.040094
