1 0.140741 0.665957 0.023280 0.042553
3 0.062434 0.787234 0.097354 0.221277
3 0.219577 0.837234 0.096296 0.202128
3 0.302646 0.920213 0.076190 0.159574
3 0.226984 0.489362 0.102646 0.187234
3 0.125926 0.411702 0.099471 0.206383
3 0.209524 0.236170 0.082540 0.208511
3 0.301058 0.317021 0.096296 0.191489
3 0.683069 0.285106 0.096296 0.178723
3 0.660847 0.459574 0.062434 0.170213
3 0.717460 0.628723 0.129101 0.257447
3 0.826984 0.224468 0.092063 0.236170
3 0.805820 0.407447 0.073016 0.129787
3 0.910053 0.418085 0.107937 0.231915
3 0.593651 0.755319 0.067725 0.157447
3 0.435450 0.329787 0.083598 0.229787
3 0.678836 0.821277 0.068783 0.157447
