0 0.936508 0.877660 0.049887 0.148936
1 0.058957 0.095745 0.036281 0.127660
1 0.019274 0.191489 0.034014 0.095745
1 0.043084 0.382979 0.031746 0.085106
1 0.080499 0.329787 0.038549 0.053191
1 0.106576 0.265957 0.045351 0.085106
1 0.151927 0.186170 0.031746 0.106383
1 0.156463 0.300532 0.040816 0.090426
1 0.142857 0.385638 0.036281 0.090426
1 0.097506 0.436170 0.049887 0.095745
1 0.066893 0.537234 0.043084 0.095745
1 0.114512 0.539894 0.034014 0.069149
1 0.080499 0.617021 0.029478 0.095745
1 0.055556 0.720745 0.034014 0.132979
1 0.039683 0.593085 0.029478 0.069149
1 0.023810 0.707447 0.029478 0.085106
1 0.026077 0.835106 0.043084 0.127660
1 0.154195 0.614362 0.054422 0.090426
1 0.178005 0.529255 0.052154 0.079787
1 0.223356 0.521277 0.038549 0.085106
1 0.205215 0.406915 0.043084 0.101064
1 0.205215 0.260638 0.043084 0.095745
1 0.187075 0.736702 0.043084 0.101064
1 0.235828 0.619681 0.036281 0.090426
1 0.326531 0.521277 0.049887 0.095745
1 0.252834 0.295213 0.043084 0.101064
1 0.235828 0.074468 0.040816 0.106383
1 0.238095 0.162234 0.027211 0.090426
1 0.172336 0.106383 0.027211 0.085106
1 0.278912 0.191489 0.036281 0.095745
1 0.301587 0.114362 0.040816 0.090426
1 0.337868 0.069149 0.040816 0.095745
1 0.360544 0.188830 0.045351 0.111702
1 0.332200 0.273936 0.038549 0.101064
1 0.303855 0.332447 0.040816 0.111702
1 0.285714 0.404255 0.040816 0.074468
1 0.410431 0.138298 0.040816 0.074468
1 0.391156 0.345745 0.038549 0.106383
1 0.362812 0.414894 0.045351 0.159574
1 0.267574 0.539894 0.049887 0.132979
1 0.098639 0.906915 0.038549 0.101064
1 0.184807 0.877660 0.043084 0.138298
1 0.234694 0.768617 0.034014 0.143617
1 0.277778 0.704787 0.047619 0.079787
1 0.298186 0.779255 0.038549 0.090426
1 0.303855 0.912234 0.036281 0.058511
1 0.426304 0.255319 0.040816 0.085106
1 0.315193 0.675532 0.036281 0.074468
1 0.350340 0.664894 0.038549 0.063830
1 0.352608 0.611702 0.024943 0.053191
1 0.405896 0.691489 0.040816 0.085106
1 0.441043 0.750000 0.038549 0.095745
1 0.471655 0.691489 0.027211 0.085106
1 0.439909 0.625000 0.031746 0.101064
1 0.427438 0.497340 0.029478 0.079787
1 0.465986 0.500000 0.038549 0.117021
1 0.426304 0.404255 0.031746 0.074468
1 0.503401 0.348404 0.054422 0.069149
1 0.522676 0.265957 0.038549 0.085106
1 0.502268 0.132979 0.034014 0.095745
1 0.467120 0.135638 0.036281 0.090426
1 0.544218 0.151596 0.054422 0.069149
1 0.568027 0.255319 0.043084 0.042553
1 0.581633 0.226064 0.029478 0.079787
1 0.510204 0.675532 0.027211 0.063830
1 0.498866 0.627660 0.027211 0.085106
1 0.510204 0.577128 0.018141 0.079787
1 0.503401 0.827128 0.049887 0.090426
1 0.504535 0.925532 0.034014 0.095745
1 0.581633 0.944149 0.043084 0.101064
1 0.619048 0.901596 0.040816 0.101064
1 0.568027 0.829787 0.047619 0.085106
1 0.546485 0.704787 0.045351 0.090426
1 0.597506 0.712766 0.047619 0.085106
1 0.629252 0.635638 0.047619 0.111702
1 0.575964 0.598404 0.036281 0.101064
1 0.611111 0.497340 0.034014 0.079787
1 0.655329 0.470745 0.040816 0.090426
1 0.660998 0.587766 0.038549 0.090426
1 0.687075 0.816489 0.049887 0.111702
1 0.731293 0.757979 0.038549 0.069149
1 0.732426 0.670213 0.040816 0.095745
1 0.716553 0.539894 0.045351 0.079787
1 0.688209 0.377660 0.047619 0.106383
1 0.557823 0.061170 0.031746 0.090426
1 0.594104 0.042553 0.036281 0.074468
1 0.632653 0.061170 0.031746 0.090426
1 0.675737 0.071809 0.040816 0.079787
1 0.651927 0.154255 0.029478 0.074468
1 0.718821 0.284574 0.049887 0.090426
1 0.739229 0.218085 0.036281 0.074468
1 0.740363 0.119681 0.043084 0.079787
1 0.738095 0.417553 0.043084 0.101064
1 0.778912 0.369681 0.043084 0.101064
1 0.768707 0.494681 0.045351 0.106383
1 0.772109 0.582447 0.043084 0.090426
1 0.791383 0.670213 0.045351 0.095745
1 0.793651 0.813830 0.045351 0.095745
1 0.832200 0.696809 0.036281 0.117021
1 0.736961 0.890957 0.036281 0.111702
1 0.702948 0.928191 0.045351 0.069149
1 0.876417 0.771277 0.038549 0.063830
1 0.865079 0.906915 0.043084 0.090426
1 0.924036 0.747340 0.056689 0.079787
1 0.882086 0.659574 0.040816 0.085106
1 0.958050 0.691489 0.043084 0.095745
1 0.970522 0.574468 0.036281 0.095745
1 0.836735 0.555851 0.031746 0.079787
1 0.816327 0.484043 0.031746 0.117021
1 0.924036 0.539894 0.043084 0.122340
1 0.885488 0.515957 0.047619 0.074468
1 0.871882 0.409574 0.043084 0.106383
1 0.869615 0.295213 0.034014 0.090426
1 0.975057 0.470745 0.045351 0.101064
1 0.972789 0.210106 0.036281 0.090426
1 0.825397 0.202128 0.036281 0.106383
1 0.878685 0.188830 0.043084 0.101064
1 0.913832 0.138298 0.045351 0.117021
1 0.925170 0.037234 0.040816 0.053191
1 0.809524 0.034574 0.045351 0.047872
1 0.424036 0.050532 0.031746 0.079787
