0 0.009585 0.051237 0.017039 0.020495
0 0.031949 0.060424 0.013845 0.014841
0 0.037806 0.079505 0.018104 0.021908
0 0.013845 0.086572 0.018104 0.023322
0 0.056976 0.092580 0.022364 0.031095
0 0.035144 0.107774 0.014909 0.020495
0 0.041534 0.131095 0.019169 0.026148
0 0.066294 0.111307 0.017572 0.023322
0 0.087593 0.092580 0.018637 0.022615
0 0.119276 0.090106 0.017039 0.023322
0 0.127263 0.061484 0.020234 0.026855
0 0.149894 0.064664 0.019702 0.030389
0 0.173323 0.053004 0.019702 0.024028
0 0.216187 0.073145 0.019169 0.030389
0 0.077476 0.135336 0.014377 0.020495
0 0.054313 0.159717 0.015974 0.022615
0 0.074814 0.171378 0.020767 0.027562
0 0.056177 0.204240 0.018637 0.026855
0 0.185836 0.119081 0.020234 0.024735
0 0.184771 0.152650 0.017039 0.026855
0 0.345580 0.132862 0.015974 0.025442
0 0.328275 0.178799 0.015442 0.022615
0 0.309105 0.198233 0.020767 0.023322
0 0.282748 0.207067 0.015974 0.024028
0 0.334132 0.221201 0.015442 0.018375
0 0.318158 0.267138 0.018637 0.025442
0 0.295261 0.231802 0.019702 0.019788
0 0.293131 0.268551 0.018637 0.021201
0 0.264909 0.220495 0.011182 0.018375
0 0.227370 0.180919 0.012780 0.018375
0 0.230831 0.274205 0.021832 0.029682
0 0.202875 0.264311 0.015974 0.019788
0 0.108892 0.245936 0.020767 0.029682
0 0.092386 0.277385 0.010117 0.016254
0 0.040735 0.297527 0.013312 0.018375
0 0.050319 0.317668 0.015442 0.019081
0 0.068424 0.301060 0.012247 0.019788
0 0.082535 0.329329 0.013845 0.024028
0 0.042066 0.342403 0.017039 0.021908
0 0.014643 0.319435 0.013312 0.024028
0 0.275825 0.115548 0.023429 0.021908
0 0.200479 0.325088 0.019702 0.022615
0 0.170394 0.008834 0.020234 0.013428
0 0.141640 0.017668 0.013845 0.021201
0 0.082002 0.042403 0.010650 0.014134
0 0.239883 0.088693 0.017572 0.023322
0 0.279819 0.081272 0.018637 0.022615
0 0.264111 0.043463 0.019169 0.024735
0 0.275027 0.295406 0.021832 0.028269
0 0.418797 0.093993 0.016507 0.049470
0 0.406550 0.091166 0.015442 0.031095
0 0.395900 0.116608 0.015442 0.026855
0 0.404952 0.025442 0.019702 0.029682
0 0.397231 0.206007 0.012780 0.053004
0 0.390841 0.186572 0.014909 0.035336
0 0.421193 0.218375 0.019169 0.022615
0 0.440096 0.204947 0.015442 0.022615
0 0.466187 0.171025 0.020767 0.026855
0 0.473376 0.131449 0.017039 0.015548
0 0.520501 0.159011 0.019702 0.025442
0 0.497604 0.145230 0.014377 0.020495
0 0.534345 0.117314 0.020767 0.025442
0 0.498136 0.238163 0.017572 0.025442
0 0.425719 0.030035 0.022897 0.024735
0 0.431842 0.056890 0.019169 0.024735
0 0.452343 0.071731 0.017572 0.030389
0 0.461129 0.033569 0.024494 0.028975
0 0.474441 0.014841 0.014909 0.024028
0 0.526624 0.029682 0.018104 0.026855
0 0.550586 0.025442 0.018104 0.025442
0 0.543663 0.076325 0.015974 0.021201
0 0.600639 0.022615 0.018104 0.021201
0 0.583067 0.079505 0.019169 0.019081
0 0.582535 0.104594 0.013845 0.025442
0 0.554047 0.163958 0.018637 0.031095
0 0.586262 0.179152 0.018104 0.023322
0 0.438498 0.295760 0.018637 0.026148
0 0.465655 0.320848 0.013312 0.019788
0 0.473642 0.330389 0.012247 0.016254
0 0.449947 0.315194 0.015974 0.016961
0 0.595314 0.124028 0.017039 0.021908
0 0.647764 0.150883 0.016507 0.017668
0 0.692758 0.092580 0.018104 0.024028
0 0.593450 0.237102 0.018637 0.026148
0 0.584398 0.290106 0.017572 0.027562
0 0.556443 0.328622 0.018104 0.026855
0 0.521832 0.344523 0.022364 0.027562
0 0.749201 0.099647 0.017039 0.024028
0 0.730032 0.096466 0.012780 0.023322
0 0.628062 0.249823 0.018637 0.026148
0 0.658413 0.238869 0.019702 0.025442
0 0.664803 0.196466 0.016507 0.018375
0 0.697018 0.179859 0.018104 0.021908
0 0.723642 0.172085 0.018104 0.021908
0 0.749201 0.193640 0.021299 0.024028
0 0.663472 0.275618 0.018104 0.024028
0 0.689830 0.250530 0.013312 0.024735
0 0.728168 0.241696 0.012247 0.022615
0 0.666667 0.308481 0.018104 0.024735
0 0.430777 0.169258 0.008520 0.036042
0 0.734292 0.038869 0.018104 0.022615
0 0.786741 0.093286 0.020767 0.031095
0 0.819755 0.067138 0.019702 0.028269
0 0.776092 0.056537 0.012247 0.022615
0 0.835197 0.016961 0.017572 0.026855
0 0.945421 0.029682 0.015442 0.022615
0 0.895101 0.100353 0.015974 0.024028
0 0.803781 0.190459 0.020767 0.028975
0 0.846645 0.187633 0.015974 0.028975
0 0.824547 0.197173 0.014377 0.025442
0 0.907614 0.126855 0.014377 0.014841
0 0.921991 0.143110 0.017572 0.028975
0 0.947018 0.142049 0.022897 0.016961
0 0.981896 0.162898 0.031949 0.026148
0 0.931310 0.206360 0.021299 0.026855
0 0.988285 0.234629 0.019169 0.022615
0 0.964058 0.253004 0.017572 0.024028
0 0.941960 0.282332 0.020234 0.017668
0 0.869010 0.267138 0.017039 0.029682
0 0.765442 0.274912 0.019702 0.025442
0 0.881523 0.269611 0.014377 0.033216
0 0.851704 0.010247 0.014377 0.014841
0 0.965655 0.285512 0.018637 0.019788
0 0.983227 0.326855 0.014377 0.019081
0 0.965921 0.304947 0.020234 0.019081
0 0.912673 0.310247 0.018104 0.019788
0 0.921193 0.350883 0.019169 0.023322
0 0.925186 0.381272 0.018637 0.026148
0 0.922258 0.410601 0.017039 0.022615
0 0.887114 0.422968 0.017039 0.024735
0 0.892971 0.461837 0.020234 0.024735
0 0.850639 0.460424 0.015442 0.019081
0 0.806443 0.422968 0.015442 0.030389
0 0.944089 0.502120 0.017039 0.023322
0 0.983227 0.521555 0.020767 0.028269
0 0.977103 0.549823 0.019169 0.025442
0 0.959265 0.563604 0.018637 0.021908
0 0.927849 0.583039 0.019702 0.026855
0 0.954207 0.593286 0.019169 0.026148
0 0.966454 0.629329 0.018104 0.023322
0 0.928647 0.619081 0.015974 0.021201
0 0.831470 0.513781 0.017572 0.029682
0 0.784345 0.537102 0.017039 0.022615
0 0.752396 0.464664 0.020234 0.023322
0 0.820554 0.334629 0.024494 0.019081
0 0.763845 0.386572 0.020767 0.026855
0 0.747870 0.367138 0.017572 0.024735
0 0.719915 0.351590 0.015974 0.023322
0 0.701012 0.372792 0.018637 0.024735
0 0.685836 0.373498 0.017039 0.024735
0 0.702077 0.444876 0.019702 0.028975
0 0.781949 0.493993 0.014377 0.019788
0 0.700479 0.508481 0.018637 0.028975
0 0.719116 0.626148 0.016507 0.022615
0 0.988285 0.639576 0.017039 0.024028
0 0.867412 0.640283 0.017039 0.025442
0 0.840256 0.642403 0.015974 0.022615
0 0.819755 0.633216 0.016507 0.026855
0 0.905218 0.675618 0.019169 0.021201
0 0.882588 0.698940 0.014377 0.018375
0 0.907881 0.713428 0.018104 0.021908
0 0.831736 0.722615 0.017039 0.021908
0 0.889244 0.740636 0.013845 0.016961
0 0.850373 0.767491 0.015974 0.024028
0 0.854366 0.793286 0.015442 0.021908
0 0.874601 0.776325 0.018637 0.026148
0 0.905751 0.763604 0.014909 0.019081
0 0.939563 0.777385 0.020767 0.022615
0 0.940096 0.803534 0.013312 0.018375
0 0.919329 0.850530 0.016507 0.026148
0 0.967519 0.819788 0.014909 0.022615
0 0.951278 0.849823 0.013312 0.027562
0 0.970980 0.905654 0.018637 0.027562
0 0.981896 0.991166 0.013845 0.016254
0 0.954207 0.963604 0.014909 0.021908
0 0.937167 0.931449 0.014909 0.021201
0 0.888179 0.879505 0.018104 0.027562
0 0.917465 0.820141 0.010650 0.017668
0 0.869276 0.874912 0.013312 0.022615
0 0.788871 0.860424 0.015442 0.024735
0 0.757721 0.885159 0.019169 0.028975
0 0.792599 0.957244 0.019702 0.026148
0 0.768637 0.973498 0.022897 0.030389
0 0.704473 0.953710 0.019169 0.026148
0 0.649361 0.659011 0.020767 0.027562
0 0.655485 0.697173 0.013845 0.026148
0 0.717519 0.666078 0.018637 0.027562
0 0.634984 0.771731 0.016507 0.026855
0 0.627796 0.831095 0.014909 0.024028
0 0.644036 0.860777 0.019702 0.025442
0 0.663472 0.944523 0.021299 0.023322
0 0.670394 0.987633 0.020234 0.021908
0 0.648829 0.977739 0.013312 0.038869
0 0.587327 0.963251 0.013845 0.021201
0 0.593983 0.851590 0.009052 0.024028
0 0.603568 0.355477 0.016507 0.026855
0 0.597178 0.395760 0.018637 0.025442
0 0.608360 0.419081 0.016507 0.026855
0 0.501065 0.406360 0.019169 0.024028
0 0.488818 0.419788 0.019169 0.024028
0 0.533014 0.510954 0.021299 0.021201
0 0.514377 0.479859 0.020234 0.022615
0 0.505059 0.508481 0.018637 0.021908
0 0.494143 0.485866 0.018104 0.020495
0 0.713791 0.313428 0.014377 0.026148
0 0.665069 0.557244 0.019169 0.027562
0 0.655751 0.549470 0.013312 0.033216
0 0.602503 0.625795 0.018637 0.045936
0 0.623802 0.614841 0.015442 0.072085
0 0.656816 0.599647 0.014377 0.019081
0 0.734558 0.682332 0.016507 0.020495
0 0.570288 0.650883 0.017039 0.022615
0 0.546060 0.648410 0.016507 0.019081
0 0.562567 0.718728 0.018637 0.026855
0 0.537274 0.719435 0.017039 0.021201
0 0.514643 0.707420 0.016507 0.022615
0 0.514909 0.626502 0.019169 0.024735
0 0.564430 0.879859 0.017039 0.022615
0 0.568158 0.906360 0.019169 0.024735
0 0.533546 0.860777 0.013845 0.022615
0 0.519169 0.950883 0.019169 0.026148
0 0.510916 0.880919 0.013312 0.016254
0 0.523695 0.831095 0.016507 0.025442
0 0.463259 0.947350 0.020234 0.030389
0 0.478701 0.896820 0.018104 0.028269
0 0.419595 0.958657 0.021299 0.043110
0 0.427050 0.983039 0.013845 0.029682
0 0.401225 0.982332 0.015442 0.029682
0 0.368211 0.991166 0.017572 0.013428
0 0.375932 0.944170 0.018104 0.022615
0 0.392173 0.931449 0.016507 0.025442
0 0.503195 0.834276 0.017039 0.026148
0 0.490948 0.833569 0.018104 0.021908
0 0.470181 0.845936 0.017039 0.024028
0 0.450745 0.826502 0.015442 0.024735
0 0.433972 0.857597 0.018104 0.023322
0 0.421459 0.814488 0.019702 0.024735
0 0.470447 0.738516 0.018637 0.022615
0 0.361289 0.894346 0.010117 0.021908
0 0.255591 0.921201 0.017039 0.024735
0 0.271033 0.848057 0.020234 0.024028
0 0.290735 0.801060 0.021299 0.027562
0 0.269702 0.784452 0.019702 0.028269
0 0.396166 0.892933 0.012780 0.019081
0 0.443557 0.730389 0.018104 0.023322
0 0.445154 0.770318 0.017039 0.012721
0 0.382055 0.775972 0.017572 0.021201
0 0.406283 0.719788 0.021299 0.028975
0 0.461928 0.667138 0.020767 0.029682
0 0.399361 0.661484 0.018104 0.026855
0 0.363419 0.657951 0.014377 0.024028
0 0.281683 0.726148 0.015974 0.023322
0 0.273695 0.682686 0.018104 0.025442
0 0.268104 0.629682 0.016507 0.019788
0 0.260916 0.725442 0.015974 0.017668
0 0.239084 0.699293 0.018104 0.023322
0 0.234026 0.724382 0.017572 0.018375
0 0.235357 0.749823 0.018104 0.022615
0 0.230298 0.826855 0.020767 0.025442
0 0.249201 0.827208 0.015974 0.023322
0 0.225240 0.874205 0.024494 0.031095
0 0.186368 0.883746 0.014909 0.019081
0 0.171725 0.846996 0.016507 0.023322
0 0.164803 0.867845 0.015442 0.022615
0 0.139776 0.692933 0.019702 0.026148
0 0.128860 0.668198 0.015974 0.023322
0 0.063365 0.749117 0.017039 0.024028
0 0.040469 0.757597 0.012780 0.024028
0 0.042865 0.789753 0.020767 0.027562
0 0.016241 0.759011 0.017572 0.026855
0 0.333866 0.891873 0.011715 0.019788
0 0.197551 0.987279 0.018104 0.022615
0 0.189830 0.957244 0.019702 0.023322
0 0.140309 0.959011 0.014377 0.019788
0 0.124867 0.968198 0.014377 0.021201
0 0.104366 0.967138 0.017039 0.021908
0 0.103301 0.937102 0.015974 0.021201
0 0.094515 0.872438 0.017572 0.027562
0 0.077742 0.852650 0.017039 0.023322
0 0.081736 0.925442 0.013312 0.026148
0 0.034878 0.968551 0.019702 0.026148
0 0.014377 0.911307 0.018104 0.027562
0 0.047657 0.711307 0.014377 0.027562
0 0.064430 0.631095 0.015974 0.024028
0 0.062300 0.702827 0.012780 0.021908
0 0.026358 0.703180 0.016507 0.022615
0 0.075879 0.517668 0.016507 0.024735
0 0.045261 0.506007 0.014909 0.026855
0 0.115016 0.529682 0.020234 0.021908
0 0.109691 0.507420 0.015974 0.025442
0 0.152556 0.504594 0.021832 0.026855
0 0.218317 0.575972 0.018104 0.026855
0 0.252130 0.560071 0.018637 0.026148
0 0.239883 0.545936 0.014377 0.019081
0 0.230564 0.509541 0.017039 0.024028
0 0.235091 0.481979 0.017572 0.021201
0 0.215655 0.480212 0.018104 0.027562
0 0.211129 0.508834 0.021832 0.022615
0 0.296326 0.602827 0.016507 0.021201
0 0.347178 0.579859 0.014909 0.020495
0 0.335197 0.568551 0.014377 0.027562
0 0.284611 0.520141 0.018637 0.022615
0 0.134185 0.551237 0.014909 0.022615
0 0.054047 0.439929 0.020767 0.031802
0 0.141374 0.474912 0.018637 0.022615
0 0.100639 0.483392 0.014909 0.019788
0 0.131789 0.443816 0.020767 0.024028
0 0.081203 0.426502 0.012247 0.023322
0 0.192492 0.456537 0.016507 0.024028
0 0.232961 0.439929 0.014377 0.023322
0 0.141640 0.403887 0.017039 0.021908
0 0.120341 0.397527 0.010650 0.020495
0 0.017039 0.380565 0.017039 0.024735
0 0.274494 0.481979 0.016507 0.019788
0 0.292599 0.461484 0.016507 0.025442
0 0.315495 0.457597 0.015442 0.023322
0 0.274760 0.441343 0.014909 0.023322
0 0.275293 0.401767 0.017039 0.023322
0 0.345847 0.421908 0.017572 0.022615
0 0.369010 0.439929 0.014909 0.019081
0 0.351438 0.493286 0.019169 0.029682
0 0.379393 0.490106 0.016507 0.026148
0 0.381523 0.593993 0.017572 0.023322
0 0.434505 0.621908 0.015974 0.025442
0 0.489084 0.602827 0.017572 0.022615
0 0.515442 0.575618 0.018104 0.024735
0 0.455804 0.624382 0.017039 0.024735
0 0.442226 0.572438 0.014377 0.019788
0 0.470181 0.540636 0.015974 0.018375
0 0.346379 0.653357 0.017572 0.061484
0 0.410809 0.539929 0.011182 0.021201
0 0.465655 0.398233 0.017572 0.026148
0 0.473376 0.482332 0.018104 0.026148
0 0.449414 0.479505 0.031949 0.020495
0 0.413738 0.441343 0.018104 0.020495
0 0.417732 0.423675 0.014377 0.033216
0 0.454739 0.365018 0.015974 0.020495
0 0.433972 0.357244 0.014909 0.017668
0 0.410543 0.331449 0.014909 0.039576
0 0.412407 0.367845 0.016507 0.033216
0 0.399627 0.366784 0.012247 0.025442
0 0.377796 0.353004 0.020767 0.027562
0 0.362620 0.361484 0.015974 0.021908
0 0.345847 0.341343 0.013312 0.038163
0 0.290202 0.381979 0.024494 0.014841
0 0.264377 0.371025 0.020767 0.019788
0 0.235623 0.368551 0.016507 0.010601
0 0.213259 0.371025 0.015442 0.011307
0 0.521565 0.785159 0.014377 0.019788
0 0.564164 0.768551 0.014377 0.019081
0 0.513312 0.665018 0.015974 0.014134
0 0.508786 0.689753 0.015442 0.019788
0 0.512513 0.145936 0.009052 0.012014
1 0.013312 0.485512 0.014909 0.018375
1 0.029819 0.321555 0.011715 0.018375
1 0.222311 0.161131 0.013312 0.019788
1 0.217519 0.153004 0.010117 0.020495
