0 0.162192 0.077540 0.060403 0.041711
0 0.031320 0.164706 0.053691 0.042781
1 0.762864 0.930481 0.040268 0.029947
1 0.544743 0.733155 0.051454 0.026738
1 0.626398 0.668449 0.049217 0.021390
1 0.354586 0.293048 0.055928 0.021390
1 0.495526 0.306417 0.042506 0.026738
1 0.334452 0.351872 0.046980 0.019251
1 0.961969 0.026738 0.031320 0.019251
3 0.369128 0.214973 0.219239 0.100535
3 0.778523 0.109091 0.147651 0.057754
3 0.666667 0.390374 0.210291 0.117647
3 0.196868 0.470588 0.335570 0.121925
3 0.347875 0.620321 0.208054 0.124064
3 0.597315 0.569519 0.147651 0.073797
3 0.314318 0.911765 0.190157 0.118717
3 0.614094 0.910695 0.190157 0.112299
3 0.601790 0.809091 0.093960 0.056684
