1 0.022388 0.060000 0.027719 0.027368
1 0.039446 0.027368 0.031983 0.025263
1 0.078891 0.124211 0.046908 0.033684
1 0.113006 0.284211 0.034115 0.033684
1 0.200426 0.366316 0.042644 0.037895
1 0.277186 0.180000 0.034115 0.040000
1 0.881663 0.622105 0.040512 0.040000
1 0.928571 0.595789 0.031983 0.029474
1 0.963753 0.569474 0.034115 0.031579
1 0.980810 0.600000 0.038380 0.042105
1 0.813433 0.660000 0.036247 0.031579
1 0.886994 0.709474 0.029851 0.033684
1 0.807036 0.756842 0.040512 0.044211
1 0.713220 0.698947 0.031983 0.050526
1 0.852878 0.777895 0.029851 0.035789
1 0.671642 0.752632 0.029851 0.040000
1 0.659915 0.705263 0.040512 0.042105
1 0.646055 0.785263 0.029851 0.037895
1 0.620469 0.756842 0.038380 0.044211
1 0.590618 0.776842 0.038380 0.029474
1 0.511727 0.830526 0.038380 0.035789
1 0.561834 0.833684 0.040512 0.042105
1 0.476546 0.764211 0.066098 0.025263
1 0.418977 0.838947 0.049041 0.035789
1 0.359275 0.802105 0.036247 0.033684
1 0.453092 0.883158 0.031983 0.027368
1 0.510661 0.913684 0.036247 0.033684
1 0.598081 0.942105 0.057569 0.031579
1 0.625800 0.867368 0.031983 0.033684
1 0.759062 0.849474 0.055437 0.040000
1 0.730277 0.910526 0.031983 0.031579
1 0.765458 0.940000 0.029851 0.027368
1 0.408316 0.751579 0.036247 0.042105
1 0.342217 0.704211 0.027719 0.023158
1 0.369936 0.705263 0.023454 0.021053
1 0.450959 0.668421 0.036247 0.023158
1 0.437100 0.684211 0.038380 0.021053
1 0.368870 0.758947 0.025586 0.027368
1 0.187633 0.813684 0.038380 0.031579
1 0.244136 0.794737 0.031983 0.035789
1 0.270789 0.828421 0.029851 0.023158
1 0.295309 0.814737 0.031983 0.025263
1 0.264392 0.752632 0.029851 0.018947
1 0.078891 0.893684 0.029851 0.035789
1 0.184435 0.922105 0.053305 0.042105
1 0.168443 0.871579 0.029851 0.029474
1 0.239872 0.890526 0.031983 0.042105
1 0.292111 0.969474 0.034115 0.040000
1 0.325160 0.948421 0.031983 0.044211
1 0.392324 0.889474 0.025586 0.027368
1 0.288913 0.907368 0.027719 0.033684
1 0.625800 0.594737 0.027719 0.035789
1 0.755864 0.598947 0.036247 0.023158
1 0.767591 0.520000 0.034115 0.033684
1 0.703625 0.581053 0.029851 0.029474
1 0.477612 0.612632 0.034115 0.025263
1 0.434968 0.637895 0.025586 0.025263
1 0.583156 0.603158 0.027719 0.027368
1 0.619403 0.617895 0.027719 0.027368
1 0.231343 0.655789 0.031983 0.040000
1 0.275053 0.632632 0.042644 0.023158
1 0.156716 0.696842 0.031983 0.033684
1 0.126866 0.727368 0.031983 0.031579
1 0.121535 0.616842 0.034115 0.029474
1 0.150320 0.574737 0.027719 0.037895
1 0.105544 0.543158 0.044776 0.033684
1 0.026652 0.553684 0.049041 0.033684
1 0.019190 0.597895 0.034115 0.050526
1 0.460554 0.036842 0.046908 0.035789
1 0.630064 0.037895 0.027719 0.050526
1 0.785714 0.053684 0.049041 0.056842
1 0.843284 0.029474 0.040512 0.046316
1 0.667377 0.089474 0.029851 0.027368
1 0.682303 0.104211 0.034115 0.052632
1 0.592751 0.221053 0.042644 0.046316
1 0.721748 0.218947 0.044776 0.042105
1 0.707889 0.260000 0.034115 0.031579
1 0.671642 0.233684 0.034115 0.042105
1 0.553305 0.303158 0.049041 0.042105
1 0.478678 0.285263 0.036247 0.040000
1 0.302772 0.220000 0.025586 0.031579
1 0.359275 0.223158 0.027719 0.033684
1 0.348614 0.171579 0.031983 0.040000
1 0.018124 0.300000 0.031983 0.040000
1 0.036247 0.674737 0.042644 0.031579
1 0.023454 0.718947 0.042644 0.027368
1 0.015991 0.825263 0.027719 0.029474
1 0.155650 0.750526 0.025586 0.023158
1 0.648188 0.828421 0.029851 0.027368
1 0.726013 0.400000 0.036247 0.021053
1 0.757996 0.365263 0.036247 0.044211
1 0.692964 0.367368 0.042644 0.035789
1 0.716418 0.336842 0.042644 0.029474
1 0.665245 0.327368 0.042644 0.035789
1 0.773987 0.251579 0.038380 0.048421
1 0.718550 0.286316 0.029851 0.029474
1 0.527719 0.363158 0.040512 0.031579
1 0.463753 0.380000 0.031983 0.027368
1 0.522388 0.404211 0.029851 0.029474
1 0.422175 0.488421 0.029851 0.033684
1 0.570362 0.465263 0.040512 0.037895
1 0.497868 0.580000 0.044776 0.018947
1 0.540512 0.566316 0.023454 0.025263
1 0.182303 0.988421 0.036247 0.027368
1 0.458422 0.822105 0.038380 0.023158
1 0.735608 0.781053 0.038380 0.037895
1 0.175906 0.409474 0.040512 0.031579
1 0.813433 0.235789 0.031983 0.042105
1 0.777186 0.181053 0.036247 0.050526
1 0.363539 0.667368 0.044776 0.029474
1 0.519190 0.662105 0.044776 0.035789
1 0.505330 0.644211 0.025586 0.025263
1 0.116205 0.205263 0.023454 0.023158
1 0.656716 0.572632 0.038380 0.029474
1 0.380597 0.952632 0.023454 0.027368
1 0.470149 0.843158 0.019190 0.018947
1 0.231343 0.432632 0.044776 0.027368
1 0.227079 0.463158 0.040512 0.025263
1 0.333689 0.491579 0.040512 0.035789
