1 0.054032 0.255046 0.030645 0.044037
1 0.078226 0.190826 0.030645 0.040367
1 0.116935 0.211009 0.033871 0.044037
1 0.104032 0.282569 0.030645 0.047706
1 0.129839 0.328440 0.033871 0.047706
1 0.084677 0.115596 0.033871 0.036697
1 0.072581 0.150459 0.025806 0.025688
1 0.153226 0.125688 0.038710 0.042202
1 0.163710 0.186239 0.033871 0.045872
1 0.168548 0.255963 0.030645 0.042202
1 0.173387 0.301835 0.030645 0.038532
1 0.170968 0.340367 0.032258 0.038532
1 0.203226 0.103670 0.029032 0.038532
1 0.199194 0.172477 0.027419 0.044037
1 0.087903 0.339450 0.030645 0.040367
1 0.044355 0.355046 0.040323 0.031193
1 0.041935 0.300000 0.035484 0.042202
1 0.040323 0.398165 0.035484 0.040367
1 0.089516 0.395413 0.027419 0.042202
1 0.081452 0.454128 0.030645 0.042202
1 0.106452 0.433028 0.025806 0.036697
1 0.133871 0.466972 0.029032 0.042202
1 0.141129 0.415596 0.030645 0.038532
1 0.050000 0.723853 0.032258 0.045872
1 0.025000 0.804587 0.030645 0.042202
1 0.029032 0.755963 0.032258 0.036697
1 0.075000 0.837615 0.030645 0.049541
1 0.037903 0.893578 0.030645 0.040367
1 0.025000 0.927523 0.027419 0.034862
1 0.058065 0.943119 0.029032 0.033028
1 0.025806 0.963303 0.029032 0.029358
1 0.075806 0.906422 0.029032 0.040367
1 0.116935 0.909174 0.040323 0.045872
1 0.094355 0.945872 0.030645 0.034862
1 0.059677 0.786239 0.032258 0.042202
1 0.165323 0.905505 0.030645 0.042202
1 0.106452 0.679817 0.029032 0.045872
1 0.077419 0.708257 0.022581 0.044037
1 0.025806 0.848624 0.029032 0.034862
1 0.076613 0.639450 0.020968 0.042202
1 0.046774 0.648624 0.022581 0.053211
1 0.033871 0.679817 0.025806 0.042202
1 0.099194 0.606422 0.030645 0.049541
1 0.098387 0.506422 0.032258 0.036697
1 0.120161 0.587156 0.027419 0.047706
1 0.142742 0.716514 0.033871 0.038532
1 0.133871 0.815596 0.025806 0.045872
1 0.115323 0.766972 0.030645 0.044037
1 0.102419 0.817431 0.027419 0.056881
1 0.125806 0.867890 0.035484 0.036697
1 0.160484 0.858716 0.030645 0.040367
1 0.047581 0.206422 0.030645 0.049541
1 0.032258 0.092661 0.032258 0.042202
1 0.012903 0.141284 0.025806 0.047706
1 0.170968 0.019266 0.032258 0.034862
1 0.218548 0.046789 0.033871 0.038532
1 0.120161 0.103670 0.027419 0.042202
1 0.039516 0.453211 0.024194 0.036697
1 0.044355 0.550459 0.043548 0.058716
1 0.134677 0.967890 0.030645 0.042202
1 0.219355 0.954128 0.025806 0.036697
1 0.196774 0.971560 0.032258 0.038532
1 0.223387 0.907339 0.033871 0.038532
1 0.200806 0.835780 0.024194 0.049541
1 0.224194 0.831193 0.022581 0.051376
1 0.180645 0.747706 0.029032 0.034862
1 0.195968 0.718349 0.033871 0.042202
1 0.147581 0.569725 0.020968 0.042202
1 0.180645 0.537615 0.032258 0.044037
1 0.178226 0.584404 0.027419 0.038532
1 0.211290 0.614679 0.025806 0.040367
1 0.122581 0.538532 0.029032 0.038532
1 0.166935 0.462385 0.027419 0.047706
1 0.177419 0.389908 0.029032 0.038532
1 0.229032 0.417431 0.035484 0.045872
1 0.197581 0.455046 0.037097 0.066055
1 0.235484 0.463303 0.035484 0.042202
1 0.258065 0.104587 0.025806 0.044037
1 0.238710 0.176147 0.035484 0.047706
1 0.269355 0.212844 0.029032 0.044037
1 0.275000 0.259633 0.033871 0.045872
1 0.220968 0.252294 0.029032 0.042202
1 0.250000 0.288073 0.029032 0.036697
1 0.238710 0.309174 0.032258 0.034862
1 0.206452 0.315596 0.032258 0.040367
1 0.210484 0.362385 0.046774 0.038532
1 0.269355 0.060550 0.045161 0.044037
1 0.334677 0.111009 0.030645 0.042202
1 0.315323 0.062385 0.033871 0.036697
1 0.287097 0.094495 0.029032 0.042202
1 0.262097 0.162385 0.030645 0.042202
1 0.304839 0.233028 0.029032 0.033028
1 0.166935 0.058716 0.033871 0.051376
1 0.162903 0.678899 0.032258 0.047706
1 0.137097 0.661468 0.019355 0.042202
1 0.138710 0.624771 0.029032 0.042202
1 0.218548 0.766972 0.037097 0.044037
1 0.329032 0.184404 0.032258 0.045872
1 0.366935 0.205505 0.037097 0.044037
1 0.337097 0.284404 0.032258 0.044037
1 0.308065 0.291743 0.032258 0.044037
1 0.288710 0.337615 0.051613 0.051376
1 0.341129 0.338532 0.037097 0.045872
1 0.333065 0.241284 0.033871 0.042202
1 0.373387 0.257798 0.030645 0.042202
1 0.370161 0.066972 0.037097 0.038532
1 0.335484 0.447706 0.032258 0.033028
1 0.285484 0.505505 0.029032 0.042202
1 0.277419 0.588073 0.029032 0.053211
1 0.254032 0.650459 0.027419 0.053211
1 0.312097 0.676147 0.027419 0.038532
1 0.272581 0.684404 0.029032 0.044037
1 0.304032 0.722018 0.033871 0.042202
1 0.269355 0.738532 0.035484 0.042202
1 0.379839 0.144954 0.030645 0.040367
1 0.408871 0.160550 0.027419 0.042202
1 0.421774 0.239450 0.030645 0.042202
1 0.400000 0.219266 0.025806 0.042202
1 0.387903 0.288073 0.027419 0.036697
1 0.366129 0.311927 0.035484 0.051376
1 0.367742 0.370642 0.032258 0.047706
1 0.414516 0.338532 0.032258 0.038532
1 0.381452 0.455963 0.033871 0.045872
1 0.443548 0.120183 0.029032 0.042202
1 0.465323 0.161468 0.030645 0.036697
1 0.456452 0.205505 0.032258 0.029358
1 0.462097 0.066055 0.027419 0.036697
1 0.479839 0.110092 0.030645 0.044037
1 0.417742 0.088073 0.035484 0.058716
1 0.428226 0.033028 0.040323 0.040367
1 0.320161 0.487156 0.030645 0.031193
1 0.317742 0.534862 0.029032 0.034862
1 0.313710 0.587156 0.027419 0.036697
1 0.329032 0.622936 0.029032 0.042202
1 0.341935 0.567890 0.029032 0.031193
1 0.302419 0.771560 0.030645 0.038532
1 0.266935 0.843119 0.027419 0.042202
1 0.291129 0.860550 0.040323 0.036697
1 0.269355 0.933945 0.035484 0.033028
1 0.251613 0.982569 0.032258 0.034862
1 0.274194 0.893578 0.032258 0.040367
1 0.313710 0.820183 0.033871 0.040367
1 0.314516 0.956881 0.032258 0.049541
1 0.328226 0.916514 0.043548 0.038532
1 0.341935 0.857798 0.035484 0.045872
1 0.353226 0.803670 0.038710 0.036697
1 0.391129 0.933945 0.037097 0.044037
1 0.342742 0.947706 0.027419 0.031193
1 0.382258 0.869725 0.029032 0.044037
1 0.384677 0.824771 0.030645 0.045872
1 0.371774 0.722018 0.030645 0.034862
1 0.403226 0.677064 0.035484 0.029358
1 0.352419 0.507339 0.050000 0.038532
1 0.704839 0.980734 0.038710 0.031193
1 0.640323 0.900000 0.029032 0.034862
1 0.628226 0.860550 0.033871 0.040367
1 0.651613 0.798165 0.029032 0.036697
1 0.624194 0.799083 0.022581 0.038532
1 0.611290 0.762385 0.029032 0.038532
1 0.686290 0.854128 0.030645 0.060550
1 0.511290 0.930275 0.035484 0.040367
1 0.535484 0.945872 0.032258 0.034862
1 0.527419 0.886239 0.035484 0.036697
1 0.566129 0.885321 0.035484 0.049541
1 0.536290 0.834862 0.043548 0.051376
1 0.708065 0.726606 0.029032 0.044037
1 0.716935 0.776147 0.027419 0.040367
1 0.740323 0.840367 0.029032 0.051376
1 0.727419 0.894495 0.048387 0.053211
1 0.707258 0.945872 0.040323 0.042202
1 0.701613 0.833028 0.025806 0.040367
1 0.583871 0.748624 0.025806 0.033028
1 0.582258 0.822936 0.032258 0.049541
1 0.547581 0.788073 0.040323 0.042202
1 0.546774 0.736697 0.032258 0.042202
1 0.495161 0.812844 0.035484 0.040367
1 0.493548 0.867890 0.038710 0.044037
1 0.435484 0.901835 0.035484 0.053211
1 0.452419 0.972477 0.037097 0.040367
1 0.466935 0.923853 0.030645 0.042202
1 0.447581 0.844954 0.027419 0.031193
1 0.433065 0.801835 0.037097 0.033028
1 0.433871 0.759633 0.038710 0.036697
1 0.455645 0.676147 0.037097 0.034862
1 0.475000 0.705505 0.043548 0.038532
1 0.487097 0.745872 0.032258 0.038532
1 0.493548 0.656881 0.032258 0.044037
1 0.491129 0.598165 0.027419 0.040367
1 0.488710 0.525688 0.029032 0.045872
1 0.483871 0.473394 0.035484 0.044037
1 0.463710 0.434862 0.030645 0.047706
1 0.424194 0.436697 0.035484 0.051376
1 0.525806 0.524771 0.035484 0.036697
1 0.532258 0.470642 0.032258 0.038532
1 0.486290 0.351376 0.030645 0.049541
1 0.492742 0.404587 0.030645 0.042202
1 0.469355 0.285321 0.029032 0.056881
1 0.440323 0.346789 0.029032 0.033028
1 0.504032 0.255046 0.027419 0.047706
1 0.484677 0.232110 0.024194 0.042202
1 0.508871 0.210092 0.030645 0.042202
1 0.503226 0.144954 0.029032 0.047706
1 0.535484 0.089908 0.038710 0.055046
1 0.550806 0.140367 0.033871 0.038532
1 0.559677 0.194495 0.038710 0.044037
1 0.493548 0.045872 0.029032 0.036697
1 0.557258 0.252294 0.033871 0.049541
1 0.562097 0.353211 0.037097 0.045872
1 0.602419 0.042202 0.030645 0.044037
1 0.616935 0.096330 0.030645 0.045872
1 0.600000 0.170642 0.038710 0.044037
1 0.583065 0.117431 0.024194 0.036697
1 0.602419 0.214679 0.040323 0.036697
1 0.596774 0.258716 0.038710 0.047706
1 0.597581 0.319266 0.037097 0.040367
1 0.645968 0.370642 0.030645 0.040367
1 0.679839 0.283486 0.033871 0.042202
1 0.651613 0.197248 0.035484 0.042202
1 0.635484 0.280734 0.041935 0.058716
1 0.665323 0.146789 0.033871 0.036697
1 0.684677 0.187156 0.027419 0.040367
1 0.712097 0.219266 0.033871 0.034862
1 0.655645 0.070642 0.033871 0.045872
1 0.695161 0.066972 0.032258 0.038532
1 0.720968 0.096330 0.032258 0.038532
1 0.708871 0.156881 0.033871 0.045872
1 0.691129 0.127523 0.027419 0.042202
1 0.573387 0.066972 0.027419 0.038532
1 0.537097 0.416514 0.035484 0.047706
1 0.570161 0.456881 0.030645 0.040367
1 0.580645 0.400000 0.038710 0.044037
1 0.515323 0.605505 0.027419 0.040367
1 0.606452 0.565138 0.032258 0.051376
1 0.620161 0.617431 0.033871 0.038532
1 0.589516 0.668807 0.033871 0.042202
1 0.580645 0.703670 0.032258 0.031193
1 0.653226 0.727523 0.032258 0.042202
1 0.625806 0.711009 0.029032 0.042202
1 0.653226 0.586239 0.032258 0.034862
1 0.581452 0.519266 0.033871 0.055046
1 0.617742 0.492661 0.032258 0.042202
1 0.650806 0.454128 0.043548 0.034862
1 0.762903 0.228440 0.035484 0.034862
1 0.789516 0.262385 0.030645 0.036697
1 0.777419 0.346789 0.041935 0.051376
1 0.762903 0.403670 0.038710 0.040367
1 0.706452 0.254128 0.029032 0.042202
1 0.806452 0.122018 0.032258 0.042202
1 0.813710 0.161468 0.027419 0.040367
1 0.828226 0.022936 0.030645 0.042202
1 0.828226 0.082569 0.027419 0.029358
1 0.837903 0.127523 0.033871 0.042202
1 0.862903 0.091743 0.035484 0.033028
1 0.879839 0.039450 0.033871 0.042202
1 0.717742 0.346789 0.032258 0.051376
1 0.712903 0.477064 0.035484 0.033028
1 0.660484 0.523853 0.030645 0.042202
1 0.717742 0.610092 0.035484 0.045872
1 0.733065 0.560550 0.037097 0.042202
1 0.752419 0.488991 0.030645 0.038532
1 0.768548 0.525688 0.030645 0.042202
1 0.749194 0.644954 0.033871 0.042202
1 0.768548 0.685321 0.027419 0.049541
1 0.734677 0.722018 0.027419 0.045872
1 0.663710 0.982569 0.027419 0.034862
1 0.759677 0.940367 0.032258 0.038532
1 0.783065 0.884404 0.030645 0.036697
1 0.816935 0.883486 0.030645 0.042202
1 0.764516 0.971560 0.035484 0.045872
1 0.794355 0.929358 0.040323 0.042202
1 0.816935 0.959633 0.027419 0.044037
1 0.863710 0.953211 0.033871 0.034862
1 0.844355 0.900000 0.033871 0.042202
1 0.520968 0.361468 0.032258 0.033028
1 0.506452 0.330275 0.025806 0.040367
1 0.839516 0.356881 0.037097 0.053211
1 0.871774 0.400917 0.033871 0.045872
1 0.816935 0.282569 0.027419 0.033028
1 0.939516 0.023853 0.030645 0.040367
1 0.905645 0.046789 0.033871 0.056881
1 0.953226 0.074312 0.041935 0.053211
1 0.980645 0.108257 0.038710 0.036697
1 0.962097 0.179817 0.033871 0.044037
1 0.950806 0.222018 0.040323 0.036697
1 0.973387 0.263303 0.033871 0.049541
1 0.913710 0.303670 0.033871 0.042202
1 0.908871 0.350459 0.033871 0.040367
1 0.908065 0.395413 0.035484 0.038532
1 0.863710 0.484404 0.037097 0.044037
1 0.905645 0.493578 0.040323 0.033028
1 0.903226 0.446789 0.029032 0.031193
1 0.930645 0.410092 0.038710 0.042202
1 0.883871 0.916514 0.041935 0.034862
1 0.937097 0.953211 0.032258 0.038532
1 0.890323 0.974312 0.045161 0.051376
1 0.965323 0.886239 0.024194 0.036697
1 0.937097 0.841284 0.022581 0.038532
1 0.803226 0.677982 0.032258 0.038532
1 0.804839 0.596330 0.041935 0.055046
1 0.762097 0.595413 0.037097 0.034862
1 0.840323 0.644037 0.038710 0.033028
1 0.841129 0.562385 0.030645 0.038532
1 0.893548 0.600000 0.029032 0.047706
1 0.842742 0.606422 0.043548 0.034862
1 0.978226 0.632110 0.040323 0.056881
1 0.949194 0.778899 0.033871 0.034862
1 0.968548 0.823853 0.033871 0.047706
1 0.975000 0.575229 0.033871 0.042202
1 0.986290 0.366972 0.027419 0.036697
1 0.951613 0.530275 0.029032 0.033028
1 0.923387 0.255963 0.037097 0.042202
1 0.871774 0.324771 0.043548 0.040367
1 0.867742 0.279817 0.041935 0.045872
1 0.751613 0.024771 0.025806 0.042202
1 0.538710 0.032110 0.029032 0.034862
1 0.429839 0.391743 0.024194 0.034862
1 0.013710 0.190826 0.024194 0.058716
1 0.812903 0.532110 0.041935 0.040367
1 0.823387 0.487156 0.030645 0.031193
1 0.695161 0.536697 0.029032 0.045872
1 0.725000 0.510092 0.027419 0.033028
1 0.132258 0.500917 0.029032 0.033028
1 0.195161 0.252294 0.029032 0.042202
1 0.225806 0.122018 0.041935 0.042202
1 0.221774 0.213761 0.027419 0.034862
1 0.017742 0.381651 0.029032 0.047706
1 0.040323 0.133028 0.035484 0.053211
1 0.076613 0.067890 0.037097 0.036697
1 0.216129 0.671560 0.025806 0.044037
1 0.241935 0.707339 0.035484 0.038532
1 0.192742 0.927523 0.027419 0.031193
1 0.152419 0.939450 0.033871 0.033028
1 0.107258 0.987156 0.037097 0.025688
1 0.345161 0.981651 0.029032 0.025688
1 0.305645 0.909174 0.027419 0.042202
1 0.287903 0.977064 0.027419 0.038532
1 0.251613 0.014679 0.025806 0.033028
1 0.325000 0.015596 0.033871 0.031193
1 0.354032 0.041284 0.030645 0.031193
1 0.183871 0.623853 0.025806 0.029358
1 0.182258 0.656881 0.035484 0.040367
1 0.150806 0.510092 0.024194 0.047706
1 0.595968 0.868807 0.030645 0.034862
1 0.680645 0.923853 0.029032 0.038532
1 0.649194 0.944037 0.020968 0.034862
1 0.622581 0.922936 0.029032 0.036697
1 0.920161 0.921101 0.030645 0.040367
1 0.792742 0.791743 0.027419 0.034862
1 0.833871 0.775229 0.029032 0.053211
1 0.717742 0.671560 0.022581 0.033028
1 0.663710 0.689908 0.024194 0.033028
1 0.860484 0.861468 0.027419 0.034862
1 0.977419 0.716514 0.029032 0.038532
1 0.526613 0.666972 0.030645 0.020183
1 0.678226 0.341284 0.033871 0.047706
1 0.670161 0.418349 0.050000 0.029358
1 0.719355 0.432110 0.022581 0.031193
1 0.737903 0.388991 0.024194 0.025688
1 0.952419 0.340367 0.027419 0.031193
1 0.658871 0.242202 0.024194 0.033028
1 0.716935 0.030275 0.033871 0.031193
1 0.666129 0.039450 0.029032 0.034862
1 0.750806 0.133028 0.024194 0.027523
1 0.494355 0.082569 0.027419 0.033028
1 0.587903 0.359633 0.024194 0.029358
1 0.532258 0.556881 0.029032 0.023853
1 0.554032 0.587156 0.033871 0.036697
1 0.010484 0.307339 0.024194 0.038532
1 0.009677 0.427523 0.019355 0.040367
1 0.533065 0.705505 0.043548 0.038532
1 0.563710 0.014679 0.033871 0.029358
1 0.661290 0.011927 0.038710 0.023853
1 0.243548 0.519266 0.032258 0.040367
1 0.225000 0.574312 0.040323 0.051376
1 0.379839 0.537615 0.043548 0.036697
1 0.872581 0.672477 0.035484 0.038532
1 0.844355 0.223853 0.027419 0.058716
1 0.616935 0.684404 0.033871 0.029358
