0 0.200941 0.071517 0.041667 0.038557
0 0.149194 0.126866 0.043011 0.034826
0 0.177419 0.173507 0.045699 0.033582
0 0.254704 0.078358 0.044355 0.029851
0 0.295699 0.052239 0.048387 0.032338
0 0.571237 0.080846 0.037634 0.042289
0 0.606855 0.063433 0.033602 0.029851
0 0.645833 0.076493 0.041667 0.033582
0 0.620296 0.200249 0.038978 0.027363
0 0.637769 0.230100 0.033602 0.022388
0 0.555780 0.175373 0.044355 0.024876
0 0.836022 0.114428 0.032258 0.034826
0 0.872312 0.148010 0.040323 0.042289
0 0.823253 0.199005 0.033602 0.034826
0 0.913306 0.121269 0.036290 0.046020
0 0.947581 0.135572 0.018817 0.022388
0 0.790323 0.036070 0.040323 0.039801
0 0.876344 0.092040 0.029570 0.037313
0 0.827285 0.365672 0.036290 0.032338
0 0.877688 0.350746 0.032258 0.032338
0 0.901210 0.393657 0.047043 0.038557
0 0.946237 0.409826 0.048387 0.048507
0 0.744624 0.424129 0.029570 0.032338
0 0.712366 0.448383 0.034946 0.026119
0 0.785618 0.473881 0.038978 0.032338
0 0.838038 0.488806 0.030914 0.027363
0 0.514113 0.516791 0.036290 0.048507
0 0.564516 0.414179 0.029570 0.032338
0 0.602151 0.438433 0.040323 0.038557
0 0.631048 0.391791 0.036290 0.037313
0 0.653226 0.449627 0.037634 0.033582
0 0.619624 0.503109 0.040323 0.036070
0 0.575941 0.553483 0.047043 0.044776
0 0.487231 0.556592 0.030914 0.026119
0 0.494624 0.455846 0.051075 0.036070
0 0.349462 0.613184 0.034946 0.037313
0 0.329973 0.554104 0.036290 0.031095
0 0.286962 0.678483 0.038978 0.036070
0 0.023522 0.822139 0.036290 0.024876
0 0.090054 0.888060 0.024194 0.022388
0 0.069220 0.939055 0.030914 0.029851
0 0.145161 0.916045 0.040323 0.031095
0 0.647177 0.746891 0.052419 0.038557
0 0.619624 0.682836 0.045699 0.037313
0 0.637769 0.639303 0.052419 0.034826
0 0.590726 0.715796 0.041667 0.041045
0 0.553763 0.732587 0.053763 0.047264
0 0.516129 0.701493 0.043011 0.037313
0 0.555108 0.679104 0.029570 0.027363
0 0.557796 0.773010 0.045699 0.043532
0 0.477151 0.746269 0.037634 0.034826
0 0.296371 0.381841 0.044355 0.052239
0 0.271505 0.415423 0.048387 0.039801
0 0.286962 0.452736 0.041667 0.024876
0 0.333333 0.493159 0.040323 0.041045
0 0.277554 0.330846 0.041667 0.044776
0 0.232527 0.374378 0.032258 0.037313
0 0.203629 0.422264 0.047043 0.038557
0 0.169355 0.353234 0.034946 0.039801
0 0.206317 0.327736 0.044355 0.043532
0 0.729839 0.491294 0.032258 0.029851
0 0.725806 0.524876 0.040323 0.034826
0 0.889785 0.523010 0.045699 0.033582
0 0.899866 0.432214 0.049731 0.038557
0 0.955645 0.687811 0.056452 0.044776
0 0.954301 0.649254 0.040323 0.032338
0 0.887097 0.700249 0.029570 0.032338
0 0.821909 0.626244 0.044355 0.036070
0 0.764785 0.659204 0.037634 0.032338
0 0.229839 0.686567 0.032258 0.032338
0 0.299731 0.746269 0.034946 0.029851
0 0.218414 0.764303 0.041667 0.036070
0 0.137097 0.735697 0.032258 0.028607
0 0.131720 0.689055 0.029570 0.029851
0 0.139113 0.636816 0.036290 0.037313
0 0.088038 0.667289 0.038978 0.038557
0 0.288978 0.612562 0.029570 0.028607
0 0.211022 0.611318 0.034946 0.031095
0 0.639113 0.320274 0.044355 0.036070
0 0.637769 0.274254 0.030914 0.026119
0 0.570565 0.331468 0.028226 0.026119
0 0.756048 0.379353 0.030914 0.027363
0 0.710349 0.628109 0.038978 0.032338
0 0.928763 0.913557 0.045699 0.031095
0 0.805780 0.900498 0.052419 0.024876
0 0.769489 0.871891 0.025538 0.032338
0 0.731855 0.894279 0.044355 0.032338
0 0.590726 0.882463 0.044355 0.038557
0 0.649866 0.874378 0.052419 0.039801
0 0.622984 0.899254 0.044355 0.032338
0 0.543683 0.913557 0.047043 0.036070
0 0.489247 0.899876 0.053763 0.043532
0 0.438844 0.893657 0.044355 0.038557
0 0.432796 0.832090 0.048387 0.039801
0 0.477823 0.842040 0.036290 0.032338
0 0.354167 0.873756 0.033602 0.033582
0 0.405242 0.762438 0.033602 0.032338
0 0.433468 0.554104 0.033602 0.031095
0 0.270833 0.518035 0.028226 0.026119
0 0.223790 0.537313 0.041667 0.027363
0 0.224462 0.575249 0.045699 0.023632
0 0.306452 0.830846 0.032258 0.034826
0 0.266129 0.803483 0.029570 0.032338
0 0.338038 0.764303 0.028226 0.031095
0 0.368952 0.779229 0.030914 0.036070
0 0.275538 0.863184 0.032258 0.029851
0 0.213710 0.881219 0.029570 0.028607
0 0.189516 0.935945 0.034946 0.033582
0 0.246640 0.932214 0.041667 0.036070
0 0.266801 0.902985 0.033602 0.029851
0 0.331989 0.948383 0.024194 0.031095
0 0.711022 0.683458 0.051075 0.043532
0 0.742608 0.761194 0.030914 0.024876
0 0.784274 0.701493 0.052419 0.039801
0 0.862231 0.899876 0.041667 0.031095
0 0.297715 0.241294 0.049731 0.032338
0 0.311156 0.277363 0.041667 0.027363
0 0.205645 0.254353 0.043011 0.033582
0 0.854167 0.810323 0.068548 0.021144
0 0.911962 0.750622 0.033602 0.028607
0 0.953629 0.877488 0.033602 0.023632
0 0.307124 0.978234 0.030914 0.028607
0 0.146505 0.962065 0.029570 0.023632
0 0.130376 0.573383 0.026882 0.032338
0 0.092742 0.591418 0.029570 0.036070
0 0.030914 0.626866 0.040323 0.029851
0 0.107527 0.778607 0.040323 0.037313
0 0.070565 0.771144 0.030914 0.032338
0 0.064516 0.451493 0.040323 0.044776
0 0.032258 0.389303 0.045699 0.044776
0 0.018145 0.439677 0.030914 0.036070
0 0.019489 0.576493 0.033602 0.038557
0 0.069220 0.535448 0.030914 0.036070
0 0.229167 0.503109 0.036290 0.028607
0 0.862903 0.582711 0.043011 0.033582
0 0.950269 0.197139 0.034946 0.041045
0 0.983199 0.171642 0.030914 0.042289
0 0.897849 0.189055 0.029570 0.034826
0 0.644489 0.556592 0.025538 0.023632
0 0.602823 0.173507 0.033602 0.028607
0 0.563844 0.211443 0.044355 0.034826
0 0.557796 0.259328 0.045699 0.023632
0 0.570565 0.290423 0.025538 0.018657
0 0.659946 0.031095 0.034946 0.032338
0 0.622984 0.011194 0.052419 0.019900
0 0.680780 0.009950 0.044355 0.017413
0 0.281586 0.013682 0.036290 0.024876
0 0.209677 0.296642 0.037634 0.031095
0 0.268145 0.149254 0.036290 0.027363
0 0.435484 0.730100 0.043011 0.039801
0 0.925403 0.359453 0.038978 0.037313
0 0.907930 0.300373 0.036290 0.041045
0 0.851478 0.279229 0.036290 0.031095
0 0.847446 0.239428 0.030914 0.023632
0 0.981855 0.250000 0.036290 0.037313
0 0.945565 0.267413 0.044355 0.039801
0 0.416667 0.513682 0.040323 0.024876
1 0.809812 0.557214 0.025538 0.029851
