0 0.044622 0.110255 0.022121 0.019437
0 0.059878 0.182641 0.023646 0.022118
0 0.104500 0.141086 0.018307 0.020777
0 0.125858 0.155831 0.021358 0.024799
0 0.138825 0.112601 0.019832 0.018767
0 0.032037 0.200737 0.033562 0.019437
0 0.154081 0.153150 0.018307 0.034182
0 0.184592 0.176609 0.032037 0.027480
0 0.160564 0.199732 0.028223 0.022788
0 0.104882 0.099531 0.035850 0.019437
0 0.220061 0.036863 0.026697 0.026810
0 0.289092 0.079424 0.019832 0.027480
0 0.284897 0.028485 0.023646 0.015416
0 0.285660 0.044906 0.017544 0.017426
0 0.284897 0.142091 0.025172 0.021448
0 0.278032 0.178284 0.020595 0.021448
0 0.090770 0.564678 0.033562 0.028820
0 0.083905 0.536528 0.024409 0.022118
0 0.107933 0.522118 0.028223 0.024129
0 0.053394 0.528820 0.024409 0.024129
0 0.054920 0.599531 0.032037 0.031501
0 0.141495 0.490282 0.029748 0.023458
0 0.091915 0.504692 0.026697 0.024129
0 0.131960 0.541555 0.024409 0.018767
0 0.059497 0.569705 0.024409 0.022788
0 0.053394 0.654155 0.024409 0.032172
0 0.199466 0.536528 0.022121 0.022118
0 0.201373 0.507708 0.022883 0.022118
0 0.190694 0.620979 0.039664 0.028820
0 0.242182 0.572721 0.022121 0.023458
0 0.269641 0.577413 0.023646 0.030161
0 0.152174 0.520777 0.019069 0.016086
0 0.172006 0.509048 0.025172 0.020777
0 0.339436 0.608914 0.028986 0.028820
0 0.377193 0.577078 0.028223 0.024129
0 0.379100 0.533847 0.024409 0.034182
0 0.359649 0.516086 0.028223 0.024129
0 0.241800 0.661193 0.028986 0.027480
0 0.297864 0.585791 0.022121 0.025469
0 0.365751 0.639075 0.017544 0.030161
0 0.409611 0.554625 0.019832 0.028820
0 0.189931 0.875000 0.032037 0.020777
0 0.196796 0.913874 0.041190 0.026139
0 0.167811 0.844839 0.022883 0.014075
0 0.176201 0.822051 0.025934 0.019437
0 0.151411 0.864946 0.026697 0.027480
0 0.282227 0.866287 0.036613 0.028820
0 0.243326 0.844169 0.025934 0.031501
0 0.253242 0.803954 0.022883 0.034182
0 0.302059 0.786863 0.024409 0.030831
0 0.313883 0.849196 0.026697 0.028150
0 0.347063 0.795241 0.027460 0.022118
0 0.119756 0.819370 0.033562 0.027480
0 0.273074 0.885054 0.035088 0.023458
0 0.405797 0.491287 0.035088 0.042895
0 0.447750 0.426609 0.028986 0.024799
0 0.541953 0.556971 0.029748 0.029491
0 0.536613 0.477882 0.035850 0.038874
0 0.510679 0.433311 0.025172 0.036863
0 0.535088 0.446046 0.028223 0.034182
0 0.624333 0.423592 0.022121 0.021448
0 0.649123 0.552949 0.024409 0.030831
0 0.635011 0.460121 0.028223 0.026139
0 0.651030 0.440349 0.028223 0.026810
0 0.720442 0.559316 0.023646 0.024799
0 0.737223 0.503016 0.023646 0.020777
0 0.739893 0.533847 0.022883 0.026139
0 0.738368 0.466153 0.022883 0.019437
0 0.750953 0.432641 0.023646 0.023458
0 0.763158 0.481903 0.017544 0.018767
0 0.790236 0.568365 0.030511 0.032172
0 0.684973 0.585791 0.027460 0.028150
0 0.633867 0.495643 0.030511 0.031501
0 0.842868 0.505027 0.022883 0.030161
0 0.880625 0.542895 0.026697 0.028150
0 0.906178 0.532172 0.030511 0.032172
0 0.900076 0.581434 0.028986 0.027480
0 0.874142 0.584450 0.015256 0.020107
0 0.646072 0.269102 0.028986 0.031501
0 0.644165 0.304290 0.023646 0.024129
0 0.678490 0.333780 0.028223 0.030831
0 0.684592 0.263070 0.019069 0.030161
0 0.702136 0.216488 0.020595 0.026810
0 0.730740 0.238941 0.025934 0.030161
0 0.709382 0.268097 0.019832 0.024129
0 0.713959 0.323056 0.013730 0.025469
0 0.736842 0.305630 0.019832 0.022788
0 0.732265 0.335121 0.027460 0.024129
0 0.762014 0.301609 0.021358 0.026810
0 0.638444 0.353887 0.025934 0.029491
0 0.653699 0.210121 0.024409 0.023458
0 0.610221 0.294571 0.021358 0.023458
0 0.766590 0.362936 0.022883 0.026139
0 0.839817 0.235590 0.021358 0.030161
0 0.844775 0.290214 0.034325 0.040214
0 0.837529 0.359920 0.022883 0.026810
0 0.782990 0.293901 0.019069 0.020777
0 0.815789 0.274464 0.014493 0.026139
0 0.811213 0.191019 0.019069 0.016086
0 0.062548 0.098525 0.027460 0.028150
0 0.082761 0.052614 0.025172 0.014075
0 0.136537 0.074062 0.024409 0.014075
0 0.177727 0.049263 0.024409 0.015416
0 0.254767 0.076743 0.030511 0.012735
0 0.158276 0.008713 0.034325 0.017426
0 0.307780 0.101877 0.023646 0.016086
0 0.332952 0.138740 0.032799 0.020107
0 0.328757 0.051944 0.025934 0.022118
0 0.042715 0.258043 0.032037 0.028150
0 0.074371 0.264745 0.022121 0.028150
0 0.090008 0.219169 0.025934 0.030831
0 0.117468 0.221180 0.022883 0.022788
0 0.062548 0.217828 0.024409 0.024129
0 0.094584 0.341823 0.021358 0.021448
0 0.179252 0.285523 0.033562 0.034853
0 0.233410 0.323056 0.024409 0.030831
0 0.236079 0.212802 0.025172 0.020777
0 0.211289 0.219839 0.022883 0.025469
0 0.237223 0.276475 0.022883 0.026139
0 0.250572 0.244303 0.028223 0.027480
0 0.271930 0.448056 0.029748 0.030161
0 0.241419 0.421917 0.026697 0.028820
0 0.235698 0.395777 0.038139 0.023458
0 0.273074 0.366287 0.024409 0.023458
0 0.373760 0.383378 0.032037 0.033512
0 0.439359 0.378351 0.027460 0.028820
0 0.466438 0.390416 0.026697 0.024799
0 0.415713 0.429960 0.024409 0.019437
0 0.025172 0.015080 0.030511 0.023458
0 0.032799 0.088807 0.025934 0.016756
0 0.081617 0.159853 0.015256 0.019437
0 0.136537 0.178284 0.033562 0.020107
0 0.134249 0.308981 0.016781 0.025469
0 0.121663 0.342828 0.014493 0.016756
0 0.032799 0.307976 0.028986 0.016756
0 0.024790 0.328083 0.028223 0.015416
0 0.254386 0.320375 0.017544 0.028150
0 0.108314 0.292225 0.015256 0.013405
0 0.123951 0.282172 0.016018 0.014745
0 0.033944 0.444705 0.028223 0.031501
0 0.122426 0.372989 0.022121 0.022118
0 0.114798 0.410858 0.017544 0.024129
0 0.119756 0.456099 0.028986 0.018097
0 0.154462 0.415885 0.031274 0.034182
0 0.150267 0.468164 0.021358 0.020777
0 0.068268 0.489611 0.040427 0.018097
0 0.141114 0.632038 0.027460 0.018767
0 0.139588 0.693700 0.036613 0.028150
0 0.057208 0.705764 0.050343 0.024129
0 0.025553 0.729223 0.032799 0.021448
0 0.081236 0.734249 0.031274 0.023458
0 0.046148 0.741622 0.034325 0.020777
0 0.022502 0.768097 0.019069 0.024129
0 0.060259 0.792895 0.028986 0.024129
0 0.026697 0.794236 0.027460 0.020107
0 0.131579 0.798928 0.028223 0.022788
0 0.092296 0.830764 0.019832 0.027480
0 0.033181 0.939678 0.029748 0.022788
0 0.064836 0.985590 0.032037 0.024799
0 0.021358 0.836796 0.021358 0.014075
0 0.014874 0.927614 0.031274 0.026810
0 0.213196 0.890751 0.035850 0.021448
0 0.123951 0.879021 0.025172 0.032842
0 0.141495 0.835791 0.019069 0.018767
0 0.262395 0.910858 0.032037 0.022788
0 0.224256 0.804290 0.018307 0.022788
0 0.291381 0.688338 0.016781 0.029491
0 0.293669 0.816354 0.030511 0.028150
0 0.369947 0.754692 0.024409 0.036193
0 0.416857 0.702078 0.026697 0.026139
0 0.448513 0.718499 0.030511 0.032172
0 0.475210 0.787198 0.022883 0.028820
0 0.495042 0.751005 0.025934 0.027480
0 0.496949 0.696381 0.019069 0.025469
0 0.575133 0.741287 0.025934 0.032172
0 0.615179 0.694370 0.028223 0.025469
0 0.624333 0.727212 0.035850 0.026810
0 0.548818 0.680630 0.022121 0.023458
0 0.560641 0.642761 0.025934 0.030831
0 0.529367 0.716153 0.019832 0.034182
0 0.607170 0.664209 0.028986 0.026810
0 0.463005 0.666220 0.027460 0.022788
0 0.649504 0.779826 0.026697 0.028820
0 0.662853 0.741287 0.032037 0.021448
0 0.668574 0.665550 0.028223 0.030831
0 0.585812 0.593499 0.024409 0.038204
0 0.557590 0.580764 0.028986 0.030161
0 0.651030 0.621314 0.028223 0.032172
0 0.688024 0.618633 0.028986 0.024129
0 0.748284 0.643767 0.027460 0.024799
0 0.819222 0.677279 0.025934 0.034182
0 0.818841 0.638405 0.028223 0.026139
0 0.761632 0.681300 0.026697 0.028820
0 0.793288 0.674598 0.021358 0.026139
0 0.755912 0.948391 0.033562 0.026810
0 0.832571 0.922587 0.035850 0.034182
0 0.809687 0.942024 0.031274 0.022118
0 0.841724 0.967158 0.032799 0.026810
0 0.874142 0.954759 0.025934 0.028820
0 0.864989 0.860255 0.030511 0.026139
0 0.830664 0.847520 0.030511 0.023458
0 0.958810 0.974866 0.027460 0.027480
0 0.926011 0.953418 0.033562 0.019437
0 0.856979 0.906166 0.031274 0.028150
0 0.782609 0.931971 0.025934 0.028820
0 0.802441 0.883713 0.021358 0.020777
0 0.898551 0.913539 0.027460 0.021448
0 0.836766 0.882373 0.021358 0.018097
0 0.754386 0.904826 0.028986 0.029491
0 0.978261 0.932641 0.020595 0.018097
0 0.829901 0.703418 0.025934 0.031501
0 0.846301 0.718499 0.019069 0.038874
0 0.867277 0.737936 0.022883 0.025469
0 0.931350 0.732574 0.022883 0.029491
0 0.976735 0.698056 0.020595 0.028820
0 0.963387 0.703083 0.016781 0.028150
0 0.892449 0.757373 0.022883 0.024129
0 0.906941 0.706434 0.022883 0.022788
0 0.907323 0.646113 0.022121 0.033512
0 0.393974 0.112601 0.028223 0.028150
0 0.443173 0.090483 0.027460 0.022788
0 0.443173 0.128686 0.024409 0.021448
0 0.402746 0.133378 0.021358 0.021448
0 0.430969 0.109920 0.024409 0.020107
0 0.414569 0.068700 0.025172 0.020777
0 0.363082 0.227547 0.021358 0.026139
0 0.425248 0.183646 0.023646 0.028150
0 0.451182 0.185657 0.023646 0.030831
0 0.502288 0.161863 0.023646 0.031501
0 0.500000 0.208780 0.034325 0.027480
0 0.540427 0.101542 0.025172 0.030161
0 0.567887 0.108579 0.028223 0.021448
0 0.557971 0.151475 0.025172 0.021448
0 0.554539 0.183646 0.025934 0.024129
0 0.543860 0.216153 0.024409 0.024799
0 0.491228 0.107574 0.016781 0.026139
0 0.341342 0.193700 0.020595 0.024129
0 0.478261 0.161863 0.022883 0.024799
0 0.472159 0.203083 0.022883 0.025469
0 0.588863 0.216823 0.025934 0.023458
0 0.604119 0.156836 0.025934 0.022788
0 0.595347 0.067359 0.026697 0.022118
0 0.541953 0.060992 0.028223 0.034853
0 0.552632 0.035188 0.023646 0.024799
0 0.582761 0.037534 0.025934 0.022788
0 0.606026 0.094839 0.025172 0.024799
0 0.635774 0.118968 0.023646 0.022118
0 0.702517 0.081769 0.018307 0.030831
0 0.672006 0.057976 0.022883 0.023458
0 0.651411 0.138740 0.022883 0.021448
0 0.638063 0.167225 0.032799 0.023458
0 0.604882 0.184316 0.025934 0.020107
0 0.680015 0.180965 0.031274 0.021448
0 0.766209 0.111930 0.022121 0.025469
0 0.784134 0.102547 0.022883 0.032172
0 0.789855 0.063003 0.028223 0.021448
0 0.801678 0.034517 0.027460 0.023458
0 0.797101 0.166555 0.024409 0.022118
0 0.808543 0.140080 0.025934 0.016086
0 0.769641 0.141086 0.025934 0.022118
0 0.821510 0.094169 0.016781 0.034182
0 0.879863 0.023458 0.026697 0.030831
0 0.807780 0.407507 0.019832 0.018767
0 0.878337 0.448391 0.025172 0.018767
0 0.933638 0.451743 0.025934 0.032172
0 0.937452 0.511729 0.027460 0.022118
0 0.893211 0.359920 0.022883 0.024129
0 0.773837 0.432641 0.020595 0.023458
0 0.709764 0.393097 0.028223 0.020777
0 0.705187 0.417895 0.028223 0.019437
0 0.622807 0.397118 0.023646 0.026139
0 0.454233 0.341153 0.025172 0.026810
0 0.443936 0.291890 0.025934 0.023458
0 0.491991 0.292225 0.028986 0.025469
0 0.561785 0.316689 0.026697 0.030161
0 0.562166 0.384383 0.027460 0.032842
0 0.562166 0.342158 0.033562 0.019437
0 0.578566 0.284853 0.023646 0.016086
0 0.563692 0.359584 0.032037 0.016756
0 0.526697 0.251676 0.020595 0.016756
0 0.409230 0.285523 0.019069 0.020107
0 0.504195 0.349531 0.016781 0.032842
0 0.368802 0.141756 0.020595 0.019437
0 0.385202 0.151475 0.018307 0.021448
0 0.394355 0.047922 0.022883 0.024799
0 0.426011 0.038204 0.025172 0.024129
0 0.469108 0.057641 0.024409 0.025469
0 0.456140 0.032172 0.019832 0.018767
0 0.475210 0.013740 0.021358 0.015416
0 0.488940 0.034853 0.019832 0.013405
0 0.504577 0.055295 0.019069 0.014075
0 0.373760 0.049933 0.015256 0.019437
0 0.197941 0.143432 0.028223 0.026810
0 0.215866 0.063673 0.033562 0.020107
0 0.062166 0.768767 0.019069 0.014745
0 0.240656 0.761729 0.020595 0.031501
0 0.073608 0.947051 0.012967 0.017426
0 0.268497 0.992962 0.036613 0.014075
0 0.371854 0.956769 0.029748 0.022118
0 0.340961 0.955094 0.027460 0.014745
0 0.386346 0.876340 0.022121 0.028820
0 0.415332 0.957775 0.023646 0.028150
0 0.388253 0.990617 0.035088 0.021448
0 0.447750 0.959450 0.030511 0.024799
0 0.435545 0.875670 0.027460 0.022118
0 0.281083 0.621984 0.031274 0.022788
0 0.296720 0.630027 0.030511 0.026810
0 0.311594 0.593499 0.020595 0.027480
0 0.246758 0.628351 0.025172 0.020777
0 0.408848 0.607574 0.024409 0.020777
0 0.432494 0.750670 0.019832 0.029491
0 0.348589 0.689678 0.012204 0.033512
0 0.344012 0.754021 0.012204 0.018767
0 0.538139 0.633713 0.020595 0.031501
0 0.495805 0.655496 0.013730 0.024129
0 0.579329 0.655161 0.014493 0.028820
0 0.632723 0.648123 0.014493 0.037534
0 0.729977 0.698056 0.038139 0.028820
0 0.726163 0.666220 0.027460 0.017426
0 0.687643 0.816689 0.025172 0.026139
0 0.689169 0.784182 0.023646 0.029491
0 0.747521 0.859584 0.024409 0.032842
0 0.726545 0.822051 0.019069 0.024799
0 0.757437 0.741622 0.025934 0.030161
0 0.753623 0.807641 0.024409 0.024129
0 0.776125 0.785523 0.020595 0.028150
0 0.714340 0.800268 0.028223 0.026810
0 0.871472 0.830094 0.031274 0.015416
0 0.885202 0.810657 0.038902 0.018097
0 0.772311 0.714142 0.019069 0.031501
0 0.745233 0.615952 0.033562 0.022788
0 0.792525 0.614276 0.021358 0.028820
0 0.843631 0.597520 0.027460 0.024799
0 0.726545 0.730563 0.031274 0.021448
0 0.967201 0.597520 0.028986 0.026139
0 0.812738 0.730898 0.016018 0.027480
0 0.799008 0.725201 0.019069 0.021448
0 0.218154 0.014745 0.032037 0.017426
0 0.249428 0.028150 0.025934 0.017426
0 0.256293 0.053619 0.024409 0.013405
0 0.270786 0.115282 0.028986 0.032172
0 0.229596 0.121314 0.021358 0.033512
0 0.295195 0.424933 0.022883 0.024129
0 0.345919 0.320710 0.019069 0.023458
0 0.381770 0.272788 0.023646 0.036193
0 0.389397 0.306300 0.020595 0.017426
0 0.316171 0.403820 0.016018 0.018097
0 0.281465 0.327413 0.019832 0.028820
0 0.267353 0.344504 0.011442 0.020107
0 0.217773 0.363271 0.023646 0.024129
0 0.369947 0.460121 0.022883 0.018097
0 0.392449 0.912534 0.035850 0.018097
0 0.382914 0.930965 0.033562 0.013405
0 0.445461 0.839812 0.018307 0.017426
0 0.328757 0.986930 0.030511 0.023458
0 0.234172 0.963807 0.016781 0.020107
0 0.365751 0.812332 0.026697 0.025469
0 0.407323 0.759383 0.018307 0.026810
0 0.308543 0.722520 0.019069 0.025469
0 0.275744 0.520107 0.019069 0.016086
0 0.464150 0.634383 0.020595 0.015416
0 0.491228 0.070375 0.022883 0.025469
0 0.649123 0.009718 0.022883 0.020777
0 0.600305 0.121649 0.013730 0.024799
0 0.618612 0.079088 0.019832 0.028150
0 0.635393 0.061662 0.019832 0.017426
0 0.654462 0.083110 0.016781 0.017426
0 0.693745 0.048592 0.019069 0.023458
0 0.511823 0.240952 0.015256 0.034182
0 0.468726 0.247989 0.019069 0.022788
0 0.633105 0.231233 0.024409 0.022788
0 0.483600 0.402145 0.025934 0.032172
0 0.481693 0.441019 0.022121 0.020107
0 0.424867 0.669236 0.019832 0.018097
0 0.450038 0.783177 0.019832 0.030161
0 0.575133 0.819705 0.036613 0.029491
0 0.610221 0.978887 0.025934 0.031501
0 0.632342 0.976877 0.027460 0.024799
0 0.581998 0.988606 0.032037 0.024129
0 0.564455 0.885724 0.018307 0.019437
0 0.551106 0.901810 0.017544 0.026139
0 0.765446 0.838807 0.019069 0.019437
0 0.811976 0.966488 0.023646 0.022788
0 0.533562 0.755027 0.026697 0.024799
0 0.628528 0.802614 0.027460 0.022118
0 0.779176 0.047587 0.034325 0.017426
0 0.726545 0.009048 0.017544 0.019437
0 0.753242 0.013405 0.019069 0.028150
0 0.879863 0.072051 0.019069 0.020777
0 0.970252 0.080429 0.021358 0.016086
0 0.957285 0.017091 0.032037 0.015416
0 0.985507 0.034517 0.016781 0.015416
0 0.729596 0.194370 0.020595 0.018767
0 0.738368 0.214142 0.021358 0.020777
0 0.732647 0.275134 0.025172 0.024799
0 0.831808 0.198727 0.014493 0.030161
0 0.715484 0.168566 0.019832 0.012735
0 0.739130 0.160188 0.016781 0.028150
0 0.870709 0.264410 0.016018 0.024799
0 0.945843 0.280496 0.019832 0.024799
0 0.858886 0.318700 0.021358 0.027480
0 0.888253 0.297252 0.025172 0.030161
0 0.817315 0.376005 0.022121 0.021448
0 0.787567 0.356568 0.020595 0.029491
0 0.907323 0.430295 0.020595 0.025469
0 0.903509 0.447051 0.020595 0.022788
0 0.988177 0.558981 0.025172 0.028150
0 0.952708 0.557641 0.016781 0.021448
0 0.798627 0.835456 0.018307 0.015416
0 0.829519 0.831099 0.017544 0.016086
0 0.963005 0.763405 0.022121 0.018767
0 0.981312 0.809987 0.037376 0.014075
0 0.988558 0.765080 0.016781 0.031501
0 0.975210 0.820375 0.028223 0.013405
0 0.988177 0.857909 0.025172 0.028150
0 0.953471 0.870979 0.027460 0.012735
0 0.881388 0.781836 0.031274 0.019437
0 0.957285 0.883378 0.018307 0.010724
0 0.959191 0.895442 0.017544 0.010724
0 0.922197 0.622319 0.010679 0.026139
0 0.960336 0.627681 0.024409 0.040885
0 0.878337 0.686662 0.019069 0.020777
0 0.945461 0.534853 0.025172 0.017426
0 0.956522 0.321046 0.018307 0.017426
0 0.967963 0.334450 0.018307 0.018767
0 0.898551 0.963807 0.016781 0.026810
0 0.748284 0.774464 0.021358 0.019437
0 0.701754 0.913204 0.021358 0.038204
0 0.683829 0.971850 0.019069 0.016086
0 0.632342 0.880362 0.018307 0.020777
0 0.898932 0.246314 0.025172 0.038204
0 0.861175 0.212802 0.022883 0.015416
0 0.985126 0.013740 0.017544 0.019437
0 0.344394 0.497654 0.023646 0.032842
0 0.446224 0.399129 0.010679 0.015416
0 0.611365 0.206434 0.017544 0.014745
0 0.586957 0.238271 0.026697 0.020777
0 0.841342 0.643767 0.016781 0.028820
0 0.469870 0.093834 0.022883 0.021448
0 0.508009 0.077748 0.025934 0.022788
0 0.533944 0.167895 0.016781 0.022118
0 0.528223 0.081434 0.011442 0.018097
0 0.337147 0.542560 0.013730 0.023458
1 0.932876 0.884718 0.010679 0.010724
1 0.927918 0.801944 0.014493 0.011394
1 0.874523 0.409517 0.020595 0.016086
1 0.903890 0.408177 0.013730 0.012064
1 0.834096 0.322051 0.012967 0.012735
1 0.851640 0.336796 0.014493 0.012735
1 0.878337 0.237265 0.014493 0.013405
1 0.933638 0.239946 0.013730 0.014745
1 0.940503 0.329424 0.013730 0.011394
1 0.972921 0.221515 0.011442 0.014075
1 0.902365 0.178284 0.012204 0.013405
1 0.894355 0.330094 0.012967 0.016756
1 0.919908 0.326072 0.013730 0.015416
1 0.891686 0.087802 0.013730 0.014745
1 0.877193 0.115282 0.016781 0.013405
1 0.584668 0.889410 0.016018 0.010724
1 0.627765 0.909517 0.016781 0.014745
1 0.548436 0.935322 0.013730 0.010054
1 0.509153 0.907842 0.017544 0.012735
1 0.481312 0.878686 0.013730 0.013405
1 0.516018 0.851206 0.012967 0.010724
1 0.505721 0.922252 0.016781 0.013405
1 0.585812 0.863606 0.013730 0.011394
1 0.517162 0.944035 0.015256 0.011394
1 0.532037 0.915550 0.011442 0.012064
1 0.469870 0.892426 0.015256 0.008713
1 0.349352 0.912534 0.015256 0.014075
1 0.336384 0.936997 0.015256 0.013405
1 0.370328 0.853217 0.011442 0.013405
1 0.646834 0.994973 0.015256 0.010054
1 0.513730 0.963807 0.011442 0.009383
1 0.509916 0.984249 0.012967 0.011394
1 0.667811 0.772118 0.014493 0.014745
1 0.963387 0.303619 0.015256 0.010724
1 0.974066 0.241287 0.012204 0.013405
1 0.959191 0.286528 0.014493 0.014075
1 0.466056 0.483914 0.015256 0.016086
1 0.477879 0.566689 0.014493 0.010054
1 0.493898 0.419236 0.012967 0.012735
1 0.281083 0.281166 0.009916 0.012735
1 0.708619 0.151139 0.016781 0.014075
1 0.102975 0.677949 0.013730 0.014075
1 0.271930 0.720174 0.009916 0.008713
1 0.080473 0.755697 0.011442 0.008713
1 0.116705 0.618298 0.010679 0.008713
1 0.270404 0.502011 0.012967 0.012064
1 0.255149 0.552614 0.014493 0.011394
1 0.036613 0.036193 0.009153 0.005362
1 0.049580 0.036528 0.009153 0.006032
1 0.096491 0.878686 0.019069 0.009383
1 0.237223 0.917560 0.015256 0.010724
1 0.319222 0.949397 0.014493 0.012735
1 0.464531 0.781501 0.013730 0.014745
1 0.579710 0.553954 0.012204 0.015416
1 0.570557 0.546582 0.010679 0.012735
1 0.560641 0.266756 0.018307 0.012064
1 0.988177 0.221515 0.011442 0.014075
2 0.236079 0.720174 0.017544 0.016756
2 0.401983 0.370979 0.010679 0.027480
2 0.527841 0.394102 0.019832 0.014745
2 0.554539 0.245308 0.022883 0.020107
2 0.212815 0.945710 0.019832 0.012064
2 0.484744 0.335456 0.019069 0.018097
2 0.967582 0.200402 0.020595 0.016086
