0 0.023138 0.031196 0.019187 0.018486
0 0.032167 0.047371 0.016930 0.017331
0 0.033578 0.066147 0.020880 0.019064
0 0.029063 0.103408 0.018623 0.021953
0 0.036117 0.121895 0.018059 0.018486
0 0.048533 0.142692 0.016930 0.019642
0 0.066027 0.154535 0.018059 0.020220
0 0.081264 0.141248 0.020316 0.019064
0 0.083521 0.123050 0.022573 0.016176
0 0.132901 0.107452 0.017494 0.026574
0 0.147856 0.088677 0.014673 0.015598
0 0.166761 0.123917 0.011851 0.014443
0 0.186795 0.065858 0.016930 0.020797
0 0.187923 0.039573 0.020316 0.020220
0 0.184255 0.022530 0.018623 0.017331
0 0.194413 0.010687 0.016366 0.017909
0 0.240124 0.069035 0.019752 0.014443
0 0.224323 0.098787 0.016366 0.015020
0 0.253950 0.084633 0.013544 0.013287
0 0.040914 0.166956 0.020880 0.019642
0 0.061230 0.197285 0.020880 0.023686
0 0.071670 0.229636 0.015801 0.021375
0 0.046558 0.272386 0.018623 0.019064
0 0.057562 0.330445 0.020316 0.021953
0 0.070542 0.304159 0.021445 0.022530
0 0.082675 0.282207 0.018623 0.020220
0 0.099041 0.279318 0.016366 0.020220
0 0.106941 0.246678 0.018623 0.023108
0 0.123589 0.216060 0.019187 0.018486
0 0.132054 0.197285 0.018059 0.021375
0 0.150395 0.179087 0.019752 0.021953
0 0.171558 0.156846 0.016930 0.020220
0 0.187923 0.146158 0.019187 0.023108
0 0.086625 0.380416 0.019752 0.025997
0 0.105530 0.381282 0.016930 0.023108
0 0.133183 0.365973 0.018059 0.019064
0 0.146727 0.353264 0.019187 0.020220
0 0.174379 0.324379 0.018059 0.022530
0 0.187359 0.296360 0.019187 0.021953
0 0.182280 0.276430 0.018059 0.019064
0 0.183409 0.249856 0.014673 0.023686
0 0.205418 0.243501 0.015801 0.019064
0 0.235045 0.251300 0.016366 0.020797
0 0.255926 0.233680 0.019752 0.021375
0 0.252540 0.200462 0.018623 0.023108
0 0.233352 0.183131 0.015237 0.020797
0 0.216140 0.160890 0.018059 0.019064
0 0.218679 0.182265 0.012980 0.020220
0 0.064334 0.888504 0.015801 0.024263
0 0.086343 0.900924 0.018059 0.019064
0 0.106377 0.890237 0.018623 0.018486
0 0.128950 0.906701 0.020880 0.016753
0 0.133465 0.889370 0.015237 0.017909
0 0.112585 0.863085 0.014108 0.018486
0 0.110609 0.840266 0.016930 0.024841
0 0.091986 0.837377 0.019187 0.021375
0 0.084932 0.819180 0.012980 0.019642
0 0.067720 0.825823 0.018059 0.022530
0 0.058973 0.858752 0.017494 0.019064
0 0.046275 0.848642 0.019187 0.023108
0 0.037810 0.824379 0.019187 0.019642
0 0.049661 0.877239 0.019187 0.021375
0 0.069977 0.799538 0.019187 0.024263
0 0.050226 0.793472 0.020316 0.020220
0 0.188488 0.938475 0.019187 0.023686
0 0.235892 0.945118 0.019187 0.020797
0 0.205700 0.901502 0.020880 0.025997
0 0.253950 0.722415 0.022573 0.029463
0 0.278781 0.720104 0.016930 0.027152
0 0.297404 0.722704 0.020316 0.024263
0 0.317720 0.731947 0.016930 0.021953
0 0.323646 0.767475 0.018623 0.022530
0 0.345372 0.770942 0.020316 0.021375
0 0.345937 0.792894 0.018059 0.021375
0 0.352709 0.817158 0.018059 0.020220
0 0.265237 0.748700 0.015801 0.020797
0 0.234481 0.756788 0.018623 0.020797
0 0.244357 0.789139 0.021445 0.024263
0 0.266648 0.821779 0.019752 0.019064
0 0.279628 0.832756 0.017494 0.020220
0 0.289221 0.826690 0.016366 0.019642
0 0.302765 0.854131 0.018623 0.024841
0 0.318567 0.863085 0.017494 0.021953
0 0.390519 0.957250 0.021445 0.021953
0 0.369639 0.956961 0.020316 0.021375
0 0.382619 0.936742 0.018059 0.023686
0 0.350169 0.947718 0.019752 0.022530
0 0.351862 0.928943 0.017494 0.020797
0 0.336343 0.932409 0.018059 0.024263
0 0.405474 0.935298 0.017494 0.018486
0 0.401524 0.916811 0.017494 0.020797
0 0.377822 0.915078 0.018623 0.020797
0 0.386287 0.895147 0.019752 0.019064
0 0.360045 0.872328 0.018059 0.019642
0 0.367381 0.889948 0.019187 0.019064
0 0.345937 0.890237 0.019187 0.023108
0 0.316309 0.891103 0.017494 0.020220
0 0.332957 0.911323 0.018059 0.017909
0 0.338318 0.863663 0.019752 0.018486
0 0.444977 0.051127 0.020880 0.024841
0 0.413093 0.053148 0.019187 0.024263
0 0.399831 0.066436 0.019752 0.024263
0 0.385722 0.082034 0.017494 0.019642
0 0.371896 0.124206 0.016930 0.021953
0 0.495203 0.014154 0.019752 0.020220
0 0.514955 0.014731 0.023138 0.022530
0 0.518341 0.034373 0.023138 0.017909
0 0.535553 0.046216 0.022573 0.021953
0 0.544865 0.064702 0.020880 0.021953
0 0.544300 0.085789 0.019752 0.019064
0 0.536682 0.128538 0.021445 0.025997
0 0.526806 0.162334 0.017494 0.019642
0 0.509594 0.162623 0.020316 0.016753
0 0.496896 0.182553 0.020880 0.020797
0 0.490971 0.209128 0.016930 0.025419
0 0.468679 0.232813 0.018623 0.025419
0 0.441874 0.232525 0.021445 0.019064
0 0.422122 0.237724 0.015801 0.016753
0 0.402652 0.207683 0.018623 0.022530
0 0.410553 0.172733 0.016366 0.020797
0 0.363713 0.148469 0.015237 0.021953
0 0.963600 0.083478 0.020880 0.027152
0 0.981941 0.081745 0.013544 0.017909
0 0.985045 0.101964 0.017494 0.029463
0 0.978273 0.138648 0.010722 0.026574
0 0.929176 0.047371 0.018623 0.023108
0 0.924379 0.070768 0.018059 0.024841
0 0.942156 0.113807 0.019752 0.025419
0 0.934537 0.149624 0.020316 0.026574
0 0.932844 0.175332 0.019187 0.021375
0 0.920993 0.198729 0.020316 0.020797
0 0.888544 0.190641 0.022009 0.025419
0 0.672968 0.059214 0.020880 0.019064
0 0.683126 0.072501 0.020880 0.017909
0 0.695260 0.120162 0.019187 0.018486
0 0.748589 0.121606 0.018623 0.019064
0 0.770034 0.126516 0.017494 0.021953
0 0.798815 0.117851 0.016366 0.018486
0 0.792889 0.092432 0.019187 0.019642
0 0.878104 0.023108 0.016930 0.026574
0 0.832393 0.043905 0.022573 0.020797
0 0.836625 0.067302 0.019752 0.017909
0 0.808973 0.075968 0.019752 0.017909
0 0.836907 0.092143 0.015801 0.017909
0 0.852427 0.088677 0.016366 0.020220
0 0.846501 0.108030 0.013544 0.018486
0 0.824774 0.099653 0.017494 0.016753
0 0.835779 0.115540 0.014673 0.013865
0 0.821106 0.120739 0.015801 0.018486
0 0.813205 0.142403 0.014673 0.022530
0 0.832393 0.144714 0.013544 0.020220
0 0.799944 0.147603 0.012980 0.023686
0 0.793454 0.167244 0.018059 0.021375
0 0.781038 0.177932 0.015801 0.021953
0 0.820260 0.159157 0.016366 0.017909
0 0.655192 0.059503 0.015801 0.019642
0 0.639391 0.059503 0.015801 0.020797
0 0.626129 0.073079 0.018623 0.021375
0 0.613431 0.091566 0.015801 0.020220
0 0.593115 0.109763 0.019187 0.020797
0 0.596219 0.131427 0.016366 0.019064
0 0.595090 0.151646 0.015237 0.019064
0 0.569977 0.128250 0.015801 0.016176
0 0.572235 0.142692 0.027088 0.020797
0 0.575621 0.159734 0.019187 0.019064
0 0.590858 0.176776 0.016930 0.019642
0 0.557280 0.183131 0.014108 0.020797
0 0.577032 0.238302 0.015237 0.020220
0 0.579007 0.258810 0.015801 0.021953
0 0.555587 0.263432 0.022009 0.024263
0 0.540632 0.242923 0.019187 0.022530
0 0.554458 0.229925 0.016366 0.024263
0 0.544582 0.211150 0.015801 0.025997
0 0.734763 0.162045 0.014673 0.021375
0 0.727991 0.181976 0.014673 0.024263
0 0.718115 0.165800 0.019752 0.027730
0 0.704007 0.182553 0.012980 0.024263
0 0.689616 0.206817 0.018059 0.021953
0 0.875847 0.072790 0.016930 0.021953
0 0.867381 0.102831 0.014673 0.024263
0 0.847065 0.126805 0.015801 0.016753
0 0.459932 0.786251 0.018059 0.021953
0 0.469526 0.825246 0.020316 0.022530
0 0.483352 0.815425 0.018623 0.021375
0 0.482788 0.843443 0.019752 0.021953
0 0.506490 0.833044 0.020880 0.020797
0 0.506490 0.854419 0.018623 0.020797
0 0.525677 0.823224 0.017494 0.020797
0 0.567438 0.817158 0.023138 0.019064
0 0.576467 0.837955 0.017494 0.022530
0 0.591140 0.799249 0.020880 0.023686
0 0.573363 0.781918 0.021445 0.023686
0 0.558691 0.769209 0.019187 0.019064
0 0.540350 0.742345 0.017494 0.019642
0 0.523420 0.734547 0.015237 0.019064
0 0.498871 0.714905 0.015801 0.021375
0 0.482223 0.718949 0.018623 0.023686
0 0.465293 0.717215 0.016366 0.023686
0 0.453442 0.729636 0.019752 0.019642
0 0.447517 0.752455 0.016930 0.020220
0 0.638544 0.733969 0.020880 0.022530
0 0.657167 0.746678 0.020880 0.021375
0 0.668172 0.772964 0.021445 0.026574
0 0.687923 0.760543 0.019187 0.021375
0 0.693284 0.782496 0.018623 0.025997
0 0.711061 0.776141 0.020316 0.020220
0 0.735609 0.764587 0.018623 0.023686
0 0.750847 0.775563 0.018623 0.020220
0 0.753668 0.754766 0.016366 0.016753
0 0.769752 0.761410 0.023702 0.023108
0 0.779063 0.772964 0.018623 0.016176
0 0.794865 0.736280 0.026524 0.022530
0 0.834650 0.742634 0.021445 0.022530
0 0.819131 0.727036 0.018623 0.020220
0 0.839447 0.720682 0.022009 0.022530
0 0.856941 0.726170 0.017494 0.021953
0 0.616817 0.725881 0.021445 0.023686
0 0.606095 0.705661 0.018059 0.024841
0 0.587754 0.703640 0.017494 0.024263
0 0.567720 0.668400 0.018059 0.021953
0 0.559255 0.657135 0.015801 0.029463
0 0.544300 0.666378 0.014108 0.023686
0 0.549097 0.618429 0.019187 0.025997
0 0.530474 0.630272 0.016930 0.025419
0 0.535271 0.603408 0.016366 0.021375
0 0.480530 0.567013 0.019752 0.023686
0 0.496050 0.601098 0.019187 0.023686
0 0.498589 0.622761 0.019752 0.025419
0 0.514108 0.620739 0.019187 0.025997
0 0.800790 0.761698 0.021445 0.032929
0 0.816591 0.744945 0.014673 0.020220
0 0.846783 0.703640 0.020880 0.020797
0 0.843397 0.682842 0.027652 0.020797
0 0.817438 0.680243 0.020880 0.021375
0 0.806151 0.649336 0.019752 0.021953
0 0.806433 0.668400 0.016930 0.019642
0 0.760158 0.632582 0.016930 0.021953
0 0.773138 0.642981 0.014673 0.019642
0 0.781038 0.621895 0.014673 0.019064
0 0.793172 0.642692 0.015237 0.030618
0 0.755079 0.608897 0.019187 0.023108
0 0.726580 0.609474 0.018623 0.023108
0 0.725734 0.646447 0.014673 0.016176
0 0.705135 0.649047 0.018623 0.020220
0 0.712190 0.629405 0.014673 0.024841
0 0.698081 0.619584 0.018059 0.024841
0 0.687359 0.631716 0.013544 0.017909
0 0.659142 0.620451 0.021445 0.020797
0 0.664221 0.602831 0.022573 0.021375
0 0.644752 0.567013 0.017494 0.017909
0 0.634594 0.551993 0.020880 0.015598
0 0.659424 0.545350 0.023138 0.020797
0 0.655756 0.526863 0.021445 0.017331
0 0.633747 0.524841 0.020316 0.017909
0 0.631208 0.539284 0.022009 0.014443
0 0.646163 0.508377 0.021445 0.020797
0 0.477427 0.393414 0.019187 0.023108
0 0.511569 0.406412 0.022009 0.021375
0 0.529628 0.417389 0.019752 0.017909
0 0.534424 0.435298 0.018059 0.022530
0 0.557844 0.438764 0.017494 0.021375
0 0.572799 0.444252 0.018059 0.020797
0 0.585497 0.455228 0.018623 0.018486
0 0.602144 0.460427 0.019187 0.016176
0 0.630643 0.476025 0.020880 0.020797
0 0.455982 0.416233 0.020316 0.023686
0 0.436795 0.441075 0.019187 0.023686
0 0.460497 0.564991 0.021445 0.020797
0 0.450903 0.549105 0.022573 0.022530
0 0.467833 0.528596 0.021445 0.020797
0 0.441591 0.510110 0.020880 0.023108
0 0.449492 0.528307 0.019752 0.016753
0 0.436512 0.489313 0.022009 0.020797
0 0.436230 0.464183 0.022573 0.022530
0 0.665914 0.576834 0.021445 0.024841
0 0.912246 0.678510 0.022009 0.022530
0 0.923251 0.693819 0.020316 0.016176
0 0.970090 0.689775 0.020316 0.019642
0 0.968115 0.631138 0.017494 0.022530
0 0.944131 0.631138 0.020316 0.023686
0 0.952596 0.611785 0.019187 0.023108
0 0.926919 0.611207 0.017494 0.020797
0 0.913093 0.605719 0.012415 0.021375
0 0.895034 0.614385 0.013544 0.024841
0 0.880361 0.636337 0.018059 0.022530
0 0.883465 0.614674 0.014108 0.021953
0 0.868792 0.619584 0.017494 0.024841
0 0.850169 0.624206 0.019752 0.022530
0 0.831546 0.616407 0.018623 0.023108
0 0.958521 0.528596 0.016366 0.023108
0 0.978555 0.550549 0.025959 0.019642
0 0.985892 0.413345 0.011287 0.021375
0 0.996332 0.410745 0.008465 0.025419
0 0.990971 0.433276 0.018059 0.023108
0 0.962754 0.434720 0.013544 0.021375
0 0.973194 0.435586 0.010722 0.018486
0 0.808691 0.582034 0.016930 0.017909
0 0.789221 0.551993 0.016366 0.019064
0 0.770598 0.540728 0.018623 0.020797
0 0.755643 0.535240 0.018059 0.022530
0 0.739842 0.530329 0.016930 0.020797
0 0.720372 0.519353 0.018623 0.024263
0 0.732788 0.465627 0.019752 0.023108
0 0.529345 0.285384 0.018059 0.024263
0 0.510722 0.326690 0.024831 0.025997
0 0.515801 0.348065 0.019187 0.022530
0 0.534142 0.365973 0.019752 0.022530
0 0.544865 0.379838 0.018623 0.024841
0 0.602427 0.383016 0.018623 0.024263
0 0.623025 0.383593 0.016930 0.026574
0 0.640519 0.392548 0.016930 0.023686
0 0.880079 0.466782 0.016366 0.021953
0 0.898138 0.448585 0.009594 0.024841
0 0.885158 0.428076 0.014108 0.020797
0 0.917607 0.422877 0.013544 0.019642
0 0.930305 0.440497 0.014108 0.025997
0 0.943567 0.441941 0.014673 0.027730
0 0.900395 0.397169 0.015237 0.019064
0 0.948081 0.386193 0.010158 0.016753
0 0.974041 0.389081 0.011287 0.014443
0 0.943284 0.373195 0.016366 0.011554
0 0.880079 0.383593 0.017494 0.021953
0 0.860892 0.410456 0.014108 0.019064
0 0.871614 0.406701 0.012980 0.023108
0 0.846783 0.399191 0.018623 0.019642
0 0.829571 0.404968 0.018059 0.024263
0 0.847348 0.424610 0.017494 0.020797
0 0.795147 0.430965 0.016930 0.020797
0 0.784424 0.415078 0.016930 0.023686
0 0.768623 0.434431 0.016930 0.020797
0 0.805305 0.410456 0.019187 0.022530
0 0.696388 0.358752 0.018059 0.021953
0 0.709650 0.334489 0.016366 0.024263
0 0.722065 0.365107 0.017494 0.025419
0 0.739278 0.368862 0.019187 0.016753
0 0.766084 0.341999 0.017494 0.021953
0 0.780192 0.352975 0.019752 0.019642
0 0.795429 0.333333 0.025395 0.021953
0 0.810948 0.321779 0.019187 0.020797
0 0.569695 0.387060 0.018623 0.026574
0 0.585214 0.385038 0.012415 0.014443
0 0.809819 0.294627 0.018059 0.026574
0 0.829571 0.265453 0.018059 0.020220
0 0.837472 0.287695 0.021445 0.024263
0 0.851580 0.275852 0.019187 0.022530
0 0.039503 0.645292 0.013544 0.020797
0 0.072517 0.849220 0.022009 0.019642
0 0.217269 0.533507 0.016930 0.017909
0 0.220090 0.546505 0.018059 0.015020
0 0.214165 0.562969 0.019752 0.017909
0 0.227427 0.577412 0.014673 0.020220
0 0.255926 0.574812 0.015237 0.013865
0 0.269187 0.590121 0.016930 0.015598
0 0.457675 0.865685 0.018059 0.023686
0 0.465576 0.902657 0.024831 0.022530
0 0.888826 0.247256 0.022573 0.021953
0 0.885158 0.222415 0.018623 0.021953
0 0.904628 0.233102 0.022573 0.022530
0 0.904910 0.210861 0.018623 0.021953
0 0.917607 0.221837 0.014673 0.015020
0 0.868510 0.219815 0.014673 0.017909
0 0.781603 0.015887 0.015801 0.017909
0 0.752822 0.354997 0.019187 0.024841
0 0.671840 0.161179 0.016366 0.018486
0 0.684537 0.167533 0.021445 0.025419
0 0.689052 0.139804 0.018059 0.019642
0 0.665350 0.188042 0.020316 0.022530
0 0.665632 0.209417 0.018623 0.022530
0 0.562641 0.202195 0.021445 0.017331
0 0.573928 0.191219 0.014673 0.018486
0 0.387415 0.169844 0.017494 0.024263
1 0.273702 0.054015 0.012415 0.012132
1 0.275395 0.093010 0.010158 0.012709
1 0.284707 0.095032 0.010722 0.013287
1 0.486456 0.676488 0.014673 0.010399
1 0.503668 0.669844 0.011851 0.008666
1 0.517494 0.679665 0.012415 0.010976
1 0.533578 0.687753 0.010722 0.012132
1 0.534707 0.701329 0.009594 0.012709
1 0.552765 0.691219 0.011851 0.010976
1 0.553612 0.706817 0.011287 0.012132
1 0.557280 0.721837 0.009594 0.008666
1 0.605813 0.747834 0.011851 0.010976
1 0.604120 0.772097 0.012980 0.010976
1 0.471219 0.637493 0.009029 0.012132
1 0.459086 0.696418 0.012980 0.009821
1 0.437077 0.710861 0.008465 0.013287
1 0.429740 0.727036 0.010722 0.013287
1 0.417325 0.712305 0.011851 0.013865
1 0.417889 0.695263 0.015237 0.012132
1 0.428612 0.690930 0.010722 0.011554
1 0.438488 0.692085 0.009029 0.008088
1 0.430023 0.667822 0.012415 0.013865
1 0.421558 0.676488 0.012415 0.011554
1 0.550790 0.012709 0.013544 0.016176
1 0.569695 0.021664 0.015237 0.013287
1 0.581546 0.030618 0.009594 0.013865
1 0.619921 0.017331 0.011851 0.010399
1 0.578442 0.006066 0.016930 0.010976
1 0.599605 0.006644 0.018623 0.010976
1 0.381490 0.044772 0.012415 0.014443
1 0.368510 0.050838 0.011287 0.011554
1 0.359199 0.060947 0.010722 0.013287
1 0.323646 0.104853 0.009594 0.013287
1 0.317720 0.147603 0.013544 0.010976
1 0.322517 0.121317 0.011851 0.016176
1 0.324492 0.070768 0.011287 0.017909
1 0.313205 0.090121 0.011287 0.016176
1 0.330700 0.094165 0.010158 0.011554
1 0.452596 0.813403 0.009029 0.008088
1 0.455135 0.828423 0.008465 0.015020
1 0.433691 0.801271 0.010722 0.013865
1 0.397291 0.831600 0.011287 0.010976
1 0.433691 0.569902 0.010722 0.014443
1 0.447517 0.585500 0.010158 0.014443
1 0.437923 0.588677 0.011287 0.012709
1 0.442720 0.602253 0.012980 0.012132
1 0.461343 0.621606 0.010722 0.012709
1 0.454571 0.635471 0.014108 0.012709
1 0.446670 0.644714 0.014108 0.011554
1 0.431998 0.613518 0.011851 0.009243
1 0.439898 0.630560 0.012980 0.010976
1 0.431151 0.649336 0.012415 0.012709
1 0.442720 0.653957 0.011851 0.009243
1 0.377257 0.702773 0.011851 0.016753
1 0.390801 0.703928 0.011851 0.012132
1 0.398420 0.695841 0.013544 0.009821
1 0.400677 0.685731 0.013544 0.010399
1 0.390519 0.680820 0.010158 0.007510
1 0.384312 0.685731 0.011287 0.011554
1 0.396727 0.736568 0.011287 0.011554
1 0.399266 0.725303 0.011851 0.010976
1 0.408860 0.720393 0.010722 0.010399
1 0.367381 0.726459 0.012415 0.012132
1 0.387415 0.717215 0.009594 0.015598
1 0.358070 0.714327 0.010722 0.014443
1 0.370203 0.715194 0.012415 0.011554
1 0.381208 0.642981 0.009594 0.012709
1 0.391930 0.649336 0.008465 0.009243
1 0.419865 0.643270 0.010158 0.008666
1 0.408578 0.635760 0.010158 0.014443
1 0.415914 0.627961 0.010158 0.012709
1 0.372178 0.631716 0.012980 0.008666
1 0.362867 0.618718 0.011287 0.012709
1 0.373589 0.421722 0.011287 0.015020
1 0.372743 0.436453 0.010722 0.012132
1 0.389955 0.454939 0.011287 0.013287
1 0.399549 0.278452 0.012415 0.013865
1 0.385158 0.287695 0.010722 0.016176
1 0.437359 0.296072 0.015801 0.010976
1 0.483070 0.313980 0.009029 0.013287
1 0.483634 0.298382 0.011287 0.014443
1 0.496614 0.292894 0.010158 0.015020
1 0.493792 0.315425 0.007901 0.017331
1 0.472630 0.930676 0.016366 0.012709
1 0.439052 0.945985 0.016930 0.010976
1 0.505079 0.937031 0.014673 0.008088
1 0.552201 0.918255 0.015237 0.010976
1 0.399831 0.601675 0.009594 0.014443
1 0.412810 0.604564 0.011851 0.009821
1 0.407167 0.595609 0.011851 0.009243
1 0.383747 0.589544 0.011287 0.013287
1 0.389673 0.614096 0.009594 0.011554
1 0.359763 0.593876 0.011851 0.012709
1 0.349041 0.597631 0.011851 0.012132
1 0.349323 0.578856 0.011287 0.010399
1 0.360045 0.573079 0.011287 0.011554
1 0.371050 0.569902 0.008465 0.012132
1 0.333804 0.589832 0.010722 0.012709
1 0.337754 0.602831 0.015237 0.010976
1 0.338036 0.576256 0.012415 0.013287
1 0.382336 0.268631 0.011851 0.012709
1 0.361456 0.311092 0.015237 0.012132
1 0.365688 0.298671 0.013544 0.015020
1 0.369639 0.282785 0.007901 0.014443
1 0.333239 0.316002 0.008465 0.013865
1 0.466422 0.331889 0.011851 0.017909
1 0.473758 0.344310 0.010722 0.013865
1 0.466422 0.354997 0.010722 0.013287
1 0.446953 0.376661 0.010158 0.017331
1 0.460779 0.370306 0.009594 0.016176
1 0.475169 0.368573 0.013544 0.012709
1 0.438488 0.390815 0.011287 0.013287
1 0.414786 0.416811 0.013544 0.015598
1 0.431716 0.405546 0.013544 0.015020
1 0.424661 0.396303 0.010722 0.016176
1 0.413093 0.401791 0.011287 0.013287
1 0.403781 0.415367 0.012980 0.013865
1 0.400113 0.397169 0.011287 0.016753
1 0.391930 0.403813 0.009594 0.013865
1 0.391084 0.415945 0.006772 0.009243
1 0.396163 0.430098 0.011287 0.015598
1 0.406603 0.430676 0.008465 0.010976
1 0.391648 0.474870 0.011287 0.013865
1 0.395880 0.491623 0.011851 0.015020
1 0.403217 0.469093 0.010722 0.017331
1 0.379797 0.486135 0.010158 0.012132
1 0.368792 0.495090 0.009594 0.012709
1 0.314616 0.394570 0.010722 0.013865
1 0.340011 0.392837 0.014108 0.017331
1 0.349041 0.413634 0.010722 0.012709
1 0.325339 0.413923 0.012980 0.012132
1 0.323928 0.424321 0.011287 0.009821
1 0.320824 0.432409 0.014108 0.010976
1 0.337190 0.445696 0.009594 0.013287
1 0.348758 0.441652 0.012415 0.013287
1 0.297686 0.443096 0.010722 0.012709
1 0.312923 0.415367 0.009594 0.015020
1 0.302765 0.418255 0.011851 0.013865
1 0.307844 0.432120 0.008465 0.010399
1 0.296840 0.399769 0.010158 0.013865
1 0.284707 0.396880 0.010722 0.012709
1 0.264673 0.426054 0.010158 0.013287
1 0.357506 0.520797 0.012980 0.010976
1 0.371050 0.534084 0.011851 0.012132
1 0.382336 0.547660 0.009594 0.010399
1 0.372178 0.550260 0.010722 0.012132
1 0.395880 0.557770 0.009594 0.010976
1 0.412528 0.555459 0.012415 0.010976
1 0.423533 0.553148 0.009594 0.008666
1 0.415914 0.572501 0.010158 0.013865
1 0.406038 0.570191 0.010722 0.010399
1 0.430869 0.601675 0.008465 0.009821
1 0.318567 0.170711 0.009594 0.014443
1 0.332393 0.165511 0.006772 0.015598
1 0.337190 0.147025 0.008465 0.012132
1 0.208239 0.612363 0.010158 0.015020
1 0.217551 0.616696 0.010722 0.010976
1 0.226580 0.626805 0.010722 0.011554
1 0.214729 0.627672 0.011851 0.009821
1 0.242381 0.621895 0.011851 0.013287
1 0.240688 0.647025 0.010722 0.012709
1 0.253386 0.649336 0.013544 0.010399
1 0.284424 0.619584 0.010158 0.010976
1 0.271445 0.653668 0.013544 0.010976
1 0.286682 0.651358 0.010158 0.012132
1 0.256772 0.666667 0.012415 0.010399
1 0.239560 0.670711 0.012980 0.012709
1 0.254515 0.693241 0.012415 0.008088
1 0.277652 0.681398 0.011287 0.013287
1 0.235609 0.693241 0.012980 0.011554
1 0.224605 0.677643 0.012415 0.008088
1 0.220372 0.720104 0.014108 0.009821
1 0.207111 0.754477 0.010158 0.013865
1 0.020316 0.882727 0.010158 0.013865
1 0.029345 0.887926 0.009029 0.013865
1 0.057280 0.761410 0.016366 0.011554
1 0.078725 0.768920 0.012980 0.010399
1 0.071106 0.751878 0.010158 0.009821
1 0.070260 0.763143 0.007336 0.005777
1 0.087754 0.742057 0.014108 0.012132
1 0.102144 0.735413 0.009029 0.011554
1 0.113149 0.732525 0.014108 0.012709
1 0.075056 0.736568 0.013544 0.013865
1 0.058409 0.750144 0.015237 0.010976
1 0.062641 0.735124 0.011287 0.014443
1 0.049379 0.714616 0.010722 0.013865
1 0.054458 0.727903 0.012980 0.013865
1 0.040068 0.726459 0.010158 0.015598
1 0.126975 0.734258 0.012415 0.012709
1 0.140237 0.733969 0.010722 0.012132
1 0.149831 0.737435 0.010722 0.015598
1 0.161400 0.738302 0.011287 0.012709
1 0.171558 0.733969 0.014673 0.012132
1 0.164503 0.755921 0.009594 0.015598
1 0.154063 0.757655 0.009029 0.012132
1 0.141930 0.749567 0.011851 0.012132
1 0.233352 0.819469 0.011851 0.012132
1 0.222065 0.810803 0.008465 0.010976
1 0.175508 0.718949 0.012415 0.014443
1 0.184255 0.705084 0.011851 0.010976
1 0.205418 0.720971 0.012415 0.012709
1 0.423251 0.858463 0.009029 0.011554
1 0.400677 0.846620 0.012415 0.013287
1 0.438770 0.846909 0.009594 0.012709
1 0.426354 0.821490 0.012980 0.012709
1 0.422404 0.744945 0.010722 0.012132
1 0.411964 0.755921 0.012415 0.013287
1 0.399266 0.753899 0.008465 0.011554
1 0.369639 0.762276 0.012415 0.012132
1 0.367099 0.747256 0.010722 0.014443
1 0.380079 0.756788 0.009594 0.012709
1 0.389673 0.748411 0.009594 0.013287
1 0.387133 0.737146 0.010158 0.010399
1 0.376411 0.738302 0.009029 0.011554
1 0.380361 0.788273 0.011287 0.015598
1 0.387698 0.818024 0.011287 0.011554
1 0.337754 0.616407 0.012980 0.012709
1 0.343679 0.632293 0.010158 0.015598
1 0.353555 0.644136 0.008465 0.009243
1 0.373871 0.667244 0.008465 0.010399
1 0.333804 0.647603 0.011851 0.011554
1 0.320260 0.636915 0.009594 0.008666
1 0.326749 0.625072 0.010158 0.011554
1 0.365688 0.691797 0.009029 0.013287
1 0.335779 0.691219 0.012415 0.008666
1 0.319695 0.686020 0.010722 0.010976
1 0.287246 0.670711 0.012415 0.010399
1 0.300790 0.675043 0.012415 0.015598
1 0.268341 0.690352 0.010722 0.008088
1 0.342269 0.715482 0.014108 0.009821
1 0.381490 0.662912 0.009029 0.008666
1 0.358916 0.685153 0.007901 0.008088
1 0.343962 0.679954 0.010722 0.006932
1 0.387698 0.522241 0.011287 0.016176
1 0.393623 0.513287 0.011851 0.010976
1 0.408860 0.521953 0.012980 0.015598
1 0.419865 0.515598 0.010158 0.016753
1 0.414503 0.497978 0.009594 0.015020
1 0.371896 0.515887 0.012415 0.010399
1 0.366817 0.506932 0.012415 0.008666
1 0.387133 0.498556 0.011287 0.012709
1 0.345090 0.551415 0.011851 0.010976
1 0.359199 0.551704 0.011851 0.010399
1 0.365688 0.560370 0.011287 0.010399
1 0.361456 0.539573 0.012980 0.012709
1 0.342551 0.533218 0.012415 0.015020
1 0.330700 0.536973 0.011287 0.012132
1 0.334086 0.521953 0.012415 0.009821
1 0.320260 0.518486 0.012980 0.013287
1 0.308409 0.523975 0.012980 0.011554
1 0.320542 0.565569 0.009029 0.011554
1 0.303047 0.558925 0.011287 0.012132
1 0.306433 0.577123 0.010158 0.012709
1 0.294300 0.569613 0.007336 0.006932
1 0.288939 0.564125 0.009029 0.008666
1 0.277652 0.549971 0.011287 0.011554
1 0.264955 0.544194 0.011851 0.010399
1 0.309537 0.510687 0.010722 0.011554
1 0.298251 0.483824 0.012980 0.013287
1 0.292889 0.469960 0.010158 0.010976
1 0.289503 0.461583 0.011287 0.010399
1 0.284142 0.452917 0.010722 0.012709
1 0.278781 0.443096 0.010158 0.012709
1 0.669018 0.474003 0.016366 0.015598
1 0.693284 0.477759 0.009594 0.015020
1 0.681433 0.495378 0.009594 0.014443
1 0.667607 0.489601 0.011287 0.012132
1 0.645880 0.454073 0.012980 0.008088
1 0.676354 0.457539 0.008465 0.009243
1 0.683409 0.458406 0.006772 0.009821
1 0.684819 0.447429 0.007336 0.006355
1 0.663375 0.462161 0.008465 0.006932
1 0.687359 0.581167 0.011287 0.016176
1 0.737302 0.580300 0.010722 0.007510
1 0.748589 0.585211 0.009594 0.005777
1 0.698646 0.587811 0.010158 0.008666
1 0.697517 0.577123 0.006772 0.006932
1 0.961625 0.828712 0.016930 0.012132
1 0.979966 0.850953 0.012980 0.015020
1 0.994639 0.843154 0.012980 0.013287
1 0.628668 0.914789 0.009029 0.006355
1 0.352709 0.729058 0.012415 0.010399
1 0.353837 0.738302 0.014673 0.010399
1 0.329289 0.677065 0.010722 0.010399
1 0.303047 0.627961 0.012415 0.011554
1 0.217551 0.594454 0.010722 0.015020
1 0.187641 0.609763 0.011851 0.010976
1 0.198928 0.601098 0.011851 0.010976
1 0.194131 0.621606 0.007901 0.010399
1 0.189334 0.593010 0.007336 0.013287
1 0.184819 0.578567 0.010722 0.012132
1 0.189898 0.570768 0.008465 0.008088
1 0.186230 0.562392 0.013544 0.008666
1 0.154345 0.652513 0.014108 0.010976
1 0.200056 0.672733 0.011851 0.006355
1 0.364842 0.451762 0.011851 0.013865
1 0.358352 0.478047 0.010158 0.013287
1 0.355813 0.465916 0.009594 0.012132
1 0.392494 0.373772 0.014108 0.015020
1 0.408296 0.368284 0.014108 0.012132
1 0.371896 0.372906 0.012415 0.012132
1 0.352991 0.372328 0.010722 0.013287
1 0.360609 0.354708 0.010158 0.015020
1 0.344808 0.363951 0.013544 0.015020
1 0.325056 0.375505 0.013544 0.011554
1 0.353555 0.347487 0.011851 0.016753
1 0.344526 0.342577 0.009594 0.010399
1 0.330418 0.351531 0.009594 0.012132
1 0.317720 0.357886 0.009029 0.008666
1 0.322517 0.344598 0.009594 0.010976
1 0.304740 0.375217 0.014673 0.013287
1 0.306716 0.364818 0.011851 0.008666
1 0.327314 0.285673 0.013544 0.014443
1 0.317720 0.296938 0.014673 0.016176
1 0.320260 0.313114 0.009594 0.015020
1 0.300226 0.281918 0.012415 0.015020
1 0.301072 0.299827 0.010722 0.019642
1 0.314898 0.325246 0.009029 0.013865
1 0.301637 0.336511 0.010722 0.013287
1 0.292889 0.350087 0.011287 0.010399
1 0.277652 0.313403 0.012415 0.013287
1 0.415350 0.303004 0.011287 0.012132
1 0.252257 0.463894 0.011287 0.011554
1 0.230530 0.483824 0.010722 0.014443
1 0.238995 0.473715 0.010722 0.011554
1 0.225169 0.471982 0.011287 0.012709
1 0.226862 0.452917 0.009029 0.010399
1 0.241535 0.445407 0.012415 0.011554
1 0.241253 0.457250 0.011851 0.010976
1 0.235045 0.523108 0.009594 0.013287
1 0.213036 0.500578 0.011851 0.009821
1 0.267212 0.530329 0.007336 0.010399
1 0.316591 0.533795 0.010158 0.012709
1 0.315745 0.448007 0.011851 0.007510
1 0.218397 0.439919 0.011287 0.014443
1 0.256772 0.399480 0.014673 0.013287
1 0.260722 0.413056 0.011287 0.012709
1 0.244357 0.419122 0.013544 0.020220
1 0.232788 0.416811 0.009594 0.013287
1 0.199492 0.444252 0.016366 0.012709
1 0.178894 0.470248 0.011287 0.010399
1 0.177201 0.492201 0.015801 0.013865
1 0.175790 0.442808 0.010722 0.009821
1 0.159707 0.488157 0.009029 0.010399
1 0.151242 0.494223 0.009029 0.008666
1 0.137698 0.502600 0.010158 0.011554
1 0.148702 0.514154 0.008465 0.011554
1 0.158296 0.506644 0.009594 0.010399
1 0.162810 0.546505 0.010722 0.010399
1 0.151806 0.539284 0.009029 0.009821
1 0.164221 0.562969 0.012415 0.008666
1 0.160553 0.574523 0.009594 0.009821
1 0.149266 0.573368 0.009594 0.010976
1 0.141648 0.568458 0.010158 0.011554
1 0.125564 0.566724 0.011851 0.009243
1 0.130079 0.576834 0.008465 0.010976
1 0.124436 0.549682 0.008465 0.012132
1 0.134876 0.522241 0.007901 0.012709
1 0.128104 0.511554 0.010158 0.008666
1 0.113149 0.532351 0.012980 0.010976
1 0.094808 0.499711 0.011287 0.010399
1 0.097348 0.526574 0.011851 0.014443
1 0.101580 0.534373 0.010158 0.010399
1 0.077596 0.528307 0.011851 0.009821
1 0.089447 0.521375 0.008465 0.007510
1 0.062077 0.542750 0.013544 0.013287
1 0.051354 0.483536 0.009029 0.008088
1 0.060384 0.482380 0.010158 0.010399
1 0.055305 0.498845 0.007901 0.006355
1 0.519470 0.228769 0.011851 0.011554
1 0.529063 0.189197 0.009594 0.012132
1 0.025395 0.665222 0.014673 0.012132
1 0.060384 0.627094 0.013544 0.013287
1 0.055869 0.638937 0.011287 0.008088
1 0.278499 0.175910 0.009594 0.029463
1 0.401806 0.884749 0.010158 0.016753
1 0.390801 0.864818 0.011851 0.013865
1 0.407731 0.864529 0.010722 0.017909
1 0.436230 0.872039 0.013544 0.014443
1 0.460214 0.925188 0.007336 0.009821
1 0.436230 0.897747 0.009029 0.010399
1 0.438205 0.886771 0.009594 0.009243
1 0.477709 0.868573 0.015237 0.010976
1 0.493228 0.883593 0.011287 0.017909
1 0.514673 0.908146 0.015801 0.016176
1 0.520880 0.927499 0.018059 0.016753
1 0.451467 0.886771 0.012415 0.011554
1 0.298251 0.589544 0.008465 0.014443
1 0.688770 0.530329 0.007336 0.017331
1 0.679740 0.535529 0.007336 0.006932
1 0.680305 0.542172 0.008465 0.006355
1 0.406321 0.448873 0.009029 0.018486
1 0.357506 0.418833 0.009594 0.010399
1 0.292889 0.428365 0.011287 0.014443
1 0.381208 0.444830 0.014108 0.019642
1 0.384876 0.574523 0.010158 0.010976
1 0.279628 0.939919 0.011851 0.016176
1 0.287810 0.920277 0.009029 0.013865
1 0.278781 0.902369 0.010158 0.009243
1 0.273984 0.895436 0.008465 0.008088
2 0.323646 0.472848 0.012980 0.015598
