1 0.098901 0.033333 0.043956 0.045333
1 0.076923 0.096000 0.049451 0.064000
1 0.042582 0.078667 0.041209 0.045333
1 0.177198 0.102667 0.035714 0.056000
1 0.221154 0.114667 0.046703 0.053333
1 0.241758 0.049333 0.049451 0.050667
1 0.168956 0.161333 0.052198 0.040000
1 0.108516 0.158667 0.046703 0.045333
1 0.134615 0.237333 0.038462 0.058667
1 0.182692 0.214667 0.046703 0.040000
1 0.061813 0.260000 0.052198 0.045333
1 0.026099 0.218667 0.041209 0.053333
1 0.270604 0.204000 0.046703 0.045333
1 0.237637 0.252000 0.041209 0.045333
1 0.182692 0.266667 0.046703 0.042667
1 0.321429 0.030667 0.038462 0.040000
1 0.383242 0.054667 0.046703 0.050667
1 0.370879 0.128000 0.038462 0.053333
1 0.439560 0.093333 0.065934 0.058667
1 0.074176 0.338667 0.049451 0.037333
1 0.137363 0.320000 0.043956 0.064000
1 0.148352 0.424000 0.043956 0.048000
1 0.049451 0.396000 0.054945 0.050667
1 0.038462 0.453333 0.060440 0.053333
1 0.207418 0.357333 0.035714 0.032000
1 0.245879 0.316000 0.046703 0.045333
1 0.302198 0.302667 0.043956 0.034667
1 0.304945 0.389333 0.049451 0.042667
1 0.873626 0.212000 0.043956 0.066667
1 0.938187 0.188000 0.046703 0.050667
1 0.942308 0.136000 0.043956 0.048000
1 0.751374 0.232000 0.046703 0.042667
1 0.740385 0.285333 0.046703 0.048000
1 0.695055 0.252000 0.049451 0.050667
1 0.831044 0.101333 0.046703 0.042667
1 0.175824 0.973333 0.043956 0.037333
1 0.181319 0.933333 0.054945 0.032000
1 0.252747 0.908000 0.043956 0.045333
1 0.255495 0.946667 0.043956 0.048000
1 0.306319 0.918667 0.035714 0.050667
1 0.245879 0.866667 0.046703 0.042667
1 0.200549 0.889333 0.043956 0.045333
1 0.387363 0.850667 0.049451 0.058667
1 0.494505 0.969333 0.049451 0.050667
1 0.192308 0.674667 0.054945 0.053333
1 0.250000 0.702667 0.049451 0.050667
1 0.254121 0.756000 0.052198 0.050667
1 0.339286 0.764000 0.046703 0.045333
1 0.376374 0.726667 0.043956 0.050667
1 0.355769 0.685333 0.046703 0.042667
1 0.369505 0.788000 0.041209 0.056000
1 0.428571 0.789333 0.049451 0.048000
1 0.487637 0.733333 0.052198 0.037333
1 0.471154 0.642667 0.052198 0.048000
1 0.493132 0.693333 0.046703 0.042667
1 0.517857 0.766667 0.052198 0.045333
1 0.489011 0.810667 0.054945 0.042667
1 0.949176 0.833333 0.052198 0.045333
1 0.927198 0.880000 0.046703 0.042667
1 0.936813 0.932000 0.038462 0.050667
1 0.846154 0.972000 0.038462 0.050667
1 0.868132 0.921333 0.049451 0.040000
1 0.789835 0.896000 0.046703 0.058667
1 0.829670 0.849333 0.043956 0.050667
1 0.692308 0.918667 0.060440 0.061333
1 0.730769 0.954667 0.038462 0.037333
1 0.898352 0.794667 0.049451 0.053333
1 0.844780 0.796000 0.046703 0.045333
1 0.946429 0.698667 0.041209 0.053333
1 0.962912 0.636000 0.052198 0.050667
1 0.901099 0.672000 0.049451 0.048000
1 0.940934 0.557333 0.046703 0.048000
1 0.857143 0.558667 0.054945 0.045333
1 0.817308 0.497333 0.057692 0.050667
1 0.802198 0.537333 0.043956 0.040000
1 0.906593 0.516000 0.049451 0.045333
1 0.880495 0.485333 0.046703 0.053333
1 0.831044 0.440000 0.046703 0.048000
1 0.380495 0.284000 0.046703 0.040000
1 0.461538 0.320000 0.032967 0.037333
1 0.510989 0.308000 0.043956 0.050667
1 0.550824 0.360000 0.052198 0.048000
1 0.622253 0.350667 0.046703 0.050667
1 0.679945 0.361333 0.046703 0.050667
1 0.592033 0.404000 0.046703 0.045333
1 0.653846 0.404000 0.043956 0.040000
1 0.413462 0.380000 0.041209 0.045333
1 0.413462 0.450667 0.046703 0.048000
1 0.379121 0.420000 0.049451 0.056000
1 0.347527 0.334667 0.052198 0.056000
1 0.476648 0.265333 0.052198 0.045333
1 0.776099 0.025333 0.046703 0.045333
1 0.824176 0.038667 0.054945 0.061333
1 0.936813 0.082667 0.054945 0.053333
1 0.809066 0.212000 0.046703 0.050667
1 0.641484 0.146667 0.046703 0.042667
1 0.589286 0.152000 0.052198 0.053333
1 0.642857 0.194667 0.049451 0.048000
1 0.703297 0.201333 0.049451 0.056000
1 0.641484 0.074667 0.052198 0.048000
1 0.530220 0.136000 0.049451 0.048000
1 0.585165 0.208000 0.043956 0.037333
1 0.528846 0.222667 0.052198 0.045333
1 0.480769 0.182667 0.060440 0.056000
1 0.414835 0.168000 0.054945 0.048000
1 0.782967 0.108000 0.038462 0.061333
1 0.478022 0.030667 0.065934 0.050667
1 0.467033 0.132000 0.049451 0.040000
1 0.424451 0.210667 0.046703 0.048000
1 0.307692 0.230667 0.038462 0.040000
1 0.607143 0.886667 0.054945 0.056000
1 0.637363 0.920000 0.049451 0.048000
1 0.633242 0.826667 0.046703 0.053333
1 0.646978 0.765333 0.052198 0.048000
1 0.795330 0.785333 0.052198 0.050667
1 0.730769 0.848000 0.043956 0.048000
1 0.770604 0.777333 0.046703 0.056000
1 0.550824 0.966667 0.046703 0.056000
1 0.593407 0.977333 0.038462 0.045333
1 0.627747 0.984000 0.041209 0.032000
1 0.520604 0.852000 0.046703 0.050667
1 0.446429 0.857333 0.046703 0.056000
1 0.721154 0.700000 0.057692 0.061333
1 0.701923 0.762667 0.057692 0.042667
1 0.677198 0.804000 0.035714 0.040000
1 0.607143 0.706667 0.049451 0.053333
1 0.660714 0.700000 0.052198 0.056000
1 0.695055 0.664000 0.049451 0.042667
1 0.675824 0.624000 0.054945 0.053333
1 0.848901 0.744000 0.043956 0.048000
1 0.741758 0.442667 0.054945 0.064000
1 0.787088 0.433333 0.030220 0.034667
1 0.677198 0.452000 0.052198 0.045333
1 0.656593 0.505333 0.049451 0.034667
1 0.667582 0.534667 0.049451 0.040000
1 0.615385 0.473333 0.054945 0.050667
1 0.600275 0.524000 0.046703 0.045333
1 0.623626 0.560000 0.043956 0.042667
1 0.626374 0.604000 0.049451 0.040000
1 0.561813 0.574667 0.052198 0.050667
1 0.524725 0.552000 0.054945 0.048000
1 0.504121 0.597333 0.052198 0.037333
1 0.440934 0.564000 0.046703 0.050667
1 0.342033 0.588000 0.041209 0.061333
1 0.396978 0.573333 0.052198 0.048000
1 0.196429 0.589333 0.041209 0.048000
1 0.432692 0.698667 0.052198 0.042667
1 0.416209 0.741333 0.046703 0.042667
1 0.223901 0.449333 0.057692 0.056000
1 0.212912 0.498667 0.035714 0.048000
1 0.288462 0.498667 0.043956 0.048000
1 0.365385 0.482667 0.049451 0.053333
1 0.098901 0.493333 0.060440 0.058667
1 0.071429 0.572000 0.043956 0.066667
1 0.057692 0.637333 0.038462 0.048000
1 0.030220 0.537333 0.049451 0.050667
1 0.023352 0.593333 0.035714 0.056000
1 0.129121 0.534667 0.049451 0.045333
1 0.313187 0.448000 0.071429 0.053333
1 0.035714 0.700000 0.049451 0.056000
1 0.064560 0.764000 0.024725 0.029333
1 0.144231 0.769333 0.052198 0.045333
1 0.201923 0.801333 0.057692 0.066667
1 0.302198 0.821333 0.071429 0.053333
1 0.197802 0.736000 0.054945 0.058667
1 0.395604 0.960000 0.043956 0.053333
1 0.467033 0.894667 0.038462 0.045333
1 0.291209 0.633333 0.065934 0.072000
1 0.545330 0.676000 0.052198 0.061333
1 0.920330 0.396000 0.043956 0.050667
1 0.927198 0.449333 0.035714 0.045333
1 0.894231 0.334667 0.046703 0.050667
1 0.902473 0.610667 0.052198 0.058667
1 0.855769 0.609333 0.041209 0.040000
1 0.659341 0.290667 0.054945 0.048000
1 0.561813 0.281333 0.041209 0.066667
1 0.615385 0.245333 0.054945 0.042667
1 0.618132 0.290667 0.038462 0.048000
1 0.269231 0.156000 0.043956 0.034667
1 0.267857 0.118667 0.046703 0.029333
1 0.357143 0.201333 0.027473 0.040000
