0 0.057069 0.129610 0.057069 0.057484
0 0.103113 0.082972 0.050584 0.042299
0 0.156291 0.061822 0.053178 0.054230
0 0.116732 0.222343 0.044099 0.045553
0 0.308690 0.164317 0.054475 0.053145
0 0.269780 0.304772 0.085603 0.045553
0 0.345655 0.248373 0.076524 0.054230
0 0.298962 0.069414 0.063554 0.045553
0 0.257458 0.029284 0.063554 0.049892
0 0.433204 0.113883 0.041505 0.034707
0 0.520104 0.148048 0.072633 0.037961
0 0.538911 0.074295 0.040208 0.033623
0 0.474060 0.045553 0.063554 0.034707
0 0.509079 0.033623 0.032425 0.017354
0 0.544099 0.267354 0.060960 0.035792
0 0.266537 0.409978 0.040208 0.052061
0 0.232815 0.460412 0.029831 0.050976
0 0.306744 0.505965 0.045396 0.044469
0 0.370947 0.402386 0.075227 0.060738
0 0.055123 0.361714 0.040208 0.048807
0 0.181582 0.471258 0.044099 0.042299
0 0.125162 0.578633 0.045396 0.040130
0 0.152399 0.516811 0.073930 0.037961
0 0.206874 0.543926 0.055772 0.042299
0 0.207523 0.600325 0.057069 0.053145
0 0.275616 0.577549 0.042802 0.044469
0 0.132944 0.757592 0.037613 0.035792
0 0.162776 0.828091 0.035019 0.044469
0 0.166018 0.890998 0.036316 0.037961
0 0.226329 0.814534 0.053178 0.039046
0 0.208171 0.715293 0.050584 0.068330
0 0.267185 0.755965 0.049287 0.039046
0 0.394942 0.804230 0.042802 0.033623
0 0.447471 0.862256 0.057069 0.041215
0 0.213359 0.978850 0.035019 0.048807
0 0.261349 0.952278 0.047990 0.054230
0 0.319066 0.960954 0.044099 0.052061
0 0.332685 0.924620 0.050584 0.059653
0 0.394293 0.894252 0.075227 0.057484
0 0.485733 0.951193 0.042802 0.045553
0 0.474708 0.911605 0.031128 0.031453
0 0.752270 0.890456 0.049287 0.052061
0 0.803502 0.871475 0.047990 0.044469
0 0.857977 0.864967 0.055772 0.053145
0 0.823606 0.791757 0.023346 0.039046
0 0.784047 0.777657 0.032425 0.034707
0 0.902724 0.763015 0.046693 0.070499
0 0.920882 0.725597 0.064851 0.043384
0 0.701038 0.604664 0.053178 0.059653
0 0.776913 0.652928 0.057069 0.030369
0 0.815824 0.558568 0.059663 0.060738
0 0.891699 0.651844 0.042802 0.052061
0 0.935798 0.627440 0.047990 0.040130
0 0.522698 0.498915 0.046693 0.043384
0 0.524643 0.547180 0.040208 0.042299
0 0.598573 0.526030 0.055772 0.032538
0 0.634890 0.449566 0.047990 0.063991
0 0.711414 0.404555 0.079118 0.039046
0 0.743839 0.363883 0.066148 0.063991
0 0.829442 0.379067 0.071336 0.048807
0 0.904021 0.444685 0.083009 0.078091
0 0.570687 0.324837 0.064851 0.053145
0 0.511673 0.363341 0.035019 0.065076
0 0.640726 0.200108 0.059663 0.040130
0 0.667964 0.022777 0.049287 0.030369
0 0.776913 0.208243 0.033722 0.032538
0 0.833982 0.468547 0.054475 0.041215
0 0.039559 0.815618 0.050584 0.036876
0 0.020752 0.711497 0.041505 0.058568
0 0.612192 0.121475 0.025940 0.019523
0 0.710765 0.145336 0.025940 0.028200
0 0.701038 0.307484 0.066148 0.050976
0 0.968872 0.530369 0.059663 0.058568
0 0.785344 0.463666 0.066148 0.070499
0 0.834630 0.914317 0.032425 0.026030
0 0.871595 0.914317 0.028534 0.045553
0 0.565499 0.954989 0.033722 0.040130
0 0.593385 0.909436 0.032425 0.024946
0 0.623865 0.881779 0.038911 0.034707
0 0.280156 0.226139 0.046693 0.040130
0 0.239300 0.154555 0.037613 0.055315
0 0.160830 0.193601 0.031128 0.035792
0 0.243839 0.233731 0.036316 0.046638
0 0.178988 0.285249 0.049287 0.049892
0 0.706874 0.273319 0.062257 0.034707
0 0.626459 0.234816 0.044099 0.033623
0 0.551881 0.432755 0.076524 0.047722
0 0.928016 0.584599 0.045396 0.030369
0 0.754215 0.618764 0.040208 0.037961
0 0.797017 0.723427 0.068742 0.030369
0 0.839818 0.792842 0.022049 0.039046
0 0.692607 0.698482 0.018158 0.028200
0 0.686770 0.721800 0.019455 0.022777
0 0.615435 0.161605 0.063554 0.026030
0 0.437743 0.704989 0.029831 0.045553
0 0.398833 0.605206 0.032425 0.026030
0 0.392996 0.580803 0.025940 0.027115
0 0.479896 0.583514 0.025940 0.030369
0 0.194553 0.213666 0.023346 0.052061
0 0.842412 0.648590 0.022049 0.041215
0 0.450713 0.087852 0.040208 0.021692
0 0.888457 0.810195 0.023346 0.026030
0 0.440337 0.354121 0.053178 0.029284
0 0.334630 0.604121 0.025940 0.036876
0 0.377432 0.752711 0.028534 0.017354
0 0.056420 0.635575 0.042802 0.034707
0 0.081064 0.661063 0.035019 0.031453
1 0.518807 0.853037 0.025940 0.022777
1 0.488327 0.842191 0.027237 0.016269
1 0.507134 0.816703 0.015564 0.013015
1 0.502594 0.828091 0.019455 0.014100
1 0.907263 0.091106 0.024643 0.034707
1 0.778210 0.149675 0.031128 0.021692
1 0.844358 0.171367 0.023346 0.023861
1 0.870298 0.215835 0.028534 0.019523
1 0.817769 0.201193 0.014267 0.011931
1 0.921530 0.265727 0.022049 0.017354
1 0.979248 0.261931 0.031128 0.018438
1 0.894293 0.325922 0.029831 0.022777
1 0.238003 0.091649 0.019455 0.024946
1 0.203632 0.081887 0.023346 0.016269
1 0.795720 0.976681 0.027237 0.016269
1 0.808690 0.991323 0.024643 0.015184
1 0.667315 0.994035 0.024643 0.009761
1 0.953956 0.866052 0.016861 0.018438
1 0.930610 0.854664 0.016861 0.015184
1 0.268482 0.488612 0.018158 0.024946
1 0.968872 0.035792 0.020752 0.021692
1 0.938392 0.011388 0.022049 0.022777
1 0.849546 0.008677 0.020752 0.015184
1 0.855383 0.318872 0.027237 0.019523
1 0.856031 0.290672 0.028534 0.019523
1 0.857977 0.250542 0.035019 0.034707
1 0.871595 0.153471 0.031128 0.027115
