0 0.073341 0.054533 0.046566 0.077904
0 0.043073 0.169972 0.034924 0.082153
0 0.218859 0.058782 0.039581 0.052408
0 0.171129 0.111190 0.069849 0.055241
0 0.201979 0.137394 0.038417 0.042493
0 0.137369 0.181303 0.060536 0.053824
0 0.119907 0.223088 0.053551 0.055241
0 0.142608 0.278329 0.047730 0.052408
0 0.217113 0.240793 0.045402 0.070822
0 0.273574 0.122521 0.053551 0.052408
0 0.276484 0.189802 0.050058 0.076487
0 0.270081 0.264164 0.055879 0.049575
0 0.323050 0.123229 0.059371 0.056657
0 0.351572 0.156516 0.041909 0.046742
0 0.385914 0.094901 0.031432 0.042493
0 0.421420 0.060198 0.055879 0.086402
0 0.419092 0.114023 0.041909 0.035411
0 0.463912 0.086402 0.043073 0.036827
0 0.481956 0.124646 0.027939 0.045326
0 0.505239 0.041076 0.058207 0.053824
0 0.455180 0.216006 0.039581 0.072238
0 0.454016 0.163598 0.039581 0.052408
0 0.313155 0.238669 0.037253 0.041076
0 0.360303 0.261331 0.050058 0.066572
0 0.328871 0.310907 0.047730 0.072238
0 0.341676 0.235836 0.033760 0.063739
0 0.278231 0.330028 0.037253 0.059490
0 0.317229 0.373229 0.052386 0.058074
0 0.273574 0.431303 0.046566 0.052408
0 0.262515 0.570113 0.043073 0.049575
0 0.191502 0.542493 0.059371 0.050992
0 0.039581 0.294618 0.055879 0.059490
0 0.083818 0.323654 0.037253 0.032578
0 0.129802 0.348442 0.040745 0.033994
0 0.107683 0.449008 0.043073 0.048159
0 0.065192 0.583569 0.053551 0.033994
0 0.040745 0.655099 0.044237 0.060907
0 0.076251 0.628895 0.040745 0.042493
0 0.147264 0.587819 0.061700 0.056657
0 0.127474 0.643059 0.057043 0.070822
0 0.179860 0.689093 0.050058 0.063739
0 0.319558 0.518414 0.059371 0.073654
0 0.337602 0.555949 0.060536 0.049575
0 0.354482 0.671388 0.054715 0.056657
0 0.370198 0.730878 0.044237 0.056657
0 0.367288 0.815156 0.050058 0.066572
0 0.303842 0.876771 0.058207 0.070822
0 0.282305 0.932011 0.052386 0.070822
0 0.222352 0.877479 0.041909 0.055241
0 0.189756 0.898017 0.048894 0.062323
0 0.387660 0.901558 0.039581 0.055241
0 0.441793 0.866147 0.040745 0.069405
0 0.499418 0.851275 0.046566 0.070822
0 0.481956 0.939802 0.051222 0.055241
0 0.569849 0.879603 0.036088 0.059490
0 0.584983 0.947592 0.033760 0.050992
0 0.630384 0.934844 0.045402 0.048159
0 0.671129 0.890935 0.038417 0.050992
0 0.746217 0.843484 0.055879 0.055241
0 0.767171 0.888810 0.041909 0.060907
0 0.807916 0.935552 0.034924 0.063739
0 0.841676 0.899433 0.039581 0.062323
0 0.878347 0.903683 0.036088 0.062323
0 0.898719 0.803824 0.046566 0.066572
0 0.931315 0.834278 0.044237 0.065156
0 0.813737 0.759207 0.048894 0.050992
0 0.747381 0.767705 0.053551 0.053824
0 0.918510 0.956091 0.039581 0.048159
0 0.922584 0.906516 0.043073 0.048159
0 0.858556 0.963881 0.057043 0.072238
0 0.716531 0.945467 0.031432 0.055241
0 0.672293 0.953966 0.026775 0.052408
0 0.789290 0.694759 0.044237 0.055241
0 0.773574 0.667139 0.045402 0.059490
0 0.727590 0.635269 0.034924 0.046742
0 0.659488 0.639518 0.075669 0.083569
0 0.694994 0.572238 0.034924 0.042493
0 0.703725 0.510623 0.033760 0.063739
0 0.880675 0.621105 0.040745 0.060907
0 0.841094 0.672805 0.061700 0.059490
0 0.974389 0.522663 0.048894 0.062323
0 0.921420 0.351983 0.047730 0.066572
0 0.902212 0.410765 0.048894 0.056657
0 0.894063 0.468130 0.041909 0.049575
0 0.929569 0.449008 0.040745 0.050992
0 0.766589 0.415722 0.036088 0.055241
0 0.792782 0.326487 0.032596 0.043909
0 0.755530 0.254249 0.039581 0.046742
0 0.895227 0.281870 0.034924 0.048159
0 0.742724 0.033994 0.044237 0.059490
0 0.673458 0.037535 0.038417 0.055241
0 0.705471 0.084986 0.060536 0.053824
0 0.678696 0.134561 0.037253 0.050992
0 0.631548 0.093484 0.043073 0.048159
0 0.541909 0.107649 0.052386 0.059490
0 0.547730 0.177054 0.038417 0.056657
0 0.604191 0.061615 0.032596 0.055241
0 0.590221 0.137394 0.039581 0.070822
0 0.616414 0.199717 0.036088 0.067989
0 0.641444 0.250708 0.041909 0.056657
0 0.601281 0.286827 0.040745 0.041076
0 0.656577 0.190510 0.048894 0.072238
0 0.603027 0.339943 0.060536 0.056657
0 0.534924 0.457507 0.040745 0.048159
0 0.505239 0.206091 0.048894 0.072238
0 0.503492 0.321530 0.057043 0.079320
0 0.495925 0.415014 0.065192 0.062323
0 0.442375 0.341360 0.065192 0.073654
0 0.440629 0.269122 0.038417 0.045326
0 0.402794 0.419972 0.048894 0.049575
0 0.433644 0.453966 0.050058 0.041076
0 0.364959 0.480878 0.029104 0.032578
0 0.395809 0.494334 0.034924 0.042493
0 0.484866 0.518414 0.040745 0.062323
0 0.433644 0.506374 0.054715 0.072238
0 0.446449 0.599858 0.052386 0.058074
0 0.438300 0.676346 0.043073 0.052408
0 0.508731 0.576487 0.053551 0.050992
0 0.500000 0.731586 0.045402 0.041076
0 0.543073 0.647309 0.052386 0.062323
0 0.486030 0.688385 0.045402 0.045326
0 0.605937 0.524788 0.038417 0.055241
0 0.658324 0.498584 0.043073 0.050992
0 0.702561 0.383144 0.061700 0.043909
0 0.642026 0.390935 0.043073 0.073654
0 0.694994 0.334278 0.051222 0.056657
0 0.683353 0.257082 0.032596 0.055241
0 0.702561 0.192635 0.029104 0.050992
0 0.728754 0.300992 0.030268 0.035411
0 0.869616 0.198300 0.041909 0.039660
0 0.963912 0.293201 0.048894 0.056657
0 0.562282 0.740085 0.046566 0.077904
0 0.583818 0.652266 0.036088 0.100567
0 0.636205 0.733003 0.033760 0.035411
0 0.234575 0.725921 0.043073 0.041076
0 0.332945 0.845609 0.032596 0.050992
0 0.295693 0.813031 0.032596 0.050992
0 0.117579 0.883853 0.044237 0.076487
0 0.130384 0.961048 0.055879 0.052408
0 0.061700 0.910765 0.041909 0.082153
0 0.055879 0.968130 0.041909 0.058074
0 0.560536 0.218839 0.036088 0.052408
0 0.180442 0.360482 0.034924 0.043909
0 0.171129 0.241501 0.030268 0.046742
0 0.356810 0.101983 0.029104 0.048159
0 0.354482 0.012040 0.038417 0.026912
0 0.734575 0.703966 0.037253 0.033994
0 0.100698 0.713881 0.036088 0.045326
0 0.385914 0.305241 0.043073 0.063739
0 0.821886 0.611898 0.055879 0.065156
0 0.232247 0.156516 0.026775 0.035411
0 0.016298 0.827195 0.032596 0.070822
0 0.012806 0.909348 0.023283 0.073654
0 0.201397 0.979462 0.034924 0.038244
0 0.166473 0.973796 0.044237 0.035411
0 0.535506 0.949008 0.034924 0.039660
0 0.461583 0.822946 0.033760 0.031161
0 0.534924 0.976629 0.026775 0.043909
0 0.688591 0.712465 0.045402 0.050992
0 0.912107 0.547450 0.036088 0.035411
0 0.983702 0.776204 0.032596 0.048159
0 0.391735 0.676346 0.043073 0.055241
0 0.378347 0.617564 0.034924 0.053824
0 0.403376 0.235836 0.033760 0.035411
0 0.590803 0.238669 0.036088 0.043909
0 0.743888 0.199008 0.025611 0.032578
0 0.710710 0.160765 0.031432 0.043909
0 0.799767 0.240085 0.032596 0.026912
0 0.632712 0.026204 0.033760 0.041076
0 0.804424 0.014873 0.055879 0.032578
0 0.979045 0.136686 0.041909 0.049575
0 0.987194 0.223796 0.025611 0.031161
0 0.731665 0.172805 0.022119 0.028329
0 0.679278 0.409348 0.033760 0.031161
0 0.195576 0.580028 0.034924 0.038244
0 0.799185 0.271246 0.040745 0.052408
0 0.687427 0.875354 0.024447 0.036827
0 0.565192 0.500000 0.057043 0.048159
0 0.736903 0.543201 0.032596 0.041076
0 0.768917 0.507790 0.043073 0.058074
0 0.058207 0.419972 0.053551 0.083569
0 0.553551 0.538244 0.045402 0.036827
