0 0.036109 0.035672 0.021240 0.038050
0 0.015718 0.035672 0.019541 0.035672
0 0.167799 0.055291 0.022940 0.036861
0 0.136788 0.027943 0.018692 0.036861
0 0.055650 0.016052 0.019541 0.027348
0 0.083687 0.113555 0.026338 0.024970
0 0.108751 0.114150 0.022090 0.042806
0 0.123195 0.137931 0.018692 0.038050
0 0.078590 0.172414 0.026338 0.040428
0 0.106202 0.195006 0.022090 0.040428
0 0.091759 0.235434 0.022090 0.028537
0 0.131691 0.224138 0.022090 0.034483
0 0.161852 0.236029 0.026338 0.039239
0 0.238318 0.176576 0.024639 0.041617
0 0.210705 0.087990 0.023789 0.035672
0 0.274851 0.108799 0.021240 0.032105
0 0.298641 0.063020 0.026338 0.033294
0 0.317757 0.048157 0.023789 0.029727
0 0.330926 0.079667 0.022940 0.040428
0 0.309261 0.128419 0.015293 0.021403
0 0.279099 0.154578 0.024639 0.033294
0 0.305862 0.196195 0.023789 0.042806
0 0.326253 0.205707 0.022090 0.042806
0 0.256585 0.252675 0.020391 0.039239
0 0.391249 0.198573 0.028037 0.045184
0 0.184792 0.302616 0.022940 0.041617
0 0.159728 0.346017 0.025489 0.040428
0 0.285047 0.341260 0.024639 0.035672
0 0.244690 0.341855 0.015293 0.034483
0 0.237043 0.370987 0.020391 0.035672
0 0.397196 0.262782 0.019541 0.035672
0 0.062022 0.366825 0.023789 0.036861
0 0.027613 0.385850 0.022940 0.041617
0 0.040782 0.440547 0.022090 0.036861
0 0.070093 0.444709 0.019541 0.040428
0 0.114698 0.375149 0.025489 0.041617
0 0.060323 0.541023 0.027188 0.042806
0 0.035684 0.543401 0.022090 0.035672
0 0.111300 0.530321 0.025489 0.033294
0 0.148683 0.394768 0.032285 0.035672
0 0.159728 0.475030 0.020391 0.027348
0 0.189465 0.445303 0.022090 0.034483
0 0.235344 0.474435 0.025489 0.040428
0 0.211980 0.476219 0.021240 0.032105
0 0.192863 0.586207 0.022090 0.038050
0 0.281648 0.522592 0.028037 0.029727
0 0.254036 0.617717 0.020391 0.029727
0 0.237468 0.645065 0.019541 0.034483
0 0.203483 0.629013 0.019541 0.028537
0 0.214953 0.640309 0.015293 0.027348
0 0.110025 0.656956 0.024639 0.032105
0 0.142311 0.675386 0.016143 0.026159
0 0.107052 0.716409 0.028887 0.039239
0 0.035259 0.614150 0.009346 0.024970
0 0.161852 0.731272 0.041631 0.035672
0 0.013594 0.326992 0.025489 0.040428
0 0.022515 0.740190 0.011045 0.041617
0 0.014868 0.706302 0.011045 0.040428
0 0.006797 0.769322 0.010195 0.019025
0 0.040357 0.828775 0.021240 0.035672
0 0.094732 0.775268 0.021240 0.030916
0 0.132540 0.831153 0.020391 0.040428
0 0.149533 0.818074 0.018692 0.030916
0 0.177145 0.802021 0.026338 0.027348
0 0.156330 0.854340 0.030586 0.039239
0 0.216228 0.830559 0.021240 0.034483
0 0.062447 0.869203 0.026338 0.038050
0 0.084962 0.889417 0.025489 0.040428
0 0.057774 0.956599 0.022090 0.036861
0 0.141037 0.912010 0.022090 0.038050
0 0.204758 0.853151 0.022090 0.027348
0 0.182243 0.878716 0.033135 0.028537
0 0.223025 0.894174 0.022940 0.030916
0 0.267205 0.875743 0.024639 0.041617
0 0.266355 0.840666 0.019541 0.028537
0 0.173322 0.952438 0.020391 0.033294
0 0.147833 0.958383 0.020391 0.042806
0 0.044180 0.909037 0.011895 0.034483
0 0.030161 0.904875 0.012744 0.028537
0 0.285896 0.885256 0.009346 0.034483
0 0.281223 0.935791 0.010195 0.019025
0 0.319031 0.957194 0.028037 0.045184
0 0.341121 0.903686 0.016143 0.026159
0 0.045879 0.983948 0.010195 0.027348
0 0.222175 0.964923 0.021240 0.027348
0 0.217077 0.987515 0.021240 0.020214
0 0.288445 0.765161 0.029737 0.041617
0 0.307562 0.725327 0.020391 0.035672
0 0.314359 0.693817 0.023789 0.032105
0 0.346219 0.675981 0.026338 0.034483
0 0.342396 0.791914 0.025489 0.049941
0 0.324129 0.807372 0.019541 0.035672
0 0.296092 0.844828 0.009346 0.034483
0 0.310960 0.858502 0.018692 0.068966
0 0.339422 0.861474 0.024639 0.036861
0 0.367035 0.854935 0.033985 0.030916
0 0.374681 0.901308 0.027188 0.040428
0 0.401869 0.876932 0.022090 0.043995
0 0.387426 0.794293 0.032285 0.033294
0 0.407392 0.810345 0.022940 0.027348
0 0.336024 0.749703 0.019541 0.036861
0 0.369584 0.688466 0.020391 0.038050
0 0.402719 0.678359 0.022090 0.027348
0 0.426933 0.689061 0.021240 0.034483
0 0.443925 0.764566 0.026338 0.040428
0 0.274851 0.981570 0.012744 0.029727
0 0.447324 0.926873 0.022940 0.034483
0 0.465166 0.884661 0.021240 0.035672
0 0.449023 0.834721 0.026338 0.038050
0 0.394647 0.971463 0.022940 0.035672
0 0.413339 0.982759 0.017842 0.027348
0 0.511895 0.873365 0.017842 0.032105
0 0.504248 0.811534 0.014444 0.027348
0 0.521240 0.811534 0.017842 0.022592
0 0.537383 0.793698 0.014444 0.029727
0 0.464316 0.979191 0.011045 0.032105
0 0.476636 0.971463 0.008496 0.028537
0 0.497451 0.911415 0.019541 0.034483
0 0.563297 0.890606 0.022090 0.038050
0 0.503398 0.983353 0.024639 0.030916
0 0.604078 0.979786 0.020391 0.028537
0 0.640612 0.940547 0.027188 0.035672
0 0.617247 0.914388 0.019541 0.033294
0 0.598131 0.916171 0.018692 0.027348
0 0.582413 0.872771 0.029737 0.035672
0 0.562022 0.778240 0.024639 0.034483
0 0.619371 0.791320 0.025489 0.058264
0 0.648258 0.848989 0.025489 0.040428
0 0.591759 0.781213 0.024639 0.033294
0 0.583687 0.909037 0.011895 0.039239
0 0.612999 0.689655 0.028037 0.033294
0 0.644010 0.693817 0.022090 0.043995
0 0.675871 0.713436 0.024639 0.038050
0 0.625319 0.739596 0.028887 0.023781
0 0.663976 0.746136 0.012744 0.017836
0 0.664826 0.778240 0.019541 0.032105
0 0.650807 0.802616 0.022090 0.042806
0 0.722600 0.788942 0.033135 0.041617
0 0.701784 0.878716 0.032285 0.040428
0 0.706457 0.835315 0.041631 0.043995
0 0.770603 0.834126 0.025489 0.032105
0 0.776551 0.876338 0.023789 0.035672
0 0.822855 0.879905 0.014444 0.030916
0 0.806712 0.914388 0.012744 0.021403
0 0.734919 0.978597 0.040782 0.033294
0 0.837723 0.947681 0.020391 0.038050
0 0.826678 0.957788 0.018692 0.041617
0 0.819456 0.741974 0.026338 0.038050
0 0.860238 0.876338 0.024639 0.040428
0 0.889125 0.985731 0.026338 0.026159
0 0.917162 0.934602 0.017842 0.035672
0 0.943925 0.920927 0.022090 0.034483
0 0.967715 0.936980 0.020391 0.030916
0 0.971963 0.866231 0.018692 0.029727
0 0.965166 0.979786 0.015293 0.023781
0 0.906117 0.838882 0.024639 0.039239
0 0.889550 0.849584 0.018692 0.029727
0 0.860238 0.832937 0.019541 0.032105
0 0.845370 0.809750 0.020391 0.040428
0 0.849193 0.777646 0.012744 0.021403
0 0.891249 0.770511 0.023789 0.040428
0 0.872982 0.763971 0.014444 0.041617
0 0.970688 0.747325 0.021240 0.036861
0 0.884027 0.683710 0.021240 0.033294
0 0.849618 0.693222 0.006797 0.045184
0 0.984707 0.689061 0.022090 0.039239
0 0.922685 0.628419 0.023789 0.032105
0 0.910790 0.595719 0.025489 0.030916
0 0.941376 0.593341 0.018692 0.026159
0 0.937553 0.568371 0.021240 0.026159
0 0.888275 0.570155 0.019541 0.039239
0 0.930756 0.525565 0.022940 0.040428
0 0.915888 0.548157 0.022090 0.030916
0 0.918862 0.498811 0.022940 0.034483
0 0.980459 0.474435 0.027188 0.038050
0 0.839422 0.667063 0.018692 0.033294
0 0.822430 0.621284 0.020391 0.039239
0 0.830926 0.582045 0.022090 0.041617
0 0.750212 0.733056 0.027188 0.046373
0 0.842396 0.542212 0.024639 0.028537
0 0.754460 0.619501 0.023789 0.033294
0 0.743415 0.585018 0.025489 0.040428
0 0.790994 0.552913 0.018692 0.038050
0 0.793543 0.589180 0.020391 0.046373
0 0.800340 0.467301 0.025489 0.033294
0 0.807137 0.416171 0.022090 0.035672
0 0.680969 0.602259 0.022940 0.034483
0 0.712404 0.517836 0.019541 0.034483
0 0.703483 0.545779 0.023789 0.033294
0 0.705607 0.578478 0.016143 0.024970
0 0.622345 0.652794 0.022940 0.033294
0 0.671198 0.516052 0.020391 0.038050
0 0.681818 0.451843 0.022940 0.038050
0 0.649958 0.453032 0.022090 0.038050
0 0.648683 0.526159 0.022940 0.034483
0 0.618097 0.543401 0.016143 0.040428
0 0.635939 0.489893 0.028037 0.033294
0 0.461767 0.651011 0.026338 0.034483
0 0.495752 0.639120 0.021240 0.029727
0 0.496602 0.706897 0.014444 0.027348
0 0.558624 0.651011 0.022940 0.048751
0 0.543755 0.696790 0.037383 0.066587
0 0.527188 0.630202 0.017842 0.030916
0 0.466865 0.620095 0.016143 0.022592
0 0.500000 0.580262 0.019541 0.040428
0 0.556924 0.561237 0.019541 0.049941
0 0.538658 0.560048 0.016992 0.045184
0 0.432455 0.629608 0.025489 0.032105
0 0.393798 0.648633 0.033135 0.041617
0 0.406967 0.604637 0.020391 0.041617
0 0.372557 0.618312 0.019541 0.038050
0 0.543331 0.459572 0.022940 0.036861
0 0.422260 0.561237 0.023789 0.033294
0 0.354291 0.574911 0.027188 0.043995
0 0.476211 0.457194 0.017842 0.034483
0 0.310960 0.543995 0.042481 0.034483
0 0.317757 0.507134 0.025489 0.039239
0 0.361512 0.492271 0.019541 0.035672
0 0.408241 0.441736 0.022940 0.032105
0 0.375956 0.456599 0.024639 0.038050
0 0.340697 0.456599 0.020391 0.028537
0 0.355140 0.435196 0.013594 0.026159
0 0.333900 0.422117 0.013594 0.028537
0 0.370008 0.392390 0.024639 0.054697
0 0.350892 0.387634 0.015293 0.028537
0 0.409941 0.364447 0.019541 0.036861
0 0.387850 0.365636 0.019541 0.036861
0 0.209856 0.532105 0.020391 0.024970
0 0.390824 0.314507 0.022090 0.039239
0 0.413764 0.306778 0.020391 0.035672
0 0.471963 0.356718 0.021240 0.033294
0 0.505098 0.387634 0.024639 0.040428
0 0.513594 0.410226 0.014444 0.035672
0 0.437553 0.314507 0.022090 0.041617
0 0.466440 0.300238 0.016992 0.034483
0 0.448598 0.290725 0.018692 0.043995
0 0.495327 0.288347 0.028887 0.041617
0 0.505523 0.318074 0.023789 0.034483
0 0.531861 0.322235 0.023789 0.038050
0 0.562022 0.328181 0.024639 0.033294
0 0.566695 0.382283 0.028887 0.041617
0 0.611725 0.351962 0.028887 0.030916
0 0.643161 0.373960 0.028887 0.041617
0 0.670773 0.372176 0.024639 0.035672
0 0.471538 0.249108 0.023789 0.034483
0 0.537808 0.234839 0.023789 0.036861
0 0.685217 0.328775 0.028037 0.029727
0 0.705607 0.298454 0.026338 0.038050
0 0.711980 0.252675 0.023789 0.036861
0 0.681818 0.255648 0.021240 0.038050
0 0.588785 0.285969 0.025489 0.032105
0 0.644010 0.308561 0.027188 0.043995
0 0.570518 0.448276 0.022940 0.038050
0 0.793543 0.370392 0.025489 0.036861
0 0.847918 0.367420 0.018692 0.049941
0 0.898471 0.360880 0.022940 0.029727
0 0.870008 0.362663 0.013594 0.038050
0 0.770178 0.324614 0.028037 0.030916
0 0.827103 0.315101 0.019541 0.038050
0 0.799915 0.302021 0.026338 0.040428
0 0.781223 0.245541 0.028037 0.041617
0 0.779949 0.184899 0.025489 0.046373
0 0.860238 0.457788 0.021240 0.028537
0 0.886576 0.420333 0.026338 0.036861
0 0.928632 0.390606 0.020391 0.032105
0 0.966015 0.403092 0.025489 0.038050
0 0.978335 0.424495 0.019541 0.033294
0 0.985132 0.376338 0.019541 0.032105
0 0.962192 0.315696 0.019541 0.032105
0 0.915888 0.288942 0.023789 0.028537
0 0.898471 0.252081 0.017842 0.033294
0 0.923534 0.229489 0.023789 0.030916
0 0.953271 0.195006 0.013594 0.045184
0 0.943925 0.240190 0.018692 0.033294
0 0.971963 0.134958 0.022090 0.034483
0 0.932031 0.156361 0.018692 0.024970
0 0.830926 0.136147 0.025489 0.036861
0 0.947324 0.063020 0.023789 0.038050
0 0.887426 0.051130 0.026338 0.033294
0 0.763806 0.115339 0.025489 0.038050
0 0.703483 0.126040 0.023789 0.045184
0 0.797366 0.107610 0.022940 0.039239
0 0.835174 0.074911 0.016992 0.038050
0 0.790994 0.059453 0.022090 0.030916
0 0.654206 0.155767 0.023789 0.038050
0 0.665251 0.115933 0.023789 0.039239
0 0.682668 0.087396 0.017842 0.032105
0 0.714953 0.028537 0.022940 0.049941
0 0.759133 0.027348 0.028037 0.030916
0 0.638063 0.184304 0.013594 0.016647
0 0.600680 0.177170 0.027188 0.035672
0 0.564146 0.175386 0.023789 0.041617
0 0.605777 0.127824 0.010195 0.015458
0 0.642311 0.068966 0.030586 0.038050
0 0.473662 0.182521 0.021240 0.041617
0 0.504248 0.101070 0.028037 0.030916
0 0.563721 0.104637 0.017842 0.030916
0 0.505098 0.049941 0.024639 0.033294
0 0.468989 0.136147 0.022090 0.043995
0 0.861937 0.026159 0.019541 0.028537
0 0.852591 0.061237 0.021240 0.034483
0 0.838148 0.014269 0.019541 0.026159
0 0.546304 0.068371 0.018692 0.027348
0 0.422685 0.105826 0.019541 0.042806
0 0.395497 0.078478 0.014444 0.045184
0 0.413339 0.027943 0.021240 0.034483
0 0.488530 0.017241 0.016992 0.032105
0 0.460493 0.026159 0.027188 0.040428
0 0.550977 0.021998 0.021240 0.032105
0 0.578165 0.021998 0.021240 0.029727
0 0.609176 0.020214 0.028887 0.035672
0 0.680119 0.021998 0.022940 0.032105
0 0.359813 0.115933 0.024639 0.039239
0 0.361088 0.069560 0.022090 0.034483
0 0.325828 0.026159 0.022940 0.026159
0 0.240442 0.090963 0.023789 0.024970
0 0.266780 0.015458 0.022090 0.028537
0 0.243840 0.029132 0.020391 0.032105
0 0.209856 0.307372 0.022090 0.039239
0 0.156754 0.290131 0.022940 0.033294
0 0.114698 0.324019 0.018692 0.036861
0 0.134240 0.310939 0.018692 0.046373
0 0.188615 0.217004 0.025489 0.043995
0 0.217927 0.259810 0.019541 0.029727
0 0.346219 0.347206 0.026338 0.030916
1 0.027613 0.844828 0.014444 0.022592
1 0.022515 0.923900 0.012744 0.016647
1 0.311385 0.782996 0.014444 0.029727
1 0.813509 0.563615 0.007647 0.016647
1 0.822855 0.488704 0.009346 0.019025
1 0.337298 0.496433 0.011895 0.027348
1 0.344520 0.485731 0.009346 0.015458
1 0.432455 0.244946 0.015293 0.026159
1 0.561597 0.259810 0.018692 0.024970
1 0.615123 0.238407 0.020391 0.024970
1 0.655480 0.258621 0.016143 0.022592
1 0.546304 0.195006 0.015293 0.045184
