0 0.947807 0.020379 0.021618 0.016866
0 0.919086 0.020731 0.014824 0.018974
0 0.983941 0.034786 0.013589 0.011947
0 0.942557 0.068517 0.016059 0.017569
0 0.953366 0.088194 0.019148 0.021785
0 0.979926 0.098032 0.016677 0.023190
0 0.976220 0.126142 0.021618 0.018974
0 0.865658 0.027758 0.022854 0.021785
0 0.843422 0.037245 0.021618 0.025299
0 0.853613 0.087140 0.019765 0.019677
0 0.780729 0.037948 0.017295 0.018271
0 0.772699 0.019677 0.011118 0.015460
0 0.725757 0.032326 0.012353 0.019677
0 0.694256 0.016514 0.022236 0.017569
0 0.699815 0.035840 0.016059 0.019677
0 0.664608 0.017217 0.019765 0.027407
0 0.642681 0.018623 0.019148 0.024596
0 0.624768 0.028110 0.017912 0.022488
0 0.037369 0.033732 0.019148 0.018271
0 0.009265 0.053760 0.016059 0.023190
0 0.037678 0.051300 0.019765 0.014055
0 0.097900 0.023893 0.011736 0.018271
0 0.103768 0.041813 0.022236 0.024596
0 0.089561 0.088545 0.019765 0.023893
0 0.086782 0.027758 0.010500 0.011947
0 0.043545 0.089248 0.019148 0.022488
0 0.037986 0.107871 0.016677 0.018974
0 0.021618 0.105060 0.019765 0.021785
0 0.070414 0.172874 0.018530 0.018271
0 0.022854 0.200632 0.023471 0.018974
0 0.074120 0.034083 0.016059 0.017569
0 0.158431 0.031975 0.016677 0.018974
0 0.164608 0.065355 0.015442 0.019677
0 0.187770 0.091708 0.014824 0.020379
0 0.067634 0.952214 0.016677 0.025299
0 0.129401 0.960295 0.016677 0.021785
0 0.150093 0.980675 0.017295 0.023190
0 0.046325 0.890021 0.009883 0.023190
0 0.105003 0.877020 0.018530 0.019677
0 0.083385 0.860857 0.017295 0.022488
0 0.134033 0.810963 0.021001 0.021082
0 0.167078 0.798665 0.019148 0.023190
0 0.167696 0.818342 0.022854 0.018974
0 0.193020 0.853127 0.019148 0.018271
0 0.113650 0.808503 0.016059 0.017569
0 0.134651 0.781448 0.018530 0.025299
0 0.100679 0.774069 0.021001 0.020379
0 0.112724 0.756500 0.022854 0.021785
0 0.178505 0.758609 0.022236 0.018974
0 0.147622 0.819747 0.012353 0.031623
0 0.145151 0.849613 0.008647 0.022488
0 0.103150 0.731202 0.019765 0.024596
0 0.151019 0.708011 0.020383 0.024596
0 0.164299 0.775826 0.021001 0.021082
0 0.201050 0.759311 0.024089 0.018974
0 0.125695 0.677793 0.015442 0.021785
0 0.193947 0.689037 0.021001 0.018974
0 0.261272 0.760365 0.017295 0.022488
0 0.016059 0.680956 0.013589 0.019677
0 0.030883 0.650387 0.018530 0.021785
0 0.055899 0.651089 0.016677 0.023190
0 0.094812 0.659171 0.016677 0.016866
0 0.096356 0.643359 0.014824 0.016163
0 0.100062 0.624736 0.019765 0.019677
0 0.077208 0.626142 0.014824 0.016866
0 0.065164 0.626142 0.012971 0.016866
0 0.043854 0.590654 0.016059 0.021785
0 0.021618 0.609628 0.019765 0.021785
0 0.116121 0.598032 0.019765 0.016866
0 0.095120 0.514758 0.014824 0.023190
0 0.118592 0.514406 0.017295 0.021082
0 0.134342 0.504216 0.017912 0.020379
0 0.104694 0.537245 0.017912 0.018974
0 0.169240 0.567463 0.018530 0.024596
0 0.167078 0.533732 0.017912 0.018974
0 0.185300 0.551651 0.016059 0.022488
0 0.200432 0.562544 0.014206 0.023190
0 0.222668 0.559733 0.021618 0.026001
0 0.114577 0.488756 0.015442 0.017569
0 0.034898 0.481026 0.016677 0.017569
0 0.063928 0.472242 0.020383 0.019677
0 0.098826 0.470134 0.017295 0.022488
0 0.065473 0.452916 0.017295 0.020379
0 0.109327 0.453268 0.016059 0.019677
0 0.021309 0.419536 0.016677 0.021082
0 0.077208 0.417779 0.017295 0.018974
0 0.112724 0.370344 0.016677 0.021082
0 0.156269 0.378426 0.014824 0.021785
0 0.018530 0.343640 0.018530 0.025299
0 0.085238 0.306395 0.022236 0.025299
0 0.041075 0.296557 0.019148 0.029515
0 0.154416 0.330991 0.013589 0.026704
0 0.018221 0.230148 0.019148 0.020379
0 0.018530 0.254743 0.012353 0.021785
0 0.006485 0.250527 0.010500 0.026001
0 0.145460 0.465566 0.020383 0.018974
0 0.203212 0.469079 0.023471 0.024596
0 0.212477 0.445186 0.022236 0.021785
0 0.215874 0.041110 0.020383 0.031623
0 0.247993 0.032326 0.016677 0.023893
0 0.270537 0.079761 0.014824 0.017569
0 0.293082 0.104006 0.014206 0.014055
0 0.341878 0.067112 0.016677 0.020379
0 0.330142 0.080815 0.021618 0.021082
0 0.310994 0.028461 0.019148 0.021785
0 0.294317 0.015460 0.016677 0.018271
0 0.390364 0.058327 0.024707 0.026704
0 0.408894 0.063949 0.012353 0.023893
0 0.421557 0.046732 0.017912 0.016163
0 0.482088 0.074139 0.020383 0.021785
0 0.515750 0.068166 0.011118 0.019677
0 0.528413 0.141602 0.021618 0.018974
0 0.192712 0.952565 0.022236 0.023190
0 0.218345 0.938862 0.020383 0.019677
0 0.237801 0.978215 0.023471 0.018271
0 0.167696 0.922699 0.019148 0.026704
0 0.260346 0.828531 0.020383 0.023893
0 0.265287 0.865777 0.019148 0.018271
0 0.287832 0.895643 0.018530 0.016163
0 0.296479 0.853479 0.014824 0.021785
0 0.334466 0.858749 0.021618 0.019677
0 0.319333 0.908292 0.014824 0.017569
0 0.338481 0.902319 0.017295 0.016866
0 0.336319 0.919888 0.020383 0.018271
0 0.363187 0.903725 0.017295 0.019677
0 0.378320 0.914266 0.027795 0.028110
0 0.265287 0.680604 0.019148 0.021785
0 0.289067 0.682361 0.017295 0.023893
0 0.316245 0.703092 0.017295 0.018974
0 0.356084 0.681307 0.022854 0.023190
0 0.313465 0.682713 0.020383 0.023190
0 0.297715 0.661279 0.030883 0.018271
0 0.408586 0.626142 0.024089 0.025299
0 0.424954 0.559030 0.018530 0.021785
0 0.437307 0.537597 0.018530 0.018271
0 0.474058 0.527758 0.017912 0.016866
0 0.498765 0.524947 0.017912 0.018271
0 0.455528 0.510541 0.017912 0.020379
0 0.425571 0.497892 0.023471 0.020379
0 0.397776 0.497189 0.017295 0.021785
0 0.449969 0.487351 0.020383 0.026001
0 0.375849 0.559382 0.017912 0.019677
0 0.326745 0.427969 0.019765 0.016866
0 0.317789 0.445889 0.017912 0.017569
0 0.343113 0.402670 0.014206 0.016866
0 0.331686 0.395643 0.014824 0.018271
0 0.299876 0.398454 0.015442 0.022488
0 0.274243 0.417077 0.024707 0.023190
0 0.251699 0.425861 0.019148 0.018271
0 0.232860 0.432186 0.021001 0.022488
0 0.271155 0.527407 0.018530 0.017569
0 0.279802 0.486297 0.017295 0.019677
0 0.243360 0.485594 0.012353 0.019677
0 0.138357 0.234715 0.019765 0.023893
0 0.162137 0.217850 0.016677 0.018271
0 0.190859 0.268096 0.016059 0.021785
0 0.183138 0.290232 0.020383 0.023893
0 0.218345 0.313774 0.017912 0.018974
0 0.195491 0.314476 0.017912 0.020379
0 0.197035 0.299368 0.011118 0.014055
0 0.138975 0.277934 0.017295 0.018974
0 0.154107 0.262825 0.022854 0.018271
0 0.163372 0.251581 0.011736 0.012649
0 0.193329 0.214687 0.019765 0.026001
0 0.218345 0.180956 0.025324 0.028812
0 0.192712 0.173226 0.029648 0.023190
0 0.161211 0.156711 0.019765 0.025299
0 0.256331 0.207660 0.016059 0.017569
0 0.322112 0.153549 0.019148 0.020379
0 0.366893 0.166198 0.017295 0.016163
0 0.806671 0.086437 0.018530 0.022488
0 0.823348 0.104006 0.019765 0.022488
0 0.871834 0.007027 0.017912 0.011244
0 0.920939 0.126142 0.011118 0.018974
0 0.933910 0.130007 0.012353 0.015460
0 0.847128 0.177091 0.019148 0.025299
0 0.847437 0.153900 0.012353 0.019677
0 0.800185 0.167252 0.017912 0.021082
0 0.810994 0.185172 0.013589 0.013352
0 0.777949 0.228742 0.019148 0.020379
0 0.800185 0.211876 0.014206 0.016163
0 0.828598 0.252284 0.019148 0.019677
0 0.827671 0.200632 0.021001 0.020379
0 0.826745 0.219255 0.016677 0.016866
0 0.802965 0.257203 0.018530 0.018271
0 0.803582 0.299368 0.012353 0.015460
0 0.823348 0.313071 0.018530 0.017569
0 0.753552 0.290232 0.016059 0.021082
0 0.733477 0.294448 0.016677 0.018271
0 0.737801 0.269150 0.020383 0.022488
0 0.759419 0.093113 0.019148 0.024596
0 0.747684 0.114898 0.017912 0.021785
0 0.730698 0.121926 0.016059 0.018974
0 0.718036 0.108925 0.016677 0.018271
0 0.765596 0.151792 0.014206 0.018271
0 0.570414 0.013001 0.021618 0.020379
0 0.587708 0.022488 0.016677 0.016866
0 0.582458 0.036894 0.016059 0.013352
0 0.572884 0.049895 0.019148 0.018271
0 0.555899 0.047786 0.019765 0.019677
0 0.508956 0.014055 0.017295 0.018271
0 0.489809 0.046732 0.021001 0.017569
0 0.481779 0.031975 0.016059 0.013352
0 0.602841 0.086437 0.019765 0.021082
0 0.625695 0.052354 0.018530 0.016163
0 0.630327 0.099438 0.030266 0.024596
0 0.666461 0.137386 0.018530 0.018974
0 0.636813 0.136332 0.021001 0.021082
0 0.597591 0.120871 0.017912 0.019677
0 0.613959 0.139845 0.021001 0.016866
0 0.663990 0.169712 0.019765 0.021785
0 0.641754 0.161630 0.022236 0.025299
0 0.684373 0.128250 0.019765 0.021785
0 0.697035 0.184118 0.021618 0.023893
0 0.674182 0.233661 0.021618 0.021785
0 0.636813 0.224174 0.014824 0.023893
0 0.550649 0.435699 0.019148 0.022488
0 0.570105 0.436402 0.019765 0.022488
0 0.571958 0.403022 0.017295 0.020379
0 0.532736 0.414617 0.016677 0.019677
0 0.520692 0.447294 0.021001 0.018974
0 0.486103 0.418833 0.016059 0.021082
0 0.464793 0.438510 0.021618 0.025299
0 0.460778 0.394589 0.023471 0.020379
0 0.547560 0.369993 0.021618 0.016163
0 0.559914 0.360857 0.017912 0.016163
0 0.556825 0.344694 0.019148 0.020379
0 0.548178 0.330288 0.017912 0.021082
0 0.508338 0.334856 0.018530 0.021785
0 0.461087 0.355235 0.020383 0.018974
0 0.436998 0.361911 0.016677 0.016866
0 0.487647 0.293043 0.020383 0.019677
0 0.442557 0.336613 0.016677 0.021082
0 0.445028 0.303233 0.017912 0.020379
0 0.407041 0.313071 0.017295 0.014758
0 0.904262 0.249824 0.014824 0.017569
0 0.969426 0.303935 0.011736 0.011947
0 0.957999 0.320450 0.018530 0.014055
0 0.933601 0.440618 0.026560 0.023893
0 0.949969 0.397048 0.018530 0.015460
0 0.945954 0.482431 0.020383 0.020379
0 0.971279 0.479269 0.022854 0.018271
0 0.924645 0.490162 0.021001 0.020379
0 0.915380 0.536543 0.027177 0.026001
0 0.957072 0.630710 0.017912 0.020379
0 0.982088 0.614898 0.018530 0.018271
0 0.941939 0.656360 0.016059 0.016866
0 0.961705 0.700984 0.021001 0.023190
0 0.926498 0.676739 0.025942 0.025299
0 0.903027 0.688335 0.022236 0.017569
0 0.903953 0.706957 0.016677 0.014055
0 0.962940 0.754041 0.022236 0.022488
0 0.981779 0.743851 0.015442 0.018974
0 0.906733 0.755446 0.019765 0.021082
0 0.904571 0.807449 0.017912 0.025299
0 0.932057 0.823963 0.024707 0.024596
0 0.954293 0.826774 0.021001 0.026001
0 0.939469 0.847857 0.021001 0.020379
0 0.892217 0.830288 0.015442 0.023190
0 0.880173 0.855235 0.021001 0.022488
0 0.852996 0.807800 0.022236 0.023190
0 0.990735 0.929023 0.017295 0.019677
0 0.933292 0.959944 0.022236 0.022488
0 0.917851 0.938510 0.018530 0.018974
0 0.916306 0.918482 0.016677 0.019677
0 0.878320 0.954673 0.023471 0.014758
0 0.886350 0.930780 0.025942 0.026001
0 0.887276 0.906887 0.021618 0.018974
0 0.831995 0.954322 0.023471 0.021082
0 0.707536 0.965214 0.020383 0.023190
0 0.736566 0.939213 0.021618 0.016163
0 0.585547 0.978215 0.022236 0.025299
0 0.612106 0.990864 0.014824 0.016866
0 0.638666 0.977864 0.009883 0.014758
0 0.652254 0.978215 0.017295 0.016866
0 0.634342 0.935348 0.018530 0.022488
0 0.617974 0.936753 0.015442 0.023893
0 0.629092 0.914617 0.022854 0.021785
0 0.659975 0.886156 0.021618 0.019677
0 0.577517 0.921644 0.019765 0.027407
0 0.555899 0.938862 0.024707 0.016866
0 0.615812 0.840478 0.021001 0.028110
0 0.563002 0.851019 0.019148 0.022488
0 0.546943 0.888264 0.022854 0.019677
0 0.552502 0.868587 0.019148 0.021082
0 0.526868 0.856290 0.017295 0.020379
0 0.491353 0.861560 0.016677 0.018271
0 0.507412 0.856992 0.020383 0.018974
0 0.516986 0.827126 0.019765 0.019677
0 0.545707 0.819396 0.020383 0.022488
0 0.565164 0.824315 0.018530 0.021082
0 0.519456 0.806044 0.018530 0.019677
0 0.579679 0.792340 0.022854 0.026001
0 0.593885 0.808152 0.017912 0.018271
0 0.554046 0.778988 0.014824 0.018974
0 0.505250 0.764230 0.013589 0.020379
0 0.491662 0.764230 0.016059 0.020379
0 0.485794 0.794448 0.020383 0.017569
0 0.471279 0.815882 0.018530 0.022488
0 0.469734 0.767041 0.017912 0.020379
0 0.747684 0.873155 0.020383 0.020379
0 0.754478 0.910049 0.017912 0.021082
0 0.775170 0.880534 0.014824 0.018271
0 0.786597 0.878074 0.011736 0.024596
0 0.782582 0.898103 0.017295 0.019677
0 0.796788 0.890021 0.012353 0.020379
0 0.766214 0.894238 0.015442 0.021785
0 0.731316 0.910752 0.007412 0.011244
0 0.720815 0.910049 0.013589 0.014055
0 0.801729 0.838018 0.018530 0.023190
0 0.706609 0.849613 0.018530 0.021082
0 0.712786 0.838721 0.019765 0.016163
0 0.717727 0.883696 0.019765 0.017569
0 0.807597 0.931131 0.022854 0.015460
0 0.682520 0.796205 0.019765 0.023893
0 0.721124 0.756500 0.017912 0.021785
0 0.741507 0.747365 0.017912 0.020379
0 0.753552 0.761420 0.017295 0.017569
0 0.762199 0.742094 0.017295 0.021082
0 0.783817 0.742797 0.016059 0.025299
0 0.798023 0.754392 0.021001 0.021785
0 0.782273 0.652846 0.020383 0.019677
0 0.777023 0.683415 0.018530 0.020379
0 0.789685 0.665495 0.025324 0.016866
0 0.802965 0.644062 0.021001 0.023190
0 0.835701 0.702038 0.014824 0.025299
0 0.868437 0.618060 0.023471 0.021785
0 0.784435 0.517920 0.025942 0.022488
0 0.810377 0.514406 0.022236 0.022488
0 0.817171 0.494378 0.017295 0.023190
0 0.842495 0.504919 0.018530 0.021785
0 0.858555 0.514758 0.017295 0.020379
0 0.878629 0.504568 0.019148 0.019677
0 0.848981 0.469079 0.019148 0.018974
0 0.862569 0.403373 0.022854 0.022488
0 0.857937 0.429726 0.017295 0.020379
0 0.750463 0.418131 0.019765 0.029515
0 0.752007 0.384048 0.020383 0.017569
0 0.791538 0.338370 0.019148 0.023190
0 0.770846 0.346803 0.018530 0.018974
0 0.749228 0.352776 0.017295 0.021082
0 0.773008 0.316585 0.017912 0.031623
0 0.902409 0.358749 0.014824 0.011947
0 0.720815 0.687983 0.021001 0.019677
0 0.764052 0.703795 0.019765 0.017569
0 0.741198 0.683767 0.014824 0.016866
0 0.682520 0.706606 0.016059 0.018974
0 0.686226 0.689037 0.022236 0.016163
0 0.676343 0.734364 0.016059 0.019677
0 0.615195 0.727337 0.018530 0.019677
0 0.736875 0.609276 0.016059 0.018271
0 0.751699 0.619115 0.018530 0.022488
0 0.747375 0.560436 0.021001 0.024596
0 0.763125 0.531623 0.017912 0.020379
0 0.778567 0.540408 0.016677 0.016866
0 0.796479 0.547786 0.019148 0.018974
0 0.708771 0.543921 0.022854 0.021082
0 0.705991 0.582572 0.030883 0.025299
0 0.731007 0.578356 0.017912 0.021082
0 0.672637 0.576599 0.022236 0.023190
0 0.685917 0.559733 0.017912 0.031623
0 0.649784 0.572382 0.022236 0.021785
0 0.570723 0.215741 0.016059 0.025299
0 0.559605 0.236472 0.019765 0.018974
0 0.553737 0.253689 0.017912 0.019677
0 0.604694 0.239986 0.017295 0.018974
0 0.616739 0.228391 0.015442 0.018271
0 0.532736 0.250878 0.019148 0.021082
0 0.510191 0.243851 0.017295 0.029515
0 0.573193 0.261771 0.016059 0.028812
0 0.513589 0.197822 0.012971 0.018974
0 0.556208 0.200632 0.015442 0.023190
0 0.501235 0.163739 0.021618 0.023893
0 0.492279 0.186226 0.013589 0.019677
0 0.479617 0.241040 0.022854 0.023893
0 0.436998 0.153197 0.025324 0.019677
0 0.458925 0.161982 0.017295 0.023190
0 0.474985 0.166901 0.012353 0.021785
0 0.441631 0.201687 0.016059 0.023893
0 0.419704 0.198524 0.017912 0.009136
0 0.373070 0.208011 0.019765 0.018271
0 0.389129 0.228742 0.017295 0.021785
0 0.388820 0.304287 0.016677 0.019677
0 0.378320 0.329234 0.022854 0.023190
0 0.361334 0.312368 0.024707 0.024596
0 0.340642 0.336964 0.017912 0.018974
0 0.330760 0.292691 0.015442 0.024596
0 0.346201 0.297259 0.016677 0.021082
0 0.298023 0.327829 0.020383 0.021785
0 0.271155 0.319747 0.022236 0.018271
0 0.277641 0.342586 0.017912 0.018974
0 0.329833 0.263176 0.023471 0.018974
0 0.370908 0.273717 0.016677 0.020379
0 0.428968 0.309206 0.015442 0.023893
0 0.462631 0.297611 0.017295 0.016163
0 0.318715 0.185875 0.014824 0.017569
0 0.344966 0.208011 0.012971 0.022488
0 0.284435 0.276177 0.017912 0.025299
0 0.282582 0.251933 0.016677 0.017569
0 0.712168 0.478215 0.019765 0.021785
0 0.731624 0.468377 0.020383 0.021785
0 0.733169 0.494027 0.016059 0.021082
0 0.732860 0.522488 0.019148 0.021785
0 0.686844 0.490864 0.016059 0.016163
0 0.681594 0.477864 0.020383 0.016866
0 0.637431 0.457484 0.018530 0.019677
0 0.634342 0.481377 0.016059 0.021082
0 0.667696 0.523190 0.016059 0.018974
0 0.653181 0.516163 0.025324 0.013352
0 0.618901 0.455025 0.021001 0.023190
0 0.594812 0.471188 0.024707 0.028812
0 0.577208 0.516866 0.021618 0.016163
0 0.607783 0.544624 0.016059 0.022488
0 0.621062 0.555517 0.021618 0.026001
0 0.598209 0.593816 0.014206 0.022488
0 0.585238 0.566409 0.021618 0.025299
0 0.562384 0.569220 0.017912 0.018271
0 0.560222 0.548138 0.021001 0.014055
0 0.543854 0.591356 0.020383 0.020379
0 0.627548 0.598735 0.021001 0.023893
0 0.637122 0.666901 0.025324 0.023893
0 0.651328 0.639143 0.009265 0.026001
0 0.606547 0.667955 0.018530 0.018974
0 0.620445 0.646521 0.010500 0.012649
0 0.586473 0.740689 0.021618 0.021082
0 0.572884 0.722769 0.020383 0.018974
0 0.531501 0.636683 0.027795 0.021082
0 0.515750 0.668658 0.017295 0.017569
0 0.528413 0.703092 0.017912 0.021785
0 0.477455 0.650035 0.019765 0.019677
0 0.491970 0.621223 0.020383 0.019677
0 0.521618 0.615601 0.020383 0.021082
0 0.572267 0.619115 0.016677 0.014055
0 0.561149 0.605060 0.021618 0.016866
0 0.474367 0.719606 0.016059 0.023893
0 0.459852 0.726283 0.016677 0.021785
0 0.433910 0.681658 0.020383 0.021082
0 0.415998 0.664090 0.022854 0.019677
0 0.395306 0.655306 0.017295 0.017569
0 0.389747 0.695713 0.019765 0.021082
0 0.434527 0.733661 0.020383 0.026704
0 0.443792 0.764582 0.017912 0.022488
0 0.414145 0.742094 0.021618 0.023893
0 0.439469 0.033029 0.016677 0.016866
0 0.407659 0.100843 0.016059 0.017569
0 0.376158 0.116304 0.018530 0.016163
0 0.276714 0.023542 0.016059 0.010541
0 0.278258 0.129304 0.014206 0.022488
0 0.201977 0.110682 0.021001 0.021785
0 0.277949 0.186929 0.014824 0.018271
0 0.343731 0.158819 0.016677 0.021082
0 0.327980 0.171117 0.018530 0.017569
0 0.346201 0.181307 0.016677 0.016866
0 0.229154 0.343992 0.019765 0.030218
0 0.219580 0.368939 0.020383 0.021082
0 0.244904 0.394238 0.012971 0.018271
0 0.281655 0.384751 0.013589 0.013352
0 0.018839 0.869642 0.015442 0.018974
0 0.021927 0.853830 0.014206 0.018271
0 0.041384 0.838370 0.016059 0.028110
0 0.006485 0.943781 0.011736 0.022488
0 0.165843 0.855587 0.019148 0.017569
0 0.224212 0.896346 0.022236 0.014758
0 0.349290 0.961349 0.027795 0.026704
0 0.444719 0.910049 0.022236 0.018271
0 0.503397 0.896697 0.013589 0.016866
0 0.467881 0.862263 0.016677 0.019677
0 0.445028 0.844694 0.015442 0.016866
0 0.386350 0.807098 0.021618 0.020379
0 0.415689 0.811665 0.019765 0.018271
0 0.393762 0.789529 0.014206 0.018974
0 0.365349 0.768096 0.020383 0.019677
0 0.374923 0.788124 0.019765 0.018974
0 0.332613 0.833450 0.020383 0.016866
0 0.285670 0.782502 0.026560 0.027407
0 0.276405 0.809557 0.022854 0.021082
0 0.280729 0.875966 0.021618 0.027407
0 0.445337 0.880534 0.017295 0.018271
0 0.491044 0.839424 0.022236 0.021785
0 0.701668 0.865777 0.017295 0.016866
0 0.688388 0.848911 0.012971 0.025299
0 0.441631 0.635980 0.021001 0.025299
0 0.351452 0.652495 0.022236 0.021785
0 0.367511 0.663387 0.016059 0.016866
0 0.306671 0.641954 0.017912 0.020379
0 0.235639 0.620871 0.024089 0.021785
0 0.213403 0.633521 0.017912 0.021785
0 0.240889 0.652846 0.016059 0.019677
0 0.254787 0.642305 0.020383 0.014055
0 0.152254 0.635629 0.015442 0.018974
0 0.399629 0.722417 0.023471 0.022488
0 0.365658 0.634223 0.013589 0.017569
0 0.852687 0.710119 0.022854 0.023190
0 0.846819 0.645116 0.019765 0.021082
0 0.690550 0.306746 0.017295 0.026001
0 0.693329 0.324315 0.021618 0.023190
0 0.712477 0.333802 0.019148 0.019677
0 0.622915 0.335910 0.022854 0.026704
0 0.597591 0.311314 0.016677 0.026704
0 0.575664 0.296908 0.021001 0.026001
0 0.591414 0.390724 0.016677 0.019677
0 0.589253 0.362263 0.016059 0.017569
0 0.705683 0.359452 0.019148 0.016163
0 0.699815 0.368939 0.021001 0.018271
0 0.836319 0.338721 0.013589 0.018271
0 0.903335 0.580464 0.014206 0.019677
0 0.960469 0.570274 0.017295 0.016163
0 0.987029 0.518974 0.019765 0.016163
0 0.389129 0.392832 0.016059 0.025299
0 0.405497 0.381940 0.019148 0.038651
0 0.417233 0.405481 0.020383 0.025299
0 0.516986 0.425509 0.016059 0.020379
0 0.518839 0.398805 0.016059 0.014758
0 0.525633 0.370344 0.014824 0.014055
0 0.056208 0.244905 0.016059 0.020379
0 0.044781 0.264933 0.017912 0.018271
0 0.038913 0.167955 0.021001 0.022488
0 0.051266 0.178145 0.014824 0.018974
0 0.088326 0.174982 0.017295 0.021082
0 0.084311 0.127547 0.012971 0.018974
0 0.148857 0.193254 0.019765 0.018271
0 0.054355 0.131764 0.017295 0.017569
0 0.091723 0.395292 0.017912 0.021785
0 0.111489 0.408995 0.021618 0.014055
0 0.144842 0.400914 0.016677 0.016163
0 0.173255 0.400562 0.015442 0.033732
0 0.445645 0.435699 0.016677 0.019677
0 0.372143 0.415320 0.020383 0.015460
0 0.652563 0.242797 0.015442 0.014758
0 0.129710 0.358398 0.017295 0.022488
0 0.145151 0.354884 0.012353 0.016866
0 0.267449 0.065004 0.013589 0.014758
0 0.232242 0.385805 0.014824 0.016866
0 0.201359 0.382642 0.011118 0.014758
0 0.189623 0.387561 0.008647 0.020379
0 0.008956 0.398103 0.010500 0.014758
0 0.244287 0.565004 0.016677 0.019677
0 0.061149 0.689037 0.009883 0.013352
0 0.185300 0.638440 0.013589 0.034434
0 0.231316 0.696767 0.014206 0.016163
0 0.160593 0.680604 0.012353 0.016163
0 0.134960 0.654603 0.011736 0.013352
0 0.482705 0.913212 0.016677 0.021785
0 0.448116 0.827126 0.019148 0.015460
0 0.334157 0.981729 0.030883 0.012649
0 0.316245 0.992621 0.027177 0.013352
0 1.069487 0.523893 0.009265 0.006325
0 0.965720 0.504216 0.015442 0.014758
0 0.493823 0.509838 0.021618 0.020379
0 0.500309 0.382291 0.013589 0.019677
0 0.489809 0.399157 0.017295 0.016866
0 0.545707 0.402319 0.016677 0.013352
0 0.495059 0.356641 0.012971 0.013352
0 0.489809 0.729093 0.017295 0.021785
0 0.830451 0.796205 0.014206 0.016866
0 0.819333 0.817990 0.011736 0.016866
0 0.827980 0.865425 0.012971 0.017569
0 0.821804 0.851722 0.014206 0.019677
0 0.440395 0.568517 0.017295 0.014055
0 0.755713 0.649684 0.016677 0.020379
0 0.791538 0.598384 0.015442 0.020379
0 0.917233 0.646170 0.012353 0.021785
0 0.841878 0.672523 0.011118 0.023893
0 0.869673 0.658468 0.017295 0.018271
0 0.989500 0.339072 0.016059 0.017569
0 0.918777 0.307098 0.015442 0.008433
0 0.985485 0.150035 0.015442 0.014758
0 0.930204 0.237526 0.022236 0.011244
0 0.866893 0.315882 0.016677 0.018974
0 0.647313 0.537597 0.013589 0.015460
0 0.809141 0.669712 0.017295 0.021082
0 0.770537 0.857344 0.015442 0.016866
0 0.680358 0.882994 0.014206 0.018974
0 0.381717 0.493675 0.012353 0.013352
0 0.370599 0.537948 0.011118 0.014758
0 0.391291 0.534083 0.010500 0.009838
0 0.406115 0.555517 0.015442 0.017569
0 0.712168 0.221363 0.024707 0.022488
0 0.694256 0.237175 0.014824 0.024596
0 0.663990 0.196416 0.016059 0.016163
0 0.651328 0.206606 0.012971 0.014055
0 0.674490 0.209768 0.011118 0.013352
0 0.716492 0.141251 0.016059 0.014055
0 0.787832 0.113493 0.010500 0.014758
0 0.554046 0.167955 0.014824 0.016866
0 0.604694 0.212579 0.021001 0.016163
0 0.630945 0.263176 0.021618 0.024596
0 0.710933 0.316585 0.012353 0.013352
0 0.446881 0.614195 0.021618 0.019677
0 0.546016 0.538651 0.012353 0.017569
0 0.555899 0.528812 0.017295 0.013352
0 0.529339 0.556219 0.017295 0.018974
0 0.537369 0.572382 0.017295 0.017569
0 0.436998 0.468025 0.021618 0.025299
0 0.333230 0.229796 0.017912 0.021082
0 0.395923 0.276880 0.017295 0.015460
0 0.696726 0.778988 0.022236 0.017569
0 0.712786 0.779339 0.013589 0.022488
0 0.753860 0.230499 0.012971 0.021082
0 0.617356 0.174631 0.024089 0.017569
0 0.917542 0.109628 0.011736 0.014055
0 0.102532 0.283204 0.013589 0.021082
0 0.188388 0.007730 0.012353 0.012649
0 0.394379 0.680253 0.016677 0.012649
0 0.336010 0.679199 0.012353 0.013352
0 0.599444 0.917779 0.014206 0.016866
1 0.266523 0.138089 0.011736 0.014758
1 0.216492 0.145116 0.009265 0.013352
1 0.211242 0.262825 0.008647 0.012649
1 0.238110 0.258609 0.011736 0.012649
1 0.130019 0.070625 0.009265 0.016163
1 0.149166 0.076950 0.014206 0.013352
1 0.249537 0.533732 0.009883 0.009136
1 0.234404 0.538651 0.008030 0.007730
1 0.863805 0.146521 0.014206 0.016163
1 0.908277 0.174982 0.011736 0.015460
1 0.974367 0.674631 0.014206 0.012649
1 0.937616 0.640900 0.017295 0.015460
1 0.783817 0.938862 0.009883 0.009838
1 0.765596 0.933591 0.014206 0.010541
1 0.680358 0.821504 0.014206 0.015460
1 0.733477 0.838370 0.011736 0.014055
1 0.750772 0.942024 0.011736 0.006325
1 0.457381 0.784259 0.016677 0.018271
1 0.627239 0.754743 0.014206 0.016866
1 0.186226 0.351722 0.019148 0.013352
1 0.301112 0.356641 0.010500 0.009136
1 0.180976 0.716444 0.017295 0.014758
1 0.168623 0.736121 0.011118 0.009136
1 0.148240 0.751230 0.021001 0.012649
1 0.512662 0.957133 0.009883 0.012649
1 0.408586 0.929726 0.008030 0.009838
1 0.672020 0.432537 0.011118 0.010541
1 0.500926 0.458187 0.012353 0.007027
1 0.484250 0.454322 0.014824 0.013352
1 0.780111 0.589248 0.012353 0.009136
1 0.844966 0.605762 0.007412 0.016866
1 0.612724 0.351722 0.012353 0.013352
1 0.587708 0.286718 0.009265 0.018271
