1 0.135714 0.576539 0.035714 0.031614
1 0.144643 0.534942 0.039286 0.028286
1 0.081250 0.554908 0.033929 0.028286
1 0.137500 0.609817 0.042857 0.028286
1 0.150000 0.664725 0.032143 0.038270
1 0.198214 0.668885 0.042857 0.029950
1 0.143750 0.367720 0.033929 0.036606
1 0.111607 0.386855 0.026786 0.028286
1 0.142857 0.295341 0.028571 0.028286
1 0.033929 0.123128 0.042857 0.029950
1 0.117857 0.068220 0.035714 0.029950
1 0.066071 0.316140 0.028571 0.036606
1 0.139286 0.166389 0.035714 0.026622
1 0.185714 0.311980 0.039286 0.031614
1 0.070536 0.376040 0.033929 0.029950
1 0.129464 0.330283 0.026786 0.031614
1 0.036607 0.346090 0.030357 0.036606
1 0.038393 0.382696 0.030357 0.029950
1 0.142857 0.202163 0.028571 0.024958
1 0.040179 0.498336 0.033929 0.028286
1 0.029464 0.536606 0.030357 0.028286
1 0.041071 0.599002 0.042857 0.026622
1 0.024107 0.742097 0.033929 0.026622
1 0.061607 0.716306 0.037500 0.028286
1 0.054464 0.772047 0.030357 0.039933
1 0.096429 0.728785 0.035714 0.029950
1 0.050000 0.572379 0.042857 0.029950
1 0.175000 0.724626 0.032143 0.031614
1 0.033929 0.949251 0.035714 0.031614
1 0.144643 0.979201 0.042857 0.024958
1 0.148214 0.846922 0.032143 0.026622
1 0.169643 0.762063 0.042857 0.029950
1 0.173214 0.951747 0.035714 0.029950
1 0.056250 0.980865 0.037500 0.024958
1 0.610714 0.108153 0.032143 0.036606
1 0.658036 0.149750 0.030357 0.029950
1 0.640179 0.210483 0.033929 0.031614
1 0.585714 0.227953 0.035714 0.026622
1 0.735714 0.075707 0.035714 0.034942
1 0.716071 0.178869 0.046429 0.034942
1 0.737500 0.144759 0.035714 0.029950
1 0.689286 0.250416 0.035714 0.024958
1 0.630357 0.317804 0.035714 0.029950
1 0.605357 0.204659 0.032143 0.029950
1 0.725000 0.245424 0.028571 0.031614
1 0.747321 0.214642 0.037500 0.029950
1 0.745536 0.274542 0.037500 0.026622
1 0.764286 0.181364 0.028571 0.026622
1 0.800893 0.173045 0.033929 0.029950
1 0.813393 0.039933 0.041071 0.029950
1 0.773214 0.087354 0.032143 0.028286
1 0.652679 0.107321 0.037500 0.038270
1 0.189286 0.509983 0.032143 0.031614
1 0.275893 0.468386 0.030357 0.034942
1 0.316964 0.488353 0.033929 0.038270
1 0.325000 0.363561 0.032143 0.028286
1 0.316964 0.286190 0.030357 0.033278
1 0.316964 0.329451 0.030357 0.029950
1 0.389286 0.430948 0.025000 0.039933
1 0.441964 0.448419 0.037500 0.031614
1 0.315179 0.618968 0.033929 0.039933
1 0.288393 0.543261 0.026786 0.038270
1 0.384821 0.529118 0.030357 0.026622
1 0.217857 0.534110 0.028571 0.033278
1 0.257143 0.370216 0.032143 0.028286
1 0.237500 0.257072 0.028571 0.031614
1 0.245536 0.417637 0.023214 0.029950
1 0.300893 0.712146 0.041071 0.033278
1 0.405357 0.468386 0.032143 0.031614
1 0.391071 0.359401 0.032143 0.023295
1 0.351786 0.338602 0.028571 0.024958
1 0.307143 0.406822 0.032143 0.034942
1 0.329464 0.439268 0.030357 0.036606
1 0.193750 0.274542 0.026786 0.036606
1 0.259821 0.334443 0.026786 0.036606
1 0.411607 0.321963 0.037500 0.021631
1 0.435714 0.361065 0.035714 0.036606
1 0.491071 0.287022 0.028571 0.041597
1 0.699107 0.359401 0.030357 0.029950
1 0.615179 0.346922 0.026786 0.034942
1 0.548214 0.360233 0.028571 0.031614
1 0.475000 0.410982 0.028571 0.036606
1 0.607143 0.391015 0.032143 0.026622
1 0.671429 0.415141 0.032143 0.031614
1 0.822321 0.301165 0.030357 0.029950
1 0.779464 0.302829 0.033929 0.023295
1 0.759821 0.337770 0.037500 0.029950
1 0.795536 0.373544 0.030357 0.034942
1 0.744643 0.419301 0.028571 0.026622
1 0.733929 0.458403 0.028571 0.034942
1 0.576786 0.467554 0.035714 0.029950
1 0.583929 0.505824 0.028571 0.033278
1 0.511607 0.494176 0.030357 0.033278
1 0.449107 0.483361 0.030357 0.034942
1 0.434821 0.416805 0.037500 0.034942
1 0.454464 0.311148 0.037500 0.029950
1 0.712500 0.417637 0.028571 0.033278
1 0.759821 0.387687 0.030357 0.033278
1 0.863393 0.268719 0.033929 0.031614
1 0.857143 0.304493 0.032143 0.026622
1 0.907143 0.304493 0.035714 0.026622
1 0.900000 0.265391 0.025000 0.034942
1 0.450000 0.594010 0.028571 0.033278
1 0.487500 0.596506 0.035714 0.031614
1 0.401786 0.667221 0.046429 0.026622
1 0.475893 0.637271 0.026786 0.026622
1 0.471429 0.716306 0.028571 0.028286
1 0.405357 0.739601 0.028571 0.028286
1 0.598214 0.624792 0.035714 0.028286
1 0.611607 0.585691 0.037500 0.036606
1 0.617857 0.517471 0.035714 0.023295
1 0.562500 0.569884 0.035714 0.034942
1 0.547321 0.608153 0.041071 0.028286
1 0.548214 0.522463 0.039286 0.029950
1 0.663393 0.585691 0.023214 0.033278
1 0.695536 0.572379 0.026786 0.039933
1 0.719643 0.534110 0.028571 0.029950
1 0.588393 0.787854 0.037500 0.028286
1 0.617857 0.480033 0.032143 0.031614
1 0.601786 0.547421 0.028571 0.029950
1 0.560714 0.651414 0.028571 0.031614
1 0.659821 0.352745 0.037500 0.036606
1 0.691071 0.463394 0.035714 0.028286
1 0.719643 0.500000 0.032143 0.024958
1 0.715179 0.759567 0.037500 0.031614
1 0.671429 0.751248 0.032143 0.031614
1 0.629464 0.747920 0.033929 0.031614
1 0.586607 0.730449 0.026786 0.026622
1 0.518750 0.369384 0.030357 0.033278
1 0.344643 0.199667 0.046429 0.029950
1 0.300000 0.184692 0.032143 0.029950
1 0.376786 0.093178 0.035714 0.036606
1 0.822321 0.119800 0.041071 0.033278
1 0.875893 0.157238 0.030357 0.041597
1 0.857143 0.218802 0.032143 0.028286
1 0.812500 0.247920 0.032143 0.033278
1 0.778571 0.236273 0.028571 0.036606
1 0.885714 0.114809 0.035714 0.029950
1 0.777679 0.018303 0.037500 0.033278
1 0.914286 0.036606 0.032143 0.033278
1 0.931250 0.223794 0.037500 0.028286
1 0.941071 0.178869 0.032143 0.028286
1 0.939286 0.346922 0.028571 0.034942
1 0.940179 0.268719 0.033929 0.031614
1 0.983929 0.275374 0.028571 0.041597
1 0.707143 0.918469 0.042857 0.033278
1 0.762500 0.803661 0.046429 0.029950
1 0.796429 0.686356 0.035714 0.024958
1 0.579464 0.911814 0.037500 0.033278
1 0.669643 0.964226 0.042857 0.028286
1 0.791071 0.944260 0.042857 0.028286
1 0.867857 0.688020 0.028571 0.034942
1 0.258929 0.757072 0.032143 0.033278
1 0.252679 0.981697 0.026786 0.029950
1 0.308036 0.980865 0.030357 0.028286
1 0.344643 0.892679 0.025000 0.024958
1 0.388393 0.910150 0.037500 0.026622
1 0.456250 0.944260 0.037500 0.031614
1 0.420536 0.809484 0.026786 0.038270
1 0.291071 0.807820 0.035714 0.044925
1 0.475000 0.850250 0.028571 0.036606
1 0.508929 0.861897 0.032143 0.026622
1 0.452679 0.905990 0.041071 0.034942
1 0.330357 0.734609 0.053571 0.028286
1 0.203571 0.752080 0.025000 0.029950
1 0.845536 0.147255 0.026786 0.024958
1 0.889286 0.202995 0.025000 0.046589
1 0.480357 0.240433 0.028571 0.031614
1 0.541071 0.780366 0.035714 0.029950
1 0.565179 0.689684 0.037500 0.031614
1 0.632143 0.797837 0.032143 0.028286
1 0.887500 0.953411 0.032143 0.026622
1 0.821429 0.725458 0.028571 0.033278
1 0.739286 0.837770 0.042857 0.031614
1 0.627679 0.829451 0.058929 0.034942
1 0.654464 0.722130 0.026786 0.029950
1 0.790179 0.780366 0.033929 0.033278
1 0.684821 0.686356 0.044643 0.028286
1 0.417857 0.692180 0.046429 0.023295
1 0.531250 0.637271 0.033929 0.029950
1 0.542857 0.737937 0.032143 0.034942
1 0.339286 0.775374 0.028571 0.036606
1 0.169643 0.811148 0.028571 0.024958
1 0.178571 0.867720 0.039286 0.028286
1 0.215179 0.985025 0.037500 0.029950
1 0.069643 0.910982 0.042857 0.028286
1 0.100893 0.934276 0.026786 0.021631
1 0.237500 0.806156 0.028571 0.031614
1 0.202679 0.820300 0.026786 0.023295
1 0.108929 0.960899 0.035714 0.024958
1 0.287500 0.975874 0.025000 0.031614
1 0.978571 0.064060 0.035714 0.034942
1 0.939286 0.120632 0.028571 0.028286
1 0.887500 0.078203 0.042857 0.033278
1 0.857143 0.191348 0.032143 0.033278
1 0.956250 0.160566 0.033929 0.038270
1 0.979464 0.410150 0.026786 0.038270
1 0.951786 0.396007 0.032143 0.026622
1 0.783036 0.278702 0.030357 0.028286
1 0.620536 0.164725 0.033929 0.036606
1 0.808036 0.414309 0.030357 0.029950
1 0.891964 0.433444 0.033929 0.031614
1 0.832143 0.497504 0.032143 0.033278
1 0.964286 0.698003 0.035714 0.034942
1 0.981250 0.552413 0.030357 0.036606
1 0.897321 0.706323 0.030357 0.024958
1 0.486607 0.680532 0.037500 0.039933
1 0.638393 0.544925 0.023214 0.028286
1 0.541964 0.400998 0.044643 0.033278
1 0.800893 0.346922 0.037500 0.028286
1 0.780357 0.472546 0.032143 0.029950
1 0.758036 0.530782 0.026786 0.029950
1 0.832143 0.668053 0.032143 0.024958
1 0.523214 0.707987 0.028571 0.034942
1 0.370536 0.895175 0.026786 0.026622
1 0.427679 0.726290 0.030357 0.034942
1 0.200000 0.436772 0.039286 0.038270
1 0.136607 0.432612 0.048214 0.029950
1 0.250893 0.533278 0.033929 0.034942
1 0.233036 0.498336 0.033929 0.028286
1 0.320536 0.569884 0.044643 0.034942
1 0.442857 0.525790 0.039286 0.033278
1 0.385714 0.629784 0.025000 0.034942
1 0.343750 0.274542 0.030357 0.026622
1 0.083036 0.529950 0.037500 0.024958
1 0.125893 0.691348 0.030357 0.044925
1 0.525893 0.278702 0.026786 0.038270
1 0.572321 0.325291 0.037500 0.031614
1 0.228571 0.206323 0.032143 0.039933
1 0.150000 0.089850 0.028571 0.023295
1 0.056250 0.237937 0.037500 0.029950
1 0.076786 0.202995 0.032143 0.039933
1 0.187500 0.064060 0.035714 0.038270
1 0.222321 0.068220 0.037500 0.039933
1 0.264286 0.115641 0.028571 0.038270
1 0.324107 0.096506 0.030357 0.029950
1 0.136607 0.134775 0.033929 0.036606
1 0.559821 0.077371 0.037500 0.031614
1 0.510714 0.092346 0.032143 0.028286
1 0.526786 0.326955 0.035714 0.034942
1 0.319643 0.230449 0.028571 0.034942
1 0.251786 0.397671 0.028571 0.029950
1 0.382143 0.214642 0.032143 0.026622
1 0.352679 0.241265 0.033929 0.029950
1 0.391964 0.183860 0.037500 0.028286
1 0.332143 0.125624 0.035714 0.024958
1 0.433036 0.042429 0.030357 0.031614
1 0.527679 0.035774 0.033929 0.031614
1 0.490179 0.181364 0.026786 0.033278
1 0.569643 0.024958 0.035714 0.036606
1 0.617857 0.015807 0.039286 0.028286
1 0.380357 0.023295 0.035714 0.029950
1 0.327679 0.158902 0.030357 0.034942
1 0.416071 0.292845 0.042857 0.023295
1 0.536607 0.170549 0.033929 0.034942
1 0.526786 0.200499 0.025000 0.034942
1 0.458929 0.275374 0.032143 0.028286
1 0.509821 0.225458 0.030357 0.031614
1 0.432143 0.226290 0.035714 0.029950
1 0.671429 0.277038 0.039286 0.028286
1 0.686607 0.123128 0.026786 0.029950
1 0.650893 0.457571 0.030357 0.036606
1 0.589286 0.425125 0.025000 0.034942
1 0.621429 0.435108 0.032143 0.034942
1 0.646429 0.383527 0.025000 0.028286
1 0.682143 0.530782 0.028571 0.033278
1 0.675893 0.207155 0.033929 0.021631
1 0.651786 0.290349 0.035714 0.024958
1 0.836607 0.407654 0.037500 0.036606
1 0.759821 0.497504 0.033929 0.026622
1 0.731250 0.378536 0.030357 0.028286
1 0.821429 0.462562 0.039286 0.036606
1 0.981250 0.352745 0.037500 0.046589
1 0.958036 0.321963 0.030357 0.034942
1 0.895536 0.340266 0.041071 0.024958
1 0.770536 0.153910 0.023214 0.028286
1 0.655357 0.493344 0.032143 0.028286
1 0.797321 0.204659 0.041071 0.023295
1 0.046429 0.162230 0.039286 0.041597
1 0.112500 0.291181 0.028571 0.046589
1 0.202679 0.395175 0.023214 0.024958
1 0.112500 0.464226 0.039286 0.026622
1 0.149107 0.497504 0.030357 0.036606
1 0.293750 0.889351 0.051786 0.038270
1 0.585714 0.826123 0.032143 0.031614
1 0.435714 0.770383 0.032143 0.026622
1 0.572321 0.957571 0.033929 0.031614
1 0.550000 0.485857 0.032143 0.026622
1 0.665179 0.054908 0.041071 0.033278
1 0.506250 0.747088 0.033929 0.029950
1 0.432143 0.639767 0.042857 0.028286
1 0.358036 0.573211 0.033929 0.038270
1 0.556250 0.830283 0.033929 0.026622
1 0.235714 0.729617 0.028571 0.031614
1 0.197321 0.793677 0.033929 0.026622
1 0.821429 0.859401 0.032143 0.031614
1 0.911607 0.661398 0.033929 0.041597
1 0.862500 0.799501 0.035714 0.028286
1 0.365179 0.488353 0.033929 0.041597
1 0.343750 0.532446 0.037500 0.029950
1 0.308929 0.535774 0.028571 0.036606
1 0.488393 0.522463 0.033929 0.043261
1 0.522321 0.582363 0.030357 0.029950
1 0.839286 0.956739 0.046429 0.029950
1 0.789286 0.850250 0.035714 0.036606
1 0.658036 0.628120 0.030357 0.031614
1 0.689286 0.643927 0.032143 0.029950
1 0.470536 0.824459 0.033929 0.031614
1 0.930357 0.903494 0.032143 0.029950
1 0.984821 0.979201 0.026786 0.028286
1 0.585714 0.761231 0.032143 0.024958
1 0.726786 0.568220 0.028571 0.031614
1 0.881250 0.876040 0.023214 0.028286
1 0.903571 0.886023 0.021429 0.028286
1 0.544643 0.985857 0.035714 0.021631
1 0.738393 0.297837 0.033929 0.033278
