1 0.422954 0.019553 0.017003 0.039106
1 0.458023 0.030726 0.019129 0.050279
1 0.438363 0.047486 0.018066 0.050279
1 0.731668 0.050279 0.020191 0.072626
1 0.475558 0.048883 0.020191 0.069832
1 0.818810 0.053073 0.018066 0.061453
1 0.524973 0.055866 0.012752 0.033520
1 0.801807 0.067039 0.018066 0.061453
1 0.685441 0.069832 0.019129 0.044693
1 0.643464 0.083799 0.024442 0.055866
1 0.545165 0.096369 0.021254 0.053073
1 0.420298 0.110335 0.015940 0.047486
1 0.439426 0.111732 0.015940 0.050279
1 0.679065 0.118715 0.019129 0.041899
1 0.832625 0.122905 0.020191 0.050279
1 0.494687 0.121508 0.018066 0.064246
1 0.095643 0.127095 0.027630 0.036313
1 0.522317 0.128492 0.020191 0.055866
1 0.738045 0.136872 0.020191 0.044693
1 0.856536 0.141061 0.023379 0.047486
1 0.063762 0.141061 0.017003 0.036313
1 0.808183 0.145251 0.026567 0.061453
1 0.417109 0.164804 0.015940 0.067039
1 0.181722 0.167598 0.017003 0.067039
1 0.036132 0.180168 0.017003 0.053073
1 0.435175 0.180168 0.022317 0.058659
1 0.664187 0.182961 0.023379 0.053073
1 0.161530 0.188547 0.017003 0.058659
1 0.079702 0.188547 0.021254 0.064246
1 0.201382 0.189944 0.013815 0.055866
1 0.132306 0.188547 0.015940 0.069832
1 0.500531 0.191341 0.014878 0.041899
1 0.844846 0.203911 0.023379 0.067039
1 0.051541 0.210894 0.020191 0.053073
1 0.915515 0.233240 0.018066 0.075419
1 0.098831 0.237430 0.021254 0.044693
1 0.150372 0.237430 0.015940 0.050279
1 0.771520 0.238827 0.014878 0.064246
1 0.875664 0.238827 0.019129 0.053073
1 0.172157 0.248603 0.019129 0.050279
1 0.978746 0.259777 0.019129 0.039106
1 0.734325 0.262570 0.019129 0.044693
1 0.012752 0.263966 0.019129 0.064246
1 0.899575 0.262570 0.015940 0.050279
1 0.789054 0.265363 0.020191 0.055866
1 0.193943 0.269553 0.022317 0.053073
1 0.682253 0.270950 0.021254 0.033520
1 0.546227 0.286313 0.023379 0.058659
1 0.216259 0.289106 0.020191 0.047486
1 0.127524 0.291899 0.017003 0.053073
1 0.707758 0.291899 0.017003 0.041899
1 0.493624 0.293296 0.015940 0.055866
1 0.513815 0.293296 0.015940 0.044693
1 0.637088 0.294693 0.022317 0.058659
1 0.240701 0.300279 0.022317 0.047486
1 0.037194 0.300279 0.023379 0.053073
1 0.266206 0.303073 0.020191 0.053073
1 0.977152 0.311453 0.022317 0.053073
1 0.151966 0.311453 0.019129 0.047486
1 0.674283 0.315642 0.022317 0.050279
1 0.332094 0.318436 0.022317 0.039106
1 0.771520 0.319832 0.019129 0.058659
1 0.087141 0.321229 0.021254 0.050279
1 0.292242 0.322626 0.023379 0.047486
1 0.116897 0.324022 0.017003 0.044693
1 0.840595 0.332402 0.019129 0.055866
1 0.619022 0.340782 0.024442 0.061453
1 0.871945 0.343575 0.026567 0.055866
1 0.209883 0.343575 0.024442 0.055866
1 0.179065 0.343575 0.015940 0.044693
1 0.786397 0.356145 0.019129 0.053073
1 0.959086 0.356145 0.022317 0.058659
1 0.139745 0.360335 0.020191 0.050279
1 0.069075 0.363128 0.019129 0.061453
1 0.659936 0.363128 0.019129 0.050279
1 0.239107 0.367318 0.021254 0.041899
1 0.821467 0.364525 0.021254 0.058659
1 0.283209 0.368715 0.026567 0.050279
1 0.013815 0.374302 0.019129 0.039106
1 0.710946 0.384078 0.017003 0.058659
1 0.849628 0.386872 0.020191 0.053073
1 0.047290 0.391061 0.026567 0.061453
1 0.692349 0.391061 0.018066 0.044693
1 0.586610 0.392458 0.017003 0.041899
1 0.310840 0.395251 0.022317 0.053073
1 0.336344 0.398045 0.020191 0.058659
1 0.169501 0.396648 0.018066 0.055866
1 0.087141 0.402235 0.019129 0.072626
1 0.198725 0.409218 0.023379 0.069832
1 0.241764 0.410615 0.018066 0.050279
1 0.564293 0.410615 0.019129 0.050279
1 0.539851 0.417598 0.021254 0.053073
1 0.799150 0.421788 0.025505 0.050279
1 0.767269 0.425978 0.019129 0.047486
1 0.612115 0.434358 0.023379 0.053073
1 0.637620 0.434358 0.019129 0.064246
1 0.690755 0.441341 0.021254 0.055866
1 0.219447 0.444134 0.022317 0.067039
1 0.495218 0.442737 0.023379 0.069832
1 0.297024 0.446927 0.028693 0.050279
1 0.371945 0.449721 0.017003 0.061453
1 0.330499 0.467877 0.025505 0.064246
1 0.584485 0.463687 0.021254 0.055866
1 0.746546 0.467877 0.026567 0.047486
1 0.804995 0.479050 0.026567 0.053073
1 0.381509 0.491620 0.014878 0.055866
1 0.773114 0.493017 0.020191 0.053073
1 0.602550 0.497207 0.019129 0.044693
1 0.196068 0.497207 0.028693 0.050279
1 0.460680 0.501397 0.022317 0.047486
1 0.539851 0.501397 0.023379 0.058659
1 0.646121 0.508380 0.017003 0.050279
1 0.622742 0.513966 0.017003 0.039106
1 0.414453 0.522346 0.021254 0.044693
1 0.569607 0.523743 0.021254 0.041899
1 0.495218 0.526536 0.017003 0.047486
1 0.513284 0.526536 0.017003 0.053073
1 0.680659 0.526536 0.020191 0.047486
1 0.838470 0.533520 0.021254 0.083799
1 0.362380 0.539106 0.021254 0.044693
1 0.438895 0.541899 0.017003 0.055866
1 0.464400 0.553073 0.021254 0.044693
1 0.615303 0.558659 0.017003 0.050279
1 0.633369 0.565642 0.014878 0.047486
1 0.591923 0.568436 0.017003 0.053073
1 0.319872 0.571229 0.021254 0.058659
1 0.263549 0.575419 0.034006 0.089385
1 0.417109 0.582402 0.024442 0.047486
1 0.519660 0.583799 0.019129 0.044693
1 0.165781 0.581006 0.023379 0.039106
1 0.347503 0.582402 0.019129 0.053073
1 0.560043 0.586592 0.019129 0.050279
1 0.537726 0.601955 0.017003 0.058659
1 0.725292 0.606145 0.020191 0.050279
1 0.707758 0.613128 0.019129 0.047486
1 0.397981 0.620112 0.015940 0.044693
1 0.568544 0.624302 0.023379 0.041899
1 0.012752 0.627095 0.019129 0.064246
1 0.638682 0.638268 0.021254 0.053073
1 0.657811 0.642458 0.014878 0.050279
1 0.184910 0.645251 0.019129 0.061453
1 0.774176 0.646648 0.026567 0.047486
1 0.444208 0.650838 0.025505 0.050279
1 0.492030 0.652235 0.023379 0.069832
1 0.278427 0.656425 0.023379 0.055866
1 0.523379 0.659218 0.022317 0.055866
1 0.582891 0.673184 0.022317 0.061453
1 0.248672 0.675978 0.021254 0.061453
1 0.217853 0.678771 0.019129 0.067039
1 0.550478 0.681564 0.021254 0.055866
1 0.615834 0.680168 0.015940 0.047486
1 0.789586 0.682961 0.025505 0.053073
1 0.463868 0.701117 0.024442 0.061453
1 0.736982 0.705307 0.020191 0.058659
1 0.170563 0.713687 0.018066 0.036313
1 0.682253 0.719274 0.021254 0.053073
1 0.149841 0.726257 0.023379 0.033520
1 0.602019 0.733240 0.022317 0.047486
1 0.844846 0.734637 0.021254 0.044693
1 0.387885 0.738827 0.014878 0.053073
1 0.424548 0.737430 0.022317 0.050279
1 0.339532 0.743017 0.020191 0.061453
1 0.568544 0.748603 0.021254 0.044693
1 0.799150 0.751397 0.021254 0.044693
1 0.538789 0.755587 0.023379 0.041899
1 0.774708 0.756983 0.021254 0.044693
1 0.378852 0.756983 0.011690 0.050279
1 0.669501 0.766760 0.019129 0.047486
1 0.584485 0.769553 0.021254 0.047486
1 0.511690 0.775140 0.022317 0.064246
1 0.276302 0.779330 0.023379 0.061453
1 0.450053 0.783520 0.020191 0.058659
1 0.481934 0.783520 0.024442 0.053073
1 0.636557 0.787709 0.021254 0.044693
1 0.352816 0.787709 0.025505 0.050279
1 0.558448 0.796089 0.022317 0.039106
1 0.612646 0.804469 0.024442 0.044693
1 0.422954 0.815642 0.023379 0.044693
1 0.795962 0.819832 0.019129 0.058659
1 0.464931 0.819832 0.015940 0.036313
1 0.755579 0.824022 0.014878 0.044693
1 0.533475 0.832402 0.019129 0.044693
1 0.293305 0.837989 0.019129 0.055866
1 0.126461 0.839385 0.021254 0.053073
1 0.318278 0.840782 0.020191 0.050279
1 0.246546 0.840782 0.019129 0.044693
1 0.475558 0.844972 0.018066 0.030726
1 0.336344 0.871508 0.030818 0.072626
1 0.786929 0.893855 0.022317 0.061453
1 0.506908 0.907821 0.019129 0.033520
1 0.370351 0.912011 0.024442 0.053073
1 0.393730 0.924581 0.020191 0.061453
1 0.431987 0.930168 0.028693 0.039106
1 0.704570 0.041899 0.021254 0.055866
1 0.572264 0.081006 0.024442 0.083799
1 0.624336 0.106145 0.020191 0.055866
1 0.639745 0.157821 0.019129 0.053073
1 0.698193 0.171788 0.021254 0.064246
1 0.544102 0.174581 0.021254 0.064246
1 0.620085 0.188547 0.022317 0.058659
1 0.521254 0.233240 0.024442 0.047486
1 0.869819 0.808659 0.030818 0.069832
3 0.333688 0.128492 0.048884 0.094972
