0 0.283006 0.512373 0.043539 0.069869
0 0.226826 0.521834 0.051966 0.065502
0 0.198736 0.561135 0.054775 0.050946
0 0.410815 0.539301 0.043539 0.056769
0 0.590590 0.606987 0.046348 0.046579
0 0.646770 0.613537 0.046348 0.045124
0 0.637640 0.665211 0.042135 0.046579
0 0.313202 0.619360 0.058989 0.050946
0 0.321629 0.506550 0.030899 0.046579
0 0.254916 0.447598 0.054775 0.039301
0 0.490169 0.687045 0.042135 0.040757
0 0.438904 0.625182 0.060393 0.036390
0 0.643258 0.718341 0.028090 0.033479
0 0.386938 0.650655 0.040730 0.052402
1 0.131320 0.280932 0.026685 0.032023
1 0.272472 0.347889 0.033708 0.026201
1 0.199438 0.300582 0.030899 0.030568
1 0.027388 0.314410 0.029494 0.026201
1 0.101124 0.362445 0.022472 0.029112
1 0.408006 0.426492 0.026685 0.026201
1 0.676264 0.635371 0.023876 0.027656
1 0.183287 0.333333 0.023876 0.023290
2 0.088483 0.236536 0.036517 0.036390
3 0.831461 0.918486 0.101124 0.110626
3 0.766854 0.636827 0.109551 0.097525
3 0.636236 0.526929 0.134831 0.122271
3 0.272472 0.261281 0.126404 0.120815
3 0.107444 0.125182 0.122191 0.125182
3 0.760534 0.852984 0.105337 0.107715
3 0.736657 0.152838 0.122191 0.101892
3 0.508427 0.441048 0.098315 0.101892
