2 0.586698 0.763937 0.076010 0.060976
2 0.603325 0.954704 0.076010 0.062718
2 0.666271 0.798780 0.068884 0.050523
2 0.541568 0.901568 0.071259 0.054007
2 0.587886 0.858885 0.073634 0.052265
2 0.486936 0.768293 0.071259 0.048780
2 0.839667 0.373693 0.097387 0.057491
2 0.902613 0.404181 0.071259 0.059233
2 0.374109 0.354530 0.064133 0.047038
2 0.387173 0.539199 0.076010 0.057491
2 0.458432 0.521777 0.057007 0.050523
2 0.523753 0.560976 0.073634 0.069686
2 0.431116 0.599303 0.064133 0.059233
2 0.538005 0.635889 0.078385 0.055749
2 0.552257 0.481707 0.073634 0.057491
2 0.358670 0.479094 0.071259 0.055749
2 0.409739 0.409408 0.064133 0.048780
2 0.300475 0.331882 0.059382 0.057491
2 0.222090 0.222125 0.073634 0.050523
2 0.194774 0.162892 0.066508 0.043554
2 0.163895 0.113240 0.061758 0.041812
2 0.186461 0.074042 0.068884 0.071429
2 0.149644 0.034843 0.066508 0.062718
2 0.266033 0.263937 0.061758 0.047038
2 0.736342 0.827526 0.061758 0.055749
2 0.597387 0.542683 0.064133 0.060976
2 0.944181 0.443380 0.078385 0.078397
2 0.795724 0.324042 0.071259 0.066202
0 0.062945 0.046167 0.078385 0.057491
0 0.057007 0.099303 0.080760 0.055749
0 0.110451 0.169861 0.097387 0.064460
0 0.134204 0.237805 0.068884 0.071429
0 0.826603 0.824042 0.047506 0.062718
0 0.875297 0.845819 0.035629 0.050523
0 0.941805 0.825784 0.054632 0.055749
0 0.925178 0.743902 0.049881 0.038328
0 0.724466 0.043554 0.066508 0.062718
0 0.717340 0.106272 0.152019 0.111498
0 0.549881 0.396341 0.059382 0.054007
0 0.809976 0.478223 0.090261 0.081882
0 0.706651 0.709059 0.059382 0.052265
1 0.745843 0.618467 0.047506 0.045296
1 0.783848 0.645470 0.038005 0.036585
1 0.819477 0.691638 0.052257 0.048780
1 0.834917 0.180314 0.049881 0.043554
1 0.609264 0.254355 0.054632 0.052265
1 0.775534 0.189895 0.064133 0.052265
1 0.482185 0.067073 0.066508 0.057491
1 0.333729 0.069686 0.064133 0.041812
1 0.465558 0.389373 0.047506 0.040070
1 0.237530 0.447735 0.033254 0.034843
