1 0.144612 0.030039 0.043478 0.036822
1 0.218336 0.055233 0.043478 0.032946
1 0.177694 0.064922 0.026465 0.032946
1 0.189981 0.101744 0.024575 0.029070
1 0.298677 0.062016 0.034026 0.038760
1 0.335539 0.094961 0.039698 0.034884
1 0.354442 0.026163 0.039698 0.036822
1 0.393195 0.061047 0.034026 0.029070
1 0.361059 0.151163 0.037807 0.038760
1 0.317580 0.167636 0.037807 0.036822
1 0.224008 0.144380 0.043478 0.036822
1 0.261815 0.097868 0.039698 0.036822
1 0.295841 0.123062 0.043478 0.032946
1 0.190926 0.191860 0.037807 0.038760
1 0.252363 0.171512 0.051040 0.032946
1 0.236295 0.211240 0.034026 0.038760
1 0.284499 0.218023 0.035917 0.040698
1 0.327977 0.214147 0.039698 0.048450
1 0.459357 0.322674 0.034026 0.032946
1 0.480151 0.292636 0.041588 0.038760
1 0.496219 0.337209 0.032136 0.042636
1 0.553875 0.296512 0.041588 0.034884
1 0.465974 0.390504 0.039698 0.032946
1 0.418715 0.423450 0.039698 0.036822
1 0.404537 0.374031 0.037807 0.042636
1 0.353497 0.406008 0.041588 0.040698
1 0.384688 0.461240 0.039698 0.038760
1 0.441399 0.539729 0.039698 0.036822
1 0.456522 0.597868 0.035917 0.040698
1 0.500945 0.546512 0.034026 0.046512
1 0.547259 0.506783 0.043478 0.036822
1 0.553875 0.547481 0.041588 0.032946
1 0.486767 0.513566 0.032136 0.031008
1 0.382798 0.503876 0.035917 0.038760
1 0.383743 0.554264 0.037807 0.046512
1 0.324197 0.526163 0.051040 0.036822
1 0.341210 0.462209 0.035917 0.048450
1 0.631380 0.550388 0.037807 0.038760
1 0.629490 0.586240 0.049149 0.036822
1 0.630435 0.629845 0.035917 0.031008
1 0.682420 0.606589 0.041588 0.038760
1 0.724953 0.566860 0.035917 0.036822
1 0.558601 0.648256 0.035917 0.032946
1 0.556711 0.681202 0.028355 0.036822
1 0.588847 0.714147 0.047259 0.052326
1 0.759924 0.055233 0.037807 0.036822
1 0.808129 0.059109 0.035917 0.040698
1 0.869565 0.049419 0.041588 0.056202
1 0.922495 0.050388 0.034026 0.034884
1 0.902647 0.073643 0.039698 0.034884
1 0.972590 0.053295 0.043478 0.036822
1 0.900756 0.120155 0.039698 0.038760
1 0.961248 0.093992 0.047259 0.048450
1 0.980151 0.140504 0.039698 0.036822
1 0.939509 0.153101 0.034026 0.050388
1 0.948015 0.200581 0.039698 0.040698
1 0.896030 0.196705 0.034026 0.032946
1 0.862004 0.173450 0.034026 0.029070
1 0.850662 0.137597 0.037807 0.031008
1 0.836484 0.098837 0.035917 0.031008
1 0.805293 0.125000 0.030246 0.040698
1 0.779773 0.101744 0.035917 0.040698
1 0.965028 0.252907 0.051040 0.036822
1 0.903592 0.241279 0.056711 0.052326
1 0.885633 0.257752 0.032136 0.050388
1 0.936673 0.304264 0.054820 0.046512
1 0.962193 0.340116 0.037807 0.044574
1 0.879962 0.308140 0.035917 0.038760
1 0.834594 0.282946 0.039698 0.031008
1 0.840265 0.238372 0.035917 0.038760
1 0.830813 0.192829 0.039698 0.036822
1 0.677694 0.013566 0.043478 0.023256
1 0.729679 0.015504 0.037807 0.027132
1 0.779773 0.017442 0.039698 0.031008
1 0.842155 0.013566 0.032136 0.027132
1 0.684310 0.139535 0.037807 0.038760
1 0.735350 0.117248 0.041588 0.036822
1 0.734405 0.170543 0.039698 0.042636
1 0.784499 0.175388 0.037807 0.032946
1 0.712665 0.202519 0.034026 0.048450
1 0.660681 0.183140 0.035917 0.044574
1 0.755198 0.214147 0.028355 0.032946
1 0.613422 0.033915 0.039698 0.044574
1 0.599244 0.084302 0.026465 0.040698
1 0.666352 0.054264 0.043478 0.034884
1 0.712665 0.053295 0.030246 0.036822
1 0.567108 0.035853 0.034026 0.048450
1 0.573724 0.142442 0.043478 0.044574
1 0.625709 0.158915 0.041588 0.027132
1 0.523629 0.123062 0.034026 0.044574
1 0.520794 0.060078 0.035917 0.046512
1 0.477316 0.058140 0.032136 0.038760
1 0.987713 0.371124 0.024575 0.040698
1 0.938563 0.387597 0.035917 0.034884
1 0.798677 0.217054 0.035917 0.034884
1 0.786389 0.253876 0.041588 0.034884
1 0.782609 0.306202 0.037807 0.042636
1 0.787335 0.357558 0.035917 0.044574
1 0.838374 0.332364 0.047259 0.052326
1 0.819471 0.363372 0.032136 0.029070
1 0.866730 0.384690 0.043478 0.044574
1 0.890359 0.356589 0.037807 0.050388
1 0.899811 0.398256 0.030246 0.040698
1 0.931002 0.429264 0.039698 0.044574
1 0.225898 0.731589 0.039698 0.036822
1 0.248582 0.781008 0.035917 0.034884
1 0.225898 0.820736 0.028355 0.044574
1 0.270321 0.873062 0.041588 0.036822
1 0.276938 0.829457 0.035917 0.034884
1 0.315690 0.803295 0.037807 0.044574
1 0.305293 0.721899 0.032136 0.032946
1 0.320416 0.746124 0.039698 0.031008
1 0.365784 0.708333 0.043478 0.040698
1 0.374291 0.779070 0.049149 0.038760
1 0.428166 0.721899 0.039698 0.036822
1 0.058601 0.892442 0.037807 0.040698
1 0.115312 0.870155 0.037807 0.038760
1 0.113422 0.825581 0.034026 0.038760
1 0.095463 0.775194 0.035917 0.031008
1 0.152174 0.804264 0.032136 0.046512
1 0.190926 0.774225 0.037807 0.040698
1 0.181474 0.854651 0.037807 0.038760
1 0.224953 0.874031 0.037807 0.034884
1 0.147448 0.917636 0.034026 0.032946
1 0.107750 0.945736 0.045369 0.038760
1 0.054820 0.975775 0.034026 0.040698
1 0.015123 0.913760 0.026465 0.036822
1 0.018904 0.742248 0.034026 0.042636
1 0.020794 0.797481 0.034026 0.032946
1 0.014178 0.962209 0.024575 0.036822
1 0.185255 0.921512 0.037807 0.044574
1 0.226843 0.940891 0.034026 0.036822
1 0.285444 0.962209 0.037807 0.029070
1 0.258979 0.984496 0.037807 0.031008
1 0.320416 0.913760 0.035917 0.036822
1 0.340265 0.861434 0.037807 0.025194
1 0.347826 0.826550 0.041588 0.040698
1 0.364839 0.923450 0.034026 0.036822
1 0.401701 0.903101 0.035917 0.042636
1 0.407372 0.860465 0.043478 0.031008
1 0.411153 0.954457 0.047259 0.036822
1 0.360113 0.975775 0.039698 0.040698
1 0.463138 0.871124 0.037807 0.036822
1 0.447070 0.831395 0.039698 0.034884
1 0.454631 0.776163 0.039698 0.040698
1 0.506616 0.937016 0.037807 0.044574
1 0.490548 0.713178 0.039698 0.034884
1 0.537807 0.740310 0.039698 0.050388
1 0.547259 0.764535 0.032136 0.036822
1 0.588847 0.783915 0.043478 0.063953
1 0.531191 0.805233 0.041588 0.036822
1 0.582231 0.841085 0.034026 0.027132
1 0.555766 0.837209 0.030246 0.034884
1 0.628544 0.830426 0.039698 0.040698
1 0.655009 0.856589 0.035917 0.034884
1 0.634216 0.894380 0.035917 0.032946
1 0.571834 0.875969 0.035917 0.031008
1 0.591682 0.929264 0.041588 0.036822
1 0.552930 0.958333 0.039698 0.036822
1 0.606805 0.973837 0.034026 0.040698
1 0.449905 0.930233 0.030246 0.031008
1 0.703214 0.917636 0.026465 0.032946
1 0.730624 0.904070 0.032136 0.040698
1 0.728733 0.867248 0.035917 0.036822
1 0.758979 0.915698 0.035917 0.036822
1 0.758979 0.950581 0.035917 0.036822
1 0.683365 0.957364 0.035917 0.031008
1 0.700378 0.984496 0.032136 0.027132
1 0.856333 0.916667 0.030246 0.050388
1 0.867675 0.959302 0.037807 0.031008
1 0.826087 0.955426 0.037807 0.031008
1 0.789225 0.983527 0.039698 0.029070
1 0.951796 0.740310 0.035917 0.038760
1 0.955577 0.771318 0.043478 0.038760
1 0.979206 0.805233 0.037807 0.040698
1 0.947070 0.871124 0.022684 0.036822
1 0.912098 0.854651 0.035917 0.031008
1 0.862004 0.815891 0.037807 0.046512
1 0.925331 0.703488 0.047259 0.034884
1 0.981096 0.662791 0.037807 0.038760
1 0.903592 0.658915 0.041588 0.038760
1 0.860113 0.684109 0.041588 0.034884
1 0.848771 0.725775 0.037807 0.032946
1 0.821361 0.793605 0.035917 0.036822
1 0.816635 0.756783 0.030246 0.036822
1 0.775992 0.794574 0.032136 0.031008
1 0.788280 0.717054 0.030246 0.038760
1 0.758979 0.746124 0.032136 0.031008
1 0.710775 0.770349 0.041588 0.048450
1 0.719282 0.812016 0.051040 0.038760
1 0.747637 0.702519 0.035917 0.040698
1 0.783554 0.670543 0.035917 0.042636
1 0.816635 0.634690 0.045369 0.036822
1 0.760870 0.628876 0.039698 0.032946
1 0.728733 0.656008 0.039698 0.036822
1 0.640832 0.763566 0.041588 0.046512
1 0.825142 0.875969 0.032136 0.042636
1 0.772212 0.867248 0.032136 0.040698
1 0.937618 0.598837 0.037807 0.038760
1 0.967864 0.555233 0.037807 0.032946
1 0.975425 0.615310 0.030246 0.040698
1 0.928166 0.530039 0.034026 0.032946
1 0.880907 0.569767 0.041588 0.034884
1 0.876181 0.503876 0.035917 0.038760
1 0.905482 0.472868 0.041588 0.050388
1 0.948960 0.487403 0.034026 0.036822
1 0.968809 0.436047 0.051040 0.058140
1 0.843100 0.470930 0.045369 0.050388
1 0.815690 0.575581 0.039698 0.042636
1 0.782609 0.546512 0.037807 0.042636
1 0.793006 0.491279 0.039698 0.052326
1 0.797732 0.450581 0.037807 0.036822
1 0.689981 0.709302 0.034026 0.054264
1 0.654064 0.669574 0.056711 0.044574
1 0.691871 0.522287 0.041588 0.036822
1 0.675803 0.555233 0.035917 0.036822
1 0.656900 0.509690 0.039698 0.038760
1 0.738185 0.501938 0.039698 0.038760
1 0.764650 0.591085 0.039698 0.034884
1 0.501890 0.635659 0.043478 0.042636
1 0.504726 0.587209 0.049149 0.038760
1 0.652174 0.458333 0.045369 0.036822
1 0.716446 0.435078 0.037807 0.040698
1 0.706994 0.480620 0.049149 0.038760
1 0.750473 0.450581 0.030246 0.040698
1 0.772212 0.402132 0.035917 0.036822
1 0.669187 0.413760 0.041588 0.036822
1 0.733459 0.376938 0.045369 0.040698
1 0.406427 0.619186 0.037807 0.044574
1 0.431947 0.652132 0.032136 0.032946
1 0.455577 0.678295 0.037807 0.038760
1 0.396030 0.672481 0.047259 0.038760
1 0.348771 0.652132 0.043478 0.040698
1 0.670132 0.367248 0.039698 0.040698
1 0.698488 0.334302 0.035917 0.036822
1 0.643667 0.327519 0.035917 0.034884
1 0.677694 0.278101 0.032136 0.040698
1 0.726843 0.283915 0.024575 0.029070
1 0.738185 0.246124 0.028355 0.034884
1 0.701323 0.238372 0.030246 0.038760
1 0.617202 0.212209 0.039698 0.044574
1 0.619093 0.245155 0.043478 0.029070
1 0.623819 0.282946 0.037807 0.031008
1 0.553875 0.226744 0.037807 0.042636
1 0.528355 0.180233 0.035917 0.042636
1 0.473535 0.123062 0.039698 0.044574
1 0.473535 0.181202 0.039698 0.040698
1 0.362004 0.349806 0.047259 0.044574
1 0.386578 0.303295 0.039698 0.044574
1 0.432892 0.260659 0.037807 0.036822
1 0.465028 0.240310 0.037807 0.038760
1 0.297732 0.342054 0.032136 0.040698
1 0.263705 0.387597 0.035917 0.038760
1 0.299622 0.431202 0.039698 0.040698
1 0.327977 0.594961 0.035917 0.038760
1 0.372401 0.610465 0.030246 0.031008
1 0.279773 0.555233 0.034026 0.032946
1 0.283554 0.493217 0.041588 0.044574
1 0.203214 0.552326 0.035917 0.034884
1 0.207940 0.601744 0.037807 0.036822
1 0.278828 0.611434 0.039698 0.040698
1 0.247637 0.631783 0.030246 0.038760
1 0.148393 0.556202 0.035917 0.042636
1 0.166352 0.510659 0.041588 0.032946
1 0.199433 0.453488 0.032136 0.042636
1 0.175803 0.467054 0.026465 0.034884
1 0.161626 0.412791 0.039698 0.050388
1 0.615312 0.486434 0.039698 0.034884
1 0.119093 0.182171 0.037807 0.038760
1 0.140832 0.234496 0.039698 0.034884
1 0.186200 0.240310 0.035917 0.034884
1 0.272212 0.297481 0.041588 0.032946
1 0.289225 0.263566 0.030246 0.042636
1 0.361059 0.265504 0.037807 0.038760
1 0.384688 0.219961 0.039698 0.040698
1 0.235350 0.336240 0.043478 0.032946
1 0.208885 0.296512 0.035917 0.031008
1 0.188091 0.326550 0.035917 0.036822
1 0.152174 0.287791 0.039698 0.036822
1 0.159735 0.355620 0.039698 0.036822
1 0.096408 0.333333 0.034026 0.050388
1 0.130435 0.324612 0.034026 0.032946
1 0.091682 0.273256 0.039698 0.038760
1 0.124764 0.380814 0.041588 0.040698
1 0.264650 0.029070 0.041588 0.038760
1 0.222117 0.013566 0.039698 0.027132
1 0.142722 0.140504 0.047259 0.040698
1 0.087902 0.103682 0.047259 0.048450
1 0.094518 0.053295 0.041588 0.036822
1 0.057656 0.139535 0.032136 0.034884
1 0.017958 0.099806 0.032136 0.040698
1 0.036862 0.051357 0.028355 0.032946
1 0.060491 0.224806 0.037807 0.038760
1 0.031191 0.210271 0.024575 0.040698
1 0.028355 0.170543 0.037807 0.042636
1 0.072779 0.177326 0.028355 0.025194
1 0.040643 0.302326 0.035917 0.042636
1 0.019849 0.340116 0.035917 0.040698
1 0.045369 0.419574 0.041588 0.036822
1 0.048204 0.457364 0.039698 0.031008
1 0.136106 0.456395 0.030246 0.036822
1 0.052930 0.518411 0.045369 0.032946
1 0.112476 0.602713 0.035917 0.034884
1 0.158790 0.626938 0.045369 0.032946
1 0.108696 0.561047 0.035917 0.052326
1 0.020794 0.617248 0.030246 0.029070
1 0.051040 0.356589 0.030246 0.042636
1 0.266541 0.690891 0.034026 0.029070
1 0.299622 0.658915 0.035917 0.054264
1 0.224008 0.666667 0.047259 0.046512
1 0.200378 0.697674 0.030246 0.027132
1 0.123819 0.673450 0.035917 0.029070
1 0.078450 0.635659 0.024575 0.038760
1 0.050095 0.650194 0.024575 0.029070
1 0.032136 0.673450 0.030246 0.040698
1 0.236295 0.477713 0.030246 0.029070
1 0.913989 0.805233 0.043478 0.044574
1 0.905482 0.755814 0.034026 0.046512
1 0.815690 0.417636 0.035917 0.044574
1 0.898866 0.609496 0.032136 0.036822
1 0.241966 0.572674 0.049149 0.044574
1 0.247637 0.527132 0.049149 0.042636
1 0.211720 0.393411 0.045369 0.058140
1 0.397921 0.099806 0.051040 0.048450
1 0.601134 0.413760 0.045369 0.052326
