1 0.013761 0.018237 0.020183 0.024316
1 0.034862 0.053951 0.029358 0.022796
1 0.011009 0.044073 0.018349 0.015198
1 0.058716 0.033435 0.025688 0.018237
1 0.015596 0.108663 0.023853 0.028875
1 0.014679 0.174772 0.018349 0.021277
1 0.052294 0.148176 0.023853 0.022796
1 0.113761 0.100304 0.029358 0.018237
1 0.103670 0.118541 0.027523 0.024316
1 0.093578 0.142097 0.029358 0.016717
1 0.019266 0.235562 0.023853 0.024316
1 0.052294 0.195289 0.027523 0.019757
1 0.104587 0.042553 0.029358 0.021277
1 0.113761 0.071429 0.025688 0.021277
1 0.139450 0.050912 0.018349 0.016717
1 0.158716 0.057751 0.023853 0.018237
1 0.154128 0.078267 0.033028 0.016717
1 0.186239 0.069149 0.023853 0.022796
1 0.177982 0.018237 0.025688 0.018237
1 0.211927 0.035714 0.023853 0.019757
1 0.244037 0.059271 0.025688 0.018237
1 0.217431 0.069909 0.020183 0.021277
1 0.272477 0.034954 0.034862 0.018237
1 0.310092 0.053951 0.022018 0.013678
1 0.291743 0.078267 0.029358 0.025836
1 0.264220 0.082827 0.025688 0.016717
1 0.244954 0.100304 0.023853 0.021277
1 0.266055 0.123860 0.025688 0.028875
1 0.211927 0.107903 0.027523 0.027356
1 0.179817 0.111702 0.022018 0.025836
1 0.141284 0.126900 0.029358 0.022796
1 0.158716 0.142097 0.027523 0.019757
1 0.084404 0.177052 0.029358 0.016717
1 0.118349 0.175532 0.027523 0.022796
1 0.163303 0.176292 0.025688 0.018237
1 0.190826 0.163374 0.025688 0.019757
1 0.238532 0.176292 0.033028 0.018237
1 0.203670 0.198328 0.025688 0.022796
1 0.168807 0.205167 0.029358 0.024316
1 0.085321 0.212766 0.023853 0.021277
1 0.056881 0.226444 0.033028 0.024316
1 0.073394 0.250000 0.029358 0.022796
1 0.042202 0.264438 0.029358 0.018237
1 0.012844 0.265198 0.018349 0.016717
1 0.044037 0.284195 0.025688 0.018237
1 0.108257 0.258359 0.025688 0.027356
1 0.142202 0.238602 0.042202 0.024316
1 0.144037 0.268997 0.027523 0.021277
1 0.197248 0.249240 0.034862 0.021277
1 0.252294 0.240881 0.027523 0.022796
1 0.233028 0.264438 0.025688 0.018237
1 0.182569 0.296353 0.027523 0.021277
1 0.146789 0.297112 0.029358 0.016717
1 0.044037 0.310790 0.025688 0.022796
1 0.068807 0.303191 0.016514 0.019757
1 0.089908 0.313830 0.025688 0.022796
1 0.117431 0.323708 0.029358 0.021277
1 0.145872 0.322188 0.023853 0.018237
1 0.055046 0.340426 0.025688 0.027356
1 0.012844 0.329027 0.018349 0.022796
1 0.039450 0.372340 0.027523 0.021277
1 0.013761 0.395137 0.020183 0.021277
1 0.043119 0.408815 0.027523 0.024316
1 0.135780 0.362462 0.029358 0.022796
1 0.154128 0.386018 0.022018 0.018237
1 0.125688 0.398176 0.023853 0.018237
1 0.159633 0.427812 0.025688 0.019757
1 0.206422 0.387538 0.027523 0.027356
1 0.178899 0.392857 0.020183 0.019757
1 0.171560 0.367021 0.023853 0.022796
1 0.181651 0.333587 0.029358 0.022796
1 0.200917 0.320669 0.027523 0.021277
1 0.234862 0.290274 0.022018 0.018237
1 0.266972 0.281155 0.027523 0.024316
1 0.277064 0.327508 0.025688 0.025836
1 0.305505 0.325988 0.031193 0.025836
1 0.327523 0.279635 0.020183 0.030395
1 0.317431 0.221125 0.025688 0.025836
1 0.333945 0.196049 0.029358 0.024316
1 0.304587 0.162614 0.029358 0.018237
1 0.339450 0.125380 0.029358 0.025836
1 0.370642 0.073708 0.025688 0.022796
1 0.392661 0.047872 0.025688 0.019757
1 0.400917 0.092705 0.027523 0.027356
1 0.388073 0.151976 0.027523 0.024316
1 0.377064 0.196809 0.027523 0.022796
1 0.403670 0.185410 0.022018 0.024316
1 0.431193 0.215046 0.029358 0.019757
1 0.351376 0.322188 0.023853 0.024316
1 0.306422 0.357143 0.018349 0.018237
1 0.336697 0.357903 0.020183 0.022796
1 0.371560 0.367781 0.016514 0.021277
1 0.407339 0.396657 0.022018 0.018237
1 0.418349 0.346505 0.025688 0.024316
1 0.415596 0.144377 0.020183 0.021277
1 0.353211 0.223404 0.027523 0.024316
1 0.340367 0.161094 0.031193 0.021277
1 0.373394 0.128419 0.016514 0.019757
1 0.462385 0.124620 0.029358 0.021277
1 0.434862 0.124620 0.025688 0.018237
1 0.491743 0.113982 0.025688 0.024316
1 0.441284 0.161854 0.031193 0.019757
1 0.455046 0.087386 0.029358 0.022796
1 0.517431 0.135258 0.029358 0.024316
1 0.478899 0.187690 0.029358 0.022796
1 0.515596 0.199088 0.025688 0.021277
1 0.539450 0.180851 0.025688 0.024316
1 0.644954 0.173252 0.027523 0.018237
1 0.607339 0.155775 0.033028 0.025836
1 0.610092 0.202128 0.034862 0.024316
1 0.392661 0.297872 0.029358 0.021277
1 0.388991 0.329027 0.025688 0.022796
1 0.358716 0.285714 0.023853 0.024316
1 0.447706 0.278116 0.029358 0.015198
1 0.452294 0.253799 0.027523 0.015198
1 0.474312 0.236322 0.027523 0.028875
1 0.447706 0.303191 0.022018 0.019757
1 0.462385 0.317629 0.025688 0.021277
1 0.487156 0.269757 0.023853 0.022796
1 0.471560 0.355623 0.022018 0.024316
1 0.513761 0.253040 0.025688 0.025836
1 0.520183 0.284954 0.027523 0.016717
1 0.543119 0.261398 0.022018 0.027356
1 0.548624 0.231003 0.025688 0.024316
1 0.558716 0.281915 0.023853 0.025836
1 0.603670 0.287234 0.029358 0.027356
1 0.621101 0.309271 0.023853 0.019757
1 0.633945 0.252280 0.020183 0.024316
1 0.500917 0.310790 0.029358 0.019757
1 0.545872 0.306231 0.027523 0.019757
1 0.567890 0.325228 0.027523 0.021277
1 0.438532 0.181611 0.018349 0.013678
1 0.508257 0.037234 0.033028 0.016717
1 0.496330 0.384498 0.027523 0.018237
1 0.510092 0.340426 0.029358 0.027356
1 0.541284 0.354863 0.025688 0.025836
1 0.569725 0.358663 0.023853 0.027356
1 0.592661 0.375380 0.022018 0.024316
1 0.602752 0.344225 0.027523 0.022796
1 0.634862 0.345745 0.022018 0.034954
1 0.470642 0.420213 0.023853 0.028875
1 0.533028 0.446049 0.031193 0.025836
1 0.578899 0.418693 0.027523 0.022796
1 0.615596 0.392097 0.023853 0.024316
1 0.616514 0.426292 0.025688 0.022796
1 0.560550 0.474164 0.023853 0.024316
1 0.578899 0.447568 0.023853 0.019757
1 0.467890 0.470365 0.029358 0.025836
1 0.433945 0.490881 0.031193 0.021277
1 0.387156 0.469605 0.022018 0.021277
1 0.356881 0.448328 0.020183 0.018237
1 0.366972 0.487082 0.033028 0.025836
1 0.400000 0.508359 0.029358 0.016717
1 0.375229 0.528875 0.031193 0.024316
1 0.404587 0.538754 0.023853 0.022796
1 0.433028 0.536474 0.022018 0.030395
1 0.305505 0.482523 0.023853 0.028875
1 0.286239 0.465046 0.025688 0.021277
1 0.252294 0.466565 0.020183 0.021277
1 0.270642 0.500000 0.031193 0.021277
1 0.566055 0.510638 0.031193 0.024316
1 0.614679 0.510638 0.029358 0.021277
1 0.105505 0.439210 0.027523 0.021277
1 0.121101 0.460486 0.025688 0.021277
1 0.133028 0.484043 0.027523 0.028875
1 0.281651 0.528875 0.023853 0.024316
1 0.080734 0.470365 0.033028 0.028875
1 0.044037 0.434650 0.022018 0.021277
1 0.021101 0.446049 0.027523 0.022796
1 0.070642 0.534954 0.023853 0.018237
1 0.094495 0.550912 0.027523 0.016717
1 0.037615 0.481763 0.023853 0.036474
1 0.050459 0.513678 0.027523 0.024316
1 0.042202 0.540274 0.025688 0.022796
1 0.066972 0.582067 0.027523 0.024316
1 0.042202 0.610942 0.025688 0.021277
1 0.365138 0.562310 0.029358 0.030395
1 0.386239 0.574468 0.023853 0.021277
1 0.429358 0.572948 0.029358 0.024316
1 0.464220 0.563830 0.029358 0.024316
1 0.183486 0.542553 0.022018 0.030395
1 0.160550 0.596505 0.038532 0.031915
1 0.119266 0.606383 0.029358 0.036474
1 0.214679 0.568389 0.029358 0.030395
1 0.203670 0.604863 0.025688 0.021277
1 0.366972 0.599544 0.022018 0.025836
1 0.320183 0.612462 0.031193 0.021277
1 0.408257 0.605623 0.038532 0.028875
1 0.473394 0.522796 0.029358 0.036474
1 0.345872 0.626140 0.027523 0.024316
1 0.313761 0.650456 0.025688 0.021277
1 0.485321 0.588906 0.027523 0.025836
1 0.437615 0.626140 0.027523 0.021277
1 0.419266 0.655015 0.027523 0.018237
1 0.473394 0.625380 0.025688 0.025836
1 0.527523 0.598784 0.023853 0.024316
1 0.500917 0.634498 0.029358 0.028875
1 0.480734 0.660334 0.029358 0.022796
1 0.475229 0.685410 0.025688 0.021277
1 0.448624 0.671733 0.027523 0.024316
1 0.387156 0.661094 0.025688 0.024316
1 0.339450 0.681611 0.025688 0.013678
1 0.366055 0.706687 0.034862 0.024316
1 0.403670 0.715805 0.029358 0.021277
1 0.417431 0.740881 0.027523 0.022796
1 0.437615 0.724924 0.027523 0.024316
1 0.502752 0.746960 0.029358 0.019757
1 0.515596 0.707447 0.033028 0.028875
1 0.575229 0.725684 0.031193 0.028875
1 0.636697 0.727204 0.033028 0.025836
1 0.615596 0.749240 0.027523 0.018237
1 0.589908 0.764438 0.027523 0.021277
1 0.557798 0.778875 0.029358 0.019757
1 0.473394 0.772796 0.025688 0.025836
1 0.474312 0.732523 0.031193 0.027356
1 0.535780 0.757599 0.033028 0.025836
1 0.544037 0.803191 0.034862 0.022796
1 0.579817 0.800912 0.022018 0.024316
1 0.612844 0.803191 0.029358 0.022796
1 0.646789 0.793313 0.023853 0.018237
1 0.644037 0.775836 0.029358 0.016717
1 0.081651 0.622340 0.038532 0.028875
1 0.133945 0.648176 0.025688 0.019757
1 0.156881 0.661094 0.023853 0.021277
1 0.253211 0.667933 0.022018 0.028875
1 0.229358 0.661094 0.025688 0.015198
1 0.310092 0.692249 0.025688 0.022796
1 0.277064 0.706687 0.025688 0.024316
1 0.303670 0.726444 0.023853 0.024316
1 0.133028 0.674772 0.027523 0.021277
1 0.076147 0.649696 0.027523 0.016717
1 0.043119 0.645137 0.031193 0.022796
1 0.025688 0.660334 0.025688 0.022796
1 0.013761 0.620061 0.023853 0.027356
1 0.064220 0.671733 0.025688 0.021277
1 0.020183 0.695289 0.033028 0.028875
1 0.028440 0.727964 0.034862 0.027356
1 0.093578 0.686930 0.029358 0.033435
1 0.115596 0.698328 0.029358 0.025836
1 0.078899 0.719605 0.025688 0.025836
1 0.072477 0.754559 0.023853 0.022796
1 0.014679 0.780395 0.025688 0.022796
1 0.056881 0.787234 0.025688 0.018237
1 0.080734 0.803951 0.029358 0.021277
1 0.090826 0.790274 0.027523 0.018237
1 0.103670 0.766717 0.027523 0.019757
1 0.124771 0.753040 0.033028 0.019757
1 0.132110 0.727204 0.029358 0.025836
1 0.158716 0.746201 0.020183 0.018237
1 0.160550 0.715046 0.027523 0.028875
1 0.181651 0.702888 0.022018 0.028875
1 0.216514 0.693009 0.022018 0.021277
1 0.208257 0.725684 0.023853 0.022796
1 0.180734 0.740122 0.020183 0.027356
1 0.253211 0.743921 0.022018 0.025836
1 0.123853 0.781915 0.020183 0.016717
1 0.135780 0.815350 0.029358 0.022796
1 0.022936 0.826748 0.034862 0.018237
1 0.018349 0.855623 0.025688 0.021277
1 0.013761 0.915653 0.023853 0.022796
1 0.038532 0.983283 0.025688 0.024316
1 0.051376 0.892857 0.025688 0.025836
1 0.043119 0.877660 0.023853 0.022796
1 0.067890 0.860182 0.025688 0.024316
1 0.086239 0.886018 0.025688 0.021277
1 0.064220 0.901976 0.022018 0.022796
1 0.077064 0.916413 0.029358 0.018237
1 0.102752 0.927052 0.025688 0.021277
1 0.078899 0.951368 0.029358 0.027356
1 0.094495 0.975684 0.031193 0.021277
1 0.116514 0.949088 0.027523 0.025836
1 0.148624 0.956687 0.025688 0.022796
1 0.109174 0.898936 0.020183 0.016717
1 0.129358 0.911094 0.023853 0.019757
1 0.158716 0.914894 0.027523 0.024316
1 0.115596 0.875380 0.029358 0.018237
1 0.094495 0.859422 0.027523 0.016717
1 0.105505 0.840426 0.027523 0.018237
1 0.142202 0.874620 0.023853 0.019757
1 0.169725 0.886018 0.027523 0.021277
1 0.162385 0.843465 0.034862 0.027356
1 0.194495 0.859422 0.025688 0.022796
1 0.220183 0.874620 0.029358 0.025836
1 0.244954 0.854103 0.023853 0.024316
1 0.272477 0.865502 0.023853 0.022796
1 0.272477 0.840426 0.038532 0.024316
1 0.154128 0.793313 0.029358 0.015198
1 0.205505 0.784195 0.029358 0.018237
1 0.185321 0.759119 0.022018 0.025836
1 0.216514 0.907295 0.025688 0.021277
1 0.209174 0.937690 0.025688 0.024316
1 0.199083 0.968085 0.023853 0.024316
1 0.133945 0.990122 0.029358 0.013678
1 0.220183 0.985562 0.025688 0.019757
1 0.225688 0.960486 0.018349 0.018237
1 0.237615 0.930851 0.023853 0.019757
1 0.247706 0.899696 0.022018 0.021277
1 0.268807 0.932371 0.023853 0.022796
1 0.290826 0.917173 0.023853 0.022796
1 0.308257 0.942249 0.025688 0.015198
1 0.323853 0.914134 0.038532 0.022796
1 0.296330 0.876900 0.027523 0.024316
1 0.335780 0.857903 0.025688 0.025836
1 0.347706 0.894377 0.027523 0.022796
1 0.325688 0.824468 0.031193 0.025836
1 0.338532 0.796353 0.027523 0.018237
1 0.342202 0.774316 0.031193 0.019757
1 0.273394 0.809271 0.022018 0.013678
1 0.267890 0.784954 0.025688 0.019757
1 0.326606 0.738602 0.029358 0.036474
1 0.373394 0.850304 0.027523 0.025836
1 0.381651 0.886018 0.029358 0.021277
1 0.383486 0.929331 0.025688 0.016717
1 0.400917 0.899696 0.027523 0.024316
1 0.411927 0.855623 0.023853 0.024316
1 0.388073 0.806231 0.031193 0.022796
1 0.411009 0.816869 0.025688 0.022796
1 0.436697 0.806991 0.029358 0.024316
1 0.449541 0.863222 0.025688 0.024316
1 0.443119 0.895137 0.038532 0.030395
1 0.348624 0.970365 0.022018 0.025836
1 0.360550 0.988602 0.020183 0.019757
1 0.399083 0.978723 0.027523 0.024316
1 0.429358 0.971884 0.025688 0.028875
1 0.447706 0.924772 0.025688 0.022796
1 0.466972 0.829787 0.031193 0.027356
1 0.499083 0.810030 0.047706 0.033435
1 0.487156 0.870061 0.042202 0.028875
1 0.530275 0.842705 0.036697 0.028875
1 0.593578 0.829027 0.031193 0.025836
1 0.589908 0.863222 0.031193 0.027356
1 0.534862 0.911094 0.027523 0.016717
1 0.532110 0.958967 0.029358 0.021277
1 0.639450 0.940729 0.027523 0.024316
1 0.661468 0.887538 0.027523 0.018237
1 0.655046 0.866261 0.029358 0.018237
1 0.596330 0.985562 0.022018 0.019757
1 0.682569 0.982523 0.022018 0.025836
1 0.711927 0.958207 0.033028 0.022796
1 0.825688 0.979483 0.025688 0.025836
1 0.854128 0.952888 0.027523 0.021277
1 0.825688 0.924012 0.029358 0.021277
1 0.843119 0.907295 0.027523 0.018237
1 0.857798 0.890578 0.027523 0.018237
1 0.874312 0.933131 0.034862 0.024316
1 0.898165 0.961246 0.027523 0.025836
1 0.920183 0.988602 0.023853 0.016717
1 0.939450 0.971125 0.025688 0.024316
1 0.962385 0.949848 0.027523 0.018237
1 0.966055 0.927812 0.023853 0.022796
1 0.973394 0.906535 0.027523 0.016717
1 0.987156 0.879939 0.022018 0.024316
1 0.905505 0.861702 0.027523 0.027356
1 0.928440 0.874620 0.025688 0.019757
1 0.947706 0.854863 0.020183 0.025836
1 0.964220 0.832067 0.027523 0.025836
1 0.787156 0.894377 0.025688 0.025836
1 0.803670 0.880699 0.025688 0.022796
1 0.752294 0.909574 0.025688 0.028875
1 0.730275 0.889058 0.025688 0.021277
1 0.693578 0.876140 0.025688 0.025836
1 0.816514 0.841945 0.025688 0.024316
1 0.878899 0.844985 0.029358 0.030395
1 0.901835 0.791793 0.027523 0.027356
1 0.744954 0.870061 0.022018 0.019757
1 0.748624 0.819149 0.025688 0.024316
1 0.709174 0.817629 0.027523 0.030395
1 0.677982 0.809271 0.027523 0.022796
1 0.710092 0.785714 0.022018 0.018237
1 0.670642 0.757599 0.034862 0.022796
1 0.707339 0.746201 0.027523 0.030395
1 0.735780 0.714286 0.029358 0.024316
1 0.763303 0.770517 0.033028 0.018237
1 0.766972 0.733283 0.029358 0.025836
1 0.785321 0.802432 0.033028 0.021277
1 0.816514 0.768997 0.025688 0.024316
1 0.837615 0.744681 0.027523 0.021277
1 0.880734 0.750760 0.025688 0.021277
1 0.915596 0.708967 0.025688 0.028875
1 0.953211 0.724164 0.031193 0.022796
1 0.950459 0.701368 0.033028 0.019757
1 0.695413 0.715046 0.029358 0.028875
1 0.660550 0.689970 0.029358 0.018237
1 0.790826 0.705167 0.025688 0.027356
1 0.837615 0.718085 0.023853 0.019757
1 0.844037 0.696049 0.022018 0.018237
1 0.560550 0.658815 0.023853 0.028875
1 0.549541 0.626140 0.023853 0.021277
1 0.590826 0.677052 0.025688 0.022796
1 0.628440 0.668693 0.027523 0.021277
1 0.608257 0.646657 0.031193 0.022796
1 0.642202 0.634498 0.029358 0.019757
1 0.657798 0.615502 0.027523 0.021277
1 0.708257 0.659574 0.029358 0.021277
1 0.710092 0.620821 0.022018 0.034954
1 0.745872 0.663374 0.020183 0.031915
1 0.770642 0.655015 0.025688 0.027356
1 0.811009 0.673252 0.044037 0.021277
1 0.528440 0.567629 0.025688 0.022796
1 0.560550 0.575228 0.034862 0.041033
1 0.555963 0.539514 0.025688 0.027356
1 0.627523 0.567629 0.040367 0.037994
1 0.653211 0.541033 0.029358 0.024316
1 0.689908 0.563830 0.033028 0.021277
1 0.733028 0.567629 0.031193 0.022796
1 0.748624 0.607903 0.036697 0.039514
1 0.812844 0.641337 0.033028 0.021277
1 0.872477 0.650456 0.023853 0.015198
1 0.910092 0.644377 0.033028 0.021277
1 0.932110 0.609422 0.022018 0.030395
1 0.922018 0.579787 0.027523 0.022796
1 0.947706 0.559271 0.027523 0.024316
1 0.892661 0.613982 0.027523 0.042553
1 0.889908 0.560030 0.025688 0.022796
1 0.832110 0.530395 0.031193 0.018237
1 0.944037 0.482523 0.027523 0.022796
1 0.881651 0.504559 0.023853 0.030395
1 0.927523 0.512158 0.027523 0.024316
1 0.692661 0.501520 0.016514 0.018237
1 0.747706 0.485562 0.027523 0.022796
1 0.818349 0.452888 0.029358 0.024316
1 0.650459 0.439210 0.034862 0.021277
1 0.710092 0.454407 0.022018 0.021277
1 0.723853 0.420213 0.031193 0.022796
1 0.744037 0.449088 0.027523 0.031915
1 0.777982 0.422492 0.025688 0.024316
1 0.800917 0.402736 0.020183 0.027356
1 0.827523 0.414894 0.022018 0.024316
1 0.926606 0.442249 0.025688 0.018237
1 0.964220 0.449848 0.027523 0.021277
1 0.978899 0.422492 0.027523 0.018237
1 0.922936 0.406535 0.036697 0.016717
1 0.966972 0.388298 0.029358 0.019757
1 0.915596 0.378419 0.044037 0.021277
1 0.690826 0.405775 0.023853 0.021277
1 0.662385 0.392097 0.029358 0.024316
1 0.666055 0.363222 0.029358 0.024316
1 0.727523 0.394377 0.031193 0.022796
1 0.761468 0.393617 0.025688 0.030395
1 0.800917 0.354863 0.023853 0.028875
1 0.836697 0.374620 0.022018 0.016717
1 0.621101 0.473404 0.034862 0.025836
1 0.661468 0.496960 0.031193 0.021277
1 0.696330 0.536474 0.038532 0.018237
1 0.765138 0.547872 0.033028 0.022796
1 0.798165 0.508359 0.029358 0.025836
1 0.833028 0.493161 0.029358 0.019757
1 0.838532 0.339666 0.025688 0.025836
1 0.866055 0.321429 0.033028 0.022796
1 0.835780 0.304711 0.031193 0.022796
1 0.858716 0.286474 0.025688 0.022796
1 0.948624 0.281915 0.025688 0.022796
1 0.683486 0.328267 0.031193 0.027356
1 0.740367 0.351064 0.023853 0.036474
1 0.775229 0.339666 0.031193 0.022796
1 0.691743 0.294833 0.033028 0.027356
1 0.677982 0.263678 0.027523 0.019757
1 0.672477 0.199848 0.023853 0.031915
1 0.704587 0.180851 0.029358 0.021277
1 0.774312 0.208967 0.033028 0.022796
1 0.755963 0.241641 0.022018 0.018237
1 0.789908 0.249240 0.023853 0.027356
1 0.810092 0.220365 0.027523 0.027356
1 0.983486 0.222644 0.022018 0.019757
1 0.984404 0.189970 0.023853 0.021277
1 0.974312 0.161854 0.025688 0.019757
1 0.944037 0.171733 0.031193 0.018237
1 0.916514 0.191489 0.031193 0.024316
1 0.959633 0.126140 0.033028 0.024316
1 0.910092 0.132979 0.029358 0.025836
1 0.942202 0.090426 0.034862 0.025836
1 0.979817 0.015198 0.033028 0.018237
1 0.950459 0.042553 0.029358 0.021277
1 0.912844 0.053951 0.034862 0.022796
1 0.880734 0.029635 0.033028 0.022796
1 0.852294 0.143617 0.023853 0.022796
1 0.839450 0.196809 0.016514 0.022796
1 0.763303 0.181611 0.029358 0.019757
1 0.724771 0.160334 0.029358 0.019757
1 0.686239 0.148936 0.029358 0.021277
1 0.654128 0.146657 0.027523 0.019757
1 0.594495 0.114742 0.029358 0.022796
1 0.526606 0.088906 0.022018 0.022796
1 0.560550 0.091185 0.031193 0.021277
1 0.642202 0.120061 0.033028 0.024316
1 0.587156 0.060030 0.025688 0.016717
1 0.566972 0.042553 0.022018 0.021277
1 0.568807 0.013678 0.029358 0.021277
1 0.542202 0.018997 0.027523 0.019757
1 0.596330 0.034954 0.029358 0.021277
1 0.625688 0.025076 0.029358 0.028875
1 0.620183 0.056231 0.025688 0.018237
1 0.620183 0.085106 0.033028 0.021277
1 0.652294 0.099544 0.027523 0.022796
1 0.653211 0.066109 0.022018 0.025836
1 0.689908 0.092705 0.029358 0.021277
1 0.700000 0.123860 0.023853 0.019757
1 0.721101 0.103343 0.025688 0.024316
1 0.733028 0.136778 0.031193 0.018237
1 0.779817 0.144377 0.022018 0.018237
1 0.818349 0.123860 0.029358 0.019757
1 0.799083 0.101064 0.031193 0.025836
1 0.753211 0.110182 0.027523 0.019757
1 0.831193 0.079027 0.022018 0.024316
1 0.807339 0.061550 0.029358 0.019757
1 0.753211 0.082827 0.027523 0.022796
1 0.770642 0.050912 0.033028 0.022796
1 0.722018 0.060030 0.027523 0.019757
1 0.691743 0.052432 0.036697 0.022796
1 0.703670 0.025836 0.027523 0.018237
2 0.374312 0.391337 0.033028 0.028875
2 0.500917 0.160334 0.029358 0.022796
2 0.565138 0.199088 0.036697 0.033435
