0 0.184466 0.157609 0.027508 0.043478
0 0.191343 0.089674 0.028317 0.043478
0 0.258900 0.072464 0.025890 0.047101
0 0.286003 0.109149 0.025081 0.038949
0 0.222087 0.379982 0.039644 0.033514
0 0.229369 0.404438 0.029935 0.040761
0 0.333333 0.414402 0.022654 0.031703
0 0.455097 0.246830 0.023463 0.035326
0 0.430421 0.339674 0.029126 0.030797
0 0.428398 0.374547 0.023463 0.038949
0 0.403317 0.398098 0.021845 0.024457
0 0.361246 0.380888 0.034790 0.040761
0 0.272654 0.437500 0.032362 0.027174
0 0.495550 0.139040 0.015372 0.035326
0 0.479369 0.021286 0.034790 0.031703
0 0.478964 0.211051 0.021036 0.039855
0 0.280744 0.038043 0.030744 0.041667
0 0.309061 0.090127 0.014563 0.029891
0 0.258091 0.234149 0.025890 0.019022
0 0.040049 0.020833 0.028317 0.036232
0 0.851942 0.983696 0.016181 0.034420
0 0.515372 0.145833 0.016181 0.018116
0 0.433657 0.313406 0.021036 0.016304
0 0.353560 0.534873 0.017799 0.020833
0 0.396036 0.682971 0.018608 0.027174
0 0.440129 0.715580 0.017799 0.030797
0 0.393204 0.737772 0.022654 0.020833
0 0.414239 0.581522 0.021036 0.041667
0 0.510113 0.260417 0.028317 0.020833
0 0.491100 0.280797 0.025890 0.018116
0 0.988673 0.817935 0.017799 0.023551
0 0.989482 0.065217 0.021036 0.039855
0 0.616505 0.660326 0.016181 0.028986
0 0.619337 0.908062 0.016990 0.024457
0 0.649272 0.942029 0.013754 0.023551
0 0.569984 0.867301 0.015372 0.024457
0 0.510922 0.853261 0.016990 0.028986
0 0.432443 0.686141 0.020227 0.015399
0 0.942152 0.924366 0.013754 0.013587
0 0.824838 0.988225 0.012136 0.016304
0 0.904126 0.439312 0.012136 0.039855
0 0.167880 0.439764 0.021845 0.022645
0 0.158576 0.419837 0.017799 0.019022
0 0.079693 0.016757 0.031553 0.031703
0 0.099919 0.185236 0.016990 0.015399
0 0.140777 0.083333 0.033981 0.041667
0 0.132282 0.152627 0.028317 0.042572
0 0.135922 0.204257 0.032362 0.040761
0 0.173139 0.217391 0.025890 0.034420
0 0.245955 0.267663 0.043689 0.022645
0 0.275485 0.288043 0.026699 0.038043
0 0.230583 0.145833 0.029126 0.039855
0 0.190534 0.025815 0.039644 0.040761
0 0.506472 0.031250 0.019417 0.035326
0 0.938511 0.848279 0.024272 0.029891
0 0.514968 0.188859 0.023463 0.022645
0 0.095469 0.237319 0.040453 0.016304
0 0.896440 0.952446 0.009709 0.019022
0 0.906149 0.984149 0.014563 0.029891
0 0.617314 0.822464 0.021036 0.025362
0 0.367314 0.678442 0.035599 0.038043
0 0.885518 0.884058 0.023463 0.034420
0 0.228560 0.226902 0.029935 0.015399
0 0.216019 0.639946 0.056634 0.026268
0 0.814320 0.896739 0.021845 0.023551
0 0.257282 0.709692 0.024272 0.015399
0 0.262540 0.754529 0.016990 0.016304
0 0.351942 0.786232 0.027508 0.016304
0 0.084142 0.190217 0.014563 0.016304
0 0.904531 0.937047 0.009709 0.026268
0 0.807443 0.875453 0.016181 0.026268
0 0.781149 0.884058 0.013754 0.027174
0 0.789644 0.871377 0.012945 0.025362
0 0.480178 0.414402 0.015372 0.028080
0 0.670307 0.601449 0.012136 0.027174
0 0.679207 0.654438 0.015372 0.024457
0 0.315939 0.699275 0.041262 0.027174
0 0.971683 0.972826 0.009709 0.028986
0 0.489078 0.298007 0.026699 0.019928
1 0.639968 0.581975 0.016181 0.019022
1 0.784385 0.553442 0.013754 0.016304
1 0.746359 0.568388 0.015372 0.019022
1 0.746764 0.592844 0.014563 0.017210
1 0.824434 0.513134 0.016181 0.015399
1 0.734223 0.629982 0.013754 0.017210
1 0.772654 0.657156 0.016181 0.013587
1 0.539644 0.613225 0.014563 0.016304
1 0.582120 0.579257 0.015372 0.020833
1 0.495955 0.605978 0.014563 0.023551
1 0.536408 0.532609 0.016181 0.021739
1 0.681230 0.409420 0.019417 0.016304
1 0.696197 0.390399 0.012136 0.012681
1 0.686893 0.458786 0.014563 0.015399
1 0.840615 0.448822 0.012945 0.015399
1 0.841828 0.471014 0.015372 0.016304
1 0.690534 0.572464 0.012136 0.019928
1 0.688916 0.549366 0.013754 0.015399
1 0.683252 0.500906 0.013754 0.016304
1 0.542476 0.460598 0.015372 0.019022
1 0.577265 0.438859 0.016990 0.015399
1 0.594256 0.520833 0.015372 0.019928
1 0.583333 0.562953 0.017799 0.013587
1 0.693770 0.629076 0.015372 0.015399
1 0.661408 0.658514 0.012136 0.023551
1 0.652508 0.453804 0.010518 0.018116
1 0.628641 0.552083 0.012945 0.015399
1 0.613269 0.456522 0.012945 0.019928
1 0.622168 0.438406 0.011327 0.012681
1 0.593851 0.677083 0.009709 0.013587
1 0.505663 0.701087 0.014563 0.014493
1 0.687298 0.474185 0.013754 0.011775
1 0.458738 0.423460 0.017799 0.015399
1 0.439320 0.445652 0.017799 0.016304
1 0.446602 0.483243 0.025890 0.015399
1 0.465615 0.516757 0.012136 0.019022
1 0.455097 0.537138 0.013754 0.016304
1 0.428398 0.624094 0.015372 0.014493
1 0.418689 0.643116 0.012136 0.018116
1 0.038026 0.847373 0.017799 0.017210
1 0.059466 0.841033 0.023463 0.024457
1 0.096683 0.880888 0.016990 0.022645
1 0.120550 0.870471 0.016181 0.014493
1 0.136327 0.849185 0.016990 0.015399
1 0.160194 0.839674 0.019417 0.016304
1 0.158576 0.879076 0.019417 0.017210
1 0.208333 0.835145 0.015372 0.023551
1 0.190939 0.880435 0.016181 0.016304
1 0.213997 0.877717 0.020227 0.014493
1 0.234628 0.881793 0.012945 0.017210
1 0.055825 0.863225 0.017799 0.016304
1 0.078883 0.861866 0.015372 0.017210
1 0.216828 0.952446 0.014563 0.020833
1 0.249191 0.968297 0.017799 0.016304
1 0.273058 0.978714 0.015372 0.015399
1 0.047735 0.783967 0.017799 0.017210
1 0.067961 0.795290 0.012945 0.019928
1 0.228155 0.772192 0.014563 0.020833
1 0.254450 0.770833 0.012136 0.018116
1 0.273058 0.783514 0.016990 0.014493
1 0.337783 0.711051 0.013754 0.018116
1 0.299757 0.040308 0.013754 0.017210
1 0.168285 0.562500 0.014563 0.016304
1 0.130259 0.595562 0.014563 0.017210
1 0.152913 0.596014 0.016181 0.019928
1 0.158172 0.622283 0.015372 0.018116
1 0.211570 0.570652 0.015372 0.016304
1 0.197411 0.589221 0.014563 0.017210
1 0.205502 0.608696 0.016181 0.016304
1 0.162621 0.580616 0.012945 0.018116
1 0.312298 0.432971 0.016181 0.018116
1 0.610841 0.028533 0.012945 0.017210
1 0.622573 0.041214 0.012136 0.019022
1 0.631877 0.105525 0.012945 0.015399
1 0.603964 0.137228 0.012136 0.017210
1 0.628641 0.181159 0.014563 0.019928
1 0.701861 0.033967 0.013754 0.017210
1 0.766586 0.054348 0.018608 0.016304
1 0.872977 0.117301 0.016181 0.017210
1 0.867718 0.150815 0.013754 0.015399
1 0.696197 0.227355 0.013754 0.018116
1 0.690534 0.247283 0.012136 0.016304
1 0.440534 0.290761 0.015372 0.016304
1 0.463592 0.307971 0.017799 0.014493
1 0.508091 0.241848 0.014563 0.016304
1 0.555016 0.349638 0.021036 0.014493
1 0.564725 0.361866 0.017799 0.011775
1 0.587783 0.309783 0.013754 0.018116
1 0.578074 0.322917 0.013754 0.017210
1 0.591828 0.267210 0.015372 0.012681
1 0.623382 0.265399 0.015372 0.018116
1 0.806230 0.942029 0.016990 0.016304
1 0.807443 0.965580 0.012945 0.018116
1 0.963188 0.780344 0.013754 0.020833
1 0.958333 0.665761 0.013754 0.016304
1 0.919903 0.653533 0.014563 0.019022
1 0.842638 0.639946 0.015372 0.020833
1 0.834951 0.685688 0.014563 0.016304
1 0.889159 0.804348 0.017799 0.016304
1 0.691748 0.954257 0.014563 0.015399
1 0.712379 0.931612 0.016990 0.017210
1 0.718447 0.908062 0.014563 0.019022
1 0.739078 0.893569 0.013754 0.020833
1 0.694579 0.898098 0.012136 0.019022
1 0.690129 0.822464 0.017799 0.016304
1 0.692557 0.786685 0.014563 0.015399
1 0.694175 0.769475 0.014563 0.015399
1 0.711974 0.806159 0.011327 0.018116
1 0.738673 0.667120 0.011327 0.019022
1 0.739482 0.706522 0.014563 0.018116
1 0.742314 0.733696 0.015372 0.018116
1 0.714806 0.839674 0.008900 0.016304
1 0.923139 0.575634 0.012945 0.019022
1 0.912217 0.586504 0.013754 0.019022
1 0.898867 0.546649 0.011327 0.019022
1 0.853560 0.673460 0.012945 0.013587
1 0.700647 0.721467 0.011327 0.019022
1 0.696602 0.700634 0.011327 0.011775
1 0.755663 0.288949 0.014563 0.019928
1 0.853560 0.309330 0.014563 0.015399
1 0.945793 0.228714 0.008091 0.011775
1 0.946602 0.214674 0.012945 0.012681
1 0.428803 0.973279 0.012945 0.017210
1 0.412621 0.980978 0.012945 0.016304
1 0.409790 0.961051 0.013754 0.016304
1 0.424353 0.948370 0.015372 0.014493
1 0.421521 0.929348 0.012945 0.014493
1 0.404531 0.931612 0.014563 0.015399
1 0.175566 0.990036 0.014563 0.016304
1 0.376214 0.957428 0.014563 0.014493
1 0.362460 0.950181 0.012945 0.016304
1 0.326861 0.953351 0.017799 0.017210
1 0.307443 0.952446 0.014563 0.022645
1 0.320793 0.932065 0.021845 0.021739
1 0.308252 0.846920 0.016181 0.012681
1 0.341828 0.826993 0.015372 0.023551
1 0.335356 0.846467 0.013754 0.015399
1 0.319175 0.780797 0.015372 0.012681
1 0.284790 0.820652 0.014563 0.014493
1 0.249191 0.828804 0.021036 0.021739
1 0.378236 0.889040 0.013754 0.017210
1 0.408981 0.871830 0.015372 0.017210
1 0.438107 0.886775 0.013754 0.018116
1 0.439320 0.866848 0.011327 0.019928
1 0.444984 0.843297 0.012945 0.021739
1 0.411812 0.795743 0.014563 0.019022
1 0.629854 0.970109 0.021845 0.023551
1 0.651294 0.894928 0.014563 0.019928
1 0.652104 0.871830 0.012945 0.017210
1 0.651294 0.841033 0.014563 0.033514
1 0.607201 0.843297 0.026699 0.018116
1 0.527913 0.790761 0.025081 0.021739
1 0.628236 0.244565 0.016990 0.012681
1 0.633900 0.258605 0.013754 0.015399
1 0.607201 0.064764 0.010518 0.015399
1 0.611650 0.008152 0.011327 0.010870
1 0.659790 0.728714 0.020227 0.015399
1 0.619337 0.731884 0.010518 0.025362
1 0.536003 0.734149 0.010518 0.015399
1 0.505663 0.718297 0.016181 0.012681
1 0.515777 0.737319 0.018608 0.018116
1 0.683252 0.294384 0.012136 0.016304
1 0.741505 0.387681 0.007282 0.009058
1 0.088997 0.983696 0.012945 0.012681
1 0.493528 0.908062 0.012945 0.019022
1 0.485032 0.895833 0.012136 0.014493
1 0.265372 0.548913 0.016181 0.018116
1 0.281149 0.530344 0.016990 0.015399
1 0.257686 0.530797 0.021845 0.014493
1 0.324434 0.657156 0.017799 0.017210
1 0.315534 0.668025 0.012945 0.019022
1 0.229773 0.666214 0.016181 0.015399
1 0.504450 0.432518 0.013754 0.017210
1 0.525890 0.484149 0.012945 0.017210
1 0.550971 0.501812 0.014563 0.021739
1 0.516586 0.101902 0.015372 0.020833
1 0.271036 0.854167 0.011327 0.012681
1 0.280340 0.858696 0.016990 0.023551
1 0.987460 0.460598 0.012136 0.017210
1 0.988673 0.423007 0.009709 0.014493
1 0.952265 0.403533 0.011327 0.017210
1 0.937298 0.446558 0.010518 0.027174
1 0.449838 0.735960 0.012945 0.022645
1 0.433657 0.776268 0.016181 0.016304
1 0.453479 0.763134 0.010518 0.020833
1 0.470469 0.775815 0.012136 0.019022
1 0.398867 0.826087 0.009709 0.023551
1 0.480583 0.689312 0.016181 0.021739
1 0.456715 0.881793 0.015372 0.015399
1 0.048139 0.753170 0.021845 0.022645
1 0.221278 0.681159 0.016990 0.014493
1 0.399676 0.477808 0.014563 0.015399
1 0.418689 0.464221 0.013754 0.013587
1 0.811893 0.302989 0.016990 0.020833
1 0.495955 0.545743 0.012945 0.015399
1 0.484223 0.569293 0.010518 0.017210
1 0.495955 0.570652 0.009709 0.014493
1 0.504045 0.564764 0.009709 0.009964
1 0.224515 0.604167 0.016990 0.014493
1 0.177994 0.629982 0.017799 0.024457
1 0.947816 0.499547 0.012136 0.020833
1 0.791667 0.572917 0.012136 0.013587
1 0.634709 0.509511 0.008900 0.009964
1 0.686893 0.598279 0.014563 0.019022
1 0.685680 0.618207 0.015372 0.013587
1 0.648058 0.632699 0.014563 0.029891
1 0.532362 0.633605 0.016181 0.017210
1 0.717638 0.368659 0.011327 0.023551
1 0.440939 0.800725 0.014563 0.016304
1 0.421521 0.901721 0.011327 0.017210
1 0.659790 0.780797 0.010518 0.019928
1 0.468851 0.860960 0.020227 0.015399
1 0.233414 0.955163 0.016990 0.022645
1 0.226942 0.900815 0.020227 0.031703
1 0.356392 0.930707 0.013754 0.017210
1 0.324029 0.474185 0.025081 0.015399
1 0.037217 0.969656 0.017799 0.022645
1 0.015777 0.956522 0.012136 0.019928
1 0.684061 0.971920 0.013754 0.014493
1 0.593447 0.920743 0.008900 0.020833
1 0.559871 0.923007 0.016181 0.018116
1 0.898867 0.326540 0.016181 0.017210
1 0.993932 0.360054 0.012136 0.020833
1 0.020631 0.267663 0.016990 0.015399
1 0.023463 0.296196 0.017799 0.016304
1 0.441343 0.637681 0.016990 0.018116
1 0.096278 0.735507 0.019417 0.018116
1 0.119337 0.726449 0.018608 0.014493
1 0.072411 0.626812 0.016990 0.018116
1 0.632686 0.790308 0.019417 0.033514
1 0.137540 0.536685 0.017799 0.015399
1 0.144013 0.577899 0.014563 0.018116
1 0.626214 0.397645 0.014563 0.014493
1 0.609628 0.084692 0.012136 0.017210
1 0.828479 0.274457 0.012945 0.016304
1 0.749191 0.271286 0.011327 0.019022
1 0.776699 0.522645 0.011327 0.012681
1 0.338592 0.612319 0.016990 0.014493
1 0.299353 0.635870 0.019417 0.023551
1 0.429207 0.664855 0.012136 0.012681
1 0.446197 0.659420 0.012136 0.012681
1 0.516990 0.675725 0.008091 0.016304
1 0.529935 0.672554 0.014563 0.022645
1 0.541262 0.661232 0.011327 0.018116
1 0.364482 0.653080 0.015372 0.014493
1 0.441343 0.761322 0.010518 0.013587
1 0.466019 0.790761 0.016181 0.014493
1 0.875809 0.773098 0.013754 0.020833
1 0.920307 0.780797 0.010518 0.019928
1 0.986650 0.870924 0.010518 0.022645
1 0.936084 0.944293 0.012945 0.020833
1 0.838188 0.906703 0.014563 0.021739
1 0.872977 0.925725 0.016181 0.016304
1 0.805016 0.917572 0.017799 0.014493
1 0.843851 0.924366 0.021036 0.017210
1 0.737864 0.807971 0.016181 0.018116
1 0.742314 0.857337 0.010518 0.015399
1 0.686893 0.874094 0.014563 0.016304
1 0.697816 0.850996 0.007282 0.017210
1 0.679207 0.864583 0.008900 0.011775
1 0.678803 0.844656 0.014563 0.022645
1 0.203883 0.559330 0.012945 0.017210
1 0.134304 0.610054 0.016181 0.011775
1 0.583333 0.468750 0.011327 0.017210
1 0.567961 0.484149 0.016181 0.015399
1 0.646036 0.421196 0.016990 0.028986
1 0.646440 0.517663 0.012945 0.011775
1 0.548948 0.429348 0.008900 0.016304
1 0.614887 0.340580 0.012945 0.012681
1 0.612864 0.322464 0.018608 0.019928
1 0.586570 0.331975 0.016181 0.015399
1 0.625809 0.125453 0.012136 0.026268
1 0.613673 0.105525 0.013754 0.015399
1 0.641181 0.030344 0.015372 0.015399
1 0.669094 0.086504 0.011327 0.017210
1 0.635113 0.076087 0.012945 0.012681
1 0.683252 0.191576 0.018608 0.020833
1 0.649676 0.103261 0.009709 0.038043
1 0.634304 0.229620 0.025890 0.013587
1 0.603560 0.252717 0.014563 0.016304
1 0.579288 0.251359 0.011327 0.017210
1 0.627023 0.206975 0.012945 0.024457
1 0.641990 0.205616 0.008900 0.012681
1 0.699029 0.269928 0.016181 0.023551
1 0.729773 0.307065 0.014563 0.019928
1 0.670712 0.351902 0.009709 0.019022
1 0.667476 0.325634 0.014563 0.028080
1 0.666262 0.375906 0.013754 0.023551
1 0.669903 0.431612 0.012945 0.017210
1 0.597492 0.549819 0.012136 0.019928
1 0.638350 0.599638 0.014563 0.018116
1 0.612055 0.570199 0.010518 0.013587
1 0.584142 0.714221 0.012945 0.020833
1 0.611246 0.697464 0.012136 0.019928
1 0.758091 0.634964 0.012945 0.018116
1 0.770227 0.589221 0.012945 0.020833
1 0.953074 0.639493 0.012945 0.019928
1 0.909385 0.711957 0.014563 0.016304
1 0.773867 0.209239 0.018608 0.019928
1 0.771440 0.230072 0.012136 0.010870
1 0.853560 0.222373 0.014563 0.022645
1 0.872168 0.238225 0.012945 0.014493
1 0.737864 0.461504 0.012945 0.024457
1 0.833333 0.385417 0.012945 0.019022
1 0.856796 0.293478 0.012945 0.016304
1 0.781958 0.436141 0.012136 0.019022
1 0.831715 0.421196 0.016181 0.010870
1 0.837783 0.409420 0.013754 0.014493
1 0.770227 0.505888 0.011327 0.017210
1 0.744741 0.504529 0.012136 0.016304
1 0.802184 0.580163 0.008900 0.017210
1 0.881068 0.591033 0.014563 0.015399
1 0.882686 0.494112 0.011327 0.029891
1 0.864887 0.567482 0.016181 0.026268
1 0.817152 0.628170 0.016181 0.026268
1 0.819579 0.661685 0.019417 0.019022
1 0.903317 0.670743 0.015372 0.017210
1 0.886327 0.639493 0.018608 0.016304
1 0.900890 0.619565 0.010518 0.016304
1 0.926780 0.745924 0.010518 0.013587
1 0.920712 0.725543 0.014563 0.030797
1 0.978560 0.717391 0.012136 0.016304
1 0.834547 0.954257 0.020227 0.028080
1 0.730987 0.775362 0.010518 0.012681
1 0.733819 0.789855 0.012945 0.014493
1 0.699434 0.750453 0.020227 0.017210
1 0.636731 0.759964 0.009709 0.021739
1 0.670307 0.712409 0.013754 0.015399
1 0.675162 0.778986 0.013754 0.038043
1 0.574029 0.763587 0.018608 0.027174
1 0.602751 0.737772 0.009709 0.013587
1 0.525081 0.918025 0.012945 0.026268
1 0.550162 0.875000 0.014563 0.018116
1 0.561489 0.906250 0.011327 0.011775
1 0.538430 0.955616 0.008900 0.019928
1 0.620550 0.939312 0.012945 0.019928
1 0.605987 0.889493 0.011327 0.016304
1 0.469256 0.611866 0.011327 0.015399
1 0.391586 0.715127 0.012945 0.013587
1 0.415858 0.719656 0.016181 0.015399
1 0.463188 0.626812 0.008900 0.010870
1 0.487460 0.672101 0.012136 0.009058
1 0.383900 0.603261 0.015372 0.014493
1 0.381472 0.621377 0.012136 0.018116
1 0.185680 0.572464 0.015372 0.016304
1 0.379045 0.773551 0.015372 0.016304
1 0.324029 0.801630 0.023463 0.018116
1 0.358819 0.766757 0.028317 0.009964
1 0.240291 0.736866 0.011327 0.009964
1 0.374595 0.831975 0.014563 0.017210
1 0.490291 0.816123 0.017799 0.019928
1 0.424353 0.785326 0.012136 0.009058
1 0.423948 0.831522 0.014563 0.021739
1 0.436893 0.819746 0.014563 0.018116
1 0.515372 0.807971 0.014563 0.016304
1 0.391990 0.889493 0.008900 0.012681
1 0.668285 0.754076 0.014563 0.013587
1 0.694175 0.985507 0.008091 0.009058
1 0.012540 0.844203 0.018608 0.014493
1 0.070388 0.824275 0.016181 0.014493
1 0.079288 0.841938 0.011327 0.015399
1 0.495146 0.457428 0.017799 0.027174
1 0.867314 0.057065 0.024272 0.023551
1 0.783172 0.919837 0.016181 0.029891
1 0.985437 0.924819 0.014563 0.025362
1 0.129045 0.711504 0.013754 0.011775
1 0.072006 0.974638 0.014563 0.016304
1 0.051780 0.935688 0.012945 0.016304
1 0.154531 0.987772 0.017799 0.015399
1 0.132282 0.973732 0.012136 0.014493
1 0.123786 0.982790 0.022654 0.018116
1 0.238269 0.974185 0.013754 0.011775
1 0.347087 0.987319 0.011327 0.016304
1 0.325647 0.983243 0.013754 0.013587
1 0.366909 0.984149 0.010518 0.015399
1 0.463592 0.908967 0.012945 0.015399
1 0.437702 0.924366 0.014563 0.020833
1 0.441343 0.967844 0.021845 0.020833
1 0.567152 0.965580 0.012945 0.019928
1 0.546521 0.981431 0.012136 0.008152
1 0.451861 0.951993 0.025081 0.023551
1 0.486246 0.992301 0.012945 0.015399
1 0.561084 0.940670 0.012136 0.011775
1 0.424757 0.854167 0.009709 0.014493
1 0.494337 0.166667 0.012945 0.018116
1 0.424353 0.111866 0.013754 0.015399
1 0.597492 0.014493 0.012136 0.016304
1 0.029935 0.711957 0.033981 0.021739
1 0.163026 0.605525 0.015372 0.011775
1 0.181634 0.608696 0.008900 0.014493
1 0.663835 0.121830 0.013754 0.035326
1 0.807039 0.354167 0.013754 0.016304
1 0.487460 0.264493 0.013754 0.016304
1 0.279935 0.007246 0.019417 0.014493
1 0.048948 0.338768 0.020227 0.016304
1 0.059061 0.355978 0.017799 0.018116
1 0.069579 0.275362 0.012945 0.016304
1 0.061489 0.268569 0.012945 0.013587
1 0.074838 0.272645 0.015372 0.012681
1 0.286003 0.358243 0.013754 0.022645
1 0.278722 0.378623 0.010518 0.025362
1 0.838592 0.489130 0.012136 0.012681
1 0.838592 0.430707 0.012136 0.011775
1 0.600324 0.410326 0.017799 0.012681
1 0.580906 0.375906 0.016181 0.016304
1 0.636731 0.482337 0.009709 0.011775
1 0.439725 0.605525 0.013754 0.024457
1 0.471278 0.495471 0.012136 0.014493
1 0.522249 0.648098 0.015372 0.013587
1 0.542880 0.596467 0.016181 0.011775
1 0.927184 0.667572 0.011327 0.016304
1 0.887540 0.749094 0.009709 0.012681
1 0.692961 0.643569 0.015372 0.015399
1 0.748786 0.748188 0.013754 0.012681
1 0.211165 0.894022 0.011327 0.014493
1 0.198220 0.890851 0.012945 0.015399
1 0.318770 0.890851 0.012945 0.013587
1 0.887136 0.818841 0.012136 0.012681
1 0.086165 0.778080 0.012136 0.021739
1 0.082524 0.722826 0.008091 0.010870
1 0.127832 0.942935 0.014563 0.019928
1 0.139563 0.926630 0.013754 0.018116
1 0.156553 0.926630 0.015372 0.021739
1 0.192557 0.936594 0.021036 0.014493
1 0.279531 0.948370 0.013754 0.018116
1 0.264563 0.817935 0.014563 0.012681
1 0.148463 0.563406 0.016990 0.010870
1 0.735437 0.440217 0.008091 0.010870
1 0.014159 0.094203 0.010518 0.016304
1 0.578883 0.667572 0.008900 0.010870
1 0.700647 0.666667 0.011327 0.012681
2 0.423139 0.086504 0.021036 0.022645
2 0.328883 0.216486 0.029935 0.032609
