1 0.164436 0.021907 0.038241 0.038660
1 0.129063 0.023196 0.028681 0.041237
1 0.085086 0.143041 0.040153 0.054124
1 0.088910 0.069588 0.036329 0.051546
1 0.031549 0.060567 0.040153 0.054124
1 0.032505 0.162371 0.038241 0.046392
1 0.098470 0.277062 0.032505 0.048969
1 0.128107 0.274485 0.026769 0.048969
1 0.157744 0.243557 0.032505 0.043814
1 0.342256 0.302835 0.038241 0.038660
1 0.207457 0.168814 0.032505 0.038660
1 0.204589 0.253866 0.034417 0.038660
1 0.257170 0.259021 0.036329 0.048969
1 0.343212 0.158505 0.036329 0.043814
1 0.302103 0.104381 0.030593 0.059278
1 0.413002 0.121134 0.034417 0.046392
1 0.433078 0.173969 0.032505 0.048969
1 0.385277 0.176546 0.043977 0.054124
1 0.176864 0.326031 0.036329 0.048969
1 0.144359 0.341495 0.036329 0.048969
1 0.089866 0.349227 0.034417 0.043814
1 0.076482 0.393041 0.034417 0.048969
1 0.114723 0.405928 0.030593 0.043814
1 0.204589 0.386598 0.030593 0.041237
1 0.165392 0.390464 0.032505 0.043814
1 0.234226 0.329897 0.028681 0.087629
1 0.267686 0.300258 0.026769 0.033505
1 0.363289 0.657216 0.042065 0.041237
1 0.429254 0.658505 0.032505 0.043814
1 0.432122 0.701031 0.034417 0.051546
1 0.466539 0.653351 0.026769 0.038660
1 0.607075 0.550258 0.036329 0.059278
1 0.614723 0.653351 0.036329 0.048969
1 0.564054 0.632732 0.030593 0.048969
1 0.534417 0.521907 0.032505 0.048969
1 0.494264 0.488402 0.032505 0.048969
1 0.644359 0.686856 0.038241 0.048969
1 0.671128 0.735825 0.034417 0.054124
1 0.622371 0.746134 0.036329 0.048969
1 0.579350 0.759021 0.030593 0.054124
1 0.609943 0.805412 0.042065 0.038660
1 0.596558 0.850515 0.038241 0.056701
1 0.558317 0.854381 0.034417 0.043814
1 0.547801 0.796392 0.032505 0.041237
1 0.526769 0.684278 0.032505 0.043814
1 0.574570 0.679124 0.036329 0.054124
1 0.482792 0.689433 0.036329 0.054124
1 0.457935 0.761598 0.040153 0.043814
1 0.498088 0.740979 0.028681 0.048969
1 0.532505 0.744845 0.036329 0.061856
1 0.294455 0.720361 0.042065 0.043814
1 0.334608 0.695876 0.030593 0.041237
1 0.382409 0.774485 0.034417 0.043814
1 0.379541 0.726804 0.040153 0.056701
1 0.418738 0.789948 0.030593 0.043814
1 0.383365 0.823454 0.036329 0.033505
1 0.461759 0.840206 0.036329 0.041237
1 0.507648 0.798969 0.032505 0.041237
1 0.455067 0.469072 0.038241 0.056701
1 0.437859 0.518041 0.042065 0.051546
1 0.504780 0.439433 0.030593 0.054124
1 0.534417 0.426546 0.024857 0.054124
1 0.479924 0.585052 0.038241 0.036082
1 0.516252 0.570876 0.034417 0.038660
1 0.565010 0.569588 0.032505 0.051546
1 0.608987 0.944588 0.036329 0.054124
1 0.584130 0.980670 0.032505 0.028351
1 0.640535 0.893041 0.026769 0.048969
1 0.672084 0.916237 0.024857 0.054124
1 0.524857 0.878866 0.032505 0.046392
1 0.481836 0.889175 0.042065 0.061856
1 0.442639 0.893041 0.032505 0.054124
1 0.422562 0.923969 0.030593 0.059278
1 0.571702 0.909794 0.034417 0.051546
1 0.646272 0.833763 0.026769 0.048969
1 0.684512 0.833763 0.030593 0.038660
1 0.701721 0.797680 0.042065 0.038660
1 0.720841 0.762887 0.026769 0.051546
1 0.740918 0.710052 0.032505 0.048969
1 0.721797 0.872423 0.043977 0.074742
1 0.779159 0.836340 0.040153 0.054124
1 0.784895 0.882732 0.032505 0.038660
1 0.827916 0.891753 0.038241 0.041237
1 0.807839 0.940722 0.040153 0.046392
1 0.832696 0.971649 0.040153 0.041237
1 0.735182 0.980670 0.043977 0.038660
1 0.920650 0.942010 0.032505 0.059278
1 0.954111 0.929124 0.026769 0.054124
1 0.979924 0.904639 0.036329 0.046392
1 0.984704 0.849227 0.026769 0.048969
1 0.901530 0.895619 0.028681 0.043814
1 0.931166 0.869845 0.038241 0.043814
1 0.926386 0.827320 0.043977 0.046392
1 0.934034 0.782216 0.032505 0.043814
1 0.977055 0.809278 0.042065 0.041237
1 0.964627 0.731959 0.028681 0.051546
1 0.943595 0.661082 0.028681 0.038660
1 0.934990 0.698454 0.034417 0.046392
1 0.985660 0.685567 0.024857 0.056701
1 0.895793 0.761598 0.043977 0.048969
1 0.843212 0.752577 0.034417 0.051546
1 0.845124 0.805412 0.042065 0.043814
1 0.865201 0.845361 0.032505 0.030928
1 0.851816 0.695876 0.040153 0.051546
1 0.875717 0.640464 0.038241 0.038660
1 0.924474 0.605670 0.028681 0.041237
1 0.749522 0.652062 0.049713 0.046392
1 0.809751 0.760309 0.032505 0.056701
1 0.804971 0.716495 0.034417 0.041237
1 0.814532 0.680412 0.030593 0.036082
1 0.778203 0.743557 0.026769 0.054124
1 0.759082 0.801546 0.038241 0.046392
1 0.651052 0.382732 0.032505 0.043814
1 0.716061 0.363402 0.036329 0.041237
1 0.772467 0.351804 0.034417 0.048969
1 0.764818 0.394330 0.038241 0.041237
1 0.800191 0.416237 0.036329 0.038660
1 0.822180 0.369845 0.034417 0.043814
1 0.859465 0.390464 0.036329 0.043814
1 0.717017 0.451031 0.042065 0.041237
1 0.647228 0.444588 0.051625 0.054124
1 0.657744 0.503866 0.034417 0.043814
1 0.706501 0.503866 0.036329 0.038660
1 0.757170 0.488402 0.034417 0.054124
1 0.794455 0.494845 0.032505 0.051546
1 0.761950 0.554124 0.040153 0.046392
1 0.704589 0.550258 0.040153 0.048969
1 0.651052 0.565722 0.036329 0.054124
1 0.613767 0.476804 0.034417 0.041237
1 0.592734 0.423969 0.034417 0.043814
1 0.566922 0.381443 0.028681 0.046392
1 0.603250 0.287371 0.036329 0.054124
1 0.644359 0.287371 0.038241 0.054124
1 0.628107 0.252577 0.028681 0.030928
1 0.642447 0.216495 0.034417 0.046392
1 0.692161 0.251289 0.030593 0.054124
1 0.692161 0.318299 0.030593 0.043814
1 0.740918 0.302835 0.040153 0.048969
1 0.783939 0.287371 0.034417 0.054124
1 0.847992 0.313144 0.040153 0.043814
1 0.541109 0.289948 0.038241 0.038660
1 0.589866 0.225515 0.032505 0.048969
1 0.687380 0.162371 0.036329 0.056701
1 0.728489 0.188144 0.042065 0.036082
1 0.964627 0.101804 0.032505 0.054124
1 0.943595 0.061856 0.028681 0.046392
1 0.934034 0.125000 0.028681 0.054124
1 0.913002 0.050258 0.032505 0.054124
1 0.899618 0.135309 0.024857 0.054124
1 0.869025 0.121134 0.032505 0.046392
1 0.877629 0.203608 0.030593 0.046392
1 0.919694 0.188144 0.034417 0.036082
1 0.908222 0.229381 0.030593 0.046392
1 0.869981 0.243557 0.026769 0.038660
1 0.959847 0.172680 0.034417 0.041237
1 0.977055 0.229381 0.026769 0.051546
1 0.952199 0.219072 0.034417 0.041237
1 0.945507 0.253866 0.024857 0.033505
1 0.961759 0.300258 0.030593 0.043814
1 0.918738 0.279639 0.024857 0.054124
1 0.880497 0.293814 0.028681 0.051546
1 0.932122 0.340206 0.021033 0.041237
1 0.963671 0.372423 0.026769 0.048969
1 0.942639 0.425258 0.030593 0.046392
1 0.915870 0.385309 0.034417 0.048969
1 0.907266 0.442010 0.032505 0.048969
1 0.927342 0.483247 0.034417 0.048969
1 0.984704 0.471649 0.030593 0.046392
1 0.892925 0.515464 0.026769 0.051546
1 0.915870 0.530928 0.026769 0.041237
1 0.891013 0.564433 0.026769 0.046392
1 0.848948 0.585052 0.038241 0.046392
1 0.865201 0.447165 0.028681 0.048969
1 0.836520 0.520619 0.043977 0.051546
1 0.806883 0.557990 0.034417 0.038660
1 0.796367 0.588918 0.032505 0.028351
1 0.787763 0.619845 0.026769 0.043814
1 0.821224 0.630155 0.024857 0.038660
1 0.650096 0.626289 0.030593 0.041237
1 0.794455 0.237113 0.036329 0.036082
1 0.824092 0.213918 0.030593 0.041237
1 0.826960 0.137887 0.024857 0.048969
1 0.824092 0.081186 0.042065 0.043814
1 0.820268 0.027062 0.030593 0.048969
1 0.858509 0.038660 0.030593 0.041237
1 0.749522 0.095361 0.042065 0.030928
1 0.648184 0.095361 0.038241 0.046392
1 0.584130 0.128866 0.040153 0.051546
1 0.614723 0.167526 0.028681 0.046392
1 0.652008 0.141753 0.042065 0.046392
1 0.583174 0.024485 0.038241 0.038660
1 0.518164 0.163660 0.030593 0.038660
1 0.557361 0.189433 0.032505 0.059278
1 0.462715 0.099227 0.042065 0.043814
1 0.469407 0.150773 0.047801 0.059278
1 0.492352 0.228093 0.036329 0.033505
1 0.448375 0.274485 0.040153 0.054124
1 0.483748 0.307990 0.049713 0.054124
1 0.414914 0.237113 0.038241 0.051546
1 0.543021 0.341495 0.053537 0.043814
1 0.409178 0.313144 0.030593 0.048969
1 0.056405 0.823454 0.036329 0.048969
1 0.076482 0.882732 0.030593 0.043814
1 0.102294 0.918814 0.032505 0.059278
1 0.131931 0.902062 0.030593 0.041237
1 0.123327 0.860825 0.051625 0.030928
1 0.039197 0.868557 0.024857 0.041237
1 0.056405 0.939433 0.028681 0.048969
1 0.107075 0.979381 0.030593 0.041237
1 0.154876 0.979381 0.034417 0.041237
1 0.173996 0.925258 0.034417 0.056701
1 0.214149 0.887887 0.042065 0.064433
1 0.273423 0.920103 0.038241 0.046392
1 0.323136 0.912371 0.034417 0.041237
1 0.311663 0.965206 0.045889 0.038660
1 0.277247 0.849227 0.038241 0.033505
1 0.342256 0.804124 0.030593 0.041237
1 0.310707 0.779639 0.028681 0.038660
1 0.380497 0.867268 0.045889 0.043814
1 0.369025 0.966495 0.038241 0.046392
1 0.390057 0.934278 0.030593 0.038660
1 0.203633 0.787371 0.032505 0.048969
1 0.164436 0.817010 0.038241 0.046392
1 0.126195 0.829897 0.045889 0.036082
1 0.176864 0.713918 0.032505 0.051546
1 0.230402 0.692010 0.032505 0.048969
1 0.401530 0.552835 0.034417 0.043814
1 0.370937 0.524485 0.026769 0.054124
1 0.365201 0.467784 0.030593 0.038660
1 0.416826 0.404639 0.030593 0.061856
1 0.477055 0.416237 0.036329 0.048969
1 0.368069 0.412371 0.028681 0.041237
1 0.348948 0.378866 0.036329 0.046392
1 0.323136 0.353093 0.034417 0.046392
1 0.405354 0.777062 0.019120 0.007732
1 0.351816 0.615979 0.042065 0.030928
1 0.316444 0.641753 0.032505 0.041237
1 0.328872 0.573454 0.057361 0.054124
1 0.294455 0.484536 0.042065 0.051546
1 0.307839 0.418814 0.038241 0.048969
1 0.282983 0.389175 0.034417 0.041237
1 0.269598 0.440722 0.038241 0.036082
1 0.245698 0.488402 0.024857 0.059278
1 0.278203 0.543814 0.032505 0.041237
1 0.281071 0.592784 0.030593 0.030928
1 0.270554 0.640464 0.032505 0.038660
1 0.211281 0.592784 0.036329 0.051546
1 0.217973 0.532216 0.042065 0.048969
1 0.132887 0.681701 0.024857 0.054124
1 0.189293 0.645619 0.038241 0.048969
1 0.150096 0.612113 0.028681 0.043814
1 0.115679 0.639175 0.036329 0.046392
1 0.096558 0.686856 0.028681 0.038660
1 0.069790 0.650773 0.032505 0.048969
1 0.185468 0.444588 0.034417 0.054124
1 0.135755 0.458763 0.034417 0.046392
1 0.130019 0.512887 0.034417 0.041237
1 0.067878 0.559278 0.032505 0.051546
1 0.036329 0.565722 0.026769 0.048969
1 0.083174 0.497423 0.032505 0.046392
1 0.105163 0.594072 0.026769 0.038660
1 0.358509 0.073454 0.032505 0.043814
1 0.408222 0.065722 0.036329 0.038660
1 0.750478 0.042526 0.036329 0.048969
1 0.631931 0.047680 0.024857 0.028351
1 0.513384 0.375000 0.028681 0.043814
1 0.366157 0.234536 0.024857 0.036082
1 0.386233 0.264175 0.019120 0.038660
1 0.083174 0.744845 0.032505 0.046392
1 0.223709 0.976804 0.030593 0.036082
