1 0.491546 0.520365 0.050725 0.037921
1 0.535024 0.643961 0.050725 0.023876
1 0.335749 0.650281 0.082126 0.025281
1 0.130435 0.484551 0.038647 0.033708
1 0.059179 0.420646 0.045894 0.035112
1 0.434783 0.882725 0.038647 0.029494
1 0.821256 0.122893 0.043478 0.026685
1 0.379227 0.165028 0.038647 0.021067
3 0.305556 0.221208 0.166667 0.082865
3 0.431159 0.226826 0.103865 0.060393
3 0.508454 0.153090 0.128019 0.075843
3 0.591787 0.054073 0.125604 0.063202
3 0.635266 0.110955 0.106280 0.064607
3 0.739130 0.075843 0.115942 0.070225
3 0.227053 0.630618 0.115942 0.064607
3 0.329710 0.591292 0.123188 0.075843
3 0.172705 0.553371 0.128019 0.070225
3 0.265700 0.533006 0.096618 0.060393
3 0.367150 0.482444 0.111111 0.066011
3 0.315217 0.719101 0.123188 0.070225
3 0.101449 0.683989 0.125604 0.056180
3 0.213768 0.688904 0.094203 0.051966
3 0.461353 0.586376 0.135266 0.085674
3 0.495169 0.462781 0.115942 0.057584
3 0.539855 0.383427 0.132850 0.073034
3 0.770531 0.462079 0.115942 0.081461
3 0.571256 0.526685 0.094203 0.075843
3 0.269324 0.390449 0.103865 0.050562
3 0.442029 0.304073 0.115942 0.060393
3 0.667874 0.510534 0.103865 0.051966
3 0.606280 0.287921 0.125604 0.067416
3 0.659420 0.334972 0.106280 0.060393
3 0.739130 0.546348 0.096618 0.070225
3 0.347826 0.844803 0.183575 0.099719
3 0.535024 0.833567 0.137681 0.071629
3 0.458937 0.771067 0.111111 0.067416
3 0.845411 0.936798 0.125604 0.061798
3 0.218599 0.750702 0.128019 0.074438
3 0.612319 0.899579 0.137681 0.068820
3 0.940821 0.876404 0.113527 0.073034
3 0.503623 0.916433 0.103865 0.068820
3 0.535024 0.698736 0.123188 0.071629
3 0.636473 0.651685 0.118357 0.075843
3 0.791063 0.175562 0.123188 0.070225
3 0.905797 0.183989 0.106280 0.078652
3 0.900966 0.041433 0.120773 0.060393
3 0.661836 0.205758 0.111111 0.051966
3 0.869565 0.386938 0.101449 0.074438
3 0.671498 0.577949 0.091787 0.063202
3 0.247585 0.957163 0.128019 0.082865
3 0.129227 0.966994 0.108696 0.057584
3 0.160628 0.839185 0.123188 0.074438
3 0.631643 0.424860 0.103865 0.057584
3 0.111111 0.793539 0.091787 0.053371
3 0.423913 0.943118 0.128019 0.054775
3 0.752415 0.941713 0.113527 0.077247
