0 0.117864 0.126531 0.022163 0.019592
0 0.095366 0.128163 0.020148 0.032653
0 0.105776 0.165306 0.012760 0.033469
0 0.104433 0.206939 0.011417 0.031837
0 0.124244 0.217959 0.016118 0.026122
0 0.123573 0.168980 0.014775 0.029388
0 0.139355 0.268980 0.014103 0.028571
0 0.110477 0.278367 0.022163 0.024490
0 0.150772 0.226939 0.020819 0.026122
0 0.177972 0.166122 0.018805 0.026939
0 0.144728 0.168980 0.020819 0.029388
0 0.199127 0.167755 0.019476 0.025306
0 0.191739 0.191837 0.016790 0.022857
0 0.202149 0.227755 0.017461 0.031020
0 0.216924 0.242857 0.018805 0.028571
0 0.233042 0.267755 0.017461 0.027755
0 0.217931 0.203673 0.016790 0.023673
0 0.238751 0.202857 0.018133 0.028571
0 0.258227 0.284082 0.019476 0.022857
0 0.246810 0.351837 0.016790 0.029388
0 0.144392 0.322449 0.021491 0.024490
0 0.102418 0.350612 0.023506 0.030204
0 0.125923 0.393061 0.019476 0.028571
0 0.149765 0.361633 0.025520 0.032653
0 0.125923 0.354694 0.018133 0.031837
0 0.118536 0.309388 0.020819 0.024490
0 0.172935 0.348980 0.018133 0.028571
0 0.203156 0.360816 0.016790 0.029388
0 0.826058 0.117959 0.021491 0.026939
0 0.833781 0.150204 0.016790 0.024490
0 0.843183 0.219184 0.018133 0.028571
0 0.860981 0.245714 0.022834 0.027755
0 0.876427 0.272653 0.020148 0.022857
0 0.854936 0.101633 0.020148 0.025306
0 0.924446 0.080816 0.022163 0.019592
0 0.931498 0.160408 0.017461 0.026939
0 0.900604 0.158367 0.024177 0.031020
0 0.891202 0.237143 0.020148 0.025306
0 0.940564 0.244082 0.020819 0.029388
0 0.933177 0.109796 0.022163 0.025306
0 0.787105 0.091429 0.020148 0.022857
0 0.766286 0.091429 0.020148 0.024490
0 0.721961 0.079184 0.018805 0.026122
0 0.715581 0.099592 0.015447 0.027755
0 0.694426 0.033878 0.026864 0.033469
0 0.670248 0.126939 0.017461 0.031837
0 0.696776 0.135510 0.018133 0.027755
0 0.682001 0.187755 0.019476 0.027755
0 0.659503 0.208163 0.014775 0.022857
0 0.661518 0.269796 0.020148 0.025306
0 0.642377 0.286122 0.018133 0.025306
0 0.684352 0.248163 0.017461 0.029388
0 0.640698 0.339592 0.018805 0.026122
0 0.610141 0.348163 0.018133 0.022041
0 0.611820 0.372653 0.017461 0.022041
0 0.606447 0.461633 0.021491 0.028571
0 0.687374 0.297143 0.018133 0.027755
0 0.686702 0.373878 0.018133 0.029388
0 0.681330 0.421633 0.016790 0.028571
0 0.715245 0.466939 0.018805 0.027755
0 0.752183 0.477959 0.017461 0.025306
0 0.745467 0.442857 0.017461 0.028571
0 0.700470 0.405714 0.016118 0.024490
0 0.702149 0.550612 0.020819 0.031837
0 0.714909 0.620000 0.019476 0.028571
0 0.685024 0.629388 0.024177 0.031020
0 0.738751 0.591020 0.018805 0.031020
0 0.737743 0.556327 0.019476 0.028571
0 0.667898 0.576327 0.019476 0.024490
0 0.606447 0.566531 0.018805 0.024490
0 0.604097 0.534286 0.019476 0.025306
0 0.648422 0.496327 0.022163 0.022857
0 0.631968 0.533061 0.022834 0.029388
0 0.650101 0.547347 0.022834 0.028571
0 0.731363 0.648163 0.020148 0.026122
0 0.648422 0.245714 0.014103 0.031020
0 0.875084 0.135102 0.018805 0.028571
0 0.909335 0.102449 0.021491 0.022041
0 0.985225 0.624082 0.018805 0.028571
0 0.981195 0.744898 0.020148 0.026939
0 0.958697 0.843265 0.022163 0.031020
0 0.973136 0.864082 0.025520 0.026939
0 0.420416 0.533878 0.024177 0.031020
0 0.461383 0.595918 0.017461 0.027755
0 0.477166 0.621224 0.020819 0.026122
0 0.456682 0.531429 0.016118 0.032653
0 0.514439 0.577959 0.024177 0.027755
0 0.513768 0.545306 0.022834 0.024490
0 0.474144 0.535102 0.017461 0.031837
0 0.514775 0.601633 0.020819 0.021224
0 0.446273 0.577551 0.015447 0.028571
0 0.577905 0.397143 0.020819 0.025306
0 0.575554 0.421633 0.020148 0.023673
0 0.579584 0.455510 0.018805 0.026122
0 0.558093 0.455918 0.018805 0.023673
0 0.651780 0.362041 0.015447 0.025306
0 0.365346 0.191837 0.020148 0.034286
0 0.374412 0.234694 0.018133 0.030204
0 0.402619 0.143673 0.016790 0.031020
0 0.404298 0.183673 0.017461 0.026122
0 0.418066 0.161224 0.018133 0.026939
0 0.438549 0.157959 0.018805 0.028571
0 0.453996 0.170612 0.016118 0.027755
0 0.463398 0.139184 0.016118 0.025306
0 0.429147 0.126939 0.018805 0.025306
0 0.409671 0.253878 0.017461 0.029388
0 0.430154 0.287755 0.019476 0.025306
0 0.383143 0.322041 0.020819 0.025306
0 0.399933 0.354286 0.019476 0.024490
0 0.410343 0.316735 0.014775 0.029388
0 0.425118 0.339592 0.014775 0.024490
0 0.431833 0.316735 0.016118 0.024490
0 0.456011 0.280408 0.017461 0.026939
0 0.465413 0.251837 0.018805 0.030204
0 0.461719 0.366939 0.018133 0.023673
0 0.470114 0.398367 0.018805 0.024490
0 0.482539 0.363673 0.018133 0.028571
0 0.508395 0.368571 0.018805 0.035102
0 0.299194 0.337143 0.018133 0.024490
0 0.326394 0.377143 0.022834 0.027755
0 0.348220 0.366531 0.018133 0.031020
0 0.317999 0.353061 0.016790 0.028571
0 0.290128 0.238367 0.016118 0.024490
0 0.301209 0.252245 0.024849 0.022857
0 0.312290 0.272245 0.016118 0.022041
0 0.150437 0.076735 0.025520 0.019592
0 0.191068 0.321224 0.016790 0.030204
0 0.168234 0.397551 0.020819 0.029388
0 0.488919 0.283673 0.018805 0.031837
0 0.320013 0.234694 0.018133 0.023673
0 0.399933 0.108163 0.019476 0.028571
0 0.389523 0.124490 0.017461 0.030204
0 0.231363 0.176327 0.014103 0.026122
0 0.137005 0.146122 0.021491 0.026122
0 0.157488 0.143265 0.019476 0.028571
0 0.568502 0.492653 0.019476 0.025306
0 0.612156 0.493469 0.022163 0.025306
0 0.715917 0.522857 0.020148 0.023673
0 0.735393 0.492245 0.017461 0.026122
0 0.628274 0.597551 0.024849 0.026122
0 0.644392 0.624898 0.022163 0.022041
0 0.882471 0.100000 0.020148 0.023673
0 0.714574 0.369388 0.017461 0.023673
0 0.691739 0.340000 0.017461 0.023673
0 0.381464 0.946939 0.016118 0.035918
0 0.683009 0.671429 0.016118 0.023673
0 0.970114 0.773061 0.018133 0.027755
0 0.962055 0.806531 0.016790 0.024490
0 0.963398 0.612653 0.022163 0.023673
0 0.970114 0.590204 0.023506 0.017959
0 0.919073 0.253878 0.022163 0.022857
0 0.682673 0.059592 0.020819 0.027755
0 0.220282 0.306122 0.017461 0.026122
0 0.081598 0.484082 0.019476 0.017959
0 0.107790 0.528980 0.018133 0.032653
0 0.059772 0.544082 0.018805 0.023673
0 0.835124 0.881224 0.026192 0.018776
0 0.880457 0.775102 0.014775 0.018776
0 0.965749 0.688163 0.018805 0.021224
0 0.953660 0.130204 0.018805 0.020408
0 0.952317 0.202449 0.018805 0.024490
0 0.964406 0.175102 0.017461 0.020408
0 0.122901 0.245714 0.017461 0.021224
0 0.100739 0.252245 0.016118 0.029388
0 0.672935 0.515918 0.017461 0.022857
0 0.730692 0.432245 0.020148 0.022041
0 0.686031 0.593469 0.019476 0.024490
0 0.680322 0.531429 0.017461 0.021224
0 0.632304 0.423265 0.022163 0.023673
0 0.017126 0.387755 0.020819 0.026122
0 0.010410 0.371837 0.022163 0.018776
0 0.008059 0.468571 0.014775 0.022857
0 0.158496 0.429388 0.026864 0.016327
0 0.161182 0.290612 0.016118 0.026122
0 0.171927 0.243673 0.018805 0.023673
0 0.240094 0.315510 0.014103 0.020408
0 0.255876 0.252653 0.013432 0.020408
0 0.315648 0.295918 0.014775 0.018776
0 0.324715 0.318367 0.015447 0.019592
0 0.340161 0.217143 0.014103 0.017959
0 0.375084 0.146939 0.016790 0.031020
0 0.496306 0.342449 0.017461 0.030204
0 0.436535 0.394286 0.017461 0.021224
0 0.703156 0.662449 0.016118 0.022041
0 0.975823 0.716735 0.016118 0.017959
0 0.724647 0.717551 0.020148 0.026122
0 0.698120 0.437143 0.016790 0.020408
0 0.492612 0.530204 0.015447 0.025306
0 0.492948 0.629388 0.018805 0.021224
0 0.498321 0.614286 0.014775 0.023673
0 0.444258 0.619592 0.015447 0.029388
0 0.458361 0.662857 0.024849 0.017959
0 0.468099 0.644898 0.014775 0.021224
0 0.473472 0.662041 0.017461 0.016327
0 0.447616 0.329796 0.015447 0.022857
0 0.480524 0.311020 0.015447 0.021224
0 0.449295 0.210612 0.017461 0.019592
0 0.479181 0.155918 0.014103 0.021224
0 0.482539 0.222041 0.011417 0.029388
0 0.205507 0.110204 0.017461 0.026122
0 0.266958 0.369388 0.016790 0.023673
0 0.346877 0.262041 0.015447 0.026122
0 0.380121 0.108980 0.017461 0.022041
0 0.667898 0.232653 0.018133 0.024490
0 0.665547 0.173469 0.014775 0.025306
0 0.691068 0.097551 0.017461 0.022041
0 0.647414 0.062449 0.020148 0.022041
0 0.645064 0.040000 0.016790 0.014694
0 0.876091 0.222041 0.018133 0.024490
0 0.886501 0.193469 0.018805 0.021224
0 0.856615 0.151837 0.018133 0.021224
0 0.899597 0.269796 0.019476 0.023673
0 0.925453 0.194694 0.016118 0.018776
0 0.806582 0.093061 0.018805 0.021224
0 0.895567 0.078776 0.015447 0.017143
0 0.839490 0.188571 0.010745 0.019592
0 0.824379 0.195102 0.011417 0.027755
0 0.689389 0.158776 0.015447 0.018776
0 0.313633 0.528980 0.016118 0.016327
0 0.311619 0.512245 0.021491 0.013878
0 0.962727 0.447755 0.015447 0.026939
0 0.958361 0.394286 0.012089 0.035918
0 0.805574 0.855102 0.015447 0.026939
0 0.784755 0.755918 0.016790 0.037551
0 0.080591 0.310612 0.016118 0.023673
0 0.890531 0.869796 0.017461 0.015510
0 0.920752 0.868980 0.014775 0.022041
0 0.927804 0.889796 0.011417 0.013061
0 0.847884 0.840816 0.020819 0.021224
0 0.812962 0.831020 0.010074 0.013061
0 0.789792 0.664898 0.012089 0.013878
0 0.816320 0.643673 0.015447 0.022041
0 0.771659 0.655510 0.014775 0.026122
0 0.880121 0.700000 0.011417 0.023673
0 0.819006 0.591837 0.011417 0.017959
0 0.873069 0.580408 0.013432 0.024490
0 0.917058 0.808980 0.014103 0.016327
0 0.960712 0.760816 0.010074 0.019592
0 0.008731 0.563265 0.016118 0.017959
0 0.048355 0.573061 0.013432 0.019592
0 0.034923 0.581633 0.012089 0.017143
0 0.038617 0.594694 0.007388 0.018776
0 0.067159 0.571837 0.018805 0.020408
0 0.089322 0.547347 0.025520 0.010612
0 0.786434 0.589796 0.009402 0.036735
0 0.797515 0.553469 0.008731 0.027755
0 0.478173 0.721224 0.021491 0.028571
0 0.030893 0.522857 0.013432 0.018776
0 0.262592 0.397143 0.020148 0.017143
0 0.361988 0.381633 0.017461 0.023673
0 0.163197 0.051837 0.018805 0.022041
0 0.085292 0.416327 0.021491 0.035918
0 0.552384 0.427755 0.018133 0.017959
0 0.823036 0.011837 0.028878 0.012245
0 0.982203 0.041224 0.011417 0.013878
0 0.960040 0.009388 0.010074 0.013878
0 0.982874 0.013878 0.011417 0.016327
0 0.941572 0.029388 0.013432 0.011429
0 0.974144 0.350612 0.012760 0.022041
0 0.963398 0.330612 0.012760 0.021224
0 0.673606 0.734694 0.012089 0.017959
0 0.671927 0.767347 0.010074 0.013061
0 0.500336 0.859184 0.012089 0.015510
0 0.244459 0.764082 0.014775 0.022857
0 0.813633 0.747347 0.018133 0.018776
0 0.841504 0.641633 0.009402 0.024490
0 0.828073 0.909796 0.021491 0.015510
0 0.805574 0.905714 0.016790 0.013878
0 0.932841 0.989388 0.016118 0.014694
0 0.836132 0.853469 0.010745 0.015510
0 0.391538 0.902449 0.010745 0.017143
1 0.839825 0.256327 0.015447 0.014694
1 0.847884 0.273061 0.011417 0.013878
1 0.783747 0.303265 0.012089 0.010612
1 0.843855 0.906531 0.011417 0.015510
1 0.910343 0.966939 0.007388 0.008980
1 0.096038 0.059592 0.018805 0.016327
1 0.431833 0.062041 0.010745 0.009796
1 0.439557 0.029796 0.012760 0.010612
1 0.627267 0.012245 0.010745 0.014694
1 0.861316 0.011020 0.014103 0.010612
1 0.815312 0.624490 0.012089 0.014694
1 0.324715 0.764490 0.010074 0.017143
1 0.227670 0.795510 0.013432 0.012245
