0 0.523626 0.882353 0.025275 0.025882
0 0.186813 0.141765 0.019780 0.022353
0 0.665934 0.214118 0.021978 0.028235
0 0.067033 0.539412 0.019780 0.031765
0 0.688462 0.112353 0.045055 0.045882
0 0.585165 0.621176 0.042857 0.023529
0 0.595055 0.867059 0.034066 0.035294
0 0.608242 0.220588 0.036264 0.024706
0 0.555495 0.646471 0.029670 0.024706
0 0.725824 0.194706 0.025275 0.034118
0 0.422527 0.311765 0.025275 0.032941
0 0.672527 0.268235 0.024176 0.028235
0 0.114286 0.201176 0.026374 0.037647
0 0.631868 0.024118 0.024176 0.038824
0 0.692308 0.735882 0.046154 0.024706
0 0.918132 0.225882 0.029670 0.028235
0 0.121978 0.647059 0.057143 0.035294
0 0.158791 0.962353 0.038462 0.035294
0 0.482418 0.817059 0.028571 0.027059
0 0.663187 0.081765 0.038462 0.034118
0 0.054945 0.118824 0.039560 0.018824
0 0.569231 0.440588 0.028571 0.031765
0 0.434615 0.182941 0.038462 0.034118
0 0.126374 0.508235 0.054945 0.037647
0 0.912088 0.952353 0.035165 0.038824
0 0.790110 0.499412 0.030769 0.027059
0 0.477473 0.857059 0.025275 0.027059
0 0.468681 0.834706 0.025275 0.020000
0 0.370879 0.953529 0.027473 0.048235
0 0.596154 0.151176 0.031868 0.034118
0 0.028571 0.054706 0.032967 0.031765
0 0.365934 0.311765 0.021978 0.025882
0 0.469231 0.904118 0.032967 0.036471
0 0.320879 0.075882 0.028571 0.029412
0 0.684066 0.291176 0.018681 0.020000
0 0.221429 0.112941 0.023077 0.021176
0 0.917033 0.450588 0.053846 0.023529
0 0.719231 0.232353 0.049451 0.024706
0 0.518681 0.570588 0.032967 0.025882
0 0.083516 0.202353 0.026374 0.030588
0 0.771429 0.045882 0.028571 0.028235
0 0.951099 0.585294 0.029670 0.043529
0 0.485714 0.707059 0.021978 0.018824
0 0.876923 0.125882 0.039560 0.032941
0 0.404945 0.297059 0.025275 0.036471
0 0.875275 0.937059 0.040659 0.027059
0 0.721978 0.961765 0.026374 0.024706
0 0.153846 0.914118 0.028571 0.018824
0 0.831868 0.042353 0.035165 0.044706
0 0.248901 0.375882 0.027473 0.050588
0 0.697253 0.270588 0.031868 0.030588
0 0.906593 0.856471 0.043956 0.044706
0 0.148352 0.371176 0.030769 0.029412
0 0.658242 0.398235 0.028571 0.029412
0 0.114286 0.100588 0.030769 0.029412
0 0.860989 0.509412 0.025275 0.028235
0 0.441209 0.355882 0.031868 0.036471
0 0.412088 0.612353 0.019780 0.020000
0 0.538462 0.840000 0.030769 0.025882
0 0.818132 0.244706 0.040659 0.016471
0 0.445604 0.054118 0.036264 0.035294
0 0.245055 0.247059 0.035165 0.035294
0 0.806044 0.776471 0.020879 0.018824
0 0.613736 0.245294 0.027473 0.020000
0 0.584066 0.749412 0.040659 0.030588
0 0.854945 0.892941 0.035165 0.030588
0 0.907143 0.500000 0.036264 0.021176
0 0.559341 0.382941 0.039560 0.036471
0 0.366484 0.503529 0.027473 0.035294
0 0.767033 0.088824 0.028571 0.036471
0 0.929670 0.326471 0.046154 0.041176
0 0.198352 0.887059 0.031868 0.037647
0 0.162637 0.201765 0.030769 0.036471
0 0.579121 0.134118 0.041758 0.054118
0 0.332967 0.341765 0.026374 0.055294
0 0.645055 0.235882 0.026374 0.027059
0 0.648352 0.487647 0.037363 0.027059
0 0.072527 0.852353 0.019780 0.024706
0 0.074725 0.738824 0.035165 0.023529
0 0.553846 0.876471 0.028571 0.030588
0 0.459890 0.290000 0.020879 0.041176
0 0.801099 0.114118 0.043956 0.028235
0 0.106044 0.074118 0.025275 0.021176
0 0.326923 0.522353 0.038462 0.021176
0 0.413736 0.645882 0.020879 0.023529
0 0.569231 0.501765 0.074725 0.031765
0 0.247802 0.685882 0.040659 0.037647
0 0.200549 0.696471 0.040659 0.028235
0 0.188462 0.067059 0.025275 0.028235
0 0.303846 0.241176 0.031868 0.037647
0 0.250549 0.292353 0.028571 0.048235
0 0.646703 0.050588 0.027473 0.028235
0 0.791758 0.557647 0.020879 0.025882
0 0.192857 0.225294 0.025275 0.031765
0 0.624176 0.265882 0.026374 0.023529
0 0.080769 0.041765 0.036264 0.022353
0 0.741758 0.908824 0.030769 0.029412
0 0.632418 0.461765 0.056044 0.034118
0 0.750000 0.948235 0.040659 0.023529
0 0.078022 0.174118 0.019780 0.018824
0 0.333516 0.128235 0.025275 0.030588
0 0.184615 0.013529 0.019780 0.027059
0 0.655495 0.510000 0.036264 0.027059
0 0.871978 0.820000 0.034066 0.044706
0 0.687363 0.630588 0.038462 0.023529
0 0.252198 0.062941 0.031868 0.024706
0 0.496703 0.222353 0.043956 0.023529
0 0.730769 0.296471 0.035165 0.030588
0 0.081319 0.091765 0.021978 0.018824
0 0.291758 0.842353 0.031868 0.028235
0 0.964835 0.538235 0.030769 0.038824
0 0.567582 0.580588 0.029670 0.022353
0 0.560440 0.215294 0.026374 0.030588
0 0.306593 0.357647 0.028571 0.051765
0 0.212637 0.398235 0.029670 0.057647
0 0.296154 0.048235 0.025275 0.025882
0 0.232967 0.899412 0.035165 0.029412
0 0.167582 0.346471 0.036264 0.036471
0 0.825824 0.300588 0.031868 0.038824
0 0.516484 0.803529 0.030769 0.025882
0 0.058791 0.197647 0.020879 0.025882
0 0.526374 0.295882 0.024176 0.029412
0 0.790110 0.178235 0.032967 0.024706
0 0.885165 0.588824 0.016484 0.055294
0 0.304945 0.910588 0.040659 0.042353
0 0.502198 0.552353 0.030769 0.029412
0 0.692308 0.762353 0.039560 0.025882
0 0.559341 0.794706 0.024176 0.029412
0 0.639011 0.431176 0.034066 0.024706
0 0.290659 0.624118 0.040659 0.031765
0 0.230220 0.164706 0.023077 0.023529
0 0.860989 0.599412 0.029670 0.034118
0 0.644505 0.891765 0.034066 0.023529
0 0.571978 0.397059 0.040659 0.038824
0 0.854945 0.552353 0.026374 0.027059
0 0.358791 0.469412 0.045055 0.042353
0 0.693407 0.799412 0.039560 0.029412
0 0.960989 0.714706 0.027473 0.029412
0 0.790110 0.258235 0.032967 0.027059
0 0.906044 0.129412 0.025275 0.028235
0 0.098352 0.517059 0.040659 0.024706
0 0.981868 0.634706 0.031868 0.031765
0 0.112088 0.162941 0.019780 0.024706
0 0.460989 0.764706 0.020879 0.021176
0 0.640110 0.658824 0.045055 0.023529
0 0.402198 0.880000 0.026374 0.028235
0 0.803846 0.527059 0.025275 0.028235
0 0.047802 0.857647 0.025275 0.023529
0 0.283516 0.276471 0.024176 0.028235
0 0.681868 0.548824 0.040659 0.038824
0 0.251099 0.440000 0.036264 0.044706
0 0.821978 0.792353 0.039560 0.022353
0 0.976923 0.195294 0.024176 0.021176
0 0.517033 0.828235 0.027473 0.025882
0 0.444505 0.503529 0.034066 0.028235
0 0.955495 0.410000 0.060440 0.048235
0 0.438462 0.104706 0.039560 0.035294
0 0.279121 0.374706 0.026374 0.048235
0 0.740110 0.258824 0.045055 0.040000
0 0.361538 0.340588 0.021978 0.029412
0 0.288462 0.132353 0.031868 0.024706
0 0.976923 0.022941 0.043956 0.041176
0 0.399451 0.250588 0.027473 0.023529
0 0.502198 0.865882 0.024176 0.018824
0 0.332418 0.248235 0.025275 0.028235
0 0.912637 0.394706 0.056044 0.045882
0 0.667033 0.851176 0.030769 0.041176
0 0.346703 0.922353 0.020879 0.023529
0 0.506044 0.750588 0.038462 0.040000
0 0.441209 0.952353 0.025275 0.022353
0 0.920330 0.020588 0.034066 0.038824
0 0.063736 0.955294 0.028571 0.028235
0 0.821978 0.608824 0.028571 0.029412
0 0.740659 0.721765 0.017582 0.048235
0 0.109890 0.358235 0.039560 0.038824
0 0.814286 0.752353 0.046154 0.022353
0 0.403297 0.968824 0.030769 0.031765
0 0.203297 0.724118 0.030769 0.031765
0 0.263736 0.651765 0.028571 0.023529
0 0.400000 0.737059 0.021978 0.050588
0 0.425275 0.148824 0.050549 0.027059
0 0.797802 0.580588 0.024176 0.031765
0 0.784615 0.921176 0.054945 0.023529
0 0.554945 0.922353 0.028571 0.030588
0 0.384615 0.620000 0.032967 0.028235
0 0.227473 0.612941 0.041758 0.037647
0 0.553846 0.338235 0.028571 0.029412
0 0.725275 0.840588 0.030769 0.024706
0 0.352198 0.032941 0.031868 0.032941
0 0.524725 0.325294 0.034066 0.029412
0 0.781319 0.830588 0.035165 0.023529
0 0.932967 0.732353 0.028571 0.036471
0 0.627473 0.184118 0.028571 0.029412
0 0.087912 0.158824 0.028571 0.035294
0 0.601648 0.418824 0.027473 0.023529
0 0.886813 0.900000 0.037363 0.028235
0 0.720879 0.812353 0.021978 0.041176
0 0.463187 0.804706 0.042857 0.051765
0 0.347802 0.788824 0.031868 0.034118
0 0.926374 0.522353 0.028571 0.032941
0 0.308791 0.773529 0.030769 0.041176
0 0.189011 0.427059 0.035165 0.037647
0 0.531868 0.467059 0.032967 0.030588
0 0.049451 0.152941 0.035165 0.032941
0 0.673626 0.692941 0.057143 0.028235
0 0.505495 0.368235 0.046154 0.037647
0 0.283516 0.074118 0.030769 0.030588
0 0.366484 0.130588 0.036264 0.025882
0 0.582967 0.659412 0.031868 0.029412
0 0.171429 0.058235 0.017582 0.017647
0 0.834615 0.487647 0.025275 0.031765
0 0.424176 0.572941 0.035165 0.037647
0 0.145604 0.665882 0.029670 0.023529
0 0.815385 0.887647 0.030769 0.022353
0 0.520879 0.088824 0.050549 0.036471
0 0.870879 0.310588 0.038462 0.030588
0 0.533516 0.375882 0.045055 0.034118
0 0.931319 0.577059 0.029670 0.043529
0 0.882418 0.730588 0.032967 0.025882
0 0.689011 0.221765 0.046154 0.041176
0 0.208242 0.314706 0.031868 0.027059
0 0.695055 0.841765 0.025275 0.024706
0 0.665934 0.014118 0.030769 0.023529
0 0.968681 0.138235 0.034066 0.031765
0 0.023626 0.435294 0.031868 0.044706
0 0.161538 0.443529 0.041758 0.042353
0 0.016484 0.591176 0.030769 0.045882
0 0.085165 0.865294 0.029670 0.022353
0 0.973626 0.823529 0.028571 0.049412
0 0.563736 0.839412 0.021978 0.031765
0 0.906044 0.310000 0.042857 0.036471
0 0.917033 0.627059 0.025275 0.058824
0 0.089011 0.617059 0.035165 0.027059
0 0.510989 0.128235 0.052747 0.042353
0 0.215934 0.142941 0.034066 0.029412
0 0.065385 0.801176 0.031868 0.023529
0 0.202747 0.257647 0.036264 0.030588
0 0.129670 0.338235 0.032967 0.048235
0 0.978571 0.960000 0.031868 0.032941
0 0.538462 0.684118 0.026374 0.027059
0 0.177473 0.942941 0.036264 0.036471
0 0.305495 0.108235 0.035165 0.018824
0 0.973626 0.755882 0.043956 0.034118
0 0.803297 0.859412 0.035165 0.024706
0 0.724176 0.127647 0.035165 0.045882
0 0.823626 0.550000 0.025275 0.024706
0 0.416484 0.815294 0.032967 0.040000
0 0.159341 0.134706 0.026374 0.020000
0 0.036813 0.374118 0.031868 0.032941
0 0.454945 0.331765 0.026374 0.037647
0 0.300549 0.553529 0.036264 0.020000
0 0.748901 0.775294 0.020879 0.044706
0 0.753297 0.506471 0.038462 0.034118
0 0.384615 0.341176 0.028571 0.021176
0 0.315385 0.026471 0.030769 0.024706
0 0.856044 0.221176 0.026374 0.025882
0 0.142857 0.162941 0.021978 0.020000
0 0.842857 0.704706 0.059341 0.047059
0 0.845055 0.191765 0.032967 0.028235
0 0.615934 0.385882 0.038462 0.030588
0 0.082418 0.408824 0.037363 0.027059
0 0.126374 0.604118 0.035165 0.022353
0 0.875824 0.272353 0.037363 0.036471
0 0.504396 0.928824 0.035165 0.029412
0 0.068681 0.433529 0.038462 0.022353
0 0.095604 0.544118 0.035165 0.029412
0 0.960989 0.054118 0.034066 0.047059
0 0.279121 0.597059 0.035165 0.022353
0 0.693407 0.709412 0.046154 0.021176
0 0.807143 0.224706 0.051648 0.023529
0 0.707692 0.321765 0.039560 0.029412
0 0.495055 0.458235 0.031868 0.024706
0 0.023077 0.207059 0.026374 0.037647
0 0.642857 0.204706 0.032967 0.028235
0 0.501099 0.048235 0.021978 0.018824
0 0.042857 0.085294 0.028571 0.020000
0 0.895055 0.372353 0.051648 0.034118
0 0.250549 0.732941 0.032967 0.051765
0 0.445604 0.018235 0.045055 0.029412
0 0.753846 0.204118 0.028571 0.036471
0 0.367582 0.239412 0.034066 0.034118
0 0.086813 0.282353 0.032967 0.035294
