0 0.110000 0.073214 0.043333 0.042857
0 0.195000 0.057143 0.023333 0.021429
0 0.164167 0.066964 0.018333 0.030357
0 0.250833 0.081250 0.025000 0.041071
0 0.299167 0.049107 0.041667 0.026786
0 0.501667 0.041964 0.050000 0.044643
0 0.467500 0.083929 0.051667 0.042857
0 0.585000 0.077679 0.043333 0.044643
0 0.628333 0.108929 0.030000 0.035714
0 0.670833 0.084821 0.045000 0.055357
0 0.743333 0.082143 0.040000 0.032143
0 0.815833 0.109821 0.045000 0.048214
0 0.868333 0.100893 0.036667 0.041071
0 0.914167 0.214286 0.038333 0.046429
0 0.925833 0.259821 0.045000 0.044643
0 0.979167 0.265179 0.031667 0.048214
0 0.944167 0.329464 0.035000 0.062500
0 0.920000 0.318750 0.033333 0.044643
0 0.850833 0.349107 0.041667 0.062500
0 0.760000 0.308929 0.050000 0.046429
0 0.800833 0.231250 0.038333 0.044643
0 0.707500 0.203571 0.048333 0.060714
0 0.754167 0.140179 0.025000 0.030357
0 0.602500 0.229464 0.051667 0.066071
0 0.509167 0.181250 0.028333 0.044643
0 0.530833 0.175893 0.025000 0.041071
0 0.427500 0.138393 0.041667 0.041071
0 0.375000 0.103571 0.040000 0.042857
0 0.223333 0.133036 0.046667 0.048214
0 0.114167 0.165179 0.038333 0.044643
0 0.175833 0.208929 0.035000 0.050000
0 0.124167 0.219643 0.041667 0.032143
0 0.043333 0.325000 0.033333 0.060714
0 0.033333 0.904464 0.053333 0.073214
0 0.035833 0.808036 0.031667 0.048214
0 0.092500 0.751786 0.055000 0.046429
0 0.058333 0.695536 0.036667 0.033929
0 0.064167 0.611607 0.035000 0.037500
0 0.056667 0.469643 0.050000 0.050000
0 0.106667 0.541964 0.053333 0.051786
0 0.296667 0.180357 0.046667 0.039286
0 0.437500 0.214286 0.058333 0.057143
0 0.380833 0.183929 0.035000 0.035714
0 0.942500 0.170536 0.018333 0.041071
0 0.739167 0.379464 0.058333 0.055357
0 0.824167 0.403571 0.051667 0.053571
0 0.891667 0.474107 0.040000 0.055357
0 0.945000 0.467857 0.033333 0.060714
0 0.948333 0.408929 0.050000 0.053571
0 0.874167 0.533929 0.048333 0.071429
0 0.818333 0.552679 0.040000 0.041071
0 0.793333 0.483929 0.030000 0.050000
0 0.725000 0.478571 0.043333 0.039286
0 0.730000 0.461607 0.056667 0.044643
0 0.629167 0.448214 0.035000 0.050000
0 0.652500 0.498214 0.041667 0.042857
0 0.747500 0.641964 0.021667 0.037500
0 0.735833 0.663393 0.018333 0.026786
0 0.770833 0.705357 0.045000 0.032143
0 0.739167 0.858929 0.045000 0.053571
0 0.774167 0.941964 0.061667 0.058929
0 0.851667 0.948214 0.053333 0.050000
0 0.932500 0.941071 0.028333 0.028571
0 0.940000 0.900893 0.026667 0.033929
0 0.940000 0.841964 0.046667 0.051786
0 0.815833 0.897321 0.028333 0.044643
0 0.929167 0.773214 0.038333 0.053571
0 0.905000 0.705357 0.026667 0.039286
0 0.912500 0.683929 0.028333 0.032143
0 0.962500 0.682143 0.025000 0.028571
0 0.671667 0.391071 0.036667 0.039286
0 0.641667 0.281250 0.026667 0.033929
0 0.666667 0.282143 0.036667 0.032143
0 0.880833 0.243750 0.021667 0.037500
0 0.840000 0.283929 0.026667 0.032143
0 0.890000 0.400000 0.036667 0.039286
0 0.873333 0.645536 0.026667 0.037500
0 0.598333 0.922321 0.026667 0.026786
0 0.613333 0.943750 0.036667 0.041071
0 0.565833 0.962500 0.028333 0.042857
0 0.640833 0.865179 0.025000 0.041071
0 0.565000 0.189286 0.040000 0.046429
0 0.299167 0.900893 0.035000 0.069643
0 0.387500 0.886607 0.038333 0.044643
0 0.362500 0.967857 0.028333 0.035714
0 0.344167 0.975000 0.025000 0.035714
0 0.416667 0.969643 0.030000 0.057143
0 0.237500 0.741964 0.045000 0.055357
0 0.276667 0.800000 0.040000 0.046429
0 0.102500 0.653571 0.058333 0.035714
0 0.149167 0.612500 0.041667 0.042857
0 0.240833 0.508929 0.041667 0.042857
0 0.282500 0.467857 0.051667 0.046429
0 0.335000 0.488393 0.046667 0.058929
0 0.299167 0.548214 0.058333 0.067857
0 0.284167 0.228571 0.045000 0.039286
0 0.362500 0.238393 0.041667 0.030357
0 0.290833 0.100893 0.025000 0.030357
0 0.417500 0.058929 0.031667 0.025000
0 0.506667 0.107143 0.030000 0.032143
0 0.030833 0.566071 0.045000 0.060714
0 0.239167 0.565179 0.041667 0.051786
0 0.147500 0.424107 0.055000 0.051786
0 0.171667 0.466964 0.053333 0.062500
0 0.064167 0.382143 0.041667 0.050000
0 0.175000 0.308036 0.100000 0.062500
0 0.245833 0.208036 0.031667 0.037500
0 0.375833 0.130357 0.048333 0.039286
0 0.860833 0.786607 0.048333 0.044643
0 0.825833 0.827679 0.031667 0.037500
0 0.871667 0.900000 0.023333 0.035714
0 0.550833 0.880357 0.035000 0.035714
0 0.565833 0.867857 0.025000 0.028571
0 0.230833 0.828571 0.045000 0.057143
0 0.696667 0.141964 0.040000 0.037500
0 0.963333 0.625000 0.026667 0.053571
0 0.982500 0.638393 0.021667 0.044643
0 0.977500 0.492857 0.025000 0.050000
0 0.981667 0.351786 0.033333 0.064286
0 0.505000 0.250893 0.046667 0.033929
0 0.214167 0.943750 0.025000 0.041071
0 0.230000 0.933036 0.033333 0.058929
0 0.155000 0.116071 0.033333 0.032143
0 0.333333 0.853571 0.033333 0.032143
0 0.125833 0.086607 0.015000 0.019643
0 0.140000 0.077679 0.020000 0.019643
0 0.062500 0.095536 0.021667 0.026786
0 0.075833 0.892857 0.028333 0.035714
0 0.065833 0.863393 0.041667 0.044643
1 0.105000 0.020536 0.026667 0.023214
1 0.204167 0.080357 0.021667 0.021429
