0 0.949213 0.019939 0.025751 0.024540
0 0.982475 0.023262 0.029328 0.025051
0 0.682403 0.054192 0.040057 0.020450
1 0.248212 0.093303 0.012876 0.009714
1 0.360873 0.119376 0.015021 0.011759
1 0.383047 0.169479 0.016452 0.011759
1 0.426681 0.209867 0.013591 0.009714
1 0.456724 0.196319 0.013591 0.010225
1 0.435265 0.127301 0.013591 0.009202
1 0.388770 0.096370 0.012160 0.010736
1 0.452790 0.116309 0.011445 0.008691
1 0.478541 0.096881 0.014306 0.010736
1 0.513233 0.107873 0.012160 0.010225
1 0.555794 0.123722 0.017167 0.010225
1 0.546495 0.006135 0.011445 0.010225
1 0.561874 0.029141 0.013591 0.011247
1 0.569027 0.064417 0.013591 0.009202
1 0.592632 0.067740 0.013591 0.009714
1 0.614092 0.030164 0.013591 0.010225
1 0.605508 0.184049 0.013591 0.010225
1 0.591202 0.186094 0.013591 0.011247
1 0.255365 0.219325 0.014306 0.010225
1 0.081187 0.336401 0.020744 0.010225
1 0.008941 0.400307 0.012160 0.009202
1 0.057225 0.559305 0.012876 0.009202
1 0.072961 0.578221 0.020029 0.010225
1 0.005722 0.704243 0.010014 0.007669
1 0.053648 0.669223 0.014306 0.010225
1 0.094421 0.674591 0.018598 0.011759
1 0.072961 0.721115 0.014306 0.009714
1 0.078684 0.761759 0.012876 0.010225
1 0.113376 0.779652 0.019313 0.011247
1 0.129828 0.772751 0.016452 0.013804
1 0.178469 0.810838 0.017883 0.011247
1 0.223176 0.938650 0.011445 0.007157
1 0.211731 0.877556 0.014306 0.011759
1 0.232117 0.817996 0.013591 0.011247
1 0.250715 0.867076 0.012160 0.011247
1 0.198498 0.701943 0.015021 0.012270
1 0.218526 0.749744 0.012160 0.010736
1 0.228898 0.765593 0.015737 0.010736
1 0.325107 0.840746 0.012160 0.009714
1 0.312232 0.782720 0.015021 0.010225
1 0.319385 0.804703 0.016452 0.014315
1 0.333333 0.735429 0.012876 0.009714
1 0.339056 0.711401 0.015737 0.010736
1 0.205651 0.552914 0.016452 0.011759
1 0.197067 0.536043 0.013591 0.012781
1 0.194921 0.498722 0.010730 0.012781
1 0.158441 0.422290 0.013591 0.010225
1 0.094421 0.402352 0.012876 0.009202
1 0.291845 0.123722 0.015737 0.009202
1 0.802575 0.258691 0.015737 0.009202
1 0.560086 0.309305 0.020029 0.013292
1 0.580830 0.343303 0.018598 0.007669
1 0.570100 0.325920 0.012876 0.008691
1 0.384835 0.319785 0.010014 0.007669
1 0.444206 0.318252 0.014306 0.008691
1 0.424177 0.343047 0.014306 0.011247
1 0.364449 0.319785 0.010730 0.012781
1 0.384120 0.394939 0.012876 0.009714
1 0.379471 0.415900 0.013591 0.008691
1 0.394134 0.425869 0.017167 0.010225
1 0.287911 0.382413 0.013591 0.008180
1 0.272175 0.362730 0.015021 0.010736
1 0.254292 0.343303 0.015021 0.011759
1 0.194921 0.373211 0.013591 0.011247
1 0.194206 0.336656 0.012160 0.010736
1 0.208155 0.363241 0.011445 0.010736
1 0.351216 0.950920 0.014306 0.008180
1 0.368026 0.939673 0.012160 0.009202
1 0.351216 0.901329 0.017167 0.011247
1 0.377325 0.887270 0.017883 0.011759
1 0.384120 0.869888 0.015737 0.010736
1 0.413090 0.851738 0.016452 0.012270
1 0.425966 0.861708 0.013591 0.007669
1 0.449571 0.832822 0.015021 0.008180
1 0.429542 0.822086 0.012160 0.009202
1 0.412375 0.834611 0.012160 0.009714
1 0.352289 0.802403 0.012160 0.010736
1 0.369456 0.788599 0.013591 0.010736
1 0.384120 0.782464 0.015737 0.008691
1 0.391273 0.774029 0.017167 0.009202
1 0.398069 0.742076 0.016452 0.008691
1 0.407725 0.725460 0.014306 0.009202
1 0.411302 0.693763 0.015737 0.010225
1 0.450644 0.695041 0.017167 0.011759
1 0.235336 0.500256 0.012876 0.008691
1 0.234979 0.511759 0.012160 0.009202
1 0.255365 0.518405 0.011445 0.009202
1 0.299356 0.483896 0.013591 0.013804
1 0.325465 0.470092 0.012876 0.011759
1 0.318312 0.478783 0.015737 0.010736
1 0.341202 0.499489 0.014306 0.009202
1 0.356223 0.472137 0.018598 0.011759
1 0.380186 0.495654 0.016452 0.011759
1 0.405222 0.450409 0.013591 0.009202
1 0.394134 0.471881 0.014306 0.011247
1 0.388770 0.458333 0.012160 0.012781
1 0.414163 0.493609 0.012876 0.013804
1 0.424893 0.508691 0.014306 0.010225
1 0.458870 0.436861 0.016452 0.010736
1 0.469599 0.419734 0.019313 0.012270
1 0.501431 0.440184 0.017167 0.010225
1 0.490343 0.416411 0.013591 0.008691
1 0.503934 0.391360 0.012160 0.009714
1 0.485336 0.348671 0.013591 0.011247
1 0.505007 0.424591 0.012876 0.010736
1 0.514664 0.430215 0.009299 0.007669
1 0.525393 0.433793 0.012160 0.008691
1 0.532904 0.455266 0.015737 0.009714
1 0.567597 0.460123 0.015021 0.010225
1 0.576180 0.417178 0.013591 0.013292
1 0.589413 0.443507 0.011445 0.009714
1 0.604077 0.444785 0.009299 0.007157
1 0.675608 0.429703 0.012160 0.010736
1 0.404864 0.558793 0.014306 0.011247
1 0.498927 0.566973 0.013591 0.009202
1 0.515737 0.565951 0.012876 0.011247
1 0.567239 0.605061 0.015737 0.008691
1 0.551502 0.603783 0.011445 0.013292
1 0.582976 0.642382 0.008584 0.006646
1 0.592632 0.642127 0.009299 0.007157
1 0.587983 0.648262 0.008584 0.006135
1 0.980329 0.579499 0.012160 0.007669
1 0.976395 0.587679 0.008584 0.006646
1 0.949571 0.625256 0.012160 0.007157
1 0.826896 0.625511 0.015737 0.009714
1 0.856223 0.652863 0.010014 0.011247
1 0.783619 0.648517 0.012160 0.007669
1 0.726037 0.662832 0.018598 0.009714
1 0.677754 0.702965 0.012160 0.013292
1 0.769671 0.709867 0.014306 0.012781
1 0.794707 0.690184 0.017167 0.014315
1 0.731044 0.748722 0.012876 0.008691
1 0.702074 0.797802 0.010730 0.011759
1 0.723891 0.790389 0.015737 0.014315
1 0.737482 0.767127 0.012876 0.009714
1 0.586195 0.835890 0.010730 0.011247
1 0.551144 0.493609 0.012160 0.011759
1 0.445994 0.622188 0.012160 0.012270
1 0.491774 0.673313 0.013591 0.011247
1 0.456009 0.747188 0.013591 0.010736
1 0.422031 0.774796 0.011445 0.010736
1 0.474249 0.770706 0.015737 0.010736
1 0.500000 0.772239 0.011445 0.008691
1 0.551860 0.779397 0.015021 0.009714
1 0.577969 0.756646 0.010014 0.014315
1 0.492132 0.888037 0.015737 0.010225
1 0.526824 0.850971 0.010730 0.013804
1 0.733190 0.956288 0.014306 0.010736
1 0.703147 0.905164 0.014306 0.011759
1 0.543276 0.925358 0.010730 0.008180
1 0.271459 0.305215 0.015021 0.010225
1 0.645923 0.331800 0.015737 0.009202
1 0.625179 0.301125 0.010014 0.010225
1 0.625179 0.288599 0.011445 0.009714
1 0.268598 0.574131 0.012160 0.010225
1 0.291130 0.594581 0.011445 0.007157
1 0.292918 0.555470 0.013591 0.008691
1 0.391273 0.625000 0.017167 0.012781
1 0.348712 0.249489 0.012160 0.007157
1 0.396638 0.386247 0.009299 0.008691
1 0.023247 0.386503 0.012160 0.007157
1 0.635908 0.654397 0.014306 0.009202
1 0.095851 0.719581 0.014306 0.011759
1 0.724249 0.073364 0.013591 0.010736
1 0.613376 0.111708 0.012160 0.006646
1 0.580830 0.022751 0.012876 0.006646
1 0.125536 0.244888 0.013591 0.010225
1 0.132690 0.233129 0.013591 0.008180
1 0.380544 0.445808 0.015737 0.008180
1 0.359442 0.459100 0.013591 0.009202
1 0.594063 0.415389 0.019313 0.011759
1 0.649857 0.440695 0.009299 0.008180
1 0.586195 0.357873 0.012160 0.011247
1 0.510730 0.242587 0.018598 0.009714
1 0.787911 0.276074 0.016452 0.009202
1 0.789700 0.282720 0.014306 0.008180
1 0.873391 0.246933 0.015737 0.016360
1 0.837268 0.216769 0.010730 0.010225
1 0.920959 0.062372 0.015021 0.006135
1 0.898069 0.046268 0.012160 0.007669
1 0.869099 0.061605 0.012876 0.006646
1 0.874821 0.055470 0.015737 0.011759
1 0.476395 0.068507 0.008584 0.011247
1 0.484263 0.078988 0.010014 0.014826
1 0.388412 0.110174 0.010014 0.006646
1 0.397711 0.106595 0.010014 0.008691
1 0.307940 0.041411 0.012160 0.010225
1 0.356223 0.525818 0.017167 0.009714
1 0.371960 0.545757 0.018598 0.011759
1 0.289700 0.582566 0.011445 0.013804
1 0.285050 0.488241 0.012160 0.009202
1 0.346924 0.640082 0.012876 0.009202
1 0.241416 0.555982 0.015021 0.008691
1 0.256795 0.644939 0.010014 0.009714
1 0.017167 0.757924 0.011445 0.008691
1 0.045780 0.792178 0.015737 0.009714
1 0.091559 0.738497 0.011445 0.008691
1 0.111230 0.737730 0.012160 0.007157
1 0.101931 0.740798 0.013591 0.007157
1 0.125536 0.737474 0.009299 0.005624
1 0.136266 0.735174 0.007868 0.007157
1 0.201359 0.770194 0.012160 0.012781
1 0.557582 0.819785 0.012160 0.011759
1 0.551860 0.836401 0.012160 0.010225
1 0.515379 0.741820 0.010730 0.008180
1 0.635193 0.762526 0.014306 0.010736
1 0.677396 0.731084 0.022890 0.010225
1 0.590129 0.794223 0.011445 0.008691
1 0.643419 0.809305 0.016452 0.019427
1 0.478898 0.686605 0.010730 0.009202
1 0.427039 0.699387 0.018598 0.007157
1 0.577253 0.703732 0.008584 0.005624
1 0.877682 0.618865 0.017167 0.005624
1 0.879828 0.640593 0.018598 0.011247
1 0.889127 0.643149 0.014306 0.014315
1 0.708155 0.961656 0.020029 0.011247
1 0.731044 0.927914 0.014306 0.012270
1 0.655579 0.897239 0.012160 0.009202
1 0.713519 0.881391 0.010730 0.014315
1 0.732475 0.936605 0.008584 0.008180
1 0.714950 0.890849 0.012160 0.008691
1 0.535765 0.865542 0.010014 0.012270
1 0.540773 0.856339 0.011445 0.012270
1 0.614092 0.811861 0.016452 0.011247
1 0.624106 0.817996 0.010730 0.005112
1 0.406295 0.899540 0.012876 0.007669
1 0.412375 0.871677 0.010730 0.014315
1 0.413805 0.881391 0.010730 0.011247
1 0.438484 0.752045 0.020029 0.012270
1 0.450286 0.730061 0.016452 0.013292
1 0.766810 0.646472 0.015737 0.008691
1 0.791130 0.631135 0.015737 0.007669
1 0.761087 0.638292 0.018598 0.006646
1 0.063662 0.412065 0.012876 0.009202
1 0.055436 0.409765 0.017883 0.011759
1 0.112661 0.379857 0.009299 0.008180
1 0.127325 0.439673 0.008584 0.008180
1 0.147711 0.585378 0.012160 0.011247
1 0.063305 0.510225 0.012160 0.009202
1 0.069027 0.504346 0.010730 0.006646
1 0.729614 0.256391 0.014306 0.009714
1 0.233548 0.751022 0.007868 0.009202
1 0.262518 0.737219 0.010014 0.009202
1 0.268956 0.738753 0.010014 0.007157
1 0.239270 0.754090 0.007868 0.008180
1 0.299714 0.808282 0.008584 0.009202
1 0.440629 0.782209 0.010014 0.006135
1 0.577253 0.781442 0.011445 0.008691
1 0.474964 0.864008 0.011445 0.009202
1 0.481402 0.874233 0.012876 0.008180
1 0.382690 0.938650 0.008584 0.008180
1 0.201717 0.913599 0.017167 0.010225
1 0.143419 0.987219 0.012160 0.009202
1 0.165236 0.988241 0.015737 0.010225
1 0.010730 0.803425 0.012876 0.010736
1 0.439557 0.918456 0.019313 0.009714
1 0.423104 0.916155 0.022175 0.009202
1 0.328326 0.757413 0.012876 0.011759
1 0.533262 0.880368 0.015021 0.010225
1 0.616237 0.643916 0.010730 0.007669
1 0.690629 0.725971 0.012160 0.009202
1 0.302933 0.422035 0.017883 0.016871
1 0.966381 0.530419 0.015737 0.018916
1 0.553648 0.717025 0.010014 0.007669
1 0.528970 0.524284 0.007868 0.007669
1 0.395565 0.243098 0.014306 0.007669
1 0.382690 0.243354 0.011445 0.008180
1 0.686695 0.857618 0.014306 0.012781
1 0.677396 0.864519 0.012876 0.012270
1 0.669886 0.871166 0.012160 0.008180
1 0.717454 0.946319 0.012876 0.010225
1 0.741774 0.947853 0.015737 0.008180
1 0.513948 0.886503 0.017883 0.016360
1 0.503219 0.873978 0.013591 0.013804
1 0.492489 0.849693 0.009299 0.006135
1 0.479971 0.850460 0.021459 0.010736
1 0.605866 0.358896 0.012876 0.016360
1 0.421316 0.300358 0.017167 0.010736
1 0.588698 0.158742 0.020029 0.012781
1 0.391989 0.534765 0.021459 0.013292
1 0.243562 0.576431 0.019313 0.012781
1 0.595851 0.049335 0.017167 0.016871
1 0.655222 0.084100 0.024320 0.013804
1 0.598355 0.026585 0.009299 0.007157
1 0.249642 0.638548 0.015737 0.008180
1 0.064735 0.737730 0.020744 0.016360
1 0.046495 0.762526 0.015737 0.010736
1 0.034335 0.762781 0.011445 0.008180
