1 0.094488 0.853933 0.070866 0.101124
1 0.797244 0.823034 0.059055 0.084270
1 0.155512 0.393258 0.043307 0.067416
2 0.437008 0.752809 0.078740 0.134831
2 0.366142 0.609551 0.094488 0.129213
2 0.478346 0.598315 0.090551 0.129213
2 0.929134 0.803371 0.110236 0.134831
2 0.860236 0.457865 0.098425 0.129213
2 0.372047 0.328652 0.074803 0.106742
2 0.750000 0.441011 0.098425 0.151685
2 0.216535 0.584270 0.078740 0.123596
2 0.082677 0.297753 0.094488 0.123596
2 0.517717 0.474719 0.090551 0.117978
2 0.230315 0.160112 0.137795 0.106742
