1 0.657115 0.591029 0.029644 0.052770
3 0.151186 0.507916 0.096838 0.192612
3 0.134387 0.208443 0.122530 0.153034
3 0.398221 0.546174 0.286561 0.290237
3 0.332016 0.795515 0.102767 0.129288
3 0.641304 0.284960 0.120553 0.147757
3 0.713439 0.134565 0.094862 0.179420
3 0.699605 0.366755 0.146245 0.290237
3 0.760870 0.552770 0.134387 0.092348
3 0.375494 0.382586 0.193676 0.142480
3 0.908103 0.679420 0.108696 0.087071
3 0.160079 0.656992 0.075099 0.142480
3 0.250000 0.779683 0.069170 0.160950
3 0.582016 0.558047 0.092885 0.134565
3 0.557312 0.382586 0.130435 0.153034
