0 0.574248 0.143162 0.050752 0.055556
0 0.504699 0.235043 0.050752 0.059829
1 0.087406 0.011752 0.043233 0.023504
1 0.419173 0.018162 0.033835 0.036325
1 0.644737 0.017094 0.030075 0.029915
1 0.158835 0.021368 0.035714 0.042735
1 0.254699 0.019231 0.028195 0.034188
1 0.852444 0.026709 0.035714 0.023504
1 0.375000 0.027778 0.028195 0.038462
1 0.325188 0.029915 0.033835 0.029915
1 0.757519 0.035256 0.033835 0.027778
1 0.825188 0.037393 0.026316 0.032051
1 0.135338 0.037393 0.041353 0.032051
1 0.043233 0.042735 0.030075 0.042735
1 0.491541 0.057692 0.028195 0.034188
1 0.277256 0.054487 0.028195 0.036325
1 0.631579 0.054487 0.041353 0.036325
1 0.091165 0.058761 0.050752 0.036325
1 0.531955 0.061966 0.033835 0.038462
1 0.324248 0.071581 0.050752 0.040598
1 0.462406 0.075855 0.026316 0.032051
1 0.891917 0.075855 0.035714 0.032051
1 0.232143 0.077991 0.035714 0.032051
1 0.423872 0.083333 0.028195 0.042735
1 0.162594 0.084402 0.035714 0.049145
1 0.391917 0.086538 0.028195 0.040598
1 0.838346 0.086538 0.033835 0.032051
1 0.017857 0.090812 0.028195 0.040598
1 0.710526 0.096154 0.037594 0.047009
1 0.496241 0.098291 0.030075 0.042735
1 0.265038 0.101496 0.033835 0.036325
1 0.800752 0.104701 0.033835 0.029915
1 0.664474 0.107906 0.035714 0.036325
1 0.760338 0.111111 0.039474 0.038462
1 0.531955 0.112179 0.033835 0.036325
1 0.881579 0.111111 0.030075 0.038462
1 0.218045 0.120726 0.030075 0.032051
1 0.348684 0.128205 0.031955 0.034188
1 0.041353 0.129274 0.037594 0.036325
1 0.181391 0.131410 0.028195 0.044872
1 0.306391 0.135684 0.030075 0.036325
1 0.404135 0.146368 0.033835 0.036325
1 0.144737 0.148504 0.033835 0.032051
1 0.810150 0.150641 0.026316 0.032051
1 0.257519 0.152778 0.033835 0.036325
1 0.697368 0.157051 0.037594 0.032051
1 0.748120 0.157051 0.033835 0.036325
1 0.016917 0.163462 0.033835 0.044872
1 0.474624 0.161325 0.035714 0.036325
1 0.367481 0.170940 0.035714 0.038462
1 0.215226 0.169872 0.031955 0.040598
1 0.512218 0.170940 0.035714 0.055556
1 0.870301 0.177350 0.033835 0.051282
1 0.565789 0.176282 0.041353 0.040598
1 0.625940 0.182692 0.037594 0.032051
1 0.289474 0.184829 0.030075 0.032051
1 0.125000 0.189103 0.028195 0.032051
1 0.406955 0.199786 0.046992 0.027778
1 0.987782 0.200855 0.024436 0.047009
1 0.677632 0.199786 0.035714 0.040598
1 0.745301 0.208333 0.031955 0.032051
1 0.454887 0.209402 0.033835 0.047009
1 0.151316 0.213675 0.028195 0.029915
1 0.335526 0.226496 0.039474 0.051282
1 0.563910 0.223291 0.033835 0.036325
1 0.953947 0.224359 0.024436 0.038462
1 0.183271 0.222222 0.031955 0.047009
1 0.254699 0.225427 0.039474 0.027778
1 0.824248 0.226496 0.035714 0.034188
1 0.371241 0.237179 0.031955 0.038462
1 0.109023 0.237179 0.033835 0.038462
1 0.717105 0.237179 0.035714 0.034188
1 0.414474 0.240385 0.031955 0.036325
1 0.069549 0.245726 0.033835 0.038462
1 0.297932 0.245726 0.031955 0.038462
1 0.665414 0.247863 0.030075 0.038462
1 0.137218 0.258547 0.033835 0.034188
1 0.014098 0.263889 0.028195 0.036325
1 0.631579 0.263889 0.030075 0.036325
1 0.255639 0.271368 0.033835 0.034188
1 0.461466 0.273504 0.028195 0.034188
1 0.568609 0.273504 0.028195 0.034188
1 0.953008 0.280983 0.030075 0.036325
1 0.350564 0.282051 0.039474 0.042735
1 0.799812 0.283120 0.035714 0.040598
1 0.986842 0.287393 0.026316 0.044872
1 0.867481 0.294872 0.031955 0.034188
1 0.900376 0.297009 0.030075 0.047009
1 0.692669 0.300214 0.039474 0.036325
1 0.595865 0.301282 0.030075 0.034188
1 0.115602 0.318376 0.031955 0.038462
1 0.533835 0.320513 0.037594 0.034188
1 0.751880 0.323718 0.033835 0.036325
1 0.572368 0.322650 0.024436 0.029915
1 0.484962 0.330128 0.030075 0.040598
1 0.235902 0.331197 0.035714 0.059829
1 0.293233 0.336538 0.045113 0.036325
1 0.348684 0.337607 0.035714 0.038462
1 0.947368 0.335470 0.033835 0.042735
1 0.410714 0.339744 0.031955 0.042735
1 0.647556 0.342949 0.035714 0.049145
1 0.066729 0.346154 0.035714 0.034188
1 0.718985 0.355769 0.031955 0.044872
1 0.831767 0.367521 0.035714 0.042735
1 0.164474 0.372863 0.024436 0.044872
1 0.121241 0.377137 0.039474 0.044872
1 0.774436 0.379274 0.041353 0.061966
1 0.430451 0.378205 0.026316 0.034188
1 0.198308 0.379274 0.028195 0.040598
1 0.679511 0.379274 0.031955 0.049145
1 0.261278 0.385684 0.030075 0.040598
1 0.381579 0.384615 0.052632 0.055556
1 0.324248 0.386752 0.035714 0.038462
1 0.615602 0.386752 0.046992 0.038462
1 0.515977 0.393162 0.039474 0.042735
1 0.056391 0.394231 0.033835 0.036325
1 0.859023 0.397436 0.030075 0.038462
1 0.226504 0.399573 0.028195 0.034188
1 0.796053 0.410256 0.039474 0.047009
1 0.090226 0.413462 0.037594 0.036325
1 0.014098 0.413462 0.028195 0.049145
1 0.980263 0.429487 0.035714 0.038462
1 0.276316 0.433761 0.033835 0.047009
1 0.731203 0.432692 0.022556 0.036325
1 0.837406 0.434829 0.024436 0.032051
1 0.192669 0.436966 0.031955 0.032051
1 0.397556 0.436966 0.043233 0.040598
1 0.606203 0.439103 0.031955 0.040598
1 0.036654 0.441239 0.028195 0.027778
1 0.539474 0.443376 0.030075 0.061966
1 0.494361 0.457265 0.030075 0.038462
1 0.687970 0.454060 0.030075 0.044872
1 0.758459 0.456197 0.028195 0.044872
1 0.908835 0.465812 0.028195 0.051282
1 0.869361 0.469017 0.035714 0.044872
1 0.219925 0.472222 0.030075 0.034188
1 0.633459 0.474359 0.037594 0.047009
1 0.010338 0.476496 0.020677 0.034188
1 0.342105 0.481838 0.030075 0.044872
1 0.423872 0.487179 0.028195 0.029915
1 0.574248 0.486111 0.035714 0.061966
1 0.984962 0.491453 0.026316 0.042735
1 0.293233 0.490385 0.037594 0.040598
1 0.238722 0.500000 0.030075 0.034188
1 0.502820 0.503205 0.035714 0.040598
1 0.936090 0.505342 0.037594 0.036325
1 0.782895 0.506410 0.035714 0.038462
1 0.739662 0.509615 0.028195 0.032051
1 0.187970 0.511752 0.033835 0.040598
1 0.821429 0.514957 0.022556 0.034188
1 0.046992 0.517094 0.037594 0.038462
1 0.407895 0.517094 0.033835 0.047009
1 0.532895 0.521368 0.031955 0.042735
1 0.110902 0.525641 0.026316 0.038462
1 0.363722 0.524573 0.031955 0.036325
1 0.709586 0.528846 0.039474 0.036325
1 0.261278 0.533120 0.033835 0.027778
1 0.966165 0.536325 0.022556 0.055556
1 0.076128 0.541667 0.031955 0.049145
1 0.010338 0.542735 0.020677 0.034188
1 0.298872 0.549145 0.033835 0.034188
1 0.757519 0.547009 0.030075 0.025641
1 0.863722 0.550214 0.028195 0.053419
1 0.143797 0.552350 0.031955 0.032051
1 0.488722 0.553419 0.045113 0.034188
1 0.592105 0.553419 0.041353 0.059829
1 0.186090 0.553419 0.030075 0.034188
1 0.645677 0.557692 0.058271 0.034188
1 0.381579 0.567308 0.033835 0.044872
1 0.341165 0.570513 0.031955 0.047009
1 0.807331 0.569444 0.031955 0.032051
1 0.939850 0.567308 0.033835 0.066239
1 0.312970 0.572650 0.028195 0.038462
1 0.094925 0.574786 0.028195 0.034188
1 0.265038 0.579060 0.033835 0.042735
1 0.448308 0.588675 0.046992 0.053419
1 0.708647 0.581197 0.026316 0.034188
1 0.758459 0.582265 0.031955 0.036325
1 0.215226 0.587607 0.031955 0.042735
1 0.974624 0.590812 0.028195 0.049145
1 0.156015 0.598291 0.022556 0.038462
1 0.892857 0.599359 0.037594 0.040598
1 0.120301 0.602564 0.030075 0.038462
1 0.498120 0.603632 0.033835 0.036325
1 0.676692 0.610043 0.030075 0.040598
1 0.187970 0.611111 0.033835 0.038462
1 0.813910 0.614316 0.037594 0.044872
1 0.366541 0.614316 0.037594 0.036325
1 0.420113 0.619658 0.031955 0.034188
1 0.292293 0.619658 0.031955 0.029915
1 0.987782 0.621795 0.024436 0.038462
1 0.073308 0.630342 0.037594 0.034188
1 0.719925 0.633547 0.037594 0.040598
1 0.468045 0.637821 0.022556 0.032051
1 0.664474 0.639957 0.039474 0.049145
1 0.604323 0.649573 0.046992 0.047009
1 0.950188 0.644231 0.039474 0.032051
1 0.136278 0.651709 0.043233 0.038462
1 0.368421 0.659188 0.033835 0.049145
1 0.541353 0.655983 0.041353 0.038462
1 0.884398 0.658120 0.031955 0.047009
1 0.493421 0.657051 0.035714 0.040598
1 0.277256 0.659188 0.031955 0.032051
1 0.320489 0.663462 0.031955 0.036325
1 0.054511 0.670940 0.026316 0.038462
1 0.016917 0.669872 0.030075 0.040598
1 0.410714 0.673077 0.031955 0.034188
1 0.095865 0.680556 0.033835 0.036325
1 0.438910 0.683761 0.028195 0.034188
1 0.758459 0.681624 0.028195 0.029915
1 0.706767 0.683761 0.030075 0.042735
1 0.983083 0.693376 0.033835 0.036325
1 0.916353 0.697650 0.035714 0.040598
1 0.248120 0.698718 0.022556 0.038462
1 0.868421 0.701923 0.041353 0.032051
1 0.339286 0.702991 0.028195 0.042735
1 0.221805 0.702991 0.030075 0.034188
1 0.381579 0.704060 0.030075 0.040598
1 0.578947 0.704060 0.030075 0.040598
1 0.471805 0.704060 0.030075 0.036325
1 0.738722 0.707265 0.037594 0.029915
1 0.625940 0.719017 0.041353 0.057692
1 0.307331 0.711538 0.028195 0.029915
1 0.670113 0.721154 0.035714 0.044872
1 0.423872 0.726496 0.058271 0.038462
1 0.789474 0.726496 0.041353 0.059829
1 0.159774 0.728632 0.030075 0.029915
1 0.848684 0.732906 0.039474 0.034188
1 0.952068 0.735043 0.035714 0.029915
1 0.066729 0.745726 0.058271 0.047009
1 0.207707 0.750000 0.054511 0.047009
1 0.905075 0.757479 0.031955 0.032051
1 0.328008 0.757479 0.031955 0.040598
1 0.638158 0.760684 0.035714 0.034188
1 0.717105 0.762821 0.028195 0.038462
1 0.123120 0.766026 0.028195 0.040598
1 0.582707 0.766026 0.033835 0.044872
1 0.866541 0.770299 0.030075 0.036325
1 0.965226 0.773504 0.031955 0.034188
1 0.676692 0.776709 0.030075 0.040598
1 0.815789 0.779915 0.030075 0.034188
1 0.046992 0.783120 0.026316 0.032051
1 0.383459 0.782051 0.041353 0.038462
1 0.161654 0.786325 0.033835 0.047009
1 0.298872 0.795940 0.033835 0.032051
1 0.103383 0.802350 0.033835 0.040598
1 0.891917 0.804487 0.031955 0.032051
1 0.607143 0.809829 0.033835 0.034188
1 0.343045 0.808761 0.028195 0.036325
1 0.969925 0.808761 0.030075 0.027778
1 0.444549 0.811966 0.043233 0.042735
1 0.012218 0.815171 0.024436 0.049145
1 0.660714 0.818376 0.031955 0.034188
1 0.923872 0.818376 0.028195 0.038462
1 0.505639 0.819444 0.041353 0.040598
1 0.557331 0.826923 0.039474 0.059829
1 0.615602 0.838675 0.035714 0.032051
1 0.408835 0.841880 0.031955 0.047009
1 0.690789 0.842949 0.028195 0.036325
1 0.738722 0.847222 0.030075 0.027778
1 0.957707 0.848291 0.028195 0.025641
1 0.878759 0.849359 0.035714 0.032051
1 0.171992 0.853632 0.028195 0.036325
1 0.935150 0.861111 0.031955 0.029915
1 0.777256 0.860043 0.028195 0.027778
1 0.050752 0.870726 0.033835 0.044872
1 0.320489 0.866453 0.046992 0.040598
1 0.487782 0.871795 0.031955 0.042735
1 0.121241 0.873932 0.035714 0.038462
1 0.154135 0.877137 0.026316 0.036325
1 0.581767 0.879274 0.035714 0.036325
1 0.667293 0.882479 0.033835 0.038462
1 0.527256 0.880342 0.031955 0.042735
1 0.881579 0.880342 0.048872 0.034188
1 0.449248 0.884615 0.030075 0.042735
1 0.008459 0.887821 0.016917 0.040598
1 0.960526 0.888889 0.033835 0.029915
1 0.750000 0.891026 0.037594 0.038462
1 0.413534 0.902778 0.030075 0.049145
1 0.177632 0.908120 0.035714 0.029915
1 0.630639 0.909188 0.035714 0.044872
1 0.243421 0.913462 0.043233 0.036325
1 0.498120 0.917735 0.030075 0.032051
1 0.552632 0.919872 0.037594 0.032051
1 0.849624 0.922009 0.022556 0.036325
1 0.787594 0.922009 0.041353 0.040598
1 0.883459 0.924145 0.026316 0.032051
1 0.978383 0.926282 0.035714 0.036325
1 0.295113 0.927350 0.033835 0.042735
1 0.464286 0.934829 0.030075 0.032051
1 0.357143 0.936966 0.033835 0.036325
1 0.710526 0.945513 0.041353 0.044872
1 0.924812 0.947650 0.048872 0.036325
1 0.086466 0.948718 0.030075 0.047009
1 0.587406 0.951923 0.031955 0.053419
1 0.011278 0.954060 0.022556 0.044872
1 0.048872 0.955128 0.030075 0.042735
1 0.876880 0.967949 0.035714 0.029915
1 0.517857 0.972222 0.031955 0.029915
1 0.393797 0.971154 0.039474 0.032051
1 0.793233 0.972222 0.033835 0.042735
1 0.484023 0.976496 0.031955 0.042735
1 0.451128 0.980769 0.030075 0.038462
1 0.335526 0.979701 0.046992 0.040598
1 0.683271 0.981838 0.028195 0.032051
1 0.744361 0.982906 0.033835 0.034188
1 0.551692 0.989316 0.035714 0.021368
1 0.111842 0.106838 0.043233 0.034188
1 0.082707 0.300214 0.030075 0.049145
1 0.049812 0.316239 0.035714 0.042735
1 0.319549 0.839744 0.026316 0.034188
1 0.283835 0.840812 0.030075 0.036325
1 0.930451 0.905983 0.030075 0.029915
1 0.936090 0.777778 0.022556 0.047009
1 0.770677 0.632479 0.037594 0.029915
1 0.799812 0.540598 0.028195 0.029915
1 0.703947 0.414530 0.028195 0.038462
1 0.535714 0.282051 0.030075 0.034188
1 0.505639 0.289530 0.026316 0.036325
1 0.291353 0.297009 0.033835 0.038462
1 0.160714 0.482906 0.031955 0.025641
1 0.150376 0.509615 0.033835 0.036325
1 0.226504 0.049145 0.031955 0.029915
1 0.192669 0.053419 0.028195 0.034188
1 0.608083 0.134615 0.024436 0.034188
1 0.638158 0.160256 0.024436 0.025641
1 0.676692 0.083333 0.030075 0.034188
1 0.556391 0.392094 0.037594 0.049145
1 0.153195 0.332265 0.031955 0.027778
1 0.329887 0.622863 0.024436 0.036325
1 0.257519 0.621795 0.026316 0.034188
1 0.231203 0.651709 0.037594 0.038462
1 0.198308 0.645299 0.028195 0.025641
1 0.216165 0.533120 0.022556 0.032051
1 0.861842 0.620726 0.024436 0.049145
1 0.219925 0.857906 0.033835 0.036325
1 0.208647 0.013889 0.033835 0.023504
1 0.381579 0.485043 0.026316 0.034188
1 0.855263 0.135684 0.022556 0.027778
1 0.808271 0.185897 0.022556 0.029915
1 0.781015 0.184829 0.020677 0.027778
1 0.715226 0.192308 0.016917 0.025641
1 0.951128 0.373932 0.022556 0.021368
1 0.884398 0.434829 0.016917 0.023504
1 0.099624 0.146368 0.030075 0.027778
1 0.456767 0.129274 0.026316 0.027778
1 0.433271 0.932692 0.024436 0.032051
1 0.597744 0.252137 0.026316 0.042735
1 0.803571 0.334402 0.020677 0.023504
1 0.835526 0.476496 0.016917 0.021368
1 0.953947 0.444444 0.016917 0.017094
1 0.212406 0.253205 0.030075 0.032051
1 0.051692 0.219017 0.024436 0.036325
1 0.045113 0.182692 0.026316 0.036325
1 0.982143 0.394231 0.024436 0.023504
1 0.443609 0.340812 0.022556 0.027778
1 0.347744 0.422009 0.022556 0.027778
1 0.544173 0.799145 0.028195 0.029915
1 0.359023 0.738248 0.026316 0.040598
