1 0.071698 0.016779 0.015094 0.029083
1 0.430189 0.027964 0.017610 0.033557
1 0.976730 0.030201 0.018868 0.024609
1 0.101258 0.033557 0.016352 0.031320
1 0.149686 0.038031 0.027673 0.040268
1 0.759119 0.039150 0.016352 0.020134
1 0.901258 0.053691 0.023899 0.040268
1 0.090566 0.057047 0.017610 0.046980
1 0.579245 0.059284 0.023899 0.033557
1 0.694969 0.062640 0.018868 0.040268
1 0.283648 0.065996 0.021384 0.046980
1 0.989308 0.067114 0.016352 0.031320
1 0.110692 0.067114 0.020126 0.035794
1 0.809434 0.078300 0.016352 0.031320
1 0.461635 0.085011 0.025157 0.044743
1 0.381761 0.092841 0.023899 0.042506
1 0.717610 0.100671 0.016352 0.031320
1 0.125786 0.105145 0.017610 0.035794
1 0.835849 0.115213 0.016352 0.029083
1 0.333333 0.121924 0.015094 0.020134
1 0.970440 0.121924 0.021384 0.029083
1 0.901258 0.133110 0.023899 0.046980
1 0.061635 0.136465 0.020126 0.031320
1 0.941509 0.148770 0.023899 0.029083
1 0.670440 0.148770 0.025157 0.046980
1 0.462893 0.151007 0.027673 0.024609
1 0.737736 0.154362 0.018868 0.035794
1 0.098113 0.155481 0.022642 0.038031
1 0.347799 0.163311 0.011321 0.035794
1 0.846541 0.171141 0.015094 0.046980
1 0.915723 0.173378 0.017610 0.029083
1 0.452830 0.186801 0.015094 0.033557
1 0.275472 0.185682 0.015094 0.022371
1 0.045912 0.187919 0.013836 0.031320
1 0.252201 0.196868 0.016352 0.026846
1 0.410692 0.203579 0.018868 0.035794
1 0.927044 0.206935 0.015094 0.029083
1 0.382390 0.209172 0.015094 0.042506
1 0.277358 0.212528 0.016352 0.022371
1 0.883648 0.218121 0.013836 0.029083
1 0.341509 0.242729 0.018868 0.038031
1 0.807547 0.241611 0.017610 0.035794
1 0.944025 0.256152 0.018868 0.029083
1 0.284277 0.263982 0.017610 0.035794
1 0.622642 0.272931 0.022642 0.040268
1 0.923270 0.277405 0.020126 0.031320
1 0.496855 0.284116 0.020126 0.035794
1 0.140881 0.287472 0.015094 0.038031
1 0.426415 0.295302 0.017610 0.026846
1 0.944025 0.297539 0.016352 0.026846
1 0.870440 0.298658 0.017610 0.029083
1 0.555346 0.305369 0.013836 0.020134
1 0.203774 0.314318 0.017610 0.038031
1 0.152201 0.315436 0.015094 0.031320
1 0.284906 0.316555 0.018868 0.024609
1 0.897484 0.318792 0.016352 0.029083
1 0.654717 0.318792 0.021384 0.033557
1 0.771698 0.326622 0.018868 0.031320
1 0.050314 0.328859 0.020126 0.049217
1 0.403145 0.327740 0.016352 0.046980
1 0.164780 0.331096 0.017610 0.031320
1 0.832075 0.334452 0.018868 0.033557
1 0.932075 0.334452 0.015094 0.033557
1 0.951572 0.337808 0.013836 0.031320
1 0.461006 0.345638 0.013836 0.038031
1 0.600000 0.359060 0.017610 0.029083
1 0.736478 0.366890 0.011321 0.031320
1 0.439623 0.369128 0.013836 0.035794
1 0.329560 0.370246 0.015094 0.029083
1 0.718868 0.371365 0.016352 0.035794
1 0.213836 0.371365 0.017610 0.031320
1 0.545912 0.376957 0.015094 0.033557
1 0.772956 0.378076 0.023899 0.044743
1 0.622642 0.381432 0.017610 0.024609
1 0.749057 0.385906 0.016352 0.033557
1 0.360377 0.400447 0.018868 0.044743
1 0.706918 0.402685 0.015094 0.040268
1 0.033962 0.406040 0.017610 0.042506
1 0.599371 0.408277 0.016352 0.029083
1 0.244654 0.413870 0.018868 0.044743
1 0.537736 0.423937 0.016352 0.020134
1 0.644025 0.427293 0.020126 0.035794
1 0.951572 0.428412 0.013836 0.020134
1 0.990566 0.441834 0.013836 0.029083
1 0.027044 0.442953 0.011321 0.026846
1 0.162893 0.447427 0.018868 0.031320
1 0.133333 0.450783 0.015094 0.042506
1 0.816352 0.455257 0.015094 0.033557
1 0.177358 0.460850 0.017610 0.035794
1 0.838994 0.465324 0.017610 0.031320
1 0.715094 0.466443 0.018868 0.033557
1 0.700000 0.465324 0.011321 0.035794
1 0.870440 0.477629 0.020126 0.029083
1 0.147799 0.486577 0.018868 0.024609
1 0.093711 0.489933 0.018868 0.040268
1 0.801258 0.491051 0.015094 0.038031
1 0.125786 0.498881 0.015094 0.026846
1 0.215094 0.498881 0.017610 0.026846
1 0.679874 0.503356 0.013836 0.035794
1 0.174843 0.508949 0.020126 0.024609
1 0.755975 0.511186 0.015094 0.029083
1 0.271698 0.514541 0.015094 0.022371
1 0.379245 0.514541 0.023899 0.053691
1 0.510063 0.516779 0.013836 0.026846
1 0.793082 0.519016 0.013836 0.031320
1 0.135220 0.525727 0.016352 0.022371
1 0.093082 0.530201 0.015094 0.026846
1 0.595597 0.531320 0.021384 0.038031
1 0.462264 0.534676 0.016352 0.031320
1 0.160377 0.534676 0.018868 0.035794
1 0.349057 0.542506 0.018868 0.046980
1 0.268553 0.550336 0.018868 0.035794
1 0.760377 0.551454 0.016352 0.033557
1 0.146541 0.554810 0.013836 0.022371
1 0.283019 0.569351 0.015094 0.029083
1 0.369182 0.570470 0.021384 0.035794
1 0.803145 0.585011 0.021384 0.055928
1 0.823270 0.582774 0.016352 0.051454
1 0.350314 0.589485 0.016352 0.033557
1 0.696226 0.589485 0.013836 0.029083
1 0.612579 0.596197 0.020126 0.033557
1 0.550314 0.597315 0.018868 0.026846
1 0.243396 0.608501 0.018868 0.035794
1 0.715094 0.612975 0.018868 0.053691
1 0.665409 0.610738 0.012579 0.035794
1 0.493711 0.615213 0.018868 0.035794
1 0.402516 0.617450 0.020126 0.026846
1 0.049686 0.625280 0.011321 0.029083
1 0.031447 0.626398 0.012579 0.031320
1 0.311950 0.631991 0.015094 0.042506
1 0.623270 0.634228 0.016352 0.029083
1 0.732075 0.636465 0.017610 0.029083
1 0.435849 0.640940 0.013836 0.029083
1 0.646541 0.649888 0.017610 0.020134
1 0.062893 0.654362 0.012579 0.024609
1 0.750314 0.653244 0.026415 0.031320
1 0.710692 0.664430 0.015094 0.031320
1 0.615094 0.664430 0.017610 0.022371
1 0.692453 0.665548 0.011321 0.024609
1 0.366038 0.667785 0.020126 0.024609
1 0.810063 0.667785 0.017610 0.042506
1 0.420126 0.673378 0.017610 0.031320
1 0.505031 0.686801 0.016352 0.031320
1 0.177987 0.687919 0.013836 0.029083
1 0.095597 0.692394 0.015094 0.033557
1 0.288050 0.694631 0.020126 0.024609
1 0.157862 0.699105 0.013836 0.033557
1 0.855975 0.696868 0.011321 0.033557
1 0.628931 0.703579 0.020126 0.024609
1 0.202516 0.719239 0.012579 0.038031
1 0.364780 0.718121 0.017610 0.026846
1 0.294969 0.721477 0.018868 0.024609
1 0.271698 0.723714 0.017610 0.042506
1 0.905660 0.727069 0.017610 0.035794
1 0.706918 0.731544 0.012579 0.026846
1 0.520126 0.740492 0.016352 0.026846
1 0.167296 0.743848 0.017610 0.033557
1 0.566667 0.743848 0.023899 0.033557
1 0.785535 0.749441 0.013836 0.026846
1 0.715094 0.751678 0.013836 0.026846
1 0.486164 0.753915 0.013836 0.022371
1 0.751572 0.756152 0.013836 0.031320
1 0.066667 0.755034 0.017610 0.033557
1 0.732704 0.760626 0.016352 0.026846
1 0.537107 0.763982 0.012579 0.024609
1 0.895597 0.765101 0.015094 0.026846
1 0.704403 0.781879 0.017610 0.029083
1 0.532075 0.784116 0.022642 0.033557
1 0.055975 0.795302 0.013836 0.029083
1 0.791824 0.803132 0.018868 0.031320
1 0.504403 0.806488 0.012579 0.020134
1 0.589308 0.819911 0.016352 0.024609
1 0.682390 0.834452 0.016352 0.031320
1 0.642767 0.837808 0.015094 0.029083
1 0.132075 0.845638 0.015094 0.035794
1 0.437107 0.846756 0.013836 0.024609
1 0.854717 0.847875 0.011321 0.022371
1 0.337107 0.851230 0.017610 0.029083
1 0.203145 0.854586 0.018868 0.031320
1 0.183648 0.860179 0.015094 0.024609
1 0.087421 0.876957 0.016352 0.031320
1 0.647799 0.879195 0.015094 0.031320
1 0.036478 0.881432 0.017610 0.026846
1 0.103145 0.882550 0.015094 0.029083
1 0.688679 0.887025 0.023899 0.029083
1 0.407547 0.888143 0.017610 0.035794
1 0.542138 0.907159 0.017610 0.042506
1 0.659748 0.909396 0.021384 0.033557
1 0.016352 0.916107 0.025157 0.033557
1 0.518868 0.917226 0.018868 0.022371
1 0.042138 0.919463 0.016352 0.026846
1 0.125157 0.922819 0.016352 0.033557
1 0.781761 0.921700 0.013836 0.022371
1 0.630818 0.922819 0.026415 0.033557
1 0.077987 0.923937 0.015094 0.017897
1 0.104403 0.926174 0.017610 0.026846
1 0.490566 0.925056 0.025157 0.020134
1 0.420755 0.927293 0.013836 0.038031
1 0.606289 0.929530 0.017610 0.029083
1 0.138994 0.947427 0.016352 0.029083
1 0.516352 0.948546 0.013836 0.017897
1 0.097484 0.949664 0.013836 0.020134
1 0.072956 0.951902 0.017610 0.024609
1 0.402516 0.958613 0.012579 0.029083
1 0.708805 0.961969 0.018868 0.053691
1 0.172956 0.967562 0.018868 0.033557
1 0.076730 0.983221 0.017610 0.029083
1 0.593711 0.019016 0.020126 0.033557
1 0.567296 0.023490 0.020126 0.042506
1 0.368553 0.031320 0.020126 0.031320
1 0.541509 0.034676 0.018868 0.042506
1 0.460377 0.034676 0.022642 0.038031
1 0.871069 0.040268 0.018868 0.031320
1 0.849686 0.042506 0.018868 0.035794
1 0.798742 0.044743 0.022642 0.040268
1 0.179245 0.050336 0.026415 0.046980
1 0.057233 0.057047 0.018868 0.033557
1 0.732075 0.060403 0.017610 0.040268
1 0.833962 0.065996 0.020126 0.033557
1 0.038365 0.070470 0.016352 0.051454
1 0.150314 0.083893 0.021384 0.038031
1 0.415094 0.083893 0.020126 0.033557
1 0.493711 0.082774 0.021384 0.035794
1 0.945912 0.091723 0.020126 0.040268
1 0.080503 0.092841 0.020126 0.042506
1 0.749057 0.095078 0.023899 0.038031
1 0.631447 0.109620 0.015094 0.053691
1 0.588679 0.109620 0.020126 0.044743
1 0.927673 0.115213 0.018868 0.038031
1 0.407547 0.123043 0.020126 0.040268
1 0.771069 0.123043 0.020126 0.031320
1 0.525786 0.129754 0.025157 0.026846
1 0.559119 0.136465 0.021384 0.040268
1 0.605031 0.142058 0.020126 0.038031
1 0.427044 0.149888 0.026415 0.035794
1 0.705660 0.151007 0.022642 0.038031
1 0.036478 0.152125 0.020126 0.031320
1 0.808176 0.155481 0.021384 0.042506
1 0.140252 0.158837 0.026415 0.026846
1 0.190566 0.164430 0.018868 0.038031
1 0.763522 0.167785 0.020126 0.031320
1 0.520755 0.174497 0.020126 0.031320
1 0.864151 0.174497 0.015094 0.044743
1 0.485535 0.175615 0.020126 0.038031
1 0.959119 0.181208 0.018868 0.040268
1 0.071069 0.182327 0.016352 0.038031
1 0.588679 0.181208 0.025157 0.035794
1 0.545283 0.182327 0.021384 0.038031
1 0.683648 0.185682 0.023899 0.035794
1 0.168553 0.187919 0.020126 0.035794
1 0.013208 0.192394 0.021384 0.035794
1 0.432704 0.194631 0.017610 0.035794
1 0.622013 0.194631 0.018868 0.044743
1 0.142767 0.199105 0.023899 0.031320
1 0.783648 0.205817 0.015094 0.040268
1 0.204403 0.213647 0.018868 0.042506
1 0.708176 0.215884 0.020126 0.042506
1 0.515723 0.219239 0.020126 0.040268
1 0.181132 0.219239 0.020126 0.031320
1 0.643396 0.222595 0.018868 0.046980
1 0.466667 0.223714 0.022642 0.035794
1 0.589937 0.225951 0.025157 0.040268
1 0.024528 0.224832 0.021384 0.038031
1 0.151572 0.240492 0.021384 0.033557
1 0.433962 0.244966 0.017610 0.038031
1 0.369182 0.250559 0.018868 0.035794
1 0.781761 0.256152 0.018868 0.038031
1 0.873585 0.257271 0.018868 0.031320
1 0.181761 0.261745 0.021384 0.035794
1 0.691824 0.261745 0.017610 0.040268
1 0.522642 0.265101 0.018868 0.042506
1 0.552201 0.263982 0.020126 0.031320
1 0.072956 0.263982 0.022642 0.040268
1 0.596855 0.267338 0.016352 0.038031
1 0.312579 0.269575 0.018868 0.042506
1 0.123270 0.269575 0.020126 0.042506
1 0.671069 0.272931 0.018868 0.035794
1 0.901258 0.276286 0.018868 0.038031
1 0.219497 0.279642 0.021384 0.049217
1 0.740881 0.282998 0.020126 0.038031
1 0.389937 0.289709 0.017610 0.033557
1 0.453459 0.290828 0.018868 0.035794
1 0.794340 0.297539 0.018868 0.040268
1 0.821384 0.303132 0.017610 0.033557
1 0.250314 0.306488 0.025157 0.053691
1 0.473585 0.304251 0.016352 0.040268
1 0.320755 0.315436 0.015094 0.040268
1 0.596855 0.322148 0.018868 0.035794
1 0.114465 0.324385 0.015094 0.040268
1 0.686164 0.324385 0.021384 0.040268
1 0.729560 0.331096 0.020126 0.035794
1 0.366667 0.332215 0.018868 0.038031
1 0.428931 0.333333 0.020126 0.035794
1 0.227044 0.342282 0.021384 0.040268
1 0.186164 0.343400 0.017610 0.033557
1 0.804403 0.346756 0.018868 0.040268
1 0.342138 0.346756 0.020126 0.031320
1 0.027673 0.347875 0.022642 0.051454
1 0.303145 0.346756 0.017610 0.040268
1 0.503145 0.346756 0.025157 0.035794
1 0.569811 0.350112 0.020126 0.038031
1 0.637107 0.363535 0.021384 0.042506
1 0.250314 0.362416 0.022642 0.031320
1 0.893082 0.362416 0.020126 0.040268
1 0.279245 0.366890 0.020126 0.044743
1 0.663522 0.369128 0.016352 0.049217
1 0.515723 0.381432 0.020126 0.033557
1 0.688679 0.381432 0.021384 0.046980
1 0.915094 0.378076 0.018868 0.044743
1 0.483648 0.384787 0.021384 0.031320
1 0.062893 0.387025 0.020126 0.044743
1 0.418239 0.387025 0.018868 0.040268
1 0.389937 0.389262 0.022642 0.035794
1 0.089308 0.390380 0.017610 0.042506
1 0.840881 0.391499 0.021384 0.035794
1 0.184906 0.401566 0.020126 0.051454
1 0.149686 0.407159 0.022642 0.031320
1 0.890566 0.408277 0.020126 0.033557
1 0.311321 0.408277 0.016352 0.038031
1 0.574843 0.416107 0.020126 0.035794
1 0.790566 0.419463 0.018868 0.033557
1 0.621384 0.418345 0.022642 0.040268
1 0.974214 0.420582 0.021384 0.031320
1 0.851572 0.427293 0.025157 0.031320
1 0.674214 0.428412 0.022642 0.033557
1 0.266038 0.427293 0.021384 0.031320
1 0.738365 0.428412 0.017610 0.042506
1 0.473585 0.432886 0.021384 0.038031
1 0.915094 0.435123 0.016352 0.038031
1 0.444025 0.435123 0.017610 0.046980
1 0.088050 0.435123 0.025157 0.029083
1 0.762264 0.441834 0.015094 0.046980
1 0.392453 0.442953 0.022642 0.040268
1 0.501887 0.441834 0.025157 0.033557
1 0.586164 0.446309 0.022642 0.033557
1 0.350943 0.450783 0.020126 0.038031
1 0.896855 0.451902 0.017610 0.035794
1 0.066038 0.455257 0.021384 0.042506
1 0.201258 0.457494 0.015094 0.046980
1 0.226415 0.463087 0.022642 0.031320
1 0.250943 0.466443 0.023899 0.033557
1 0.621384 0.468680 0.022642 0.038031
1 0.536478 0.478747 0.023899 0.031320
1 0.740252 0.487696 0.021384 0.040268
1 0.409434 0.484340 0.021384 0.038031
1 0.776101 0.488814 0.022642 0.042506
1 0.666667 0.485459 0.017610 0.035794
1 0.447170 0.488814 0.023899 0.038031
1 0.921384 0.492170 0.018868 0.049217
1 0.572327 0.493289 0.017610 0.038031
1 0.592453 0.495526 0.017610 0.038031
1 0.491824 0.497763 0.030189 0.042506
1 0.702516 0.513423 0.018868 0.033557
1 0.622642 0.521253 0.017610 0.044743
1 0.298113 0.522371 0.027673 0.038031
1 0.898742 0.529083 0.021384 0.038031
1 0.400000 0.533557 0.017610 0.042506
1 0.652830 0.535794 0.017610 0.051454
1 0.440881 0.541387 0.021384 0.031320
1 0.316981 0.554810 0.020126 0.044743
1 0.030189 0.567114 0.022642 0.038031
1 0.681761 0.569351 0.017610 0.042506
1 0.237736 0.569351 0.022642 0.038031
1 0.408805 0.574944 0.020126 0.035794
1 0.454717 0.586130 0.021384 0.035794
1 0.327044 0.588367 0.020126 0.035794
1 0.014465 0.589485 0.023899 0.033557
1 0.779874 0.589485 0.020126 0.029083
1 0.520755 0.588367 0.022642 0.049217
1 0.746541 0.593960 0.021384 0.042506
1 0.296855 0.597315 0.020126 0.040268
1 0.174214 0.597315 0.023899 0.035794
1 0.120755 0.597315 0.017610 0.035794
1 0.578616 0.607383 0.027673 0.046980
1 0.077358 0.609620 0.021384 0.038031
1 0.192453 0.637584 0.022642 0.031320
1 0.547799 0.644295 0.021384 0.044743
1 0.335220 0.646532 0.021384 0.044743
1 0.510692 0.645414 0.017610 0.042506
1 0.257233 0.648770 0.023899 0.031320
1 0.934591 0.651007 0.025157 0.049217
1 0.016352 0.654362 0.027673 0.033557
1 0.444025 0.681208 0.017610 0.038031
1 0.644025 0.681208 0.022642 0.038031
1 0.469182 0.683445 0.025157 0.033557
1 0.824528 0.683445 0.013836 0.046980
1 0.398113 0.684564 0.016352 0.035794
1 0.220755 0.686801 0.018868 0.040268
1 0.670440 0.687919 0.017610 0.038031
1 0.722642 0.694631 0.018868 0.038031
1 0.525157 0.701342 0.018868 0.033557
1 0.603774 0.704698 0.015094 0.049217
1 0.128302 0.704698 0.017610 0.035794
1 0.072956 0.706935 0.022642 0.040268
1 0.027044 0.713647 0.018868 0.035794
1 0.425157 0.721477 0.017610 0.038031
1 0.489308 0.720358 0.020126 0.031320
1 0.457233 0.723714 0.021384 0.029083
1 0.320126 0.729306 0.018868 0.035794
1 0.400000 0.732662 0.020126 0.033557
1 0.661006 0.738255 0.013836 0.044743
1 0.625157 0.746085 0.020126 0.038031
1 0.042767 0.751678 0.020126 0.040268
1 0.815094 0.759508 0.020126 0.033557
1 0.209434 0.774049 0.018868 0.035794
1 0.465409 0.779642 0.017610 0.042506
1 0.257233 0.785235 0.018868 0.035794
1 0.418239 0.795302 0.021384 0.029083
1 0.737736 0.797539 0.018868 0.029083
1 0.651572 0.807606 0.020126 0.035794
1 0.447170 0.814318 0.021384 0.035794
1 0.114465 0.818792 0.022642 0.040268
1 0.159748 0.826622 0.017610 0.042506
1 0.183648 0.832215 0.017610 0.035794
1 0.710063 0.836689 0.021384 0.035794
1 0.033962 0.846756 0.022642 0.038031
1 0.606289 0.854586 0.017610 0.035794
1 0.498113 0.856823 0.022642 0.031320
1 0.666667 0.857942 0.012579 0.046980
1 0.581132 0.869128 0.020126 0.038031
1 0.067296 0.869128 0.018868 0.033557
1 0.812579 0.879195 0.020126 0.044743
1 0.790566 0.879195 0.018868 0.035794
1 0.516981 0.883669 0.025157 0.026846
1 0.478616 0.892617 0.021384 0.035794
1 0.747799 0.903803 0.021384 0.040268
1 0.455346 0.914989 0.020126 0.040268
1 0.679874 0.937360 0.023899 0.035794
1 0.556604 0.944072 0.018868 0.031320
1 0.627673 0.958613 0.020126 0.029083
1 0.439623 0.957494 0.018868 0.040268
1 0.537736 0.967562 0.016352 0.038031
1 0.050943 0.969799 0.021384 0.038031
1 0.606289 0.984340 0.022642 0.031320
