1 0.041353 0.058419 0.060150 0.061856
1 0.165414 0.030928 0.067669 0.054983
1 0.093985 0.115120 0.037594 0.051546
1 0.097744 0.183849 0.045113 0.044674
1 0.099624 0.252577 0.063910 0.058419
1 0.062030 0.331615 0.063910 0.058419
1 0.165414 0.300687 0.060150 0.058419
1 0.242481 0.250859 0.078947 0.075601
1 0.229323 0.187285 0.052632 0.058419
1 0.186090 0.154639 0.063910 0.061856
1 0.174812 0.101375 0.063910 0.051546
1 0.272556 0.116838 0.078947 0.054983
1 0.124060 0.374570 0.060150 0.054983
1 0.167293 0.390034 0.048872 0.058419
1 0.037594 0.405498 0.067669 0.068729
1 0.110902 0.465636 0.063910 0.072165
1 0.184211 0.520619 0.067669 0.058419
1 0.250000 0.443299 0.086466 0.096220
1 0.289474 0.534364 0.067669 0.044674
1 0.377820 0.498282 0.071429 0.061856
1 0.058271 0.647766 0.063910 0.051546
1 0.182331 0.603093 0.063910 0.072165
1 0.285714 0.591065 0.067669 0.048110
1 0.468045 0.513746 0.071429 0.058419
1 0.545113 0.424399 0.082707 0.058419
1 0.411654 0.108247 0.078947 0.072165
1 0.518797 0.073883 0.067669 0.051546
1 0.597744 0.041237 0.060150 0.061856
1 0.588346 0.498282 0.086466 0.061856
1 0.644737 0.407216 0.078947 0.058419
1 0.770677 0.340206 0.060150 0.068729
1 0.689850 0.309278 0.048872 0.061856
1 0.781955 0.247423 0.052632 0.054983
1 0.842105 0.383162 0.067669 0.044674
1 0.943609 0.379725 0.075188 0.065292
1 0.894737 0.264605 0.082707 0.054983
1 0.911654 0.317869 0.071429 0.051546
1 0.571429 0.630584 0.060150 0.058419
1 0.627820 0.575601 0.060150 0.072165
1 0.766917 0.438144 0.075188 0.058419
1 0.770677 0.489691 0.090226 0.058419
1 0.859023 0.475945 0.071429 0.051546
1 0.949248 0.451890 0.063910 0.065292
1 0.907895 0.577320 0.063910 0.075601
1 0.785714 0.563574 0.075188 0.048110
1 0.853383 0.520619 0.067669 0.037801
1 0.691729 0.579038 0.045113 0.051546
1 0.761278 0.634021 0.093985 0.051546
1 0.971805 0.644330 0.056391 0.051546
1 0.862782 0.670103 0.071429 0.054983
1 0.813910 0.829897 0.063910 0.058419
1 0.969925 0.733677 0.060150 0.072165
1 0.695489 0.699313 0.075188 0.072165
1 0.635338 0.773196 0.060150 0.054983
1 0.729323 0.855670 0.067669 0.061856
1 0.832707 0.908935 0.071429 0.058419
1 0.614662 0.903780 0.063910 0.054983
1 0.578947 0.836770 0.060150 0.058419
1 0.496241 0.876289 0.060150 0.075601
1 0.531955 0.768041 0.063910 0.058419
1 0.488722 0.670103 0.082707 0.061856
1 0.404135 0.718213 0.071429 0.048110
1 0.417293 0.831615 0.082707 0.061856
1 0.533835 0.568729 0.052632 0.044674
1 0.473684 0.589347 0.067669 0.058419
1 0.415414 0.621993 0.071429 0.061856
1 0.945489 0.969072 0.063910 0.048110
1 0.701128 0.951890 0.056391 0.048110
1 0.558271 0.948454 0.056391 0.054983
1 0.473684 0.967354 0.052632 0.051546
1 0.056391 0.857388 0.075188 0.058419
1 0.067669 0.725086 0.060150 0.054983
1 0.236842 0.903780 0.067669 0.061856
1 0.133459 0.833333 0.056391 0.044674
1 0.221805 0.821306 0.075188 0.054983
1 0.409774 0.912371 0.060150 0.065292
1 0.345865 0.919244 0.060150 0.051546
1 0.332707 0.752577 0.071429 0.048110
1 0.321429 0.663230 0.086466 0.061856
1 0.203008 0.692440 0.090226 0.065292
1 0.928571 0.199313 0.075188 0.048110
1 0.890977 0.151203 0.067669 0.048110
1 0.821429 0.125430 0.071429 0.065292
1 0.716165 0.125430 0.086466 0.058419
1 0.866541 0.056701 0.078947 0.058419
1 0.753759 0.042955 0.071429 0.065292
1 0.676692 0.034364 0.045113 0.054983
1 0.975564 0.140893 0.041353 0.061856
