1 0.032738 0.048991 0.053571 0.063401
1 0.087798 0.102305 0.056548 0.048991
1 0.026786 0.162824 0.041667 0.066282
1 0.080357 0.170029 0.047619 0.051873
1 0.156250 0.161383 0.044643 0.069164
1 0.178571 0.085014 0.041667 0.060519
1 0.217262 0.145533 0.047619 0.072046
1 0.242560 0.067723 0.056548 0.054755
1 0.214286 0.044669 0.035714 0.043228
1 0.293155 0.083573 0.050595 0.051873
1 0.349702 0.092219 0.062500 0.046110
1 0.348214 0.037464 0.065476 0.046110
1 0.281250 0.027378 0.038690 0.037464
1 0.041667 0.243516 0.035714 0.043228
1 0.084821 0.262248 0.050595 0.051873
1 0.135417 0.234870 0.038690 0.048991
1 0.205357 0.247839 0.041667 0.040346
1 0.163690 0.269452 0.041667 0.054755
1 0.145833 0.304035 0.041667 0.037464
1 0.052083 0.328530 0.050595 0.080692
1 0.105655 0.365994 0.044643 0.057637
1 0.184524 0.332853 0.059524 0.060519
1 0.117560 0.413545 0.050595 0.037464
1 0.041667 0.425072 0.053571 0.043228
1 0.056548 0.471182 0.047619 0.043228
1 0.223214 0.383285 0.053571 0.080692
1 0.291667 0.340058 0.047619 0.063401
1 0.272321 0.270893 0.044643 0.080692
1 0.282738 0.197406 0.065476 0.048991
1 0.327381 0.230548 0.053571 0.063401
1 0.322917 0.289625 0.038690 0.054755
1 0.385417 0.276657 0.062500 0.057637
1 0.395833 0.206052 0.065476 0.054755
1 0.372024 0.146974 0.053571 0.057637
1 0.441964 0.149856 0.062500 0.046110
1 0.491071 0.165706 0.041667 0.048991
1 0.453869 0.231988 0.056548 0.054755
1 0.543155 0.197406 0.062500 0.048991
1 0.436012 0.083573 0.056548 0.063401
1 0.410714 0.054755 0.047619 0.051873
1 0.549107 0.141210 0.044643 0.028818
1 0.598214 0.154179 0.035714 0.054755
1 0.645833 0.145533 0.047619 0.054755
1 0.619048 0.216138 0.041667 0.057637
1 0.552083 0.252161 0.074405 0.048991
1 0.507440 0.279539 0.056548 0.063401
1 0.572917 0.321326 0.056548 0.066282
1 0.479167 0.036023 0.047619 0.043228
1 0.669643 0.285303 0.041667 0.057637
1 0.714286 0.318444 0.035714 0.048991
1 0.822917 0.263689 0.056548 0.048991
1 0.845238 0.301153 0.041667 0.048991
1 0.898810 0.276657 0.041667 0.046110
1 0.952381 0.249280 0.059524 0.054755
1 0.895833 0.224784 0.059524 0.051873
1 0.980655 0.187320 0.038690 0.057637
1 0.943452 0.175793 0.041667 0.063401
1 0.821429 0.180115 0.059524 0.083573
1 0.869048 0.165706 0.047619 0.066282
1 0.915179 0.126801 0.050595 0.051873
1 0.968750 0.125360 0.038690 0.048991
1 0.888393 0.093660 0.050595 0.037464
1 0.962798 0.048991 0.062500 0.051873
1 0.846726 0.043228 0.050595 0.040346
1 0.708333 0.155620 0.095238 0.074928
1 0.788690 0.061960 0.059524 0.054755
1 0.819940 0.123919 0.044643 0.034582
1 0.711310 0.023055 0.065476 0.034582
1 0.693452 0.090778 0.065476 0.048991
1 0.572917 0.085014 0.044643 0.048991
1 0.620536 0.061960 0.062500 0.054755
1 0.540179 0.051873 0.074405 0.069164
1 0.772321 0.299712 0.056548 0.040346
1 0.927083 0.344380 0.068452 0.048991
1 0.944940 0.396254 0.044643 0.048991
1 0.979167 0.396254 0.035714 0.072046
1 0.610119 0.351585 0.053571 0.069164
1 0.668155 0.350144 0.056548 0.043228
1 0.641369 0.387608 0.032738 0.025937
1 0.653274 0.427954 0.032738 0.025937
1 0.761905 0.479827 0.047619 0.043228
1 0.925595 0.595101 0.059524 0.048991
1 0.837798 0.574928 0.044643 0.066282
1 0.748512 0.564841 0.038690 0.063401
1 0.639881 0.515850 0.053571 0.046110
1 0.647321 0.570605 0.050595 0.063401
1 0.572917 0.587896 0.068452 0.046110
1 0.578869 0.534582 0.062500 0.043228
1 0.531250 0.518732 0.050595 0.046110
1 0.577381 0.471182 0.047619 0.037464
1 0.507440 0.469741 0.032738 0.040346
1 0.459821 0.471182 0.044643 0.060519
1 0.523810 0.420749 0.059524 0.051873
1 0.546131 0.387608 0.068452 0.037464
1 0.452381 0.394813 0.071429 0.051873
1 0.366071 0.479827 0.077381 0.066282
1 0.331845 0.440922 0.056548 0.046110
1 0.372024 0.387608 0.059524 0.048991
1 0.395833 0.534582 0.047619 0.060519
1 0.440476 0.541787 0.041667 0.057637
1 0.342262 0.574928 0.047619 0.048991
1 0.480655 0.583573 0.056548 0.077810
1 0.907738 0.697406 0.059524 0.051873
1 0.973214 0.773775 0.041667 0.043228
1 0.949405 0.870317 0.047619 0.074928
1 0.909226 0.893372 0.056548 0.063401
1 0.916667 0.963977 0.059524 0.060519
1 0.809524 0.956772 0.041667 0.051873
1 0.782738 0.903458 0.041667 0.060519
1 0.724702 0.927954 0.062500 0.086455
1 0.632440 0.930836 0.038690 0.040346
1 0.666667 0.897695 0.035714 0.043228
1 0.691964 0.848703 0.050595 0.048991
1 0.805060 0.845821 0.050595 0.054755
1 0.766369 0.814121 0.056548 0.054755
1 0.827381 0.766571 0.047619 0.057637
1 0.796131 0.697406 0.074405 0.046110
1 0.739583 0.746398 0.056548 0.063401
1 0.665179 0.671470 0.044643 0.069164
1 0.601190 0.642651 0.071429 0.057637
1 0.602679 0.695965 0.044643 0.054755
1 0.500000 0.631124 0.041667 0.046110
1 0.544643 0.668588 0.065476 0.057637
1 0.632440 0.750720 0.068452 0.054755
1 0.636905 0.802594 0.065476 0.043228
1 0.686012 0.791066 0.050595 0.060519
1 0.586310 0.841499 0.059524 0.051873
1 0.593750 0.900576 0.044643 0.048991
1 0.544643 0.877522 0.065476 0.037464
1 0.497024 0.951009 0.053571 0.051873
1 0.438988 0.974063 0.056548 0.046110
1 0.561012 0.775216 0.050595 0.080692
1 0.519345 0.812680 0.038690 0.051873
1 0.483631 0.835735 0.056548 0.063401
1 0.476190 0.766571 0.059524 0.063401
1 0.473214 0.708934 0.053571 0.040346
1 0.400298 0.670029 0.038690 0.054755
1 0.348214 0.664265 0.053571 0.054755
1 0.321429 0.723343 0.053571 0.057637
1 0.404762 0.744957 0.059524 0.054755
1 0.407738 0.812680 0.059524 0.057637
1 0.407738 0.873199 0.047619 0.057637
1 0.386905 0.920749 0.053571 0.043228
1 0.340774 0.858790 0.062500 0.051873
1 0.334821 0.945245 0.050595 0.069164
1 0.276786 0.420749 0.035714 0.040346
1 0.266369 0.474063 0.062500 0.048991
1 0.200893 0.508646 0.050595 0.043228
1 0.160714 0.548991 0.047619 0.060519
1 0.125000 0.533141 0.035714 0.034582
1 0.049107 0.533141 0.062500 0.057637
1 0.117560 0.606628 0.044643 0.060519
1 0.055060 0.621037 0.050595 0.054755
1 0.071429 0.665706 0.047619 0.046110
1 0.127976 0.682997 0.059524 0.063401
1 0.169643 0.621037 0.047619 0.054755
1 0.224702 0.610951 0.050595 0.040346
1 0.263393 0.567723 0.038690 0.040346
1 0.247024 0.523055 0.059524 0.054755
1 0.302083 0.544669 0.044643 0.040346
1 0.227679 0.646974 0.050595 0.037464
1 0.200893 0.690202 0.050595 0.054755
1 0.260417 0.711816 0.056548 0.051873
1 0.288690 0.661383 0.053571 0.043228
1 0.206845 0.757925 0.056548 0.057637
1 0.144345 0.755043 0.050595 0.063401
1 0.114583 0.792507 0.050595 0.046110
1 0.080357 0.757925 0.053571 0.034582
1 0.052083 0.721902 0.044643 0.037464
1 0.026786 0.690202 0.041667 0.077810
1 0.058036 0.817003 0.044643 0.066282
1 0.224702 0.821326 0.062500 0.063401
1 0.279762 0.837176 0.053571 0.048991
1 0.263393 0.916427 0.056548 0.063401
1 0.136905 0.877522 0.041667 0.054755
1 0.020833 0.914986 0.035714 0.037464
1 0.022321 0.968300 0.032738 0.040346
1 0.092262 0.961095 0.059524 0.060519
1 0.163690 0.945245 0.059524 0.092219
