0 0.839104 0.163352 0.093686 0.110795
0 0.799389 0.332386 0.071283 0.079545
0 0.899185 0.676136 0.083503 0.125000
0 0.799389 0.538352 0.038697 0.088068
0 0.866599 0.409091 0.067210 0.062500
1 0.412424 0.240057 0.054990 0.071023
1 0.706721 0.434659 0.040733 0.062500
1 0.320774 0.545455 0.059063 0.079545
1 0.566191 0.676136 0.052953 0.056818
1 0.364562 0.710227 0.032587 0.073864
2 0.130346 0.066761 0.052953 0.116477
2 0.183299 0.164773 0.069246 0.090909
2 0.258656 0.210227 0.057026 0.079545
2 0.312627 0.274148 0.050916 0.082386
2 0.348269 0.211648 0.057026 0.076705
2 0.449084 0.159091 0.054990 0.090909
2 0.515275 0.176136 0.052953 0.073864
2 0.581466 0.200284 0.050916 0.071023
2 0.548880 0.321023 0.050916 0.085227
2 0.598778 0.359375 0.057026 0.093750
2 0.658859 0.377841 0.054990 0.079545
2 0.733198 0.524148 0.052953 0.082386
2 0.769857 0.637784 0.057026 0.082386
2 0.840122 0.779830 0.059063 0.088068
2 0.825866 0.875000 0.059063 0.079545
2 0.889002 0.954545 0.046843 0.079545
2 0.946029 0.960227 0.050916 0.073864
2 0.917515 0.877841 0.046843 0.068182
2 0.843177 0.967330 0.048880 0.059659
