0 0.017137 0.104970 0.015121 0.017241
1 0.112399 0.115112 0.007056 0.013185
1 0.946321 0.126268 0.008569 0.019270
1 0.800403 0.060852 0.007056 0.016227
1 0.834425 0.164807 0.008569 0.017241
1 0.224798 0.280426 0.007056 0.013185
1 0.102067 0.282961 0.008569 0.018256
1 0.089718 0.506085 0.008065 0.014199
1 0.140877 0.627282 0.007560 0.013185
1 0.078377 0.896552 0.007560 0.012170
1 0.075857 0.796653 0.006552 0.013185
1 0.119204 0.794625 0.006552 0.015213
1 0.374244 0.838235 0.006552 0.011156
1 0.435232 0.696247 0.008569 0.015213
1 0.530998 0.769270 0.007560 0.011156
1 0.734627 0.662272 0.009577 0.012170
1 0.689012 0.318966 0.008065 0.017241
1 0.833165 0.374239 0.008065 0.016227
1 0.851562 0.037525 0.007560 0.014199
1 0.845010 0.067951 0.006552 0.014199
1 0.851815 0.079108 0.007056 0.012170
1 0.859123 0.186613 0.004536 0.014199
1 0.552419 0.119168 0.008065 0.019270
1 0.450101 0.219574 0.008065 0.015213
1 0.599798 0.404158 0.007056 0.013185
1 0.639365 0.224645 0.005544 0.011156
1 0.184980 0.162272 0.007056 0.016227
1 0.283770 0.160751 0.007056 0.013185
1 0.236391 0.696755 0.007056 0.014199
1 0.747480 0.554767 0.007056 0.018256
1 0.859375 0.506592 0.009073 0.015213
1 0.935988 0.117140 0.009073 0.017241
2 0.130292 0.299696 0.011593 0.021298
2 0.109879 0.671400 0.012097 0.026369
2 0.521169 0.395030 0.009073 0.019270
2 0.979587 0.048682 0.013609 0.028398
2 0.414567 0.219067 0.012601 0.024341
2 0.361391 0.384381 0.010081 0.024341
2 0.435484 0.351927 0.009073 0.022312
2 0.068800 0.173935 0.018649 0.023327
2 0.027218 0.304767 0.010081 0.017241
2 0.513105 0.778905 0.012097 0.020284
2 0.479335 0.366633 0.010081 0.019270
2 0.596522 0.565923 0.011593 0.022312
2 0.581905 0.508621 0.010585 0.017241
2 0.716734 0.444219 0.010081 0.022312
2 0.835685 0.207911 0.008065 0.024341
2 0.880040 0.092292 0.010081 0.016227
2 0.906754 0.085700 0.009073 0.025355
2 0.928175 0.257606 0.011593 0.018256
2 0.036038 0.716024 0.011593 0.020284
2 0.961442 0.043611 0.009577 0.026369
2 0.364919 0.436105 0.010081 0.020284
2 0.269909 0.429513 0.008569 0.029412
2 0.236139 0.397059 0.011593 0.021298
2 0.229587 0.429006 0.008569 0.028398
2 0.030242 0.605477 0.009073 0.018256
2 0.323337 0.791582 0.009577 0.019270
