1 0.091027 0.008863 0.020806 0.017725
1 0.271131 0.009601 0.027308 0.019202
1 0.453836 0.009601 0.023407 0.019202
1 0.591678 0.012555 0.044213 0.022157
1 0.487646 0.014032 0.023407 0.025111
1 0.322497 0.013294 0.026008 0.026588
1 0.012354 0.027326 0.024707 0.025111
1 0.295839 0.029542 0.022107 0.023634
1 0.641092 0.033235 0.018205 0.025111
1 0.562419 0.037666 0.016905 0.022157
1 0.663199 0.037666 0.020806 0.025111
1 0.783485 0.038405 0.027308 0.032496
1 0.078023 0.042097 0.026008 0.033973
1 0.180104 0.042836 0.022107 0.029542
1 0.475943 0.048006 0.020806 0.028065
1 0.216515 0.050222 0.029909 0.041359
1 0.254876 0.053176 0.023407 0.032496
1 0.039662 0.051699 0.016905 0.023634
1 0.765930 0.053914 0.020806 0.028065
1 0.109233 0.054653 0.026008 0.023634
1 0.654096 0.067208 0.031209 0.025111
1 0.617685 0.065731 0.028609 0.028065
1 0.895319 0.070162 0.024707 0.025111
1 0.282835 0.068685 0.022107 0.019202
1 0.172952 0.080502 0.023407 0.028065
1 0.781534 0.081979 0.028609 0.022157
1 0.124837 0.081241 0.020806 0.020679
1 0.568270 0.082718 0.020806 0.029542
1 0.058518 0.086411 0.020806 0.022157
1 0.381014 0.087888 0.020806 0.031019
1 0.989597 0.088626 0.018205 0.023634
1 0.260078 0.098227 0.026008 0.025111
1 0.027308 0.102659 0.026008 0.031019
1 0.489597 0.104136 0.019506 0.028065
1 0.081925 0.104874 0.023407 0.029542
1 0.918075 0.104136 0.020806 0.028065
1 0.442133 0.106352 0.023407 0.026588
1 0.954486 0.106352 0.020806 0.029542
1 0.754226 0.109306 0.026008 0.029542
1 0.819246 0.109306 0.020806 0.020679
1 0.464239 0.115953 0.028609 0.025111
1 0.143043 0.116691 0.031209 0.029542
1 0.308192 0.121861 0.033810 0.022157
1 0.041612 0.127031 0.018205 0.023634
1 0.620936 0.132201 0.022107 0.033973
1 0.589727 0.130724 0.022107 0.022157
1 0.517555 0.129985 0.020806 0.026588
1 0.815995 0.132201 0.027308 0.019202
1 0.254876 0.136632 0.023407 0.022157
1 0.015605 0.136632 0.031209 0.033973
1 0.931079 0.138848 0.020806 0.023634
1 0.094928 0.141064 0.028609 0.033973
1 0.679454 0.144756 0.027308 0.020679
1 0.385566 0.142541 0.029909 0.031019
1 0.355007 0.144756 0.026008 0.029542
1 0.988296 0.145495 0.023407 0.025111
1 0.167750 0.148449 0.036411 0.025111
1 0.639792 0.149926 0.020806 0.025111
1 0.202861 0.158789 0.026008 0.031019
1 0.713914 0.163220 0.026008 0.016248
1 0.808192 0.163959 0.029909 0.026588
1 0.462289 0.167651 0.019506 0.028065
1 0.955787 0.169129 0.028609 0.028065
1 0.061769 0.169129 0.019506 0.028065
1 0.410273 0.170606 0.022107 0.025111
1 0.276333 0.177991 0.027308 0.028065
1 0.174252 0.181684 0.020806 0.020679
1 0.433680 0.183161 0.022107 0.029542
1 0.764629 0.189808 0.020806 0.028065
1 0.090377 0.189069 0.027308 0.023634
1 0.492848 0.187592 0.018205 0.035451
1 0.032510 0.189069 0.026008 0.023634
1 0.708062 0.190547 0.022107 0.026588
1 0.301691 0.193501 0.026008 0.026588
1 0.249675 0.190547 0.026008 0.032496
1 0.934980 0.191285 0.020806 0.025111
1 0.651495 0.199409 0.018205 0.020679
1 0.784785 0.198671 0.022107 0.022157
1 0.226268 0.200886 0.020806 0.029542
1 0.734070 0.201625 0.022107 0.028065
1 0.871912 0.203840 0.022107 0.029542
1 0.115085 0.209749 0.022107 0.029542
1 0.274382 0.211226 0.020806 0.020679
1 0.672302 0.212703 0.023407 0.029542
1 0.371261 0.212703 0.019506 0.026588
1 0.393368 0.213442 0.016905 0.028065
1 0.165800 0.214180 0.024707 0.032496
1 0.916775 0.215657 0.028609 0.023634
1 0.136541 0.220827 0.020806 0.036928
1 0.039012 0.222304 0.026008 0.028065
1 0.211313 0.226736 0.022107 0.019202
1 0.760078 0.229690 0.027308 0.031019
1 0.887516 0.231905 0.024707 0.026588
1 0.814694 0.234121 0.022107 0.022157
1 0.331599 0.238552 0.028609 0.019202
1 0.845254 0.240768 0.028609 0.020679
1 0.479194 0.248892 0.022107 0.033973
1 0.587126 0.251846 0.035111 0.028065
1 0.295189 0.258493 0.020806 0.017725
1 0.264629 0.259232 0.024707 0.022157
1 0.445384 0.262925 0.024707 0.029542
1 0.182705 0.265140 0.022107 0.028065
1 0.410273 0.271049 0.024707 0.019202
1 0.504551 0.271049 0.026008 0.022157
1 0.223667 0.274742 0.023407 0.023634
1 0.652146 0.277696 0.024707 0.029542
1 0.478544 0.282127 0.023407 0.020679
1 0.990897 0.281388 0.018205 0.028065
1 0.767230 0.290251 0.028609 0.022157
1 0.436281 0.294682 0.024707 0.025111
1 0.508453 0.299852 0.028609 0.029542
1 0.567620 0.302068 0.027308 0.028065
1 0.838752 0.304284 0.023407 0.023634
1 0.390767 0.302806 0.019506 0.023634
1 0.215215 0.305022 0.024707 0.031019
1 0.814044 0.309453 0.023407 0.031019
1 0.633940 0.310931 0.024707 0.025111
1 0.784785 0.315362 0.022107 0.022157
1 0.980494 0.318316 0.026008 0.025111
1 0.765280 0.320532 0.022107 0.017725
1 0.666450 0.319793 0.022107 0.031019
1 0.591678 0.320532 0.023407 0.026588
1 0.715215 0.324225 0.023407 0.019202
1 0.419376 0.322747 0.024707 0.025111
1 0.386866 0.328656 0.022107 0.025111
1 0.144993 0.330133 0.027308 0.033973
1 0.851756 0.330133 0.023407 0.028065
1 0.091027 0.341950 0.023407 0.028065
1 0.900520 0.341950 0.027308 0.022157
1 0.959688 0.345643 0.023407 0.023634
1 0.441482 0.349335 0.016905 0.028065
1 0.868661 0.350074 0.026008 0.029542
1 0.121586 0.356721 0.029909 0.036928
1 0.814694 0.358198 0.024707 0.028065
1 0.637841 0.358198 0.019506 0.031019
1 0.546164 0.358936 0.026008 0.038405
1 0.915475 0.371492 0.036411 0.028065
1 0.795189 0.372969 0.027308 0.025111
1 0.092328 0.376662 0.020806 0.023634
1 0.531209 0.382570 0.024707 0.029542
1 0.152796 0.383309 0.027308 0.025111
1 0.730819 0.387740 0.020806 0.019202
1 0.986996 0.384047 0.020806 0.023634
1 0.425878 0.391433 0.024707 0.026588
1 0.473992 0.397341 0.019506 0.032496
1 0.508453 0.400295 0.023407 0.026588
1 0.235371 0.401034 0.028609 0.031019
1 0.400520 0.401773 0.023407 0.023634
1 0.064369 0.402511 0.024707 0.025111
1 0.832250 0.402511 0.026008 0.028065
1 0.454486 0.403988 0.016905 0.025111
1 0.732120 0.407681 0.023407 0.023634
1 0.195709 0.407681 0.024707 0.023634
1 0.570221 0.421713 0.022107 0.028065
1 0.126138 0.430576 0.023407 0.036928
1 0.282835 0.426145 0.027308 0.019202
1 0.650195 0.425406 0.028609 0.026588
1 0.091027 0.429099 0.020806 0.022157
1 0.164499 0.418021 0.027308 0.020679
1 0.512354 0.429838 0.020806 0.026588
1 0.830949 0.433530 0.023407 0.022157
1 0.963589 0.437962 0.033810 0.028065
1 0.782185 0.441654 0.019506 0.026588
1 0.608583 0.441654 0.020806 0.029542
1 0.461638 0.444609 0.028609 0.032496
1 0.756177 0.444609 0.027308 0.023634
1 0.140442 0.454948 0.033810 0.020679
1 0.074772 0.454948 0.022107 0.029542
1 0.874512 0.459380 0.022107 0.026588
1 0.495449 0.463811 0.028609 0.026588
1 0.926528 0.466765 0.022107 0.026588
1 0.120936 0.474889 0.023407 0.022157
1 0.591678 0.475628 0.020806 0.023634
1 0.209363 0.474889 0.031209 0.025111
1 0.739922 0.476366 0.020806 0.025111
1 0.566320 0.480059 0.022107 0.026588
1 0.394668 0.486706 0.022107 0.028065
1 0.302341 0.485229 0.035111 0.019202
1 0.710663 0.488183 0.027308 0.028065
1 0.518856 0.491876 0.015605 0.023634
1 0.412224 0.502216 0.023407 0.023634
1 0.929129 0.503693 0.022107 0.029542
1 0.815995 0.504431 0.024707 0.025111
1 0.538362 0.507386 0.026008 0.028065
1 0.852406 0.511078 0.035111 0.029542
1 0.427178 0.519941 0.024707 0.029542
1 0.573472 0.525111 0.028609 0.031019
1 0.608583 0.523634 0.028609 0.039882
1 0.294538 0.525111 0.027308 0.031019
1 0.322497 0.527326 0.018205 0.029542
1 0.788687 0.525849 0.024707 0.029542
1 0.207412 0.532496 0.024707 0.028065
1 0.756827 0.533973 0.028609 0.028065
1 0.343953 0.533973 0.022107 0.025111
1 0.369961 0.535451 0.022107 0.028065
1 0.234720 0.539882 0.019506 0.031019
1 0.548765 0.551699 0.020806 0.033973
1 0.650845 0.552437 0.032510 0.029542
1 0.744473 0.554653 0.022107 0.025111
1 0.591027 0.555391 0.027308 0.023634
1 0.718466 0.561300 0.022107 0.023634
1 0.341352 0.568685 0.022107 0.026588
1 0.693758 0.571640 0.022107 0.032496
1 0.661899 0.575332 0.026008 0.022157
1 0.561769 0.575332 0.026008 0.025111
1 0.312744 0.581979 0.024707 0.029542
1 0.283485 0.584195 0.026008 0.042836
1 0.768531 0.592319 0.028609 0.026588
1 0.199610 0.595273 0.024707 0.029542
1 0.490247 0.599705 0.026008 0.026588
1 0.165800 0.601182 0.024707 0.038405
1 0.665800 0.603397 0.026008 0.025111
1 0.254876 0.602659 0.026008 0.029542
1 0.135891 0.606352 0.022107 0.028065
1 0.825098 0.610783 0.024707 0.025111
1 0.579974 0.611521 0.020806 0.029542
1 0.611834 0.621861 0.024707 0.026588
1 0.225618 0.632201 0.027308 0.026588
1 0.473342 0.633678 0.018205 0.032496
1 0.637841 0.633678 0.024707 0.026588
1 0.308843 0.643279 0.029909 0.028065
1 0.360858 0.647710 0.027308 0.025111
1 0.061769 0.652142 0.024707 0.025111
1 0.800390 0.655835 0.016905 0.032496
1 0.776983 0.658050 0.022107 0.031019
1 0.262679 0.662482 0.018205 0.036928
1 0.446034 0.665436 0.020806 0.033973
1 0.694408 0.669867 0.023407 0.025111
1 0.239922 0.670606 0.022107 0.026588
1 0.507802 0.677991 0.024707 0.026588
1 0.828349 0.678730 0.023407 0.028065
1 0.671651 0.682422 0.022107 0.032496
1 0.182705 0.683900 0.027308 0.035451
1 0.589077 0.683161 0.026008 0.028065
1 0.324447 0.686115 0.024707 0.033973
1 0.760728 0.687592 0.026008 0.022157
1 0.152796 0.687592 0.024707 0.031019
1 0.716515 0.688331 0.023407 0.029542
1 0.481144 0.694978 0.023407 0.028065
1 0.356307 0.697932 0.026008 0.039882
1 0.537711 0.699409 0.022107 0.028065
1 0.415475 0.700148 0.027308 0.026588
1 0.805592 0.700148 0.024707 0.026588
1 0.215215 0.717873 0.022107 0.029542
1 0.308192 0.720089 0.033810 0.019202
1 0.654746 0.723043 0.016905 0.031019
1 0.336151 0.726736 0.024707 0.017725
1 0.635241 0.728213 0.016905 0.029542
1 0.789987 0.726736 0.024707 0.038405
1 0.750975 0.733383 0.029909 0.022157
1 0.505202 0.740768 0.024707 0.033973
1 0.527958 0.739291 0.018205 0.036928
1 0.382315 0.740768 0.020806 0.022157
1 0.852406 0.743722 0.016905 0.031019
1 0.133940 0.745199 0.023407 0.025111
1 0.479194 0.754062 0.022107 0.033973
1 0.739272 0.758493 0.042913 0.025111
1 0.704811 0.762925 0.018205 0.033973
1 0.410923 0.767356 0.015605 0.025111
1 0.783485 0.771787 0.024707 0.028065
1 0.680754 0.774003 0.022107 0.029542
1 0.351105 0.780650 0.023407 0.022157
1 0.312094 0.783604 0.023407 0.031019
1 0.386216 0.786558 0.023407 0.028065
1 0.812744 0.789513 0.033810 0.031019
1 0.727568 0.796160 0.024707 0.035451
1 0.889467 0.802068 0.023407 0.026588
1 0.264629 0.806499 0.032510 0.026588
1 0.442783 0.806499 0.022107 0.032496
1 0.769831 0.810192 0.023407 0.025111
1 0.411573 0.811669 0.022107 0.031019
1 0.678153 0.817578 0.027308 0.031019
1 0.708713 0.822747 0.026008 0.023634
1 0.355007 0.824963 0.023407 0.028065
1 0.529909 0.827179 0.029909 0.020679
1 0.382315 0.827179 0.023407 0.023634
1 0.613134 0.827917 0.024707 0.025111
1 0.802341 0.831610 0.028609 0.029542
1 0.700260 0.844165 0.024707 0.022157
1 0.663199 0.852290 0.028609 0.029542
1 0.841352 0.864106 0.018205 0.026588
1 0.814044 0.864845 0.018205 0.031019
1 0.358257 0.865583 0.022107 0.020679
1 0.587126 0.867799 0.029909 0.022157
1 0.280884 0.871492 0.028609 0.029542
1 0.624187 0.875185 0.023407 0.028065
1 0.652796 0.890694 0.028609 0.026588
1 0.600780 0.892171 0.020806 0.026588
1 0.737971 0.890694 0.019506 0.032496
1 0.559818 0.898080 0.022107 0.029542
1 0.369961 0.901034 0.022107 0.023634
1 0.256827 0.906204 0.029909 0.025111
1 0.475943 0.907681 0.023407 0.025111
1 0.315345 0.912851 0.019506 0.029542
1 0.343303 0.915805 0.026008 0.029542
1 0.438231 0.920975 0.028609 0.025111
1 0.386866 0.920975 0.022107 0.022157
1 0.721717 0.921713 0.023407 0.017725
1 0.356307 0.933530 0.023407 0.020679
1 0.379714 0.943870 0.028609 0.017725
1 0.466190 0.958641 0.019506 0.020679
1 0.304291 0.957903 0.023407 0.028065
1 0.384915 0.989660 0.028609 0.020679
1 0.881664 0.990399 0.028609 0.019202
1 0.071521 0.064254 0.026008 0.025111
1 0.096879 0.081241 0.022107 0.026588
1 0.113134 0.104874 0.013004 0.023634
1 0.047464 0.152142 0.014304 0.017725
1 0.232120 0.113737 0.027308 0.026588
1 0.314044 0.146972 0.022107 0.016248
1 0.299740 0.167651 0.022107 0.025111
1 0.311443 0.222304 0.035111 0.025111
1 0.349155 0.269572 0.019506 0.013294
1 0.364109 0.287297 0.023407 0.031019
1 0.466840 0.215657 0.020806 0.020679
1 0.423927 0.209010 0.020806 0.022157
1 0.434980 0.237814 0.019506 0.020679
1 0.440832 0.069424 0.020806 0.026588
1 0.497399 0.051699 0.014304 0.023634
1 0.865410 0.098966 0.022107 0.023634
1 0.848505 0.121123 0.027308 0.029542
1 0.832250 0.212703 0.020806 0.014771
1 0.845254 0.194978 0.020806 0.014771
1 0.792588 0.236337 0.024707 0.020679
1 0.793888 0.216396 0.032510 0.019202
1 0.710013 0.245199 0.023407 0.017725
1 0.689207 0.249631 0.026008 0.020679
1 0.653446 0.451994 0.029909 0.023634
1 0.644343 0.474151 0.024707 0.023634
1 0.619636 0.475628 0.016905 0.020679
1 0.615085 0.342688 0.018205 0.026588
1 0.615085 0.389217 0.018205 0.019202
1 0.592978 0.360414 0.020806 0.035451
1 0.611834 0.364845 0.016905 0.026588
1 0.678804 0.425406 0.023407 0.026588
1 0.805592 0.450517 0.019506 0.017725
1 0.821196 0.476366 0.016905 0.022157
1 0.700260 0.285081 0.024707 0.020679
1 0.635891 0.514032 0.018205 0.014771
1 0.652796 0.505170 0.020806 0.017725
1 0.200910 0.192762 0.024707 0.025111
1 0.624187 0.195716 0.018205 0.016248
1 0.598830 0.194978 0.019506 0.020679
1 0.707412 0.379616 0.026008 0.029542
1 0.546814 0.480059 0.019506 0.029542
1 0.831599 0.561300 0.019506 0.020679
1 0.842653 0.584934 0.028609 0.023634
1 0.810143 0.556130 0.020806 0.033973
1 0.852406 0.458641 0.016905 0.019202
1 0.900520 0.518464 0.024707 0.032496
1 0.362159 0.747415 0.022107 0.017725
1 0.539662 0.980798 0.036411 0.026588
1 0.561118 0.798375 0.016905 0.022157
1 0.579974 0.793205 0.020806 0.020679
1 0.615085 0.742984 0.020806 0.020679
1 0.602081 0.761448 0.018205 0.022157
1 0.704161 0.802806 0.022107 0.022157
1 0.695709 0.709010 0.015605 0.020679
1 0.677503 0.724520 0.015605 0.033973
1 0.744473 0.011817 0.019506 0.017725
1 0.721066 0.022895 0.024707 0.031019
1 0.876463 0.086411 0.018205 0.022157
1 0.890767 0.107829 0.020806 0.026588
1 0.544213 0.073117 0.019506 0.025111
1 0.474642 0.144756 0.015605 0.020679
1 0.151495 0.046529 0.027308 0.048744
1 0.160598 0.016248 0.022107 0.023634
1 0.194408 0.019941 0.032510 0.033973
1 0.325098 0.050960 0.033810 0.036928
1 0.388817 0.511817 0.018205 0.028065
1 0.367360 0.508863 0.027308 0.031019
1 0.390117 0.423929 0.020806 0.029542
1 0.245774 0.720827 0.036411 0.026588
1 0.874512 0.395864 0.042913 0.023634
1 0.901821 0.309453 0.024707 0.022157
1 0.937581 0.309453 0.036411 0.033973
1 0.904421 0.285081 0.035111 0.020679
1 0.164499 0.250369 0.019506 0.025111
1 0.234070 0.249631 0.036411 0.020679
1 0.459038 0.375185 0.018205 0.020679
1 0.483095 0.327179 0.014304 0.016248
1 0.468791 0.331610 0.022107 0.033973
1 0.349805 0.022895 0.015605 0.019202
1 0.966840 0.409897 0.019506 0.016248
1 0.711313 0.097489 0.031209 0.032496
1 0.761378 0.028065 0.022107 0.023634
1 0.953186 0.040620 0.033810 0.019202
1 0.662549 0.115953 0.037711 0.019202
1 0.053316 0.910635 0.013004 0.019202
1 0.059168 0.921713 0.014304 0.017725
1 0.146944 0.945347 0.028609 0.017725
1 0.273732 0.944609 0.016905 0.016248
1 0.372562 0.175775 0.024707 0.029542
1 0.340702 0.212703 0.020806 0.029542
1 0.615085 0.036928 0.018205 0.020679
1 0.805592 0.110044 0.014304 0.022157
1 0.780884 0.119645 0.024707 0.026588
1 0.697009 0.408419 0.023407 0.031019
1 0.689207 0.451256 0.018205 0.019202
1 0.640442 0.815362 0.019506 0.020679
1 0.606632 0.805022 0.024707 0.020679
1 0.630039 0.791728 0.019506 0.014771
1 0.187906 0.937223 0.032510 0.019202
1 0.162549 0.563516 0.023407 0.019202
1 0.178153 0.556869 0.020806 0.026588
1 0.630039 0.412112 0.016905 0.017725
1 0.596229 0.396603 0.019506 0.016248
1 0.597529 0.422452 0.016905 0.017725
1 0.589727 0.434269 0.016905 0.017725
1 0.633940 0.601920 0.016905 0.016248
1 0.815345 0.576809 0.018205 0.019202
1 0.962939 0.588626 0.024707 0.022157
1 0.853706 0.266617 0.024707 0.019202
1 0.947334 0.458641 0.016905 0.016248
1 0.417425 0.344904 0.020806 0.022157
1 0.418075 0.058346 0.016905 0.031019
1 0.570221 0.169867 0.016905 0.032496
1 0.204811 0.503693 0.016905 0.017725
1 0.251625 0.573855 0.019506 0.019202
1 0.221066 0.132939 0.018205 0.017725
1 0.559818 0.648449 0.019506 0.023634
1 0.551365 0.610044 0.028609 0.023634
1 0.520806 0.563516 0.014304 0.013294
