1 0.039379 0.125285 0.045346 0.054670
1 0.134845 0.136674 0.050119 0.054670
1 0.105012 0.111617 0.028640 0.050114
1 0.168258 0.091116 0.045346 0.045558
1 0.248210 0.039863 0.038186 0.043280
1 0.156325 0.030752 0.035800 0.034169
1 0.249403 0.076310 0.045346 0.043280
1 0.230310 0.113895 0.035800 0.045558
1 0.152745 0.190205 0.047733 0.043280
1 0.210024 0.031891 0.033413 0.036446
1 0.299523 0.033030 0.045346 0.029613
1 0.325776 0.050114 0.035800 0.027335
1 0.374702 0.048975 0.042959 0.038724
1 0.396181 0.086560 0.052506 0.041002
1 0.083532 0.259681 0.052506 0.050114
1 0.016706 0.356492 0.019093 0.056948
1 0.045346 0.339408 0.023866 0.045558
1 0.138425 0.277904 0.047733 0.041002
1 0.195704 0.289294 0.047733 0.041002
1 0.057279 0.423690 0.042959 0.045558
1 0.108592 0.405467 0.045346 0.041002
1 0.152745 0.345103 0.052506 0.047836
1 0.225537 0.214123 0.040573 0.041002
1 0.291169 0.136674 0.038186 0.050114
1 0.322196 0.117312 0.038186 0.043280
1 0.335322 0.164009 0.050119 0.041002
1 0.266110 0.255125 0.050119 0.041002
1 0.319809 0.246014 0.047733 0.036446
1 0.377088 0.193622 0.047733 0.041002
1 0.423628 0.160592 0.040573 0.047836
1 0.479714 0.144647 0.047733 0.043280
1 0.442721 0.105923 0.035800 0.038724
1 0.459427 0.077449 0.031026 0.041002
1 0.510740 0.070615 0.042959 0.036446
1 0.534606 0.110478 0.047733 0.038724
1 0.577566 0.124146 0.042959 0.047836
1 0.634845 0.134396 0.042959 0.041002
1 0.587112 0.052392 0.038186 0.045558
1 0.397375 0.017084 0.035800 0.025057
1 0.632458 0.021640 0.038186 0.034169
1 0.595465 0.015945 0.031026 0.022779
1 0.673031 0.064920 0.042959 0.034169
1 0.725537 0.046697 0.038186 0.038724
1 0.757757 0.089977 0.054893 0.038724
1 0.670644 0.124146 0.038186 0.043280
1 0.715990 0.129841 0.047733 0.041002
1 0.772076 0.153759 0.031026 0.056948
1 0.850835 0.222096 0.035800 0.047836
1 0.893795 0.217540 0.021480 0.034169
1 0.921241 0.174260 0.038186 0.034169
1 0.861575 0.169704 0.042959 0.029613
1 0.972554 0.215262 0.035800 0.043280
1 0.920048 0.220957 0.026253 0.027335
1 0.966587 0.279043 0.028640 0.052392
1 0.951074 0.342825 0.040573 0.052392
1 0.918854 0.272210 0.028640 0.034169
1 0.878282 0.268793 0.038186 0.041002
1 0.897375 0.316629 0.038186 0.036446
1 0.881862 0.366743 0.035800 0.041002
1 0.849642 0.305239 0.023866 0.045558
1 0.787589 0.199317 0.028640 0.038724
1 0.743437 0.231207 0.050119 0.047836
1 0.763723 0.292711 0.047733 0.043280
1 0.701671 0.209567 0.047733 0.036446
1 0.693317 0.247153 0.040573 0.038724
1 0.644391 0.223235 0.042959 0.045558
1 0.596659 0.216401 0.047733 0.045558
1 0.539379 0.202733 0.042959 0.036446
1 0.486874 0.205011 0.052506 0.031891
1 0.420048 0.249431 0.033413 0.043280
1 0.385442 0.264237 0.050119 0.077449
1 0.341289 0.294989 0.038186 0.043280
1 0.361575 0.345103 0.040573 0.038724
1 0.276850 0.312073 0.047733 0.050114
1 0.256563 0.356492 0.035800 0.047836
1 0.223150 0.340547 0.031026 0.043280
1 0.189737 0.362187 0.031026 0.036446
1 0.120525 0.438497 0.031026 0.034169
1 0.219570 0.417995 0.038186 0.038724
1 0.281623 0.421412 0.038186 0.041002
1 0.317422 0.372437 0.038186 0.038724
1 0.032220 0.477221 0.035800 0.043280
1 0.047733 0.513667 0.038186 0.043280
1 0.144391 0.476082 0.050119 0.027335
1 0.186158 0.465831 0.038186 0.025057
1 0.212411 0.501139 0.057279 0.045558
1 0.254177 0.481777 0.040573 0.034169
1 0.299523 0.489749 0.040573 0.045558
1 0.359189 0.458998 0.059666 0.034169
1 0.332936 0.519362 0.040573 0.045558
1 0.484487 0.260820 0.042959 0.034169
1 0.538186 0.260820 0.040573 0.034169
1 0.600239 0.289294 0.045346 0.041002
1 0.656325 0.282460 0.052506 0.041002
1 0.714797 0.331435 0.054893 0.047836
1 0.644391 0.343964 0.052506 0.041002
1 0.556086 0.333713 0.042959 0.043280
1 0.510740 0.372437 0.042959 0.043280
1 0.615752 0.389522 0.047733 0.045558
1 0.536993 0.413440 0.047733 0.034169
1 0.583532 0.392938 0.031026 0.038724
1 0.489260 0.435080 0.042959 0.041002
1 0.427208 0.513667 0.042959 0.061503
1 0.575179 0.506834 0.047733 0.038724
1 0.631265 0.520501 0.054893 0.038724
1 0.576372 0.456720 0.054893 0.047836
1 0.677804 0.472665 0.038186 0.038724
1 0.682578 0.432802 0.042959 0.041002
1 0.726730 0.441913 0.045346 0.050114
1 0.801909 0.374715 0.047733 0.047836
1 0.807876 0.329157 0.045346 0.047836
1 0.832936 0.116173 0.052506 0.063781
1 0.954654 0.129841 0.033413 0.050114
1 0.898568 0.133257 0.035800 0.038724
1 0.898568 0.086560 0.045346 0.041002
1 0.982100 0.060364 0.031026 0.043280
1 0.836516 0.067198 0.050119 0.056948
1 0.883055 0.430524 0.047733 0.041002
1 0.937947 0.419134 0.033413 0.050114
1 0.829356 0.425968 0.045346 0.045558
1 0.782816 0.464692 0.052506 0.045558
1 0.738663 0.504556 0.054893 0.047836
1 0.879475 0.494305 0.050119 0.050114
1 0.900955 0.542141 0.050119 0.041002
1 0.966587 0.582005 0.042959 0.052392
1 0.850835 0.583144 0.031026 0.045558
1 0.784010 0.556948 0.031026 0.038724
1 0.752983 0.607062 0.040573 0.061503
1 0.848449 0.637813 0.035800 0.045558
1 0.896181 0.654897 0.045346 0.038724
1 0.961814 0.670843 0.057279 0.047836
1 0.880668 0.695900 0.038186 0.038724
1 0.908115 0.748292 0.040573 0.056948
1 0.830549 0.714123 0.047733 0.043280
1 0.780430 0.678815 0.042959 0.041002
1 0.680191 0.571754 0.038186 0.050114
1 0.595465 0.559226 0.050119 0.043280
1 0.677804 0.649203 0.057279 0.054670
1 0.651551 0.619590 0.033413 0.045558
1 0.605012 0.611617 0.040573 0.038724
1 0.983294 0.820046 0.028640 0.041002
1 0.926014 0.821185 0.062053 0.043280
1 0.816229 0.835991 0.042959 0.041002
1 0.776850 0.792711 0.054893 0.045558
1 0.707637 0.739180 0.040573 0.034169
1 0.657518 0.718679 0.035800 0.047836
1 0.605012 0.675399 0.045346 0.038724
1 0.591885 0.736902 0.038186 0.038724
1 0.609785 0.787016 0.045346 0.034169
1 0.538186 0.792711 0.045346 0.041002
1 0.529833 0.716401 0.052506 0.034169
1 0.485680 0.765376 0.040573 0.036446
1 0.466587 0.821185 0.045346 0.043280
1 0.521480 0.625285 0.035800 0.052392
1 0.474940 0.633257 0.038186 0.050114
1 0.442721 0.730068 0.045346 0.043280
1 0.441527 0.689066 0.033413 0.038724
1 0.408115 0.684510 0.047733 0.047836
1 0.404535 0.593394 0.040573 0.043280
1 0.350835 0.611617 0.047733 0.047836
1 0.408115 0.781321 0.042959 0.050114
1 0.347255 0.733485 0.050119 0.036446
1 0.361575 0.780182 0.035800 0.025057
1 0.983294 0.933941 0.023866 0.036446
1 0.893795 0.871298 0.040573 0.047836
1 0.860382 0.911162 0.050119 0.041002
1 0.815036 0.916856 0.040573 0.029613
1 0.778043 0.906606 0.033413 0.031891
1 0.731504 0.872437 0.045346 0.041002
1 0.659905 0.964692 0.059666 0.047836
1 0.651551 0.908884 0.071599 0.027335
1 0.639618 0.871298 0.062053 0.047836
1 0.606205 0.962415 0.042959 0.052392
1 0.452267 0.911162 0.045346 0.045558
1 0.428401 0.864465 0.045346 0.043280
1 0.470167 0.986333 0.042959 0.022779
1 0.412888 0.987472 0.042959 0.020501
1 0.428401 0.965831 0.040573 0.036446
1 0.346062 0.974943 0.042959 0.036446
1 0.354415 0.927107 0.054893 0.050114
1 0.386635 0.828018 0.047733 0.029613
1 0.335322 0.840547 0.040573 0.041002
1 0.379475 0.905467 0.052506 0.034169
1 0.305489 0.961276 0.042959 0.041002
1 0.263723 0.974943 0.040573 0.041002
1 0.239857 0.936219 0.050119 0.031891
1 0.264916 0.889522 0.042959 0.043280
1 0.329356 0.773349 0.038186 0.034169
1 0.258950 0.818907 0.050119 0.043280
1 0.263723 0.746014 0.045346 0.043280
1 0.230310 0.694761 0.054893 0.036446
1 0.200477 0.834852 0.042959 0.038724
1 0.194511 0.904328 0.040573 0.036446
1 0.300716 0.636674 0.038186 0.047836
1 0.218377 0.560364 0.045346 0.045558
1 0.227924 0.615034 0.050119 0.036446
1 0.169451 0.872437 0.062053 0.045558
1 0.201671 0.768793 0.035800 0.043280
1 0.162291 0.753986 0.047733 0.036446
1 0.134845 0.724374 0.054893 0.036446
1 0.189737 0.660592 0.040573 0.054670
1 0.070406 0.658314 0.040573 0.050114
1 0.084726 0.726651 0.040573 0.059226
1 0.044153 0.769932 0.045346 0.036446
1 0.144391 0.587699 0.054893 0.041002
1 0.110979 0.616173 0.031026 0.029613
1 0.058473 0.599089 0.035800 0.059226
1 0.090692 0.559226 0.033413 0.047836
1 0.169451 0.534169 0.028640 0.029613
1 0.033413 0.853075 0.028640 0.066059
1 0.035800 0.932802 0.052506 0.052392
1 0.153938 0.930524 0.035800 0.038724
1 0.132458 0.977221 0.050119 0.031891
1 0.288783 0.855353 0.042959 0.025057
1 0.256563 0.567198 0.035800 0.031891
