0 0.209538 0.178571 0.015607 0.033026
0 0.251156 0.086022 0.020231 0.018433
0 0.537283 0.099846 0.019075 0.023041
0 0.507514 0.125960 0.017341 0.021505
0 0.485838 0.019969 0.015607 0.029186
0 0.684393 0.013057 0.018497 0.023041
0 0.670520 0.022273 0.026590 0.038402
0 0.579480 0.027266 0.010983 0.025346
0 0.740462 0.212366 0.026590 0.025346
0 0.941040 0.203917 0.019653 0.028418
0 0.716185 0.304916 0.017341 0.023041
0 0.980636 0.496160 0.015607 0.021505
0 0.673121 0.800691 0.014451 0.025346
0 0.285260 0.689324 0.013295 0.019201
0 0.265896 0.779186 0.021965 0.031490
0 0.330925 0.850998 0.019075 0.018433
0 0.384393 0.830645 0.013873 0.022273
0 0.385260 0.944700 0.020231 0.039939
0 0.598555 0.411674 0.017919 0.036866
0 0.621676 0.406682 0.012139 0.039171
1 0.184971 0.317972 0.011561 0.016897
1 0.176879 0.306068 0.011561 0.016129
1 0.161272 0.307604 0.012717 0.017665
1 0.146243 0.279570 0.011561 0.015361
1 0.135260 0.263057 0.012717 0.014593
1 0.054624 0.371736 0.012139 0.016897
1 0.121387 0.357911 0.012717 0.021505
1 0.179769 0.380952 0.011561 0.018433
1 0.151445 0.392089 0.011561 0.020737
1 0.164451 0.380568 0.014451 0.016129
1 0.178902 0.411674 0.010983 0.012289
1 0.177746 0.441244 0.010983 0.017665
1 0.163295 0.440860 0.013295 0.018433
1 0.128035 0.445084 0.013295 0.016129
1 0.113873 0.456605 0.012717 0.014593
1 0.102312 0.491551 0.012717 0.018433
1 0.033526 0.481183 0.009249 0.020737
1 0.032659 0.417435 0.015607 0.020737
1 0.142775 0.481567 0.015029 0.021505
1 0.127746 0.468126 0.011561 0.014593
1 0.167630 0.472350 0.011561 0.016897
1 0.238150 0.439324 0.012717 0.023041
1 0.242486 0.460061 0.012139 0.019969
1 0.214451 0.458141 0.012717 0.025346
1 0.102890 0.418587 0.011561 0.013825
1 0.162139 0.339094 0.008671 0.011521
1 0.323121 0.363671 0.010405 0.016129
1 0.297110 0.374424 0.005780 0.009985
1 0.358092 0.357911 0.012139 0.021505
1 0.380925 0.339094 0.011561 0.016129
1 0.402023 0.319124 0.010983 0.014593
1 0.390462 0.350614 0.012139 0.019201
1 0.399133 0.372120 0.010983 0.016129
1 0.401734 0.390553 0.011561 0.014593
1 0.394220 0.412826 0.013873 0.020737
1 0.361850 0.330261 0.011561 0.013825
1 0.379191 0.311828 0.012717 0.015361
1 0.367919 0.299539 0.010983 0.016897
1 0.377168 0.280338 0.012139 0.023041
1 0.338728 0.270353 0.011561 0.018433
1 0.349711 0.283026 0.008092 0.013057
1 0.358671 0.280722 0.007514 0.011521
1 0.231503 0.336022 0.013295 0.013057
1 0.228035 0.352151 0.010983 0.013057
1 0.339017 0.400922 0.009827 0.015361
1 0.315896 0.437404 0.008671 0.013057
1 0.102601 0.195853 0.012139 0.015361
1 0.096532 0.213902 0.013873 0.016129
1 0.132081 0.205837 0.008671 0.021505
1 0.117919 0.187020 0.011561 0.019201
1 0.169653 0.239631 0.008671 0.010753
1 0.190751 0.232335 0.008092 0.011521
1 0.236416 0.261137 0.009249 0.012289
1 0.347110 0.339862 0.006358 0.014593
1 0.041618 0.283026 0.010405 0.014593
1 0.166185 0.405530 0.012139 0.019969
1 0.048844 0.205837 0.010983 0.015361
1 0.039306 0.253840 0.011561 0.016129
1 0.084104 0.235023 0.009827 0.013825
1 0.101734 0.232719 0.008092 0.013825
1 0.060983 0.157450 0.014451 0.023041
1 0.084104 0.081413 0.015607 0.018433
1 0.114740 0.057220 0.012139 0.019201
1 0.140751 0.099462 0.013295 0.019201
1 0.101734 0.103303 0.009249 0.009985
1 0.094509 0.043395 0.010983 0.039171
1 0.317341 0.056452 0.010405 0.019201
1 0.340751 0.013441 0.012139 0.020737
1 0.373410 0.248464 0.011561 0.014593
1 0.452312 0.207757 0.012139 0.013057
1 0.564451 0.072965 0.013295 0.018433
1 0.528902 0.125192 0.011561 0.018433
1 0.515029 0.066436 0.013873 0.017665
1 0.323121 0.079109 0.012717 0.016897
1 0.434971 0.119432 0.008671 0.014593
1 0.519653 0.089094 0.012717 0.016897
1 0.500867 0.099078 0.016763 0.019969
1 0.372832 0.034946 0.017341 0.023810
1 0.745376 0.019585 0.012139 0.016129
1 0.727457 0.032642 0.013295 0.016129
1 0.757225 0.042243 0.017341 0.021505
1 0.726012 0.094470 0.017341 0.018433
1 0.718208 0.067972 0.009827 0.016129
1 0.787861 0.094470 0.012717 0.013825
1 0.774855 0.077573 0.010983 0.016897
1 0.788439 0.053379 0.012717 0.017665
1 0.826879 0.056068 0.014451 0.013825
1 0.812139 0.087174 0.010405 0.013057
1 0.797977 0.070661 0.008671 0.012289
1 0.821387 0.112519 0.010405 0.019201
1 0.761272 0.115591 0.013873 0.016129
1 0.793064 0.128648 0.011561 0.014593
1 0.812139 0.143241 0.011561 0.014593
1 0.759249 0.162058 0.015607 0.015361
1 0.778613 0.204685 0.012717 0.014593
1 0.797688 0.205837 0.012717 0.016897
1 0.583526 0.249616 0.010983 0.015361
1 0.604335 0.221582 0.012139 0.022273
1 0.614162 0.229263 0.010983 0.014593
1 0.677168 0.266897 0.012139 0.014593
1 0.705202 0.276882 0.011561 0.014593
1 0.735838 0.279186 0.013873 0.017665
1 0.755780 0.304531 0.009827 0.014593
1 0.784682 0.261521 0.012139 0.016129
1 0.804335 0.284946 0.012139 0.018433
1 0.797399 0.299155 0.009827 0.014593
1 0.815896 0.313748 0.012139 0.016129
1 0.951156 0.235023 0.013295 0.016897
1 0.928324 0.185484 0.011561 0.016129
1 0.795954 0.331029 0.015029 0.018433
1 0.822832 0.291475 0.013295 0.017665
1 0.828902 0.273041 0.008092 0.026882
1 0.867630 0.303763 0.011561 0.014593
1 0.660983 0.312980 0.012139 0.017665
1 0.640751 0.361751 0.012139 0.015361
1 0.619075 0.316052 0.010405 0.016129
1 0.676012 0.321045 0.009827 0.015361
1 0.656358 0.334101 0.009827 0.015361
1 0.842486 0.251152 0.007514 0.009217
1 0.980347 0.304916 0.013873 0.021505
1 0.954335 0.315284 0.009249 0.011521
1 0.965318 0.336022 0.012717 0.016129
1 0.968497 0.353303 0.014451 0.016897
1 0.947399 0.332181 0.016185 0.019201
1 0.945376 0.304147 0.012139 0.018433
1 0.913584 0.298771 0.016763 0.018433
1 0.902023 0.326421 0.012139 0.012289
1 0.976012 0.370968 0.013295 0.016897
1 0.990751 0.341014 0.016185 0.018433
1 0.930058 0.385561 0.011561 0.016897
1 0.922543 0.406682 0.015029 0.019201
1 0.870809 0.369432 0.013295 0.013825
1 0.836127 0.387481 0.015607 0.016129
1 0.848555 0.335253 0.016185 0.016129
1 0.848555 0.441244 0.013873 0.022273
1 0.850578 0.525730 0.013295 0.019201
1 0.875145 0.546083 0.012717 0.015361
1 0.791040 0.529570 0.012139 0.020737
1 0.800000 0.558756 0.011561 0.013057
1 0.803468 0.581797 0.011561 0.022273
1 0.854624 0.559524 0.010983 0.019201
1 0.863584 0.558756 0.009249 0.011521
1 0.973988 0.564132 0.012717 0.014593
1 0.986416 0.611367 0.015607 0.023041
1 0.996243 0.568356 0.006358 0.013825
1 0.992486 0.761137 0.011561 0.023041
1 0.947399 0.687404 0.008092 0.016897
1 0.930347 0.766513 0.013295 0.019969
1 0.971965 0.817204 0.014451 0.016897
1 0.964740 0.834101 0.011561 0.015361
1 0.966763 0.899770 0.014451 0.017665
1 0.994220 0.844854 0.010405 0.018433
1 0.983815 0.850614 0.012717 0.023810
1 0.990751 0.869432 0.010405 0.019969
1 0.990462 0.913594 0.012139 0.013057
1 0.965896 0.870200 0.011561 0.021505
1 0.940751 0.906298 0.008671 0.015361
1 0.956936 0.934332 0.015607 0.023810
1 0.935838 0.863671 0.020809 0.019201
1 0.935549 0.838710 0.013295 0.015361
1 0.948266 0.840630 0.008671 0.017665
1 0.950867 0.856759 0.010405 0.014593
1 0.921098 0.877880 0.009827 0.012289
1 0.925434 0.895161 0.012717 0.017665
1 0.911850 0.915899 0.013295 0.014593
1 0.929480 0.937788 0.009249 0.015361
1 0.916185 0.938556 0.012717 0.016897
1 0.924566 0.953533 0.013295 0.011521
1 0.946532 0.962750 0.015607 0.016129
1 0.931503 0.969662 0.008671 0.016129
1 0.923121 0.977343 0.009249 0.009985
1 0.934104 0.988863 0.010405 0.014593
1 0.897977 0.976575 0.012139 0.014593
1 0.895665 0.959293 0.010983 0.013825
1 0.884104 0.947773 0.012139 0.015361
1 0.880925 0.969662 0.015029 0.019201
1 0.852890 0.988863 0.009827 0.013057
1 0.867630 0.924731 0.011561 0.018433
1 0.875434 0.906682 0.008671 0.014593
1 0.846532 0.891705 0.012139 0.018433
1 0.884104 0.886713 0.012139 0.022273
1 0.843064 0.953533 0.012139 0.029954
1 0.823121 0.921659 0.011561 0.015361
1 0.829191 0.889401 0.020231 0.021505
1 0.815029 0.939708 0.012717 0.039171
1 0.803179 0.957757 0.012139 0.018433
1 0.791040 0.974654 0.014451 0.015361
1 0.799711 0.936252 0.013295 0.013825
1 0.801445 0.918203 0.013295 0.014593
1 0.783815 0.912442 0.013873 0.024578
1 0.808960 0.890937 0.009827 0.016897
1 0.771965 0.938172 0.012139 0.014593
1 0.781214 0.931260 0.008671 0.011521
1 0.767052 0.914747 0.010405 0.016897
1 0.750289 0.932412 0.018497 0.021505
1 0.758092 0.947005 0.013295 0.018433
1 0.741329 0.956605 0.012139 0.019201
1 0.722254 0.955069 0.013295 0.017665
1 0.728035 0.973502 0.014451 0.019201
1 0.702312 0.986559 0.011561 0.017665
1 0.679191 0.992704 0.009249 0.011521
1 0.689017 0.990783 0.012717 0.016897
1 0.661272 0.959293 0.012717 0.016897
1 0.707803 0.918587 0.010983 0.013825
1 0.743642 0.880184 0.010983 0.016897
1 0.751734 0.864823 0.012139 0.016897
1 0.773410 0.829109 0.016185 0.014593
1 0.715607 0.858295 0.011561 0.017665
1 0.727168 0.849078 0.016185 0.017665
1 0.741908 0.841014 0.010983 0.016897
1 0.733815 0.820661 0.013295 0.017665
1 0.717630 0.823349 0.014451 0.019969
1 0.685838 0.889401 0.015607 0.019969
1 0.681792 0.911290 0.017919 0.022273
1 0.652890 0.880952 0.010983 0.013825
1 0.654046 0.856375 0.014451 0.018433
1 0.639017 0.864823 0.013295 0.024578
1 0.626879 0.908218 0.013295 0.017665
1 0.636127 0.926267 0.012139 0.024578
1 0.616763 0.972734 0.012717 0.014593
1 0.620520 0.954685 0.012139 0.013825
1 0.620520 0.930108 0.013295 0.035330
1 0.605780 0.932796 0.015029 0.020737
1 0.565607 0.918587 0.012139 0.030722
1 0.584393 0.970430 0.011561 0.017665
1 0.587572 0.986943 0.007514 0.009217
1 0.574277 0.981183 0.013295 0.019201
1 0.548266 0.981951 0.015607 0.019201
1 0.523410 0.965822 0.015607 0.019201
1 0.512139 0.953149 0.010405 0.018433
1 0.496532 0.951229 0.013873 0.017665
1 0.503179 0.922427 0.013295 0.021505
1 0.484104 0.906682 0.014451 0.019201
1 0.502312 0.843318 0.012717 0.015361
1 0.441329 0.858295 0.013295 0.019201
1 0.448844 0.942780 0.015607 0.011521
1 0.454913 0.860215 0.012717 0.018433
1 0.464162 0.842934 0.012717 0.014593
1 0.446532 0.839862 0.012139 0.016129
1 0.435549 0.875576 0.008671 0.015361
1 0.517919 0.841782 0.013873 0.013825
1 0.523410 0.850614 0.008671 0.013057
1 0.062717 0.970046 0.013295 0.015361
1 0.136705 0.799539 0.014451 0.024578
1 0.171676 0.883257 0.010405 0.015361
1 0.218786 0.867127 0.014451 0.015361
1 0.245087 0.782258 0.011561 0.017665
1 0.231214 0.732335 0.010405 0.016129
1 0.211561 0.708141 0.011561 0.015361
1 0.174855 0.688172 0.014451 0.015361
1 0.191040 0.668971 0.010983 0.016897
1 0.207225 0.662826 0.009827 0.012289
1 0.216474 0.664747 0.007514 0.008449
1 0.202601 0.681644 0.012139 0.016129
1 0.234682 0.696237 0.013873 0.019201
1 0.262428 0.713134 0.013873 0.016129
1 0.260116 0.687788 0.011561 0.016129
1 0.135260 0.768433 0.012717 0.017665
1 0.287572 0.747696 0.014451 0.014593
1 0.261272 0.860215 0.009249 0.013825
1 0.264162 0.874808 0.011561 0.015361
1 0.265607 0.888633 0.012139 0.010753
1 0.244220 0.859831 0.008671 0.016129
1 0.243931 0.821429 0.011561 0.019201
1 0.395954 0.790323 0.009249 0.013825
1 0.288150 0.717742 0.014451 0.017665
1 0.261272 0.926651 0.015029 0.014593
1 0.301734 0.934716 0.012717 0.016897
1 0.348555 0.890937 0.012717 0.013825
1 0.347977 0.922427 0.015029 0.019969
1 0.320520 0.933948 0.013295 0.013825
1 0.359249 0.965054 0.012139 0.017665
1 0.454335 0.810292 0.011561 0.016897
1 0.300000 0.970814 0.019653 0.021505
1 0.323988 0.964286 0.010983 0.017665
1 0.426301 0.873656 0.010983 0.017665
1 0.406936 0.762289 0.016185 0.022273
1 0.378613 0.769969 0.009249 0.011521
1 0.345665 0.741935 0.015029 0.026114
1 0.440173 0.730031 0.015607 0.017665
1 0.459249 0.828341 0.015607 0.016129
1 0.355491 0.694700 0.011561 0.017665
1 0.382081 0.660138 0.011561 0.017665
1 0.347399 0.626728 0.011561 0.021505
1 0.315029 0.682412 0.018497 0.017665
1 0.326301 0.726190 0.012139 0.016129
1 0.341329 0.713902 0.008671 0.013057
1 0.447399 0.392089 0.010405 0.014593
1 0.456936 0.404378 0.008671 0.014593
1 0.430058 0.570276 0.011561 0.019201
1 0.296821 0.656298 0.010983 0.013057
1 0.327457 0.635177 0.014451 0.026114
1 0.297977 0.614055 0.015607 0.022273
1 0.483526 0.495776 0.013295 0.020737
1 0.528613 0.572197 0.009827 0.013825
1 0.565029 0.525730 0.015607 0.026882
1 0.573121 0.553763 0.010983 0.016897
1 0.589884 0.612519 0.013295 0.019201
1 0.667919 0.596774 0.009827 0.010753
1 0.686416 0.483487 0.008671 0.011521
1 0.565029 0.600230 0.007514 0.016129
1 0.587861 0.576037 0.011561 0.026114
1 0.599711 0.537250 0.015607 0.028418
1 0.628035 0.571429 0.020231 0.023041
1 0.627746 0.509601 0.009249 0.009985
1 0.599711 0.449309 0.007514 0.013825
1 0.588728 0.449693 0.010983 0.017665
1 0.708382 0.581797 0.014451 0.020737
1 0.716185 0.610983 0.006936 0.009985
1 0.722832 0.601382 0.008671 0.007680
1 0.542197 0.661674 0.011561 0.016129
1 0.530058 0.676651 0.008092 0.010753
1 0.527457 0.664747 0.006358 0.011521
1 0.566763 0.679339 0.010983 0.016129
1 0.584971 0.665899 0.009249 0.010753
1 0.569942 0.627880 0.015029 0.022273
1 0.550578 0.687788 0.014451 0.013057
1 0.529769 0.755760 0.012139 0.018433
1 0.699133 0.704685 0.010983 0.014593
1 0.658382 0.749616 0.013873 0.015361
1 0.742197 0.770737 0.011561 0.016129
1 0.741329 0.749232 0.009827 0.016129
1 0.752890 0.739247 0.009827 0.013057
1 0.726879 0.798387 0.009827 0.016129
1 0.732948 0.782642 0.011561 0.016897
1 0.829191 0.764593 0.010983 0.016129
1 0.769942 0.673579 0.012717 0.021505
1 0.716763 0.653610 0.017341 0.026114
1 0.674277 0.665131 0.010983 0.021505
1 0.628035 0.650922 0.010983 0.026882
1 0.652601 0.654762 0.017341 0.017665
1 0.658092 0.627880 0.010983 0.014593
1 0.665607 0.769969 0.017919 0.020737
1 0.564451 0.762673 0.013295 0.010753
1 0.502023 0.628648 0.014451 0.013057
1 0.520520 0.602919 0.010983 0.023041
1 0.483815 0.313364 0.013873 0.012289
1 0.361272 0.424731 0.010405 0.012289
1 0.490173 0.365975 0.015029 0.022273
1 0.360983 0.239247 0.010983 0.013057
1 0.341329 0.239247 0.008671 0.014593
1 0.351156 0.093318 0.015607 0.022273
1 0.662139 0.226575 0.024855 0.029186
1 0.177457 0.552995 0.011561 0.019969
1 0.202890 0.599078 0.011561 0.013825
1 0.200867 0.583717 0.010983 0.018433
1 0.176301 0.501152 0.009249 0.013057
1 0.128324 0.517665 0.012717 0.016897
1 0.122254 0.537250 0.012139 0.019201
1 0.149711 0.555300 0.016185 0.018433
1 0.147399 0.523425 0.008092 0.013057
1 0.091618 0.527266 0.010983 0.016129
1 0.100867 0.513057 0.012139 0.015361
1 0.107803 0.567588 0.016763 0.016897
1 0.102312 0.582181 0.013873 0.016897
1 0.109827 0.595622 0.012717 0.017665
1 0.141329 0.601767 0.012139 0.014593
1 0.163584 0.617896 0.012717 0.016129
1 0.168208 0.637481 0.012717 0.015361
1 0.082659 0.611751 0.012717 0.017665
1 0.103757 0.658602 0.012139 0.016129
1 0.138150 0.623272 0.013873 0.017665
1 0.129480 0.630568 0.011561 0.012289
1 0.015029 0.617896 0.011561 0.017665
1 0.863006 0.677035 0.017341 0.019201
1 0.833815 0.686252 0.016763 0.019201
1 0.837861 0.708141 0.010983 0.018433
1 0.853179 0.761137 0.013873 0.013825
1 0.835260 0.816820 0.009249 0.016129
1 0.761561 0.584485 0.012139 0.016897
1 0.873410 0.651306 0.013873 0.018433
1 0.706936 0.468510 0.010405 0.016897
2 0.080058 0.386713 0.016763 0.022273
2 0.965896 0.650154 0.017341 0.025346
3 0.166185 0.834485 0.041040 0.072965
3 0.169942 0.736175 0.053179 0.049923
3 0.512139 0.516513 0.020809 0.046851
