0 0.367188 0.523926 0.044922 0.034180
0 0.280273 0.537598 0.023438 0.030273
0 0.247070 0.829590 0.037109 0.028320
0 0.738770 0.108887 0.038086 0.030273
0 0.418457 0.280273 0.036133 0.033203
0 0.776367 0.060547 0.042969 0.035156
0 0.387695 0.418945 0.041016 0.046875
0 0.707031 0.184570 0.027344 0.035156
0 0.890625 0.437012 0.048828 0.041992
0 0.178223 0.829590 0.032227 0.032227
0 0.700684 0.674316 0.024414 0.036133
0 0.386719 0.537109 0.041016 0.031250
0 0.578613 0.404785 0.030273 0.024414
0 0.749023 0.822266 0.025391 0.044922
0 0.959473 0.387695 0.024414 0.029297
0 0.282715 0.736816 0.040039 0.045898
0 0.290039 0.174805 0.031250 0.039062
0 0.545898 0.747559 0.029297 0.026367
0 0.488281 0.481445 0.041016 0.027344
0 0.418457 0.878418 0.038086 0.028320
0 0.953613 0.854492 0.041992 0.046875
0 0.604492 0.629395 0.033203 0.034180
0 0.014648 0.680176 0.029297 0.028320
0 0.507324 0.134277 0.030273 0.024414
0 0.703125 0.937012 0.037109 0.032227
0 0.343262 0.583496 0.043945 0.032227
0 0.664062 0.658203 0.023438 0.025391
0 0.979492 0.781250 0.037109 0.062500
0 0.305664 0.323242 0.042969 0.056641
0 0.733887 0.682617 0.036133 0.044922
0 0.904297 0.176270 0.035156 0.034180
0 0.927734 0.287598 0.039062 0.024414
0 0.253418 0.552246 0.034180 0.030273
0 0.252441 0.526855 0.032227 0.020508
0 0.877441 0.740234 0.032227 0.041016
0 0.765625 0.477051 0.029297 0.047852
0 0.716797 0.073730 0.019531 0.034180
0 0.046387 0.751465 0.028320 0.040039
0 0.464355 0.950684 0.022461 0.022461
0 0.583984 0.515625 0.042969 0.044922
0 0.344727 0.705566 0.025391 0.032227
0 0.642578 0.571289 0.031250 0.033203
0 0.862305 0.521484 0.029297 0.035156
0 0.156250 0.497559 0.037109 0.024414
0 0.627930 0.105957 0.027344 0.040039
0 0.772949 0.358887 0.026367 0.051758
0 0.384277 0.796875 0.034180 0.035156
0 0.393555 0.838379 0.029297 0.028320
0 0.892090 0.503906 0.032227 0.031250
0 0.277344 0.310059 0.029297 0.043945
0 0.548828 0.143555 0.035156 0.050781
0 0.025879 0.130371 0.051758 0.041992
0 0.798340 0.090820 0.034180 0.031250
0 0.920410 0.373047 0.034180 0.035156
0 0.855957 0.111328 0.055664 0.048828
0 0.545410 0.231934 0.028320 0.047852
0 0.558594 0.425293 0.029297 0.038086
0 0.714844 0.442871 0.041016 0.036133
0 0.692871 0.534180 0.032227 0.029297
0 0.404297 0.982422 0.025391 0.031250
0 0.715820 0.561523 0.031250 0.033203
0 0.308594 0.467285 0.025391 0.026367
0 0.330566 0.158203 0.036133 0.044922
0 0.625977 0.216797 0.027344 0.037109
0 0.875977 0.310547 0.037109 0.039062
0 0.563477 0.201172 0.025391 0.033203
0 0.498047 0.019531 0.048828 0.027344
0 0.551270 0.329102 0.036133 0.037109
0 0.844727 0.734863 0.027344 0.036133
0 0.479980 0.164551 0.014648 0.032227
0 0.849609 0.151367 0.042969 0.042969
0 0.591309 0.351074 0.043945 0.030273
0 0.794434 0.128906 0.049805 0.052734
0 0.610840 0.328613 0.041992 0.034180
0 0.777344 0.424316 0.025391 0.024414
0 0.968262 0.378906 0.024414 0.033203
0 0.111328 0.582520 0.046875 0.034180
0 0.472168 0.645020 0.040039 0.051758
0 0.436523 0.457031 0.031250 0.031250
0 0.882324 0.216797 0.034180 0.027344
0 0.409180 0.124512 0.027344 0.034180
0 0.948242 0.131348 0.029297 0.022461
0 0.735352 0.160156 0.021484 0.037109
0 0.465820 0.785645 0.027344 0.018555
0 0.363770 0.338867 0.032227 0.035156
0 0.830078 0.274414 0.027344 0.044922
0 0.394043 0.566895 0.030273 0.034180
0 0.357422 0.091797 0.033203 0.064453
0 0.192383 0.160156 0.027344 0.052734
0 0.320312 0.923828 0.037109 0.035156
0 0.201660 0.687500 0.032227 0.042969
0 0.902832 0.538086 0.022461 0.025391
0 0.862305 0.879883 0.037109 0.039062
0 0.606445 0.444336 0.041016 0.037109
0 0.368164 0.602051 0.046875 0.022461
0 0.641602 0.431641 0.037109 0.044922
0 0.212402 0.466309 0.028320 0.028320
0 0.583496 0.945801 0.026367 0.041992
0 0.268555 0.781250 0.033203 0.037109
0 0.309082 0.501465 0.030273 0.022461
0 0.822754 0.183105 0.043945 0.034180
0 0.594238 0.101074 0.028320 0.047852
0 0.741211 0.319336 0.037109 0.044922
0 0.058594 0.398438 0.041016 0.035156
0 0.872559 0.251953 0.026367 0.025391
0 0.920410 0.740234 0.024414 0.031250
0 0.020996 0.734375 0.040039 0.042969
0 0.068848 0.948242 0.024414 0.029297
0 0.035156 0.205078 0.050781 0.025391
0 0.261719 0.351562 0.029297 0.031250
0 0.304688 0.818359 0.031250 0.029297
0 0.058594 0.981445 0.027344 0.025391
0 0.779297 0.275879 0.039062 0.041992
0 0.163086 0.895020 0.042969 0.026367
0 0.158691 0.466309 0.036133 0.032227
0 0.150879 0.937500 0.030273 0.037109
0 0.161133 0.700195 0.033203 0.035156
0 0.546387 0.058105 0.030273 0.045898
0 0.496094 0.980469 0.035156 0.035156
0 0.818359 0.221191 0.029297 0.030273
0 0.029297 0.979492 0.023438 0.027344
0 0.727539 0.594238 0.033203 0.038086
0 0.314453 0.768066 0.035156 0.032227
0 0.509277 0.171875 0.022461 0.031250
0 0.571289 0.823242 0.033203 0.025391
0 0.888184 0.626953 0.030273 0.035156
0 0.764160 0.141113 0.032227 0.041992
0 0.906250 0.783691 0.031250 0.032227
0 0.359375 0.206543 0.035156 0.022461
0 0.364746 0.685547 0.024414 0.037109
0 0.852051 0.481445 0.026367 0.027344
0 0.593262 0.218262 0.030273 0.047852
0 0.949219 0.185059 0.033203 0.040039
0 0.183594 0.514160 0.027344 0.028320
0 0.421875 0.788574 0.033203 0.038086
0 0.681152 0.906250 0.045898 0.025391
0 0.170410 0.347168 0.036133 0.040039
0 0.638672 0.963867 0.031250 0.039062
0 0.927734 0.033691 0.033203 0.020508
0 0.532227 0.693359 0.027344 0.025391
0 0.841309 0.679688 0.047852 0.048828
0 0.596680 0.276855 0.039062 0.051758
0 0.741699 0.895996 0.022461 0.024414
0 0.629395 0.049805 0.026367 0.031250
0 0.484863 0.605469 0.032227 0.035156
0 0.613770 0.702148 0.026367 0.029297
0 0.382812 0.660645 0.023438 0.022461
0 0.701660 0.317871 0.038086 0.047852
0 0.199707 0.308105 0.041992 0.041992
0 0.425293 0.598633 0.043945 0.029297
0 0.038574 0.315430 0.061523 0.039062
0 0.823730 0.463379 0.038086 0.036133
0 0.018555 0.639648 0.033203 0.023438
0 0.190430 0.780273 0.029297 0.035156
0 0.341797 0.453125 0.029297 0.029297
0 0.687500 0.108887 0.031250 0.040039
0 0.632812 0.173828 0.033203 0.029297
0 0.082031 0.917969 0.029297 0.021484
0 0.916992 0.242676 0.039062 0.043945
0 0.902832 0.686523 0.040039 0.039062
0 0.482422 0.435059 0.031250 0.024414
0 0.763184 0.194824 0.024414 0.032227
0 0.594238 0.054688 0.034180 0.023438
0 0.330566 0.354492 0.028320 0.023438
0 0.973145 0.823730 0.028320 0.028320
0 0.520996 0.442383 0.038086 0.027344
0 0.402832 0.315918 0.030273 0.030273
0 0.497559 0.540527 0.040039 0.030273
0 0.837402 0.766602 0.041992 0.033203
0 0.215820 0.385742 0.037109 0.042969
0 0.668457 0.374023 0.032227 0.025391
0 0.459473 0.753418 0.030273 0.034180
0 0.387695 0.457520 0.037109 0.032227
0 0.511230 0.216797 0.026367 0.033203
0 0.971191 0.418945 0.036133 0.031250
0 0.174316 0.963867 0.028320 0.037109
0 0.985352 0.280273 0.027344 0.039062
0 0.937500 0.538574 0.041016 0.051758
0 0.618164 0.581055 0.033203 0.033203
0 0.528320 0.501953 0.037109 0.029297
0 0.823730 0.518066 0.024414 0.034180
0 0.672363 0.176758 0.022461 0.025391
0 0.443848 0.645996 0.040039 0.047852
0 0.258301 0.234375 0.038086 0.027344
0 0.971191 0.512695 0.041992 0.027344
0 0.926270 0.201660 0.034180 0.036133
0 0.249023 0.942871 0.039062 0.055664
0 0.973145 0.059082 0.043945 0.032227
0 0.284180 0.678223 0.033203 0.026367
0 0.827637 0.347656 0.032227 0.031250
0 0.289062 0.960449 0.035156 0.045898
0 0.984375 0.015137 0.029297 0.030273
0 0.237793 0.610840 0.038086 0.028320
0 0.768555 0.629395 0.039062 0.030273
0 0.242676 0.641113 0.043945 0.030273
0 0.210449 0.981445 0.030273 0.031250
0 0.499512 0.326172 0.028320 0.029297
0 0.458008 0.403320 0.044922 0.027344
0 0.892578 0.473633 0.031250 0.033203
0 0.243164 0.691895 0.033203 0.049805
0 0.345703 0.395508 0.035156 0.023438
0 0.684082 0.211426 0.030273 0.024414
0 0.395996 0.388672 0.034180 0.035156
0 0.703125 0.500977 0.037109 0.029297
0 0.850586 0.611816 0.021484 0.024414
0 0.411621 0.021484 0.034180 0.023438
0 0.585938 0.158691 0.033203 0.034180
0 0.360352 0.763672 0.042969 0.068359
0 0.498047 0.738770 0.029297 0.028320
0 0.682617 0.878418 0.050781 0.026367
0 0.495605 0.756836 0.026367 0.023438
0 0.670898 0.815918 0.031250 0.036133
0 0.100586 0.280273 0.027344 0.029297
0 0.282715 0.563477 0.026367 0.025391
0 0.487793 0.237793 0.024414 0.032227
0 0.911133 0.127930 0.027344 0.033203
0 0.801270 0.859863 0.043945 0.041992
0 0.496094 0.464844 0.037109 0.029297
0 0.451172 0.337891 0.023438 0.021484
0 0.660156 0.688965 0.035156 0.034180
0 0.461426 0.713379 0.036133 0.030273
0 0.226074 0.909668 0.026367 0.043945
0 0.364746 0.839844 0.022461 0.037109
0 0.458984 0.831055 0.029297 0.029297
0 0.433594 0.844238 0.035156 0.034180
0 0.598145 0.898926 0.034180 0.028320
0 0.543945 0.914062 0.023438 0.035156
0 0.508789 0.812012 0.019531 0.041992
0 0.342773 0.043945 0.042969 0.035156
0 0.882812 0.816406 0.027344 0.027344
0 0.918945 0.598145 0.031250 0.028320
1 0.195312 0.025391 0.023438 0.023438
1 0.275879 0.024414 0.020508 0.031250
1 0.059082 0.046875 0.018555 0.017578
1 0.263184 0.065918 0.018555 0.020508
1 0.059082 0.075195 0.020508 0.023438
1 0.084961 0.080078 0.023438 0.023438
1 0.139160 0.111816 0.018555 0.014648
1 0.187500 0.121094 0.015625 0.017578
1 0.124512 0.125000 0.016602 0.015625
1 0.164551 0.144531 0.022461 0.019531
1 0.421875 0.748047 0.017578 0.019531
1 0.039551 0.959473 0.022461 0.016602
1 0.090820 0.966309 0.019531 0.016602
1 0.048340 0.932617 0.022461 0.021484
1 0.036621 0.061035 0.018555 0.024414
1 0.151367 0.062988 0.023438 0.018555
1 0.053223 0.863770 0.020508 0.016602
1 0.120117 0.041504 0.031250 0.014648
1 0.125977 0.082031 0.017578 0.021484
1 0.219238 0.196777 0.022461 0.022461
