0 0.835793 0.070402 0.084871 0.077586
0 0.848708 0.227011 0.073801 0.080460
0 0.915129 0.170977 0.066421 0.060345
0 0.273063 0.785920 0.059041 0.077586
0 0.182657 0.732759 0.092251 0.080460
0 0.075646 0.627874 0.092251 0.089080
0 0.763838 0.261494 0.051661 0.051724
1 0.053506 0.179598 0.070111 0.043103
1 0.625461 0.054598 0.092251 0.028736
2 0.773063 0.350575 0.077491 0.063218
2 0.682657 0.193966 0.088561 0.066092
2 0.623616 0.520115 0.103321 0.086207
2 0.193727 0.028736 0.077491 0.051724
2 0.756458 0.150862 0.059041 0.077586
2 0.507380 0.027299 0.099631 0.048851
3 0.149446 0.402299 0.202952 0.189655
3 0.392989 0.202586 0.343173 0.290230
3 0.630996 0.313218 0.221402 0.149425
3 0.261993 0.590517 0.214022 0.186782
