0 0.243681 0.074324 0.015008 0.052553
0 0.383096 0.479730 0.031596 0.055556
0 0.460111 0.755255 0.016588 0.048048
0 0.131912 0.630631 0.028436 0.033033
0 0.161927 0.674925 0.023697 0.037538
0 0.035545 0.784535 0.031596 0.034535
1 0.413507 0.006757 0.016588 0.013514
1 0.150474 0.010511 0.010269 0.021021
1 0.356240 0.009760 0.012638 0.019520
1 0.598736 0.012012 0.014218 0.024024
1 0.390600 0.017267 0.016588 0.031532
1 0.333728 0.017267 0.010269 0.025526
1 0.617299 0.021021 0.013428 0.030030
1 0.902449 0.023273 0.015008 0.025526
1 0.464455 0.024024 0.018957 0.027027
1 0.761058 0.024024 0.016588 0.027027
1 0.647709 0.025526 0.014218 0.030030
1 0.368483 0.026276 0.015008 0.028529
1 0.715245 0.028529 0.018167 0.036036
1 0.581754 0.027778 0.013428 0.028529
1 0.957741 0.030030 0.013428 0.027027
1 0.310821 0.031532 0.019747 0.027027
1 0.543049 0.032282 0.016588 0.022523
1 0.244471 0.031532 0.013428 0.030030
1 0.286730 0.036036 0.022117 0.042042
1 0.663902 0.035285 0.016588 0.028529
1 0.741706 0.039790 0.017378 0.028529
1 0.780016 0.039039 0.015008 0.033033
1 0.829779 0.045796 0.019747 0.034535
1 0.106635 0.046547 0.015798 0.027027
1 0.417062 0.048799 0.015798 0.028529
1 0.400869 0.049550 0.015008 0.027027
1 0.499210 0.054805 0.015798 0.028529
1 0.327409 0.057808 0.016588 0.025526
1 0.264613 0.063814 0.015798 0.028529
1 0.383096 0.065315 0.015798 0.025526
1 0.516193 0.076577 0.015008 0.030030
1 0.978278 0.087087 0.016588 0.024024
1 0.260664 0.088589 0.014218 0.024024
1 0.721959 0.093093 0.017378 0.027027
1 0.402054 0.096096 0.014218 0.021021
1 0.446682 0.106607 0.015008 0.021021
1 0.426935 0.110360 0.015008 0.025526
1 0.069510 0.111111 0.014218 0.033033
1 0.599526 0.117117 0.014218 0.021021
1 0.814376 0.120871 0.015798 0.016517
1 0.714455 0.120871 0.016588 0.031532
1 0.792654 0.126126 0.013428 0.021021
1 0.736177 0.128378 0.015798 0.028529
1 0.617694 0.130631 0.012638 0.030030
1 0.776461 0.134384 0.011058 0.022523
1 0.398894 0.136637 0.018957 0.030030
1 0.524487 0.140390 0.017378 0.037538
1 0.357425 0.141141 0.018167 0.027027
1 0.603476 0.144895 0.018957 0.031532
1 0.801738 0.145646 0.015798 0.030030
1 0.076619 0.146396 0.012638 0.025526
1 0.822275 0.147898 0.018957 0.031532
1 0.766588 0.145646 0.013428 0.027027
1 0.114534 0.148649 0.017378 0.030030
1 0.340047 0.150150 0.013428 0.033033
1 0.541864 0.150901 0.015798 0.034535
1 0.138231 0.153904 0.020537 0.028529
1 0.929305 0.155405 0.015008 0.034535
1 0.751975 0.155405 0.012638 0.019520
1 0.307662 0.157658 0.016588 0.030030
1 0.783570 0.159159 0.011058 0.024024
1 0.418641 0.159159 0.017378 0.027027
1 0.737757 0.161411 0.012638 0.022523
1 0.843997 0.161411 0.015008 0.025526
1 0.980253 0.160661 0.017378 0.030030
1 0.160742 0.163664 0.016588 0.033033
1 0.323065 0.164414 0.012638 0.031532
1 0.510269 0.164414 0.014218 0.028529
1 0.398104 0.170420 0.012638 0.019520
1 0.673381 0.173423 0.015008 0.031532
1 0.380332 0.172673 0.015008 0.030030
1 0.560032 0.174925 0.017378 0.031532
1 0.356240 0.174174 0.014218 0.024024
1 0.065956 0.176426 0.013428 0.025526
1 0.728278 0.176426 0.011058 0.019520
1 0.655213 0.178679 0.015008 0.024024
1 0.474329 0.178679 0.019747 0.027027
1 0.105055 0.178679 0.012638 0.027027
1 0.689179 0.179429 0.015008 0.028529
1 0.089652 0.180180 0.013428 0.027027
1 0.708136 0.180180 0.018167 0.021021
1 0.202607 0.180931 0.015008 0.034535
1 0.893365 0.181682 0.015798 0.027027
1 0.810032 0.183934 0.016588 0.043544
1 0.343207 0.185435 0.016588 0.025526
1 0.448262 0.187688 0.015008 0.033033
1 0.640205 0.191441 0.018167 0.031532
1 0.825434 0.189189 0.014218 0.030030
1 0.793839 0.189940 0.014218 0.025526
1 0.417457 0.190691 0.016588 0.030030
1 0.964060 0.192943 0.019747 0.028529
1 0.928910 0.192192 0.017378 0.027027
1 0.051343 0.192943 0.018957 0.040541
1 0.769352 0.192943 0.017378 0.022523
1 0.317141 0.195946 0.015008 0.028529
1 0.619273 0.194444 0.014218 0.031532
1 0.752370 0.198949 0.011848 0.022523
1 0.187994 0.198198 0.012638 0.027027
1 0.992496 0.201201 0.013428 0.027027
1 0.711295 0.201952 0.019747 0.019520
1 0.602686 0.202703 0.015798 0.033033
1 0.070695 0.205706 0.013428 0.030030
1 0.367299 0.205706 0.018957 0.033033
1 0.388231 0.207207 0.013428 0.027027
1 0.027646 0.210210 0.015798 0.036036
1 0.733017 0.209459 0.015798 0.031532
1 0.472749 0.209459 0.015008 0.031532
1 0.488152 0.211712 0.014218 0.033033
1 0.334123 0.212462 0.017378 0.031532
1 0.273302 0.211712 0.018957 0.027027
1 0.536730 0.212462 0.016588 0.025526
1 0.134281 0.211712 0.015798 0.027027
1 0.510664 0.211712 0.013428 0.024024
1 0.898499 0.216216 0.015008 0.024024
1 0.762243 0.219970 0.011058 0.022523
1 0.659558 0.223724 0.018957 0.027027
1 0.046603 0.222973 0.014218 0.025526
1 0.087678 0.226727 0.017378 0.036036
1 0.108215 0.228228 0.018957 0.051051
1 0.629147 0.229730 0.015008 0.042042
1 0.789100 0.230480 0.011058 0.031532
1 0.569115 0.232733 0.013428 0.033033
1 0.125592 0.234234 0.009479 0.021021
1 0.065561 0.233483 0.017378 0.022523
1 0.775671 0.236486 0.009479 0.031532
1 0.817141 0.237237 0.013428 0.033033
1 0.381122 0.238739 0.015008 0.030030
1 0.742101 0.240240 0.013428 0.024024
1 0.541864 0.242492 0.014218 0.028529
1 0.724329 0.244745 0.017378 0.024024
1 0.362164 0.246997 0.016588 0.037538
1 0.488152 0.250751 0.020537 0.030030
1 0.333333 0.247748 0.017378 0.027027
1 0.909953 0.250000 0.015798 0.025526
1 0.140995 0.250000 0.011848 0.028529
1 0.890995 0.252252 0.011058 0.027027
1 0.312401 0.253754 0.015008 0.027027
1 0.652844 0.254505 0.015008 0.034535
1 0.039494 0.256006 0.015798 0.028529
1 0.095182 0.257508 0.011848 0.034535
1 0.127962 0.256757 0.011058 0.021021
1 0.292654 0.259009 0.015008 0.031532
1 0.022907 0.257508 0.015798 0.034535
1 0.799763 0.265766 0.010269 0.030030
1 0.712480 0.265766 0.014218 0.030030
1 0.506714 0.268769 0.016588 0.030030
1 0.426145 0.269520 0.015008 0.031532
1 0.582148 0.271772 0.012638 0.036036
1 0.540679 0.277778 0.015008 0.027027
1 0.901659 0.278529 0.015008 0.031532
1 0.881517 0.279279 0.015798 0.030030
1 0.751580 0.281532 0.010269 0.016517
1 0.122433 0.280781 0.014218 0.027027
1 0.730253 0.283033 0.015008 0.034535
1 0.769352 0.283784 0.015798 0.030030
1 0.203791 0.285285 0.017378 0.033033
1 0.381912 0.286036 0.016588 0.040541
1 0.333333 0.281532 0.015798 0.025526
1 0.035940 0.286036 0.016588 0.022523
1 0.223144 0.286036 0.011848 0.022523
1 0.792654 0.287538 0.013428 0.034535
1 0.262243 0.286787 0.015798 0.021021
1 0.821880 0.292793 0.011848 0.021021
1 0.643365 0.292042 0.015008 0.034535
1 0.607030 0.292042 0.013428 0.031532
1 0.058452 0.295796 0.017378 0.030030
1 0.363744 0.297297 0.015008 0.027027
1 0.100316 0.298048 0.012638 0.025526
1 0.531596 0.298048 0.012638 0.016517
1 0.719589 0.301802 0.014218 0.024024
1 0.808847 0.298048 0.011058 0.028529
1 0.138626 0.299550 0.015008 0.025526
1 0.751185 0.298799 0.012638 0.021021
1 0.571090 0.300300 0.017378 0.033033
1 0.184439 0.301802 0.018167 0.027027
1 0.500790 0.304805 0.017378 0.030030
1 0.866904 0.304805 0.019747 0.030030
1 0.310427 0.309309 0.014218 0.030030
1 0.232622 0.310811 0.018167 0.024024
1 0.167457 0.313063 0.011058 0.028529
1 0.120458 0.312312 0.013428 0.021021
1 0.921406 0.313814 0.018167 0.024024
1 0.086888 0.313814 0.017378 0.036036
1 0.595182 0.318318 0.019747 0.030030
1 0.150079 0.323574 0.012638 0.022523
1 0.443128 0.325075 0.018957 0.028529
1 0.815956 0.325075 0.011058 0.019520
1 0.383096 0.325826 0.014218 0.021021
1 0.842022 0.328829 0.018957 0.027027
1 0.727093 0.329580 0.016588 0.031532
1 0.343997 0.329580 0.013428 0.025526
1 0.048183 0.330330 0.017378 0.033033
1 0.747630 0.331081 0.010269 0.022523
1 0.071485 0.331832 0.015008 0.027027
1 0.186414 0.333333 0.014218 0.027027
1 0.904028 0.334835 0.015008 0.030030
1 0.136256 0.333333 0.013428 0.027027
1 0.116509 0.335586 0.011848 0.022523
1 0.618878 0.337087 0.015008 0.025526
1 0.712875 0.336336 0.011848 0.027027
1 0.407188 0.337838 0.018167 0.033033
1 0.430885 0.340090 0.013428 0.031532
1 0.507504 0.341592 0.015008 0.031532
1 0.544234 0.341592 0.017378 0.025526
1 0.462875 0.340841 0.015798 0.021021
1 0.927330 0.341592 0.018957 0.025526
1 0.890205 0.343844 0.012638 0.030030
1 0.174171 0.345345 0.011848 0.033033
1 0.103081 0.349850 0.013428 0.030030
1 0.857425 0.349099 0.021327 0.028529
1 0.336888 0.349850 0.015008 0.030030
1 0.661532 0.349850 0.015008 0.027027
1 0.590047 0.352853 0.011058 0.021021
1 0.813981 0.353604 0.016588 0.028529
1 0.445893 0.353604 0.010269 0.025526
1 0.606635 0.355105 0.012638 0.022523
1 0.206556 0.355856 0.015008 0.030030
1 0.087283 0.357357 0.015008 0.027027
1 0.263033 0.356607 0.022117 0.034535
1 0.127567 0.359610 0.011848 0.022523
1 0.835703 0.359610 0.014218 0.025526
1 0.794629 0.364114 0.014218 0.025526
1 0.571880 0.363363 0.017378 0.030030
1 0.723934 0.371622 0.015008 0.028529
1 0.676540 0.370871 0.016588 0.027027
1 0.464060 0.371622 0.018167 0.031532
1 0.702212 0.373123 0.017378 0.037538
1 0.379937 0.373874 0.015798 0.027027
1 0.924961 0.376126 0.017378 0.025526
1 0.901264 0.376877 0.011058 0.030030
1 0.116509 0.376877 0.011848 0.027027
1 0.777251 0.376877 0.014218 0.033033
1 0.657978 0.380631 0.018957 0.028529
1 0.493286 0.380631 0.021327 0.031532
1 0.073460 0.381381 0.014218 0.030030
1 0.438784 0.384384 0.015008 0.030030
1 0.416667 0.383634 0.013428 0.031532
1 0.888626 0.383634 0.015798 0.037538
1 0.617299 0.385886 0.016588 0.030030
1 0.328989 0.388138 0.013428 0.037538
1 0.021327 0.386637 0.015798 0.037538
1 0.518957 0.387387 0.020537 0.030030
1 0.591627 0.388138 0.017378 0.025526
1 0.846761 0.388138 0.015798 0.031532
1 0.640205 0.391141 0.015008 0.031532
1 0.311216 0.389640 0.012638 0.022523
1 0.104660 0.391892 0.013428 0.030030
1 0.182070 0.391892 0.019747 0.030030
1 0.816351 0.394144 0.016588 0.034535
1 0.550553 0.394895 0.017378 0.030030
1 0.794234 0.394895 0.015008 0.027027
1 0.874013 0.394895 0.010269 0.021021
1 0.090047 0.396396 0.014218 0.033033
1 0.570695 0.397898 0.016588 0.030030
1 0.750395 0.397898 0.014218 0.033033
1 0.347156 0.400150 0.016588 0.031532
1 0.042654 0.402402 0.017378 0.033033
1 0.763823 0.401652 0.009479 0.025526
1 0.708926 0.405405 0.013428 0.030030
1 0.728673 0.410661 0.015008 0.028529
1 0.922591 0.412913 0.017378 0.027027
1 0.972749 0.413664 0.015008 0.019520
1 0.382701 0.415916 0.015008 0.030030
1 0.907978 0.416667 0.015008 0.022523
1 0.806872 0.416667 0.015008 0.025526
1 0.589258 0.418168 0.014218 0.025526
1 0.008294 0.418919 0.011848 0.039039
1 0.626382 0.418168 0.017378 0.025526
1 0.781596 0.419670 0.016588 0.025526
1 0.483807 0.420420 0.015008 0.021021
1 0.839258 0.421922 0.015008 0.027027
1 0.892180 0.422673 0.015008 0.028529
1 0.121643 0.422673 0.014218 0.025526
1 0.694313 0.421922 0.014218 0.027027
1 0.873223 0.423423 0.015008 0.021021
1 0.499210 0.425676 0.014218 0.025526
1 0.312796 0.427177 0.017378 0.034535
1 0.362954 0.426426 0.015008 0.027027
1 0.105055 0.430931 0.018957 0.027027
1 0.137046 0.433934 0.015008 0.024024
1 0.855845 0.435435 0.011848 0.024024
1 0.936019 0.438438 0.018957 0.033033
1 0.395340 0.438438 0.015008 0.027027
1 0.637046 0.436186 0.013428 0.028529
1 0.722749 0.437688 0.015798 0.022523
1 0.797393 0.440691 0.015008 0.025526
1 0.953002 0.441441 0.011848 0.027027
1 0.906003 0.445195 0.012638 0.019520
1 0.772512 0.445195 0.015798 0.028529
1 0.607820 0.446697 0.015008 0.028529
1 0.750790 0.445946 0.013428 0.033033
1 0.655608 0.447447 0.020537 0.030030
1 0.355450 0.448198 0.012638 0.019520
1 0.865324 0.449700 0.015008 0.025526
1 0.518957 0.449700 0.018957 0.031532
1 0.445103 0.450450 0.015008 0.030030
1 0.154028 0.450450 0.014218 0.027027
1 0.692733 0.453453 0.015798 0.021021
1 0.275671 0.453453 0.018957 0.024024
1 0.473934 0.454204 0.017378 0.040541
1 0.919036 0.454955 0.013428 0.024024
1 0.130727 0.457207 0.019747 0.025526
1 0.062796 0.458709 0.019747 0.034535
1 0.335703 0.461712 0.014218 0.025526
1 0.107425 0.463964 0.014218 0.027027
1 0.178910 0.463213 0.011848 0.028529
1 0.789494 0.465465 0.018167 0.027027
1 0.632306 0.467718 0.015008 0.025526
1 0.722749 0.467718 0.012638 0.025526
1 0.946288 0.468468 0.015798 0.027027
1 0.901264 0.475225 0.020537 0.025526
1 0.311611 0.473724 0.016588 0.031532
1 0.093602 0.476727 0.010269 0.025526
1 0.166667 0.479730 0.015798 0.034535
1 0.024092 0.478228 0.011848 0.034535
1 0.820695 0.474474 0.017378 0.030030
1 0.847551 0.478979 0.017378 0.024024
1 0.041074 0.481231 0.014218 0.034535
1 0.604265 0.483483 0.012638 0.024024
1 0.700632 0.487988 0.015798 0.027027
1 0.119668 0.491742 0.011848 0.028529
1 0.716430 0.492492 0.015798 0.027027
1 0.238152 0.495495 0.013428 0.036036
1 0.939179 0.492492 0.014218 0.036036
1 0.524882 0.496997 0.016588 0.030030
1 0.663902 0.496246 0.021327 0.025526
1 0.624013 0.496997 0.011058 0.033033
1 0.593207 0.498498 0.017378 0.030030
1 0.983412 0.497748 0.014218 0.028529
1 0.878752 0.498498 0.013428 0.030030
1 0.221564 0.499249 0.016588 0.028529
1 0.964455 0.500000 0.015798 0.030030
1 0.070300 0.503754 0.011058 0.025526
1 0.187994 0.505255 0.012638 0.022523
1 0.156398 0.504505 0.015798 0.033033
1 0.060821 0.505255 0.012638 0.022523
1 0.274487 0.507508 0.015008 0.030030
1 0.357425 0.507508 0.011848 0.036036
1 0.810427 0.506006 0.012638 0.027027
1 0.845972 0.509760 0.015798 0.034535
1 0.643760 0.511261 0.015798 0.025526
1 0.344787 0.514264 0.010269 0.025526
1 0.255529 0.515015 0.015008 0.027027
1 0.926935 0.515015 0.013428 0.027027
1 0.909953 0.515766 0.015798 0.025526
1 0.176145 0.516517 0.012638 0.030030
1 0.828989 0.524775 0.016588 0.034535
1 0.701817 0.523273 0.016588 0.025526
1 0.424566 0.523273 0.015008 0.025526
1 0.616114 0.524775 0.017378 0.031532
1 0.678515 0.524024 0.018957 0.027027
1 0.869668 0.528529 0.022117 0.030030
1 0.333728 0.529279 0.013428 0.022523
1 0.652844 0.530030 0.019747 0.030030
1 0.376382 0.530781 0.022907 0.022523
1 0.060427 0.532282 0.016588 0.028529
1 0.225908 0.533033 0.018957 0.027027
1 0.185229 0.533033 0.015008 0.024024
1 0.582148 0.536036 0.018957 0.042042
1 0.813586 0.537538 0.017378 0.021021
1 0.602686 0.539039 0.012638 0.027027
1 0.103081 0.543544 0.015008 0.024024
1 0.261058 0.542793 0.016588 0.025526
1 0.347156 0.542793 0.010269 0.019520
1 0.723934 0.544294 0.016588 0.028529
1 0.746445 0.549550 0.015798 0.036036
1 0.449052 0.549550 0.011848 0.030030
1 0.415482 0.550300 0.017378 0.028529
1 0.834913 0.550300 0.014218 0.019520
1 0.276461 0.551802 0.009479 0.022523
1 0.665087 0.552553 0.011058 0.027027
1 0.632306 0.554805 0.013428 0.022523
1 0.804502 0.555556 0.015008 0.021021
1 0.883491 0.560811 0.015008 0.034535
1 0.763823 0.560811 0.011058 0.019520
1 0.168246 0.562312 0.018957 0.025526
1 0.530016 0.563814 0.009479 0.025526
1 0.433254 0.563814 0.015008 0.043544
1 0.648499 0.566817 0.011058 0.031532
1 0.356240 0.569069 0.018957 0.024024
1 0.977093 0.570571 0.014218 0.033033
1 0.821880 0.569069 0.013428 0.030030
1 0.513033 0.570571 0.016588 0.030030
1 0.707741 0.570571 0.012638 0.018018
1 0.896919 0.572072 0.013428 0.024024
1 0.778831 0.576577 0.015798 0.033033
1 0.860585 0.575075 0.015008 0.027027
1 0.798578 0.578078 0.014218 0.027027
1 0.226303 0.580330 0.015008 0.025526
1 0.751580 0.580330 0.010269 0.025526
1 0.695103 0.581832 0.014218 0.028529
1 0.563586 0.581832 0.015008 0.028529
1 0.582543 0.582583 0.010269 0.018018
1 0.342812 0.584084 0.017378 0.027027
1 0.984597 0.584084 0.011848 0.024024
1 0.634676 0.586336 0.013428 0.022523
1 0.291074 0.587838 0.010269 0.019520
1 0.618483 0.589339 0.012638 0.028529
1 0.254344 0.592342 0.014218 0.019520
1 0.676935 0.596847 0.017378 0.034535
1 0.539494 0.598348 0.015798 0.025526
1 0.152844 0.598348 0.015008 0.031532
1 0.444313 0.600601 0.018167 0.027027
1 0.714060 0.602853 0.014218 0.031532
1 0.856240 0.598348 0.017378 0.019520
1 0.013428 0.602853 0.012638 0.022523
1 0.275276 0.605105 0.013428 0.027027
1 0.731438 0.608108 0.015798 0.033033
1 0.924961 0.612613 0.017378 0.039039
1 0.204581 0.607357 0.014218 0.034535
1 0.655213 0.609610 0.013428 0.039039
1 0.699052 0.613363 0.015798 0.022523
1 0.886651 0.614114 0.013428 0.030030
1 0.335308 0.615616 0.016588 0.027027
1 0.255134 0.620120 0.017378 0.033033
1 0.907188 0.619369 0.015008 0.025526
1 0.631517 0.619369 0.011848 0.028529
1 0.185229 0.624625 0.016588 0.021021
1 0.507109 0.626126 0.011058 0.033033
1 0.557267 0.626126 0.016588 0.030030
1 0.613744 0.626877 0.017378 0.028529
1 0.843997 0.629129 0.021327 0.021021
1 0.491311 0.629129 0.015798 0.027027
1 0.538310 0.629129 0.013428 0.027027
1 0.522907 0.629880 0.011058 0.028529
1 0.238152 0.629880 0.015008 0.025526
1 0.763428 0.632883 0.018167 0.040541
1 0.591232 0.636637 0.015008 0.033033
1 0.742101 0.637387 0.016588 0.031532
1 0.010664 0.638138 0.015008 0.030030
1 0.898499 0.638889 0.010269 0.022523
1 0.917062 0.641892 0.015798 0.025526
1 0.698262 0.640390 0.012638 0.028529
1 0.676540 0.641892 0.019747 0.034535
1 0.953002 0.647147 0.013428 0.027027
1 0.227488 0.647147 0.014218 0.021021
1 0.349131 0.647147 0.015798 0.024024
1 0.831754 0.647898 0.009479 0.028529
1 0.574645 0.646396 0.015008 0.034535
1 0.636651 0.647898 0.015798 0.022523
1 0.500000 0.650150 0.014218 0.027027
1 0.785150 0.652402 0.015798 0.025526
1 0.467615 0.653904 0.017378 0.028529
1 0.326224 0.654655 0.022117 0.033033
1 0.719984 0.653904 0.015008 0.028529
1 0.265403 0.656907 0.015798 0.037538
1 0.610190 0.656907 0.018167 0.022523
1 0.755134 0.658408 0.011058 0.019520
1 0.174566 0.660661 0.022117 0.033033
1 0.845182 0.660661 0.014218 0.024024
1 0.368878 0.659159 0.014218 0.027027
1 0.968799 0.658408 0.013428 0.028529
1 0.527646 0.661411 0.012638 0.028529
1 0.212480 0.662162 0.011058 0.024024
1 0.659953 0.664414 0.015008 0.022523
1 0.240126 0.665916 0.012638 0.028529
1 0.902054 0.669670 0.012638 0.021021
1 0.546603 0.669670 0.015798 0.030030
1 0.631912 0.671171 0.012638 0.024024
1 0.486967 0.671922 0.010269 0.028529
1 0.565956 0.670420 0.013428 0.031532
1 0.505924 0.672673 0.018167 0.021021
1 0.694313 0.679429 0.014218 0.031532
1 0.676935 0.680931 0.015798 0.025526
1 0.141785 0.682432 0.015008 0.028529
1 0.227093 0.681682 0.015008 0.030030
1 0.466825 0.683934 0.015798 0.022523
1 0.601501 0.685435 0.015008 0.031532
1 0.301738 0.687688 0.017378 0.027027
1 0.886256 0.687688 0.015798 0.027027
1 0.331754 0.688438 0.009479 0.019520
1 0.618088 0.689189 0.013428 0.024024
1 0.840837 0.691441 0.013428 0.022523
1 0.377962 0.694444 0.018167 0.025526
1 0.205766 0.696697 0.022907 0.033033
1 0.342812 0.697447 0.011058 0.022523
1 0.748025 0.695946 0.015798 0.037538
1 0.111374 0.695195 0.017378 0.045045
1 0.944313 0.701201 0.016588 0.021021
1 0.728673 0.701952 0.024487 0.031532
1 0.921406 0.699700 0.015008 0.033033
1 0.514613 0.701952 0.016588 0.025526
1 0.322275 0.701952 0.009479 0.019520
1 0.545814 0.704955 0.011058 0.022523
1 0.262243 0.705706 0.015798 0.042042
1 0.358610 0.708709 0.014218 0.021021
1 0.672986 0.709459 0.020537 0.025526
1 0.462480 0.710210 0.018167 0.039039
1 0.093602 0.715465 0.013428 0.025526
1 0.846367 0.718468 0.011848 0.019520
1 0.333728 0.721471 0.013428 0.028529
1 0.768957 0.722222 0.013428 0.024024
1 0.827409 0.725225 0.015008 0.030030
1 0.245261 0.724474 0.013428 0.037538
1 0.601896 0.725225 0.020537 0.027027
1 0.375197 0.728979 0.014218 0.028529
1 0.222749 0.731982 0.017378 0.037538
1 0.798973 0.733483 0.013428 0.022523
1 0.138231 0.736486 0.017378 0.037538
1 0.688389 0.738739 0.008689 0.027027
1 0.710111 0.737237 0.014218 0.036036
1 0.569115 0.737988 0.019747 0.022523
1 0.501185 0.740240 0.018167 0.024024
1 0.673381 0.743994 0.015008 0.034535
1 0.840442 0.743994 0.012638 0.028529
1 0.265403 0.747748 0.014218 0.018018
1 0.118878 0.748498 0.010269 0.025526
1 0.874803 0.748498 0.015008 0.031532
1 0.723144 0.754505 0.013428 0.031532
1 0.244076 0.756757 0.014218 0.024024
1 0.657583 0.754505 0.011848 0.025526
1 0.604265 0.756757 0.017378 0.027027
1 0.420616 0.759009 0.011848 0.028529
1 0.388626 0.762763 0.020537 0.030030
1 0.586493 0.763514 0.013428 0.028529
1 0.346761 0.765766 0.014218 0.027027
1 0.920616 0.767267 0.011848 0.033033
1 0.699842 0.767267 0.012638 0.018018
1 0.796998 0.770270 0.017378 0.027027
1 0.429700 0.774775 0.014218 0.027027
1 0.363349 0.773273 0.014218 0.024024
1 0.503555 0.774775 0.021327 0.024024
1 0.781201 0.775526 0.011058 0.025526
1 0.187599 0.778529 0.016588 0.016517
1 0.163507 0.781532 0.015798 0.028529
1 0.176145 0.783033 0.007899 0.022523
1 0.571880 0.785285 0.012638 0.027027
1 0.280411 0.786036 0.015798 0.025526
1 0.709321 0.786036 0.014218 0.016517
1 0.657188 0.786787 0.015798 0.018018
1 0.523302 0.789790 0.013428 0.024024
1 0.693523 0.790541 0.011058 0.019520
1 0.397709 0.790541 0.016588 0.025526
1 0.821880 0.792042 0.015008 0.031532
1 0.806872 0.792793 0.013428 0.027027
1 0.345577 0.796547 0.015008 0.028529
1 0.634676 0.796547 0.015008 0.028529
1 0.263823 0.800300 0.015798 0.036036
1 0.556082 0.801051 0.015798 0.031532
1 0.610190 0.804054 0.016588 0.025526
1 0.368878 0.804054 0.017378 0.022523
1 0.535940 0.805556 0.016588 0.028529
1 0.511058 0.806306 0.011058 0.027027
1 0.677330 0.809309 0.019747 0.030030
1 0.588073 0.808559 0.016588 0.028529
1 0.444313 0.809309 0.013428 0.030030
1 0.136256 0.811562 0.018167 0.025526
1 0.309242 0.813063 0.013428 0.028529
1 0.336098 0.818318 0.013428 0.033033
1 0.464850 0.820571 0.019747 0.040541
1 0.494076 0.821321 0.015008 0.033033
1 0.765008 0.820571 0.011848 0.025526
1 0.781596 0.823574 0.015008 0.031532
1 0.399684 0.825075 0.015798 0.025526
1 0.810032 0.827327 0.016588 0.027027
1 0.422986 0.825826 0.015008 0.033033
1 0.299368 0.828829 0.012638 0.024024
1 0.231043 0.830330 0.010269 0.027027
1 0.522512 0.832583 0.016588 0.025526
1 0.214455 0.838589 0.015008 0.037538
1 0.482622 0.837087 0.011058 0.022523
1 0.725908 0.840841 0.015798 0.027027
1 0.247235 0.841592 0.017378 0.034535
1 0.742496 0.846847 0.014218 0.024024
1 0.347551 0.850601 0.020537 0.049550
1 0.197867 0.853604 0.016588 0.031532
1 0.644945 0.854354 0.015008 0.024024
1 0.073065 0.858859 0.016588 0.039039
1 0.623618 0.857357 0.015008 0.030030
1 0.874013 0.857357 0.015008 0.030030
1 0.410348 0.860360 0.008689 0.024024
1 0.396130 0.859610 0.010269 0.031532
1 0.604265 0.858859 0.015798 0.027027
1 0.179305 0.863363 0.012638 0.027027
1 0.382701 0.866366 0.011848 0.030030
1 0.363744 0.870871 0.010269 0.030030
1 0.641785 0.879880 0.013428 0.015015
1 0.244471 0.881381 0.018167 0.030030
1 0.195103 0.882883 0.015798 0.030030
1 0.620853 0.884384 0.014218 0.021021
1 0.808057 0.885886 0.015798 0.030030
1 0.323460 0.890390 0.015008 0.030030
1 0.825434 0.891892 0.015798 0.027027
1 0.355450 0.890390 0.015798 0.030030
1 0.054502 0.894895 0.015798 0.033033
1 0.340442 0.896396 0.011058 0.024024
1 0.695893 0.896396 0.017378 0.030030
1 0.676540 0.900901 0.015008 0.027027
1 0.206951 0.901652 0.011058 0.031532
1 0.283570 0.902402 0.012638 0.030030
1 0.152449 0.902402 0.017378 0.030030
1 0.607030 0.906156 0.016588 0.022523
1 0.628357 0.909159 0.016588 0.022523
1 0.550553 0.910661 0.020537 0.037538
1 0.590442 0.913664 0.022907 0.037538
1 0.223539 0.915916 0.015798 0.024024
1 0.176540 0.917417 0.022907 0.027027
1 0.332938 0.918168 0.013428 0.028529
1 0.688389 0.923423 0.015008 0.018018
1 0.351501 0.927928 0.014218 0.024024
1 0.241706 0.930180 0.015798 0.022523
1 0.260664 0.931682 0.022117 0.040541
1 0.734202 0.933183 0.015008 0.031532
1 0.193918 0.933183 0.016588 0.031532
1 0.770537 0.936937 0.016588 0.021021
1 0.132701 0.940691 0.014218 0.031532
1 0.716825 0.940691 0.015008 0.022523
1 0.753555 0.941441 0.015798 0.030030
1 0.627962 0.942943 0.023697 0.030030
1 0.414692 0.954955 0.011058 0.033033
1 0.347551 0.960961 0.015798 0.030030
1 0.369668 0.971471 0.017378 0.033033
1 0.614139 0.972222 0.015008 0.028529
1 0.676935 0.972973 0.017378 0.036036
1 0.165877 0.978228 0.012638 0.022523
1 0.592417 0.980480 0.017378 0.036036
1 0.144550 0.984985 0.014218 0.030030
1 0.441548 0.988739 0.014218 0.022523
1 0.459716 0.990991 0.012638 0.018018
1 0.119273 0.990991 0.012638 0.018018
1 0.838863 0.197447 0.012638 0.037538
1 0.772512 0.600601 0.015798 0.030030
1 0.295814 0.909910 0.013428 0.027027
1 0.283570 0.963213 0.012638 0.022523
1 0.090837 0.969219 0.022117 0.022523
1 0.079384 0.273273 0.018167 0.027027
1 0.097946 0.747748 0.007899 0.018018
1 0.632701 0.363363 0.014218 0.024024
1 0.641785 0.350601 0.013428 0.022523
1 0.439179 0.847598 0.017378 0.025526
1 0.934439 0.572072 0.020537 0.027027
1 0.567930 0.482733 0.017378 0.025526
1 0.539100 0.492492 0.015008 0.033033
1 0.087678 0.069820 0.017378 0.022523
1 0.100316 0.075826 0.011058 0.016517
1 0.548578 0.560811 0.019747 0.028529
1 0.534360 0.533784 0.011848 0.016517
1 0.714455 0.672673 0.015008 0.024024
1 0.794629 0.671922 0.011058 0.022523
1 0.842812 0.082583 0.012638 0.018018
1 0.855055 0.087087 0.015008 0.030030
1 0.189968 0.421171 0.021327 0.019520
1 0.037915 0.520270 0.020537 0.025526
1 0.195103 0.469970 0.015798 0.036036
1 0.100316 0.496997 0.020537 0.039039
1 0.114929 0.195946 0.011848 0.019520
1 0.674961 0.412913 0.016588 0.039039
1 0.981833 0.202703 0.007899 0.021021
1 0.237757 0.795045 0.014218 0.028529
1 0.122038 0.718468 0.008689 0.019520
1 0.168246 0.895646 0.015798 0.019520
1 0.144945 0.924925 0.011848 0.018018
1 0.321880 0.294294 0.011848 0.030030
1 0.500000 0.186937 0.014218 0.028529
1 0.966035 0.604354 0.015798 0.031532
1 0.930095 0.554054 0.019747 0.024024
1 0.910742 0.554805 0.014218 0.034535
1 0.770142 0.761261 0.017378 0.030030
1 0.405608 0.409910 0.018167 0.033033
1 0.283570 0.120871 0.017378 0.025526
3 0.159953 0.216967 0.024487 0.070571
