0 0.181082 0.060478 0.016189 0.019691
0 0.186864 0.421589 0.018501 0.031646
0 0.459528 0.556259 0.011563 0.023910
0 0.335800 0.101617 0.018501 0.017581
0 0.518501 0.586146 0.012026 0.016174
0 0.307817 0.127286 0.020814 0.021097
0 0.344126 0.045359 0.013876 0.018987
0 0.729186 0.622714 0.009713 0.014768
0 0.959066 0.630098 0.016189 0.014065
0 0.511563 0.077707 0.014801 0.016174
0 0.966698 0.583685 0.013876 0.014065
0 0.833488 0.296414 0.012026 0.020394
0 0.376272 0.160689 0.013414 0.017581
0 0.398705 0.178622 0.010176 0.021097
0 0.177845 0.225035 0.022664 0.035162
0 0.883904 0.611814 0.015726 0.035162
0 0.844588 0.629747 0.012026 0.018987
0 0.508326 0.458861 0.015726 0.020394
0 0.209066 0.110056 0.012026 0.023207
0 0.351526 0.233474 0.014801 0.018284
0 0.926920 0.798172 0.013876 0.019691
0 0.070768 0.088959 0.010176 0.018987
0 0.377428 0.046765 0.011101 0.016174
0 0.486124 0.304149 0.014801 0.013361
0 0.684551 0.493319 0.012026 0.020394
0 0.645236 0.019339 0.016651 0.028833
0 0.277290 0.794655 0.014339 0.019691
0 0.701203 0.650141 0.013876 0.021800
0 0.728492 0.241561 0.013876 0.017581
0 0.235430 0.280591 0.010176 0.029536
0 0.470860 0.797117 0.014801 0.027426
0 0.466698 0.214838 0.009251 0.014768
0 0.797872 0.565401 0.016651 0.016878
0 0.971785 0.376231 0.016651 0.028129
0 0.468548 0.626231 0.015726 0.018987
0 0.152174 0.255626 0.008326 0.034459
0 0.262026 0.492264 0.015264 0.030942
0 0.089269 0.798875 0.013876 0.022504
0 0.889454 0.695499 0.017576 0.023910
0 0.766420 0.282700 0.018501 0.016878
0 0.527983 0.007736 0.010638 0.014065
0 0.413737 0.316104 0.008788 0.021800
0 0.348982 0.611111 0.011563 0.035162
0 0.505319 0.013713 0.019889 0.021800
0 0.330019 0.819269 0.010638 0.019691
0 0.287697 0.096343 0.011101 0.025316
0 0.101989 0.585795 0.015264 0.021097
0 0.117021 0.050633 0.009251 0.014065
0 0.109621 0.214838 0.017576 0.026020
0 0.270352 0.117792 0.007863 0.020394
0 0.751388 0.172293 0.026364 0.023910
0 0.114940 0.084740 0.017114 0.026020
0 0.542091 0.069269 0.012951 0.014768
0 0.864709 0.426160 0.019889 0.026723
0 0.032840 0.030591 0.013876 0.038678
0 0.283996 0.416667 0.012026 0.035865
0 0.644773 0.569620 0.016651 0.019691
0 0.755319 0.260900 0.012951 0.015471
0 0.023821 0.188819 0.017114 0.018987
0 0.710453 0.707454 0.023127 0.022504
0 0.496068 0.265471 0.013414 0.016174
0 0.094820 0.407525 0.019426 0.027426
0 0.234505 0.204641 0.009251 0.016878
0 0.494218 0.375527 0.013414 0.016878
0 0.344357 0.008439 0.011563 0.016878
0 0.438020 0.099156 0.015726 0.026723
0 0.795791 0.474684 0.015264 0.016878
0 0.611008 0.720113 0.008326 0.016878
0 0.064524 0.429325 0.010638 0.028833
0 0.724561 0.191983 0.018039 0.018284
0 0.374422 0.402954 0.014339 0.021097
0 0.927151 0.460619 0.020814 0.032349
0 0.008788 0.486990 0.012026 0.014768
0 0.896392 0.334740 0.012951 0.014065
0 0.662812 0.802391 0.018501 0.025316
0 0.832100 0.065401 0.021277 0.018284
0 0.235893 0.561533 0.012951 0.023207
0 0.267576 0.303797 0.018039 0.018284
0 0.915125 0.576653 0.012488 0.019691
0 0.446809 0.239803 0.022202 0.018284
0 0.929463 0.118847 0.022664 0.021097
0 0.211378 0.610408 0.012026 0.025316
0 0.339269 0.132560 0.015264 0.020394
0 0.475486 0.264065 0.010176 0.017581
0 0.489130 0.789733 0.012488 0.019691
0 0.241212 0.052743 0.014339 0.029536
0 0.281684 0.050633 0.012951 0.018284
0 0.484505 0.454993 0.019889 0.019691
0 0.123034 0.181435 0.012951 0.019691
0 0.301804 0.039733 0.011563 0.013361
0 0.964385 0.316104 0.016651 0.026020
0 0.966698 0.748945 0.024052 0.025316
0 0.658418 0.786217 0.013414 0.015471
0 0.848751 0.658931 0.015726 0.018284
0 0.322155 0.561533 0.021739 0.021800
0 0.893617 0.627989 0.020352 0.025316
0 0.474561 0.006329 0.014801 0.012658
0 0.401480 0.036920 0.016651 0.020394
0 0.253238 0.585795 0.011563 0.015471
0 0.203747 0.050281 0.015264 0.023207
0 0.558973 0.651899 0.007863 0.023910
0 0.114940 0.515120 0.012488 0.031646
0 0.081637 0.337904 0.016189 0.013361
0 0.735893 0.651899 0.012026 0.015471
0 0.408187 0.320675 0.006938 0.022504
0 0.266420 0.516878 0.010176 0.026723
0 0.325393 0.053446 0.009713 0.019691
0 0.375809 0.257384 0.009713 0.022504
0 0.123497 0.272152 0.013876 0.026723
0 0.094820 0.069620 0.011101 0.019691
0 0.965310 0.204993 0.012951 0.026020
0 0.876041 0.312588 0.014801 0.014768
0 0.675069 0.242968 0.014339 0.021800
0 0.716235 0.590366 0.018039 0.017581
0 0.991906 0.735232 0.009713 0.021800
0 0.135291 0.807665 0.010638 0.024613
0 0.407031 0.547117 0.015726 0.022504
0 0.150786 0.170183 0.012951 0.032349
0 0.851064 0.489803 0.016651 0.020394
0 0.210916 0.361814 0.010176 0.024613
0 0.233117 0.409986 0.012026 0.032349
0 0.433164 0.152954 0.016189 0.014768
0 0.305042 0.010900 0.013414 0.020394
0 0.591351 0.741913 0.016189 0.025316
0 0.530296 0.191280 0.009713 0.029536
0 0.649630 0.724332 0.009713 0.014065
0 0.983811 0.290084 0.024052 0.038678
0 0.818224 0.332630 0.016651 0.030942
0 0.706059 0.110408 0.014339 0.035162
0 0.412581 0.121660 0.018501 0.030942
0 0.211378 0.774965 0.020352 0.026723
0 0.245143 0.313643 0.011101 0.022504
0 0.431776 0.187060 0.012488 0.016878
0 0.837650 0.362518 0.018501 0.021800
0 0.782146 0.338959 0.013876 0.029536
0 0.311517 0.438467 0.013414 0.024613
0 0.268964 0.576653 0.008788 0.015471
0 0.259482 0.676512 0.011101 0.014065
0 0.515264 0.435654 0.020352 0.026020
0 0.721554 0.635373 0.010176 0.018987
0 0.649630 0.235935 0.017114 0.016174
0 0.153562 0.336850 0.010176 0.029536
0 0.309667 0.701477 0.016189 0.021800
0 0.838575 0.464838 0.015726 0.022504
0 0.804810 0.498945 0.014801 0.014768
0 0.315449 0.488748 0.012026 0.025316
0 0.919981 0.328411 0.015726 0.029536
0 0.296716 0.236287 0.012488 0.016878
0 0.271739 0.603727 0.013414 0.014768
0 0.368871 0.157876 0.006938 0.010549
0 0.050416 0.482419 0.016651 0.012658
0 0.291628 0.730309 0.013414 0.024613
0 0.638992 0.188115 0.016189 0.024613
0 0.198659 0.531997 0.012488 0.020394
0 0.376503 0.310478 0.011101 0.026020
0 0.805504 0.278129 0.014339 0.018987
0 0.702821 0.797820 0.015264 0.028833
0 0.699815 0.304852 0.009251 0.018987
0 0.179926 0.093882 0.014801 0.033052
0 0.717623 0.441280 0.012488 0.028833
0 0.656568 0.680380 0.009713 0.013361
0 0.045328 0.662799 0.018501 0.027426
0 0.241674 0.112518 0.012488 0.011252
0 0.053191 0.011955 0.012951 0.022504
0 0.681082 0.695499 0.012488 0.035162
0 0.730111 0.319972 0.016189 0.016878
0 0.574237 0.551688 0.012488 0.013361
0 0.435708 0.033755 0.023127 0.021097
0 0.811517 0.651547 0.021739 0.026020
0 0.015726 0.074543 0.012026 0.028129
0 0.300648 0.390999 0.013876 0.029536
0 0.691027 0.191983 0.020352 0.028129
0 0.857539 0.241913 0.016651 0.025316
0 0.056892 0.053446 0.012026 0.016878
0 0.172294 0.781997 0.019889 0.030942
0 0.459759 0.187764 0.013876 0.016878
0 0.569380 0.021800 0.013876 0.021097
0 0.622109 0.646976 0.008326 0.023910
0 0.061055 0.312940 0.012951 0.016878
0 0.368178 0.080520 0.021277 0.021800
0 0.772895 0.183193 0.015726 0.009142
0 0.282609 0.149086 0.020352 0.022504
0 0.947271 0.492968 0.011101 0.018284
0 0.987974 0.561885 0.012026 0.029536
0 0.513876 0.478551 0.013876 0.014768
0 0.146623 0.588608 0.011101 0.021097
0 0.053885 0.271097 0.018039 0.018987
0 0.379741 0.515823 0.015726 0.026020
0 0.578862 0.095992 0.010638 0.009142
0 0.157493 0.420534 0.012488 0.023910
0 0.576087 0.466596 0.019889 0.024613
0 0.205828 0.453235 0.021277 0.021800
0 0.240518 0.149789 0.009251 0.029536
0 0.254394 0.521800 0.010176 0.028129
0 0.086031 0.466245 0.014801 0.021097
0 0.080019 0.349156 0.014801 0.014768
0 0.391536 0.603727 0.013414 0.021800
0 0.675069 0.752110 0.013414 0.028833
0 0.349907 0.176512 0.019889 0.012658
0 0.262720 0.285162 0.010176 0.010549
0 0.890379 0.200774 0.022202 0.034459
0 0.483117 0.155767 0.010638 0.021800
0 0.763414 0.555907 0.010638 0.027426
0 0.540472 0.544304 0.015264 0.016878
0 0.937095 0.736287 0.024052 0.022504
0 0.275902 0.186357 0.023589 0.016878
0 0.484736 0.223277 0.012026 0.021800
0 0.770814 0.471871 0.015264 0.023910
0 0.436633 0.707454 0.017576 0.029536
0 0.179695 0.394866 0.018039 0.026020
0 0.445883 0.771800 0.019426 0.020394
0 0.339500 0.200070 0.011101 0.014768
0 0.458141 0.444093 0.018039 0.026020
0 0.739130 0.278833 0.016651 0.013361
0 0.653099 0.263713 0.017576 0.021097
0 0.208834 0.479606 0.015264 0.021097
0 0.397549 0.334388 0.009713 0.020394
0 0.549491 0.449367 0.013876 0.015471
0 0.481036 0.604079 0.014801 0.023910
0 0.287697 0.026371 0.015726 0.016174
0 0.504163 0.712729 0.019426 0.031646
0 0.664662 0.496484 0.011101 0.022504
0 0.917206 0.669480 0.017576 0.019691
0 0.064292 0.013010 0.010176 0.016174
0 0.033534 0.092124 0.012488 0.026723
0 0.485199 0.338256 0.020352 0.022504
0 0.190333 0.514416 0.013414 0.021800
0 0.520352 0.759142 0.013876 0.017581
0 0.475254 0.434248 0.015264 0.017581
0 0.416744 0.460619 0.011101 0.022504
0 0.510407 0.156118 0.009713 0.019691
0 0.034459 0.576653 0.018964 0.021097
0 0.531221 0.653657 0.010638 0.018987
0 0.954440 0.812588 0.014339 0.026020
0 0.437789 0.297117 0.016189 0.028833
0 0.450046 0.677567 0.010176 0.023207
0 0.306660 0.167018 0.020352 0.020394
0 0.196115 0.251758 0.006475 0.023910
0 0.399167 0.260900 0.012026 0.028129
0 0.338344 0.576301 0.013414 0.016174
0 0.974329 0.466596 0.016189 0.026020
0 0.520814 0.806610 0.011101 0.023910
0 0.903099 0.359353 0.015264 0.014065
0 0.549722 0.154008 0.010638 0.014065
0 0.266651 0.375879 0.014339 0.016174
0 0.685708 0.028129 0.013414 0.035162
0 0.592969 0.681083 0.015726 0.016174
0 0.956290 0.280591 0.018039 0.025316
0 0.660037 0.138889 0.013876 0.031646
0 0.233117 0.629395 0.017576 0.026723
0 0.761563 0.377286 0.013414 0.026020
0 0.175994 0.565049 0.013414 0.017581
0 0.234043 0.798523 0.015726 0.018987
0 0.750694 0.774262 0.013876 0.023910
0 0.241443 0.232068 0.021277 0.019691
0 0.527521 0.404008 0.013414 0.023207
0 0.391536 0.465190 0.018964 0.026020
0 0.061055 0.701828 0.013876 0.018284
0 0.739824 0.364276 0.015264 0.014065
0 0.606152 0.501406 0.012488 0.019691
0 0.170213 0.183896 0.013876 0.027426
0 0.823774 0.131505 0.019426 0.016878
0 0.435245 0.216948 0.021277 0.023207
0 0.563367 0.759142 0.019426 0.020394
0 0.021508 0.419128 0.013414 0.025316
0 0.331175 0.414205 0.021277 0.025316
0 0.835106 0.693390 0.017114 0.022504
0 0.985199 0.104782 0.011101 0.021097
0 0.168825 0.734529 0.016651 0.024613
0 0.903330 0.122714 0.026827 0.023207
0 0.928538 0.527426 0.014339 0.023910
0 0.710916 0.234880 0.018501 0.019691
0 0.551341 0.275316 0.012026 0.016174
0 0.096438 0.246132 0.019889 0.018284
0 0.904487 0.414557 0.016189 0.023207
0 0.366790 0.371660 0.015726 0.020394
0 0.286078 0.675105 0.019889 0.028129
0 0.358927 0.721871 0.012951 0.028833
0 0.170907 0.462729 0.013414 0.019691
0 0.509482 0.238045 0.010638 0.020394
0 0.707909 0.550985 0.010638 0.021800
0 0.799029 0.802743 0.013414 0.017581
0 0.037465 0.765823 0.015726 0.021097
0 0.010407 0.365331 0.019889 0.018987
0 0.954209 0.679325 0.016651 0.025316
0 0.310130 0.273207 0.008788 0.030239
0 0.636448 0.673347 0.011101 0.023207
0 0.495606 0.120253 0.019889 0.032349
0 0.173682 0.607595 0.011563 0.019691
0 0.620722 0.796765 0.012026 0.026723
0 0.221554 0.662799 0.012951 0.026020
0 0.441489 0.563643 0.010638 0.027426
0 0.574699 0.076653 0.017114 0.014065
0 0.494218 0.436357 0.018039 0.014768
0 0.634366 0.086850 0.021739 0.024613
0 0.509713 0.265823 0.012951 0.022504
0 0.983117 0.377637 0.021739 0.033755
0 0.713228 0.530591 0.013876 0.016174
0 0.041628 0.357947 0.014801 0.016878
0 0.415125 0.731716 0.015264 0.027426
0 0.672525 0.573840 0.013876 0.015471
0 0.851064 0.524613 0.015726 0.022504
0 0.940102 0.656470 0.014339 0.030239
0 0.803191 0.736990 0.022664 0.022504
0 0.215310 0.230309 0.018039 0.017581
0 0.959991 0.547820 0.019889 0.018284
0 0.643154 0.623769 0.016189 0.021097
0 0.769658 0.168776 0.019426 0.014065
0 0.141304 0.077004 0.014339 0.028833
0 0.713460 0.675809 0.016189 0.018284
0 0.740518 0.396976 0.012951 0.034459
0 0.779602 0.585443 0.015264 0.021800
0 0.195883 0.080872 0.020814 0.018284
0 0.082331 0.189873 0.013876 0.026723
0 0.843895 0.533755 0.012488 0.021097
0 0.379741 0.757736 0.014801 0.020394
0 0.376272 0.146976 0.009713 0.014065
0 0.347826 0.254923 0.018501 0.020394
0 0.076318 0.663150 0.009251 0.012658
0 0.084644 0.614627 0.009251 0.021097
0 0.128816 0.948664 0.022664 0.043601
0 0.061517 0.900141 0.013876 0.012658
0 0.137835 0.888186 0.009251 0.019691
0 0.169981 0.901195 0.018964 0.038678
0 0.189870 0.962729 0.010638 0.016878
0 0.062905 0.974332 0.013876 0.024613
0 0.267114 0.936357 0.011563 0.037271
0 0.339500 0.875527 0.014801 0.029536
0 0.221092 0.951477 0.012026 0.028129
0 0.242831 0.950422 0.014801 0.023207
0 0.216929 0.990858 0.011101 0.014065
0 0.225486 0.837904 0.011563 0.021800
0 0.258326 0.847046 0.018964 0.018987
0 0.463460 0.964487 0.014801 0.026020
0 0.471785 0.831575 0.009251 0.014768
0 0.376503 0.979958 0.015726 0.024613
0 0.369796 0.945148 0.016189 0.023910
0 0.454672 0.897679 0.015726 0.027426
0 0.574699 0.917722 0.017114 0.030942
0 0.592738 0.857243 0.024514 0.026723
0 0.647317 0.868143 0.012488 0.018987
0 0.636216 0.837904 0.011563 0.017581
0 0.641536 0.949367 0.018501 0.028129
0 0.608464 0.972925 0.019889 0.026020
0 0.522895 0.942686 0.019889 0.021800
0 0.549491 0.882560 0.010176 0.021097
0 0.739824 0.928622 0.019889 0.023207
0 0.756938 0.905063 0.022664 0.025316
0 0.767808 0.852672 0.018501 0.024613
0 0.706984 0.862518 0.013414 0.026020
0 0.684089 0.866385 0.012951 0.023910
0 0.670213 0.973629 0.013876 0.028833
0 0.810361 0.903657 0.018501 0.035162
0 0.871647 0.919480 0.016189 0.027426
0 0.906337 0.843882 0.018964 0.016878
0 0.876735 0.874121 0.013414 0.023910
0 0.932932 0.837904 0.019426 0.018987
0 0.968085 0.880098 0.018501 0.030239
0 0.929232 0.956751 0.015726 0.033052
0 0.944958 0.984529 0.021277 0.025316
0 0.332100 0.930028 0.016651 0.018987
0 0.410731 0.985232 0.012026 0.028129
0 0.968085 0.040788 0.019426 0.043601
0 0.613321 0.216948 0.009251 0.018987
0 0.618871 0.169480 0.007401 0.025316
0 0.321462 0.604430 0.018501 0.018987
0 0.419288 0.583685 0.013414 0.029536
0 0.754857 0.702532 0.018501 0.022504
0 0.385523 0.850914 0.010638 0.023910
0 0.900093 0.985584 0.011101 0.024613
1 0.771277 0.083333 0.011563 0.017581
1 0.782146 0.064346 0.009251 0.014768
1 0.783071 0.016878 0.011101 0.014065
1 0.765726 0.052743 0.007863 0.012658
1 0.756475 0.078059 0.009713 0.019691
1 0.743987 0.058368 0.008788 0.015471
1 0.753006 0.033404 0.009251 0.013361
1 0.833256 0.010197 0.011563 0.013361
1 0.815680 0.065401 0.009713 0.011252
1 0.993293 0.691983 0.007863 0.011252
1 0.992599 0.926512 0.009251 0.013361
1 0.810823 0.010900 0.009251 0.016174
2 0.415819 0.901899 0.009251 0.013361
2 0.420907 0.883615 0.018501 0.024613
