0 0.030738 0.033259 0.027049 0.031042
0 0.092623 0.020510 0.031148 0.025499
0 0.156148 0.069845 0.022131 0.028825
0 0.157377 0.099778 0.024590 0.037694
0 0.141803 0.134701 0.022951 0.036585
0 0.111885 0.141353 0.030328 0.032151
0 0.045492 0.146896 0.027049 0.025499
0 0.038115 0.199557 0.023770 0.033259
0 0.054098 0.215632 0.016393 0.021064
0 0.011885 0.220621 0.020492 0.024390
0 0.146721 0.210643 0.014754 0.026608
0 0.148361 0.243902 0.018033 0.031042
0 0.137295 0.294900 0.023770 0.031042
0 0.153689 0.304878 0.018852 0.037694
0 0.009426 0.380266 0.015574 0.028825
0 0.045082 0.385809 0.021311 0.026608
0 0.077049 0.396896 0.021311 0.026608
0 0.073770 0.429601 0.014754 0.032151
0 0.093443 0.435144 0.024590 0.032151
0 0.055328 0.457317 0.017213 0.029933
0 0.114344 0.405765 0.022131 0.037694
0 0.146311 0.383038 0.013934 0.023282
0 0.157787 0.453991 0.022131 0.036585
0 0.179918 0.332040 0.015574 0.029933
0 0.191803 0.303215 0.021311 0.029933
0 0.161066 0.170732 0.020492 0.019956
0 0.178689 0.257206 0.018033 0.019956
0 0.204508 0.256652 0.023770 0.018847
0 0.253689 0.269956 0.023770 0.021064
0 0.284426 0.293237 0.016393 0.025499
0 0.296721 0.332040 0.016393 0.032151
0 0.298770 0.391353 0.015574 0.039911
0 0.268443 0.461197 0.031967 0.028825
0 0.211885 0.066519 0.020492 0.031042
0 0.193443 0.056541 0.019672 0.031042
0 0.203689 0.211752 0.025410 0.022173
0 0.228689 0.217295 0.026230 0.028825
0 0.257787 0.172949 0.022131 0.037694
0 0.279918 0.222838 0.023770 0.035477
0 0.270082 0.184035 0.013934 0.033259
0 0.259426 0.125831 0.023770 0.034368
0 0.274590 0.080931 0.022951 0.039911
0 0.304098 0.065410 0.024590 0.033259
0 0.301639 0.266075 0.022951 0.028825
0 0.339754 0.291574 0.025410 0.026608
0 0.336475 0.322616 0.022131 0.031042
0 0.337295 0.347561 0.020492 0.023282
0 0.320492 0.357539 0.011475 0.021064
0 0.304098 0.454545 0.022951 0.031042
0 0.373361 0.300998 0.017213 0.021064
0 0.402869 0.308204 0.015574 0.022173
0 0.427049 0.282705 0.026230 0.028825
0 0.364754 0.431818 0.019672 0.023282
0 0.448770 0.322616 0.017213 0.017738
0 0.471311 0.318182 0.024590 0.024390
0 0.458607 0.296563 0.012295 0.023282
0 0.474590 0.291574 0.014754 0.019956
0 0.446311 0.346452 0.015574 0.018847
0 0.461475 0.347561 0.014754 0.021064
0 0.361885 0.343681 0.013934 0.019956
0 0.338934 0.087583 0.025410 0.028825
0 0.416393 0.099778 0.029508 0.033259
0 0.442623 0.132483 0.022951 0.043237
0 0.464344 0.130820 0.022131 0.035477
0 0.467623 0.185698 0.020492 0.032151
0 0.484016 0.161308 0.020492 0.036585
0 0.468443 0.101996 0.025410 0.031042
0 0.207377 0.190133 0.019672 0.025499
0 0.138525 0.415743 0.011475 0.028825
0 0.157787 0.406319 0.013934 0.029933
0 0.142213 0.523282 0.020492 0.031042
0 0.165164 0.560976 0.020492 0.024390
0 0.189754 0.551552 0.023770 0.025499
0 0.232377 0.537140 0.033607 0.032151
0 0.242623 0.495565 0.024590 0.031042
0 0.298770 0.615299 0.018852 0.026608
0 0.290164 0.559867 0.013115 0.022173
0 0.331148 0.457317 0.022951 0.029933
0 0.438115 0.458426 0.020492 0.023282
0 0.123361 0.564856 0.027049 0.023282
0 0.111885 0.589246 0.028689 0.014412
0 0.027049 0.569845 0.024590 0.019956
0 0.059426 0.573725 0.022131 0.029933
0 0.348770 0.050998 0.030328 0.035477
0 0.338525 0.014967 0.027869 0.025499
0 0.311475 0.014967 0.022951 0.023282
0 0.391393 0.052661 0.025410 0.018847
0 0.415164 0.045455 0.012295 0.028825
0 0.432787 0.021619 0.024590 0.029933
0 0.431148 0.086475 0.022951 0.039911
0 0.534836 0.245565 0.015574 0.032151
0 0.526230 0.257206 0.019672 0.026608
0 0.513525 0.282705 0.017213 0.035477
0 0.479918 0.379712 0.020492 0.027716
0 0.499590 0.376386 0.013934 0.027716
0 0.538934 0.343126 0.020492 0.025499
0 0.568852 0.309867 0.016393 0.023282
0 0.452049 0.371951 0.013934 0.016630
0 0.600820 0.173503 0.018033 0.025499
0 0.607377 0.219512 0.016393 0.026608
0 0.597951 0.306541 0.018852 0.029933
0 0.613115 0.114745 0.027869 0.029933
0 0.574180 0.047672 0.023770 0.028825
0 0.687705 0.089800 0.027869 0.026608
0 0.718852 0.093681 0.026230 0.027716
0 0.759016 0.105322 0.026230 0.028825
0 0.675410 0.365854 0.016393 0.024390
0 0.735246 0.350887 0.018033 0.023282
0 0.748770 0.280488 0.015574 0.024390
0 0.801639 0.231153 0.016393 0.025499
0 0.836885 0.246120 0.018033 0.022173
0 0.784426 0.294346 0.024590 0.029933
0 0.827869 0.295455 0.016393 0.023282
0 0.816393 0.117517 0.021311 0.022173
0 0.877459 0.138581 0.023770 0.026608
0 0.629918 0.293237 0.018852 0.023282
0 0.963115 0.220621 0.024590 0.024390
0 0.952869 0.186807 0.020492 0.016630
0 0.863525 0.248337 0.017213 0.022173
0 0.925000 0.350333 0.022131 0.024390
0 0.992623 0.333149 0.013115 0.025499
0 0.967213 0.052661 0.016393 0.041020
0 0.981967 0.069290 0.013115 0.021064
0 0.944672 0.411308 0.027049 0.028825
0 0.958197 0.465632 0.019672 0.026608
0 0.864754 0.528271 0.022951 0.029933
0 0.975820 0.554878 0.017213 0.021064
0 0.969262 0.516075 0.015574 0.018847
0 0.848770 0.581486 0.018852 0.032151
0 0.750410 0.541574 0.022131 0.029933
0 0.972951 0.651330 0.024590 0.032151
0 0.843033 0.644124 0.022131 0.026608
0 0.788934 0.656874 0.018852 0.021064
0 0.723770 0.634146 0.021311 0.026608
0 0.863115 0.724501 0.024590 0.032151
0 0.852459 0.736696 0.019672 0.025499
0 0.911066 0.740576 0.025410 0.024390
0 0.688525 0.609756 0.021311 0.024390
0 0.751639 0.452328 0.014754 0.022173
0 0.669672 0.591463 0.016393 0.021064
0 0.695082 0.572062 0.016393 0.022173
0 0.699590 0.492239 0.013934 0.039911
0 0.688525 0.519401 0.016393 0.032151
0 0.709836 0.410200 0.022951 0.035477
0 0.693852 0.444568 0.013934 0.028825
0 0.660246 0.404656 0.013934 0.026608
0 0.657377 0.477273 0.016393 0.029933
0 0.619262 0.627494 0.023770 0.026608
0 0.643033 0.568736 0.018852 0.019956
0 0.593033 0.609756 0.018852 0.026608
0 0.991393 0.509424 0.013934 0.025499
0 0.927459 0.779933 0.020492 0.027716
0 0.868852 0.783259 0.024590 0.023282
0 0.989754 0.986696 0.013934 0.019956
0 0.961066 0.947339 0.020492 0.027716
0 0.844672 0.828160 0.020492 0.026608
0 0.807377 0.848115 0.018033 0.019956
0 0.781557 0.890244 0.015574 0.024390
0 0.797541 0.936253 0.022951 0.029933
0 0.743443 0.801552 0.022951 0.024390
0 0.734016 0.991131 0.025410 0.015521
0 0.748361 0.869180 0.011475 0.031042
0 0.712705 0.875831 0.027049 0.015521
0 0.706148 0.939579 0.018852 0.032151
0 0.673770 0.839800 0.024590 0.032151
0 0.933607 0.896341 0.024590 0.021064
0 0.893852 0.991685 0.023770 0.014412
0 0.677459 0.912417 0.025410 0.024390
0 0.653279 0.889690 0.016393 0.021064
0 0.760656 0.733925 0.019672 0.026608
0 0.778279 0.803769 0.018852 0.024390
0 0.649590 0.941242 0.030328 0.039911
0 0.617213 0.930155 0.022951 0.028825
0 0.635246 0.890798 0.022951 0.029933
0 0.645492 0.800998 0.017213 0.025499
0 0.615164 0.778271 0.020492 0.033259
0 0.608607 0.876940 0.028689 0.031042
0 0.589344 0.759978 0.022951 0.032151
0 0.596311 0.894124 0.017213 0.021064
0 0.570492 0.871397 0.027869 0.024390
0 0.594262 0.968404 0.031148 0.029933
0 0.553689 0.824279 0.020492 0.029933
0 0.532787 0.822616 0.027869 0.031042
0 0.554098 0.677384 0.024590 0.031042
0 0.561066 0.619734 0.020492 0.026608
0 0.540984 0.618625 0.016393 0.024390
0 0.503689 0.737251 0.025410 0.028825
0 0.509426 0.973947 0.022131 0.029933
0 0.481557 0.955654 0.023770 0.042129
0 0.416803 0.971175 0.028689 0.022173
0 0.577459 0.719512 0.015574 0.026608
0 0.447951 0.892461 0.018852 0.039911
0 0.440164 0.842572 0.016393 0.024390
0 0.382377 0.856984 0.015574 0.031042
0 0.504508 0.672949 0.015574 0.028825
0 0.488525 0.660200 0.018033 0.025499
0 0.482377 0.711197 0.020492 0.021064
0 0.362705 0.909645 0.020492 0.025499
0 0.327869 0.807650 0.031148 0.023282
0 0.254508 0.872506 0.018852 0.026608
0 0.292623 0.801552 0.026230 0.024390
0 0.233607 0.913525 0.014754 0.015521
0 0.222541 0.895233 0.009016 0.014412
0 0.332787 0.717849 0.019672 0.025499
0 0.350000 0.701774 0.019672 0.022173
0 0.367623 0.697894 0.017213 0.016630
0 0.453279 0.687916 0.024590 0.027716
0 0.405328 0.632483 0.017213 0.023282
0 0.328279 0.647450 0.020492 0.026608
0 0.300820 0.670177 0.036066 0.034368
0 0.313934 0.759978 0.031148 0.023282
0 0.183197 0.937916 0.028689 0.033259
0 0.170902 0.898559 0.030328 0.029933
0 0.170492 0.850333 0.026230 0.037694
0 0.185246 0.794346 0.014754 0.034368
0 0.195492 0.756098 0.017213 0.022173
0 0.239754 0.709534 0.022131 0.031042
0 0.260246 0.678492 0.022131 0.026608
0 0.245902 0.640798 0.024590 0.028825
0 0.099590 0.965078 0.020492 0.045455
0 0.225820 0.759424 0.013934 0.035477
0 0.010246 0.960643 0.017213 0.021064
0 0.020902 0.978936 0.028689 0.019956
0 0.046311 0.980044 0.022131 0.024390
0 0.036475 0.947894 0.023770 0.033259
0 0.227049 0.616962 0.027869 0.029933
0 0.077049 0.710089 0.024590 0.029933
0 0.067623 0.738359 0.023770 0.033259
0 0.190984 0.620843 0.029508 0.024390
0 0.155738 0.627494 0.026230 0.028825
0 0.042213 0.778271 0.015574 0.028825
0 0.104098 0.633592 0.022951 0.025499
0 0.086475 0.652439 0.020492 0.034368
0 0.010246 0.764967 0.017213 0.035477
0 0.060656 0.655211 0.024590 0.039911
0 0.028279 0.656319 0.018852 0.031042
0 0.130328 0.460643 0.011475 0.018847
0 0.062295 0.542129 0.014754 0.031042
0 0.057787 0.606984 0.018852 0.036585
0 0.456967 0.514412 0.018852 0.031042
0 0.520082 0.500554 0.018852 0.027716
0 0.516393 0.447894 0.016393 0.022173
0 0.518033 0.560976 0.031148 0.026608
1 0.214754 0.035477 0.018033 0.022173
1 0.181557 0.175721 0.013934 0.016630
1 0.157377 0.333703 0.008197 0.017738
1 0.125820 0.485588 0.012295 0.019956
1 0.396721 0.393570 0.014754 0.015521
1 0.643033 0.057650 0.010656 0.013304
1 0.900410 0.023836 0.012295 0.018847
1 0.923770 0.013858 0.011475 0.016630
1 0.420082 0.916851 0.015574 0.017738
1 0.243443 0.902439 0.016393 0.017738
1 0.206967 0.864191 0.018852 0.025499
1 0.312295 0.710089 0.013115 0.016630
1 0.042623 0.833149 0.014754 0.021064
1 0.039754 0.710089 0.017213 0.014412
1 0.025410 0.531596 0.011475 0.016630
