1 0.478552 0.321029 0.045576 0.055928
1 0.556300 0.033557 0.050938 0.058166
1 0.549598 0.144295 0.048257 0.042506
1 0.600536 0.121924 0.048257 0.046980
1 0.634048 0.045861 0.050938 0.055928
1 0.609920 0.240492 0.050938 0.042506
1 0.798928 0.040268 0.053619 0.053691
1 0.694370 0.057047 0.058981 0.046980
1 0.713137 0.108501 0.053619 0.042506
1 0.706434 0.153244 0.040214 0.042506
1 0.733244 0.408277 0.061662 0.051454
1 0.575067 0.362416 0.056300 0.049217
1 0.690349 0.285235 0.040214 0.051454
1 0.741287 0.236018 0.045576 0.042506
1 0.754692 0.287472 0.045576 0.046980
1 0.774799 0.557047 0.042895 0.058166
1 0.679625 0.592841 0.045576 0.044743
1 0.916890 0.564877 0.048257 0.051454
1 0.887399 0.475391 0.053619 0.046980
1 0.809651 0.457494 0.048257 0.060403
1 0.943700 0.290828 0.042895 0.053691
1 0.932976 0.394855 0.069705 0.060403
1 0.963807 0.064877 0.056300 0.053691
1 0.844504 0.670022 0.053619 0.046980
1 0.951743 0.776286 0.053619 0.035794
1 0.916890 0.727069 0.037534 0.044743
1 0.864611 0.712528 0.040214 0.046980
1 0.400804 0.192394 0.040214 0.049217
1 0.478552 0.027964 0.045576 0.055928
1 0.336461 0.020134 0.050938 0.035794
1 0.624665 0.578300 0.048257 0.033557
1 0.632708 0.624161 0.075067 0.040268
1 0.545576 0.275168 0.056300 0.049217
1 0.593834 0.178971 0.034853 0.031320
1 0.450402 0.117450 0.042895 0.046980
1 0.546917 0.091723 0.048257 0.044743
1 0.407507 0.029083 0.037534 0.040268
1 0.026810 0.986577 0.042895 0.026846
1 0.573727 0.557047 0.053619 0.031320
1 0.561662 0.532438 0.034853 0.026846
1 0.435657 0.200224 0.040214 0.060403
1 0.575067 0.199105 0.029491 0.035794
1 0.942359 0.119687 0.067024 0.055928
1 0.643432 0.195749 0.048257 0.060403
2 0.107239 0.038031 0.080429 0.058166
2 0.143432 0.148770 0.061662 0.060403
2 0.207775 0.165548 0.067024 0.053691
2 0.143432 0.313199 0.077748 0.071588
2 0.058981 0.288591 0.085791 0.067114
2 0.079088 0.360179 0.072386 0.062640
2 0.127346 0.434004 0.088472 0.076063
2 0.300268 0.529083 0.053619 0.069351
2 0.296247 0.643177 0.067024 0.060403
2 0.231903 0.610738 0.061662 0.049217
2 0.282842 0.796421 0.072386 0.076063
2 0.410188 0.758389 0.091153 0.080537
2 0.546917 0.936242 0.069705 0.087248
2 0.650134 0.840045 0.083110 0.064877
