0 0.694336 0.285156 0.091797 0.082031
0 0.090820 0.621094 0.052734 0.031250
0 0.189453 0.591797 0.062500 0.074219
0 0.383789 0.162109 0.064453 0.078125
0 0.207031 0.301758 0.042969 0.048828
0 0.657227 0.678711 0.064453 0.052734
0 0.130859 0.742188 0.054688 0.070312
0 0.510742 0.953125 0.052734 0.082031
0 0.775391 0.648438 0.109375 0.082031
0 0.561523 0.521484 0.080078 0.085938
0 0.041016 0.387695 0.058594 0.052734
0 0.895508 0.391602 0.083984 0.060547
0 0.249023 0.675781 0.076172 0.117188
0 0.454102 0.250977 0.052734 0.068359
0 0.770508 0.397461 0.068359 0.080078
0 0.273438 0.432617 0.082031 0.083984
0 0.319336 0.848633 0.091797 0.083984
0 0.090820 0.520508 0.041016 0.048828
0 0.416992 0.069336 0.056641 0.064453
0 0.135742 0.249023 0.060547 0.083984
0 0.333008 0.763672 0.044922 0.074219
0 0.100586 0.389648 0.048828 0.052734
0 0.375977 0.766602 0.048828 0.087891
0 0.440430 0.897461 0.060547 0.048828
0 0.027344 0.091797 0.054688 0.058594
0 0.606445 0.730469 0.072266 0.074219
0 0.057617 0.962891 0.060547 0.058594
0 0.133789 0.549805 0.083984 0.076172
0 0.909180 0.456055 0.087891 0.076172
0 0.659180 0.537109 0.076172 0.066406
0 0.220703 0.786133 0.101562 0.068359
0 0.253906 0.544922 0.070312 0.101562
0 0.808594 0.824219 0.074219 0.144531
0 0.059570 0.163086 0.072266 0.072266
0 0.917969 0.741211 0.105469 0.119141
0 0.695312 0.572266 0.066406 0.066406
0 0.479492 0.332031 0.083984 0.093750
0 0.509766 0.138672 0.074219 0.093750
0 0.440430 0.193359 0.052734 0.054688
0 0.317383 0.191406 0.064453 0.082031
0 0.810547 0.070312 0.054688 0.078125
0 0.774414 0.947266 0.041016 0.097656
0 0.854492 0.322266 0.095703 0.074219
0 0.847656 0.170898 0.070312 0.080078
0 0.718750 0.766602 0.062500 0.076172
0 0.654297 0.864258 0.074219 0.099609
0 0.307617 0.326172 0.091797 0.082031
0 0.765625 0.557617 0.066406 0.052734
0 0.260742 0.174805 0.064453 0.037109
0 0.354492 0.025391 0.087891 0.050781
0 0.500000 0.672852 0.058594 0.134766
0 0.691406 0.964844 0.074219 0.062500
0 0.208984 0.720703 0.074219 0.082031
0 0.226562 0.270508 0.070312 0.083984
0 0.148438 0.338867 0.070312 0.044922
0 0.667969 0.397461 0.074219 0.072266
0 0.414062 0.824219 0.046875 0.058594
0 0.227539 0.093750 0.056641 0.078125
0 0.333008 0.601562 0.068359 0.070312
0 0.364258 0.427734 0.052734 0.066406
0 0.512695 0.466797 0.068359 0.066406
1 0.874023 0.071289 0.044922 0.048828
1 0.916992 0.123047 0.041016 0.054688
1 0.965820 0.178711 0.052734 0.037109
