0 0.251572 0.222716 0.050314 0.046954
0 0.235849 0.269036 0.050314 0.035533
0 0.209906 0.135787 0.048742 0.053299
0 0.243711 0.132614 0.028302 0.052030
0 0.232704 0.183376 0.056604 0.041878
0 0.172170 0.369289 0.058176 0.045685
0 0.188679 0.325508 0.053459 0.036802
0 0.121855 0.364213 0.036164 0.045685
0 0.089623 0.435914 0.047170 0.041878
0 0.239780 0.302030 0.061321 0.038071
0 0.146226 0.136421 0.034591 0.031726
0 0.487421 0.216371 0.037736 0.052030
0 0.521226 0.217005 0.033019 0.030457
0 0.612421 0.320431 0.045597 0.034264
0 0.623428 0.472081 0.026730 0.060914
0 0.934748 0.697970 0.058176 0.030457
0 0.845912 0.579315 0.044025 0.049492
0 0.917453 0.666244 0.036164 0.025381
0 0.903302 0.623096 0.036164 0.048223
0 0.036950 0.541878 0.048742 0.038071
0 0.059748 0.569797 0.031447 0.040609
1 0.121069 0.133249 0.028302 0.025381
1 0.145440 0.079315 0.029874 0.026650
1 0.104560 0.056472 0.033019 0.031726
1 0.133648 0.020305 0.022013 0.025381
1 0.157233 0.175127 0.028302 0.022843
1 0.214623 0.060914 0.029874 0.022843
1 0.269654 0.043782 0.023585 0.021574
1 0.279874 0.070431 0.025157 0.031726
1 0.312107 0.097716 0.026730 0.022843
1 0.321541 0.066624 0.029874 0.024112
1 0.346698 0.125000 0.029874 0.029188
1 0.270440 0.179569 0.028302 0.016497
1 0.272799 0.190990 0.020440 0.016497
1 0.294025 0.206853 0.028302 0.022843
1 0.066038 0.184645 0.022013 0.019036
1 0.244497 0.326142 0.026730 0.025381
1 0.274371 0.298858 0.029874 0.019036
1 0.283805 0.364213 0.036164 0.032995
1 0.301101 0.328680 0.026730 0.022843
1 0.141509 0.425761 0.022013 0.024112
1 0.603774 0.897208 0.022013 0.020305
1 0.593553 0.842005 0.033019 0.026650
1 0.632075 0.958756 0.025157 0.024112
1 0.658805 0.892766 0.037736 0.024112
1 0.599843 0.809645 0.033019 0.017766
1 0.685535 0.916244 0.031447 0.020305
1 0.702044 0.946066 0.023585 0.029188
1 0.634434 0.780457 0.029874 0.027919
1 0.612421 0.740482 0.029874 0.024112
1 0.603774 0.777919 0.025157 0.027919
1 0.579403 0.760152 0.023585 0.025381
1 0.639151 0.812183 0.023585 0.022843
1 0.669025 0.848350 0.029874 0.019036
1 0.669811 0.808376 0.025157 0.022843
1 0.671384 0.784898 0.025157 0.021574
1 0.698899 0.856599 0.023585 0.027919
1 0.715409 0.880711 0.028302 0.020305
1 0.734277 0.928299 0.028302 0.021574
1 0.730346 0.852792 0.023585 0.030457
1 0.722484 0.744289 0.036164 0.031726
1 0.705975 0.782360 0.031447 0.026650
1 0.755503 0.789340 0.029874 0.027919
1 0.760220 0.840736 0.023585 0.024112
1 0.781447 0.925127 0.028302 0.022843
1 0.766509 0.875635 0.033019 0.030457
1 0.731918 0.968274 0.020440 0.017766
1 0.810535 0.925761 0.023585 0.021574
1 0.797956 0.861041 0.026730 0.021574
1 0.807390 0.829315 0.026730 0.024112
1 0.775157 0.763325 0.028302 0.024112
1 0.789308 0.730330 0.028302 0.024112
1 0.809748 0.763959 0.028302 0.025381
1 0.833333 0.800127 0.028302 0.026650
1 0.849843 0.843274 0.026730 0.026650
1 0.838050 0.871827 0.031447 0.022843
1 0.618711 0.917513 0.023585 0.020305
1 0.651730 0.873731 0.026730 0.019036
1 0.670597 0.965736 0.042453 0.027919
1 0.721698 0.905457 0.022013 0.021574
1 0.836478 0.964467 0.031447 0.020305
1 0.842767 0.907360 0.028302 0.022843
1 0.838050 0.931472 0.022013 0.025381
1 0.875000 0.895305 0.026730 0.031726
1 0.873428 0.934010 0.020440 0.020305
1 0.913522 0.955584 0.031447 0.020305
1 0.790881 0.795051 0.025157 0.026650
1 0.806604 0.888959 0.028302 0.019036
1 0.698113 0.714467 0.031447 0.020305
1 0.757862 0.659898 0.037736 0.025381
1 0.727987 0.647208 0.031447 0.022843
1 0.698899 0.612310 0.036164 0.019036
1 0.790881 0.613579 0.022013 0.019036
1 0.815252 0.721447 0.026730 0.019036
1 0.769654 0.689721 0.017296 0.019036
1 0.843553 0.656726 0.020440 0.036802
1 0.532233 0.776650 0.029874 0.020305
1 0.494497 0.764594 0.036164 0.019036
1 0.509434 0.748731 0.053459 0.027919
1 0.516509 0.725254 0.033019 0.019036
1 0.514151 0.657360 0.025157 0.022843
1 0.582547 0.643401 0.033019 0.022843
1 0.618711 0.703680 0.026730 0.024112
1 0.605346 0.665609 0.031447 0.019036
1 0.554245 0.589467 0.029874 0.024112
1 0.526730 0.636421 0.031447 0.016497
1 0.543239 0.616117 0.023585 0.016497
1 0.592767 0.622462 0.028302 0.016497
1 0.602201 0.604061 0.022013 0.020305
1 0.625000 0.642766 0.029874 0.013959
1 0.665881 0.617386 0.029874 0.021574
1 0.495283 0.845178 0.034591 0.035533
1 0.663522 0.703680 0.034591 0.029188
1 0.684748 0.665609 0.033019 0.036802
1 0.421384 0.560279 0.028302 0.026650
1 0.448899 0.535533 0.029874 0.022843
1 0.478774 0.479061 0.029874 0.024112
1 0.482704 0.517132 0.025157 0.021574
1 0.493711 0.548858 0.037736 0.019036
1 0.431604 0.605964 0.029874 0.021574
1 0.467767 0.618655 0.026730 0.026650
1 0.450472 0.583122 0.036164 0.029188
1 0.435535 0.427030 0.037736 0.029188
1 0.513365 0.467640 0.029874 0.036802
1 0.576258 0.535533 0.026730 0.022843
1 0.570755 0.512690 0.025157 0.022843
1 0.613994 0.575508 0.029874 0.029188
1 0.495283 0.394036 0.025157 0.021574
1 0.503145 0.422589 0.022013 0.020305
1 0.612421 0.539975 0.033019 0.016497
1 0.615566 0.520939 0.036164 0.021574
1 0.594340 0.480964 0.022013 0.030457
1 0.691038 0.520939 0.033019 0.021574
1 0.679245 0.567259 0.022013 0.030457
1 0.776730 0.564721 0.031447 0.022843
1 0.540094 0.851523 0.042453 0.020305
1 0.556604 0.894036 0.047170 0.024112
1 0.488994 0.881980 0.028302 0.032995
1 0.459906 0.902284 0.026730 0.025381
1 0.500000 0.958122 0.028302 0.020305
1 0.411950 0.824873 0.028302 0.025381
1 0.419811 0.874365 0.034591 0.022843
1 0.389937 0.923858 0.031447 0.022843
1 0.378931 0.890863 0.031447 0.025381
1 0.377358 0.961929 0.031447 0.017766
1 0.335692 0.764594 0.036164 0.029188
1 0.419025 0.774112 0.033019 0.022843
1 0.399371 0.729061 0.025157 0.024112
1 0.378931 0.717640 0.018868 0.029188
1 0.386792 0.690355 0.022013 0.025381
1 0.343553 0.732868 0.036164 0.026650
1 0.334906 0.477792 0.034591 0.034264
1 0.238208 0.496827 0.026730 0.019036
1 0.338836 0.507614 0.039308 0.017766
1 0.328616 0.435914 0.028302 0.024112
1 0.332547 0.407995 0.023585 0.024112
1 0.353774 0.367386 0.028302 0.024112
1 0.334906 0.348350 0.028302 0.024112
1 0.342767 0.307741 0.025157 0.021574
1 0.359277 0.326777 0.026730 0.026650
1 0.376572 0.459391 0.026730 0.025381
1 0.420597 0.375635 0.026730 0.022843
1 0.358491 0.257614 0.028302 0.022843
1 0.390723 0.272843 0.026730 0.027919
1 0.414308 0.299492 0.033019 0.025381
1 0.376572 0.196066 0.023585 0.026650
1 0.347484 0.223985 0.022013 0.016497
1 0.402516 0.153553 0.034591 0.020305
1 0.423742 0.180203 0.023585 0.035533
1 0.433176 0.274112 0.026730 0.025381
1 0.442610 0.312817 0.026730 0.026650
1 0.493711 0.320431 0.028302 0.021574
1 0.536164 0.315355 0.034591 0.019036
1 0.574686 0.260152 0.023585 0.017766
1 0.577830 0.235406 0.036164 0.021574
1 0.625786 0.258249 0.031447 0.024112
1 0.374214 0.399746 0.037736 0.025381
1 0.279088 0.467005 0.023585 0.022843
1 0.186321 0.019670 0.029874 0.024112
1 0.443396 0.085025 0.037736 0.035533
1 0.437893 0.022208 0.033019 0.024112
1 0.441038 0.043147 0.020440 0.017766
1 0.381289 0.105330 0.026730 0.025381
1 0.080189 0.274112 0.037736 0.035533
1 0.531447 0.154188 0.037736 0.046954
1 0.697327 0.336294 0.033019 0.022843
1 0.716195 0.356599 0.026730 0.022843
1 0.664308 0.745558 0.042453 0.031726
1 0.246069 0.785533 0.029874 0.035533
1 0.338050 0.878173 0.025157 0.020305
1 0.263365 0.864848 0.023585 0.021574
1 0.261006 0.831853 0.028302 0.034264
1 0.303459 0.720178 0.050314 0.041878
1 0.276730 0.664975 0.031447 0.025381
1 0.356918 0.546954 0.034591 0.045685
1 0.386792 0.615482 0.034591 0.030457
1 0.404874 0.478426 0.036164 0.030457
1 0.460692 0.359772 0.031447 0.029188
1 0.913522 0.730964 0.034591 0.022843
1 0.933176 0.805838 0.033019 0.035533
1 0.867925 0.736675 0.025157 0.029188
1 0.800314 0.668147 0.031447 0.024112
1 0.642296 0.668782 0.033019 0.020305
1 0.651730 0.436548 0.029874 0.017766
1 0.681604 0.308376 0.039308 0.027919
1 0.343553 0.918147 0.023585 0.016497
1 0.304245 0.909264 0.017296 0.024112
1 0.299528 0.879442 0.023585 0.022843
1 0.646226 0.563452 0.025157 0.027919
1 0.628145 0.615482 0.026730 0.022843
1 0.164308 0.701142 0.023585 0.021574
1 0.161164 0.797589 0.026730 0.024112
1 0.127358 0.668147 0.025157 0.031726
1 0.297170 0.565355 0.025157 0.031726
1 0.202830 0.520305 0.031447 0.025381
1 0.121855 0.555838 0.026730 0.027919
1 0.191038 0.478426 0.029874 0.022843
1 0.415881 0.231599 0.023585 0.029188
1 0.350629 0.173858 0.028302 0.025381
1 0.353774 0.199239 0.018868 0.020305
1 0.459119 0.934645 0.028302 0.019036
1 0.458333 0.955584 0.020440 0.020305
1 0.511792 0.911802 0.026730 0.021574
1 0.527516 0.989213 0.023585 0.021574
1 0.555031 0.984772 0.025157 0.022843
1 0.286950 0.777284 0.017296 0.026650
1 0.412736 0.668782 0.017296 0.017766
1 0.895440 0.229061 0.026730 0.019036
1 0.942610 0.131345 0.026730 0.019036
1 0.911950 0.298858 0.022013 0.019036
1 0.978774 0.324873 0.023585 0.022843
1 0.349057 0.010787 0.022013 0.019036
1 0.310535 0.022843 0.036164 0.027919
1 0.346698 0.079315 0.020440 0.016497
1 0.753931 0.724619 0.020440 0.017766
1 0.738994 0.610406 0.028302 0.020305
1 0.205975 0.594543 0.037736 0.029188
1 0.315252 0.620558 0.014151 0.012690
1 0.387579 0.439086 0.026730 0.015228
1 0.441038 0.395939 0.020440 0.015228
1 0.471698 0.291878 0.025157 0.022843
1 0.547956 0.095812 0.048742 0.029188
1 0.543239 0.022843 0.036164 0.022843
1 0.588050 0.066624 0.031447 0.021574
1 0.639151 0.231599 0.029874 0.024112
1 0.669025 0.238579 0.026730 0.038071
1 0.073113 0.743020 0.023585 0.024112
1 0.121069 0.890228 0.025157 0.024112
1 0.129717 0.091371 0.033019 0.027919
1 0.172170 0.065990 0.029874 0.025381
1 0.245283 0.029188 0.018868 0.020305
1 0.342767 0.899746 0.025157 0.022843
1 0.232704 0.976523 0.025157 0.029188
1 0.393082 0.747462 0.018868 0.017766
1 0.778302 0.809645 0.018868 0.017766
1 0.753931 0.819162 0.026730 0.021574
1 0.623428 0.862944 0.023585 0.020305
1 0.642296 0.918147 0.017296 0.013959
1 0.755503 0.893401 0.029874 0.015228
1 0.786950 0.983503 0.023585 0.025381
1 0.507075 0.932741 0.020440 0.017766
1 0.487421 0.909264 0.022013 0.013959
1 0.537736 0.958756 0.034591 0.029188
1 0.386006 0.816624 0.020440 0.013959
1 0.401730 0.853426 0.026730 0.024112
1 0.469340 0.703046 0.033019 0.025381
1 0.794811 0.693528 0.023585 0.019036
1 0.846698 0.694162 0.023585 0.025381
1 0.700472 0.810279 0.023585 0.024112
1 0.891509 0.763959 0.028302 0.022843
1 0.554245 0.730964 0.029874 0.020305
1 0.628931 0.682741 0.022013 0.017766
1 0.725629 0.702411 0.020440 0.011421
1 0.569182 0.666878 0.015723 0.021574
1 0.589623 0.699873 0.018868 0.013959
1 0.473270 0.565990 0.018868 0.022843
1 0.747642 0.512056 0.033019 0.016497
1 0.615566 0.381345 0.020440 0.019036
1 0.633648 0.399746 0.022013 0.017766
1 0.631289 0.413071 0.023585 0.013959
1 0.658019 0.461929 0.023585 0.020305
1 0.698899 0.441624 0.029874 0.022843
1 0.763365 0.283629 0.026730 0.029188
1 0.409591 0.336294 0.020440 0.030457
1 0.286164 0.420051 0.018868 0.017766
1 0.309748 0.390228 0.022013 0.016497
1 0.356918 0.423223 0.022013 0.013959
1 0.389151 0.347081 0.017296 0.021574
1 0.385220 0.389594 0.018868 0.017766
1 0.053459 0.261421 0.022013 0.025381
1 0.818396 0.075508 0.026730 0.021574
1 0.777516 0.131345 0.026730 0.024112
1 0.611635 0.098350 0.025157 0.024112
1 0.990566 0.285533 0.018868 0.020305
1 0.240566 0.578046 0.040881 0.024112
1 0.599057 0.204949 0.028302 0.029188
1 0.595126 0.963832 0.026730 0.019036
1 0.902516 0.112310 0.018868 0.013959
1 0.066038 0.908629 0.022013 0.017766
1 0.821541 0.597716 0.029874 0.045685
1 0.255503 0.634518 0.036164 0.020305
1 0.354560 0.940990 0.036164 0.026650
1 0.768082 0.623731 0.020440 0.016497
1 0.724843 0.669416 0.018868 0.016497
1 0.562107 0.335660 0.020440 0.016497
1 0.399371 0.055203 0.025157 0.024112
1 0.546384 0.708122 0.055031 0.015228
2 0.655660 0.973985 0.037736 0.026650
