0 0.081435 0.072954 0.035308 0.056940
0 0.038155 0.098754 0.021640 0.040925
0 0.044419 0.151246 0.031891 0.056940
0 0.084852 0.132562 0.035308 0.048043
0 0.085421 0.179715 0.029613 0.056940
0 0.097950 0.249110 0.029613 0.046263
0 0.115604 0.163701 0.030752 0.060498
0 0.145216 0.339858 0.033030 0.060498
0 0.161731 0.150356 0.036446 0.040925
0 0.085991 0.366548 0.030752 0.049822
0 0.072323 0.572064 0.030752 0.044484
0 0.072893 0.621886 0.029613 0.048043
0 0.107631 0.628114 0.033030 0.046263
0 0.145786 0.556940 0.047836 0.060498
0 0.161162 0.445730 0.033030 0.058719
0 0.101367 0.753559 0.027335 0.051601
0 0.131549 0.734875 0.028474 0.060498
0 0.141230 0.803381 0.034169 0.062278
0 0.150911 0.710854 0.035308 0.051601
0 0.102506 0.685943 0.031891 0.055160
0 0.132118 0.677936 0.031891 0.049822
0 0.195900 0.822954 0.038724 0.051601
0 0.203872 0.959075 0.036446 0.060498
0 0.052392 0.961744 0.029613 0.048043
0 0.247153 0.036477 0.036446 0.040925
0 0.264237 0.280249 0.052392 0.062278
0 0.188497 0.258897 0.035308 0.048043
0 0.205011 0.326512 0.038724 0.058719
0 0.287585 0.369217 0.037585 0.065836
0 0.289294 0.088078 0.061503 0.051601
0 0.294419 0.242883 0.030752 0.044484
0 0.328018 0.291815 0.045558 0.064057
0 0.347380 0.351423 0.047836 0.072954
0 0.224943 0.512456 0.042141 0.071174
0 0.232346 0.579181 0.031891 0.037367
0 0.234055 0.621886 0.037585 0.055160
0 0.242027 0.691281 0.033030 0.051601
0 0.255125 0.850534 0.029613 0.067616
0 0.276196 0.901246 0.035308 0.069395
0 0.289863 0.750000 0.033030 0.065836
0 0.322893 0.844306 0.030752 0.069395
0 0.367312 0.839858 0.033030 0.056940
0 0.380979 0.936833 0.028474 0.051601
0 0.343394 0.934164 0.048975 0.074733
0 0.408314 0.795374 0.028474 0.049822
0 0.437358 0.833630 0.036446 0.065836
0 0.469248 0.815836 0.034169 0.069395
0 0.399772 0.693950 0.041002 0.049822
0 0.436788 0.731317 0.033030 0.053381
0 0.456720 0.684164 0.045558 0.051601
0 0.502278 0.923488 0.034169 0.035587
0 0.624715 0.959964 0.039863 0.076512
0 0.543850 0.919039 0.026196 0.055160
0 0.832005 0.815836 0.035308 0.062278
0 0.876424 0.915480 0.028474 0.051601
0 0.914009 0.944840 0.039863 0.060498
0 0.931663 0.894128 0.041002 0.055160
0 0.964692 0.940391 0.034169 0.051601
0 0.969818 0.843416 0.039863 0.049822
0 0.714123 0.764235 0.038724 0.055160
0 0.703303 0.822954 0.037585 0.058719
0 0.746014 0.812278 0.027335 0.055160
0 0.769362 0.763345 0.028474 0.053381
0 0.586560 0.845196 0.022779 0.053381
0 0.630410 0.726868 0.035308 0.069395
0 0.629841 0.633452 0.038724 0.056940
0 0.640661 0.803381 0.033030 0.044484
0 0.670273 0.666370 0.028474 0.048043
0 0.693052 0.524911 0.030752 0.053381
0 0.735194 0.549822 0.033030 0.067616
0 0.732916 0.419929 0.030752 0.064057
0 0.589977 0.329181 0.029613 0.046263
0 0.656606 0.270463 0.039863 0.056940
0 0.412301 0.125445 0.036446 0.044484
0 0.408314 0.169039 0.042141 0.049822
0 0.432232 0.255338 0.037585 0.065836
0 0.463554 0.365658 0.050114 0.069395
0 0.408884 0.360320 0.038724 0.044484
0 0.443622 0.315836 0.035308 0.044484
0 0.478929 0.225979 0.030752 0.035587
0 0.510251 0.326512 0.029613 0.065836
0 0.280182 0.439502 0.031891 0.060498
0 0.313781 0.542705 0.058087 0.081851
0 0.273349 0.524911 0.034169 0.085409
0 0.341686 0.619217 0.034169 0.049822
0 0.367882 0.611210 0.027335 0.058719
0 0.404328 0.587189 0.034169 0.060498
0 0.414009 0.517794 0.035308 0.064057
0 0.383827 0.408363 0.034169 0.051601
0 0.462415 0.486655 0.038724 0.048043
0 0.505695 0.508007 0.029613 0.051601
0 0.519362 0.573843 0.036446 0.058719
0 0.560934 0.305160 0.026196 0.076512
0 0.503417 0.100534 0.029613 0.033808
0 0.529613 0.062278 0.045558 0.046263
0 0.149203 0.101423 0.034169 0.049822
0 0.087699 0.460854 0.034169 0.056940
0 0.054670 0.898577 0.034169 0.056940
0 0.513667 0.814947 0.027335 0.053381
0 0.724374 0.236655 0.031891 0.049822
0 0.470387 0.020463 0.041002 0.037367
0 0.888383 0.291815 0.029613 0.042705
0 0.917426 0.374555 0.026196 0.040925
0 0.695330 0.279359 0.026196 0.046263
0 0.710137 0.379004 0.021640 0.053381
0 0.812073 0.510676 0.029613 0.053381
0 0.686788 0.408363 0.034169 0.051601
0 0.571754 0.168149 0.025057 0.044484
0 0.593964 0.141459 0.023918 0.037367
0 0.601367 0.102313 0.020501 0.044484
0 0.479499 0.069395 0.031891 0.039146
0 0.558087 0.034698 0.027335 0.040925
0 0.601367 0.069395 0.018223 0.039146
0 0.519932 0.176157 0.028474 0.046263
0 0.541002 0.159253 0.025057 0.048043
0 0.527904 0.089858 0.030752 0.037367
0 0.568337 0.106762 0.022779 0.028470
0 0.622437 0.331851 0.026196 0.037367
0 0.280182 0.160142 0.031891 0.053381
0 0.408884 0.223310 0.031891 0.044484
0 0.349658 0.214413 0.041002 0.044484
0 0.238041 0.083630 0.025057 0.035587
0 0.145216 0.233096 0.035308 0.049822
0 0.197608 0.580071 0.021640 0.042705
0 0.294989 0.672598 0.034169 0.064057
0 0.265376 0.702847 0.036446 0.067616
0 0.382118 0.662811 0.046697 0.058719
0 0.346811 0.736655 0.030752 0.056940
0 0.269932 0.812278 0.034169 0.051601
0 0.079727 0.930605 0.022779 0.035587
0 0.201595 0.884342 0.027335 0.053381
0 0.389522 0.878114 0.022779 0.048043
0 0.563212 0.741103 0.026196 0.055160
0 0.765376 0.582740 0.025057 0.040925
0 0.777904 0.676157 0.029613 0.046263
0 0.747722 0.667260 0.023918 0.046263
0 0.365034 0.551601 0.042141 0.064057
0 0.329157 0.161922 0.047836 0.060498
0 0.557517 0.971530 0.028474 0.046263
0 0.846811 0.973310 0.042141 0.049822
0 0.427677 0.976868 0.028474 0.042705
0 0.092255 0.529359 0.038724 0.048043
0 0.113895 0.510676 0.027335 0.053381
0 0.517084 0.282028 0.018223 0.030249
0 0.721526 0.327402 0.019362 0.028470
0 0.513667 0.677046 0.027335 0.030249
0 0.098519 0.023132 0.037585 0.039146
0 0.790433 0.467082 0.020501 0.055160
0 0.971526 0.883452 0.038724 0.040925
0 0.936219 0.975089 0.027335 0.049822
0 0.875854 0.772242 0.041002 0.053381
0 0.701595 0.584520 0.020501 0.033808
0 0.049544 0.225089 0.033030 0.058719
0 0.157745 0.775801 0.030752 0.049822
0 0.191344 0.617438 0.034169 0.042705
0 0.792141 0.895018 0.021640 0.060498
0 0.201025 0.664591 0.028474 0.055160
0 0.170843 0.657473 0.036446 0.062278
1 0.765376 0.188612 0.022779 0.032028
1 0.645216 0.369217 0.021640 0.023132
1 0.636674 0.392349 0.015945 0.026690
2 0.887244 0.209964 0.036446 0.060498
2 0.933941 0.290925 0.027335 0.055160
2 0.928815 0.224199 0.028474 0.049822
2 0.868451 0.067616 0.033030 0.046263
2 0.904328 0.324733 0.025057 0.040925
2 0.932802 0.180605 0.029613 0.040925
2 0.911731 0.121886 0.028474 0.048043
2 0.962415 0.254448 0.029613 0.046263
2 0.961276 0.307829 0.029613 0.053381
