0 0.127090 0.125000 0.060201 0.062977
0 0.135452 0.065840 0.056856 0.062977
0 0.172241 0.029580 0.053512 0.055344
0 0.053512 0.229962 0.060201 0.062977
0 0.280936 0.183206 0.046823 0.061069
0 0.316890 0.145038 0.045151 0.049618
0 0.363712 0.124046 0.048495 0.041985
0 0.396321 0.091603 0.046823 0.049618
0 0.417224 0.061069 0.045151 0.041985
0 0.230769 0.256679 0.043478 0.051527
0 0.220736 0.309160 0.043478 0.057252
0 0.203177 0.346374 0.038462 0.055344
0 0.253344 0.358779 0.031773 0.041985
0 0.229097 0.391221 0.043478 0.057252
0 0.191472 0.419847 0.045151 0.034351
0 0.119565 0.481870 0.038462 0.055344
0 0.297659 0.389313 0.046823 0.053435
0 0.343645 0.377863 0.045151 0.038168
0 0.436455 0.353053 0.050167 0.061069
0 0.484114 0.312023 0.048495 0.051527
0 0.486622 0.373092 0.040134 0.043893
0 0.535953 0.312977 0.051839 0.049618
0 0.556856 0.271947 0.043478 0.051527
0 0.250836 0.561069 0.043478 0.057252
0 0.215719 0.627863 0.050167 0.057252
0 0.131271 0.657443 0.048495 0.047710
0 0.071070 0.656489 0.051839 0.064885
0 0.077759 0.743321 0.045151 0.051527
0 0.107860 0.706107 0.031773 0.061069
0 0.032609 0.719466 0.045151 0.057252
0 0.066054 0.806298 0.058528 0.059160
0 0.315217 0.504771 0.035117 0.051527
0 0.339465 0.479008 0.026756 0.045802
0 0.142140 0.860687 0.050167 0.064885
0 0.110368 0.897901 0.050167 0.051527
0 0.148829 0.939885 0.050167 0.062977
0 0.198997 0.916031 0.040134 0.064885
0 0.252508 0.895992 0.026756 0.032443
0 0.326087 0.672710 0.060201 0.047710
0 0.342809 0.766221 0.063545 0.055344
0 0.392140 0.734733 0.058528 0.061069
0 0.314381 0.853053 0.056856 0.041985
0 0.413043 0.861641 0.053512 0.047710
0 0.306020 0.891221 0.056856 0.053435
0 0.272575 0.979008 0.046823 0.041985
0 0.342809 0.950382 0.050167 0.061069
0 0.355351 0.899809 0.038462 0.040076
0 0.267559 0.937977 0.020067 0.040076
0 0.462375 0.687023 0.048495 0.053435
0 0.495819 0.672710 0.031773 0.036260
0 0.510033 0.713740 0.036789 0.049618
0 0.561873 0.667939 0.046823 0.061069
0 0.556020 0.719466 0.051839 0.053435
0 0.610368 0.669847 0.050167 0.061069
0 0.653010 0.679389 0.045151 0.061069
0 0.635452 0.621183 0.070234 0.055344
0 0.688127 0.652672 0.038462 0.064885
0 0.689799 0.583969 0.045151 0.061069
0 0.700669 0.701336 0.043478 0.047710
0 0.724916 0.779580 0.061873 0.062977
0 0.731605 0.836832 0.058528 0.059160
0 0.521739 0.622137 0.043478 0.038168
0 0.577759 0.616412 0.038462 0.030534
0 0.935619 0.783397 0.051839 0.066794
0 0.964047 0.682252 0.031773 0.040076
0 0.797659 0.816794 0.036789 0.053435
0 0.847826 0.584924 0.053512 0.062977
0 0.874582 0.636450 0.026756 0.051527
0 0.768395 0.537214 0.045151 0.059160
0 0.799331 0.437023 0.056856 0.057252
0 0.848662 0.384542 0.048495 0.070611
0 0.845318 0.503817 0.051839 0.080153
0 0.757525 0.367366 0.050167 0.059160
0 0.850334 0.294847 0.048495 0.062977
0 0.977425 0.282443 0.041806 0.053435
0 0.920569 0.212786 0.051839 0.059160
0 0.629599 0.250000 0.048495 0.057252
0 0.596154 0.268130 0.041806 0.059160
0 0.650502 0.203244 0.053512 0.055344
0 0.640468 0.150763 0.050167 0.053435
0 0.648829 0.056298 0.050167 0.066794
0 0.821906 0.229962 0.065217 0.051527
0 0.817726 0.182252 0.050167 0.055344
0 0.796823 0.135496 0.055184 0.053435
0 0.763378 0.091603 0.051839 0.053435
0 0.726589 0.049618 0.051839 0.061069
0 0.499164 0.024809 0.048495 0.045802
0 0.500000 0.572519 0.066890 0.045802
0 0.438963 0.505725 0.031773 0.057252
0 0.543478 0.389313 0.043478 0.038168
0 0.110368 0.208969 0.036789 0.051527
0 0.124582 0.380725 0.025084 0.040076
0 0.147157 0.302481 0.030100 0.040076
0 0.236622 0.023855 0.048495 0.040076
0 0.683110 0.737595 0.051839 0.043893
0 0.677258 0.782443 0.046823 0.045802
0 0.710702 0.877863 0.046823 0.053435
0 0.718227 0.937023 0.035117 0.061069
0 0.975753 0.575382 0.045151 0.070611
0 0.940635 0.599237 0.045151 0.068702
1 0.879599 0.864504 0.040134 0.038168
1 0.494983 0.811069 0.033445 0.038168
1 0.507525 0.869275 0.028428 0.043893
1 0.547659 0.449427 0.035117 0.036260
1 0.590301 0.409351 0.023411 0.036260
1 0.440635 0.557252 0.035117 0.038168
1 0.409699 0.632634 0.023411 0.032443
1 0.421405 0.649809 0.030100 0.032443
1 0.032609 0.110687 0.025084 0.041985
1 0.071070 0.155534 0.031773 0.040076
1 0.121237 0.264313 0.025084 0.051527
1 0.112876 0.327290 0.028428 0.043893
1 0.183946 0.195611 0.026756 0.028626
1 0.240803 0.081107 0.036789 0.032443
1 0.294314 0.053435 0.046823 0.030534
1 0.309365 0.082061 0.030100 0.030534
1 0.285953 0.769084 0.033445 0.053435
1 0.122074 0.787214 0.023411 0.043893
1 0.192308 0.690840 0.040134 0.026718
