0 0.091257 0.023627 0.031694 0.026820
0 0.128962 0.047893 0.032787 0.029374
0 0.180328 0.061941 0.028415 0.026820
0 0.204918 0.065134 0.022951 0.035760
0 0.237158 0.095785 0.019672 0.033206
0 0.260109 0.077267 0.015301 0.024266
0 0.238798 0.134100 0.018579 0.033206
0 0.219672 0.176245 0.024044 0.038314
0 0.191257 0.217114 0.028415 0.028097
0 0.109290 0.238186 0.030601 0.029374
0 0.136066 0.249042 0.033880 0.030651
0 0.044262 0.254789 0.029508 0.031928
0 0.021858 0.270754 0.026230 0.038314
0 0.046448 0.355045 0.029508 0.033206
0 0.168852 0.371648 0.027322 0.028097
0 0.077596 0.196679 0.028415 0.033206
0 0.214208 0.263729 0.030601 0.037037
0 0.192896 0.288633 0.016393 0.035760
0 0.032787 0.531290 0.028415 0.030651
0 0.057923 0.570881 0.026230 0.030651
0 0.061202 0.647510 0.026230 0.040868
0 0.040437 0.688378 0.028415 0.038314
0 0.084153 0.681992 0.026230 0.038314
0 0.110929 0.714559 0.020765 0.021711
0 0.162842 0.729885 0.028415 0.031928
0 0.135519 0.743295 0.028415 0.033206
0 0.187432 0.670498 0.027322 0.033206
0 0.218579 0.631545 0.026230 0.037037
0 0.154645 0.583653 0.027322 0.033206
0 0.165027 0.530651 0.026230 0.029374
0 0.201639 0.568327 0.025137 0.030651
0 0.084699 0.531290 0.027322 0.020434
0 0.231694 0.371648 0.028415 0.033206
0 0.196721 0.401022 0.028415 0.038314
0 0.340984 0.360792 0.021858 0.037037
0 0.370492 0.365900 0.026230 0.039591
0 0.384699 0.393997 0.021858 0.031928
0 0.364481 0.415070 0.025137 0.035760
0 0.415847 0.294381 0.025137 0.031928
0 0.377049 0.289911 0.026230 0.040868
0 0.398361 0.251596 0.012022 0.022989
0 0.411475 0.213921 0.018579 0.037037
0 0.269945 0.487867 0.026230 0.035760
0 0.296175 0.464879 0.028415 0.030651
0 0.362295 0.507663 0.027322 0.031928
0 0.391257 0.540868 0.026230 0.034483
0 0.398361 0.593231 0.031694 0.042146
0 0.233333 0.663474 0.025137 0.031928
0 0.400000 0.660281 0.028415 0.035760
0 0.370492 0.683269 0.024044 0.030651
0 0.363388 0.719029 0.022951 0.033206
0 0.399454 0.699234 0.027322 0.031928
0 0.473770 0.655172 0.025137 0.035760
0 0.093443 0.970626 0.022951 0.028097
0 0.113115 0.880587 0.029508 0.037037
0 0.105464 0.912516 0.027322 0.031928
0 0.163934 0.863346 0.037158 0.030651
0 0.214754 0.864623 0.029508 0.028097
0 0.196721 0.927842 0.030601 0.034483
0 0.261749 0.931034 0.025137 0.033206
0 0.248087 0.895913 0.026230 0.026820
0 0.292350 0.890805 0.022951 0.029374
0 0.437705 0.845466 0.027322 0.033206
0 0.324044 0.778416 0.025137 0.029374
0 0.367760 0.777139 0.027322 0.044700
0 0.297268 0.791188 0.024044 0.021711
0 0.276503 0.747765 0.026230 0.034483
0 0.349180 0.756066 0.029508 0.030651
0 0.365574 0.926564 0.027322 0.031928
0 0.383060 0.954662 0.025137 0.029374
0 0.357923 0.982759 0.029508 0.031928
0 0.530601 0.885696 0.031694 0.039591
0 0.563934 0.950830 0.034973 0.034483
0 0.603279 0.942529 0.024044 0.025543
0 0.632240 0.938697 0.031694 0.033206
0 0.659016 0.869732 0.024044 0.033206
0 0.659563 0.828225 0.022951 0.034483
0 0.645355 0.789911 0.027322 0.039591
0 0.500000 0.948914 0.027322 0.035760
0 0.502732 0.913155 0.017486 0.040868
0 0.585246 0.761175 0.029508 0.028097
0 0.596175 0.672414 0.027322 0.031928
0 0.667760 0.674968 0.021858 0.037037
0 0.714754 0.828225 0.026230 0.031928
0 0.720219 0.879949 0.032787 0.035760
0 0.801093 0.978289 0.028415 0.033206
0 0.828962 0.924649 0.022951 0.038314
0 0.840437 0.980843 0.028415 0.035760
0 0.861749 0.958493 0.029508 0.031928
0 0.904372 0.916347 0.029508 0.037037
0 0.928415 0.886335 0.031694 0.040868
0 0.871038 0.869093 0.024044 0.024266
0 0.893443 0.847382 0.025137 0.029374
0 0.906011 0.816731 0.026230 0.042146
0 0.950273 0.859515 0.014208 0.020434
0 0.975956 0.841635 0.032787 0.033206
0 0.932787 0.793103 0.016393 0.048531
0 0.907104 0.745211 0.028415 0.031928
0 0.986339 0.600894 0.025137 0.029374
0 0.955738 0.611750 0.027322 0.030651
0 0.915847 0.608557 0.034973 0.031928
0 0.834426 0.664751 0.027322 0.037037
0 0.814754 0.631545 0.029508 0.031928
0 0.788525 0.604725 0.033880 0.031928
0 0.717486 0.583653 0.031694 0.035760
0 0.774317 0.491699 0.025137 0.033206
0 0.745355 0.490421 0.030601 0.045977
0 0.712568 0.485313 0.028415 0.038314
0 0.634973 0.164112 0.028415 0.029374
0 0.690710 0.143040 0.028415 0.028097
0 0.726776 0.128991 0.030601 0.033206
0 0.751366 0.091315 0.027322 0.034483
0 0.796721 0.129630 0.021858 0.029374
0 0.796175 0.159642 0.022951 0.020434
0 0.792350 0.197957 0.021858 0.040868
0 0.684153 0.224777 0.032787 0.035760
0 0.655191 0.208812 0.031694 0.029374
0 0.616940 0.206258 0.033880 0.031928
0 0.726230 0.277139 0.025137 0.035760
0 0.727869 0.303321 0.024044 0.026820
0 0.792350 0.280332 0.030601 0.044700
0 0.542623 0.238186 0.027322 0.037037
0 0.557923 0.203065 0.031694 0.038314
0 0.578142 0.309068 0.026230 0.035760
0 0.548087 0.307152 0.020765 0.037037
0 0.585792 0.349298 0.028415 0.037037
0 0.549180 0.353129 0.018579 0.019157
0 0.847541 0.037676 0.031694 0.024266
0 0.859016 0.065773 0.030601 0.031928
0 0.832240 0.105364 0.029508 0.037037
0 0.973224 0.083653 0.031694 0.039591
0 0.761749 0.024904 0.028415 0.029374
0 0.761749 0.062580 0.028415 0.035760
0 0.986885 0.220945 0.021858 0.030651
0 0.967760 0.249681 0.029508 0.029374
0 0.961202 0.220945 0.025137 0.028097
0 0.944262 0.297573 0.026230 0.035760
0 0.889071 0.290549 0.027322 0.037037
0 0.915301 0.213921 0.018579 0.024266
0 0.821311 0.342273 0.025137 0.022989
0 0.828415 0.370370 0.024044 0.025543
0 0.881967 0.393359 0.028415 0.038314
0 0.916940 0.406130 0.030601 0.033206
0 0.876503 0.434227 0.030601 0.028097
0 0.878142 0.463602 0.036066 0.028097
0 0.876503 0.492976 0.032787 0.033206
0 0.849180 0.503831 0.028415 0.031928
0 0.958470 0.132822 0.028415 0.030651
0 0.938798 0.153257 0.021858 0.025543
0 0.938798 0.192209 0.019672 0.031928
0 0.914208 0.252874 0.025137 0.028097
0 0.864481 0.338442 0.028415 0.030651
0 0.804918 0.312261 0.031694 0.031928
0 0.759016 0.348020 0.025137 0.034483
0 0.774317 0.400383 0.029508 0.039591
0 0.779235 0.441252 0.026230 0.031928
0 0.630601 0.532567 0.024044 0.040868
0 0.628962 0.593870 0.027322 0.040868
0 0.644262 0.559387 0.022951 0.035760
0 0.624590 0.409962 0.027322 0.035760
0 0.515847 0.439974 0.026230 0.034483
0 0.496721 0.489144 0.020765 0.040868
0 0.497814 0.563218 0.020765 0.033206
0 0.491257 0.530013 0.022951 0.028097
0 0.471585 0.524266 0.016393 0.029374
0 0.236066 0.961047 0.021858 0.026820
0 0.321858 0.877395 0.018579 0.025543
0 0.209290 0.720307 0.027322 0.033206
0 0.249727 0.694764 0.022951 0.028097
0 0.207104 0.781609 0.029508 0.025543
0 0.178689 0.763091 0.029508 0.031928
0 0.166667 0.830140 0.027322 0.020434
0 0.210383 0.445083 0.027322 0.037037
0 0.540984 0.027458 0.024044 0.031928
0 0.510383 0.063857 0.030601 0.040868
0 0.475956 0.104087 0.031694 0.037037
0 0.501639 0.153257 0.028415 0.033206
0 0.475956 0.017880 0.033880 0.033206
0 0.422404 0.031928 0.029508 0.038314
0 0.390710 0.026181 0.027322 0.031928
0 0.446995 0.045338 0.024044 0.029374
0 0.301093 0.155811 0.031694 0.035760
0 0.264481 0.191571 0.026230 0.038314
0 0.239344 0.226692 0.028415 0.034483
0 0.464481 0.425287 0.026230 0.028097
0 0.443716 0.448914 0.028415 0.024266
0 0.691803 0.615581 0.026230 0.033206
0 0.680328 0.931673 0.022951 0.024266
0 0.680874 0.961047 0.032787 0.037037
0 0.067760 0.718391 0.017486 0.031928
0 0.015847 0.612388 0.022951 0.044700
0 0.854098 0.547254 0.033880 0.039591
0 0.055738 0.105364 0.026230 0.026820
0 0.251913 0.023627 0.025137 0.026820
0 0.308197 0.022350 0.030601 0.031928
0 0.572131 0.033206 0.036066 0.030651
0 0.050273 0.906769 0.026230 0.025543
0 0.031148 0.888889 0.025137 0.033206
0 0.462295 0.732439 0.026230 0.034483
0 0.571585 0.698595 0.030601 0.038314
0 0.690164 0.734994 0.022951 0.037037
0 0.502732 0.365900 0.024044 0.037037
1 0.032787 0.604725 0.021858 0.031928
1 0.188525 0.473180 0.022951 0.024266
1 0.218033 0.317369 0.020765 0.029374
1 0.143716 0.340358 0.022951 0.029374
1 0.101093 0.326948 0.025137 0.020434
1 0.032240 0.396552 0.020765 0.026820
