0 0.917526 0.910405 0.175258 0.121387
1 0.061856 0.794798 0.082474 0.098266
1 0.353093 0.806358 0.087629 0.121387
1 0.556701 0.815029 0.082474 0.115607
1 0.494845 0.924855 0.072165 0.104046
1 0.402062 0.656069 0.072165 0.098266
1 0.657216 0.569364 0.077320 0.109827
1 0.525773 0.609827 0.113402 0.086705
1 0.827320 0.719653 0.077320 0.109827
1 0.711340 0.667630 0.113402 0.086705
1 0.654639 0.820809 0.082474 0.127168
1 0.724227 0.158960 0.067010 0.086705
1 0.804124 0.167630 0.061856 0.080925
1 0.721649 0.315029 0.092784 0.098266
1 0.896907 0.604046 0.092784 0.121387
1 0.817010 0.104046 0.067010 0.080925
1 0.917526 0.069364 0.082474 0.092486
1 0.865979 0.034682 0.072165 0.069364
2 0.399485 0.231214 0.159794 0.150289
