0 0.036836 0.035491 0.026002 0.058455
0 0.089924 0.101253 0.034670 0.064718
0 0.118093 0.054280 0.026002 0.045929
0 0.068256 0.082463 0.028169 0.056367
0 0.050921 0.140919 0.028169 0.056367
0 0.050379 0.199374 0.031419 0.048017
0 0.039003 0.250522 0.028169 0.041754
0 0.034128 0.293319 0.027086 0.035491
0 0.025460 0.335073 0.031419 0.035491
0 0.091549 0.401879 0.029252 0.048017
0 0.088299 0.343424 0.029252 0.052192
0 0.112134 0.314196 0.031419 0.048017
0 0.120260 0.268267 0.036836 0.039666
0 0.136511 0.205637 0.019502 0.060543
0 0.157096 0.157620 0.019502 0.052192
0 0.184182 0.104384 0.015168 0.045929
0 0.195558 0.041754 0.031419 0.066806
0 0.134345 0.389353 0.030336 0.056367
0 0.151679 0.410230 0.021668 0.056367
0 0.176056 0.393528 0.022752 0.064718
0 0.213976 0.416493 0.024919 0.048017
0 0.250813 0.407098 0.020585 0.050104
0 0.219935 0.308977 0.021668 0.054280
0 0.222102 0.246347 0.021668 0.041754
0 0.199350 0.263048 0.019502 0.041754
0 0.212351 0.213987 0.023835 0.039666
0 0.274106 0.312109 0.023835 0.048017
0 0.284940 0.236952 0.028169 0.064718
0 0.271398 0.112735 0.024919 0.054280
0 0.316360 0.300626 0.028169 0.045929
0 0.343445 0.343424 0.021668 0.039666
0 0.462080 0.096033 0.027086 0.050104
0 0.437703 0.304802 0.028169 0.054280
0 0.349404 0.146138 0.024919 0.050104
0 0.395991 0.154489 0.024919 0.054280
0 0.424702 0.167015 0.021668 0.058455
0 0.360780 0.291232 0.023835 0.039666
0 0.390033 0.386221 0.028169 0.050104
0 0.472373 0.301670 0.021668 0.035491
0 0.482124 0.249478 0.026002 0.048017
0 0.506501 0.131524 0.029252 0.050104
0 0.491874 0.206681 0.019502 0.041754
0 0.578007 0.099165 0.024919 0.043841
0 0.673889 0.041754 0.039003 0.062630
0 0.509751 0.343424 0.029252 0.043841
0 0.565005 0.264092 0.029252 0.060543
0 0.581798 0.229645 0.028169 0.050104
0 0.529794 0.276618 0.023835 0.064718
0 0.582340 0.344468 0.027086 0.050104
0 0.538462 0.362213 0.026002 0.027140
0 0.531961 0.405010 0.026002 0.045929
0 0.535211 0.434238 0.026002 0.045929
0 0.495666 0.445720 0.027086 0.048017
0 0.509751 0.485386 0.016251 0.035491
0 0.561213 0.448852 0.026002 0.050104
0 0.610509 0.466597 0.024919 0.060543
0 0.633803 0.439457 0.028169 0.052192
0 0.637053 0.391441 0.019502 0.035491
0 0.627844 0.288100 0.024919 0.045929
0 0.650054 0.300626 0.026002 0.050104
0 0.676056 0.336117 0.023835 0.050104
0 0.723727 0.331942 0.021668 0.041754
0 0.745395 0.277662 0.023835 0.050104
0 0.774648 0.353862 0.023835 0.048017
0 0.770856 0.248434 0.018418 0.054280
0 0.810943 0.264092 0.024919 0.039666
0 0.818527 0.305846 0.020585 0.048017
0 0.784940 0.196242 0.018418 0.041754
0 0.784399 0.096033 0.021668 0.045929
0 0.835320 0.196242 0.023835 0.050104
0 0.849404 0.147182 0.023835 0.048017
0 0.845070 0.070981 0.010834 0.045929
0 0.739978 0.034447 0.030336 0.052192
0 0.871073 0.037578 0.026002 0.041754
0 0.875406 0.137787 0.030336 0.041754
0 0.862405 0.224426 0.030336 0.039666
0 0.872698 0.270355 0.011918 0.039666
0 0.949079 0.204593 0.023835 0.037578
0 0.982124 0.205637 0.024919 0.039666
0 0.968581 0.246347 0.017335 0.033403
0 0.814735 0.377871 0.021668 0.045929
0 0.749729 0.427975 0.026002 0.033403
0 0.877031 0.351775 0.024919 0.048017
0 0.886782 0.412317 0.022752 0.043841
0 0.904117 0.341336 0.018418 0.052192
0 0.924160 0.345511 0.017335 0.056367
0 0.980498 0.306889 0.015168 0.033403
0 0.913326 0.477035 0.026002 0.052192
0 0.860780 0.495825 0.024919 0.048017
0 0.848321 0.527140 0.021668 0.035491
0 0.835861 0.559499 0.018418 0.041754
0 0.808234 0.563674 0.023835 0.041754
0 0.873781 0.592902 0.027086 0.050104
0 0.949079 0.606472 0.028169 0.031315
0 0.931744 0.625261 0.026002 0.043841
0 0.913868 0.674322 0.027086 0.050104
0 0.889491 0.698330 0.023835 0.043841
0 0.983749 0.730689 0.021668 0.045929
0 0.861863 0.749478 0.022752 0.045929
0 0.902492 0.802714 0.026002 0.039666
0 0.912784 0.842380 0.027086 0.043841
0 0.939328 0.892484 0.032503 0.052192
0 0.967497 0.918580 0.019502 0.045929
0 0.983749 0.947808 0.013001 0.050104
0 0.828819 0.822547 0.028169 0.041754
0 0.815818 0.782881 0.034670 0.041754
0 0.879740 0.969729 0.026002 0.060543
0 0.937703 0.980167 0.031419 0.031315
0 0.834236 0.945720 0.026002 0.045929
0 0.791441 0.824635 0.014085 0.033403
0 0.773564 0.889353 0.021668 0.070981
0 0.774648 0.970772 0.017335 0.041754
0 0.753521 0.973904 0.016251 0.035491
0 0.705850 0.943633 0.031419 0.058455
0 0.732394 0.922756 0.023835 0.062630
0 0.733478 0.858038 0.021668 0.041754
0 0.677140 0.837161 0.028169 0.045929
0 0.651679 0.794363 0.020585 0.039666
0 0.613218 0.779749 0.028169 0.048017
0 0.681473 0.692067 0.023835 0.048017
0 0.703684 0.664927 0.020585 0.048017
0 0.714518 0.726514 0.024919 0.041754
0 0.738353 0.705637 0.020585 0.050104
0 0.760022 0.676409 0.018418 0.050104
0 0.781148 0.643006 0.019502 0.045929
0 0.667931 0.544885 0.024919 0.050104
0 0.696100 0.581420 0.022752 0.043841
0 0.632719 0.625261 0.023835 0.043841
0 0.627844 0.577244 0.020585 0.052192
0 0.606717 0.566806 0.015168 0.056367
0 0.588299 0.618998 0.026002 0.043841
0 0.544962 0.579332 0.028169 0.043841
0 0.593716 0.875783 0.026002 0.052192
0 0.600758 0.927975 0.031419 0.035491
0 0.662514 0.983299 0.020585 0.033403
0 0.520043 0.971816 0.017335 0.048017
0 0.522752 0.915449 0.024919 0.039666
0 0.528169 0.814196 0.027086 0.045929
0 0.564464 0.830898 0.021668 0.045929
0 0.492416 0.713987 0.024919 0.050104
0 0.490791 0.977035 0.019502 0.029228
0 0.461538 0.942589 0.041170 0.056367
0 0.390033 0.912317 0.017335 0.041754
0 0.373239 0.926931 0.018418 0.041754
0 0.358072 0.863257 0.018418 0.048017
0 0.427952 0.822547 0.021668 0.045929
0 0.467497 0.768267 0.027086 0.045929
0 0.360780 0.767223 0.026002 0.043841
0 0.392199 0.750522 0.028169 0.048017
0 0.420910 0.710856 0.020585 0.035491
0 0.457205 0.677453 0.028169 0.048017
0 0.475623 0.623173 0.026002 0.056367
0 0.476706 0.528184 0.017335 0.050104
0 0.452871 0.562630 0.026002 0.043841
0 0.440953 0.591858 0.023835 0.043841
0 0.428494 0.610647 0.018418 0.048017
0 0.402492 0.631524 0.024919 0.052192
0 0.375406 0.639875 0.024919 0.048017
0 0.436078 0.782881 0.020585 0.037578
0 0.325027 0.871608 0.015168 0.039666
0 0.286566 0.956159 0.018418 0.050104
0 0.289274 0.883090 0.019502 0.058455
0 0.325027 0.625261 0.021668 0.048017
0 0.346696 0.617954 0.023835 0.050104
0 0.290899 0.659708 0.029252 0.075157
0 0.297941 0.709812 0.019502 0.041754
0 0.270856 0.736952 0.019502 0.037578
0 0.113218 0.916493 0.035753 0.045929
0 0.177140 0.915449 0.027086 0.048017
0 0.206934 0.905010 0.021668 0.056367
0 0.202059 0.942589 0.020585 0.056367
0 0.281148 0.784969 0.029252 0.033403
0 0.241603 0.849687 0.019502 0.054280
0 0.208559 0.808977 0.029252 0.048017
0 0.168472 0.776618 0.027086 0.058455
0 0.123510 0.828810 0.028169 0.062630
0 0.097508 0.867432 0.023835 0.035491
0 0.235645 0.667015 0.040087 0.052192
0 0.215060 0.720251 0.027086 0.050104
0 0.202059 0.671190 0.018418 0.052192
0 0.179307 0.685804 0.024919 0.052192
0 0.163055 0.657620 0.031419 0.070981
0 0.170639 0.582463 0.022752 0.050104
0 0.248104 0.493737 0.021668 0.056367
0 0.248104 0.560543 0.023835 0.048017
0 0.142470 0.603340 0.018418 0.037578
0 0.050379 0.753653 0.035753 0.054280
0 0.065005 0.819415 0.021668 0.052192
0 0.036836 0.810021 0.026002 0.050104
0 0.028169 0.836117 0.036836 0.052192
0 0.032503 0.877871 0.021668 0.031315
0 0.031419 0.948852 0.026002 0.035491
0 0.120260 0.507307 0.039003 0.058455
0 0.147887 0.532359 0.029252 0.041754
0 0.582882 0.765136 0.023835 0.031315
0 0.602384 0.717119 0.021668 0.039666
0 0.603467 0.665971 0.021668 0.041754
0 0.554171 0.783925 0.022752 0.031315
0 0.565005 0.956159 0.018418 0.045929
0 0.418743 0.964509 0.022752 0.033403
0 0.244854 0.184760 0.021668 0.039666
0 0.332611 0.252610 0.019502 0.020877
0 0.384615 0.325678 0.023835 0.041754
0 0.729144 0.537578 0.019502 0.039666
0 0.702059 0.477035 0.021668 0.043841
0 0.752979 0.602296 0.019502 0.060543
0 0.932828 0.537578 0.017335 0.035491
0 0.916035 0.546973 0.018418 0.041754
0 0.849946 0.660752 0.020585 0.031315
0 0.797400 0.603340 0.015168 0.033403
0 0.661430 0.607516 0.018418 0.041754
0 0.680932 0.255741 0.022752 0.043841
0 0.699350 0.353862 0.016251 0.039666
0 0.927411 0.172234 0.017335 0.035491
0 0.899783 0.178497 0.014085 0.027140
0 0.874323 0.177453 0.023835 0.025052
0 0.849946 0.260960 0.022752 0.037578
1 0.304984 0.247390 0.016251 0.035491
1 0.197183 0.383090 0.015168 0.031315
1 0.366197 0.375783 0.019502 0.037578
1 0.402492 0.088727 0.020585 0.031315
1 0.646262 0.182672 0.022752 0.039666
1 0.719935 0.395616 0.022752 0.035491
1 0.739978 0.374739 0.019502 0.035491
1 0.705850 0.832985 0.014085 0.029228
1 0.523835 0.855950 0.020585 0.025052
1 0.495666 0.876827 0.020585 0.029228
1 0.413326 0.767223 0.020585 0.035491
1 0.385699 0.987474 0.010834 0.020877
1 0.183099 0.851775 0.017335 0.016701
1 0.169014 0.858038 0.008667 0.012526
1 0.148971 0.823591 0.009751 0.014614
1 0.083424 0.979123 0.021668 0.033403
1 0.492416 0.636743 0.009751 0.012526
2 0.403034 0.282881 0.023835 0.043841
2 0.030878 0.699374 0.024919 0.045929
3 0.042795 0.568894 0.079090 0.210856
