1 0.910484 0.823699 0.033871 0.052023
1 0.199194 0.082370 0.037097 0.066474
2 0.094355 0.124277 0.033871 0.080925
2 0.135484 0.099711 0.045161 0.101156
2 0.373387 0.085260 0.040323 0.054913
2 0.085484 0.910405 0.041935 0.063584
2 0.868548 0.715318 0.040323 0.078035
2 0.916935 0.721098 0.040323 0.083815
2 0.975806 0.695087 0.048387 0.078035
2 0.452419 0.351156 0.040323 0.060694
2 0.970968 0.371387 0.038710 0.060694
2 0.691129 0.949422 0.046774 0.066474
2 0.802419 0.433526 0.037097 0.075145
2 0.880645 0.341040 0.038710 0.069364
2 0.964516 0.238439 0.041935 0.078035
2 0.595968 0.122832 0.046774 0.060694
2 0.530645 0.138728 0.045161 0.075145
2 0.325000 0.083815 0.043548 0.080925
2 0.174194 0.150289 0.041935 0.057803
2 0.114516 0.187861 0.041935 0.075145
2 0.894355 0.169075 0.056452 0.060694
