0 0.069926 0.028244 0.049422 0.042748
0 0.256046 0.015267 0.041009 0.025954
0 0.170347 0.109542 0.052576 0.031298
0 0.105678 0.217176 0.041009 0.028244
0 0.048896 0.313359 0.038906 0.023664
0 0.035752 0.433206 0.048370 0.041985
0 0.059937 0.475954 0.056782 0.029771
0 0.124080 0.513359 0.042061 0.029771
0 0.099369 0.549618 0.043113 0.029008
0 0.129338 0.582443 0.048370 0.036641
0 0.097792 0.616031 0.037855 0.027481
0 0.147739 0.635878 0.041009 0.030534
0 0.175605 0.666794 0.046267 0.028244
0 0.058360 0.702672 0.030494 0.025191
0 0.124080 0.704962 0.044164 0.020611
0 0.134595 0.778626 0.046267 0.024427
0 0.182440 0.768321 0.049422 0.019084
0 0.226078 0.717939 0.035752 0.023664
0 0.337014 0.958015 0.032597 0.027481
0 0.431125 0.911069 0.052576 0.038931
0 0.454784 0.936641 0.047319 0.033588
0 0.401682 0.946183 0.048370 0.029771
0 0.488433 0.883969 0.045216 0.035115
0 0.384858 0.874046 0.046267 0.029008
0 0.722923 0.876336 0.043113 0.033588
0 0.763933 0.934351 0.032597 0.032061
0 0.614090 0.897328 0.048370 0.032824
0 0.652471 0.955725 0.049422 0.027481
0 0.673502 0.846183 0.053628 0.034351
0 0.656151 0.877099 0.037855 0.027481
0 0.720820 0.912977 0.053628 0.029008
0 0.729758 0.982443 0.035752 0.029008
0 0.637750 0.982443 0.049422 0.025954
0 0.803365 0.796947 0.044164 0.038168
0 0.818086 0.921374 0.056782 0.062595
0 0.773396 0.684351 0.045216 0.037405
0 0.722397 0.750382 0.046267 0.033588
0 0.676130 0.721756 0.060988 0.032824
0 0.685068 0.775191 0.041009 0.037405
0 0.641430 0.801527 0.046267 0.035115
0 0.743954 0.821374 0.047319 0.030534
0 0.624080 0.690076 0.045216 0.022901
0 0.607781 0.632824 0.033649 0.030534
0 0.553628 0.646183 0.045216 0.037405
0 0.626709 0.762595 0.044164 0.036641
0 0.585174 0.785496 0.036803 0.030534
0 0.573081 0.757252 0.048370 0.030534
0 0.552050 0.740840 0.029443 0.026718
0 0.536278 0.732824 0.023134 0.021374
0 0.534700 0.682824 0.034700 0.028244
0 0.895899 0.069084 0.046267 0.032824
0 0.939012 0.098092 0.039958 0.032824
0 0.834911 0.113740 0.046267 0.035115
0 0.892744 0.155344 0.046267 0.031298
0 0.813880 0.174427 0.042061 0.032824
0 0.803365 0.053435 0.035752 0.029008
0 0.639327 0.070611 0.044164 0.026718
0 0.570452 0.090458 0.049422 0.035878
0 0.590957 0.177863 0.044164 0.035115
0 0.640904 0.189313 0.030494 0.033588
0 0.701893 0.236260 0.045216 0.032824
0 0.757624 0.206489 0.041009 0.037405
0 0.803365 0.196947 0.044164 0.035115
0 0.830705 0.237023 0.039958 0.034351
0 0.870662 0.242748 0.037855 0.019847
0 0.621451 0.112595 0.029443 0.037405
0 0.333333 0.168702 0.039958 0.036641
0 0.239222 0.128626 0.041009 0.029771
0 0.468980 0.161832 0.039958 0.039695
0 0.451630 0.110687 0.047319 0.039695
0 0.419558 0.087405 0.031546 0.026718
0 0.331230 0.075954 0.039958 0.029771
0 0.292324 0.055725 0.042061 0.025954
0 0.252366 0.070229 0.037855 0.025954
0 0.179285 0.161450 0.034700 0.025191
0 0.868559 0.021374 0.054679 0.021374
0 0.746583 0.286641 0.029443 0.026718
0 0.806519 0.287786 0.037855 0.029008
0 0.873291 0.313359 0.034700 0.034351
0 0.912198 0.319084 0.045216 0.038168
0 0.951104 0.344275 0.043113 0.024427
0 0.664564 0.423664 0.046267 0.035115
0 0.733964 0.419847 0.044164 0.029008
0 0.764984 0.381298 0.038906 0.035878
0 0.700841 0.453435 0.053628 0.035115
0 0.615142 0.289695 0.054679 0.034351
0 0.664038 0.332824 0.043113 0.025954
0 0.591483 0.242366 0.041009 0.032824
0 0.631441 0.369847 0.047319 0.028244
0 0.337014 0.275573 0.036803 0.033588
0 0.412198 0.296947 0.035752 0.033588
0 0.426393 0.243511 0.049422 0.032061
0 0.463722 0.265267 0.044164 0.026718
0 0.527340 0.312977 0.047319 0.032061
0 0.157203 0.351527 0.049422 0.026718
0 0.294427 0.403435 0.050473 0.034351
0 0.319664 0.351908 0.056782 0.036641
0 0.358044 0.394275 0.043113 0.032824
0 0.432702 0.400000 0.045216 0.036641
0 0.140904 0.309160 0.075710 0.036641
0 0.451630 0.339695 0.047319 0.036641
0 0.508412 0.353053 0.041009 0.035878
0 0.483701 0.387786 0.048370 0.035115
0 0.532597 0.395420 0.036803 0.027481
0 0.440589 0.441603 0.056782 0.031298
0 0.371714 0.439313 0.051525 0.032824
0 0.416404 0.479008 0.042061 0.032824
0 0.472135 0.471374 0.037855 0.028244
0 0.508412 0.463359 0.030494 0.022901
0 0.490536 0.499618 0.043113 0.029771
0 0.555731 0.503817 0.032597 0.027481
0 0.548896 0.435115 0.042061 0.024427
0 0.172450 0.553053 0.037855 0.025191
0 0.170873 0.501145 0.041009 0.020611
0 0.118297 0.393130 0.049422 0.033588
0 0.276025 0.851145 0.064143 0.038168
0 0.334385 0.837023 0.037855 0.019084
0 0.432702 0.795802 0.051525 0.023664
0 0.481073 0.815267 0.053628 0.030534
0 0.363302 0.737786 0.051525 0.031298
0 0.231335 0.594275 0.060988 0.041985
0 0.217140 0.643893 0.049422 0.025191
0 0.315983 0.618321 0.047319 0.025954
0 0.547844 0.187405 0.042061 0.043511
0 0.463197 0.661069 0.047319 0.033588
0 0.410095 0.679008 0.048370 0.023664
0 0.314406 0.664885 0.056782 0.022901
0 0.455310 0.538168 0.039958 0.029008
0 0.364353 0.526718 0.041009 0.024427
0 0.292850 0.549618 0.030494 0.033588
0 0.614616 0.930534 0.032597 0.027481
0 0.893796 0.945802 0.031546 0.022901
0 0.886435 0.922519 0.035752 0.031298
0 0.167718 0.265267 0.057834 0.028244
0 0.394848 0.355344 0.043113 0.041985
0 0.508412 0.149237 0.041009 0.034351
0 0.553628 0.150382 0.045216 0.030534
0 0.712934 0.498473 0.029443 0.016794
0 0.059411 0.583206 0.043113 0.032061
0 0.492639 0.626336 0.062040 0.028244
0 0.424290 0.596565 0.028391 0.016031
0 0.476866 0.589695 0.028391 0.012977
0 0.365931 0.557252 0.029443 0.027481
0 0.571504 0.054580 0.047319 0.017557
0 0.541009 0.048092 0.028391 0.019847
0 0.044164 0.353435 0.037855 0.039695
0 0.229758 0.357634 0.047319 0.034351
0 0.263407 0.319847 0.034700 0.041221
0 0.407466 0.033206 0.041009 0.029771
0 0.660883 0.170611 0.045216 0.032824
0 0.549947 0.847710 0.035752 0.040458
0 0.243428 0.446947 0.038906 0.040458
0 0.817560 0.022519 0.026288 0.028244
0 0.410620 0.055344 0.045216 0.019084
0 0.157729 0.212595 0.027340 0.028244
0 0.391167 0.785878 0.050473 0.029771
0 0.774974 0.717939 0.031546 0.025191
0 0.335962 0.866031 0.045216 0.026718
0 0.198212 0.070229 0.022082 0.038168
0 0.182965 0.023664 0.018927 0.032061
0 0.218191 0.029389 0.041009 0.022137
0 0.366456 0.114504 0.036803 0.025954
0 0.617771 0.010305 0.043113 0.017557
0 0.754469 0.161450 0.047319 0.035878
0 0.955836 0.155344 0.023134 0.016031
0 0.930074 0.144275 0.024185 0.018321
0 0.764984 0.241603 0.032597 0.029771
0 0.773922 0.229771 0.023134 0.016794
0 0.660883 0.309924 0.036803 0.024427
0 0.821767 0.317939 0.032597 0.019084
0 0.235016 0.239695 0.032597 0.021374
0 0.295478 0.250382 0.044164 0.027481
0 0.115668 0.438931 0.039958 0.021374
0 0.080967 0.432061 0.029443 0.033588
0 0.087277 0.453435 0.025237 0.018321
0 0.059411 0.670611 0.022082 0.028244
0 0.231861 0.745038 0.051525 0.022901
0 0.161935 0.689695 0.042061 0.025191
0 0.287066 0.709160 0.042061 0.021374
0 0.306519 0.724427 0.030494 0.019847
0 0.344374 0.706107 0.028391 0.022901
0 0.330179 0.720992 0.029443 0.014504
0 0.301262 0.686260 0.019979 0.018321
0 0.267613 0.648473 0.026288 0.016031
0 0.614090 0.831679 0.054679 0.017557
0 0.564669 0.832824 0.042061 0.015267
0 0.515247 0.974809 0.035752 0.025954
0 0.227655 0.392366 0.032597 0.019847
0 0.800736 0.085878 0.034700 0.025191
0 0.585174 0.558015 0.055731 0.019847
0 0.695058 0.656489 0.033649 0.016794
0 0.664038 0.657252 0.028391 0.035115
0 0.876446 0.784733 0.026288 0.022901
0 0.866982 0.819084 0.030494 0.025954
0 0.878549 0.877099 0.032597 0.030534
0 0.909569 0.857252 0.052576 0.029008
0 0.407992 0.743893 0.023134 0.023664
0 0.427971 0.745038 0.029443 0.013740
0 0.326498 0.577863 0.045216 0.036641
0 0.400631 0.503053 0.044164 0.018321
0 0.067823 0.270229 0.038906 0.035115
0 0.162461 0.249618 0.026288 0.016794
0 0.235016 0.262214 0.057834 0.019084
0 0.087277 0.776718 0.037855 0.032824
0 0.069926 0.832061 0.030494 0.019847
0 0.078339 0.844275 0.022082 0.021374
0 0.152997 0.875191 0.028391 0.019084
0 0.318612 0.782061 0.029443 0.023664
0 0.818086 0.833969 0.029443 0.023664
0 0.729758 0.788550 0.029443 0.019847
0 0.844900 0.770229 0.045216 0.025954
0 0.866982 0.114122 0.022082 0.019084
1 0.838591 0.497710 0.017876 0.018321
