1 0.134559 0.019509 0.022059 0.027457
1 0.100735 0.021676 0.033824 0.026012
1 0.079412 0.032514 0.029412 0.021676
1 0.303676 0.055636 0.030882 0.041908
1 0.273529 0.055636 0.032353 0.041908
1 0.437500 0.058526 0.025000 0.036127
1 0.473529 0.083092 0.020588 0.024566
1 0.157353 0.087428 0.017647 0.018786
1 0.090441 0.099711 0.036765 0.023121
1 0.131618 0.100434 0.030882 0.024566
1 0.687500 0.104769 0.025000 0.024566
1 0.363971 0.112717 0.030882 0.031792
1 0.019118 0.116329 0.029412 0.027457
1 0.053676 0.122832 0.027941 0.028902
1 0.179412 0.126445 0.032353 0.027457
1 0.128676 0.138006 0.025000 0.027457
1 0.338971 0.139451 0.022059 0.036127
1 0.088235 0.142341 0.032353 0.030347
1 0.361765 0.175578 0.035294 0.039017
1 0.404412 0.177746 0.023529 0.026012
1 0.295588 0.181358 0.026471 0.021676
1 0.214706 0.189306 0.026471 0.031792
1 0.311029 0.208815 0.030882 0.027457
1 0.162500 0.230491 0.022059 0.018786
1 0.241176 0.232659 0.020588 0.026012
1 0.180147 0.232659 0.016176 0.020231
1 0.491912 0.239162 0.027941 0.018786
1 0.321324 0.251445 0.036765 0.026012
1 0.474265 0.261561 0.022059 0.020231
1 0.519853 0.273121 0.019118 0.023121
1 0.167647 0.275289 0.023529 0.021676
1 0.022059 0.277457 0.023529 0.026012
1 0.430147 0.290462 0.027941 0.031792
1 0.155147 0.292630 0.027941 0.027457
1 0.070588 0.294798 0.026471 0.023121
1 0.561765 0.296243 0.029412 0.020231
1 0.848529 0.309249 0.035294 0.031792
1 0.033088 0.320087 0.019118 0.018786
1 0.468382 0.320809 0.025000 0.026012
1 0.016912 0.322977 0.019118 0.018786
1 0.941176 0.328757 0.029412 0.027457
1 0.489706 0.333092 0.020588 0.027457
1 0.377941 0.338150 0.029412 0.034682
1 0.119853 0.344653 0.051471 0.030347
1 0.418382 0.346098 0.030882 0.033237
1 0.078676 0.357659 0.022059 0.024566
1 0.514706 0.362717 0.026471 0.031792
1 0.960294 0.374277 0.035294 0.031792
1 0.134559 0.375723 0.027941 0.031792
1 0.642647 0.398844 0.026471 0.028902
1 0.943382 0.401734 0.030882 0.023121
1 0.116176 0.402457 0.020588 0.024566
1 0.068382 0.414740 0.025000 0.023121
1 0.294118 0.414017 0.029412 0.021676
1 0.882353 0.414740 0.035294 0.031792
1 0.423529 0.419798 0.020588 0.024566
1 0.511765 0.423410 0.029412 0.031792
1 0.666176 0.424133 0.029412 0.027457
1 0.601471 0.427746 0.023529 0.020231
1 0.740441 0.427746 0.030882 0.023121
1 0.010294 0.428468 0.017647 0.018786
1 0.086765 0.431358 0.029412 0.018786
1 0.247059 0.434249 0.032353 0.033237
1 0.921324 0.439306 0.030882 0.037572
1 0.022059 0.455202 0.014706 0.017341
1 0.283824 0.456647 0.032353 0.031792
1 0.555882 0.457370 0.026471 0.027457
1 0.129412 0.460983 0.023529 0.020231
1 0.768382 0.466763 0.033824 0.026012
1 0.882353 0.470376 0.032353 0.027457
1 0.638971 0.471098 0.027941 0.023121
1 0.587500 0.478324 0.027941 0.031792
1 0.521324 0.485549 0.027941 0.023121
1 0.721324 0.492775 0.025000 0.023121
1 0.634559 0.496387 0.022059 0.021676
1 0.409559 0.496387 0.030882 0.027457
1 0.371324 0.500723 0.030882 0.024566
1 0.680147 0.501445 0.027941 0.031792
1 0.193382 0.500000 0.025000 0.028902
1 0.105147 0.502890 0.016176 0.023121
1 0.787500 0.503613 0.030882 0.033237
1 0.873529 0.508671 0.026471 0.031792
1 0.035294 0.513006 0.029412 0.028902
1 0.309559 0.520231 0.019118 0.026012
1 0.696324 0.522399 0.022059 0.024566
1 0.606618 0.526734 0.025000 0.027457
1 0.088235 0.541185 0.026471 0.027457
1 0.654412 0.557081 0.023529 0.027457
1 0.337500 0.566474 0.019118 0.017341
1 0.414706 0.567919 0.032353 0.034682
1 0.630147 0.570087 0.022059 0.039017
1 0.226471 0.580925 0.029412 0.028902
1 0.680147 0.579480 0.030882 0.034682
1 0.802206 0.582370 0.025000 0.031792
1 0.089706 0.585983 0.029412 0.033237
1 0.766176 0.593208 0.035294 0.027457
1 0.122059 0.596098 0.026471 0.027457
1 0.522059 0.598988 0.020588 0.030347
1 0.040441 0.610549 0.022059 0.018786
1 0.173529 0.633671 0.020588 0.021676
1 0.719118 0.633671 0.026471 0.030347
1 0.369118 0.636561 0.026471 0.027457
1 0.250735 0.640896 0.022059 0.018786
1 0.925735 0.651012 0.030882 0.030347
1 0.550000 0.650289 0.038235 0.026012
1 0.116912 0.653179 0.027941 0.023121
1 0.597794 0.655347 0.025000 0.024566
1 0.491176 0.658237 0.029412 0.027457
1 0.147794 0.661850 0.027941 0.020231
1 0.706618 0.664740 0.025000 0.023121
1 0.613971 0.666185 0.022059 0.028902
1 0.275000 0.679191 0.029412 0.026012
1 0.803676 0.686416 0.027941 0.023121
1 0.669853 0.684971 0.027941 0.034682
1 0.055882 0.690751 0.029412 0.028902
1 0.860294 0.695809 0.023529 0.024566
1 0.485294 0.698699 0.026471 0.030347
1 0.019853 0.699422 0.019118 0.026012
1 0.575000 0.707370 0.032353 0.030347
1 0.289706 0.718208 0.047059 0.031792
1 0.828676 0.722543 0.030882 0.031792
1 0.390441 0.722543 0.027941 0.031792
1 0.041176 0.723266 0.029412 0.027457
1 0.522059 0.729769 0.029412 0.026012
1 0.617647 0.733382 0.029412 0.030347
1 0.410294 0.734104 0.023529 0.031792
1 0.556618 0.742052 0.027941 0.024566
1 0.201471 0.748555 0.020588 0.023121
1 0.860294 0.752890 0.029412 0.028902
1 0.158088 0.765896 0.030882 0.031792
1 0.780882 0.772399 0.026471 0.024566
1 0.669118 0.776012 0.029412 0.026012
1 0.975735 0.777457 0.039706 0.031792
1 0.933088 0.778179 0.022059 0.033237
1 0.344853 0.786850 0.030882 0.024566
1 0.821324 0.790462 0.022059 0.031792
1 0.502206 0.802746 0.022059 0.027457
1 0.478676 0.812139 0.022059 0.026012
1 0.687500 0.812861 0.027941 0.030347
1 0.313235 0.822977 0.026471 0.027457
1 0.374265 0.828757 0.027941 0.024566
1 0.215441 0.830202 0.025000 0.030347
1 0.790441 0.837428 0.027941 0.027457
1 0.865441 0.842486 0.022059 0.023121
1 0.556618 0.842486 0.030882 0.026012
1 0.522059 0.848266 0.023529 0.028902
1 0.683824 0.853324 0.032353 0.036127
1 0.247059 0.860549 0.026471 0.036127
1 0.542647 0.867052 0.026471 0.020231
1 0.583088 0.868497 0.030882 0.026012
1 0.288235 0.869942 0.023529 0.020231
1 0.806618 0.877890 0.030882 0.027457
1 0.344853 0.880780 0.025000 0.018786
1 0.413971 0.888006 0.019118 0.018786
1 0.588971 0.890173 0.022059 0.023121
1 0.444853 0.901734 0.030882 0.014451
1 0.329412 0.917630 0.017647 0.031792
1 0.241912 0.921243 0.027941 0.030347
1 0.670588 0.924855 0.029412 0.020231
1 0.511765 0.927746 0.026471 0.026012
1 0.836765 0.928468 0.023529 0.030347
1 0.570588 0.939306 0.029412 0.026012
1 0.412500 0.947254 0.030882 0.030347
1 0.265441 0.950145 0.022059 0.021676
1 0.721324 0.950867 0.025000 0.020231
1 0.550000 0.952312 0.026471 0.026012
1 0.599265 0.980491 0.027941 0.027457
1 0.041912 0.040462 0.025000 0.028902
1 0.719118 0.044075 0.032353 0.030347
1 0.061029 0.070809 0.033824 0.031792
1 0.410294 0.088150 0.020588 0.031792
1 0.434559 0.134393 0.030882 0.031792
1 0.388235 0.140173 0.032353 0.028902
1 0.171324 0.152457 0.019118 0.024566
1 0.418382 0.157514 0.022059 0.023121
1 0.494853 0.161127 0.027941 0.033237
1 0.459559 0.175578 0.027941 0.027457
1 0.254412 0.189306 0.029412 0.034682
1 0.181618 0.192197 0.022059 0.034682
1 0.518382 0.194364 0.022059 0.033237
1 0.937500 0.197254 0.027941 0.027457
1 0.845588 0.201590 0.029412 0.024566
1 0.440441 0.202312 0.030882 0.026012
1 0.116912 0.201590 0.033824 0.021676
1 0.410294 0.218931 0.026471 0.027457
1 0.471324 0.219653 0.027941 0.031792
1 0.372059 0.226156 0.026471 0.027457
1 0.124265 0.236994 0.033824 0.031792
1 0.049265 0.239162 0.027941 0.030347
1 0.962500 0.245665 0.025000 0.034682
1 0.209559 0.255058 0.030882 0.024566
1 0.280882 0.263006 0.026471 0.026012
1 0.243382 0.265173 0.030882 0.024566
1 0.398529 0.272399 0.026471 0.027457
1 0.126471 0.273844 0.035294 0.027457
1 0.361765 0.277457 0.026471 0.026012
1 0.221324 0.305636 0.033824 0.027457
1 0.128676 0.308526 0.022059 0.024566
1 0.096324 0.315751 0.025000 0.024566
1 0.172794 0.317919 0.027941 0.023121
1 0.250735 0.331647 0.025000 0.030347
1 0.900000 0.333815 0.038235 0.037572
1 0.224265 0.341763 0.027941 0.030347
1 0.175735 0.346098 0.027941 0.027457
1 0.814706 0.374277 0.032353 0.031792
1 0.560294 0.378613 0.029412 0.028902
1 0.349265 0.384393 0.030882 0.031792
1 0.197794 0.395231 0.036765 0.030347
1 0.147059 0.410405 0.023529 0.023121
1 0.186765 0.422688 0.032353 0.024566
1 0.565441 0.425578 0.027941 0.030347
1 0.036765 0.425578 0.026471 0.027457
1 0.410294 0.439306 0.026471 0.031792
1 0.209559 0.443642 0.019118 0.026012
1 0.334559 0.458815 0.030882 0.027457
1 0.705882 0.470376 0.032353 0.036127
1 0.090441 0.468931 0.025000 0.033237
1 0.063971 0.472543 0.025000 0.031792
1 0.036029 0.481214 0.022059 0.026012
1 0.237500 0.487717 0.030882 0.027457
1 0.305882 0.487717 0.026471 0.030347
1 0.556618 0.514451 0.025000 0.034682
1 0.439706 0.517341 0.029412 0.028902
1 0.131618 0.539740 0.027941 0.027457
1 0.274265 0.539740 0.025000 0.027457
1 0.356618 0.541185 0.030882 0.027457
1 0.827941 0.541908 0.029412 0.026012
1 0.236765 0.548410 0.026471 0.027457
1 0.922059 0.549855 0.032353 0.030347
1 0.469853 0.559249 0.036765 0.028902
1 0.267647 0.571532 0.029412 0.027457
1 0.486029 0.606214 0.030882 0.036127
1 0.596324 0.609104 0.027941 0.024566
1 0.266912 0.611994 0.025000 0.027457
1 0.980147 0.612717 0.030882 0.028902
1 0.885294 0.630780 0.026471 0.033237
1 0.756618 0.636561 0.027941 0.024566
1 0.214706 0.641618 0.029412 0.028902
1 0.838235 0.647399 0.029412 0.028902
1 0.408088 0.655347 0.036765 0.027457
1 0.809559 0.656792 0.027941 0.027457
1 0.915441 0.674855 0.027941 0.028902
1 0.988971 0.684971 0.022059 0.026012
1 0.380147 0.689306 0.030882 0.028902
1 0.895588 0.701590 0.026471 0.021676
1 0.116176 0.708815 0.038235 0.027457
1 0.077941 0.740607 0.032353 0.030347
1 0.327941 0.745665 0.032353 0.031792
1 0.100000 0.758671 0.023529 0.023121
1 0.048529 0.765173 0.032353 0.030347
1 0.611029 0.776734 0.027941 0.024566
1 0.454412 0.776734 0.026471 0.024566
1 0.747059 0.779624 0.029412 0.030347
1 0.138971 0.797688 0.033824 0.023121
1 0.157353 0.813584 0.032353 0.031792
1 0.246324 0.817197 0.030882 0.024566
1 0.729412 0.885838 0.029412 0.028902
1 0.211029 0.888006 0.030882 0.027457
1 0.620588 0.906069 0.029412 0.031792
1 0.759559 0.919798 0.039706 0.030347
1 0.672794 0.960260 0.030882 0.024566
1 0.703676 0.973988 0.030882 0.028902
1 0.899265 0.208092 0.022059 0.031792
1 0.867647 0.249277 0.029412 0.036127
1 0.974265 0.196532 0.027941 0.023121
1 0.836029 0.154624 0.016176 0.020231
1 0.219118 0.119220 0.029412 0.030347
1 0.101471 0.303468 0.023529 0.020231
1 0.337500 0.349711 0.030882 0.037572
1 0.920588 0.234104 0.038235 0.031792
1 0.197059 0.672688 0.038235 0.027457
3 0.314706 0.652457 0.058824 0.076590
