2 0.189091 0.632035 0.101818 0.138528
2 0.110909 0.712121 0.090909 0.142857
2 0.350909 0.642857 0.105455 0.125541
2 0.407273 0.541126 0.109091 0.112554
2 0.596364 0.844156 0.087273 0.121212
2 0.287273 0.461039 0.109091 0.134199
2 0.380000 0.359307 0.105455 0.103896
2 0.449091 0.190476 0.105455 0.121212
2 0.565455 0.095238 0.105455 0.147186
2 0.590909 0.216450 0.098182 0.112554
2 0.783636 0.112554 0.098182 0.129870
2 0.545455 0.413420 0.087273 0.125541
2 0.663636 0.402597 0.127273 0.129870
2 0.683636 0.303030 0.109091 0.103896
2 0.510909 0.919913 0.112727 0.125541
2 0.809091 0.588745 0.105455 0.129870
2 0.901818 0.673160 0.138182 0.134199
2 0.861818 0.495671 0.152727 0.142857
2 0.965455 0.504329 0.069091 0.116883
