1 0.697266 0.684570 0.031250 0.037109
1 0.755859 0.290039 0.031250 0.037109
3 0.151367 0.200195 0.060547 0.068359
3 0.769531 0.675781 0.097656 0.105469
3 0.403320 0.831055 0.083984 0.119141
3 0.653320 0.421875 0.126953 0.097656
3 0.836914 0.399414 0.076172 0.060547
3 0.214844 0.503906 0.074219 0.082031
3 0.567383 0.093750 0.111328 0.066406
3 0.405273 0.632812 0.091797 0.078125
3 0.666016 0.751953 0.070312 0.089844
3 0.826172 0.773438 0.070312 0.082031
3 0.396484 0.395508 0.066406 0.087891
3 0.379883 0.548828 0.099609 0.089844
3 0.939453 0.200195 0.082031 0.123047
3 0.558594 0.477539 0.089844 0.060547
3 0.490234 0.543945 0.113281 0.099609
3 0.752930 0.798828 0.103516 0.093750
3 0.090820 0.299805 0.080078 0.076172
3 0.594727 0.760742 0.064453 0.083984
3 0.327148 0.784180 0.080078 0.083984
3 0.819336 0.933594 0.103516 0.082031
3 0.594727 0.665039 0.044922 0.068359
3 0.757812 0.370117 0.066406 0.095703
3 0.274414 0.833984 0.068359 0.062500
3 0.522461 0.398438 0.142578 0.117188
3 0.896484 0.662109 0.140625 0.214844
3 0.445312 0.869141 0.093750 0.105469
3 0.600586 0.534180 0.076172 0.091797
3 0.802734 0.547852 0.171875 0.154297
3 0.068359 0.511719 0.101562 0.101562
3 0.869141 0.217773 0.097656 0.083984
3 0.521484 0.690430 0.109375 0.154297
3 0.661133 0.334961 0.087891 0.076172
3 0.913086 0.336914 0.103516 0.080078
3 0.311523 0.404297 0.099609 0.136719
3 0.085938 0.790039 0.171875 0.130859
3 0.213867 0.918945 0.158203 0.150391
3 0.216797 0.668945 0.101562 0.138672
3 0.250977 0.336914 0.072266 0.072266
3 0.186523 0.311523 0.056641 0.072266
3 0.235352 0.257812 0.087891 0.050781
