0 0.022553 0.033215 0.022073 0.035587
0 0.089731 0.204626 0.035509 0.048636
0 0.197697 0.186833 0.046065 0.058126
0 0.247601 0.027284 0.044146 0.033215
0 0.204894 0.041518 0.031670 0.030842
0 0.118042 0.115065 0.021113 0.018980
0 0.116603 0.099644 0.018234 0.016607
0 0.113724 0.357058 0.035509 0.040332
0 0.068138 0.368327 0.030710 0.046263
0 0.145873 0.289442 0.040307 0.030842
0 0.076775 0.270463 0.023033 0.023725
0 0.344050 0.065836 0.029750 0.036773
0 0.397313 0.059905 0.036468 0.039146
0 0.355566 0.110320 0.027831 0.030842
0 0.480806 0.131079 0.023033 0.034401
0 0.562860 0.145314 0.025912 0.041518
0 0.468810 0.191578 0.039347 0.039146
0 0.355086 0.214116 0.034549 0.041518
0 0.020633 0.327402 0.031670 0.030842
0 0.110365 0.298339 0.024952 0.027284
0 0.171305 0.374852 0.039347 0.030842
0 0.093570 0.430012 0.056622 0.043891
0 0.141555 0.426453 0.023992 0.043891
0 0.177063 0.418743 0.031670 0.040332
0 0.127159 0.453144 0.027831 0.030842
0 0.119962 0.498814 0.032630 0.036773
0 0.194818 0.488138 0.040307 0.043891
0 0.463532 0.332147 0.036468 0.045077
0 0.508637 0.234282 0.034549 0.060498
0 0.521593 0.266311 0.027831 0.039146
0 0.458253 0.397390 0.041267 0.042705
0 0.371401 0.487544 0.032630 0.030842
0 0.297025 0.517794 0.039347 0.041518
0 0.233205 0.545077 0.026871 0.029656
0 0.261996 0.543891 0.032630 0.055753
0 0.339731 0.526097 0.032630 0.036773
0 0.425624 0.532028 0.043186 0.039146
0 0.487524 0.497034 0.049904 0.040332
0 0.603647 0.326809 0.036468 0.036773
0 0.339731 0.582444 0.047985 0.045077
0 0.168426 0.594306 0.037428 0.033215
0 0.450096 0.574733 0.042226 0.036773
0 0.434261 0.621590 0.037428 0.035587
0 0.500000 0.543891 0.024952 0.027284
0 0.292706 0.657770 0.036468 0.039146
0 0.329175 0.631673 0.036468 0.029656
0 0.271593 0.615065 0.038388 0.036773
0 0.307582 0.571767 0.022073 0.033215
0 0.370441 0.659549 0.046065 0.033215
0 0.406910 0.680308 0.047985 0.036773
0 0.512956 0.622776 0.045106 0.047450
0 0.558061 0.588375 0.048944 0.040332
0 0.261036 0.904508 0.047985 0.041518
0 0.256718 0.855279 0.048944 0.059312
0 0.332054 0.738434 0.038388 0.058126
0 0.041267 0.754448 0.028791 0.049822
0 0.125240 0.761566 0.023992 0.033215
0 0.161708 0.864176 0.039347 0.043891
0 0.186660 0.825623 0.022073 0.045077
0 0.330134 0.894425 0.032630 0.042705
0 0.405950 0.720047 0.046065 0.033215
0 0.457774 0.727165 0.032630 0.047450
0 0.490883 0.715896 0.031670 0.041518
0 0.528311 0.809015 0.041267 0.045077
0 0.447217 0.851127 0.024952 0.039146
0 0.434261 0.902135 0.033589 0.036773
0 0.361324 0.943060 0.029750 0.037960
0 0.615163 0.746145 0.036468 0.056940
0 0.591171 0.816133 0.036468 0.040332
0 0.576775 0.731317 0.034549 0.043891
0 0.654031 0.879597 0.041267 0.060498
0 0.843570 0.757414 0.038388 0.036773
0 0.891075 0.740214 0.041267 0.040332
0 0.963532 0.673784 0.038388 0.040332
0 0.968810 0.890866 0.037428 0.035587
0 0.796065 0.894425 0.022073 0.042705
0 0.878119 0.828588 0.034549 0.041518
0 0.702015 0.956109 0.025912 0.045077
0 0.676104 0.735469 0.039347 0.037960
0 0.724568 0.718268 0.034549 0.039146
0 0.756718 0.657177 0.041267 0.033215
0 0.952975 0.604982 0.038388 0.049822
0 0.625240 0.616845 0.031670 0.037960
0 0.732246 0.557533 0.038388 0.030842
0 0.767754 0.559312 0.032630 0.029656
0 0.796545 0.501779 0.036468 0.033215
0 0.824376 0.451957 0.028791 0.028470
0 0.704415 0.518980 0.055662 0.055753
0 0.595489 0.562871 0.035509 0.043891
0 0.640115 0.524911 0.034549 0.048636
0 0.567658 0.524911 0.031670 0.041518
0 0.586372 0.435350 0.030710 0.045077
0 0.878599 0.367734 0.050864 0.056940
0 0.600768 0.391459 0.021113 0.033215
0 0.626679 0.410439 0.026871 0.033215
0 0.781190 0.464413 0.030710 0.039146
0 0.727447 0.400356 0.030710 0.060498
0 0.928983 0.332740 0.032630 0.036773
0 0.917466 0.369514 0.028791 0.046263
0 0.957294 0.422301 0.048944 0.045077
0 0.393954 0.578292 0.037428 0.041518
0 0.447697 0.473903 0.031670 0.041518
0 0.793186 0.251483 0.033589 0.052195
0 0.898273 0.205813 0.036468 0.043891
0 0.919866 0.272242 0.035509 0.036773
0 0.864203 0.301305 0.029750 0.030842
0 0.873321 0.252669 0.036468 0.035587
0 0.860845 0.123962 0.044146 0.039146
0 0.916507 0.139383 0.038388 0.039146
0 0.577255 0.023132 0.031670 0.039146
0 0.768234 0.040332 0.033589 0.035587
2 0.405470 0.948399 0.022073 0.024911
