0 0.192492 0.033011 0.052716 0.053140
0 0.190096 0.128824 0.041534 0.064412
0 0.112620 0.194847 0.043131 0.041868
0 0.061502 0.365539 0.046326 0.054750
0 0.229233 0.209340 0.055911 0.041868
0 0.296326 0.128824 0.043131 0.054750
0 0.290735 0.051530 0.057508 0.054750
0 0.246805 0.068438 0.039936 0.037037
0 0.373003 0.118357 0.059105 0.040258
0 0.369010 0.055556 0.060703 0.040258
0 0.455272 0.062802 0.051118 0.045089
0 0.501597 0.167472 0.051118 0.054750
0 0.247604 0.136876 0.031949 0.041868
0 0.518371 0.101449 0.039936 0.045089
0 0.554313 0.041868 0.041534 0.045089
0 0.632588 0.065217 0.044728 0.056361
0 0.600639 0.140902 0.063898 0.049919
0 0.674121 0.111916 0.047923 0.059581
0 0.737220 0.095813 0.052716 0.046699
0 0.913738 0.047504 0.047923 0.030596
0 0.901757 0.098229 0.059105 0.038647
0 0.960863 0.154589 0.039936 0.038647
0 0.924121 0.198873 0.039936 0.037037
0 0.894569 0.148953 0.035144 0.043478
0 0.857029 0.194042 0.055911 0.043478
0 0.861821 0.249597 0.052716 0.038647
0 0.710064 0.280193 0.049521 0.067633
0 0.551118 0.314815 0.057508 0.043478
0 0.647764 0.272947 0.046326 0.040258
0 0.471246 0.290660 0.047923 0.040258
0 0.455272 0.219002 0.035144 0.048309
0 0.511981 0.252818 0.030351 0.022544
0 0.714856 0.161836 0.043131 0.037037
0 0.674920 0.183575 0.036741 0.028986
0 0.659744 0.230274 0.031949 0.032206
0 0.777157 0.206924 0.036741 0.043478
0 0.872204 0.020129 0.019169 0.020934
0 0.058307 0.413849 0.036741 0.051530
0 0.067891 0.542673 0.043131 0.045089
0 0.074281 0.628019 0.046326 0.051530
0 0.123802 0.661836 0.046326 0.051530
0 0.124601 0.506441 0.047923 0.053140
0 0.114217 0.578905 0.027157 0.043478
0 0.107827 0.438003 0.046326 0.054750
0 0.173323 0.451691 0.039936 0.053140
0 0.206070 0.355072 0.041534 0.046699
0 0.229233 0.495169 0.039936 0.040258
0 0.364217 0.393720 0.047923 0.062802
0 0.305911 0.395330 0.030351 0.046699
0 0.402556 0.531401 0.054313 0.032206
0 0.435304 0.478261 0.030351 0.064412
0 0.481629 0.456522 0.049521 0.056361
0 0.515176 0.371981 0.065495 0.045089
0 0.663738 0.409018 0.039936 0.041868
0 0.597444 0.414654 0.057508 0.049919
0 0.625399 0.331723 0.039936 0.041868
0 0.693291 0.345411 0.054313 0.040258
0 0.926518 0.376812 0.038339 0.035427
0 0.808307 0.524155 0.038339 0.059581
0 0.842652 0.453301 0.043131 0.040258
0 0.658147 0.553945 0.041534 0.038647
0 0.654952 0.631240 0.031949 0.064412
0 0.605431 0.614332 0.038339 0.046699
0 0.552716 0.565217 0.054313 0.035427
0 0.766773 0.631240 0.038339 0.051530
0 0.806709 0.685990 0.031949 0.045089
0 0.762780 0.720612 0.046326 0.059581
0 0.059105 0.805153 0.031949 0.045089
0 0.148562 0.830113 0.051118 0.062802
0 0.401757 0.280193 0.052716 0.051530
0 0.397764 0.198068 0.041534 0.041868
0 0.329073 0.202899 0.038339 0.054750
0 0.308307 0.528986 0.035144 0.053140
0 0.230032 0.614332 0.038339 0.049919
0 0.178115 0.606280 0.043131 0.056361
0 0.182907 0.532206 0.036741 0.033816
0 0.452875 0.123188 0.043131 0.056361
0 0.452077 0.398551 0.047923 0.046699
0 0.674920 0.818841 0.059105 0.078905
0 0.639776 0.725443 0.052716 0.049919
0 0.561502 0.858293 0.049521 0.051530
0 0.523163 0.623994 0.033546 0.049919
0 0.515974 0.702093 0.041534 0.048309
0 0.443291 0.683575 0.043131 0.046699
0 0.423323 0.818841 0.044728 0.059581
0 0.387380 0.703704 0.036741 0.064412
0 0.373003 0.834944 0.039936 0.066023
0 0.384185 0.914654 0.049521 0.038647
0 0.070288 0.936393 0.051118 0.037037
0 0.159744 0.901771 0.041534 0.045089
0 0.225240 0.872786 0.038339 0.045089
0 0.283546 0.926731 0.039936 0.040258
0 0.326677 0.888084 0.049521 0.046699
0 0.273962 0.829308 0.043131 0.045089
0 0.267572 0.748792 0.036741 0.061192
0 0.346645 0.757649 0.054313 0.056361
0 0.313898 0.697262 0.033546 0.038647
0 0.499201 0.902576 0.062300 0.027375
0 0.805112 0.760870 0.035144 0.056361
0 0.742013 0.789855 0.043131 0.046699
0 0.973642 0.706119 0.046326 0.056361
0 0.591054 0.793076 0.044728 0.043478
0 0.874601 0.641707 0.043131 0.040258
0 0.920128 0.951691 0.054313 0.038647
0 0.799521 0.965378 0.043131 0.027375
0 0.198882 0.937198 0.039936 0.051530
0 0.368211 0.624799 0.027157 0.038647
0 0.357827 0.570048 0.031949 0.028986
0 0.218850 0.434783 0.041534 0.035427
0 0.963259 0.258454 0.035144 0.030596
0 0.912939 0.591787 0.027157 0.027375
0 0.936901 0.631240 0.043131 0.045089
0 0.894569 0.985507 0.044728 0.028986
0 0.215655 0.693237 0.025559 0.024155
0 0.980831 0.354267 0.035144 0.067633
0 0.972045 0.586957 0.030351 0.040258
0 0.018371 0.694847 0.033546 0.049919
0 0.011981 0.448470 0.023962 0.037037
0 0.353834 0.016908 0.055911 0.030596
0 0.769169 0.354267 0.030351 0.038647
0 0.140575 0.404187 0.079872 0.048309
0 0.399361 0.612721 0.022364 0.033816
0 0.025559 0.274557 0.047923 0.037037
0 0.103834 0.256844 0.054313 0.053140
0 0.269169 0.276167 0.036741 0.043478
0 0.155751 0.060386 0.036741 0.046699
0 0.385783 0.470209 0.055911 0.038647
0 0.353834 0.331723 0.059105 0.038647
0 0.667732 0.467794 0.041534 0.040258
0 0.714058 0.408213 0.038339 0.043478
0 0.833067 0.123994 0.039936 0.038647
0 0.081470 0.063607 0.057508 0.040258
0 0.829872 0.607890 0.049521 0.049919
0 0.292332 0.458937 0.057508 0.041868
0 0.784345 0.144928 0.028754 0.045089
0 0.968051 0.524960 0.041534 0.048309
0 0.535144 0.765700 0.057508 0.062802
0 0.067093 0.144928 0.038339 0.054750
0 0.016773 0.096618 0.030351 0.048309
0 0.974441 0.089372 0.025559 0.020934
0 0.881789 0.752013 0.038339 0.035427
0 0.109425 0.330113 0.027157 0.028986
0 0.566294 0.090177 0.030351 0.025765
