0 0.967721 0.722222 0.035573 0.049645
1 0.181818 0.523050 0.026350 0.024823
1 0.226614 0.556147 0.026350 0.029551
1 0.262187 0.556738 0.023715 0.021277
1 0.287220 0.631797 0.026350 0.022459
1 0.322134 0.615248 0.025033 0.020095
1 0.364954 0.575650 0.023715 0.023641
1 0.386693 0.524823 0.025033 0.021277
1 0.348485 0.523641 0.019763 0.021277
1 0.334651 0.488180 0.023715 0.023641
1 0.311594 0.438534 0.022398 0.026005
1 0.243742 0.453310 0.018445 0.017730
1 0.273386 0.473995 0.025033 0.023641
1 0.249012 0.495272 0.023715 0.021277
1 0.186430 0.481678 0.025033 0.024823
1 0.357049 0.374704 0.026350 0.026005
1 0.388011 0.326241 0.019763 0.026005
1 0.420290 0.344563 0.021080 0.024823
1 0.439394 0.385343 0.022398 0.023641
1 0.400527 0.449173 0.028986 0.028369
1 0.440053 0.626478 0.023715 0.023641
1 0.452569 0.593381 0.022398 0.023641
1 0.248353 0.393617 0.019763 0.028369
1 0.200264 0.618794 0.034256 0.029551
1 0.184453 0.751182 0.026350 0.024823
1 0.117918 0.789598 0.025033 0.023641
1 0.243742 0.709811 0.026350 0.027187
1 0.260870 0.741135 0.026350 0.023641
1 0.029644 0.842790 0.025033 0.026005
1 0.071805 0.641844 0.025033 0.021277
1 0.047431 0.618794 0.023715 0.020095
1 0.019104 0.707447 0.025033 0.024823
1 0.096838 0.652482 0.022398 0.026005
1 0.090909 0.695626 0.023715 0.022459
1 0.113966 0.531324 0.025033 0.024823
1 0.311594 0.732861 0.025033 0.021277
1 0.306324 0.768913 0.025033 0.017730
1 0.311594 0.804374 0.022398 0.022459
1 0.331357 0.755319 0.027668 0.026005
1 0.299078 0.683806 0.023715 0.020095
1 0.216733 0.745863 0.025033 0.023641
1 0.324769 0.869385 0.025033 0.024823
1 0.568511 0.719858 0.022398 0.023641
1 0.600132 0.725768 0.025033 0.026005
1 0.604743 0.685579 0.023715 0.021277
1 0.661397 0.683806 0.026350 0.022459
1 0.637022 0.578014 0.019763 0.018913
1 0.720685 0.589835 0.026350 0.023641
1 0.708169 0.518913 0.022398 0.023641
1 0.720026 0.487589 0.022398 0.024823
1 0.745718 0.557329 0.028986 0.020095
1 0.757576 0.491135 0.023715 0.020095
1 0.784585 0.505910 0.027668 0.023641
1 0.771410 0.533097 0.022398 0.021277
1 0.750329 0.527187 0.022398 0.021277
1 0.803030 0.589243 0.027668 0.024823
1 0.256258 0.170804 0.025033 0.024823
1 0.263505 0.105201 0.023715 0.021277
1 0.253623 0.065603 0.027668 0.027187
1 0.274045 0.037234 0.021080 0.020095
1 0.227931 0.252364 0.021080 0.024823
1 0.254282 0.134752 0.031621 0.026005
1 0.305665 0.148936 0.023715 0.021277
1 0.227273 0.210402 0.032938 0.023641
1 0.409091 0.137116 0.025033 0.023641
1 0.370224 0.197991 0.026350 0.020095
1 0.377470 0.284279 0.022398 0.024823
1 0.397892 0.266548 0.026350 0.020095
1 0.364954 0.257092 0.026350 0.027187
1 0.461792 0.086879 0.025033 0.022459
1 0.445982 0.220449 0.022398 0.022459
1 0.467721 0.264184 0.026350 0.022459
1 0.445982 0.287234 0.022398 0.021277
1 0.340580 0.196217 0.019763 0.016548
1 0.339921 0.139480 0.023715 0.023641
1 0.399209 0.182033 0.026350 0.023641
1 0.471014 0.132388 0.019763 0.026005
1 0.393281 0.089243 0.025033 0.017730
1 0.420949 0.072695 0.027668 0.022459
1 0.294466 0.267139 0.022398 0.021277
1 0.566535 0.145390 0.026350 0.028369
1 0.511199 0.274232 0.026350 0.026005
1 0.497365 0.199764 0.025033 0.026005
1 0.515810 0.233452 0.027668 0.022459
1 0.569829 0.200946 0.025033 0.026005
1 0.554677 0.292553 0.023715 0.017730
1 0.481555 0.309102 0.022398 0.024823
1 0.167325 0.018322 0.028986 0.022459
1 0.041502 0.031324 0.027668 0.022459
1 0.014493 0.189125 0.021080 0.021277
1 0.101449 0.107565 0.023715 0.021277
1 0.202899 0.146572 0.026350 0.021277
1 0.183136 0.081560 0.023715 0.021277
1 0.135705 0.147163 0.026350 0.024823
1 0.104084 0.184988 0.023715 0.027187
1 0.070487 0.158392 0.032938 0.023641
1 0.062582 0.105201 0.025033 0.021277
1 0.017128 0.109338 0.021080 0.022459
1 0.303689 0.041371 0.027668 0.026005
1 0.285903 0.167258 0.023715 0.024823
1 0.523715 0.183806 0.025033 0.024823
1 0.078393 0.336288 0.027668 0.027187
1 0.038208 0.315603 0.023715 0.026005
1 0.057971 0.261820 0.026350 0.022459
1 0.123188 0.396572 0.025033 0.024823
1 0.087615 0.399527 0.025033 0.023641
1 0.171937 0.388298 0.025033 0.024823
1 0.469697 0.419031 0.027668 0.024823
1 0.506588 0.385343 0.027668 0.023641
1 0.526350 0.458038 0.027668 0.027187
1 0.569170 0.427896 0.021080 0.026005
1 0.351120 0.441489 0.022398 0.022459
1 0.144928 0.505319 0.026350 0.020095
1 0.479578 0.359929 0.023715 0.022459
1 0.738472 0.284279 0.030303 0.024823
1 0.729249 0.352246 0.025033 0.023641
1 0.749671 0.333333 0.023715 0.023641
1 0.784585 0.303191 0.025033 0.027187
1 0.837286 0.184397 0.022398 0.026005
1 0.834651 0.219267 0.025033 0.024823
1 0.835310 0.265957 0.026350 0.023641
1 0.872200 0.244681 0.023715 0.023641
1 0.899209 0.198582 0.025033 0.023641
1 0.899868 0.232861 0.026350 0.021277
1 0.932148 0.199764 0.027668 0.021277
1 0.930830 0.125887 0.027668 0.020095
1 0.958498 0.102837 0.027668 0.021277
1 0.944664 0.163121 0.026350 0.023641
1 0.967062 0.192080 0.026350 0.022459
1 0.979578 0.150709 0.027668 0.027187
1 0.958498 0.252364 0.027668 0.020095
1 0.745059 0.382979 0.025033 0.021277
1 0.775362 0.369385 0.025033 0.022459
1 0.793149 0.344563 0.026350 0.020095
1 0.810935 0.313830 0.022398 0.024823
1 0.849802 0.367021 0.021080 0.024823
1 0.871542 0.395981 0.030303 0.028369
1 0.881423 0.365248 0.026350 0.023641
1 0.898551 0.343972 0.023715 0.021277
1 0.899209 0.315603 0.025033 0.021277
1 0.916337 0.287234 0.025033 0.021277
1 0.945982 0.280733 0.023715 0.022459
1 0.937418 0.315012 0.019763 0.027187
1 0.891304 0.273050 0.022398 0.021277
1 0.801054 0.396572 0.028986 0.022459
1 0.822793 0.356383 0.025033 0.020095
1 0.853096 0.152482 0.022398 0.023641
1 0.862978 0.206856 0.026350 0.023641
1 0.930171 0.229314 0.023715 0.018913
1 0.933465 0.392435 0.025033 0.021277
1 0.667325 0.455674 0.025033 0.020095
1 0.683136 0.476359 0.022398 0.023641
1 0.713439 0.454492 0.022398 0.022459
1 0.693017 0.436170 0.023715 0.023641
1 0.673254 0.407210 0.026350 0.022459
1 0.766140 0.433215 0.027668 0.022459
1 0.817523 0.483452 0.022398 0.026005
1 0.820158 0.546099 0.025033 0.021277
1 0.799736 0.455083 0.023715 0.023641
1 0.788538 0.478723 0.022398 0.021277
1 0.761528 0.462175 0.023715 0.026005
1 0.885375 0.450355 0.023715 0.023641
1 0.861660 0.494090 0.028986 0.023641
1 0.868906 0.427896 0.022398 0.021277
1 0.892622 0.523050 0.025033 0.022459
1 0.824769 0.616430 0.023715 0.024823
1 0.853096 0.614657 0.022398 0.021277
1 0.907115 0.489953 0.027668 0.022459
1 0.928854 0.518322 0.023715 0.022459
1 0.606061 0.830969 0.023715 0.026005
1 0.610013 0.863475 0.026350 0.024823
1 0.675889 0.881206 0.028986 0.027187
1 0.691041 0.805556 0.025033 0.024823
1 0.696311 0.770095 0.027668 0.027187
1 0.714756 0.730496 0.025033 0.026005
1 0.748353 0.726950 0.023715 0.026005
1 0.751647 0.760047 0.025033 0.023641
1 0.733860 0.796099 0.026350 0.020095
1 0.719368 0.826832 0.021080 0.022459
1 0.754941 0.695035 0.026350 0.023641
1 0.776021 0.673759 0.028986 0.018913
1 0.653491 0.802600 0.026350 0.023641
1 0.701581 0.649527 0.022398 0.020095
1 0.733202 0.654255 0.027668 0.020095
1 0.768116 0.648936 0.026350 0.018913
1 0.864295 0.800827 0.026350 0.022459
1 0.793149 0.910757 0.026350 0.024823
1 0.764163 0.903664 0.023715 0.022459
1 0.859684 0.691489 0.027668 0.026005
1 0.832675 0.703310 0.026350 0.023641
1 0.787879 0.706265 0.021080 0.022459
1 0.890646 0.680851 0.028986 0.021277
1 0.912385 0.627660 0.025033 0.023641
1 0.954545 0.612293 0.025033 0.023641
1 0.955863 0.575650 0.027668 0.026005
1 0.607378 0.897163 0.021080 0.026005
1 0.870224 0.747045 0.027668 0.026005
1 0.917655 0.764775 0.027668 0.026005
1 0.491436 0.979314 0.023715 0.022459
1 0.639657 0.926123 0.032938 0.034279
1 0.691700 0.976359 0.023715 0.026005
1 0.740448 0.947400 0.023715 0.022459
1 0.418972 0.816785 0.021080 0.026005
1 0.472991 0.906619 0.028986 0.021277
1 0.493412 0.779551 0.025033 0.027187
1 0.536232 0.832151 0.028986 0.023641
1 0.374835 0.937943 0.027668 0.017730
1 0.568511 0.927896 0.027668 0.021277
1 0.605402 0.981087 0.025033 0.021277
1 0.831357 0.295508 0.026350 0.023641
1 0.908432 0.374113 0.025033 0.020095
1 0.928854 0.348700 0.026350 0.018913
1 0.958498 0.341017 0.025033 0.024823
1 0.967062 0.301418 0.026350 0.026005
1 0.916337 0.151891 0.022398 0.022459
1 0.918314 0.248227 0.018445 0.023641
1 0.831357 0.341017 0.023715 0.017730
1 0.978920 0.377069 0.023715 0.021277
1 0.828722 0.406619 0.018445 0.023641
1 0.845191 0.462175 0.027668 0.026005
1 0.847167 0.417849 0.021080 0.022459
1 0.815547 0.514184 0.023715 0.021277
1 0.733860 0.431442 0.023715 0.021277
1 0.704875 0.403073 0.023715 0.026005
1 0.736495 0.625887 0.028986 0.024823
1 0.767457 0.614657 0.030303 0.026005
1 0.777997 0.553191 0.022398 0.016548
1 0.764822 0.583924 0.022398 0.018913
1 0.841897 0.519504 0.018445 0.022459
1 0.853755 0.536643 0.018445 0.023641
1 0.854414 0.587470 0.022398 0.021277
1 0.908432 0.413712 0.022398 0.023641
1 0.922925 0.456856 0.025033 0.024823
1 0.949275 0.440898 0.025033 0.023641
1 0.961792 0.469858 0.026350 0.024823
1 0.986166 0.431442 0.022398 0.023641
1 0.980237 0.557329 0.021080 0.022459
1 0.986825 0.523641 0.026350 0.021277
1 0.985507 0.351655 0.021080 0.020095
1 0.962451 0.416667 0.019763 0.017730
1 0.966403 0.399527 0.019763 0.018913
1 0.820158 0.871158 0.030303 0.023641
1 0.872200 0.894208 0.031621 0.031915
1 0.698287 0.933806 0.028986 0.023641
1 0.720026 0.913712 0.022398 0.021277
1 0.723320 0.873522 0.026350 0.023641
1 0.777997 0.817967 0.022398 0.023641
1 0.805665 0.820331 0.027668 0.026005
1 0.924901 0.683215 0.018445 0.030733
1 0.829381 0.778369 0.030303 0.027187
1 0.972991 0.772459 0.027668 0.029551
1 0.728590 0.979905 0.031621 0.023641
1 0.648221 0.737589 0.026350 0.026005
1 0.629776 0.762411 0.028986 0.021277
1 0.625165 0.722813 0.022398 0.024823
1 0.478920 0.651891 0.022398 0.020095
1 0.431489 0.916667 0.022398 0.027187
1 0.679183 0.916667 0.019763 0.020095
1 0.510540 0.624113 0.030303 0.028369
1 0.606061 0.542553 0.031621 0.026005
1 0.629117 0.609338 0.032938 0.031915
1 0.641634 0.645981 0.026350 0.024823
1 0.610013 0.434397 0.026350 0.022459
1 0.577075 0.685579 0.023715 0.018913
1 0.553360 0.673168 0.023715 0.022459
1 0.610672 0.366430 0.027668 0.028369
1 0.546772 0.255319 0.026350 0.030733
1 0.580369 0.248227 0.022398 0.018913
1 0.605402 0.236407 0.022398 0.023641
1 0.464427 0.323877 0.025033 0.023641
1 0.171937 0.885343 0.025033 0.021277
1 0.141634 0.875887 0.027668 0.018913
1 0.142292 0.831560 0.026350 0.024823
1 0.328722 0.985816 0.025033 0.023641
1 0.295125 0.966312 0.026350 0.029551
1 0.268116 0.987589 0.025033 0.020095
1 0.019104 0.890071 0.025033 0.018913
1 0.021080 0.596336 0.026350 0.022459
1 0.047431 0.576832 0.026350 0.023641
1 0.146904 0.551418 0.030303 0.024823
1 0.322134 0.661939 0.027668 0.021277
1 0.065217 0.523641 0.022398 0.028369
1 0.102108 0.439125 0.025033 0.017730
1 0.365613 0.335106 0.022398 0.024823
1 0.391304 0.367612 0.026350 0.021277
1 0.329381 0.387116 0.026350 0.027187
1 0.479578 0.528960 0.023715 0.022459
1 0.640975 0.537234 0.027668 0.022459
1 0.008564 0.145390 0.017128 0.023641
1 0.075099 0.022459 0.023715 0.026005
1 0.143610 0.260047 0.021080 0.030733
1 0.453228 0.501182 0.026350 0.018913
1 0.416337 0.536643 0.021080 0.016548
1 0.059289 0.421395 0.026350 0.017730
1 0.023715 0.393026 0.015810 0.013002
1 0.010540 0.436170 0.023715 0.021277
1 0.195652 0.234634 0.022398 0.024823
1 0.220685 0.296690 0.027668 0.023641
1 0.241107 0.803783 0.023715 0.021277
1 0.476285 0.856974 0.025033 0.028369
1 0.762187 0.848700 0.027668 0.021277
1 0.614625 0.791962 0.027668 0.023641
1 0.530962 0.950946 0.026350 0.022459
1 0.612648 0.954492 0.023715 0.022459
1 0.349802 0.778960 0.022398 0.021277
1 0.397233 0.584515 0.025033 0.024823
1 0.366930 0.627660 0.019763 0.021277
1 0.377470 0.683806 0.025033 0.022459
1 0.204216 0.579196 0.026350 0.026005
1 0.306324 0.543144 0.022398 0.022459
1 0.656126 0.381206 0.031621 0.029551
2 0.286561 0.199764 0.025033 0.026005
2 0.453887 0.156028 0.027668 0.026005
2 0.444005 0.117021 0.023715 0.023641
2 0.369565 0.484043 0.032938 0.027187
2 0.576416 0.513002 0.025033 0.023641
2 0.188406 0.669622 0.031621 0.027187
2 0.598814 0.586879 0.035573 0.027187
2 0.269433 0.360520 0.032938 0.023641
2 0.483531 0.575650 0.031621 0.033097
2 0.542161 0.579787 0.035573 0.027187
2 0.667984 0.592199 0.028986 0.035461
2 0.430830 0.171395 0.026350 0.030733
2 0.266798 0.224586 0.025033 0.033097
2 0.318841 0.208629 0.023715 0.029551
2 0.156126 0.190307 0.030303 0.035461
2 0.115283 0.742317 0.027668 0.021277
2 0.167984 0.692080 0.035573 0.020095
