0 0.140787 0.549801 0.045549 0.111554
0 0.073499 0.695219 0.060041 0.139442
0 0.044513 0.519920 0.055901 0.091633
0 0.196687 0.517928 0.066253 0.103586
2 0.091097 0.227092 0.057971 0.111554
2 0.171843 0.392430 0.049689 0.123506
2 0.257764 0.458167 0.064182 0.127490
2 0.308489 0.505976 0.070393 0.127490
2 0.387164 0.509960 0.057971 0.119522
2 0.318841 0.378486 0.066253 0.127490
2 0.257764 0.326693 0.064182 0.119522
2 0.195652 0.264940 0.055901 0.155378
2 0.143892 0.193227 0.060041 0.091633
2 0.450311 0.585657 0.060041 0.111554
2 0.497930 0.500000 0.060041 0.115538
2 0.506211 0.645418 0.060041 0.127490
2 0.570393 0.729084 0.068323 0.119522
2 0.633540 0.798805 0.041408 0.115538
2 0.701863 0.794821 0.057971 0.123506
2 0.756729 0.860558 0.051760 0.111554
2 0.709110 0.912351 0.060041 0.103586
2 0.501035 0.312749 0.057971 0.131474
2 0.559006 0.472112 0.062112 0.131474
2 0.626294 0.412351 0.064182 0.131474
2 0.689441 0.388446 0.049689 0.123506
2 0.797101 0.171315 0.053830 0.119522
2 0.847826 0.243028 0.064182 0.127490
2 0.906832 0.324701 0.062112 0.123506
2 0.901656 0.189243 0.055901 0.115538
2 0.965839 0.233068 0.060041 0.107570
2 0.785714 0.067729 0.060041 0.103586
2 0.686335 0.059761 0.043478 0.103586
2 0.598344 0.117530 0.049689 0.123506
2 0.641822 0.039841 0.057971 0.071713
2 0.306418 0.099602 0.041408 0.111554
