0 0.364193 0.363400 0.022953 0.031223
0 0.335501 0.348656 0.026779 0.039896
0 0.314461 0.339549 0.018363 0.040763
0 0.306809 0.444926 0.024484 0.029488
0 0.405891 0.441457 0.026779 0.036427
0 0.387911 0.417606 0.026014 0.045967
0 0.414308 0.488291 0.020658 0.032958
0 0.442999 0.526453 0.036725 0.036427
0 0.501913 0.561145 0.030604 0.027754
0 0.448355 0.553339 0.024484 0.017346
0 0.519510 0.529922 0.033665 0.031223
0 0.553558 0.539029 0.029839 0.025152
0 0.554705 0.575022 0.033665 0.026019
0 0.606733 0.532524 0.026014 0.031223
0 0.591048 0.567216 0.029839 0.022550
0 0.630834 0.584562 0.023718 0.027754
0 0.612854 0.571552 0.022953 0.019081
0 0.641928 0.548569 0.024484 0.021683
0 0.667177 0.524718 0.021423 0.024284
0 0.665647 0.558109 0.021423 0.028621
0 0.677123 0.581526 0.018363 0.033825
0 0.692043 0.547268 0.019128 0.029488
0 0.700459 0.584128 0.026779 0.042498
0 0.723030 0.555074 0.021423 0.027754
0 0.744453 0.501301 0.042846 0.027754
0 0.719587 0.453599 0.034430 0.041631
0 0.745983 0.608413 0.029074 0.035559
0 0.802984 0.564614 0.040551 0.036427
0 0.822494 0.493929 0.022953 0.028621
0 0.570390 0.500000 0.031370 0.040763
0 0.610941 0.478317 0.028309 0.025152
0 0.622035 0.445794 0.029074 0.031223
0 0.640015 0.420208 0.026779 0.030356
0 0.511094 0.445360 0.024484 0.030356
0 0.544376 0.468777 0.028309 0.028621
0 0.542464 0.436253 0.030604 0.026019
0 0.542081 0.412836 0.031370 0.022550
0 0.493497 0.418040 0.026014 0.019081
0 0.587988 0.430616 0.037490 0.030356
0 0.577276 0.395924 0.029839 0.028621
0 0.611324 0.334345 0.026014 0.026886
0 0.615532 0.296618 0.029839 0.034692
0 0.584927 0.283174 0.020658 0.035559
0 0.562739 0.300087 0.022188 0.038161
0 0.537108 0.331743 0.030604 0.051171
0 0.499617 0.339115 0.029074 0.027754
0 0.465570 0.326973 0.031370 0.036427
0 0.499235 0.610581 0.023718 0.022550
0 0.456389 0.647441 0.025249 0.033825
0 0.483550 0.707285 0.009181 0.032090
0 0.439556 0.585863 0.028309 0.021683
0 0.429610 0.619254 0.037490 0.027754
0 0.385616 0.665221 0.032135 0.043365
0 0.391354 0.609714 0.023718 0.034692
0 0.363045 0.493062 0.028309 0.019948
0 0.309487 0.532524 0.022188 0.031223
0 0.279648 0.613183 0.020658 0.017346
0 0.320964 0.626626 0.028309 0.032090
0 0.338944 0.546401 0.024484 0.031223
0 0.273527 0.523851 0.031370 0.036427
0 0.247513 0.623157 0.029839 0.033825
0 0.323259 0.684302 0.029839 0.017346
0 0.274292 0.324805 0.034430 0.037294
0 0.415838 0.267997 0.039021 0.045100
0 0.391354 0.208586 0.042081 0.051171
0 0.465953 0.178664 0.026014 0.029488
0 0.519510 0.179965 0.026014 0.028621
0 0.552410 0.140503 0.021423 0.039896
0 0.412777 0.166088 0.029839 0.039029
0 0.276205 0.274935 0.035195 0.029488
0 0.294185 0.225499 0.034430 0.031223
0 0.273910 0.143105 0.027544 0.036427
0 0.338179 0.176062 0.038256 0.032958
0 0.185539 0.246748 0.025249 0.025152
0 0.223412 0.270598 0.030604 0.034692
0 0.289977 0.390720 0.026014 0.037294
0 0.214231 0.348656 0.030604 0.038161
0 0.195868 0.294449 0.032135 0.035559
0 0.151492 0.250217 0.027544 0.040763
0 0.094109 0.282741 0.013772 0.031223
0 0.104820 0.336947 0.029074 0.023417
0 0.140015 0.360798 0.033665 0.029488
0 0.136572 0.385082 0.028309 0.026019
0 0.167942 0.398959 0.029839 0.031223
0 0.201989 0.412402 0.029074 0.030356
0 0.179036 0.356028 0.024484 0.032090
0 0.184392 0.436687 0.036725 0.042498
0 0.158378 0.464007 0.026014 0.031223
0 0.140015 0.447095 0.027544 0.033825
0 0.140398 0.412402 0.032900 0.025152
0 0.105968 0.415872 0.029839 0.026886
0 0.091048 0.442758 0.024484 0.026886
0 0.109793 0.470945 0.020658 0.020815
0 0.047819 0.440156 0.046672 0.025152
0 0.066182 0.391587 0.026779 0.026886
0 0.264728 0.443625 0.032135 0.037294
0 0.254017 0.494363 0.029074 0.029488
0 0.273527 0.479618 0.022188 0.026019
0 0.238715 0.566782 0.039786 0.035559
0 0.184009 0.553773 0.034430 0.037294
0 0.032135 0.363400 0.026014 0.026019
0 0.040551 0.387684 0.019893 0.022550
0 0.193956 0.117953 0.026779 0.031223
0 0.163351 0.134866 0.031370 0.023417
0 0.128156 0.139202 0.026779 0.025152
0 0.055088 0.176930 0.021423 0.026019
0 0.105203 0.045100 0.022188 0.024284
0 0.080719 0.052472 0.023718 0.026886
0 0.087605 0.130529 0.014537 0.021683
0 0.060444 0.098873 0.016832 0.029488
0 0.134660 0.078057 0.024484 0.026019
0 0.180949 0.039896 0.031370 0.015611
0 0.245218 0.064614 0.025249 0.026886
0 0.052793 0.235473 0.026014 0.030356
0 0.345830 0.034258 0.026014 0.021683
0 0.375287 0.082394 0.029839 0.029488
0 0.455624 0.131396 0.025249 0.030356
0 0.469013 0.114918 0.029074 0.032090
0 0.462510 0.059410 0.029839 0.037294
0 0.456389 0.076323 0.029839 0.032958
0 0.500765 0.088899 0.034430 0.047702
0 0.588370 0.192108 0.030604 0.039029
0 0.627008 0.189506 0.026779 0.033825
0 0.643458 0.140503 0.030604 0.043365
0 0.616679 0.100607 0.026014 0.041631
0 0.579954 0.081526 0.029074 0.027754
0 0.596404 0.026453 0.034430 0.032090
0 0.549732 0.045100 0.037490 0.034692
0 0.664499 0.038595 0.028309 0.035559
0 0.688217 0.076323 0.028309 0.034692
0 0.693956 0.104076 0.019893 0.020815
0 0.686305 0.135299 0.013772 0.024284
0 0.941469 0.051605 0.023718 0.026886
0 0.921576 0.087164 0.035960 0.028621
0 0.915838 0.143105 0.013772 0.020815
0 0.965953 0.091067 0.023718 0.034692
0 0.988523 0.144406 0.019893 0.032090
0 0.884468 0.147875 0.036725 0.021683
0 0.843152 0.041197 0.024484 0.025152
0 0.854246 0.079358 0.020658 0.018213
0 0.909717 0.030789 0.026014 0.026886
0 0.952946 0.017346 0.019128 0.026019
0 0.793803 0.024718 0.025249 0.028621
0 0.739480 0.104076 0.016067 0.045100
0 0.759373 0.197311 0.026779 0.030356
0 0.807957 0.190807 0.039786 0.024284
0 0.727238 0.189939 0.017598 0.029488
0 0.727238 0.229402 0.014537 0.028621
0 0.721117 0.260191 0.017598 0.036427
0 0.739480 0.258023 0.016067 0.030356
0 0.747513 0.230269 0.015302 0.026886
0 0.941852 0.191674 0.021423 0.038161
0 0.910482 0.208586 0.019893 0.040763
0 0.944529 0.250650 0.032900 0.032958
0 0.965187 0.268864 0.023718 0.029488
0 0.884851 0.252819 0.020658 0.032090
0 0.858837 0.287511 0.020658 0.042498
0 0.834353 0.303990 0.020658 0.037294
0 0.822494 0.258456 0.021423 0.041631
0 0.783856 0.281873 0.017598 0.026019
0 0.769702 0.309193 0.027544 0.030356
0 0.900918 0.340416 0.025249 0.039029
0 0.885233 0.374241 0.021423 0.028621
0 0.871079 0.340416 0.028309 0.042498
0 0.804132 0.370772 0.048967 0.016479
0 0.680184 0.335212 0.038256 0.063313
0 0.720735 0.349523 0.029074 0.057242
0 0.879495 0.415872 0.031370 0.035559
0 0.804132 0.416305 0.033665 0.031223
0 0.678271 0.286210 0.043611 0.043365
0 0.850803 0.500000 0.026014 0.028621
0 0.889824 0.531223 0.036725 0.028621
0 0.927314 0.533825 0.032135 0.018213
0 0.972073 0.522984 0.026779 0.031223
0 0.906274 0.576323 0.031370 0.032090
0 0.940321 0.598439 0.021423 0.027754
0 0.923106 0.611448 0.019128 0.027754
0 0.985463 0.584562 0.026014 0.022550
0 0.984698 0.628361 0.026014 0.026886
0 0.832823 0.555074 0.042081 0.032958
0 0.804897 0.522116 0.019893 0.020815
0 0.773910 0.636600 0.026779 0.029488
0 0.805662 0.644406 0.022953 0.031223
0 0.827850 0.640937 0.027544 0.031223
0 0.860367 0.667389 0.026779 0.032090
0 0.927314 0.658716 0.015302 0.021683
0 0.897858 0.647875 0.016067 0.017346
0 0.980872 0.696444 0.026014 0.031223
0 0.895180 0.712056 0.022953 0.041631
0 0.877965 0.737641 0.026779 0.025152
0 0.781178 0.723330 0.026014 0.032958
0 0.796863 0.742411 0.020658 0.032958
0 0.695868 0.647875 0.026779 0.041631
0 0.719969 0.699480 0.021423 0.026886
0 0.696251 0.694276 0.018363 0.025152
0 0.706580 0.732871 0.029839 0.034692
0 0.669855 0.711188 0.025249 0.034692
0 0.663734 0.643105 0.019128 0.045967
0 0.979725 0.819601 0.028309 0.036427
0 0.884086 0.776670 0.023718 0.039029
0 0.851186 0.748482 0.026779 0.026019
0 0.822494 0.774935 0.026014 0.032090
0 0.798393 0.790980 0.023718 0.022550
0 0.776205 0.809627 0.026779 0.023417
0 0.899005 0.830009 0.019893 0.038161
0 0.886764 0.897658 0.032135 0.034692
0 0.969396 0.889853 0.018363 0.039896
0 0.983168 0.868170 0.022953 0.031223
0 0.917368 0.926713 0.035195 0.032090
0 0.844682 0.910668 0.032135 0.038161
0 0.823642 0.872940 0.026779 0.032090
0 0.773145 0.884649 0.022188 0.029488
0 0.765493 0.935820 0.028309 0.031223
0 0.729916 0.943625 0.029074 0.034692
0 0.696634 0.974848 0.032900 0.039896
0 0.706580 0.890286 0.031370 0.035559
0 0.741393 0.840416 0.035195 0.039896
0 0.715379 0.817866 0.039786 0.034692
0 0.671385 0.832611 0.034430 0.038161
0 0.648814 0.872940 0.042846 0.028621
0 0.613236 0.870772 0.029839 0.032958
0 0.603290 0.840416 0.031370 0.032958
0 0.588370 0.888118 0.029074 0.029488
0 0.628539 0.750217 0.029839 0.039896
0 0.656083 0.924545 0.029839 0.029488
0 0.632747 0.928448 0.022953 0.032090
0 0.610941 0.946227 0.034430 0.034692
0 0.545524 0.916739 0.036725 0.034692
0 0.780796 0.766696 0.026779 0.032958
0 0.557383 0.809627 0.037490 0.030356
0 0.521806 0.853426 0.030604 0.031223
0 0.501148 0.876843 0.029074 0.026019
0 0.498852 0.898526 0.035195 0.024284
0 0.483550 0.847355 0.032135 0.026019
0 0.464422 0.871206 0.027544 0.023417
0 0.449120 0.813530 0.039786 0.034692
0 0.436878 0.852125 0.029074 0.032090
0 0.491201 0.779705 0.052028 0.055507
0 0.438026 0.935820 0.022188 0.026019
0 0.471691 0.966175 0.029839 0.029488
0 0.393650 0.896791 0.028309 0.038161
0 0.388676 0.973981 0.021423 0.026019
0 0.363428 0.816565 0.029074 0.026886
0 0.356924 0.858630 0.020658 0.036427
0 0.392502 0.720295 0.026014 0.039029
0 0.363810 0.742845 0.032900 0.042498
0 0.327467 0.859063 0.024484 0.032090
0 0.403979 0.837814 0.026014 0.031223
0 0.272379 0.910668 0.029074 0.036427
0 0.287299 0.928014 0.016067 0.029488
0 0.323259 0.968777 0.028309 0.036427
0 0.372992 0.941457 0.014537 0.021683
0 0.229151 0.964874 0.020658 0.030356
0 0.199694 0.983521 0.024484 0.029488
0 0.320581 0.733304 0.033665 0.032090
0 0.303749 0.770598 0.027544 0.033825
0 0.269319 0.819167 0.027544 0.035559
0 0.270084 0.720729 0.010712 0.012142
0 0.248661 0.738075 0.018363 0.013877
0 0.249426 0.759757 0.015302 0.020815
0 0.203902 0.758023 0.019128 0.024284
0 0.270084 0.679965 0.030604 0.038161
0 0.201989 0.716392 0.029074 0.017346
0 0.236802 0.855160 0.028309 0.032958
0 0.213083 0.808760 0.023718 0.023417
0 0.154170 0.917606 0.031370 0.038161
0 0.151875 0.891154 0.034430 0.032090
0 0.159526 0.859063 0.032900 0.035559
0 0.155700 0.828274 0.022188 0.020815
0 0.140398 0.797918 0.026779 0.043365
0 0.171385 0.797918 0.032135 0.019081
0 0.111706 0.872940 0.029074 0.037294
0 0.107116 0.794449 0.027544 0.026019
0 0.081484 0.828274 0.031370 0.027754
0 0.047054 0.786210 0.034430 0.032090
0 0.054705 0.754553 0.032900 0.031223
0 0.131982 0.687337 0.026779 0.030356
0 0.113236 0.676062 0.026014 0.026886
0 0.091431 0.972246 0.019128 0.031223
0 0.041699 0.725932 0.032900 0.029488
0 0.022953 0.696010 0.038256 0.026886
0 0.057383 0.661752 0.033665 0.027754
0 0.080719 0.635733 0.035960 0.032958
0 0.120888 0.601908 0.022953 0.032958
0 0.135042 0.620121 0.025249 0.034692
0 0.159526 0.757589 0.035960 0.040763
0 0.209640 0.664354 0.029074 0.024284
0 0.055853 0.886383 0.032135 0.026019
0 0.013389 0.604510 0.014537 0.029488
0 0.029457 0.578491 0.019128 0.031223
0 0.070390 0.511709 0.029074 0.032958
0 0.942617 0.895056 0.022953 0.017346
0 0.873374 0.582827 0.019128 0.020815
0 0.610176 0.372073 0.039021 0.020815
0 0.589135 0.357762 0.022953 0.023417
0 0.870696 0.447528 0.019893 0.027754
0 0.534813 0.368604 0.015302 0.024284
0 0.653405 0.245447 0.039786 0.041631
0 0.302219 0.276670 0.019893 0.031223
0 0.309105 0.303556 0.022953 0.020815
0 0.455241 0.231136 0.026014 0.028621
0 0.244070 0.139636 0.022953 0.039896
0 0.215379 0.055507 0.019128 0.026019
0 0.752104 0.008239 0.022953 0.014744
0 0.546289 0.010408 0.027544 0.015611
0 0.699694 0.053339 0.022188 0.023417
0 0.683627 0.014310 0.020658 0.016479
0 0.874522 0.089766 0.021423 0.026886
0 0.873757 0.127060 0.018363 0.019948
0 0.857307 0.103643 0.023718 0.030356
0 0.810635 0.044232 0.023718 0.024284
0 0.830145 0.052905 0.019893 0.019081
0 0.909334 0.007806 0.022188 0.012142
0 0.296863 0.022984 0.016832 0.025152
3 0.501148 0.273634 0.097934 0.103209
3 0.540551 0.722029 0.109411 0.129228
3 0.580719 0.655247 0.128539 0.120555
3 0.931523 0.471379 0.110941 0.099740
3 0.791125 0.124892 0.102525 0.111015
3 0.947590 0.334779 0.080337 0.097138
3 0.044376 0.939289 0.084162 0.086730
