0 0.177184 0.355611 0.053398 0.044554
0 0.314320 0.351485 0.065534 0.049505
0 0.200243 0.407591 0.123786 0.049505
0 0.197816 0.459571 0.109223 0.037954
0 0.666262 0.476898 0.075243 0.079208
1 0.064320 0.106436 0.036408 0.041254
1 0.023058 0.190594 0.036408 0.028053
1 0.063107 0.172442 0.063107 0.024752
1 0.150485 0.155116 0.048544 0.033003
1 0.228155 0.155116 0.043689 0.029703
1 0.271845 0.133663 0.038835 0.033003
1 0.196602 0.190594 0.043689 0.031353
1 0.128641 0.231023 0.048544 0.033003
1 0.137136 0.076733 0.041262 0.024752
1 0.155340 0.109736 0.038835 0.031353
1 0.206311 0.078383 0.043689 0.024752
1 0.202670 0.117162 0.046117 0.033003
1 0.279126 0.084983 0.043689 0.031353
1 0.321602 0.119637 0.041262 0.021452
1 0.367718 0.109736 0.050971 0.031353
1 0.434466 0.117162 0.043689 0.029703
1 0.444175 0.073432 0.038835 0.031353
1 0.112864 0.336634 0.050971 0.029703
1 0.115291 0.369637 0.036408 0.019802
1 0.104369 0.283828 0.038835 0.026403
1 0.199029 0.232673 0.043689 0.023102
1 0.226942 0.258251 0.055825 0.024752
1 0.276699 0.226898 0.043689 0.031353
1 0.161408 0.299505 0.050971 0.031353
1 0.324029 0.301980 0.041262 0.029703
1 0.358010 0.279703 0.041262 0.024752
1 0.466019 0.270627 0.038835 0.029703
1 0.439320 0.187294 0.038835 0.031353
1 0.400485 0.208746 0.038835 0.031353
1 0.518204 0.227723 0.046117 0.023102
1 0.581311 0.201320 0.036408 0.023102
1 0.618932 0.173267 0.048544 0.036304
1 0.516990 0.267327 0.033981 0.026403
1 0.549757 0.326733 0.050971 0.026403
1 0.432039 0.338284 0.043689 0.042904
1 0.574029 0.273102 0.031553 0.021452
1 0.598301 0.286304 0.031553 0.024752
1 0.604369 0.319307 0.038835 0.031353
1 0.581311 0.237624 0.046117 0.026403
1 0.622573 0.252475 0.046117 0.026403
1 0.343447 0.198845 0.041262 0.031353
1 0.300971 0.259076 0.048544 0.036304
1 0.260922 0.193894 0.050971 0.024752
1 0.275485 0.384488 0.036408 0.026403
1 0.067961 0.372112 0.038835 0.021452
1 0.026699 0.369637 0.048544 0.033003
1 0.058252 0.336634 0.033981 0.036304
1 0.179612 0.044554 0.048544 0.033003
1 0.141990 0.028053 0.046117 0.029703
1 0.228155 0.014851 0.043689 0.026403
1 0.316748 0.023927 0.046117 0.034653
1 0.400485 0.017327 0.029126 0.024752
1 0.650485 0.131188 0.048544 0.031353
1 0.677184 0.101485 0.033981 0.028053
1 0.725728 0.079208 0.038835 0.026403
1 0.775485 0.073432 0.041262 0.031353
1 0.764563 0.108086 0.038835 0.028053
1 0.655340 0.014851 0.053398 0.026403
1 0.814320 0.023927 0.041262 0.031353
1 0.866505 0.022277 0.043689 0.031353
1 0.832524 0.084983 0.033981 0.028053
1 0.861650 0.114686 0.043689 0.028053
1 0.824029 0.126238 0.041262 0.024752
1 0.648058 0.226898 0.043689 0.031353
1 0.694175 0.221947 0.033981 0.034653
1 0.804612 0.154290 0.050971 0.028053
1 0.850728 0.186469 0.036408 0.026403
1 0.918689 0.212871 0.046117 0.026403
1 0.763350 0.279703 0.050971 0.028053
1 0.734223 0.313531 0.041262 0.029703
1 0.674757 0.306931 0.043689 0.036304
1 0.690534 0.265677 0.036408 0.019802
1 0.735437 0.250825 0.033981 0.019802
1 0.748786 0.226073 0.041262 0.029703
1 0.707524 0.194719 0.031553 0.016502
1 0.860437 0.309406 0.055825 0.034653
1 0.814320 0.296205 0.041262 0.024752
1 0.968447 0.377063 0.033981 0.018152
1 0.819175 0.460396 0.036408 0.029703
1 0.777913 0.447195 0.041262 0.029703
1 0.685680 0.346535 0.036408 0.026403
1 0.651699 0.359736 0.031553 0.023102
1 0.567961 0.353135 0.043689 0.026403
1 0.662621 0.399340 0.043689 0.026403
1 0.671117 0.423267 0.046117 0.021452
1 0.612864 0.436469 0.036408 0.024752
1 0.603155 0.468647 0.031553 0.019802
1 0.563107 0.441419 0.048544 0.024752
1 0.580097 0.495050 0.033981 0.026403
1 0.597087 0.547855 0.043689 0.033003
1 0.650485 0.568482 0.043689 0.028053
1 0.739078 0.548680 0.036408 0.024752
1 0.782767 0.540429 0.031553 0.024752
1 0.850728 0.560231 0.041262 0.037954
1 0.830097 0.528053 0.038835 0.019802
1 0.797330 0.574257 0.046117 0.036304
1 0.855583 0.599835 0.041262 0.021452
1 0.963592 0.585809 0.048544 0.033003
1 0.938107 0.630363 0.041262 0.036304
1 0.808252 0.623762 0.053398 0.029703
1 0.733010 0.618812 0.043689 0.026403
1 0.557039 0.533003 0.026699 0.019802
1 0.496359 0.589934 0.036408 0.024752
1 0.506068 0.545380 0.041262 0.028053
1 0.533981 0.500000 0.038835 0.023102
1 0.501214 0.473597 0.046117 0.026403
1 0.419903 0.566832 0.043689 0.031353
1 0.450243 0.615512 0.026699 0.023102
1 0.375000 0.606436 0.031553 0.024752
1 0.338592 0.570957 0.041262 0.029703
1 0.326456 0.525578 0.031553 0.028053
1 0.459951 0.507426 0.036408 0.028053
1 0.408981 0.523927 0.055825 0.034653
1 0.396845 0.478548 0.036408 0.026403
1 0.342233 0.478548 0.038835 0.033003
1 0.445388 0.456271 0.055825 0.021452
1 0.491505 0.431518 0.036408 0.034653
1 0.566748 0.385314 0.055825 0.024752
1 0.527913 0.400990 0.041262 0.026403
1 0.427184 0.404290 0.048544 0.026403
1 0.348301 0.419142 0.041262 0.029703
1 0.884709 0.669142 0.046117 0.034653
1 0.830097 0.675743 0.029126 0.024752
1 0.862864 0.712046 0.046117 0.028053
1 0.905340 0.746700 0.038835 0.024752
1 0.962379 0.747525 0.031553 0.026403
1 0.916262 0.807756 0.041262 0.028053
1 0.809466 0.723597 0.036408 0.037954
1 0.756068 0.718647 0.041262 0.031353
1 0.756068 0.767327 0.050971 0.029703
1 0.804612 0.802805 0.041262 0.028053
1 0.856796 0.814356 0.038835 0.031353
1 0.792476 0.838284 0.041262 0.026403
1 0.668689 0.831683 0.046117 0.029703
1 0.669903 0.762376 0.038835 0.019802
1 0.651699 0.732673 0.050971 0.026403
1 0.641990 0.704620 0.041262 0.026403
1 0.623786 0.783003 0.038835 0.021452
1 0.632282 0.816007 0.046117 0.034653
1 0.588592 0.847360 0.046117 0.034653
1 0.583738 0.916667 0.041262 0.021452
1 0.555825 0.873762 0.033981 0.034653
1 0.544903 0.938119 0.041262 0.028053
1 0.564320 0.803630 0.041262 0.033003
1 0.584951 0.744224 0.053398 0.023102
1 0.529126 0.783003 0.048544 0.034653
1 0.525485 0.831683 0.041262 0.029703
1 0.453883 0.888614 0.033981 0.021452
1 0.472087 0.924092 0.080097 0.029703
1 0.361650 0.935644 0.038835 0.026403
1 0.342233 0.953795 0.043689 0.026403
1 0.320388 0.897690 0.033981 0.029703
1 0.362864 0.890264 0.026699 0.021452
1 0.405340 0.872937 0.029126 0.023102
1 0.381068 0.822607 0.033981 0.028053
1 0.480583 0.801980 0.033981 0.026403
1 0.445388 0.797030 0.031553 0.026403
1 0.442961 0.758251 0.046117 0.031353
1 0.156553 0.970297 0.041262 0.026403
1 0.211165 0.957921 0.043689 0.028053
1 0.285194 0.951320 0.041262 0.028053
1 0.148058 0.926568 0.029126 0.028053
1 0.192961 0.919142 0.046117 0.036304
1 0.245146 0.908416 0.038835 0.021452
1 0.246359 0.854785 0.036408 0.029703
1 0.156553 0.866337 0.036408 0.029703
1 0.351942 0.853135 0.038835 0.029703
1 0.304612 0.847360 0.046117 0.028053
1 0.271845 0.801155 0.038835 0.031353
1 0.160194 0.816007 0.043689 0.028053
1 0.057039 0.824257 0.041262 0.034653
1 0.208738 0.870462 0.038835 0.034653
1 0.183252 0.783828 0.041262 0.029703
1 0.222087 0.768977 0.036408 0.019802
1 0.364078 0.782178 0.043689 0.033003
1 0.299757 0.767327 0.046117 0.029703
1 0.401699 0.735974 0.046117 0.033003
1 0.408981 0.694719 0.041262 0.029703
1 0.292476 0.732673 0.046117 0.026403
1 0.493932 0.950495 0.041262 0.029703
1 0.207524 0.695545 0.055825 0.024752
1 0.141990 0.723597 0.036408 0.034653
1 0.337379 0.673267 0.053398 0.033003
1 0.160194 0.665842 0.038835 0.031353
1 0.206311 0.637789 0.043689 0.031353
1 0.241505 0.608086 0.041262 0.028053
1 0.196602 0.547030 0.043689 0.031353
1 0.185680 0.507426 0.041262 0.028053
1 0.027913 0.669142 0.041262 0.028053
1 0.031553 0.730198 0.038835 0.031353
