1 0.169619 0.025641 0.034060 0.032051
1 0.277248 0.087340 0.028610 0.030449
1 0.320163 0.037660 0.029973 0.027244
1 0.311308 0.064904 0.025886 0.027244
1 0.949591 0.054487 0.021798 0.035256
1 0.912125 0.073718 0.025886 0.035256
1 0.946185 0.142628 0.017711 0.025641
1 0.911444 0.024038 0.040872 0.035256
1 0.861035 0.050481 0.019074 0.052885
1 0.842643 0.029647 0.017711 0.024038
1 0.058583 0.878205 0.027248 0.035256
1 0.095368 0.876603 0.024523 0.035256
1 0.121253 0.895833 0.019074 0.025641
1 0.088556 0.911859 0.019074 0.025641
1 0.156676 0.866987 0.024523 0.028846
1 0.179837 0.910256 0.024523 0.032051
1 0.215940 0.888622 0.025886 0.024038
1 0.227520 0.905449 0.021798 0.022436
1 0.266349 0.886218 0.031335 0.035256
1 0.291553 0.898237 0.024523 0.027244
1 0.245232 0.859776 0.021798 0.033654
1 0.212534 0.845353 0.027248 0.033654
1 0.182561 0.857372 0.027248 0.035256
1 0.147139 0.818109 0.032698 0.036859
1 0.173706 0.822115 0.023161 0.032051
1 0.121935 0.851763 0.028610 0.033654
1 0.249319 0.823718 0.029973 0.028846
1 0.235695 0.984776 0.024523 0.030449
1 0.162125 0.966346 0.024523 0.035256
1 0.012943 0.961538 0.023161 0.028846
1 0.049046 0.985577 0.024523 0.028846
1 0.307902 0.945513 0.024523 0.028846
1 0.353542 0.908654 0.025886 0.028846
1 0.042234 0.647436 0.027248 0.028846
1 0.102861 0.652244 0.028610 0.032051
1 0.147139 0.661859 0.029973 0.028846
1 0.089237 0.693910 0.023161 0.038462
1 0.059264 0.704327 0.025886 0.030449
1 0.138965 0.717949 0.021798 0.032051
1 0.184605 0.709135 0.025886 0.027244
1 0.193460 0.665865 0.027248 0.027244
1 0.173025 0.634615 0.024523 0.025641
1 0.115804 0.741987 0.024523 0.028846
1 0.088556 0.750801 0.024523 0.033654
1 0.144414 0.766026 0.021798 0.038462
1 0.177793 0.754808 0.031335 0.032051
1 0.210490 0.772436 0.023161 0.025641
1 0.234332 0.758814 0.024523 0.033654
1 0.223433 0.725160 0.021798 0.030449
1 0.212534 0.742788 0.021798 0.017628
1 0.251362 0.714744 0.023161 0.028846
1 0.080381 0.563301 0.021798 0.030449
1 0.109673 0.556891 0.023161 0.027244
1 0.143052 0.511218 0.024523 0.028846
1 0.197548 0.532051 0.027248 0.028846
1 0.252044 0.557692 0.027248 0.028846
1 0.063351 0.599359 0.023161 0.025641
1 0.108992 0.599359 0.024523 0.022436
1 0.084469 0.620994 0.013624 0.017628
1 0.046322 0.564103 0.019074 0.028846
1 0.021117 0.537660 0.020436 0.033654
1 0.363760 0.754006 0.027248 0.027244
1 0.326294 0.787660 0.020436 0.030449
1 0.358311 0.806090 0.024523 0.028846
1 0.373978 0.781250 0.023161 0.027244
1 0.424387 0.749199 0.020436 0.027244
1 0.411444 0.845353 0.035422 0.024038
1 0.420981 0.875000 0.021798 0.025641
1 0.398501 0.892628 0.023161 0.025641
1 0.474114 0.877404 0.027248 0.033654
1 0.513624 0.888622 0.024523 0.027244
1 0.551090 0.895032 0.023161 0.027244
1 0.469346 0.826923 0.028610 0.032051
1 0.412807 0.678686 0.027248 0.033654
1 0.354223 0.697917 0.024523 0.033654
1 0.323569 0.705128 0.020436 0.028846
1 0.309264 0.737179 0.027248 0.028846
1 0.303134 0.644231 0.025886 0.025641
1 0.345368 0.645032 0.028610 0.027244
1 0.324932 0.833333 0.023161 0.028846
1 0.269755 0.524038 0.024523 0.032051
1 0.301771 0.564103 0.023161 0.028846
1 0.326975 0.510417 0.024523 0.030449
1 0.363760 0.501603 0.021798 0.038462
1 0.420300 0.555288 0.028610 0.027244
1 0.270436 0.474359 0.025886 0.028846
1 0.076975 0.427083 0.025886 0.030449
1 0.094005 0.394231 0.024523 0.035256
1 0.155313 0.375801 0.024523 0.030449
1 0.158038 0.451923 0.027248 0.028846
1 0.279292 0.394231 0.024523 0.032051
1 0.341962 0.395833 0.027248 0.035256
1 0.299046 0.366186 0.025886 0.030449
1 0.231608 0.307692 0.027248 0.025641
1 0.088556 0.324519 0.019074 0.027244
1 0.173025 0.315705 0.035422 0.028846
1 0.500000 0.060897 0.027248 0.028846
1 0.538828 0.059295 0.020436 0.025641
1 0.610354 0.041667 0.021798 0.038462
1 0.604223 0.017628 0.028610 0.025641
1 0.635559 0.160256 0.023161 0.025641
1 0.606267 0.192308 0.029973 0.028846
1 0.627384 0.221154 0.023161 0.028846
1 0.559264 0.189103 0.036785 0.032051
1 0.546322 0.141026 0.021798 0.025641
1 0.516349 0.137019 0.024523 0.030449
1 0.538828 0.100962 0.028610 0.028846
1 0.599455 0.116186 0.027248 0.030449
1 0.521798 0.171474 0.024523 0.028846
1 0.484332 0.147436 0.023161 0.032051
1 0.473433 0.181891 0.039510 0.027244
1 0.626703 0.094551 0.027248 0.032051
1 0.655313 0.077724 0.024523 0.030449
1 0.658038 0.047276 0.027248 0.030449
1 0.643052 0.022436 0.027248 0.022436
1 0.696866 0.035256 0.028610 0.028846
1 0.490463 0.099359 0.027248 0.028846
1 0.459809 0.120192 0.025886 0.035256
1 0.463896 0.063301 0.028610 0.030449
1 0.431199 0.094551 0.020436 0.032051
1 0.414169 0.132212 0.021798 0.030449
1 0.437330 0.160256 0.027248 0.032051
1 0.519074 0.023237 0.027248 0.030449
1 0.543597 0.019231 0.024523 0.028846
1 0.565395 0.053686 0.027248 0.030449
1 0.588556 0.151442 0.040872 0.040064
1 0.668256 0.014423 0.031335 0.025641
1 0.747275 0.045673 0.020436 0.030449
1 0.768392 0.032853 0.027248 0.036859
1 0.818120 0.041667 0.028610 0.035256
1 0.807221 0.082532 0.023161 0.030449
1 0.778610 0.117788 0.028610 0.030449
1 0.775204 0.081731 0.021798 0.032051
1 0.743188 0.073718 0.025886 0.025641
1 0.826975 0.105769 0.027248 0.032051
1 0.811308 0.142628 0.023161 0.032051
1 0.775886 0.170673 0.025886 0.020833
1 0.779292 0.196314 0.024523 0.030449
1 0.895095 0.108974 0.021798 0.038462
1 0.917575 0.152244 0.025886 0.035256
1 0.914169 0.185096 0.027248 0.030449
1 0.920300 0.221154 0.023161 0.035256
1 0.956403 0.230769 0.035422 0.032051
1 0.908719 0.264423 0.027248 0.028846
1 0.933924 0.299679 0.025886 0.032051
1 0.976158 0.274840 0.031335 0.030449
1 0.828338 0.259615 0.027248 0.035256
1 0.876703 0.217147 0.028610 0.036859
1 0.896458 0.355769 0.024523 0.028846
1 0.960490 0.363782 0.024523 0.025641
1 0.974796 0.330128 0.025886 0.038462
1 0.838556 0.330929 0.028610 0.027244
1 0.778610 0.240385 0.025886 0.035256
1 0.802452 0.297276 0.027248 0.030449
1 0.743188 0.319712 0.023161 0.033654
1 0.763624 0.295673 0.023161 0.036859
1 0.786104 0.318109 0.024523 0.033654
1 0.743188 0.377404 0.028610 0.040064
1 0.158719 0.173878 0.028610 0.027244
1 0.193460 0.131410 0.019074 0.032051
1 0.284741 0.200321 0.027248 0.025641
1 0.315395 0.137019 0.025886 0.030449
1 0.340599 0.223558 0.027248 0.030449
1 0.363760 0.203526 0.024523 0.028846
1 0.310627 0.270833 0.024523 0.028846
1 0.330381 0.260417 0.023161 0.030449
1 0.320163 0.312500 0.027248 0.032051
1 0.235014 0.263622 0.028610 0.030449
1 0.286104 0.431891 0.021798 0.030449
1 0.346730 0.464744 0.020436 0.035256
1 0.038147 0.369391 0.021798 0.024038
1 0.221390 0.626603 0.020436 0.041667
1 0.275204 0.624199 0.027248 0.030449
1 0.391008 0.630609 0.027248 0.027244
1 0.413488 0.626603 0.020436 0.028846
1 0.448229 0.612179 0.019074 0.022436
1 0.448910 0.580929 0.023161 0.024038
1 0.472071 0.645833 0.028610 0.028846
1 0.480245 0.725962 0.020436 0.028846
1 0.475477 0.701923 0.016349 0.022436
1 0.269755 0.740385 0.019074 0.028846
1 0.299728 0.690705 0.013624 0.016026
1 0.320845 0.665064 0.014986 0.019231
1 0.492507 0.583333 0.025886 0.028846
1 0.849455 0.543269 0.025886 0.028846
1 0.881471 0.540865 0.021798 0.030449
1 0.928474 0.540064 0.020436 0.025641
1 0.871253 0.487981 0.023161 0.030449
1 0.845368 0.511218 0.025886 0.025641
1 0.875341 0.442308 0.023161 0.028846
1 0.914850 0.435897 0.023161 0.035256
1 0.950954 0.424679 0.024523 0.041667
1 0.924387 0.591346 0.025886 0.028846
1 0.944823 0.620192 0.023161 0.028846
1 0.860354 0.633814 0.023161 0.033654
1 0.863079 0.586538 0.023161 0.028846
1 0.836512 0.600962 0.024523 0.025641
1 0.899864 0.665865 0.023161 0.046474
1 0.886240 0.706731 0.020436 0.025641
1 0.824251 0.713942 0.024523 0.027244
1 0.762943 0.685096 0.021798 0.033654
1 0.798365 0.688301 0.024523 0.020833
1 0.756131 0.639423 0.019074 0.038462
1 0.982970 0.701923 0.031335 0.028846
1 0.862398 0.777244 0.032698 0.025641
1 0.793597 0.766026 0.023161 0.025641
1 0.737057 0.466346 0.027248 0.028846
1 0.786785 0.416667 0.020436 0.035256
1 0.806540 0.407853 0.021798 0.024038
1 0.691417 0.398237 0.025886 0.033654
1 0.675068 0.440705 0.025886 0.035256
1 0.617847 0.470353 0.025886 0.030449
1 0.583106 0.506410 0.027248 0.028846
1 0.582425 0.455929 0.023161 0.027244
1 0.651907 0.341346 0.034060 0.028846
1 0.723433 0.342147 0.027248 0.030449
1 0.694823 0.352564 0.024523 0.032051
1 0.684605 0.302083 0.023161 0.027244
1 0.643052 0.306891 0.024523 0.033654
1 0.606948 0.320513 0.017711 0.025641
1 0.553815 0.533654 0.031335 0.025641
1 0.788828 0.525641 0.032698 0.028846
1 0.799046 0.491186 0.042234 0.056090
1 0.842643 0.451122 0.017711 0.020833
1 0.746594 0.824519 0.024523 0.036859
1 0.777929 0.811699 0.024523 0.030449
1 0.948229 0.856571 0.035422 0.027244
1 0.707084 0.798878 0.024523 0.027244
1 0.664850 0.833333 0.035422 0.025641
1 0.643733 0.861378 0.025886 0.024038
1 0.782016 0.863782 0.027248 0.028846
1 0.844687 0.810096 0.043597 0.027244
1 0.893733 0.792468 0.016349 0.017628
1 0.876703 0.826923 0.055858 0.032051
1 0.827657 0.928686 0.031335 0.043269
1 0.825613 0.990385 0.024523 0.019231
1 0.625341 0.978365 0.021798 0.027244
1 0.401226 0.972756 0.023161 0.025641
1 0.722071 0.915064 0.027248 0.022436
1 0.742507 0.744391 0.024523 0.049679
1 0.722752 0.519231 0.025886 0.028846
1 0.259537 0.230769 0.017711 0.022436
1 0.256131 0.315705 0.021798 0.032051
1 0.266349 0.342147 0.028610 0.030449
1 0.245232 0.378205 0.016349 0.022436
1 0.199591 0.495994 0.034060 0.043269
1 0.245232 0.508013 0.021798 0.022436
1 0.372616 0.549679 0.025886 0.025641
1 0.390327 0.536058 0.020436 0.043269
1 0.854905 0.172276 0.036785 0.033654
1 0.019755 0.693910 0.028610 0.035256
1 0.715259 0.200321 0.027248 0.035256
0 0.360354 0.141827 0.047684 0.052885
0 0.376703 0.048077 0.058583 0.067308
