0 0.854206 0.125000 0.097196 0.071256
0 0.847664 0.498792 0.057944 0.055556
0 0.876636 0.789855 0.074766 0.053140
0 0.435514 0.056159 0.082243 0.049517
1 0.194393 0.015700 0.052336 0.028986
1 0.302804 0.025966 0.033645 0.018116
1 0.024299 0.046498 0.037383 0.025362
1 0.500000 0.047705 0.042991 0.025362
1 0.297196 0.051932 0.037383 0.026570
1 0.712150 0.060990 0.056075 0.025362
1 0.377570 0.062198 0.037383 0.025362
1 0.524299 0.085749 0.035514 0.026570
1 0.302804 0.092391 0.029907 0.018116
1 0.092523 0.099638 0.035514 0.022947
1 0.575701 0.105072 0.044860 0.021739
1 0.388785 0.109903 0.052336 0.028986
1 0.569159 0.123792 0.042991 0.022947
1 0.271963 0.127415 0.050467 0.035024
1 0.304673 0.129831 0.048598 0.030193
1 0.221495 0.133454 0.035514 0.020531
1 0.566355 0.151570 0.037383 0.042271
1 0.671963 0.154589 0.042991 0.021739
1 0.178505 0.158213 0.046729 0.031401
1 0.645794 0.165459 0.050467 0.026570
1 0.376636 0.175725 0.042991 0.022947
1 0.687850 0.178744 0.048598 0.021739
1 0.750467 0.185990 0.050467 0.036232
1 0.201869 0.192029 0.044860 0.019324
1 0.395327 0.197464 0.050467 0.030193
1 0.610280 0.205314 0.042991 0.019324
1 0.314953 0.205918 0.054206 0.027778
1 0.752336 0.226449 0.050467 0.030193
1 0.395327 0.240942 0.042991 0.035024
1 0.805607 0.243961 0.048598 0.031401
1 0.731776 0.247585 0.050467 0.024155
1 0.256075 0.255435 0.041121 0.027778
1 0.517757 0.268116 0.048598 0.021739
1 0.120561 0.271135 0.035514 0.022947
1 0.188785 0.271739 0.041121 0.024155
1 0.152336 0.275966 0.031776 0.027778
1 0.301869 0.287440 0.050467 0.021739
1 0.483178 0.288043 0.046729 0.027778
1 0.660748 0.289855 0.042991 0.021739
1 0.830841 0.293478 0.050467 0.038647
1 0.369159 0.294082 0.035514 0.025362
1 0.946729 0.307971 0.042991 0.026570
1 0.895327 0.310386 0.048598 0.028986
1 0.605607 0.309783 0.044860 0.027778
1 0.433645 0.310990 0.048598 0.032609
1 0.670093 0.322464 0.046729 0.031401
1 0.559813 0.325483 0.039252 0.027778
1 0.711215 0.329106 0.039252 0.032609
1 0.954206 0.333937 0.042991 0.022947
1 0.457009 0.334541 0.046729 0.024155
1 0.147664 0.333937 0.037383 0.025362
1 0.200935 0.343599 0.039252 0.030193
1 0.902804 0.346618 0.037383 0.026570
1 0.580374 0.349638 0.039252 0.020531
1 0.753271 0.350242 0.048598 0.024155
1 0.769159 0.370169 0.046729 0.027778
1 0.216822 0.371377 0.041121 0.025362
1 0.593458 0.372585 0.039252 0.025362
1 0.473832 0.373792 0.042991 0.027778
1 0.643925 0.379831 0.039252 0.020531
1 0.950467 0.383454 0.031776 0.032609
1 0.914019 0.382850 0.041121 0.026570
1 0.791589 0.386473 0.050467 0.024155
1 0.142056 0.387681 0.044860 0.041063
1 0.227103 0.391304 0.039252 0.026570
1 0.481308 0.402174 0.042991 0.028986
1 0.874766 0.402778 0.048598 0.022947
1 0.521495 0.405797 0.044860 0.026570
1 0.757944 0.408213 0.046729 0.021739
1 0.614019 0.411836 0.039252 0.021739
1 0.931776 0.415459 0.039252 0.026570
1 0.260748 0.419082 0.042991 0.031401
1 0.046729 0.423913 0.041121 0.021739
1 0.183178 0.425121 0.044860 0.026570
1 0.212150 0.444444 0.042991 0.028986
1 0.925234 0.443841 0.033645 0.027778
1 0.234579 0.454106 0.042991 0.033816
1 0.509346 0.461353 0.042991 0.038647
1 0.310280 0.468599 0.041121 0.026570
1 0.442991 0.469807 0.044860 0.024155
1 0.914953 0.470411 0.024299 0.025362
1 0.377570 0.475845 0.041121 0.026570
1 0.175701 0.478865 0.041121 0.022947
1 0.128972 0.485507 0.037383 0.024155
1 0.206542 0.489734 0.042991 0.027778
1 0.300000 0.489130 0.042991 0.024155
1 0.180374 0.506643 0.039252 0.025362
1 0.805607 0.511473 0.044860 0.022947
1 0.371963 0.524758 0.041121 0.030193
1 0.657944 0.532609 0.059813 0.036232
1 0.245794 0.536232 0.054206 0.026570
1 0.774766 0.543478 0.050467 0.031401
1 0.427103 0.551932 0.035514 0.024155
1 0.225234 0.554348 0.042991 0.016908
1 0.572897 0.565821 0.054206 0.030193
1 0.159813 0.574275 0.046729 0.027778
1 0.718692 0.591787 0.054206 0.024155
1 0.191589 0.604469 0.028037 0.032609
1 0.574766 0.603865 0.050467 0.028986
1 0.835514 0.609903 0.048598 0.031401
1 0.240187 0.615942 0.050467 0.026570
1 0.765421 0.627415 0.046729 0.027778
1 0.630841 0.635870 0.031776 0.022947
1 0.274766 0.641304 0.041121 0.028986
1 0.405607 0.655193 0.048598 0.027778
1 0.781308 0.663647 0.041121 0.032609
1 0.423364 0.681159 0.050467 0.026570
1 0.638318 0.682971 0.057944 0.027778
1 0.849533 0.687198 0.042991 0.026570
1 0.644860 0.702899 0.044860 0.021739
1 0.824299 0.704106 0.041121 0.028986
1 0.556075 0.704710 0.039252 0.025362
1 0.390654 0.708333 0.044860 0.020531
1 0.577570 0.721014 0.044860 0.028986
1 0.716822 0.725242 0.035514 0.025362
1 0.431776 0.739130 0.037383 0.026570
1 0.719626 0.746377 0.041121 0.024155
1 0.571963 0.748188 0.037383 0.032609
1 0.354206 0.751812 0.035514 0.027778
1 0.327103 0.754227 0.033645 0.020531
1 0.755140 0.768116 0.037383 0.028986
1 0.717757 0.776570 0.037383 0.026570
1 0.695327 0.777778 0.037383 0.026570
1 0.809346 0.783816 0.033645 0.031401
1 0.397196 0.812802 0.042991 0.028986
1 0.512150 0.817633 0.041121 0.026570
1 0.806542 0.822464 0.061682 0.028986
1 0.764486 0.831522 0.056075 0.020531
1 0.568224 0.836353 0.037383 0.025362
1 0.488785 0.841787 0.035514 0.024155
1 0.390654 0.841787 0.041121 0.024155
1 0.528037 0.848430 0.039252 0.025362
1 0.248598 0.856884 0.033645 0.027778
1 0.161682 0.861111 0.050467 0.021739
1 0.307477 0.867754 0.054206 0.030193
1 0.632710 0.868961 0.039252 0.025362
1 0.563551 0.881039 0.042991 0.030193
1 0.685981 0.884058 0.044860 0.021739
1 0.106542 0.885266 0.033645 0.019324
1 0.176636 0.891908 0.042991 0.025362
1 0.500000 0.892512 0.031776 0.026570
1 0.226168 0.895531 0.048598 0.030193
1 0.067290 0.896135 0.044860 0.021739
1 0.292523 0.899155 0.028037 0.025362
1 0.826168 0.900362 0.041121 0.027778
1 0.146729 0.903986 0.035514 0.020531
1 0.335514 0.907609 0.039252 0.022947
1 0.196262 0.916063 0.041121 0.027778
1 0.692523 0.919082 0.046729 0.024155
1 0.464486 0.922101 0.035514 0.027778
1 0.117757 0.923309 0.037383 0.025362
1 0.537383 0.928744 0.039252 0.028986
1 0.799065 0.932971 0.042991 0.025362
1 0.309346 0.932971 0.057944 0.025362
1 0.716822 0.961957 0.057944 0.032609
1 0.828972 0.964976 0.050467 0.033816
1 0.578505 0.965580 0.031776 0.032609
1 0.362617 0.966787 0.041121 0.025362
1 0.025234 0.971014 0.046729 0.026570
1 0.059813 0.984903 0.037383 0.025362
1 0.259813 0.984903 0.048598 0.027778
1 0.449533 0.020531 0.054206 0.026570
1 0.637383 0.030797 0.052336 0.047101
1 0.139252 0.035628 0.042991 0.030193
1 0.251402 0.035024 0.046729 0.026570
1 0.369159 0.035628 0.039252 0.025362
1 0.179439 0.053140 0.041121 0.028986
1 0.232710 0.068841 0.042991 0.028986
1 0.110280 0.068841 0.029907 0.028986
1 0.167290 0.085749 0.046729 0.024155
1 0.474766 0.087560 0.041121 0.032609
1 0.684112 0.105676 0.041121 0.025362
1 0.522430 0.117754 0.039252 0.027778
1 0.069159 0.123188 0.033645 0.024155
1 0.460748 0.130435 0.050467 0.028986
1 0.631776 0.132246 0.037383 0.025362
1 0.517757 0.147343 0.029907 0.019324
1 0.340187 0.148551 0.044860 0.024155
1 0.406542 0.153986 0.039252 0.025362
1 0.062617 0.155797 0.046729 0.021739
1 0.245794 0.164251 0.039252 0.026570
1 0.295327 0.172101 0.041121 0.025362
1 0.110280 0.176329 0.037383 0.028986
1 0.471028 0.176932 0.059813 0.039855
1 0.051402 0.187802 0.039252 0.025362
1 0.261682 0.196860 0.033645 0.024155
1 0.704673 0.196860 0.041121 0.026570
1 0.803738 0.198068 0.048598 0.031401
1 0.103738 0.210749 0.039252 0.025362
1 0.153271 0.213768 0.033645 0.036232
1 0.227103 0.222222 0.046729 0.026570
1 0.473832 0.235507 0.054206 0.033816
1 0.165421 0.248792 0.042991 0.021739
1 0.038318 0.258454 0.035514 0.019324
1 0.852336 0.260870 0.037383 0.021739
1 0.789720 0.262681 0.042991 0.022947
1 0.595327 0.267512 0.042991 0.032609
1 0.724299 0.268116 0.039252 0.021739
1 0.442056 0.273551 0.050467 0.022947
1 0.894393 0.279589 0.042991 0.022947
1 0.733645 0.301329 0.050467 0.025362
1 0.183178 0.310990 0.041121 0.030193
1 0.511215 0.315217 0.046729 0.033816
1 0.120561 0.318237 0.035514 0.030193
1 0.360748 0.332729 0.041121 0.032609
1 0.799065 0.336353 0.035514 0.030193
1 0.275701 0.351449 0.042991 0.026570
1 0.657009 0.358092 0.046729 0.025362
1 0.534579 0.367150 0.041121 0.028986
1 0.851402 0.372585 0.042991 0.027778
1 0.077570 0.379227 0.031776 0.028986
1 0.349533 0.380435 0.044860 0.024155
1 0.705607 0.386473 0.046729 0.026570
1 0.410280 0.391908 0.050467 0.035024
1 0.300935 0.398551 0.048598 0.026570
1 0.568224 0.402174 0.033645 0.024155
1 0.447664 0.418478 0.031776 0.025362
1 0.675701 0.429952 0.035514 0.026570
1 0.785047 0.437198 0.041121 0.028986
1 0.407477 0.439614 0.041121 0.028986
1 0.851402 0.441425 0.057944 0.032609
1 0.130841 0.442633 0.041121 0.022947
1 0.731776 0.443841 0.042991 0.032609
1 0.569159 0.445652 0.035514 0.031401
1 0.633645 0.445652 0.044860 0.028986
1 0.464486 0.447464 0.039252 0.030193
1 0.784112 0.478865 0.046729 0.027778
1 0.650467 0.487923 0.048598 0.031401
1 0.438318 0.496377 0.042991 0.021739
1 0.728037 0.498188 0.042991 0.027778
1 0.392523 0.502415 0.033645 0.026570
1 0.544860 0.505435 0.046729 0.039855
1 0.291589 0.541667 0.033645 0.027778
1 0.171963 0.550725 0.041121 0.028986
1 0.726168 0.556763 0.039252 0.028986
1 0.271028 0.579106 0.033645 0.032609
1 0.518692 0.582126 0.042991 0.028986
1 0.227103 0.586353 0.035514 0.022947
1 0.457944 0.596618 0.041121 0.028986
1 0.780374 0.596618 0.046729 0.024155
1 0.626168 0.599638 0.041121 0.032609
1 0.319626 0.602053 0.041121 0.025362
1 0.380374 0.628019 0.039252 0.026570
1 0.714019 0.631039 0.029907 0.022947
1 0.578505 0.647947 0.046729 0.027778
1 0.673832 0.653986 0.057944 0.025362
1 0.257009 0.668478 0.035514 0.022947
1 0.515888 0.668478 0.048598 0.027778
1 0.305607 0.674517 0.039252 0.030193
1 0.826168 0.676329 0.033645 0.021739
1 0.369159 0.675725 0.039252 0.025362
1 0.728972 0.682367 0.052336 0.028986
1 0.573832 0.681763 0.041121 0.022947
1 0.057944 0.686594 0.037383 0.025362
1 0.286916 0.700483 0.035514 0.021739
1 0.493458 0.701691 0.041121 0.021739
1 0.876636 0.702295 0.033645 0.020531
1 0.757009 0.707126 0.037383 0.025362
1 0.080374 0.719203 0.033645 0.025362
1 0.343925 0.723430 0.037383 0.021739
1 0.277570 0.728261 0.042991 0.026570
1 0.167290 0.729469 0.042991 0.036232
1 0.781308 0.743357 0.044860 0.027778
1 0.491589 0.745169 0.044860 0.026570
1 0.669159 0.756039 0.037383 0.028986
1 0.249533 0.759662 0.042991 0.024155
1 0.110280 0.778986 0.037383 0.033816
1 0.446729 0.780797 0.029907 0.027778
1 0.400935 0.783816 0.035514 0.021739
1 0.616822 0.791667 0.048598 0.022947
1 0.268224 0.798913 0.046729 0.027778
1 0.759813 0.803140 0.039252 0.028986
1 0.558879 0.809179 0.041121 0.024155
1 0.620561 0.826087 0.041121 0.021739
1 0.287850 0.826691 0.056075 0.020531
1 0.443925 0.839372 0.031776 0.028986
1 0.819626 0.865338 0.046729 0.027778
1 0.749533 0.871981 0.041121 0.028986
1 0.468224 0.875604 0.035514 0.028986
1 0.408411 0.893116 0.046729 0.037440
1 0.743925 0.907609 0.041121 0.032609
1 0.392523 0.926329 0.044860 0.021739
1 0.226168 0.930556 0.044860 0.022947
1 0.858879 0.938406 0.039252 0.026570
1 0.499065 0.941425 0.037383 0.022947
1 0.667290 0.942633 0.048598 0.025362
1 0.128037 0.962560 0.039252 0.024155
1 0.455140 0.963768 0.039252 0.021739
1 0.408411 0.966184 0.039252 0.024155
1 0.198131 0.968599 0.048598 0.036232
1 0.627103 0.972222 0.042991 0.024155
1 0.100000 0.986111 0.050467 0.027778
1 0.663551 0.987923 0.033645 0.021739
1 0.502804 0.778382 0.033645 0.020531
1 0.028972 0.229469 0.039252 0.031401
1 0.828972 0.575483 0.035514 0.025362
1 0.353271 0.204106 0.033645 0.031401
