0 0.231844 0.196756 0.033520 0.049365
0 0.251862 0.303949 0.034451 0.038082
0 0.283985 0.255289 0.024209 0.036671
0 0.155028 0.342031 0.032588 0.049365
0 0.185289 0.251763 0.033520 0.046544
0 0.121508 0.385049 0.028864 0.047955
0 0.092644 0.395628 0.028864 0.046544
0 0.136872 0.473907 0.035382 0.036671
0 0.129888 0.513399 0.030726 0.047955
0 0.181564 0.397038 0.037244 0.052186
0 0.194134 0.457687 0.036313 0.038082
0 0.185289 0.509873 0.037244 0.043724
0 0.054469 0.516220 0.028864 0.050776
0 0.044693 0.576164 0.027933 0.043724
0 0.089851 0.599436 0.028864 0.045134
0 0.122905 0.609309 0.022346 0.042313
0 0.150372 0.554302 0.027002 0.045134
0 0.051676 0.653032 0.034451 0.050776
0 0.040037 0.713681 0.026071 0.050776
0 0.345438 0.103667 0.035382 0.046544
0 0.375233 0.304654 0.033520 0.047955
0 0.401769 0.379408 0.028864 0.053597
0 0.368715 0.225670 0.027933 0.045134
0 0.346369 0.163611 0.031657 0.042313
0 0.313780 0.135402 0.033520 0.050776
0 0.386406 0.121298 0.035382 0.036671
0 0.323557 0.358956 0.032588 0.038082
0 0.095438 0.466855 0.030726 0.036671
0 0.041899 0.782793 0.029795 0.047955
0 0.073091 0.939351 0.028864 0.033850
0 0.088454 0.748237 0.031657 0.049365
0 0.113594 0.681946 0.027933 0.040903
0 0.150372 0.843441 0.032588 0.045134
0 0.073557 0.707334 0.022346 0.040903
0 0.245810 0.361072 0.033520 0.059238
0 0.410149 0.083921 0.028864 0.040903
0 0.410615 0.189704 0.027933 0.046544
0 0.414339 0.264457 0.029795 0.055007
0 0.443203 0.315938 0.027933 0.045134
0 0.441806 0.209450 0.028864 0.049365
0 0.480447 0.072638 0.029795 0.046544
0 0.467877 0.112835 0.032588 0.047955
0 0.182030 0.575458 0.036313 0.045134
0 0.204842 0.840621 0.031657 0.039492
0 0.226257 0.811001 0.027933 0.036671
0 0.214153 0.758110 0.029795 0.038082
0 0.143389 0.937941 0.031657 0.047955
0 0.229981 0.676305 0.031657 0.052186
0 0.231844 0.507757 0.040968 0.073343
0 0.246741 0.616361 0.024209 0.050776
0 0.232775 0.610719 0.018622 0.036671
0 0.274674 0.727080 0.029795 0.049365
0 0.549348 0.158674 0.029795 0.049365
0 0.662942 0.150917 0.039106 0.062059
0 0.690875 0.308181 0.026071 0.046544
0 0.597300 0.177715 0.051210 0.076164
0 0.582868 0.263752 0.029795 0.047955
0 0.612197 0.243300 0.025140 0.038082
0 0.633147 0.055007 0.029795 0.045134
0 0.549814 0.301834 0.021415 0.045134
0 0.541434 0.256700 0.023277 0.036671
0 0.504655 0.417489 0.022346 0.033850
0 0.519553 0.468265 0.035382 0.045134
0 0.495345 0.555007 0.029795 0.038082
0 0.500466 0.633286 0.038175 0.036671
0 0.464153 0.748942 0.028864 0.045134
0 0.431564 0.766573 0.025140 0.023977
0 0.433892 0.806065 0.035382 0.029619
0 0.496741 0.844852 0.019553 0.045134
0 0.539106 0.760931 0.037244 0.052186
0 0.304004 0.835684 0.030726 0.043724
0 0.304935 0.786319 0.036313 0.049365
0 0.306797 0.722849 0.028864 0.035261
0 0.283520 0.626939 0.034451 0.040903
0 0.304935 0.651622 0.028864 0.042313
0 0.331937 0.610719 0.030726 0.039492
0 0.351024 0.549365 0.029795 0.049365
0 0.358007 0.462623 0.023277 0.036671
0 0.363594 0.394922 0.032588 0.042313
0 0.737896 0.263752 0.041899 0.047955
0 0.689013 0.023272 0.029795 0.046544
0 0.732775 0.033145 0.029795 0.046544
0 0.752328 0.211566 0.027933 0.039492
0 0.804004 0.166432 0.038175 0.064880
0 0.811918 0.264457 0.029795 0.060649
0 0.837058 0.306770 0.033520 0.046544
0 0.831471 0.184767 0.031657 0.056417
0 0.768622 0.076869 0.038175 0.060649
0 0.755121 0.124118 0.027933 0.050776
0 0.802142 0.478138 0.034451 0.053597
0 0.787244 0.600846 0.028864 0.056417
0 0.627095 0.467560 0.027002 0.055007
0 0.628957 0.526798 0.027002 0.038082
0 0.661080 0.543724 0.027933 0.040903
0 0.686685 0.440056 0.025140 0.047955
0 0.656425 0.356841 0.027933 0.050776
0 0.656890 0.306065 0.028864 0.053597
0 0.581471 0.715797 0.027002 0.046544
0 0.576816 0.767278 0.030726 0.047955
0 0.521881 0.516925 0.025140 0.035261
0 0.525605 0.571227 0.032588 0.039492
0 0.567039 0.455571 0.031657 0.045134
0 0.643855 0.696051 0.036313 0.049365
0 0.650372 0.626939 0.036313 0.052186
0 0.855214 0.521157 0.023277 0.049365
0 0.831471 0.464739 0.027933 0.057828
0 0.890596 0.510578 0.036313 0.064880
0 0.894320 0.368829 0.030726 0.074753
0 0.869646 0.296192 0.024209 0.059238
0 0.836127 0.356841 0.026071 0.039492
0 0.723464 0.561354 0.037244 0.036671
0 0.732775 0.619887 0.042831 0.057828
0 0.767691 0.696051 0.036313 0.040903
0 0.673650 0.581100 0.030726 0.039492
0 0.656890 0.498590 0.025140 0.035261
0 0.782123 0.896333 0.035382 0.038082
0 0.830074 0.072638 0.036313 0.046544
0 0.839385 0.127645 0.028864 0.052186
0 0.322160 0.286319 0.029795 0.047955
0 0.318436 0.208039 0.022346 0.040903
0 0.191806 0.349788 0.033520 0.031030
0 0.359870 0.868124 0.036313 0.049365
0 0.337989 0.739774 0.031657 0.040903
0 0.348696 0.660790 0.028864 0.049365
0 0.389199 0.704513 0.033520 0.052186
0 0.374767 0.643159 0.025140 0.050776
0 0.580540 0.567701 0.036313 0.029619
0 0.588920 0.639633 0.032588 0.040903
0 0.603818 0.697461 0.017691 0.038082
0 0.647579 0.759520 0.030726 0.049365
0 0.682495 0.737659 0.026071 0.056417
0 0.708101 0.446403 0.019553 0.063470
0 0.017691 0.746121 0.029795 0.047955
0 0.222998 0.444993 0.023277 0.043724
0 0.586127 0.335684 0.051210 0.047955
0 0.594041 0.376587 0.029795 0.039492
0 0.748138 0.402680 0.025140 0.035261
0 0.776536 0.411142 0.018622 0.049365
0 0.805400 0.378702 0.026071 0.052186
0 0.139665 0.794076 0.024209 0.039492
0 0.602421 0.450635 0.027933 0.063470
0 0.771415 0.042313 0.032588 0.042313
0 0.556797 0.058533 0.026071 0.046544
0 0.843575 0.262341 0.022346 0.036671
0 0.665270 0.812412 0.028864 0.039492
0 0.972533 0.466855 0.023277 0.053597
0 0.751397 0.859661 0.027933 0.032440
0 0.925978 0.200282 0.027002 0.042313
0 0.883613 0.154443 0.022346 0.040903
0 0.580074 0.102257 0.022346 0.026798
0 0.598231 0.077574 0.021415 0.028209
0 0.577747 0.025388 0.028864 0.039492
0 0.082868 0.441467 0.033520 0.036671
0 0.849628 0.814528 0.027002 0.040903
0 0.829143 0.849788 0.017691 0.026798
0 0.814246 0.870240 0.032588 0.053597
0 0.624302 0.966150 0.027002 0.039492
0 0.424115 0.363188 0.021415 0.066291
0 0.456704 0.273625 0.021415 0.036671
0 0.443203 0.444993 0.016760 0.026798
0 0.429702 0.460508 0.019553 0.029619
0 0.408752 0.451340 0.029795 0.031030
0 0.155493 0.437236 0.022346 0.031030
0 0.131750 0.659379 0.023277 0.038082
0 0.110335 0.858956 0.023277 0.031030
0 0.334730 0.845557 0.028864 0.052186
0 0.486499 0.848378 0.019553 0.043724
0 0.597765 0.845557 0.026071 0.046544
0 0.752793 0.734838 0.023277 0.036671
0 0.773277 0.816643 0.017691 0.028209
0 0.721601 0.803244 0.033520 0.043724
0 0.687151 0.647391 0.018622 0.042313
0 0.746741 0.521862 0.026071 0.062059
0 0.528399 0.700987 0.025140 0.039492
0 0.601955 0.746827 0.019553 0.026798
0 0.601955 0.795487 0.015829 0.033850
0 0.906425 0.966855 0.019553 0.026798
0 0.718343 0.142454 0.021415 0.033850
0 0.183426 0.779972 0.035382 0.033850
0 0.158752 0.679126 0.023277 0.035261
0 0.078678 0.781382 0.019553 0.033850
0 0.209497 0.645275 0.029795 0.038082
0 0.026536 0.887870 0.019553 0.035261
0 0.513966 0.260931 0.026071 0.036671
0 0.527002 0.216502 0.044693 0.043724
0 0.856145 0.428773 0.021415 0.033850
0 0.466480 0.645980 0.014898 0.042313
0 0.438082 0.871650 0.028864 0.025388
0 0.668063 0.062764 0.028864 0.035261
0 0.648510 0.020451 0.021415 0.023977
0 0.365922 0.181946 0.024209 0.036671
0 0.282588 0.882934 0.043762 0.033850
0 0.375698 0.796192 0.027002 0.035261
0 0.392458 0.819464 0.034451 0.033850
0 0.887337 0.887870 0.013035 0.032440
0 0.693669 0.354725 0.026071 0.040903
0 0.096369 0.533145 0.025140 0.045134
0 0.154097 0.741185 0.028864 0.046544
0 0.255121 0.866714 0.022346 0.023977
0 0.551210 0.826516 0.026071 0.028209
0 0.574488 0.811707 0.014898 0.023977
0 0.588920 0.218618 0.023277 0.033850
0 0.720205 0.972496 0.019553 0.026798
0 0.382216 0.912553 0.019553 0.025388
0 0.157821 0.299013 0.025140 0.022567
0 0.970670 0.696051 0.027002 0.074753
0 0.954376 0.100846 0.029795 0.040903
0 0.180168 0.630465 0.021415 0.025388
0 0.871043 0.102962 0.017691 0.045134
0 0.866387 0.046544 0.015829 0.022567
0 0.914804 0.141044 0.023277 0.047955
0 0.968343 0.132581 0.035382 0.031030
0 0.914804 0.282087 0.027002 0.047955
0 0.938082 0.346262 0.021415 0.040903
0 0.989292 0.261636 0.021415 0.052186
0 0.937616 0.405501 0.024209 0.038082
0 0.986034 0.390691 0.024209 0.031030
0 0.960428 0.526798 0.027002 0.035261
0 0.943669 0.630465 0.027002 0.031030
0 0.952048 0.586742 0.027002 0.033850
0 0.872905 0.748237 0.023277 0.038082
0 0.922253 0.710860 0.013966 0.033850
0 0.796555 0.769394 0.025140 0.026798
0 0.854283 0.578279 0.023277 0.031030
0 0.826816 0.722849 0.024209 0.040903
0 0.110801 0.949224 0.026071 0.033850
0 0.012104 0.675599 0.022346 0.028209
0 0.008380 0.699577 0.014898 0.016925
0 0.269088 0.043018 0.024209 0.038082
0 0.500931 0.160085 0.035382 0.038082
0 0.515363 0.090268 0.025140 0.033850
0 0.611266 0.045839 0.023277 0.040903
0 0.620112 0.100846 0.014898 0.029619
0 0.965549 0.342031 0.011173 0.049365
0 0.744879 0.447814 0.014898 0.032440
0 0.527933 0.413258 0.020484 0.039492
0 0.011173 0.537377 0.022346 0.064880
0 0.009777 0.791961 0.017691 0.023977
0 0.543762 0.590973 0.022346 0.033850
0 0.482775 0.308181 0.019553 0.032440
0 0.526071 0.854725 0.029795 0.047955
0 0.899907 0.427362 0.021415 0.036671
0 0.693203 0.607193 0.013966 0.029619
0 0.912477 0.938646 0.013035 0.021157
0 0.633147 0.802539 0.014898 0.028209
0 0.974395 0.227080 0.025140 0.036671
0 0.064246 0.162200 0.016760 0.039492
0 0.304004 0.409732 0.023277 0.029619
0 0.967877 0.026798 0.027002 0.033850
0 0.222067 0.863893 0.023277 0.015515
0 0.774209 0.964739 0.021415 0.033850
0 0.743482 0.839210 0.027002 0.028209
0 0.724860 0.867419 0.027002 0.042313
0 0.512104 0.016220 0.024209 0.021157
0 0.562384 0.927362 0.020484 0.038082
1 0.630819 0.899154 0.019553 0.023977
1 0.564246 0.875882 0.014898 0.033850
1 0.702048 0.788434 0.014898 0.022567
1 0.637803 0.843441 0.014898 0.025388
1 0.315177 0.026798 0.021415 0.022567
1 0.104749 0.033145 0.013966 0.021157
1 0.026536 0.203808 0.012104 0.018336
1 0.034451 0.185472 0.011173 0.015515
1 0.598696 0.940762 0.016760 0.025388
