1 0.733933 0.871404 0.030848 0.037225
1 0.747429 0.822335 0.029563 0.037225
1 0.679306 0.807953 0.029563 0.038917
1 0.867609 0.264805 0.023136 0.042301
1 0.169666 0.106599 0.028278 0.037225
1 0.611825 0.356176 0.035990 0.052453
1 0.208869 0.104061 0.021851 0.042301
2 0.754499 0.720812 0.033419 0.027073
2 0.020566 0.081218 0.028278 0.040609
2 0.104756 0.866328 0.034704 0.064298
2 0.600900 0.893401 0.032134 0.040609
2 0.791131 0.704738 0.032134 0.038917
2 0.896530 0.208122 0.029563 0.043993
2 0.658740 0.165821 0.042416 0.037225
2 0.510283 0.316413 0.041131 0.040609
3 0.731362 0.664129 0.074550 0.082910
3 0.807198 0.627750 0.066838 0.077834
