1 0.815430 0.020508 0.033203 0.025391
1 0.944336 0.050781 0.033203 0.035156
1 0.899414 0.055664 0.033203 0.033203
1 0.983398 0.061523 0.029297 0.037109
1 0.833984 0.065430 0.050781 0.052734
1 0.755859 0.067383 0.050781 0.041016
1 0.682617 0.080078 0.029297 0.035156
1 0.630859 0.085938 0.035156 0.027344
1 0.727539 0.096680 0.025391 0.044922
1 0.668945 0.099609 0.033203 0.031250
1 0.910156 0.104492 0.035156 0.041016
1 0.591797 0.105469 0.039062 0.031250
1 0.477539 0.119141 0.037109 0.019531
1 0.530273 0.120117 0.044922 0.025391
1 0.875000 0.125000 0.031250 0.027344
1 0.664062 0.135742 0.031250 0.029297
1 0.841797 0.137695 0.035156 0.041016
1 0.560547 0.140625 0.031250 0.031250
1 0.585938 0.148438 0.031250 0.035156
1 0.378906 0.159180 0.027344 0.029297
1 0.475586 0.160156 0.052734 0.031250
1 0.903320 0.162109 0.033203 0.039062
1 0.936523 0.165039 0.029297 0.041016
1 0.870117 0.166992 0.033203 0.033203
1 0.326172 0.173828 0.039062 0.027344
1 0.703125 0.173828 0.031250 0.035156
1 0.659180 0.181641 0.033203 0.035156
1 0.411133 0.187500 0.033203 0.027344
1 0.835938 0.183594 0.027344 0.035156
1 0.582031 0.189453 0.039062 0.031250
1 0.221680 0.209961 0.044922 0.033203
1 0.539062 0.207031 0.042969 0.031250
1 0.681641 0.210938 0.031250 0.035156
1 0.774414 0.227539 0.033203 0.029297
1 0.633789 0.226562 0.037109 0.039062
1 0.422852 0.235352 0.029297 0.021484
1 0.531250 0.248047 0.042969 0.042969
1 0.889648 0.250000 0.033203 0.027344
1 0.848633 0.250977 0.037109 0.025391
1 0.926758 0.266602 0.033203 0.033203
1 0.331055 0.269531 0.060547 0.039062
1 0.211914 0.270508 0.056641 0.029297
1 0.980469 0.278320 0.035156 0.029297
1 0.127930 0.287109 0.033203 0.019531
1 0.580078 0.289062 0.035156 0.027344
1 0.080078 0.290039 0.039062 0.021484
1 0.468750 0.290039 0.031250 0.033203
1 0.391602 0.291016 0.033203 0.035156
1 0.692383 0.291016 0.037109 0.042969
1 0.889648 0.292969 0.037109 0.027344
1 0.536133 0.293945 0.037109 0.033203
1 0.046875 0.300781 0.023438 0.027344
1 0.650391 0.300781 0.031250 0.023438
1 0.431641 0.303711 0.042969 0.025391
1 0.501953 0.306641 0.027344 0.027344
1 0.958984 0.308594 0.039062 0.046875
1 0.310547 0.316406 0.039062 0.035156
1 0.109375 0.318359 0.031250 0.031250
1 0.271484 0.324219 0.031250 0.027344
1 0.884766 0.327148 0.031250 0.029297
1 0.762695 0.327148 0.037109 0.041016
1 0.621094 0.331055 0.050781 0.037109
1 0.709961 0.330078 0.041016 0.031250
1 0.515625 0.332031 0.042969 0.027344
1 0.841797 0.351562 0.035156 0.039062
1 0.525391 0.356445 0.035156 0.025391
1 0.717773 0.362305 0.037109 0.029297
1 0.798828 0.368164 0.039062 0.033203
1 0.191406 0.369141 0.050781 0.042969
1 0.250977 0.372070 0.037109 0.029297
1 0.084961 0.372070 0.037109 0.021484
1 0.967773 0.372070 0.033203 0.041016
1 0.502930 0.385742 0.037109 0.033203
1 0.139648 0.386719 0.041016 0.031250
1 0.925781 0.389648 0.046875 0.029297
1 0.354492 0.390625 0.044922 0.035156
1 0.826172 0.392578 0.035156 0.031250
1 0.799805 0.409180 0.033203 0.033203
1 0.239258 0.412109 0.029297 0.039062
1 0.542969 0.416992 0.035156 0.029297
1 0.641602 0.428711 0.033203 0.033203
1 0.114258 0.433594 0.041016 0.035156
1 0.612305 0.434570 0.033203 0.033203
1 0.070312 0.444336 0.035156 0.029297
1 0.537109 0.448242 0.035156 0.033203
1 0.831055 0.458984 0.044922 0.035156
1 0.734375 0.471680 0.035156 0.037109
1 0.368164 0.479492 0.044922 0.033203
1 0.478516 0.489258 0.042969 0.041016
1 0.588867 0.491211 0.041016 0.029297
1 0.835938 0.511719 0.031250 0.027344
1 0.861328 0.579102 0.031250 0.029297
1 0.760742 0.595703 0.041016 0.031250
1 0.463867 0.597656 0.037109 0.027344
1 0.417969 0.610352 0.050781 0.017578
1 0.260742 0.613281 0.048828 0.031250
1 0.701172 0.616211 0.031250 0.025391
1 0.308594 0.618164 0.031250 0.025391
1 0.539062 0.628906 0.039062 0.027344
1 0.898438 0.638672 0.039062 0.027344
1 0.698242 0.646484 0.033203 0.027344
1 0.824219 0.689453 0.031250 0.023438
1 0.859375 0.014648 0.031250 0.029297
1 0.715820 0.019531 0.041016 0.035156
1 0.880859 0.083008 0.035156 0.037109
1 0.622070 0.129883 0.037109 0.037109
1 0.703125 0.133789 0.031250 0.029297
1 0.752930 0.142578 0.041016 0.031250
1 0.791992 0.158203 0.033203 0.035156
1 0.973633 0.160156 0.033203 0.039062
1 0.532227 0.164062 0.037109 0.035156
1 0.622070 0.177734 0.037109 0.035156
1 0.269531 0.183594 0.039062 0.027344
1 0.501953 0.188477 0.039062 0.029297
1 0.742188 0.191406 0.035156 0.031250
1 0.300781 0.226562 0.042969 0.031250
1 0.586914 0.231445 0.033203 0.033203
1 0.257812 0.243164 0.039062 0.029297
1 0.734375 0.250977 0.031250 0.029297
1 0.615234 0.263672 0.035156 0.035156
1 0.656250 0.266602 0.035156 0.033203
1 0.434570 0.272461 0.033203 0.029297
1 0.737305 0.290039 0.037109 0.037109
1 0.356445 0.305664 0.037109 0.037109
1 0.563477 0.316406 0.041016 0.035156
1 0.051758 0.333984 0.041016 0.031250
1 0.464844 0.335938 0.035156 0.035156
1 0.417969 0.339844 0.039062 0.035156
1 0.939453 0.355469 0.035156 0.027344
1 0.346680 0.361328 0.041016 0.031250
1 0.389648 0.369141 0.041016 0.031250
1 0.296875 0.384766 0.046875 0.031250
1 0.869141 0.387695 0.039062 0.029297
1 0.673828 0.393555 0.042969 0.025391
1 0.409180 0.396484 0.041016 0.035156
1 0.023438 0.399414 0.039062 0.029297
1 0.585938 0.398438 0.039062 0.039062
1 0.075195 0.406250 0.041016 0.027344
1 0.888672 0.410156 0.035156 0.031250
1 0.323242 0.420898 0.033203 0.033203
1 0.286133 0.421875 0.037109 0.039062
1 0.954102 0.422852 0.037109 0.029297
1 0.711914 0.424805 0.044922 0.044922
1 0.369141 0.424805 0.035156 0.033203
1 0.438477 0.427734 0.033203 0.035156
1 0.479492 0.429688 0.037109 0.027344
1 0.912109 0.439453 0.039062 0.031250
1 0.396484 0.445312 0.039062 0.035156
1 0.761719 0.450195 0.042969 0.033203
1 0.226562 0.455078 0.039062 0.031250
1 0.153320 0.460938 0.037109 0.039062
1 0.042969 0.462891 0.039062 0.031250
1 0.870117 0.474609 0.029297 0.039062
1 0.189453 0.477539 0.042969 0.033203
1 0.425781 0.481445 0.042969 0.037109
1 0.305664 0.481445 0.041016 0.037109
1 0.517578 0.490234 0.031250 0.035156
1 0.112305 0.491211 0.037109 0.037109
1 0.355469 0.588867 0.039062 0.029297
1 0.569336 0.602539 0.037109 0.033203
1 0.674805 0.605469 0.037109 0.031250
1 0.798828 0.624023 0.035156 0.033203
1 0.498047 0.626953 0.035156 0.031250
1 0.766602 0.630859 0.025391 0.031250
1 0.425781 0.635742 0.046875 0.029297
1 0.736328 0.636719 0.031250 0.031250
1 0.863281 0.643555 0.035156 0.029297
1 0.611328 0.642578 0.039062 0.031250
1 0.827148 0.654297 0.037109 0.027344
1 0.365234 0.657227 0.050781 0.033203
1 0.568359 0.660156 0.042969 0.035156
1 0.511719 0.666992 0.035156 0.033203
1 0.681641 0.696289 0.046875 0.029297
1 0.948242 0.555664 0.064453 0.041016
