3 0.166667 0.136020 0.181159 0.105793
3 0.541667 0.292191 0.192029 0.090680
3 0.864130 0.712846 0.264493 0.161209
3 0.536232 0.632242 0.159420 0.115869
3 0.521739 0.521411 0.144928 0.075567
3 0.903986 0.824937 0.155797 0.073048
3 0.614130 0.425693 0.307971 0.115869
3 0.436594 0.236776 0.192029 0.090680
3 0.706522 0.512594 0.210145 0.128463
3 0.373188 0.360202 0.152174 0.120907
3 0.411232 0.512594 0.105072 0.123426
3 0.817029 0.594458 0.271739 0.095718
3 0.260870 0.224181 0.166667 0.151134
3 0.925725 0.916877 0.141304 0.125945
