3 0.056513 0.362622 0.090038 0.111576
3 0.187739 0.398187 0.034483 0.048815
3 0.197318 0.152720 0.032567 0.068340
3 0.274904 0.176430 0.057471 0.059972
3 0.165709 0.271269 0.038314 0.054393
3 0.149425 0.082287 0.028736 0.052999
3 0.248084 0.113668 0.024904 0.048815
3 0.319444 0.145746 0.029693 0.046025
3 0.218391 0.094142 0.024904 0.054393
3 0.213123 0.255927 0.025862 0.059972
3 0.350096 0.292887 0.043103 0.064156
3 0.371648 0.411437 0.053640 0.064156
3 0.369732 0.215481 0.022989 0.046025
3 0.421456 0.283124 0.045977 0.075314
3 0.392720 0.066946 0.072797 0.117155
3 0.463123 0.069735 0.037356 0.055788
3 0.223180 0.023710 0.045977 0.044630
3 0.345785 0.020921 0.049808 0.036262
3 0.465996 0.183403 0.027778 0.054393
3 0.512452 0.242678 0.036398 0.050209
3 0.511015 0.283124 0.041188 0.044630
3 0.588602 0.362622 0.066092 0.131102
3 0.941092 0.630404 0.041188 0.050209
3 0.855843 0.671548 0.022031 0.040446
3 0.784004 0.569735 0.035441 0.051604
3 0.779693 0.624826 0.049808 0.047420
3 0.822318 0.884240 0.087165 0.097629
3 0.747605 0.932357 0.045019 0.048815
3 0.608716 0.920502 0.050766 0.072524
3 0.715038 0.405858 0.043103 0.069735
3 0.727011 0.354254 0.047893 0.039052
3 0.803640 0.504184 0.053640 0.085077
3 0.816092 0.582287 0.024904 0.059972
3 0.818966 0.676430 0.055556 0.142259
3 0.033046 0.564156 0.029693 0.054393
3 0.081418 0.645049 0.024904 0.057183
3 0.069923 0.551604 0.032567 0.051604
3 0.107280 0.849372 0.086207 0.103208
3 0.403257 0.635983 0.040230 0.033473
3 0.507184 0.930265 0.045019 0.066946
3 0.479885 0.425384 0.045977 0.052999
3 0.537356 0.457462 0.051724 0.041841
