0 0.035408 0.017661 0.034335 0.030451
0 0.042918 0.053593 0.038627 0.029233
0 0.021459 0.070646 0.030043 0.036541
0 0.045064 0.086480 0.032189 0.036541
0 0.043991 0.124848 0.032189 0.030451
0 0.021996 0.141291 0.028970 0.031669
0 0.050429 0.158952 0.025751 0.028015
0 0.040773 0.190012 0.034335 0.026797
0 0.116416 0.181486 0.022532 0.026797
0 0.113197 0.120585 0.018240 0.019488
0 0.107833 0.146163 0.022532 0.024361
0 0.148605 0.110231 0.037554 0.037759
0 0.060086 0.235079 0.034335 0.034105
0 0.097103 0.268575 0.022532 0.040195
0 0.143240 0.235079 0.035408 0.029233
0 0.141631 0.206456 0.032189 0.030451
0 0.204936 0.191230 0.027897 0.029233
0 0.182940 0.179050 0.028970 0.034105
0 0.026288 0.305116 0.020386 0.023143
0 0.079399 0.267357 0.019313 0.028015
0 0.081545 0.306334 0.021459 0.020706
0 0.099249 0.328867 0.026824 0.019488
0 0.122854 0.300244 0.024678 0.025579
0 0.153970 0.290499 0.024678 0.030451
0 0.203326 0.283800 0.031116 0.026797
0 0.183476 0.306334 0.036481 0.018270
0 0.178112 0.274665 0.023605 0.032887
0 0.101395 0.356882 0.033262 0.029233
0 0.153970 0.392814 0.024678 0.040195
0 0.134657 0.409257 0.022532 0.038977
0 0.181330 0.327649 0.025751 0.017052
0 0.185622 0.366626 0.032189 0.056029
0 0.210837 0.362363 0.020386 0.025579
0 0.192597 0.390378 0.026824 0.037759
0 0.212983 0.404994 0.022532 0.042631
0 0.173283 0.433618 0.033262 0.041413
0 0.091202 0.386114 0.032189 0.029233
0 0.053648 0.404994 0.032189 0.032887
0 0.027897 0.443971 0.027897 0.032887
0 0.111588 0.433009 0.032189 0.045067
0 0.239807 0.408648 0.020386 0.032887
0 0.262876 0.403167 0.025751 0.029233
0 0.285408 0.380633 0.027897 0.042631
0 0.305794 0.369671 0.027897 0.040195
0 0.269313 0.437881 0.034335 0.018270
0 0.346567 0.394032 0.025751 0.020706
0 0.350322 0.359927 0.031116 0.037759
0 0.362661 0.280146 0.027897 0.036541
0 0.104077 0.023752 0.023605 0.023143
0 0.143777 0.024361 0.021459 0.036541
0 0.159871 0.051157 0.027897 0.026797
0 0.166845 0.021924 0.016094 0.026797
0 0.200107 0.040195 0.031116 0.031669
0 0.228541 0.073082 0.027897 0.031669
0 0.202790 0.085871 0.034335 0.045067
0 0.292918 0.109622 0.019313 0.021924
0 0.271459 0.107795 0.027897 0.030451
0 0.282189 0.078563 0.023605 0.030451
0 0.336910 0.151035 0.019313 0.048721
0 0.368026 0.163216 0.021459 0.041413
0 0.320815 0.026797 0.030043 0.043849
0 0.260193 0.039586 0.026824 0.032887
0 0.375000 0.045067 0.024678 0.029233
0 0.411481 0.050548 0.024678 0.028015
0 0.399142 0.034105 0.021459 0.021924
0 0.414163 0.085262 0.027897 0.029233
0 0.445815 0.088916 0.026824 0.038977
0 0.465665 0.043849 0.027897 0.031669
0 0.424893 0.011571 0.030043 0.018270
0 0.449034 0.134592 0.033262 0.028015
0 0.449034 0.160780 0.031116 0.029233
0 0.445815 0.192448 0.026824 0.029233
0 0.444742 0.222899 0.031116 0.036541
0 0.432940 0.236297 0.024678 0.019488
0 0.414700 0.213155 0.024678 0.036541
0 0.410408 0.275274 0.037554 0.038977
0 0.478004 0.232643 0.016094 0.017052
0 0.482833 0.193666 0.032189 0.038977
0 0.386266 0.360536 0.025751 0.046285
0 0.373927 0.406212 0.028970 0.028015
0 0.364807 0.439099 0.027897 0.025579
0 0.418455 0.426309 0.030043 0.038977
0 0.454399 0.406821 0.033262 0.034105
0 0.416845 0.375152 0.033262 0.036541
0 0.418455 0.344093 0.027897 0.028015
0 0.457082 0.331303 0.023605 0.029233
0 0.546674 0.336784 0.026824 0.030451
0 0.585837 0.300853 0.034335 0.024361
0 0.595494 0.274056 0.034335 0.029233
0 0.492489 0.288063 0.032189 0.023143
0 0.517704 0.237515 0.026824 0.031669
0 0.545064 0.227771 0.027897 0.026797
0 0.586373 0.240560 0.022532 0.032887
0 0.576180 0.191230 0.025751 0.041413
0 0.533262 0.015225 0.032189 0.023143
0 0.503755 0.034714 0.033262 0.025579
0 0.500536 0.070037 0.031116 0.032887
0 0.524142 0.071864 0.018240 0.026797
0 0.502146 0.101705 0.032189 0.030451
0 0.533798 0.098051 0.026824 0.028015
0 0.524678 0.122412 0.025751 0.023143
0 0.559549 0.129111 0.028970 0.029233
0 0.553648 0.055420 0.032189 0.052375
0 0.590665 0.073082 0.031116 0.043849
0 0.621781 0.088916 0.033262 0.036541
0 0.587446 0.122412 0.026824 0.023143
0 0.639485 0.130938 0.019313 0.025579
0 0.629292 0.019488 0.026824 0.026797
0 0.660408 0.023143 0.031116 0.029233
0 0.670601 0.086480 0.025751 0.029233
0 0.693670 0.100487 0.022532 0.030451
0 0.704936 0.037150 0.021459 0.025579
0 0.729077 0.097442 0.018240 0.029233
0 0.306867 0.061510 0.017167 0.023143
0 0.293455 0.040804 0.018240 0.023143
0 0.705472 0.133374 0.033262 0.042631
0 0.720494 0.175396 0.035408 0.036541
0 0.650215 0.271011 0.021459 0.035323
0 0.659871 0.311206 0.030043 0.025579
0 0.692597 0.271011 0.024678 0.035323
0 0.716738 0.318514 0.034335 0.032887
0 0.751073 0.054202 0.023605 0.032887
0 0.593348 0.020097 0.032189 0.032887
0 0.766094 0.093788 0.036481 0.046285
0 0.790773 0.047503 0.032189 0.043849
0 0.837446 0.079781 0.026824 0.030451
0 0.821888 0.104750 0.032189 0.034105
0 0.863197 0.061510 0.028970 0.035323
0 0.866953 0.018879 0.023605 0.025579
0 0.838519 0.145554 0.061159 0.035323
0 0.819742 0.166261 0.017167 0.018270
0 0.803648 0.190621 0.034335 0.025579
0 0.819742 0.210719 0.034335 0.024361
0 0.767704 0.224117 0.041845 0.026797
0 0.822425 0.237515 0.026824 0.026797
0 0.890021 0.205238 0.031116 0.025579
0 0.898605 0.236297 0.031116 0.024361
0 0.969421 0.189403 0.031116 0.032887
0 0.945279 0.199756 0.017167 0.014616
0 0.988734 0.170524 0.020386 0.031669
0 0.716738 0.276492 0.021459 0.024361
0 0.762876 0.323386 0.038627 0.028015
0 0.812768 0.311815 0.033262 0.026797
0 0.780043 0.260049 0.030043 0.035323
0 0.855150 0.267966 0.042918 0.048721
0 0.854614 0.305725 0.031116 0.034105
0 0.900751 0.263703 0.035408 0.028015
0 0.958691 0.255177 0.026824 0.035323
0 0.968884 0.287454 0.030043 0.038977
0 0.982296 0.315469 0.028970 0.034105
0 0.939914 0.300244 0.027897 0.037759
0 0.854077 0.328867 0.040773 0.021924
0 0.819206 0.336175 0.035408 0.021924
0 0.821888 0.364190 0.023605 0.024361
0 0.858369 0.394032 0.027897 0.035323
0 0.883047 0.403776 0.032189 0.035323
0 0.946888 0.374543 0.022532 0.035323
0 0.962983 0.424482 0.024678 0.040195
0 0.935622 0.402558 0.025751 0.035323
0 0.810622 0.439708 0.037554 0.034105
0 0.812768 0.412302 0.031116 0.025579
0 0.791309 0.404385 0.037554 0.034105
0 0.765558 0.429963 0.039700 0.029233
0 0.749464 0.359927 0.037554 0.037759
0 0.776824 0.376979 0.040773 0.045067
0 0.641094 0.426918 0.056867 0.037759
0 0.641094 0.462850 0.037554 0.029233
0 0.678112 0.453106 0.030043 0.041413
0 0.737124 0.459196 0.036481 0.034105
0 0.543991 0.414129 0.038627 0.031669
0 0.567060 0.431790 0.031116 0.037759
0 0.495172 0.436663 0.039700 0.040195
0 0.890021 0.043849 0.024678 0.031669
0 0.913090 0.022533 0.025751 0.028015
0 0.971567 0.506090 0.035408 0.035323
0 0.934549 0.491474 0.027897 0.025579
0 0.929721 0.524361 0.046137 0.037759
0 0.836910 0.559683 0.053648 0.054811
0 0.865880 0.477467 0.045064 0.048721
0 0.917382 0.435445 0.036481 0.025579
0 0.791309 0.480512 0.041845 0.032887
0 0.806867 0.500609 0.036481 0.041413
0 0.763412 0.523752 0.028970 0.036541
0 0.781116 0.571864 0.040773 0.040195
0 0.743562 0.577345 0.027897 0.034105
0 0.719421 0.543240 0.028970 0.034105
0 0.732296 0.520097 0.026824 0.031669
0 0.725322 0.489647 0.034335 0.024361
0 0.965129 0.624848 0.028970 0.031669
0 0.861588 0.637028 0.027897 0.043849
0 0.762876 0.672351 0.021459 0.029233
0 0.805258 0.734470 0.031116 0.041413
0 0.820279 0.700365 0.035408 0.034105
0 0.846567 0.744214 0.045064 0.053593
0 0.903433 0.728380 0.027897 0.034105
0 0.936159 0.693666 0.069742 0.032887
0 0.971030 0.734470 0.038627 0.036541
0 0.932940 0.772229 0.037554 0.031669
0 0.957082 0.792326 0.027897 0.035323
0 0.983369 0.771620 0.024678 0.018270
0 0.985515 0.806334 0.026824 0.048721
0 0.856223 0.806334 0.036481 0.021924
0 0.831009 0.789890 0.039700 0.023143
0 0.952790 0.852010 0.034335 0.054811
0 0.962446 0.959805 0.034335 0.031669
0 0.934549 0.901340 0.032189 0.038977
0 0.966202 0.926309 0.039700 0.035323
0 0.917918 0.873934 0.018240 0.045067
0 0.902897 0.840438 0.033262 0.043849
0 0.900215 0.904994 0.017167 0.031669
0 0.879292 0.920219 0.031116 0.032887
0 0.876073 0.948234 0.028970 0.023143
0 0.860515 0.869062 0.023605 0.020706
0 0.859979 0.901340 0.033262 0.034105
0 0.881438 0.882460 0.026824 0.028015
0 0.837446 0.875761 0.028970 0.058465
0 0.811159 0.873325 0.025751 0.034105
0 0.806330 0.841657 0.024678 0.046285
0 0.777361 0.834348 0.020386 0.024361
0 0.738734 0.765530 0.035408 0.037759
0 0.712446 0.724726 0.032189 0.034105
0 0.689378 0.696102 0.033262 0.028015
0 0.707618 0.669915 0.043991 0.029233
0 0.747318 0.824604 0.026824 0.041413
0 0.738734 0.842875 0.028970 0.036541
0 0.703863 0.801462 0.036481 0.043849
0 0.642167 0.780146 0.037554 0.042631
0 0.616416 0.753350 0.028970 0.032887
0 0.798283 0.947016 0.023605 0.037759
0 0.819206 0.942753 0.026824 0.036541
0 0.827253 0.980512 0.034335 0.024361
0 0.887339 0.983557 0.034335 0.018270
0 0.756438 0.931181 0.038627 0.049939
0 0.759120 0.970767 0.022532 0.029233
0 0.732833 0.971985 0.019313 0.043849
0 0.679721 0.971376 0.033262 0.047503
0 0.623391 0.954324 0.032189 0.049939
0 0.654506 0.855055 0.027897 0.036541
0 0.586373 0.951279 0.028970 0.036541
0 0.591738 0.824604 0.033262 0.041413
0 0.623927 0.823995 0.031116 0.037759
0 0.531116 0.984775 0.045064 0.020706
0 0.523069 0.955542 0.037554 0.032887
0 0.538090 0.895250 0.033262 0.026797
0 0.496245 0.912911 0.043991 0.025579
0 0.503219 0.885505 0.034335 0.024361
0 0.408262 0.976857 0.043991 0.036541
0 0.460837 0.930572 0.028970 0.046285
0 0.548820 0.775274 0.031116 0.032887
0 0.574571 0.746041 0.035408 0.035323
0 0.631438 0.705847 0.048283 0.025579
0 0.511266 0.797199 0.033262 0.037759
0 0.430794 0.884896 0.028970 0.030451
0 0.410944 0.852010 0.034335 0.025579
0 0.389485 0.809379 0.036481 0.042631
0 0.423820 0.792326 0.030043 0.035323
0 0.371781 0.948843 0.035408 0.024361
0 0.371245 0.917174 0.034335 0.026797
0 0.336373 0.981121 0.046137 0.025579
0 0.495172 0.761267 0.033262 0.043849
0 0.526288 0.749695 0.028970 0.052375
0 0.487661 0.707065 0.048283 0.025579
0 0.427575 0.700974 0.039700 0.045067
0 0.358369 0.727162 0.036481 0.036541
0 0.373391 0.762485 0.025751 0.038977
0 0.344421 0.757004 0.021459 0.018270
0 0.367489 0.688794 0.020386 0.025579
0 0.646996 0.574909 0.042918 0.043849
0 0.634120 0.552375 0.030043 0.025579
0 0.589592 0.698538 0.035408 0.030451
0 0.549356 0.694884 0.032189 0.023143
0 0.641094 0.610231 0.028970 0.024361
0 0.618026 0.631547 0.032189 0.042631
0 0.604077 0.663216 0.032189 0.025579
0 0.571352 0.663216 0.033262 0.025579
0 0.584764 0.625457 0.025751 0.035323
0 0.511266 0.653471 0.031116 0.028015
0 0.519850 0.626066 0.039700 0.026797
0 0.476395 0.646772 0.032189 0.024361
0 0.474785 0.612667 0.028970 0.031669
0 0.499464 0.590134 0.028970 0.032887
0 0.572961 0.508526 0.030043 0.035323
0 0.589056 0.524361 0.030043 0.032887
0 0.543455 0.498173 0.031116 0.031669
0 0.508047 0.524970 0.028970 0.031669
0 0.503755 0.478076 0.031116 0.040195
0 0.457618 0.482339 0.035408 0.036541
0 0.446352 0.566382 0.032189 0.036541
0 0.452790 0.542631 0.030043 0.028015
0 0.420601 0.531060 0.034335 0.036541
0 0.423820 0.483557 0.038627 0.056029
0 0.413627 0.604750 0.037554 0.025579
0 0.408262 0.568210 0.028970 0.032887
0 0.320815 0.574909 0.040773 0.036541
0 0.341202 0.610840 0.032189 0.028015
0 0.335837 0.549330 0.021459 0.026797
0 0.337983 0.510353 0.032189 0.034105
0 0.294528 0.537150 0.026824 0.034105
0 0.271459 0.473203 0.045064 0.042631
0 0.212446 0.461632 0.040773 0.036541
0 0.199571 0.493910 0.045064 0.037759
0 0.150215 0.488429 0.042918 0.024361
0 0.053112 0.472594 0.054721 0.026797
0 0.063841 0.439708 0.033262 0.014616
0 0.054721 0.514007 0.053648 0.034105
0 0.108369 0.509135 0.019313 0.019488
0 0.137339 0.525579 0.027897 0.023143
0 0.136266 0.550548 0.019313 0.036541
0 0.053112 0.571255 0.033262 0.038977
0 0.070279 0.586480 0.024678 0.035323
0 0.081545 0.611449 0.025751 0.026797
0 0.026824 0.595615 0.025751 0.034105
0 0.078863 0.684531 0.031116 0.026797
0 0.057403 0.732034 0.039700 0.038977
0 0.045064 0.762485 0.021459 0.021924
0 0.083691 0.780146 0.017167 0.020706
0 0.101931 0.733861 0.032189 0.040195
0 0.122318 0.774665 0.023605 0.048721
0 0.148605 0.730816 0.039700 0.058465
0 0.164700 0.760658 0.024678 0.037759
0 0.198498 0.713764 0.025751 0.029233
0 0.283262 0.808770 0.034335 0.034105
0 0.250536 0.730816 0.022532 0.038977
0 0.248927 0.787454 0.021459 0.018270
0 0.254292 0.638855 0.034335 0.037759
0 0.227468 0.669306 0.030043 0.042631
0 0.205472 0.680877 0.035408 0.038977
0 0.159335 0.669915 0.031116 0.036541
0 0.270386 0.568210 0.032189 0.032887
0 0.248927 0.545676 0.032189 0.034105
0 0.215129 0.551157 0.031116 0.042631
0 0.146996 0.599878 0.038627 0.035323
0 0.215129 0.589525 0.037554 0.038977
0 0.171137 0.580390 0.039700 0.030451
0 0.171137 0.549330 0.028970 0.024361
0 0.275751 0.707065 0.030043 0.030451
0 0.343884 0.480512 0.026824 0.028015
0 0.380901 0.487211 0.017167 0.017052
0 0.073498 0.066382 0.022532 0.030451
0 0.101931 0.093179 0.012876 0.013398
0 0.234979 0.199756 0.023605 0.029233
0 0.224249 0.144336 0.030043 0.035323
0 0.390558 0.198538 0.027897 0.034105
0 0.364807 0.098051 0.036481 0.030451
0 0.317597 0.901949 0.038627 0.030451
0 0.351931 0.897686 0.034335 0.031669
0 0.315987 0.876370 0.035408 0.028015
0 0.324034 0.826431 0.038627 0.030451
0 0.284871 0.900731 0.037554 0.023143
0 0.297210 0.873934 0.030043 0.032887
0 0.211373 0.848965 0.017167 0.021924
0 0.203863 0.874543 0.045064 0.034105
0 0.200107 0.888551 0.033262 0.023143
0 0.200644 0.911084 0.027897 0.021924
0 0.157189 0.869062 0.018240 0.037759
0 0.112661 0.851401 0.032189 0.031669
0 0.136266 0.876370 0.017167 0.025579
0 0.086910 0.903776 0.023605 0.017052
0 0.065451 0.899513 0.023605 0.015834
0 0.051502 0.892205 0.023605 0.020706
0 0.032189 0.895250 0.012876 0.009744
0 0.045064 0.927527 0.027897 0.018270
0 0.092811 0.922046 0.018240 0.009744
0 0.122318 0.912911 0.045064 0.020706
0 0.163090 0.939708 0.042918 0.042631
0 0.039700 0.990256 0.030043 0.017052
0 0.022532 0.672960 0.038627 0.028015
0 0.077253 0.643118 0.030043 0.031669
0 0.011266 0.344093 0.018240 0.030451
0 0.016094 0.281364 0.019313 0.021924
0 0.232296 0.355664 0.020386 0.041413
0 0.130901 0.336784 0.019313 0.030451
0 0.803648 0.015225 0.027897 0.023143
0 0.756438 0.654689 0.021459 0.030451
0 0.715665 0.649817 0.030043 0.023143
0 0.675966 0.661998 0.023605 0.025579
0 0.768777 0.718636 0.033262 0.031669
0 0.928112 0.602314 0.038627 0.028015
0 0.935086 0.632765 0.026824 0.032887
0 0.532189 0.595615 0.023605 0.024361
0 0.777897 0.781973 0.027897 0.029233
0 0.676502 0.773447 0.033262 0.036541
0 0.706009 0.866017 0.021459 0.024361
0 0.533798 0.828258 0.020386 0.031669
0 0.544528 0.856882 0.024678 0.037759
0 0.447961 0.854446 0.022532 0.032887
0 0.463519 0.830085 0.036481 0.030451
0 0.134657 0.462850 0.022532 0.026797
0 0.599785 0.188794 0.021459 0.036541
0 0.630365 0.236906 0.020386 0.025579
0 0.230150 0.829476 0.041845 0.036541
0 0.256974 0.867844 0.037554 0.042631
0 0.455472 0.780146 0.031116 0.037759
0 0.760193 0.280146 0.024678 0.026797
