1 0.299805 0.028320 0.044922 0.037109
1 0.351562 0.035156 0.039062 0.027344
1 0.353516 0.172852 0.031250 0.048828
1 0.685547 0.174805 0.027344 0.037109
1 0.350586 0.429688 0.033203 0.027344
1 0.304688 0.460938 0.027344 0.042969
1 0.269531 0.600586 0.046875 0.044922
1 0.144531 0.943359 0.039062 0.042969
1 0.847656 0.142578 0.035156 0.031250
1 0.416992 0.209961 0.033203 0.048828
1 0.457031 0.306641 0.039062 0.039062
1 0.256836 0.218750 0.044922 0.035156
1 0.402344 0.408203 0.031250 0.023438
1 0.716797 0.140625 0.027344 0.031250
1 0.654297 0.219727 0.046875 0.044922
1 0.307617 0.316406 0.029297 0.031250
1 0.325195 0.328125 0.021484 0.023438
2 0.098633 0.250977 0.041016 0.052734
2 0.551758 0.270508 0.048828 0.044922
2 0.145508 0.325195 0.048828 0.052734
2 0.178711 0.231445 0.048828 0.052734
2 0.399414 0.319336 0.044922 0.048828
2 0.588867 0.186523 0.044922 0.044922
2 0.274414 0.284180 0.041016 0.041016
2 0.760742 0.195312 0.048828 0.046875
2 0.376953 0.267578 0.050781 0.046875
2 0.200195 0.281250 0.041016 0.046875
2 0.183594 0.375000 0.042969 0.042969
2 0.443359 0.255859 0.042969 0.046875
2 0.214844 0.196289 0.062500 0.041016
