1 0.229508 0.250000 0.049180 0.033074
1 0.089139 0.028210 0.030738 0.040856
1 0.045082 0.060311 0.036885 0.038911
1 0.022541 0.105058 0.028689 0.035019
1 0.065574 0.123541 0.045082 0.036965
1 0.100410 0.060311 0.024590 0.031128
1 0.147541 0.057393 0.040984 0.033074
1 0.219262 0.046693 0.045082 0.035019
1 0.251025 0.123541 0.030738 0.036965
1 0.295082 0.104086 0.045082 0.029183
1 0.304303 0.070039 0.034836 0.027237
1 0.161885 0.217899 0.032787 0.027237
1 0.311475 0.186770 0.036885 0.035019
1 0.334016 0.228599 0.040984 0.036965
1 0.367828 0.265564 0.034836 0.040856
1 0.297131 0.298638 0.045082 0.040856
1 0.265369 0.340467 0.043033 0.035019
1 0.147541 0.348249 0.045082 0.038911
1 0.184426 0.412451 0.045082 0.038911
1 0.481557 0.303502 0.045082 0.027237
1 0.509221 0.271401 0.038934 0.036965
1 0.542008 0.248054 0.034836 0.036965
1 0.591189 0.242218 0.034836 0.033074
1 0.647541 0.257782 0.045082 0.029183
1 0.678279 0.217899 0.045082 0.035019
1 0.692623 0.175097 0.036885 0.027237
1 0.489754 0.225681 0.040984 0.031128
1 0.519467 0.186770 0.038934 0.042802
1 0.564549 0.209144 0.051230 0.025292
1 0.620902 0.204280 0.045082 0.031128
1 0.497951 0.416342 0.045082 0.035019
1 0.573770 0.401751 0.045082 0.033074
1 0.632172 0.395914 0.038934 0.036965
1 0.672131 0.436770 0.045082 0.040856
1 0.750000 0.378405 0.040984 0.036965
1 0.582992 0.293774 0.038934 0.038911
1 0.437500 0.496109 0.043033 0.038911
1 0.571721 0.470817 0.028689 0.046693
1 0.616803 0.540856 0.045082 0.031128
1 0.859631 0.062257 0.034836 0.035019
1 0.907787 0.098249 0.045082 0.033074
1 0.944672 0.167315 0.040984 0.031128
1 0.977459 0.134241 0.036885 0.035019
1 0.960041 0.082685 0.043033 0.033074
1 0.924180 0.042802 0.045082 0.038911
1 0.974385 0.046693 0.034836 0.038911
1 0.740779 0.133268 0.055328 0.036965
1 0.769467 0.202335 0.051230 0.042802
1 0.807377 0.156615 0.040984 0.036965
1 0.863730 0.145914 0.047131 0.027237
1 0.843238 0.194553 0.047131 0.046693
1 0.830943 0.271401 0.038934 0.036965
1 0.546107 0.019455 0.038934 0.035019
1 0.634221 0.078794 0.043033 0.036965
1 0.064549 0.212062 0.034836 0.038911
1 0.032787 0.211089 0.032787 0.036965
1 0.051230 0.172179 0.032787 0.033074
1 0.392418 0.092412 0.038934 0.029183
1 0.384221 0.170233 0.038934 0.036965
1 0.445697 0.119650 0.034836 0.048638
1 0.071721 0.296693 0.036885 0.025292
1 0.267418 0.271401 0.034836 0.025292
1 0.419057 0.375486 0.038934 0.050584
1 0.473361 0.378405 0.032787 0.040856
1 0.739754 0.274319 0.040984 0.042802
1 0.905738 0.246109 0.036885 0.044747
1 0.969262 0.252918 0.032787 0.038911
1 0.873975 0.246109 0.038934 0.044747
1 0.491803 0.096304 0.040984 0.029183
1 0.557377 0.131323 0.024590 0.025292
1 0.540984 0.141051 0.032787 0.017510
1 0.534836 0.122568 0.028689 0.019455
1 0.427254 0.543774 0.038934 0.033074
1 0.476434 0.531128 0.038934 0.038911
1 0.571721 0.568093 0.036885 0.038911
1 0.526639 0.561284 0.040984 0.044747
1 0.642418 0.583658 0.043033 0.046693
1 0.683402 0.548638 0.038934 0.035019
1 0.729508 0.562257 0.036885 0.042802
1 0.809426 0.570039 0.045082 0.038911
1 0.740779 0.649805 0.038934 0.046693
1 0.693648 0.638132 0.043033 0.038911
1 0.650615 0.628405 0.034836 0.031128
1 0.684426 0.599222 0.036885 0.031128
1 0.720287 0.606031 0.030738 0.033074
1 0.853484 0.609922 0.034836 0.036965
1 0.911885 0.653696 0.045082 0.038911
1 0.914959 0.607977 0.055328 0.033074
1 0.873975 0.569066 0.047131 0.040856
1 0.059426 0.885214 0.036885 0.042802
1 0.012295 0.955253 0.024590 0.035019
1 0.109631 0.945525 0.034836 0.027237
1 0.147541 0.840467 0.040984 0.042802
1 0.218238 0.857977 0.034836 0.035019
1 0.261270 0.871595 0.034836 0.035019
1 0.316598 0.861868 0.038934 0.031128
1 0.337090 0.890078 0.038934 0.036965
1 0.409836 0.963035 0.040984 0.038911
1 0.503074 0.955253 0.038934 0.035019
1 0.457992 0.958171 0.034836 0.036965
1 0.237705 0.950389 0.049180 0.036965
1 0.292008 0.940661 0.038934 0.036965
1 0.181352 0.896887 0.038934 0.038911
1 0.050205 0.815175 0.043033 0.035019
1 0.019467 0.901751 0.034836 0.040856
1 0.271516 0.749027 0.047131 0.042802
1 0.221311 0.784047 0.040984 0.038911
1 0.251025 0.823930 0.038934 0.033074
1 0.388320 0.864786 0.043033 0.036965
1 0.437500 0.866732 0.043033 0.040856
1 0.497951 0.913424 0.040984 0.033074
1 0.490779 0.839494 0.038934 0.044747
1 0.531762 0.865759 0.038934 0.046693
1 0.427254 0.816148 0.043033 0.040856
1 0.303279 0.697471 0.040984 0.044747
1 0.185451 0.744163 0.047131 0.044747
1 0.232582 0.658560 0.043033 0.040856
1 0.316598 0.648833 0.034836 0.040856
1 0.422131 0.650778 0.036885 0.036965
1 0.451844 0.671206 0.034836 0.038911
1 0.552254 0.649805 0.034836 0.035019
1 0.592213 0.679961 0.045082 0.036965
1 0.566598 0.773346 0.030738 0.048638
1 0.530738 0.779183 0.032787 0.040856
1 0.493852 0.769455 0.032787 0.044747
1 0.414959 0.741245 0.034836 0.031128
1 0.373975 0.710117 0.038934 0.042802
1 0.330943 0.734436 0.038934 0.033074
1 0.175205 0.621595 0.047131 0.036965
1 0.234631 0.587549 0.043033 0.042802
1 0.277664 0.600195 0.026639 0.036965
1 0.275615 0.634241 0.026639 0.031128
1 0.357582 0.596304 0.038934 0.040856
1 0.182377 0.696498 0.045082 0.031128
1 0.068648 0.694553 0.038934 0.038911
1 0.091189 0.667315 0.026639 0.019455
1 0.021516 0.698444 0.038934 0.038911
1 0.028689 0.657588 0.040984 0.031128
1 0.120902 0.596304 0.045082 0.036965
1 0.178279 0.572957 0.040984 0.036965
1 0.036885 0.576848 0.045082 0.040856
1 0.281762 0.472763 0.038934 0.042802
1 0.233607 0.463035 0.040984 0.038911
1 0.217213 0.501946 0.045082 0.031128
1 0.154713 0.505837 0.047131 0.031128
1 0.109631 0.476654 0.047131 0.035019
1 0.097336 0.446498 0.051230 0.033074
1 0.113730 0.416342 0.043033 0.038911
1 0.802254 0.909533 0.038934 0.040856
1 0.848361 0.886187 0.040984 0.040856
1 0.908811 0.862840 0.034836 0.044747
1 0.878074 0.913424 0.034836 0.040856
1 0.917008 0.920233 0.038934 0.042802
1 0.968238 0.905642 0.038934 0.040856
1 0.943648 0.871595 0.043033 0.038911
1 0.947746 0.821984 0.038934 0.040856
1 0.836066 0.956226 0.045082 0.044747
1 0.765369 0.961089 0.043033 0.035019
1 0.742828 0.920233 0.047131 0.031128
1 0.768443 0.885214 0.049180 0.031128
1 0.769467 0.831712 0.038934 0.036965
1 0.476434 0.058366 0.034836 0.027237
1 0.525615 0.056420 0.047131 0.027237
1 0.580943 0.051556 0.034836 0.025292
1 0.422131 0.053502 0.036885 0.029183
1 0.392418 0.045720 0.026639 0.029183
1 0.851434 0.689689 0.038934 0.029183
1 0.742828 0.731518 0.051230 0.035019
1 0.838115 0.775292 0.045082 0.036965
1 0.894467 0.770428 0.034836 0.038911
1 0.864754 0.812257 0.040984 0.033074
1 0.811475 0.806420 0.040984 0.033074
1 0.714139 0.849222 0.047131 0.033074
1 0.694672 0.810311 0.040984 0.029183
1 0.683402 0.766537 0.026639 0.035019
1 0.625000 0.758755 0.036885 0.035019
1 0.933402 0.428988 0.038934 0.040856
1 0.879098 0.425097 0.028689 0.036965
1 0.858607 0.383268 0.040984 0.038911
1 0.834016 0.437743 0.036885 0.042802
1 0.912910 0.352140 0.051230 0.035019
1 0.889344 0.499027 0.040984 0.044747
1 0.913934 0.304475 0.049180 0.036965
1 0.838115 0.334630 0.032787 0.031128
1 0.808402 0.378405 0.043033 0.040856
1 0.782787 0.285019 0.032787 0.029183
1 0.785861 0.330739 0.034836 0.031128
1 0.615779 0.326848 0.038934 0.027237
1 0.716189 0.437743 0.038934 0.042802
1 0.744877 0.472763 0.026639 0.038911
1 0.770492 0.502918 0.040984 0.040856
1 0.663934 0.484436 0.040984 0.042802
1 0.620902 0.464981 0.032787 0.035019
1 0.850410 0.482490 0.032787 0.031128
1 0.697746 0.392023 0.026639 0.036965
1 0.698770 0.512646 0.040984 0.036965
1 0.510246 0.620623 0.040984 0.042802
1 0.595287 0.630350 0.038934 0.035019
1 0.535861 0.685798 0.047131 0.036965
1 0.640369 0.949416 0.034836 0.038911
1 0.709016 0.962062 0.036885 0.033074
1 0.687500 0.935798 0.034836 0.031128
1 0.645492 0.858949 0.045082 0.033074
1 0.196721 0.308366 0.036885 0.033074
1 0.199795 0.346304 0.038934 0.027237
1 0.238730 0.382296 0.034836 0.033074
1 0.105533 0.335603 0.047131 0.033074
1 0.066598 0.362840 0.038934 0.036965
1 0.026639 0.422179 0.045082 0.035019
1 0.793033 0.098249 0.040984 0.033074
1 0.841189 0.103113 0.038934 0.035019
1 0.760246 0.083658 0.040984 0.031128
1 0.810451 0.055447 0.038934 0.025292
1 0.703893 0.073930 0.034836 0.023346
1 0.864754 0.016537 0.049180 0.029183
1 0.812500 0.008755 0.034836 0.017510
1 0.672131 0.015564 0.032787 0.027237
1 0.889344 0.179961 0.036885 0.052529
1 0.944672 0.201362 0.032787 0.029183
1 0.984631 0.173152 0.026639 0.031128
1 0.760246 0.152724 0.032787 0.033074
1 0.797131 0.239300 0.061475 0.035019
1 0.680328 0.324903 0.049180 0.038911
1 0.675205 0.366732 0.043033 0.040856
1 0.700820 0.275292 0.028689 0.033074
1 0.424180 0.463035 0.049180 0.035019
1 0.384221 0.436770 0.038934 0.044747
1 0.343238 0.524319 0.043033 0.029183
1 0.320697 0.502918 0.030738 0.029183
1 0.967213 0.523346 0.028689 0.031128
1 0.957992 0.564202 0.030738 0.035019
1 0.984631 0.607004 0.030738 0.035019
1 0.989754 0.561284 0.020492 0.040856
1 0.027664 0.528210 0.038934 0.033074
1 0.095287 0.525292 0.038934 0.035019
1 0.134221 0.543774 0.034836 0.036965
1 0.473361 0.179961 0.040984 0.036965
1 0.487705 0.145914 0.045082 0.035019
1 0.424180 0.184825 0.040984 0.058366
1 0.386270 0.217899 0.059426 0.038911
1 0.344262 0.053502 0.045082 0.029183
1 0.332992 0.086576 0.030738 0.029183
1 0.355533 0.108949 0.034836 0.027237
1 0.356557 0.027237 0.045082 0.035019
1 0.415984 0.014591 0.045082 0.025292
1 0.471311 0.027237 0.040984 0.027237
1 0.244877 0.015564 0.034836 0.027237
1 0.031762 0.041829 0.034836 0.036965
1 0.042008 0.007782 0.026639 0.015564
1 0.029713 0.295720 0.034836 0.035019
1 0.140369 0.293774 0.047131 0.031128
1 0.053279 0.261673 0.049180 0.033074
1 0.654713 0.130350 0.030738 0.035019
1 0.639344 0.174125 0.045082 0.036965
1 0.572746 0.162451 0.034836 0.029183
1 0.526639 0.377432 0.040984 0.035019
1 0.510246 0.353113 0.036885 0.025292
1 0.028689 0.486381 0.032787 0.031128
1 0.945697 0.958171 0.034836 0.025292
1 0.909836 0.962062 0.036885 0.040856
1 0.332992 0.165370 0.030738 0.027237
1 0.253074 0.186770 0.034836 0.027237
1 0.280738 0.208171 0.040984 0.027237
1 0.272541 0.159533 0.045082 0.027237
