0 0.154232 0.283278 0.023385 0.031903
0 0.187639 0.292079 0.027840 0.040704
0 0.234410 0.174367 0.027840 0.038504
0 0.271158 0.222222 0.043430 0.041804
0 0.268374 0.262376 0.040089 0.036304
0 0.229955 0.293729 0.038976 0.044004
0 0.237751 0.080858 0.041203 0.029703
0 0.241648 0.112211 0.033408 0.030803
0 0.213808 0.121562 0.035635 0.040704
0 0.290089 0.066007 0.052339 0.039604
0 0.277283 0.101210 0.028953 0.024202
0 0.280067 0.130913 0.030067 0.030803
0 0.256682 0.148515 0.030067 0.039604
0 0.168708 0.188119 0.032294 0.037404
0 0.298441 0.196370 0.037862 0.029703
0 0.341871 0.185369 0.040089 0.040704
0 0.349666 0.221672 0.033408 0.038504
0 0.345768 0.257426 0.036748 0.035204
0 0.341314 0.054455 0.038976 0.036304
0 0.356904 0.092959 0.023385 0.038504
0 0.331849 0.090209 0.024499 0.046205
0 0.359131 0.147415 0.032294 0.041804
0 0.381403 0.195270 0.027840 0.034103
0 0.381960 0.070957 0.035635 0.038504
0 0.405345 0.095710 0.028953 0.024202
0 0.407016 0.156216 0.043430 0.033003
0 0.467149 0.149615 0.027840 0.035204
0 0.441537 0.182068 0.038976 0.040704
0 0.465479 0.107261 0.035635 0.036304
0 0.508909 0.107261 0.040089 0.031903
0 0.448775 0.260726 0.033408 0.035204
0 0.447661 0.305281 0.053452 0.029703
0 0.419822 0.199670 0.037862 0.038504
0 0.374722 0.349285 0.050111 0.031903
0 0.387528 0.375688 0.044543 0.029703
0 0.385857 0.411441 0.052339 0.037404
0 0.431514 0.451045 0.036748 0.046205
0 0.268374 0.444444 0.040089 0.039604
0 0.222160 0.382288 0.027840 0.042904
0 0.204343 0.437844 0.041203 0.030803
0 0.153118 0.427943 0.021158 0.046205
0 0.170935 0.403190 0.030067 0.040704
0 0.194878 0.391639 0.033408 0.052805
0 0.197661 0.331683 0.032294 0.042904
0 0.164254 0.329483 0.030067 0.053905
0 0.071826 0.602860 0.038976 0.046205
0 0.066258 0.645765 0.032294 0.030803
0 0.064588 0.520902 0.033408 0.031903
0 0.060134 0.552255 0.035635 0.022002
0 0.087416 0.568757 0.027840 0.030803
0 0.115256 0.462046 0.052339 0.035204
0 0.143096 0.483498 0.041203 0.040704
0 0.111915 0.586359 0.030067 0.050605
0 0.119154 0.662266 0.026726 0.039604
0 0.154232 0.672167 0.034521 0.041804
0 0.162027 0.727723 0.036748 0.038504
0 0.185412 0.757426 0.043430 0.029703
0 0.207127 0.794279 0.020045 0.028603
0 0.238864 0.799780 0.034521 0.039604
0 0.147550 0.585259 0.030067 0.041804
0 0.185969 0.571507 0.037862 0.031903
0 0.196548 0.665567 0.038976 0.030803
0 0.184298 0.481848 0.032294 0.024202
0 0.184855 0.136964 0.044543 0.051705
0 0.556236 0.195820 0.047884 0.028603
0 0.565702 0.157316 0.042316 0.039604
0 0.545100 0.110561 0.036748 0.042904
0 0.566258 0.257976 0.030067 0.031903
0 0.635857 0.363036 0.026726 0.052805
0 0.652004 0.286029 0.036748 0.033003
0 0.648664 0.183168 0.036748 0.036304
0 0.661470 0.215072 0.035635 0.029703
0 0.481626 0.405391 0.036748 0.036304
0 0.503898 0.371287 0.032294 0.038504
0 0.476058 0.344884 0.027840 0.049505
0 0.282851 0.533553 0.035635 0.039604
0 0.234410 0.555006 0.041203 0.040704
0 0.262249 0.597360 0.045657 0.052805
0 0.238307 0.649065 0.040089 0.041804
0 0.274499 0.742024 0.036748 0.036304
0 0.315145 0.718922 0.037862 0.038504
0 0.292873 0.848185 0.044543 0.033003
0 0.243875 0.850935 0.046771 0.040704
0 0.340757 0.871287 0.040089 0.033003
0 0.396993 0.883388 0.045657 0.035204
0 0.425947 0.927393 0.036748 0.035204
0 0.439310 0.884488 0.036748 0.046205
0 0.476615 0.884488 0.042316 0.046205
0 0.370267 0.711771 0.041203 0.037404
0 0.359688 0.655116 0.031180 0.045105
0 0.375835 0.600110 0.032294 0.036304
0 0.360802 0.561606 0.031180 0.031903
0 0.415924 0.630363 0.041203 0.048405
0 0.433742 0.659516 0.038976 0.045105
0 0.394209 0.563806 0.033408 0.031903
0 0.409800 0.503300 0.033408 0.029703
0 0.415924 0.537404 0.036748 0.036304
0 0.470490 0.610011 0.045657 0.034103
0 0.453786 0.544004 0.030067 0.038504
0 0.465479 0.474147 0.033408 0.028603
0 0.475501 0.442794 0.040089 0.031903
0 0.694878 0.331133 0.035635 0.030803
0 0.674833 0.355336 0.042316 0.028603
0 0.675947 0.394389 0.035635 0.031903
0 0.647550 0.408141 0.032294 0.035204
0 0.611359 0.391639 0.028953 0.022002
0 0.692650 0.274477 0.035635 0.027503
0 0.714365 0.294829 0.036748 0.030803
0 0.732183 0.316832 0.030067 0.035204
0 0.753341 0.351485 0.036748 0.027503
0 0.755011 0.386689 0.048998 0.036304
0 0.716592 0.368537 0.034521 0.033003
0 0.715479 0.405391 0.036748 0.034103
0 0.741648 0.424642 0.040089 0.035204
0 0.690423 0.473597 0.033408 0.031903
0 0.647550 0.463146 0.027840 0.033003
0 0.774499 0.481298 0.038976 0.036304
0 0.821826 0.479648 0.040089 0.028603
0 0.813474 0.447745 0.034521 0.030803
0 0.820713 0.418592 0.042316 0.027503
0 0.849109 0.457096 0.034521 0.040704
0 0.877506 0.492299 0.044543 0.040704
0 0.798998 0.509901 0.041203 0.038504
0 0.816258 0.535754 0.040089 0.028603
0 0.813474 0.564906 0.038976 0.038504
0 0.868040 0.540154 0.047884 0.033003
0 0.912027 0.542904 0.042316 0.040704
0 0.770601 0.542354 0.046771 0.037404
0 0.739978 0.581408 0.041203 0.038504
0 0.756125 0.606711 0.040089 0.038504
0 0.781737 0.578658 0.031180 0.037404
0 0.616927 0.575358 0.040089 0.030803
0 0.695434 0.594609 0.036748 0.040704
0 0.571269 0.595160 0.046771 0.037404
0 0.543430 0.622112 0.051225 0.029703
0 0.533408 0.656766 0.040089 0.039604
0 0.585746 0.708471 0.033408 0.041804
0 0.604677 0.660066 0.033408 0.048405
0 0.626392 0.500000 0.034521 0.047305
0 0.677617 0.546755 0.047884 0.037404
0 0.721047 0.548955 0.030067 0.026403
0 0.603007 0.431243 0.045657 0.039604
0 0.581849 0.474697 0.027840 0.031903
0 0.594655 0.512101 0.028953 0.045105
0 0.541759 0.433993 0.030067 0.034103
0 0.673163 0.511551 0.041203 0.033003
0 0.504454 0.797580 0.042316 0.041804
0 0.508352 0.754125 0.036748 0.034103
0 0.529510 0.701870 0.052339 0.050605
0 0.578508 0.748075 0.032294 0.030803
0 0.538419 0.847085 0.034521 0.035204
0 0.546771 0.894389 0.044543 0.037404
0 0.582962 0.864686 0.032294 0.037404
0 0.264477 0.706271 0.047884 0.039604
0 0.157016 0.536304 0.044543 0.025303
0 0.315145 0.442794 0.033408 0.038504
0 0.330178 0.523652 0.030067 0.052805
0 0.324610 0.345435 0.034521 0.046205
0 0.267261 0.313531 0.024499 0.039604
0 0.419265 0.052255 0.025612 0.042904
0 0.482739 0.081408 0.050111 0.033003
0 0.610245 0.235424 0.037862 0.033003
0 0.346325 0.409241 0.031180 0.041804
0 0.457684 0.836634 0.037862 0.027503
0 0.565702 0.778328 0.035635 0.038504
0 0.609131 0.783278 0.040089 0.035204
0 0.630290 0.712871 0.020045 0.046205
0 0.609131 0.749725 0.035635 0.040704
0 0.704900 0.668317 0.026726 0.051705
0 0.677060 0.683168 0.031180 0.048405
0 0.671492 0.634763 0.028953 0.030803
0 0.709911 0.610011 0.027840 0.038504
0 0.156459 0.218922 0.027840 0.035204
0 0.146437 0.245875 0.025612 0.023102
0 0.816258 0.763476 0.044543 0.037404
0 0.619154 0.957096 0.037862 0.037404
0 0.478285 0.726623 0.032294 0.038504
0 0.535078 0.544004 0.036748 0.029703
0 0.225501 0.216722 0.032294 0.030803
0 0.021715 0.397140 0.041203 0.028603
0 0.030067 0.425193 0.053452 0.034103
0 0.252227 0.356986 0.030067 0.031903
0 0.172606 0.449945 0.026726 0.033003
0 0.113586 0.531903 0.035635 0.025303
0 0.660356 0.712871 0.024499 0.037404
0 0.698775 0.218372 0.027840 0.023102
0 0.263363 0.777228 0.027840 0.029703
0 0.279510 0.805831 0.033408 0.029703
0 0.485523 0.237624 0.037862 0.030803
0 0.435412 0.229923 0.028953 0.019802
0 0.191537 0.218372 0.028953 0.023102
0 0.306236 0.471947 0.037862 0.019802
0 0.239978 0.496150 0.032294 0.022002
0 0.268374 0.481848 0.020045 0.017602
0 0.405902 0.444994 0.025612 0.023102
0 0.071269 0.090759 0.024499 0.029703
0 0.609131 0.199120 0.031180 0.019802
0 0.612472 0.179868 0.031180 0.018702
0 0.393653 0.127613 0.034521 0.026403
0 0.329621 0.394389 0.031180 0.031903
0 0.566815 0.443894 0.022272 0.025303
0 0.618040 0.613861 0.028953 0.035204
0 0.639198 0.634213 0.028953 0.025303
0 0.062918 0.812431 0.036748 0.025303
0 0.448775 0.056656 0.026726 0.023102
0 0.481626 0.529703 0.025612 0.020902
0 0.351336 0.536304 0.030067 0.025303
0 0.365256 0.743674 0.033408 0.033003
0 0.590757 0.827833 0.025612 0.020902
0 0.339644 0.136414 0.028953 0.033003
0 0.549555 0.217272 0.027840 0.025303
0 0.790089 0.627063 0.036748 0.030803
0 0.852450 0.582508 0.032294 0.029703
0 0.827394 0.610011 0.028953 0.025303
0 0.385301 0.910341 0.033408 0.025303
0 0.566815 0.663916 0.017817 0.036304
0 0.577394 0.560506 0.023385 0.018702
1 0.144209 0.012651 0.025612 0.014301
1 0.952673 0.598460 0.016704 0.019802
1 0.735523 0.268977 0.018931 0.018702
1 0.805679 0.255776 0.023385 0.027503
1 0.827394 0.187019 0.026726 0.024202
1 0.845768 0.199120 0.021158 0.022002
1 0.851336 0.270077 0.023385 0.023102
1 0.900891 0.142464 0.017817 0.027503
1 0.933185 0.191969 0.017817 0.020902
1 0.939866 0.220572 0.028953 0.023102
1 0.921492 0.149065 0.025612 0.020902
1 0.841871 0.031903 0.026726 0.028603
1 0.830735 0.014301 0.020045 0.028603
1 0.157572 0.960396 0.016704 0.024202
1 0.090757 0.976898 0.030067 0.017602
1 0.698775 0.918042 0.038976 0.018702
1 0.726615 0.867437 0.047884 0.031903
1 0.790089 0.814631 0.030067 0.020902
1 0.775056 0.712321 0.024499 0.036304
1 0.990535 0.450495 0.021158 0.023102
1 0.985523 0.396590 0.020045 0.020902
1 0.825724 0.274477 0.025612 0.020902
1 0.822940 0.213421 0.017817 0.024202
1 0.840757 0.167217 0.017817 0.013201
1 0.160913 0.869637 0.016704 0.018702
1 0.231626 0.983498 0.015590 0.019802
1 0.793430 0.011551 0.021158 0.023102
