0 0.074032 0.144307 0.038724 0.027057
0 0.173690 0.101466 0.042141 0.027057
0 0.462984 0.147125 0.033030 0.030440
0 0.555809 0.166291 0.025057 0.037204
0 0.731207 0.105975 0.031891 0.029312
0 0.926538 0.160090 0.039863 0.036077
0 0.691344 0.293687 0.038724 0.030440
0 0.645786 0.422210 0.045558 0.021421
0 0.709567 0.456595 0.034169 0.036077
0 0.480068 0.497182 0.035308 0.036077
0 0.456720 0.587373 0.027335 0.036077
0 0.481207 0.604848 0.026196 0.032694
0 0.617882 0.652762 0.028474 0.027057
0 0.653759 0.635287 0.036446 0.030440
0 0.690774 0.599775 0.028474 0.031567
0 0.729499 0.527621 0.021640 0.040586
0 0.432802 0.676437 0.027335 0.031567
0 0.746014 0.829200 0.034169 0.032694
0 0.793850 0.852875 0.043280 0.025930
0 0.896925 0.843292 0.028474 0.033822
0 0.839977 0.922773 0.033030 0.030440
0 0.883257 0.968997 0.033030 0.025930
0 0.845672 0.677001 0.039863 0.028185
0 0.453872 0.794814 0.033030 0.029312
0 0.497153 0.775648 0.028474 0.029312
0 0.555239 0.805524 0.026196 0.034949
0 0.481777 0.841601 0.031891 0.028185
0 0.223235 0.731116 0.036446 0.041714
0 0.288155 0.704059 0.029613 0.041714
0 0.261390 0.742390 0.023918 0.030440
0 0.321754 0.752537 0.028474 0.041714
0 0.293280 0.749154 0.023918 0.030440
0 0.533030 0.844983 0.034169 0.030440
0 0.751139 0.788613 0.023918 0.025930
0 0.155467 0.545096 0.035308 0.023675
0 0.100228 0.534949 0.029613 0.025930
0 0.058087 0.480271 0.022779 0.040586
0 0.109339 0.384442 0.034169 0.033822
0 0.263667 0.521421 0.023918 0.032694
0 0.015376 0.455468 0.028474 0.042841
0 0.054100 0.293687 0.030752 0.034949
1 0.102506 0.021421 0.022779 0.020293
1 0.103075 0.083991 0.023918 0.021421
1 0.219248 0.118377 0.023918 0.020293
1 0.260820 0.104848 0.020501 0.024803
1 0.311503 0.093574 0.021640 0.020293
1 0.317198 0.131905 0.021640 0.020293
1 0.293850 0.118377 0.022779 0.018038
1 0.290433 0.135851 0.022779 0.016911
1 0.284738 0.164036 0.022779 0.021421
1 0.020501 0.192785 0.020501 0.022548
1 0.059226 0.189402 0.025057 0.020293
1 0.026765 0.165727 0.023918 0.022548
1 0.027904 0.127396 0.021640 0.027057
1 0.098519 0.189402 0.026196 0.022548
1 0.132688 0.169673 0.017084 0.023675
1 0.159453 0.169673 0.022779 0.016911
1 0.088838 0.217587 0.020501 0.027057
1 0.207289 0.143743 0.022779 0.021421
1 0.248292 0.042841 0.020501 0.029312
1 0.133257 0.082864 0.027335 0.028185
1 0.055239 0.166291 0.023918 0.019166
1 0.083144 0.173055 0.022779 0.023675
1 0.156606 0.061443 0.035308 0.016911
1 0.201595 0.083427 0.022779 0.024803
1 0.206150 0.212514 0.015945 0.023675
1 0.131549 0.197294 0.026196 0.020293
1 0.046697 0.094138 0.031891 0.028185
1 0.322323 0.105411 0.025057 0.023675
1 0.339977 0.124577 0.017084 0.012401
1 0.367312 0.123450 0.017084 0.019166
1 0.389522 0.128523 0.015945 0.020293
1 0.306948 0.154453 0.019362 0.022548
1 0.346811 0.145998 0.014806 0.019166
1 0.052961 0.212514 0.019362 0.019166
1 0.007973 0.211387 0.009112 0.014656
1 0.006264 0.180383 0.010251 0.024803
1 0.111048 0.166855 0.019362 0.018038
1 0.145216 0.153890 0.019362 0.014656
1 0.126993 0.133033 0.030752 0.029312
1 0.059795 0.245209 0.023918 0.023675
1 0.032460 0.267756 0.023918 0.023675
1 0.068337 0.267193 0.020501 0.018038
1 0.112756 0.347238 0.022779 0.015784
1 0.182802 0.262120 0.019362 0.023675
1 0.202164 0.261556 0.017084 0.022548
1 0.208428 0.281849 0.018223 0.022548
1 0.120159 0.308343 0.028474 0.021421
1 0.145786 0.273393 0.041002 0.019166
1 0.108200 0.242954 0.020501 0.023675
1 0.095672 0.275648 0.027335 0.023675
1 0.126993 0.233935 0.019362 0.016911
1 0.173121 0.242390 0.011390 0.027057
1 0.087130 0.241826 0.017084 0.016911
1 0.170843 0.209132 0.025057 0.025930
1 0.198747 0.232807 0.021640 0.025930
1 0.233485 0.229425 0.022779 0.025930
1 0.276765 0.233935 0.022779 0.021421
1 0.289863 0.209132 0.019362 0.023675
1 0.293850 0.184893 0.018223 0.018038
1 0.276765 0.192785 0.018223 0.020293
1 0.252278 0.240135 0.023918 0.022548
1 0.255125 0.265502 0.025057 0.019166
1 0.301253 0.255919 0.019362 0.027057
1 0.289863 0.311161 0.017084 0.024803
1 0.304670 0.289741 0.019362 0.020293
1 0.282460 0.287486 0.020501 0.031567
1 0.351936 0.282413 0.022779 0.021421
1 0.328018 0.254791 0.020501 0.024803
1 0.323462 0.276776 0.020501 0.019166
1 0.322893 0.302142 0.030752 0.020293
1 0.306948 0.323563 0.017084 0.022548
1 0.330296 0.328636 0.020501 0.025930
1 0.353075 0.314543 0.022779 0.027057
1 0.370159 0.294814 0.020501 0.016911
1 0.400911 0.289741 0.025057 0.020293
1 0.383827 0.270575 0.022779 0.020293
1 0.390091 0.245772 0.021640 0.020293
1 0.369021 0.248591 0.015945 0.023675
1 0.350228 0.258174 0.014806 0.013529
1 0.318337 0.217587 0.017084 0.018038
1 0.335991 0.215896 0.020501 0.023675
1 0.316059 0.192221 0.017084 0.025930
1 0.336560 0.187148 0.019362 0.020293
1 0.334282 0.163472 0.019362 0.020293
1 0.357631 0.198422 0.022779 0.020293
1 0.357631 0.175874 0.022779 0.018038
1 0.385535 0.172492 0.023918 0.020293
1 0.400911 0.181511 0.020501 0.024803
1 0.414009 0.205186 0.021640 0.024803
1 0.382118 0.201804 0.021640 0.024803
1 0.391230 0.219842 0.021640 0.020293
1 0.416856 0.237880 0.020501 0.024803
1 0.420273 0.173619 0.018223 0.018038
1 0.432802 0.185457 0.020501 0.021421
1 0.358770 0.223788 0.020501 0.019166
1 0.457859 0.186020 0.020501 0.020293
1 0.440205 0.209696 0.021640 0.024803
1 0.449886 0.229989 0.027335 0.022548
1 0.488041 0.222661 0.019362 0.016911
1 0.481777 0.191657 0.022779 0.018038
1 0.506264 0.189966 0.019362 0.021421
1 0.414579 0.267756 0.022779 0.019166
1 0.425968 0.288050 0.020501 0.023675
1 0.448178 0.253664 0.017084 0.020293
1 0.444191 0.273957 0.020501 0.020293
1 0.468679 0.275085 0.019362 0.018038
1 0.490319 0.268884 0.019362 0.019166
1 0.501139 0.241263 0.020501 0.022548
1 0.515376 0.226607 0.017084 0.020293
1 0.400911 0.313980 0.020501 0.019166
1 0.346811 0.348365 0.019362 0.022548
1 0.324601 0.357948 0.018223 0.021421
1 0.302961 0.347802 0.018223 0.019166
1 0.268223 0.348929 0.019362 0.016911
1 0.288155 0.355693 0.020501 0.016911
1 0.302961 0.374295 0.020501 0.020293
1 0.341686 0.370349 0.018223 0.019166
1 0.363326 0.370913 0.020501 0.020293
1 0.347380 0.394589 0.027335 0.022548
1 0.321185 0.388388 0.015945 0.025930
1 0.382688 0.347238 0.020501 0.022548
1 0.366743 0.341037 0.015945 0.023675
1 0.378702 0.318489 0.017084 0.016911
1 0.406606 0.337655 0.022779 0.023675
1 0.445900 0.334837 0.023918 0.022548
1 0.470387 0.326945 0.020501 0.020293
1 0.480068 0.305524 0.019362 0.022548
1 0.449317 0.359639 0.017084 0.020293
1 0.473235 0.357948 0.019362 0.021421
1 0.374146 0.396280 0.017084 0.021421
1 0.384396 0.379932 0.019362 0.018038
1 0.399772 0.365840 0.020501 0.019166
1 0.411731 0.386133 0.026196 0.019166
1 0.437927 0.382187 0.021640 0.022548
1 0.462415 0.387260 0.022779 0.025930
1 0.485763 0.378805 0.021640 0.020293
1 0.494305 0.331454 0.022779 0.024803
1 0.496014 0.354566 0.012528 0.016911
1 0.518793 0.344983 0.017084 0.020293
1 0.515376 0.373168 0.021640 0.022548
1 0.507973 0.398534 0.029613 0.021421
1 0.484624 0.404171 0.019362 0.019166
1 0.517654 0.318489 0.021640 0.019166
1 0.528474 0.302142 0.022779 0.022548
1 0.566059 0.299887 0.020501 0.020293
1 0.577449 0.279030 0.020501 0.023675
1 0.515945 0.282413 0.020501 0.014656
1 0.504556 0.293123 0.018223 0.020293
1 0.556948 0.333709 0.015945 0.018038
1 0.587699 0.330891 0.018223 0.023675
1 0.511959 0.266629 0.012528 0.019166
1 0.527904 0.255919 0.023918 0.020293
1 0.535877 0.233371 0.019362 0.018038
1 0.526196 0.200113 0.022779 0.021421
1 0.538155 0.213078 0.019362 0.022548
1 0.554670 0.275085 0.018223 0.022548
1 0.367882 0.162345 0.020501 0.018038
1 0.402050 0.112740 0.025057 0.020293
1 0.414009 0.136415 0.017084 0.027057
1 0.414579 0.158963 0.018223 0.015784
1 0.312073 0.069899 0.015945 0.013529
1 0.337699 0.071590 0.019362 0.016911
1 0.358770 0.102029 0.022779 0.014656
1 0.391800 0.095265 0.020501 0.019166
1 0.185649 0.148253 0.011390 0.019166
1 0.173690 0.145434 0.019362 0.020293
1 0.245444 0.145998 0.019362 0.034949
1 0.269362 0.139233 0.014806 0.039459
1 0.497153 0.165163 0.021640 0.019166
1 0.523918 0.173619 0.020501 0.018038
1 0.513098 0.124014 0.017084 0.020293
1 0.494305 0.126832 0.013667 0.023675
1 0.615604 0.133596 0.023918 0.021421
1 0.607062 0.149380 0.020501 0.016911
1 0.523349 0.073844 0.021640 0.023675
1 0.504556 0.096956 0.022779 0.022548
1 0.534738 0.099775 0.023918 0.016911
1 0.550683 0.086809 0.017084 0.013529
1 0.565490 0.100338 0.017084 0.013529
1 0.580866 0.076663 0.022779 0.024803
1 0.628702 0.061443 0.025057 0.019166
1 0.601367 0.053551 0.025057 0.021421
1 0.601367 0.117249 0.020501 0.029312
1 0.582574 0.113303 0.014806 0.023675
1 0.449886 0.021984 0.020501 0.021421
1 0.474943 0.028185 0.018223 0.020293
1 0.466401 0.048478 0.023918 0.020293
1 0.486333 0.068771 0.022779 0.020293
1 0.502278 0.054679 0.015945 0.019166
1 0.435080 0.062570 0.018223 0.019166
1 0.449886 0.063134 0.015945 0.020293
1 0.437358 0.042841 0.022779 0.018038
1 0.385535 0.059752 0.023918 0.018038
1 0.411731 0.054115 0.026196 0.027057
1 0.362187 0.041150 0.025057 0.019166
1 0.350797 0.027057 0.018223 0.020293
1 0.335991 0.024803 0.020501 0.015784
1 0.387813 0.036077 0.026196 0.020293
1 0.401481 0.015220 0.023918 0.016911
1 0.662301 0.140924 0.017084 0.029312
1 0.672551 0.183766 0.019362 0.018038
1 0.681093 0.164036 0.022779 0.014656
1 0.639522 0.138670 0.017084 0.022548
1 0.637813 0.156144 0.022779 0.016911
1 0.629841 0.178129 0.018223 0.018038
1 0.656606 0.167982 0.012528 0.015784
1 0.654897 0.196167 0.020501 0.018038
1 0.693052 0.113867 0.019362 0.020293
1 0.690205 0.135851 0.025057 0.019166
1 0.711845 0.127396 0.020501 0.024803
1 0.726651 0.149944 0.025057 0.020293
1 0.716970 0.177565 0.021640 0.019166
1 0.740888 0.174183 0.021640 0.016911
1 0.771071 0.146561 0.020501 0.020293
1 0.698747 0.188839 0.021640 0.019166
1 0.730638 0.195603 0.021640 0.012401
1 0.759681 0.187711 0.027335 0.019166
1 0.829157 0.091883 0.020501 0.021421
1 0.835421 0.143179 0.019362 0.029312
1 0.814351 0.130214 0.018223 0.028185
1 0.775626 0.094701 0.022779 0.020293
1 0.803531 0.089064 0.023918 0.020293
1 0.794989 0.109357 0.022779 0.020293
1 0.775057 0.071026 0.026196 0.018038
1 0.506834 0.027057 0.025057 0.022548
1 0.543850 0.064825 0.023918 0.019166
1 0.533599 0.018602 0.014806 0.023675
1 0.546697 0.030440 0.025057 0.022548
1 0.572893 0.036077 0.025057 0.024803
1 0.658884 0.040586 0.023918 0.018038
1 0.686788 0.043405 0.018223 0.021421
1 0.892369 0.096392 0.021640 0.016911
1 0.874146 0.014656 0.021640 0.020293
1 0.808656 0.055806 0.025057 0.030440
1 0.758542 0.046787 0.025057 0.023675
1 0.564351 0.240135 0.023918 0.024803
1 0.621298 0.227170 0.014806 0.023675
1 0.634966 0.214205 0.014806 0.024803
1 0.639522 0.240135 0.019362 0.020293
1 0.656606 0.257610 0.021640 0.023675
1 0.628702 0.263811 0.022779 0.027057
1 0.633257 0.300451 0.015945 0.023675
1 0.646355 0.319617 0.019362 0.028185
1 0.659453 0.299887 0.020501 0.018038
1 0.626424 0.324126 0.018223 0.023675
1 0.599658 0.310034 0.028474 0.022548
1 0.661731 0.215896 0.018223 0.023675
1 0.683941 0.211387 0.019362 0.023675
1 0.687927 0.236189 0.020501 0.016911
1 0.687927 0.257046 0.022779 0.020293
1 0.710706 0.251973 0.018223 0.023675
1 0.732346 0.261556 0.020501 0.018038
1 0.720387 0.279030 0.019362 0.014656
1 0.744305 0.277903 0.019362 0.014656
1 0.785308 0.279030 0.021640 0.012401
1 0.798405 0.259865 0.020501 0.028185
1 0.773918 0.261556 0.017084 0.022548
1 0.769362 0.241263 0.019362 0.020293
1 0.759112 0.222097 0.021640 0.024803
1 0.710706 0.224352 0.027335 0.013529
1 0.709567 0.204622 0.020501 0.016911
1 0.798975 0.227170 0.026196 0.023675
1 0.791002 0.195603 0.021640 0.028185
1 0.808656 0.210259 0.018223 0.014656
1 0.832574 0.170800 0.018223 0.019166
1 0.846811 0.195603 0.021640 0.023675
1 0.838838 0.219842 0.021640 0.024803
1 0.862187 0.219278 0.022779 0.025930
1 0.890091 0.222661 0.021640 0.021421
1 0.853075 0.246336 0.022779 0.023675
1 0.880410 0.246336 0.025057 0.023675
1 0.824032 0.262120 0.021640 0.019166
1 0.810934 0.281849 0.022779 0.018038
1 0.841686 0.276776 0.027335 0.021421
1 0.869021 0.268320 0.027335 0.018038
1 0.892938 0.279030 0.025057 0.030440
1 0.978929 0.259301 0.023918 0.024803
1 0.958998 0.193348 0.022779 0.028185
1 0.932232 0.231116 0.019362 0.018038
1 0.935649 0.204622 0.021640 0.025930
1 0.874146 0.193912 0.028474 0.031567
1 0.749431 0.305524 0.025057 0.027057
1 0.797836 0.321871 0.019362 0.025930
1 0.848519 0.325254 0.020501 0.019166
1 0.834852 0.317926 0.013667 0.020293
1 0.915148 0.312852 0.028474 0.034949
1 0.730068 0.324126 0.022779 0.021421
1 0.749431 0.337091 0.020501 0.022548
1 0.664009 0.373168 0.020501 0.020293
1 0.676538 0.348365 0.022779 0.022548
1 0.648633 0.356821 0.021640 0.028185
1 0.625854 0.365840 0.021640 0.021421
1 0.642938 0.382751 0.017084 0.014656
1 0.647494 0.394589 0.021640 0.011274
1 0.687358 0.380496 0.023918 0.021421
1 0.728360 0.348929 0.021640 0.016911
1 0.728929 0.376550 0.025057 0.020293
1 0.772210 0.363021 0.020501 0.027057
1 0.792711 0.352311 0.020501 0.021421
1 0.805809 0.377678 0.021640 0.024803
1 0.800683 0.404735 0.020501 0.020293
1 0.811503 0.420519 0.021640 0.020293
1 0.773918 0.402480 0.021640 0.022548
1 0.777335 0.425592 0.021640 0.016911
1 0.784169 0.441375 0.021640 0.016911
1 0.758542 0.437993 0.018223 0.019166
1 0.710706 0.408117 0.022779 0.018038
1 0.750000 0.372604 0.021640 0.032694
1 0.737472 0.417700 0.021640 0.023675
1 0.783030 0.472943 0.023918 0.016911
1 0.900911 0.389515 0.020501 0.021421
1 0.708998 0.321308 0.019362 0.018038
1 0.951595 0.387824 0.030752 0.022548
1 0.986902 0.412627 0.021640 0.020293
1 0.962984 0.421082 0.021640 0.021421
1 0.941344 0.441939 0.021640 0.020293
1 0.917426 0.397971 0.019362 0.024803
1 0.915718 0.422210 0.018223 0.019166
1 0.937927 0.417136 0.021640 0.015784
1 0.937927 0.329200 0.023918 0.018038
1 0.913440 0.352875 0.027335 0.018038
1 0.935649 0.364149 0.021640 0.020293
1 0.963554 0.361330 0.022779 0.019166
1 0.818337 0.350056 0.023918 0.021421
1 0.905467 0.498309 0.018223 0.027057
1 0.779043 0.493799 0.020501 0.020293
1 0.510251 0.435738 0.020501 0.019166
1 0.529613 0.425028 0.018223 0.015784
1 0.551822 0.406990 0.019362 0.027057
1 0.578588 0.410372 0.025057 0.022548
1 0.571185 0.389515 0.017084 0.016911
1 0.547267 0.379932 0.017084 0.020293
1 0.562642 0.369786 0.018223 0.020293
1 0.595672 0.361894 0.018223 0.020293
1 0.589977 0.378805 0.022779 0.022548
1 0.393508 0.409245 0.019362 0.020293
1 0.417426 0.410372 0.021640 0.018038
1 0.446469 0.415445 0.020501 0.016911
1 0.467540 0.422210 0.019362 0.021421
1 0.457289 0.444758 0.021640 0.021421
1 0.406606 0.453213 0.020501 0.013529
1 0.416856 0.440812 0.020501 0.022548
1 0.435649 0.440248 0.017084 0.023675
1 0.429954 0.478579 0.021640 0.023675
1 0.390661 0.500000 0.020501 0.025930
1 0.403759 0.479143 0.017084 0.018038
1 0.424260 0.503946 0.014806 0.015784
1 0.409453 0.537768 0.021640 0.020293
1 0.376424 0.529312 0.019362 0.019166
1 0.366173 0.511838 0.019362 0.022548
1 0.378132 0.427847 0.015945 0.019166
1 0.371298 0.450395 0.022779 0.019166
1 0.329157 0.434611 0.018223 0.019166
1 0.367312 0.476888 0.017084 0.024803
1 0.350797 0.468433 0.011390 0.023675
1 0.327449 0.456032 0.019362 0.019166
1 0.313212 0.448140 0.013667 0.025930
1 0.345103 0.498873 0.020501 0.023675
1 0.311503 0.503946 0.017084 0.018038
1 0.291572 0.516911 0.018223 0.023675
1 0.345672 0.525930 0.021640 0.016911
1 0.591686 0.436302 0.019362 0.020293
1 0.357062 0.549042 0.021640 0.020293
1 0.384966 0.550169 0.018223 0.020293
1 0.403189 0.562570 0.015945 0.018038
1 0.382118 0.574972 0.017084 0.020293
1 0.360478 0.572717 0.017084 0.020293
1 0.333144 0.563134 0.021640 0.021421
1 0.338838 0.591883 0.017084 0.022548
1 0.359339 0.595829 0.019362 0.019166
1 0.344533 0.618377 0.021640 0.023675
1 0.369590 0.612740 0.019362 0.025930
1 0.372437 0.637542 0.022779 0.019166
1 0.423690 0.629651 0.022779 0.021421
1 0.419134 0.602029 0.020501 0.018038
1 0.333713 0.644307 0.018223 0.021421
1 0.335421 0.674183 0.023918 0.015784
1 0.353645 0.656708 0.019362 0.028185
1 0.435649 0.642052 0.021640 0.023675
1 0.477790 0.673619 0.028474 0.023675
1 0.493166 0.698422 0.018223 0.019166
1 0.538724 0.695603 0.018223 0.022548
1 0.517654 0.705750 0.017084 0.027057
1 0.562642 0.693912 0.020501 0.021421
1 0.585991 0.693912 0.019362 0.021421
1 0.588269 0.660090 0.017084 0.012401
1 0.570046 0.662909 0.019362 0.011274
1 0.603645 0.696731 0.011390 0.018038
1 0.623007 0.706313 0.022779 0.019166
1 0.636105 0.682638 0.021640 0.016911
1 0.654897 0.687148 0.018223 0.012401
1 0.650911 0.709132 0.023918 0.024803
1 0.672551 0.695039 0.017084 0.019166
1 0.693622 0.704059 0.020501 0.021421
1 0.667995 0.670237 0.019362 0.019166
1 0.681663 0.653326 0.017084 0.019166
1 0.690205 0.678129 0.020501 0.021421
1 0.706150 0.657835 0.018223 0.019166
1 0.702733 0.633596 0.025057 0.018038
1 0.722665 0.642052 0.021640 0.021421
1 0.739749 0.632469 0.019362 0.020293
1 0.751708 0.609357 0.020501 0.019166
1 0.734624 0.600338 0.020501 0.023675
1 0.751139 0.576663 0.017084 0.028185
1 0.730068 0.665163 0.020501 0.018038
1 0.751139 0.652762 0.019362 0.020293
1 0.792711 0.617813 0.020501 0.020293
1 0.806948 0.633033 0.021640 0.019166
1 0.814920 0.657272 0.021640 0.020293
1 0.833144 0.609357 0.021640 0.023675
1 0.833144 0.573844 0.019362 0.020293
1 0.720387 0.695039 0.017084 0.021421
1 0.710706 0.717587 0.013667 0.021421
1 0.744875 0.675874 0.018223 0.019166
1 0.768793 0.664600 0.013667 0.014656
1 0.809795 0.552424 0.025057 0.029312
1 0.828588 0.549605 0.014806 0.019166
1 0.760820 0.529876 0.015945 0.024803
1 0.787585 0.532131 0.021640 0.022548
1 0.771071 0.546223 0.022779 0.025930
1 0.544419 0.723788 0.020501 0.013529
1 0.576310 0.715896 0.018223 0.022548
1 0.598519 0.720406 0.021640 0.020293
1 0.367312 0.720970 0.023918 0.019166
1 0.346811 0.713078 0.017084 0.028185
1 0.399203 0.728861 0.023918 0.016911
1 0.853075 0.586246 0.020501 0.029312
1 0.865604 0.603157 0.018223 0.022548
1 0.888952 0.605411 0.019362 0.022548
1 0.876993 0.576099 0.020501 0.022548
1 0.900342 0.580045 0.017084 0.023675
1 0.868451 0.530440 0.023918 0.019166
1 0.919704 0.519729 0.026196 0.031567
1 0.844533 0.632469 0.021640 0.027057
1 0.859339 0.640361 0.019362 0.020293
1 0.744305 0.702931 0.021640 0.019166
1 0.769362 0.689402 0.021640 0.019166
1 0.793280 0.696731 0.017084 0.020293
1 0.767084 0.729425 0.021640 0.013529
1 0.763098 0.709132 0.013667 0.013529
1 0.873007 0.710259 0.033030 0.018038
1 0.954442 0.670800 0.020501 0.020293
1 0.959567 0.692785 0.019362 0.019166
1 0.977790 0.675310 0.017084 0.018038
1 0.978929 0.700113 0.023918 0.020293
1 0.964123 0.655017 0.017084 0.018038
1 0.985194 0.647125 0.022779 0.027057
1 0.982346 0.618940 0.028474 0.024803
1 0.915148 0.683766 0.023918 0.019166
1 0.973235 0.541150 0.017084 0.013529
1 0.977790 0.505073 0.023918 0.024803
1 0.979499 0.464487 0.027335 0.033822
1 0.839408 0.459414 0.027335 0.023675
1 0.923690 0.597520 0.013667 0.020293
1 0.899203 0.630778 0.023918 0.019166
1 0.892369 0.666291 0.030752 0.027057
1 0.963554 0.789741 0.018223 0.023675
1 0.921982 0.741263 0.017084 0.019166
1 0.902620 0.772830 0.021640 0.030440
1 0.875285 0.789741 0.021640 0.023675
1 0.957289 0.729425 0.028474 0.022548
1 0.964123 0.753100 0.019362 0.024803
1 0.939636 0.767193 0.029613 0.030440
1 0.929385 0.797632 0.022779 0.023675
1 0.945900 0.799887 0.014806 0.021421
1 0.907745 0.801015 0.018223 0.028185
1 0.949886 0.832582 0.018223 0.023675
1 0.965262 0.822435 0.021640 0.023675
1 0.959567 0.865840 0.023918 0.018038
1 0.921982 0.878241 0.019362 0.024803
1 0.844533 0.875986 0.026196 0.020293
1 0.833713 0.896843 0.022779 0.021421
1 0.929954 0.910372 0.023918 0.023675
1 0.957859 0.883878 0.027335 0.011274
1 0.968109 0.905299 0.025057 0.029312
1 0.959567 0.957159 0.019362 0.015784
1 0.973235 0.949831 0.026196 0.023675
1 0.875854 0.925592 0.025057 0.029312
1 0.775626 0.923901 0.015945 0.021421
1 0.772210 0.882187 0.020501 0.014656
1 0.764806 0.899662 0.017084 0.015784
1 0.748861 0.873168 0.017084 0.021421
1 0.760251 0.947012 0.019362 0.022548
1 0.753417 0.974634 0.021640 0.019166
1 0.730068 0.972943 0.020501 0.020293
1 0.719248 0.947012 0.021640 0.018038
1 0.739180 0.958286 0.015945 0.011274
1 0.704442 0.937993 0.014806 0.015784
1 0.715262 0.915445 0.020501 0.024803
1 0.712984 0.887260 0.015945 0.018038
1 0.653759 0.927283 0.018223 0.016911
1 0.673121 0.918264 0.020501 0.019166
1 0.690205 0.899098 0.018223 0.023675
1 0.693622 0.921646 0.011390 0.012401
1 0.630410 0.923901 0.017084 0.028185
1 0.660592 0.901917 0.020501 0.020293
1 0.636674 0.891206 0.020501 0.014656
1 0.657745 0.888388 0.017084 0.015784
1 0.661731 0.858512 0.020501 0.023675
1 0.645786 0.868658 0.015945 0.019166
1 0.628132 0.876550 0.023918 0.019166
1 0.661162 0.828636 0.019362 0.024803
1 0.677677 0.840474 0.015945 0.016911
1 0.640091 0.831454 0.018223 0.023675
1 0.630979 0.848929 0.013667 0.018038
1 0.685080 0.798760 0.023918 0.021421
1 0.661162 0.801015 0.021640 0.019166
1 0.698178 0.777339 0.020501 0.023675
1 0.712415 0.754228 0.021640 0.024803
1 0.734624 0.738444 0.020501 0.018038
1 0.644647 0.779594 0.027335 0.016911
1 0.672551 0.779030 0.019362 0.018038
1 0.672551 0.759865 0.021640 0.018038
1 0.648064 0.755919 0.018223 0.019166
1 0.637244 0.798760 0.023918 0.019166
1 0.793850 0.986471 0.018223 0.022548
1 0.939636 0.983089 0.029613 0.027057
1 0.982916 0.987599 0.025057 0.020293
1 0.554670 0.980834 0.034169 0.033822
1 0.560934 0.943067 0.019362 0.023675
1 0.571754 0.916573 0.020501 0.022548
1 0.587130 0.892334 0.017084 0.019166
1 0.563781 0.898534 0.022779 0.018038
1 0.564351 0.879932 0.017084 0.012401
1 0.612187 0.856257 0.017084 0.021421
1 0.610478 0.924464 0.015945 0.027057
1 0.610478 0.897407 0.022779 0.013529
1 0.587699 0.860767 0.020501 0.025930
1 0.538724 0.879932 0.022779 0.021421
1 0.513667 0.881623 0.020501 0.018038
1 0.510820 0.904171 0.023918 0.015784
1 0.599089 0.837091 0.022779 0.014656
1 0.603075 0.821871 0.026196 0.018038
1 0.603645 0.786922 0.022779 0.020293
1 0.619021 0.772830 0.023918 0.019166
1 0.690774 0.741826 0.019362 0.022548
1 0.664579 0.739008 0.021640 0.019166
1 0.588269 0.741263 0.017084 0.019166
1 0.567198 0.740135 0.020501 0.016911
1 0.588838 0.766065 0.018223 0.019166
1 0.538724 0.746900 0.025057 0.021421
1 0.510251 0.740699 0.020501 0.024803
1 0.373007 0.744081 0.023918 0.020293
1 0.410023 0.753100 0.018223 0.024803
1 0.437358 0.742390 0.025057 0.021421
1 0.393508 0.765502 0.017084 0.015784
1 0.382118 0.785231 0.021640 0.016911
1 0.369590 0.772266 0.019362 0.018038
1 0.349089 0.758737 0.019362 0.015784
1 0.427107 0.846674 0.020501 0.015784
1 0.437358 0.876550 0.011390 0.023675
1 0.453872 0.859639 0.021640 0.019166
1 0.463554 0.883878 0.022779 0.015784
1 0.489180 0.886133 0.021640 0.020293
1 0.418565 0.864713 0.021640 0.013529
1 0.420273 0.885569 0.020501 0.023675
1 0.399772 0.881623 0.018223 0.022548
1 0.378132 0.877114 0.013667 0.011274
1 0.400911 0.903608 0.020501 0.021421
1 0.472665 0.905299 0.029613 0.015784
1 0.425968 0.921082 0.022779 0.031567
1 0.449317 0.922773 0.017084 0.019166
1 0.367312 0.900225 0.023918 0.023675
1 0.390091 0.832582 0.033030 0.023675
1 0.376424 0.854002 0.033030 0.019166
1 0.346241 0.870349 0.015945 0.020293
1 0.346811 0.930101 0.021640 0.020293
1 0.555809 0.760992 0.018223 0.020293
1 0.499431 0.981398 0.023918 0.019166
1 0.522210 0.959977 0.021640 0.037204
1 0.500569 0.937430 0.021640 0.019166
1 0.494875 0.957159 0.019362 0.018038
1 0.475513 0.971251 0.019362 0.021421
1 0.476082 0.939684 0.020501 0.028185
1 0.457859 0.944758 0.020501 0.027057
1 0.449886 0.971251 0.022779 0.019166
1 0.439636 0.952649 0.018223 0.022548
1 0.420843 0.945321 0.017084 0.021421
1 0.389522 0.939121 0.022779 0.024803
1 0.432802 0.990981 0.018223 0.015784
1 0.406606 0.972379 0.031891 0.021421
1 0.367882 0.961105 0.018223 0.016911
1 0.370729 0.984780 0.023918 0.021421
1 0.276765 0.966178 0.020501 0.020293
1 0.307517 0.946449 0.018223 0.019166
1 0.347950 0.959977 0.021640 0.025930
1 0.324032 0.953213 0.023918 0.030440
1 0.325171 0.889515 0.021640 0.018038
1 0.317768 0.915445 0.022779 0.024803
1 0.298975 0.896843 0.028474 0.037204
1 0.313781 0.846674 0.021640 0.020293
1 0.320046 0.819617 0.025057 0.018038
1 0.216970 0.967306 0.017084 0.024803
1 0.202733 0.941375 0.025057 0.022548
1 0.171412 0.930101 0.021640 0.018038
1 0.198747 0.887824 0.021640 0.023675
1 0.250000 0.878805 0.023918 0.025930
1 0.240888 0.822435 0.021640 0.021421
1 0.219818 0.834273 0.020501 0.022548
1 0.237472 0.850056 0.017084 0.022548
1 0.187927 0.868658 0.015945 0.023675
1 0.161731 0.973506 0.018223 0.019166
1 0.157745 0.905299 0.021640 0.020293
1 0.149772 0.923337 0.017084 0.018038
1 0.133257 0.903044 0.018223 0.022548
1 0.100797 0.881060 0.023918 0.014656
1 0.185080 0.953777 0.021640 0.020293
1 0.156606 0.948703 0.021640 0.021421
1 0.092825 0.954904 0.021640 0.022548
1 0.030752 0.946449 0.020501 0.014656
1 0.068337 0.948703 0.020501 0.014656
1 0.054670 0.928974 0.027335 0.024803
1 0.093964 0.912063 0.026196 0.024803
1 0.125285 0.884442 0.018223 0.016911
1 0.193052 0.802142 0.026196 0.019166
1 0.158884 0.821871 0.021640 0.020293
1 0.160592 0.797069 0.022779 0.020293
1 0.074601 0.888952 0.021640 0.021421
1 0.054100 0.897407 0.021640 0.022548
1 0.028474 0.883315 0.022779 0.025930
1 0.064920 0.812289 0.027335 0.019166
1 0.067198 0.781849 0.025057 0.016911
1 0.108200 0.771702 0.027335 0.025930
1 0.136674 0.794814 0.022779 0.020293
1 0.132688 0.744645 0.014806 0.030440
1 0.030752 0.760992 0.018223 0.020293
1 0.047836 0.762120 0.020501 0.022548
1 0.070046 0.739008 0.021640 0.023675
1 0.018223 0.742390 0.022779 0.023675
1 0.041572 0.725479 0.035308 0.028185
1 0.048405 0.705186 0.021640 0.028185
1 0.042141 0.675874 0.025057 0.019166
1 0.023349 0.697294 0.019362 0.021421
1 0.063212 0.579481 0.030752 0.029312
1 0.073462 0.609921 0.028474 0.027057
1 0.124146 0.671364 0.020501 0.021421
1 0.177677 0.708005 0.027335 0.020293
1 0.181093 0.685457 0.020501 0.015784
1 0.138952 0.687711 0.022779 0.015784
1 0.181093 0.648253 0.020501 0.015784
1 0.165718 0.665163 0.026196 0.027057
1 0.110478 0.644870 0.022779 0.018038
1 0.132688 0.634160 0.026196 0.016911
1 0.267084 0.679256 0.023918 0.023675
1 0.296697 0.654453 0.021640 0.016911
1 0.297836 0.633033 0.014806 0.016911
1 0.316629 0.658963 0.015945 0.016911
1 0.138952 0.603720 0.022779 0.028185
1 0.162870 0.578918 0.020501 0.021421
1 0.129841 0.574408 0.020501 0.014656
1 0.175968 0.606539 0.028474 0.038331
1 0.227790 0.612740 0.020501 0.019166
1 0.207859 0.608794 0.017084 0.020293
1 0.245444 0.605411 0.017084 0.020293
1 0.246583 0.584555 0.023918 0.012401
1 0.260251 0.562007 0.019362 0.025930
1 0.275057 0.546223 0.017084 0.014656
1 0.242027 0.566516 0.017084 0.010147
1 0.843394 0.753664 0.017084 0.019166
1 0.393508 0.647689 0.014806 0.019166
1 0.374715 0.670237 0.018223 0.037204
1 0.014806 0.545096 0.022779 0.032694
1 0.243166 0.341601 0.026196 0.015784
1 0.064351 0.431229 0.014806 0.021421
1 0.168565 0.299887 0.029613 0.033822
1 0.212415 0.307215 0.017084 0.010147
1 0.200456 0.327508 0.018223 0.014656
1 0.284169 0.438557 0.012528 0.029312
1 0.275057 0.408117 0.021640 0.031567
1 0.245444 0.203495 0.028474 0.025930
1 0.874715 0.750846 0.022779 0.031567
1 0.915148 0.704622 0.035308 0.013529
1 0.906606 0.726043 0.027335 0.013529
1 0.989180 0.814543 0.019362 0.025930
1 0.925968 0.841601 0.020501 0.030440
2 0.250000 0.171928 0.030752 0.023675
