3 0.150124 0.521944 0.121588 0.153605
3 0.119107 0.681818 0.133995 0.153605
3 0.265509 0.666144 0.133995 0.197492
3 0.444169 0.568966 0.143921 0.184953
3 0.605459 0.531348 0.079404 0.115987
3 0.754342 0.603448 0.138958 0.141066
3 0.800248 0.112853 0.136476 0.131661
3 0.882134 0.294671 0.111663 0.131661
3 0.769231 0.257053 0.104218 0.144201
3 0.627792 0.407524 0.099256 0.112853
3 0.573201 0.280564 0.114144 0.134796
3 0.656328 0.161442 0.116625 0.172414
3 0.519851 0.125392 0.121588 0.156740
3 0.449132 0.260188 0.109181 0.150470
3 0.315136 0.300940 0.124069 0.119122
3 0.313896 0.471787 0.126551 0.134796
3 0.630273 0.862069 0.114144 0.163009
3 0.897022 0.846395 0.101737 0.125392
3 0.913151 0.459248 0.084367 0.134796
3 0.232010 0.827586 0.116625 0.125392
3 0.741935 0.935737 0.119107 0.122257
