0 0.310427 0.732759 0.036335 0.090517
0 0.341232 0.808190 0.047393 0.064655
1 0.021327 0.039871 0.026856 0.036638
1 0.045024 0.081897 0.023697 0.038793
1 0.011848 0.089440 0.020537 0.036638
1 0.023697 0.127155 0.025276 0.030172
1 0.095577 0.058190 0.030016 0.030172
1 0.071880 0.113147 0.030016 0.028017
1 0.037125 0.161638 0.023697 0.038793
1 0.124803 0.090517 0.031596 0.038793
1 0.015798 0.198276 0.022117 0.025862
1 0.077409 0.195043 0.028436 0.032328
1 0.114534 0.200431 0.026856 0.030172
1 0.117694 0.161638 0.030016 0.034483
1 0.138231 0.128233 0.023697 0.036638
1 0.152449 0.175647 0.023697 0.040948
1 0.051343 0.274784 0.026856 0.032328
1 0.083728 0.247845 0.031596 0.034483
1 0.017378 0.297414 0.022117 0.043103
1 0.049763 0.332974 0.030016 0.032328
1 0.080569 0.295259 0.028436 0.030172
1 0.097946 0.321121 0.022117 0.034483
1 0.070300 0.363147 0.030016 0.032328
1 0.066351 0.404095 0.022117 0.032328
1 0.050553 0.383621 0.022117 0.030172
1 0.021327 0.411638 0.020537 0.034483
1 0.046603 0.431034 0.026856 0.034483
1 0.130332 0.337284 0.026856 0.036638
1 0.133491 0.376078 0.026856 0.036638
1 0.116114 0.405172 0.026856 0.034483
1 0.103476 0.443966 0.026856 0.030172
1 0.154818 0.413793 0.025276 0.034483
1 0.165087 0.366379 0.020537 0.034483
1 0.154028 0.300647 0.026856 0.036638
1 0.166667 0.271552 0.023697 0.030172
1 0.196682 0.350216 0.026856 0.036638
1 0.199052 0.313578 0.022117 0.028017
1 0.196682 0.276940 0.023697 0.032328
1 0.207741 0.247845 0.033175 0.030172
1 0.218009 0.186422 0.025276 0.036638
1 0.182464 0.173491 0.023697 0.032328
1 0.165087 0.106681 0.026856 0.032328
1 0.183254 0.132543 0.025276 0.032328
1 0.202212 0.150862 0.015798 0.025862
1 0.198262 0.093750 0.026856 0.036638
1 0.225908 0.121767 0.041074 0.036638
1 0.158768 0.020474 0.030016 0.028017
1 0.166667 0.065733 0.030016 0.036638
1 0.187204 0.039871 0.026856 0.040948
1 0.218799 0.026940 0.030016 0.045259
1 0.238547 0.078664 0.037915 0.036638
1 0.266193 0.093750 0.023697 0.036638
1 0.257504 0.186422 0.031596 0.040948
1 0.258294 0.235991 0.026856 0.036638
1 0.229858 0.281250 0.020537 0.036638
1 0.236177 0.321121 0.026856 0.038793
1 0.269352 0.284483 0.023697 0.047414
1 0.299368 0.310345 0.030016 0.038793
1 0.203791 0.421336 0.025276 0.053879
1 0.228278 0.365302 0.017378 0.028017
1 0.232227 0.429957 0.025276 0.032328
1 0.251975 0.401940 0.020537 0.028017
1 0.268562 0.366379 0.028436 0.034483
1 0.318325 0.259698 0.026856 0.045259
1 0.294629 0.253233 0.026856 0.028017
1 0.300158 0.218750 0.028436 0.045259
1 0.341232 0.299569 0.028436 0.034483
1 0.405213 0.217672 0.023697 0.043103
1 0.364929 0.235991 0.028436 0.040948
1 0.339652 0.190733 0.025276 0.036638
1 0.007899 0.339440 0.012638 0.036638
1 0.295419 0.067888 0.034755 0.028017
1 0.298578 0.032328 0.018957 0.038793
1 0.329384 0.038793 0.026856 0.038793
1 0.295419 0.141164 0.037915 0.049569
1 0.296209 0.173491 0.030016 0.032328
1 0.331754 0.140086 0.031596 0.043103
1 0.345972 0.110991 0.037915 0.053879
1 0.370458 0.037716 0.023697 0.032328
1 0.390995 0.061422 0.026856 0.032328
1 0.390995 0.123922 0.030016 0.036638
1 0.376777 0.262931 0.026856 0.038793
1 0.381517 0.314655 0.020537 0.025862
1 0.436809 0.266164 0.026856 0.040948
1 0.345182 0.354526 0.026856 0.032328
1 0.375197 0.348060 0.017378 0.023707
1 0.452607 0.202586 0.023697 0.034483
1 0.380727 0.168103 0.025276 0.034483
1 0.450237 0.160560 0.028436 0.028017
1 0.450237 0.110991 0.031596 0.036638
1 0.432070 0.046336 0.026856 0.040948
1 0.465245 0.063578 0.026856 0.040948
1 0.487362 0.106681 0.023697 0.040948
1 0.512638 0.160560 0.033175 0.053879
1 0.530806 0.214440 0.028436 0.032328
1 0.575039 0.201509 0.025276 0.032328
1 0.559242 0.139009 0.025276 0.040948
1 0.526066 0.096983 0.031596 0.034483
1 0.503949 0.063578 0.022117 0.032328
1 0.526856 0.043103 0.030016 0.034483
1 0.566351 0.065733 0.026856 0.053879
1 0.593207 0.104526 0.026856 0.045259
1 0.616904 0.144397 0.033175 0.038793
1 0.667457 0.085129 0.026856 0.040948
1 0.672986 0.131466 0.015798 0.021552
1 0.658768 0.118534 0.018957 0.021552
1 0.615324 0.201509 0.030016 0.040948
1 0.612164 0.254310 0.023697 0.047414
1 0.638231 0.235991 0.015798 0.023707
1 0.666667 0.237069 0.028436 0.038793
1 0.654818 0.178879 0.030016 0.034483
1 0.719589 0.110991 0.033175 0.036638
1 0.719589 0.156250 0.045814 0.045259
1 0.703002 0.201509 0.028436 0.032328
1 0.743286 0.186422 0.033175 0.028017
1 0.756714 0.080819 0.028436 0.036638
1 0.774092 0.129310 0.028436 0.034483
1 0.723539 0.242457 0.028436 0.032328
1 0.634281 0.292026 0.023697 0.040948
1 0.607425 0.351293 0.023697 0.034483
1 0.456556 0.330819 0.022117 0.036638
1 0.468404 0.298491 0.017378 0.023707
1 0.500000 0.289871 0.026856 0.032328
1 0.492891 0.247845 0.025276 0.034483
1 0.536335 0.270474 0.017378 0.023707
1 0.553712 0.251078 0.020537 0.023707
1 0.488942 0.338362 0.030016 0.038793
1 0.536335 0.327586 0.036335 0.056034
1 0.556872 0.017241 0.023697 0.025862
1 0.679305 0.285560 0.025276 0.036638
1 0.747235 0.030172 0.025276 0.038793
1 0.788310 0.025862 0.028436 0.038793
1 0.789889 0.077586 0.028436 0.038793
1 0.813586 0.057112 0.025276 0.045259
1 0.820695 0.021552 0.026856 0.034483
1 0.880727 0.072198 0.026856 0.036638
1 0.859400 0.105603 0.025276 0.034483
1 0.838863 0.117457 0.028436 0.036638
1 0.918641 0.076509 0.020537 0.028017
1 0.924961 0.096983 0.014218 0.021552
1 0.944708 0.131466 0.022117 0.030172
1 0.947077 0.023707 0.033175 0.034483
1 0.903633 0.019397 0.025276 0.030172
1 0.810427 0.146552 0.022117 0.034483
1 0.888626 0.145474 0.023697 0.032328
1 0.915482 0.183190 0.023697 0.038793
1 0.916272 0.230603 0.028436 0.034483
1 0.884676 0.215517 0.034755 0.034483
1 0.853870 0.177802 0.030016 0.045259
1 0.821485 0.186422 0.028436 0.036638
1 0.793049 0.170259 0.022117 0.030172
1 0.798578 0.221983 0.030016 0.051724
1 0.839652 0.242457 0.030016 0.040948
1 0.919431 0.284483 0.025276 0.034483
1 0.890205 0.306034 0.023697 0.038793
1 0.872038 0.270474 0.031596 0.028017
1 0.857820 0.303879 0.031596 0.038793
1 0.823065 0.300647 0.025276 0.049569
1 0.748815 0.309267 0.028436 0.036638
1 0.789100 0.290948 0.017378 0.030172
1 0.860979 0.012931 0.025276 0.012931
1 0.923381 0.325431 0.026856 0.034483
1 0.968404 0.382543 0.022117 0.045259
1 0.973934 0.436422 0.023697 0.036638
1 0.936019 0.419181 0.026856 0.036638
1 0.921011 0.375000 0.028436 0.034483
1 0.890995 0.362069 0.025276 0.043103
1 0.906003 0.413793 0.023697 0.043103
1 0.863349 0.426724 0.030016 0.034483
1 0.850711 0.386853 0.026856 0.032328
1 0.853870 0.344828 0.030016 0.030172
1 0.819905 0.355603 0.025276 0.038793
1 0.820695 0.406250 0.030016 0.032328
1 0.806477 0.454741 0.023697 0.038793
1 0.854660 0.463362 0.022117 0.038793
1 0.936809 0.467672 0.028436 0.047414
1 0.984992 0.520474 0.026856 0.028017
1 0.952607 0.521552 0.028436 0.030172
1 0.900474 0.478448 0.031596 0.038793
1 0.897314 0.543103 0.031596 0.034483
1 0.930490 0.561422 0.028436 0.040948
1 0.939968 0.601293 0.018957 0.030172
1 0.964455 0.588362 0.017378 0.060345
1 0.989731 0.607759 0.017378 0.034483
1 0.834123 0.507543 0.031596 0.032328
1 0.846761 0.540948 0.028436 0.038793
1 0.750395 0.364224 0.028436 0.030172
1 0.793839 0.536638 0.023697 0.034483
1 0.827804 0.577586 0.022117 0.034483
1 0.859400 0.593750 0.028436 0.045259
1 0.896524 0.609914 0.023697 0.043103
1 0.977093 0.675647 0.026856 0.032328
1 0.935229 0.645474 0.025276 0.032328
1 0.962085 0.645474 0.022117 0.032328
1 0.898104 0.657328 0.030016 0.030172
1 0.918641 0.704741 0.030016 0.034483
1 0.957346 0.728448 0.041074 0.043103
1 0.778831 0.485991 0.025276 0.032328
1 0.744076 0.481681 0.025276 0.045259
1 0.749605 0.425647 0.039494 0.045259
1 0.788310 0.608836 0.025276 0.036638
1 0.766193 0.565733 0.028436 0.045259
1 0.828594 0.617457 0.020537 0.028017
1 0.869668 0.642241 0.023697 0.034483
1 0.815166 0.691810 0.025276 0.047414
1 0.815956 0.653017 0.020537 0.021552
1 0.874408 0.720905 0.023697 0.036638
1 0.851501 0.741379 0.018957 0.030172
1 0.914692 0.767241 0.031596 0.043103
1 0.812006 0.741379 0.028436 0.038793
1 0.785940 0.682112 0.026856 0.040948
1 0.742496 0.605603 0.028436 0.047414
1 0.725118 0.521552 0.028436 0.034483
1 0.695103 0.476293 0.031596 0.043103
1 0.706951 0.600216 0.030016 0.036638
1 0.737757 0.656250 0.025276 0.036638
1 0.733017 0.698276 0.025276 0.034483
1 0.755134 0.726293 0.028436 0.038793
1 0.773302 0.770474 0.030016 0.032328
1 0.713270 0.739224 0.026856 0.047414
1 0.690363 0.700431 0.025276 0.034483
1 0.669036 0.742457 0.030016 0.045259
1 0.671406 0.604526 0.028436 0.040948
1 0.697472 0.532328 0.039494 0.060345
1 0.676145 0.552802 0.031596 0.049569
1 0.635861 0.562500 0.026856 0.038793
1 0.645340 0.504310 0.030016 0.038793
1 0.661927 0.436422 0.028436 0.036638
1 0.614534 0.470905 0.037915 0.032328
1 0.610585 0.512931 0.020537 0.038793
1 0.604265 0.552802 0.023697 0.040948
1 0.606635 0.616379 0.018957 0.021552
1 0.631912 0.629310 0.028436 0.038793
1 0.658768 0.647629 0.031596 0.036638
1 0.706161 0.639009 0.022117 0.019397
1 0.638231 0.691810 0.028436 0.030172
1 0.700632 0.314655 0.023697 0.043103
1 0.686414 0.352371 0.026856 0.028017
1 0.662717 0.335129 0.023697 0.032328
1 0.714060 0.415948 0.025276 0.038793
1 0.669826 0.386853 0.028436 0.040948
1 0.644550 0.359914 0.028436 0.034483
1 0.620063 0.390086 0.045814 0.034483
1 0.593207 0.423491 0.030016 0.036638
1 0.556082 0.404095 0.031596 0.036638
1 0.546603 0.500000 0.025276 0.034483
1 0.577409 0.503233 0.026856 0.036638
1 0.514218 0.386853 0.026856 0.040948
1 0.500000 0.426724 0.023697 0.034483
1 0.481043 0.478448 0.030016 0.043103
1 0.460506 0.418103 0.023697 0.034483
1 0.446288 0.370690 0.039494 0.030172
1 0.447077 0.457974 0.022117 0.040948
1 0.424171 0.503233 0.026856 0.045259
1 0.578199 0.562500 0.025276 0.034483
1 0.535545 0.584052 0.028436 0.038793
1 0.507899 0.557112 0.030016 0.028017
1 0.512638 0.608836 0.023697 0.040948
1 0.440758 0.577586 0.025276 0.038793
1 0.409953 0.548491 0.030016 0.036638
1 0.401264 0.588362 0.028436 0.034483
1 0.402054 0.355603 0.026856 0.047414
1 0.381517 0.387931 0.026856 0.034483
1 0.390205 0.441810 0.034755 0.034483
1 0.383886 0.489224 0.022117 0.038793
1 0.954186 0.790948 0.025276 0.034483
1 0.970774 0.811422 0.020537 0.036638
1 0.976303 0.876078 0.031596 0.036638
1 0.958136 0.856681 0.023697 0.036638
1 0.975513 0.920259 0.030016 0.034483
1 0.943128 0.953664 0.031596 0.040948
1 0.944708 0.895474 0.022117 0.023707
1 0.912322 0.858836 0.033175 0.040948
1 0.891785 0.837284 0.017378 0.019397
1 0.914692 0.808190 0.025276 0.038793
1 0.871248 0.780172 0.026856 0.030172
1 0.860190 0.808190 0.023697 0.038793
1 0.872038 0.871767 0.028436 0.032328
1 0.843602 0.853448 0.025276 0.034483
1 0.910742 0.959052 0.020537 0.043103
1 0.921011 0.921336 0.018957 0.032328
1 0.886256 0.962284 0.025276 0.036638
1 0.841232 0.941810 0.026856 0.043103
1 0.841232 0.988147 0.023697 0.023707
1 0.823065 0.963362 0.022117 0.034483
1 0.812006 0.896552 0.018957 0.030172
1 0.781201 0.970905 0.023697 0.036638
1 0.785150 0.905172 0.022117 0.034483
1 0.767773 0.915948 0.022117 0.038793
1 0.745656 0.913793 0.015798 0.025862
1 0.766983 0.857759 0.023697 0.047414
1 0.817536 0.784483 0.030016 0.034483
1 0.770932 0.806034 0.025276 0.030172
1 0.785150 0.733836 0.018957 0.040948
1 0.734597 0.837284 0.037915 0.040948
1 0.707741 0.794181 0.028436 0.040948
1 0.657978 0.796336 0.026856 0.036638
1 0.658768 0.842672 0.031596 0.043103
1 0.687204 0.865302 0.025276 0.036638
1 0.699052 0.904095 0.030016 0.040948
1 0.732227 0.950431 0.036335 0.043103
1 0.722749 0.988147 0.023697 0.023707
1 0.693523 0.957974 0.034755 0.040948
1 0.664297 0.988147 0.020537 0.023707
1 0.663507 0.892241 0.025276 0.043103
1 0.642970 0.914871 0.025276 0.036638
1 0.629542 0.959052 0.026856 0.043103
1 0.605845 0.974138 0.026856 0.043103
1 0.603476 0.910560 0.034755 0.049569
1 0.628752 0.848060 0.022117 0.036638
1 0.571090 0.959052 0.023697 0.038793
1 0.605845 0.826509 0.026856 0.032328
1 0.598736 0.780172 0.022117 0.034483
1 0.580569 0.771552 0.020537 0.030172
1 0.593997 0.720905 0.031596 0.040948
1 0.571880 0.810345 0.025276 0.034483
1 0.576619 0.866379 0.028436 0.038793
1 0.594787 0.667026 0.023697 0.040948
1 0.566351 0.669181 0.023697 0.040948
1 0.546603 0.622845 0.025276 0.030172
1 0.542654 0.741379 0.036335 0.047414
1 0.537125 0.813578 0.028436 0.023707
1 0.539494 0.846983 0.030016 0.034483
1 0.545814 0.895474 0.030016 0.032328
1 0.530016 0.929957 0.030016 0.032328
1 0.492101 0.913793 0.030016 0.038793
1 0.466825 0.940733 0.026856 0.049569
1 0.530016 0.663793 0.026856 0.043103
1 0.493681 0.674569 0.023697 0.038793
1 0.469194 0.618534 0.025276 0.034483
1 0.488152 0.635776 0.025276 0.030172
1 0.488942 0.717672 0.030016 0.034483
1 0.465245 0.695043 0.023697 0.036638
1 0.425750 0.622845 0.026856 0.034483
1 0.443128 0.660560 0.033175 0.045259
1 0.395735 0.643319 0.026856 0.040948
1 0.416272 0.696121 0.030016 0.034483
1 0.442338 0.720905 0.025276 0.032328
1 0.458926 0.755388 0.026856 0.040948
1 0.422591 0.764009 0.026856 0.036638
1 0.404423 0.728448 0.028436 0.047414
1 0.458136 0.836207 0.028436 0.030172
1 0.443128 0.814655 0.023697 0.051724
1 0.419431 0.844828 0.026856 0.030172
1 0.441548 0.881466 0.020537 0.038793
1 0.416272 0.906250 0.020537 0.028017
1 0.427330 0.960129 0.030016 0.045259
1 0.391785 0.985991 0.031596 0.019397
1 0.381517 0.940733 0.030016 0.045259
1 0.383886 0.873922 0.025276 0.040948
1 0.388626 0.810345 0.028436 0.034483
1 0.367299 0.776940 0.023697 0.032328
1 0.345972 0.869612 0.025276 0.036638
1 0.345182 0.901940 0.014218 0.023707
1 0.327804 0.896552 0.023697 0.030172
1 0.298578 0.867457 0.028436 0.040948
1 0.330174 0.939655 0.022117 0.043103
1 0.291469 0.924569 0.036335 0.051724
1 0.261453 0.981681 0.023697 0.023707
1 0.226698 0.978448 0.026856 0.038793
1 0.248025 0.927802 0.028436 0.040948
1 0.253555 0.858836 0.023697 0.036638
1 0.248025 0.795259 0.028436 0.034483
1 0.259874 0.766164 0.020537 0.028017
1 0.240126 0.766164 0.022117 0.036638
1 0.261453 0.720905 0.026856 0.036638
1 0.280411 0.699353 0.023697 0.028017
1 0.230648 0.706897 0.022117 0.034483
1 0.252765 0.672414 0.025276 0.038793
1 0.213270 0.865302 0.022117 0.036638
1 0.193523 0.859914 0.020537 0.034483
1 0.180885 0.827586 0.020537 0.043103
1 0.214060 0.821121 0.020537 0.043103
1 0.218009 0.734914 0.018957 0.030172
1 0.203002 0.773707 0.030016 0.043103
1 0.180095 0.737069 0.031596 0.038793
1 0.165087 0.774784 0.023697 0.049569
1 0.146919 0.737069 0.022117 0.047414
1 0.189573 0.656250 0.028436 0.040948
1 0.181675 0.686422 0.022117 0.032328
1 0.218009 0.615302 0.028436 0.032328
1 0.268562 0.580819 0.025276 0.045259
1 0.207741 0.576509 0.030016 0.032328
1 0.207741 0.911638 0.023697 0.034483
1 0.187204 0.917026 0.014218 0.040948
1 0.165877 0.918103 0.028436 0.038793
1 0.164297 0.957974 0.022117 0.032328
1 0.148499 0.866379 0.028436 0.051724
1 0.117694 0.911638 0.026856 0.034483
1 0.112164 0.948276 0.022117 0.038793
1 0.092417 0.973060 0.026856 0.049569
1 0.078199 0.929957 0.030016 0.040948
1 0.047393 0.947198 0.031596 0.040948
1 0.014218 0.957974 0.022117 0.028017
1 0.099526 0.768319 0.025276 0.062500
1 0.027646 0.807112 0.042654 0.040948
1 0.075039 0.829741 0.033175 0.056034
1 0.048973 0.762931 0.069510 0.047414
1 0.141390 0.655172 0.030016 0.034483
1 0.113744 0.657328 0.025276 0.034483
1 0.105845 0.696121 0.028436 0.034483
1 0.075829 0.684267 0.028436 0.040948
1 0.035545 0.701509 0.026856 0.066810
1 0.056872 0.653017 0.031596 0.034483
1 0.088468 0.636853 0.028436 0.036638
1 0.070300 0.598060 0.030016 0.049569
1 0.167457 0.543103 0.028436 0.030172
1 0.155608 0.571121 0.030016 0.038793
1 0.169036 0.609914 0.025276 0.030172
1 0.206161 0.533405 0.026856 0.036638
1 0.236967 0.518319 0.028436 0.040948
1 0.208531 0.480603 0.031596 0.034483
1 0.248025 0.455819 0.028436 0.040948
1 0.146130 0.495690 0.030016 0.043103
1 0.089258 0.487069 0.026856 0.034483
1 0.051343 0.473060 0.042654 0.032328
1 0.041074 0.517241 0.022117 0.025862
1 0.028436 0.550647 0.025276 0.040948
1 0.008689 0.535560 0.011058 0.036638
1 0.018957 0.473060 0.028436 0.049569
1 0.011058 0.629310 0.012638 0.030172
1 0.277251 0.502155 0.026856 0.030172
1 0.295419 0.470905 0.028436 0.032328
1 0.296998 0.422414 0.028436 0.030172
1 0.305687 0.515086 0.026856 0.038793
1 0.325434 0.558190 0.028436 0.038793
1 0.359400 0.543103 0.036335 0.034483
1 0.329384 0.474138 0.026856 0.043103
1 0.350711 0.454741 0.025276 0.030172
1 0.360979 0.490302 0.026856 0.040948
1 0.336493 0.655172 0.028436 0.034483
1 0.364139 0.617457 0.023697 0.032328
1 0.345972 0.601293 0.022117 0.034483
1 0.288310 0.634698 0.042654 0.036638
1 0.305687 0.376078 0.026856 0.032328
1 0.347551 0.409483 0.034755 0.034483
1 0.334913 0.387931 0.015798 0.021552
1 0.275671 0.411638 0.017378 0.038793
1 0.421011 0.241379 0.023697 0.043103
1 0.545024 0.191810 0.022117 0.030172
1 0.537915 0.134698 0.026856 0.036638
1 0.787520 0.324353 0.026856 0.036638
1 0.770142 0.276940 0.023697 0.023707
1 0.760664 0.217672 0.026856 0.030172
1 0.751185 0.258621 0.023697 0.030172
