0 0.164324 0.368506 0.032432 0.025974
0 0.100000 0.968344 0.037838 0.034091
0 0.711351 0.409903 0.032432 0.017857
0 0.560541 0.025568 0.033514 0.018669
0 0.071892 0.176136 0.029189 0.021104
0 0.301622 0.360795 0.045405 0.056006
0 0.822162 0.111201 0.035676 0.021104
0 0.647568 0.319399 0.043243 0.023539
0 0.237297 0.579951 0.057297 0.039773
0 0.576757 0.171672 0.040000 0.026786
0 0.631351 0.976461 0.041081 0.024351
0 0.564324 0.116071 0.038919 0.025974
0 0.321081 0.769481 0.060541 0.042208
0 0.527568 0.209821 0.051892 0.023539
0 0.682162 0.050731 0.032432 0.021916
0 0.051892 0.353084 0.030270 0.027597
0 0.729730 0.673295 0.030270 0.034903
0 0.070270 0.477273 0.025946 0.019481
0 0.451892 0.470373 0.028108 0.023539
0 0.744324 0.320617 0.037838 0.022727
0 0.072973 0.699675 0.033514 0.019481
0 0.923243 0.829140 0.030270 0.046266
0 0.654054 0.574675 0.034595 0.029221
0 0.878378 0.673701 0.035676 0.025974
0 0.619459 0.748782 0.051892 0.030032
0 0.876216 0.372159 0.042162 0.021916
0 0.403784 0.201705 0.029189 0.025162
0 0.808649 0.947646 0.034595 0.028409
0 0.250811 0.874188 0.049730 0.042208
0 0.644865 0.353490 0.048649 0.041396
0 0.033514 0.821023 0.049730 0.025162
0 0.655135 0.133523 0.045405 0.026786
0 0.835135 0.940341 0.050811 0.039773
0 0.250811 0.691964 0.036757 0.026786
0 0.728108 0.967127 0.050811 0.039773
0 0.765405 0.812500 0.036757 0.021104
0 0.793514 0.246753 0.041081 0.024351
0 0.360541 0.930601 0.042162 0.030032
0 0.892432 0.596591 0.044324 0.019481
0 0.146486 0.503247 0.029189 0.024351
0 0.101622 0.137175 0.032432 0.024351
0 0.345405 0.296266 0.040000 0.024351
0 0.804865 0.488231 0.033514 0.023539
0 0.617297 0.259740 0.047568 0.027597
0 0.284324 0.807224 0.043243 0.025162
0 0.126486 0.515016 0.038919 0.023539
0 0.232973 0.987825 0.044324 0.019481
0 0.877838 0.856737 0.030270 0.018669
0 0.632432 0.548295 0.038919 0.033279
0 0.481622 0.087256 0.042162 0.033279
0 0.611892 0.368912 0.032432 0.028409
0 0.141622 0.361201 0.028108 0.030844
0 0.264865 0.375000 0.036757 0.027597
0 0.480541 0.041802 0.024865 0.030032
0 0.642703 0.924919 0.037838 0.033279
0 0.487027 0.946834 0.065946 0.023539
0 0.097838 0.782873 0.035676 0.020292
0 0.447027 0.052760 0.035676 0.030844
0 0.435676 0.672484 0.041081 0.033279
0 0.131351 0.585227 0.027027 0.042208
0 0.151892 0.793831 0.031351 0.021104
0 0.275135 0.916802 0.057297 0.031656
0 0.079459 0.446834 0.065946 0.031656
0 0.588649 0.275568 0.035676 0.028409
0 0.340541 0.374594 0.032432 0.044643
0 0.170811 0.209821 0.060541 0.036526
0 0.431351 0.050731 0.021622 0.030032
0 0.574054 0.598214 0.034595 0.022727
0 0.505946 0.623377 0.058378 0.043831
0 0.638919 0.299107 0.028108 0.018669
0 0.025946 0.872159 0.051892 0.028409
0 0.276216 0.260958 0.042162 0.025162
0 0.847568 0.913149 0.036757 0.029221
0 0.870270 0.632305 0.049730 0.022727
0 0.880541 0.757711 0.029189 0.026786
0 0.201081 0.902597 0.030270 0.040584
0 0.562162 0.784091 0.043243 0.027597
0 0.371351 0.017857 0.046486 0.027597
0 0.329189 0.183847 0.042162 0.017045
0 0.837838 0.034497 0.043243 0.026786
0 0.207568 0.957386 0.021622 0.015422
0 0.827568 0.464692 0.037838 0.036526
0 0.385405 0.595779 0.037838 0.021104
0 0.064324 0.030844 0.033514 0.029221
0 0.463243 0.295049 0.029189 0.017045
0 0.735135 0.498377 0.030270 0.019481
0 0.027027 0.165584 0.043243 0.029221
0 0.580000 0.245536 0.040000 0.025162
0 0.562703 0.399756 0.035676 0.028409
0 0.751892 0.659497 0.022703 0.020292
0 0.259459 0.545860 0.064865 0.030032
0 0.526486 0.900568 0.062703 0.028409
0 0.069189 0.388799 0.038919 0.034091
0 0.910811 0.864854 0.029189 0.031656
0 0.487027 0.566153 0.033514 0.021916
0 0.555676 0.622159 0.045405 0.030032
0 0.342703 0.758523 0.054054 0.041396
0 0.900541 0.558847 0.034595 0.026786
0 0.560000 0.151786 0.034595 0.024351
0 0.025405 0.702922 0.042162 0.024351
0 0.717838 0.030032 0.045405 0.029221
0 0.096757 0.471997 0.035676 0.017045
0 0.458378 0.261364 0.034595 0.038961
0 0.497838 0.849026 0.027027 0.019481
0 0.042703 0.942776 0.042162 0.031656
0 0.622703 0.160308 0.025946 0.023539
0 0.221081 0.422484 0.042162 0.025162
0 0.529189 0.534497 0.052973 0.031656
0 0.403784 0.716315 0.044324 0.049513
0 0.442703 0.096997 0.029189 0.026786
0 0.826486 0.372159 0.046486 0.028409
0 0.628108 0.248377 0.054054 0.025974
0 0.532973 0.497971 0.056216 0.038149
0 0.924865 0.491477 0.040000 0.028409
0 0.522703 0.308442 0.031351 0.022727
0 0.678378 0.090909 0.044324 0.029221
0 0.366486 0.690341 0.064865 0.046266
0 0.192973 0.605114 0.024865 0.033279
0 0.457838 0.708198 0.037838 0.026786
0 0.352973 0.049919 0.040000 0.025162
0 0.344324 0.560877 0.016216 0.022727
0 0.117838 0.052354 0.047568 0.031656
0 0.780000 0.784903 0.033514 0.022727
0 0.661081 0.299919 0.033514 0.026786
0 0.600541 0.683442 0.031351 0.027597
0 0.510270 0.817370 0.047568 0.030844
0 0.330270 0.602679 0.022703 0.026786
0 0.142703 0.875406 0.049730 0.036526
0 0.329189 0.986201 0.037838 0.022727
0 0.742703 0.641234 0.030270 0.024351
0 0.537838 0.247159 0.035676 0.021916
0 0.114595 0.497971 0.041081 0.030032
0 0.826486 0.308036 0.037838 0.023539
0 0.543243 0.853896 0.059459 0.035714
0 0.210811 0.391640 0.038919 0.031656
0 0.590270 0.985795 0.041081 0.025162
0 0.676757 0.524756 0.047568 0.034903
0 0.909189 0.650162 0.036757 0.029221
0 0.610270 0.779627 0.042162 0.021916
0 0.077297 0.498782 0.037838 0.023539
0 0.609730 0.601055 0.034595 0.030032
0 0.409730 0.367289 0.032432 0.034903
0 0.863784 0.567370 0.036757 0.021104
0 0.630270 0.112013 0.041081 0.027597
0 0.537838 0.579140 0.042162 0.028409
0 0.146486 0.146510 0.050811 0.023539
0 0.449730 0.312906 0.038919 0.028409
0 0.296216 0.473214 0.036757 0.029221
0 0.964865 0.511364 0.040000 0.032468
0 0.639459 0.625000 0.040000 0.021104
0 0.067568 0.916396 0.040000 0.021104
0 0.107568 0.329545 0.027027 0.034091
0 0.703784 0.126623 0.032432 0.019481
0 0.384324 0.486607 0.033514 0.017045
0 0.360000 0.254058 0.021622 0.021104
0 0.424865 0.898133 0.036757 0.036526
0 0.591892 0.452110 0.048649 0.034091
0 0.227027 0.516234 0.032432 0.021104
0 0.890270 0.475649 0.031351 0.042208
0 0.838378 0.143669 0.048649 0.027597
0 0.105946 0.101055 0.028108 0.023539
0 0.892973 0.580357 0.038919 0.012987
0 0.424865 0.228490 0.028108 0.021916
0 0.721622 0.540584 0.031351 0.045455
0 0.302703 0.729302 0.041081 0.028409
0 0.532432 0.448052 0.042162 0.021104
0 0.935135 0.473214 0.025946 0.016234
0 0.048649 0.748782 0.045405 0.031656
0 0.414054 0.168831 0.030270 0.022727
0 0.690811 0.224838 0.045405 0.024351
0 0.388108 0.909903 0.043243 0.034091
0 0.028649 0.262175 0.052973 0.030844
0 0.032432 0.114448 0.034595 0.016234
0 0.488649 0.223214 0.028108 0.035714
0 0.563784 0.063718 0.035676 0.033279
0 0.420541 0.273945 0.025946 0.020292
0 0.112973 0.796266 0.024865 0.017857
0 0.017838 0.977273 0.027027 0.025974
0 0.496216 0.870942 0.036757 0.019481
0 0.425946 0.340503 0.041081 0.025162
0 0.336757 0.898945 0.029189 0.023539
0 0.928649 0.290990 0.034595 0.023539
0 0.943243 0.410308 0.024865 0.031656
0 0.920541 0.911120 0.033514 0.021916
0 0.812973 0.914773 0.032432 0.025974
0 0.176216 0.704951 0.025946 0.013799
0 0.899459 0.118101 0.041081 0.026786
0 0.502162 0.967938 0.072432 0.021916
0 0.763243 0.023945 0.058378 0.021916
0 0.027568 0.383929 0.048649 0.040584
0 0.320541 0.700893 0.031351 0.021916
0 0.528649 0.338880 0.034595 0.034903
0 0.866486 0.585227 0.020541 0.014610
0 0.135135 0.099026 0.036757 0.017857
0 0.610811 0.219968 0.034595 0.029221
0 0.643784 0.206575 0.057297 0.017045
0 0.567568 0.828328 0.058378 0.023539
0 0.122703 0.466721 0.024865 0.014610
0 0.229189 0.618101 0.051892 0.026786
0 0.876757 0.953328 0.023784 0.021916
0 0.770270 0.318588 0.031351 0.017045
0 0.363243 0.978896 0.038919 0.035714
0 0.456757 0.019886 0.035676 0.033279
0 0.157838 0.536526 0.047568 0.030844
0 0.487568 0.989042 0.054054 0.018669
0 0.019459 0.422078 0.034595 0.014610
0 0.768649 0.950893 0.030270 0.041396
0 0.579459 0.886364 0.060541 0.024351
0 0.109730 0.853084 0.050811 0.034091
0 0.927027 0.517045 0.040000 0.025974
0 0.057297 0.961851 0.030270 0.022727
0 0.064865 0.842532 0.045405 0.035714
0 0.505405 0.053166 0.033514 0.033279
0 0.383243 0.346997 0.024865 0.017045
0 0.804865 0.554383 0.042162 0.027597
0 0.174054 0.397321 0.038919 0.038149
0 0.392432 0.226055 0.030270 0.033279
0 0.112973 0.353490 0.031351 0.025162
0 0.867568 0.610390 0.055135 0.019481
0 0.364324 0.136364 0.043243 0.019481
0 0.708649 0.688718 0.031351 0.031656
0 0.305946 0.507305 0.023784 0.017857
0 0.397297 0.126218 0.037838 0.021916
0 0.435676 0.367289 0.025946 0.023539
0 0.590811 0.917208 0.068108 0.038961
0 0.460541 0.837256 0.049730 0.026786
0 0.412973 0.054383 0.021622 0.032468
0 0.143243 0.133929 0.029189 0.019481
0 0.568649 0.201705 0.051892 0.026786
0 0.131351 0.793831 0.022703 0.024351
0 0.382703 0.258929 0.030270 0.021104
0 0.936216 0.573052 0.028108 0.017857
0 0.763243 0.543019 0.041081 0.048701
0 0.689189 0.114448 0.035676 0.016234
0 0.489189 0.358360 0.031351 0.043019
0 0.158378 0.604302 0.035676 0.051136
0 0.660000 0.522727 0.022703 0.016234
0 0.778378 0.055601 0.058378 0.031656
0 0.411892 0.971591 0.041081 0.024351
0 0.882162 0.838880 0.036757 0.020292
0 0.254054 0.396104 0.025946 0.040584
0 0.411892 0.622971 0.045405 0.049513
0 0.521622 0.229302 0.046486 0.023539
0 0.101081 0.587662 0.033514 0.034091
0 0.672973 0.338474 0.027027 0.016234
0 0.628108 0.636364 0.041081 0.030844
0 0.318378 0.110795 0.035676 0.026786
0 0.613514 0.763393 0.050811 0.030032
0 0.795676 0.409091 0.045405 0.030844
0 0.506486 0.107955 0.037838 0.027597
0 0.399459 0.475649 0.035676 0.014610
0 0.491351 0.177354 0.042162 0.026786
0 0.686486 0.552760 0.038919 0.027597
0 0.448108 0.645292 0.027027 0.021104
0 0.389189 0.048295 0.030270 0.036526
0 0.352432 0.731737 0.058378 0.033279
0 0.661081 0.242289 0.046486 0.025162
0 0.291892 0.409497 0.030270 0.026786
0 0.854054 0.495942 0.032432 0.022727
0 0.855676 0.645698 0.040000 0.031656
0 0.605405 0.650974 0.047568 0.040584
0 0.628108 0.396510 0.038919 0.030032
0 0.445946 0.714692 0.024865 0.023539
0 0.772432 0.290179 0.029189 0.023539
0 0.229189 0.964692 0.030270 0.023539
0 0.027027 0.658685 0.023784 0.020292
0 0.381081 0.367289 0.022703 0.021916
0 0.175135 0.944805 0.034595 0.024351
0 0.791892 0.699675 0.040000 0.022727
0 0.248649 0.730925 0.030270 0.026786
0 0.650270 0.600244 0.044324 0.026786
0 0.801622 0.218344 0.029189 0.034091
0 0.549189 0.355519 0.060541 0.040584
0 0.367027 0.876623 0.046486 0.034091
0 0.295676 0.782873 0.055135 0.046266
0 0.367027 0.084821 0.040000 0.021916
0 0.766486 0.469562 0.034595 0.026786
0 0.590270 0.805601 0.064865 0.026786
0 0.346486 0.270698 0.033514 0.017045
0 0.559459 0.373782 0.055135 0.026786
0 0.898378 0.817370 0.021622 0.027597
0 0.418378 0.253653 0.030270 0.023539
0 0.900000 0.362419 0.022703 0.026786
0 0.560541 0.670049 0.042162 0.030032
0 0.197838 0.340909 0.038919 0.037338
0 0.077297 0.341315 0.033514 0.030032
0 0.554595 0.742695 0.056216 0.030844
0 0.275676 0.981737 0.032432 0.028409
0 0.745946 0.613231 0.023784 0.030032
0 0.557297 0.265828 0.024865 0.015422
0 0.217297 0.669643 0.043243 0.014610
0 0.702162 0.579951 0.050811 0.028409
0 0.263243 0.827516 0.046486 0.039773
0 0.783243 0.616071 0.031351 0.024351
0 0.461622 0.903003 0.030270 0.030032
0 0.982703 0.168019 0.034595 0.027597
0 0.943784 0.614854 0.064865 0.031656
0 0.948649 0.814123 0.042162 0.038961
0 0.268108 0.779221 0.045405 0.038961
0 0.244865 0.804789 0.031351 0.021916
0 0.330270 0.066153 0.044324 0.039773
0 0.501081 0.325081 0.020541 0.028409
0 0.376757 0.312500 0.029189 0.019481
0 0.677297 0.413149 0.033514 0.022727
0 0.977838 0.796672 0.040000 0.043019
0 0.597838 0.057224 0.045405 0.033279
0 0.972432 0.206169 0.046486 0.037338
0 0.969730 0.290584 0.038919 0.038961
0 0.841622 0.275162 0.037838 0.030844
0 0.862703 0.244724 0.025946 0.057630
0 0.262162 0.702516 0.020541 0.008929
0 0.217297 0.946429 0.032432 0.014610
0 0.799459 0.269075 0.018378 0.015422
0 0.947568 0.312500 0.040000 0.029221
0 0.977297 0.749188 0.032432 0.022727
1 0.118378 0.654627 0.027027 0.015422
1 0.109189 0.686282 0.030270 0.013799
1 0.325405 0.577922 0.021622 0.017857
1 0.324865 0.557630 0.018378 0.016234
1 0.503243 0.398945 0.035676 0.017045
1 0.502162 0.421266 0.024865 0.016234
1 0.512432 0.437906 0.021622 0.015422
1 0.501622 0.489854 0.017297 0.013799
1 0.483243 0.508929 0.019459 0.014610
1 0.454595 0.516234 0.027027 0.019481
1 0.461622 0.448458 0.025946 0.018669
1 0.336216 0.471997 0.019459 0.017045
1 0.395676 0.557630 0.021622 0.012987
1 0.705405 0.821429 0.016216 0.017857
1 0.754054 0.771104 0.027027 0.022727
1 0.670270 0.846997 0.025946 0.015422
1 0.677297 0.823864 0.024865 0.021104
1 0.898378 0.781250 0.025946 0.020292
1 0.655676 0.744318 0.020541 0.016234
1 0.503784 0.789773 0.023784 0.017857
1 0.418919 0.837662 0.024865 0.014610
1 0.377297 0.832386 0.030270 0.017045
1 0.884324 0.038555 0.028108 0.020292
1 0.833514 0.011769 0.025946 0.012175
1 0.822703 0.021510 0.023784 0.013799
1 0.832973 0.748377 0.020541 0.021104
1 0.733514 0.741883 0.022703 0.016234
1 0.723784 0.730925 0.018378 0.013799
1 0.717838 0.786526 0.019459 0.017857
1 0.928649 0.737825 0.021622 0.021104
1 0.857838 0.759334 0.018378 0.018669
1 0.775676 0.204140 0.018378 0.017045
1 0.783243 0.191558 0.016216 0.017857
1 0.957838 0.030032 0.028108 0.016234
1 0.900541 0.050731 0.025946 0.015422
1 0.917838 0.057224 0.017297 0.020292
1 0.739459 0.413961 0.019459 0.017857
1 0.321622 0.962662 0.022703 0.016234
