0 0.944336 0.640625 0.029297 0.027344
0 0.319824 0.273438 0.036133 0.041016
0 0.600098 0.177734 0.034180 0.035156
0 0.173340 0.358398 0.034180 0.031250
0 0.156250 0.748047 0.029297 0.021484
0 0.278809 0.359375 0.028320 0.037109
0 0.083008 0.875488 0.029297 0.028320
0 0.500000 0.903809 0.035156 0.043945
0 0.520508 0.408691 0.031250 0.038086
0 0.787109 0.774414 0.033203 0.037109
0 0.910156 0.451660 0.035156 0.041992
0 0.203613 0.919922 0.030273 0.033203
0 0.416016 0.249023 0.035156 0.039062
0 0.820312 0.899902 0.029297 0.038086
0 0.415039 0.733887 0.031250 0.032227
0 0.233887 0.613281 0.032227 0.025391
0 0.207520 0.708984 0.024414 0.025391
0 0.400879 0.206055 0.038086 0.021484
0 0.026855 0.166504 0.032227 0.018555
0 0.268555 0.974609 0.029297 0.031250
0 0.513672 0.096680 0.044922 0.035156
0 0.873047 0.589355 0.033203 0.028320
0 0.438965 0.670898 0.034180 0.042969
0 0.831543 0.465332 0.030273 0.041992
0 0.287109 0.716309 0.031250 0.040039
0 0.478027 0.074707 0.026367 0.026367
0 0.637695 0.987305 0.033203 0.023438
0 0.250977 0.081543 0.035156 0.018555
0 0.437988 0.829590 0.032227 0.032227
0 0.377441 0.108887 0.043945 0.028320
0 0.020020 0.012695 0.040039 0.025391
0 0.540039 0.678223 0.021484 0.032227
0 0.910156 0.522949 0.033203 0.022461
0 0.288086 0.543945 0.033203 0.037109
0 0.161133 0.895020 0.029297 0.034180
0 0.710449 0.637207 0.028320 0.028320
0 0.634277 0.818848 0.038086 0.034180
0 0.243652 0.048828 0.022461 0.033203
0 0.494141 0.813965 0.031250 0.034180
0 0.723145 0.598633 0.020508 0.029297
0 0.017090 0.566406 0.032227 0.041016
0 0.753418 0.361816 0.028320 0.041992
0 0.087402 0.307617 0.030273 0.031250
0 0.497559 0.257812 0.026367 0.041016
0 0.057129 0.580078 0.030273 0.031250
0 0.299316 0.381836 0.034180 0.025391
0 0.783691 0.701660 0.026367 0.024414
0 0.778809 0.204590 0.034180 0.036133
0 0.444336 0.031250 0.035156 0.035156
0 0.937012 0.221680 0.032227 0.039062
0 0.127930 0.362305 0.039062 0.025391
0 0.752441 0.537109 0.055664 0.042969
0 0.902832 0.414062 0.032227 0.035156
0 0.419922 0.424316 0.033203 0.043945
0 0.634277 0.391113 0.024414 0.026367
0 0.666016 0.409668 0.027344 0.038086
0 0.749512 0.156738 0.026367 0.032227
0 0.656738 0.477051 0.026367 0.034180
0 0.909668 0.293457 0.038086 0.028320
0 0.502441 0.947754 0.026367 0.038086
0 0.721191 0.351562 0.024414 0.039062
0 0.827637 0.331055 0.030273 0.033203
0 0.068848 0.637207 0.032227 0.024414
0 0.977539 0.114258 0.039062 0.039062
0 0.479980 0.978027 0.036133 0.038086
0 0.796387 0.730957 0.032227 0.030273
0 0.522461 0.470215 0.035156 0.028320
0 0.811035 0.217773 0.032227 0.039062
0 0.352539 0.307617 0.029297 0.025391
0 0.464355 0.654785 0.028320 0.028320
0 0.774902 0.687500 0.024414 0.021484
0 0.658203 0.786621 0.025391 0.032227
0 0.459961 0.753418 0.033203 0.032227
0 0.569336 0.530273 0.029297 0.029297
0 0.708008 0.672363 0.025391 0.028320
0 0.921387 0.078613 0.034180 0.026367
0 0.729980 0.251953 0.028320 0.031250
0 0.786133 0.161621 0.033203 0.043945
0 0.469727 0.567871 0.029297 0.036133
0 0.336426 0.328125 0.028320 0.023438
0 0.960938 0.401367 0.041016 0.029297
0 0.128418 0.645996 0.032227 0.032227
0 0.808594 0.407715 0.035156 0.038086
0 0.139160 0.878906 0.034180 0.041016
0 0.506348 0.503418 0.030273 0.030273
0 0.814941 0.665039 0.034180 0.033203
0 0.793457 0.495605 0.041992 0.026367
0 0.412109 0.626953 0.021484 0.017578
0 0.572266 0.214844 0.029297 0.027344
0 0.804688 0.917969 0.015625 0.021484
0 0.247559 0.521484 0.028320 0.041016
0 0.496582 0.311523 0.030273 0.029297
0 0.825195 0.595215 0.037109 0.043945
0 0.245605 0.350586 0.036133 0.021484
0 0.548828 0.244629 0.033203 0.038086
0 0.217285 0.220703 0.030273 0.031250
0 0.371094 0.457031 0.033203 0.035156
0 0.044434 0.354004 0.034180 0.032227
0 0.207031 0.547363 0.044922 0.041992
0 0.104980 0.416992 0.034180 0.035156
0 0.898926 0.807617 0.028320 0.027344
0 0.364746 0.645996 0.032227 0.045898
0 0.466309 0.454590 0.030273 0.026367
0 0.392578 0.685547 0.033203 0.039062
0 0.520996 0.056641 0.024414 0.031250
0 0.204102 0.755859 0.027344 0.029297
0 0.187500 0.791992 0.035156 0.048828
0 0.507812 0.371582 0.035156 0.030273
0 0.916504 0.113770 0.028320 0.038086
0 0.168457 0.327148 0.034180 0.029297
0 0.744141 0.800781 0.037109 0.041016
0 0.951660 0.874023 0.034180 0.029297
0 0.087402 0.128906 0.032227 0.017578
0 0.704590 0.055664 0.043945 0.039062
0 0.811523 0.083984 0.017578 0.021484
0 0.714844 0.313477 0.029297 0.033203
0 0.283203 0.931152 0.027344 0.028320
0 0.325684 0.888672 0.028320 0.042969
0 0.318848 0.635254 0.032227 0.034180
0 0.506348 0.751465 0.036133 0.038086
0 0.542969 0.881836 0.025391 0.044922
0 0.174316 0.119629 0.051758 0.020508
0 0.919434 0.564941 0.041992 0.028320
0 0.935059 0.317383 0.032227 0.027344
0 0.965332 0.462402 0.040039 0.038086
0 0.879395 0.758789 0.018555 0.031250
0 0.133789 0.254883 0.041016 0.031250
0 0.824707 0.076172 0.020508 0.019531
0 0.318848 0.784180 0.028320 0.023438
0 0.667480 0.310547 0.030273 0.031250
0 0.956055 0.263184 0.035156 0.026367
0 0.650391 0.138184 0.039062 0.047852
0 0.151855 0.379395 0.026367 0.024414
0 0.637207 0.604004 0.030273 0.024414
0 0.870605 0.437500 0.028320 0.035156
0 0.687012 0.960449 0.028320 0.045898
0 0.144531 0.791504 0.033203 0.034180
0 0.874512 0.909668 0.026367 0.045898
0 0.411621 0.852539 0.024414 0.035156
0 0.431152 0.518066 0.036133 0.032227
0 0.646973 0.685547 0.032227 0.035156
0 0.691406 0.788086 0.021484 0.027344
0 0.816406 0.015625 0.037109 0.031250
0 0.559570 0.353516 0.027344 0.025391
0 0.690918 0.365234 0.030273 0.029297
0 0.096191 0.456543 0.032227 0.028320
0 0.682617 0.266113 0.037109 0.032227
0 0.587402 0.811035 0.026367 0.045898
0 0.694336 0.098145 0.035156 0.038086
0 0.775879 0.981445 0.020508 0.033203
0 0.967773 0.085449 0.039062 0.036133
0 0.434570 0.874512 0.025391 0.038086
0 0.093750 0.800293 0.031250 0.040039
0 0.389160 0.344238 0.036133 0.034180
0 0.654785 0.534668 0.032227 0.034180
0 0.611328 0.405762 0.027344 0.026367
0 0.691895 0.910156 0.028320 0.027344
0 0.675293 0.735840 0.032227 0.038086
0 0.269531 0.797852 0.039062 0.025391
0 0.842773 0.811035 0.031250 0.038086
0 0.481445 0.781738 0.025391 0.026367
0 0.956543 0.751953 0.040039 0.041016
0 0.746582 0.012695 0.036133 0.025391
0 0.878418 0.513672 0.026367 0.019531
0 0.908203 0.206543 0.035156 0.036133
0 0.236816 0.467773 0.038086 0.035156
0 0.132812 0.011719 0.041016 0.021484
0 0.837402 0.703613 0.032227 0.030273
0 0.044434 0.280273 0.032227 0.033203
0 0.171387 0.184082 0.032227 0.020508
0 0.926758 0.731934 0.031250 0.030273
0 0.901855 0.022949 0.020508 0.022461
0 0.035156 0.479492 0.035156 0.031250
0 0.944336 0.130859 0.025391 0.025391
0 0.836914 0.255859 0.029297 0.031250
0 0.393066 0.601562 0.024414 0.027344
0 0.323242 0.664551 0.023438 0.022461
0 0.940430 0.810059 0.023438 0.030273
0 0.562500 0.916992 0.023438 0.056641
0 0.053223 0.711426 0.024414 0.036133
0 0.623047 0.506836 0.035156 0.029297
0 0.070312 0.045410 0.044922 0.028320
0 0.713867 0.983398 0.042969 0.029297
0 0.406250 0.193359 0.029297 0.015625
0 0.407715 0.576660 0.032227 0.038086
0 0.873535 0.329102 0.028320 0.037109
0 0.840820 0.533203 0.029297 0.027344
0 0.145020 0.504395 0.018555 0.020508
0 0.975098 0.590332 0.026367 0.032227
0 0.211914 0.024902 0.029297 0.034180
0 0.574707 0.058594 0.030273 0.035156
0 0.394531 0.749023 0.027344 0.033203
0 0.161621 0.481934 0.047852 0.032227
0 0.196289 0.187500 0.029297 0.029297
0 0.327148 0.035156 0.023438 0.037109
0 0.389160 0.270020 0.038086 0.040039
0 0.391113 0.393555 0.034180 0.025391
0 0.912109 0.665039 0.031250 0.031250
0 0.198242 0.667969 0.035156 0.037109
0 0.064453 0.750488 0.037109 0.032227
0 0.290039 0.163086 0.033203 0.037109
0 0.331543 0.484375 0.036133 0.037109
0 0.930664 0.618164 0.023438 0.027344
0 0.895996 0.041016 0.022461 0.017578
0 0.476074 0.713379 0.036133 0.034180
0 0.767090 0.453613 0.030273 0.032227
0 0.292969 0.074707 0.031250 0.016602
0 0.878418 0.636230 0.034180 0.041992
0 0.201172 0.150391 0.033203 0.033203
0 0.109863 0.494141 0.032227 0.035156
0 0.414062 0.920410 0.025391 0.038086
0 0.930176 0.178711 0.036133 0.033203
0 0.082031 0.162598 0.044922 0.026367
0 0.726562 0.655273 0.033203 0.023438
0 0.725098 0.211914 0.022461 0.021484
0 0.955566 0.633301 0.030273 0.026367
0 0.507812 0.181152 0.037109 0.028320
0 0.018066 0.858887 0.028320 0.041992
0 0.395508 0.809082 0.035156 0.045898
0 0.568359 0.123535 0.033203 0.038086
0 0.852539 0.295410 0.044922 0.036133
0 0.774414 0.311523 0.037109 0.029297
0 0.392090 0.923828 0.026367 0.039062
0 0.305176 0.507324 0.034180 0.036133
0 0.377930 0.494141 0.033203 0.027344
0 0.911133 0.638184 0.025391 0.040039
0 0.624023 0.092285 0.033203 0.040039
0 0.217285 0.183594 0.026367 0.029297
0 0.111816 0.907715 0.022461 0.034180
0 0.269531 0.625977 0.033203 0.037109
0 0.601074 0.668457 0.032227 0.034180
0 0.909180 0.152832 0.039062 0.026367
0 0.340820 0.199219 0.023438 0.029297
0 0.600098 0.305664 0.028320 0.033203
0 0.107422 0.274902 0.048828 0.034180
0 0.220215 0.121094 0.036133 0.023438
0 0.573242 0.711914 0.039062 0.042969
0 0.846680 0.191406 0.033203 0.042969
0 0.967773 0.336914 0.031250 0.046875
0 0.614746 0.241699 0.030273 0.034180
0 0.357422 0.913086 0.025391 0.039062
0 0.843262 0.503418 0.028320 0.030273
0 0.308105 0.977051 0.028320 0.030273
0 0.524902 0.561523 0.026367 0.035156
0 0.899902 0.943848 0.028320 0.041992
0 0.465332 0.253906 0.032227 0.052734
0 0.350586 0.828125 0.027344 0.042969
0 0.163574 0.157715 0.036133 0.024414
0 0.628418 0.857422 0.030273 0.033203
0 0.161133 0.043457 0.035156 0.041992
0 0.286621 0.013672 0.030273 0.027344
0 0.103516 0.841309 0.037109 0.026367
0 0.714844 0.865234 0.021484 0.021484
0 0.381836 0.524414 0.035156 0.027344
0 0.655273 0.379395 0.027344 0.024414
0 0.913574 0.982422 0.026367 0.021484
0 0.778320 0.262695 0.029297 0.031250
0 0.587402 0.092773 0.034180 0.031250
0 0.831055 0.132324 0.037109 0.036133
0 0.641602 0.206543 0.033203 0.034180
0 0.471680 0.196289 0.035156 0.033203
0 0.274414 0.251953 0.039062 0.042969
0 0.292480 0.047852 0.038086 0.023438
0 0.051758 0.193848 0.037109 0.030273
0 0.251953 0.703125 0.033203 0.029297
0 0.556152 0.290039 0.026367 0.033203
0 0.576172 0.747070 0.033203 0.037109
0 0.909180 0.856445 0.037109 0.031250
0 0.025391 0.711914 0.025391 0.054688
1 0.596680 0.011230 0.019531 0.016602
