1 0.034632 0.052920 0.038961 0.076642
1 0.069264 0.242701 0.034632 0.098540
1 0.113636 0.239051 0.041126 0.076642
1 0.109307 0.322993 0.049784 0.054745
1 0.213203 0.456204 0.036797 0.072993
1 0.343074 0.576642 0.041126 0.072993
1 0.200216 0.881387 0.036797 0.076642
1 0.345238 0.841241 0.045455 0.076642
1 0.435065 0.954380 0.047619 0.062044
1 0.461039 0.888686 0.043290 0.062044
1 0.399351 0.762774 0.041126 0.065693
1 0.603896 0.731752 0.043290 0.047445
1 0.584416 0.653285 0.043290 0.065693
1 0.800866 0.731752 0.043290 0.069343
1 0.859307 0.669708 0.043290 0.062044
1 0.932900 0.574818 0.047619 0.076642
1 0.912338 0.485401 0.049784 0.080292
1 0.835498 0.532847 0.056277 0.065693
1 0.646104 0.425182 0.049784 0.076642
1 0.674242 0.361314 0.045455 0.065693
1 0.707792 0.270073 0.056277 0.058394
1 0.226190 0.187956 0.041126 0.069343
1 0.291126 0.187956 0.028139 0.062044
1 0.375541 0.114964 0.049784 0.069343
1 0.353896 0.209854 0.045455 0.076642
1 0.877706 0.270073 0.045455 0.072993
1 0.798701 0.275547 0.047619 0.069343
1 0.837662 0.350365 0.038961 0.087591
1 0.271645 0.301095 0.036797 0.069343
1 0.427489 0.839416 0.041126 0.072993
1 0.584416 0.565693 0.064935 0.094891
1 0.664502 0.189781 0.047619 0.080292
1 0.796537 0.613139 0.043290 0.065693
1 0.329004 0.374088 0.051948 0.076642
1 0.969697 0.140511 0.043290 0.069343
1 0.982684 0.510949 0.034632 0.065693
1 0.232684 0.821168 0.041126 0.072993
1 0.101732 0.934307 0.051948 0.065693
1 0.201299 0.625912 0.030303 0.054745
1 0.172078 0.591241 0.028139 0.043796
1 0.702381 0.547445 0.049784 0.058394
1 0.648268 0.580292 0.041126 0.094891
1 0.700216 0.620438 0.036797 0.058394
1 0.647186 0.666058 0.043290 0.062044
0 0.147186 0.498175 0.034632 0.091241
0 0.107143 0.518248 0.041126 0.080292
0 0.185065 0.726277 0.041126 0.072993
0 0.109307 0.717153 0.041126 0.069343
0 0.357143 0.680657 0.034632 0.076642
0 0.654762 0.943431 0.036797 0.076642
0 0.712121 0.885036 0.043290 0.076642
0 0.848485 0.921533 0.051948 0.076642
0 0.599567 0.822993 0.043290 0.062044
0 0.744589 0.797445 0.043290 0.069343
0 0.498918 0.843066 0.041126 0.065693
0 0.536797 0.662409 0.034632 0.069343
0 0.498918 0.689781 0.041126 0.080292
0 0.438312 0.708029 0.045455 0.072993
0 0.548701 0.863139 0.049784 0.076642
0 0.949134 0.228102 0.049784 0.083942
0 0.841991 0.177007 0.047619 0.091241
0 0.875541 0.423358 0.036797 0.058394
0 0.715368 0.388686 0.041126 0.062044
0 0.622294 0.142336 0.036797 0.065693
0 0.916667 0.877737 0.058442 0.054745
0 0.979437 0.731752 0.041126 0.076642
0 0.659091 0.826642 0.049784 0.054745
0 0.649351 0.777372 0.038961 0.043796
0 0.603896 0.474453 0.034632 0.087591
0 0.416667 0.437956 0.041126 0.094891
0 0.348485 0.478102 0.051948 0.080292
0 0.373377 0.441606 0.045455 0.065693
0 0.093074 0.412409 0.060606 0.094891
0 0.174242 0.368613 0.045455 0.094891
0 0.412338 0.178832 0.036797 0.087591
0 0.445887 0.080292 0.060606 0.065693
0 0.477273 0.186131 0.036797 0.065693
0 0.728355 0.149635 0.032468 0.116788
0 0.645022 0.032847 0.043290 0.058394
0 0.102814 0.631387 0.045455 0.072993
0 0.115801 0.861314 0.041126 0.072993
0 0.024892 0.806569 0.041126 0.058394
0 0.923160 0.328467 0.041126 0.051095
0 0.774892 0.031022 0.051948 0.047445
0 0.804113 0.091241 0.036797 0.072993
