0 0.315249 0.705438 0.055718 0.087613
0 0.293255 0.802115 0.082111 0.069486
0 0.752199 0.729607 0.090909 0.093656
0 0.615836 0.338369 0.076246 0.072508
1 0.419355 0.371601 0.064516 0.072508
1 0.485337 0.370091 0.043988 0.063444
1 0.557185 0.373112 0.052786 0.063444
1 0.570381 0.496979 0.043988 0.081571
1 0.618768 0.493958 0.046921 0.063444
1 0.665689 0.540785 0.052786 0.042296
1 0.755132 0.492447 0.055718 0.042296
1 0.736070 0.410876 0.052786 0.060423
1 0.404692 0.546828 0.052786 0.042296
1 0.497067 0.495468 0.079179 0.048338
1 0.414956 0.495468 0.067449 0.048338
1 0.456012 0.441088 0.049853 0.072508
1 0.428152 0.243202 0.058651 0.051360
1 0.483871 0.209970 0.064516 0.069486
1 0.479472 0.146526 0.055718 0.051360
1 0.526393 0.098187 0.049853 0.051360
1 0.563050 0.249245 0.046921 0.057402
1 0.620235 0.250755 0.043988 0.048338
1 0.384164 0.197885 0.046921 0.063444
1 0.429619 0.123867 0.061584 0.072508
1 0.331378 0.211480 0.041056 0.066465
1 0.368035 0.279456 0.043988 0.045317
1 0.392962 0.308157 0.052786 0.048338
1 0.479472 0.299094 0.049853 0.054381
1 0.538123 0.305136 0.049853 0.048338
1 0.725806 0.276435 0.055718 0.069486
1 0.614370 0.681269 0.049853 0.045317
1 0.677419 0.711480 0.041056 0.045317
1 0.715543 0.797583 0.052786 0.054381
1 0.780059 0.800604 0.058651 0.054381
1 0.843109 0.767372 0.055718 0.042296
1 0.639296 0.787009 0.058651 0.087613
1 0.601173 0.859517 0.052786 0.063444
1 0.582111 0.774924 0.049853 0.063444
1 0.482405 0.672205 0.049853 0.051360
1 0.568915 0.625378 0.052786 0.048338
1 0.526393 0.575529 0.049853 0.069486
1 0.548387 0.714502 0.046921 0.063444
1 0.500000 0.773414 0.055718 0.054381
1 0.541056 0.877644 0.055718 0.069486
1 0.574780 0.948640 0.070381 0.048338
1 0.651026 0.938066 0.058651 0.063444
1 0.728739 0.867069 0.055718 0.066465
1 0.683284 0.854985 0.058651 0.048338
1 0.812317 0.861027 0.058651 0.048338
1 0.848974 0.832326 0.055718 0.039275
1 0.870968 0.904834 0.070381 0.057402
1 0.778592 0.918429 0.049853 0.048338
1 0.870968 0.358006 0.052786 0.057402
1 0.894428 0.309668 0.052786 0.057402
1 0.939883 0.345921 0.055718 0.057402
1 0.972141 0.383686 0.055718 0.042296
1 0.970674 0.288520 0.046921 0.045317
1 0.837243 0.299094 0.049853 0.060423
1 0.791789 0.219033 0.058651 0.057402
1 0.797654 0.430514 0.058651 0.057402
1 0.860704 0.495468 0.055718 0.066465
1 0.897361 0.422961 0.052786 0.060423
1 0.964809 0.495468 0.058651 0.054381
1 0.925220 0.548338 0.055718 0.057402
1 0.929619 0.620846 0.123167 0.063444
1 0.818182 0.566465 0.064516 0.051360
1 0.804985 0.626888 0.073314 0.051360
1 0.879765 0.651057 0.052786 0.045317
1 0.378299 0.675227 0.052786 0.057402
1 0.464809 0.632931 0.061584 0.063444
1 0.431085 0.688822 0.041056 0.060423
1 0.375367 0.783988 0.058651 0.057402
1 0.482405 0.729607 0.055718 0.051360
1 0.436950 0.906344 0.046921 0.060423
1 0.413490 0.968278 0.070381 0.045317
1 0.486804 0.977341 0.058651 0.045317
1 0.346041 0.965257 0.052786 0.051360
1 0.362170 0.913897 0.055718 0.057402
1 0.354839 0.850453 0.064516 0.051360
1 0.277126 0.901813 0.061584 0.057402
1 0.214076 0.876133 0.052786 0.066465
1 0.158358 0.939577 0.052786 0.054381
1 0.123167 0.956193 0.041056 0.045317
1 0.077713 0.864048 0.061584 0.060423
1 0.137830 0.845921 0.058651 0.054381
1 0.133431 0.800604 0.049853 0.042296
1 0.184751 0.809668 0.052786 0.042296
1 0.195015 0.761329 0.043988 0.054381
1 0.247801 0.723565 0.061584 0.051360
1 0.255132 0.774924 0.064516 0.039275
1 0.035191 0.915408 0.058651 0.060423
1 0.120235 0.720544 0.105572 0.057402
1 0.259531 0.661631 0.079179 0.048338
1 0.217009 0.509063 0.058651 0.063444
1 0.187683 0.586103 0.052786 0.048338
1 0.302053 0.092145 0.064516 0.063444
1 0.253666 0.280967 0.055718 0.054381
1 0.269795 0.333837 0.052786 0.039275
1 0.195015 0.101208 0.055718 0.051360
1 0.159824 0.175227 0.049853 0.066465
1 0.117302 0.208459 0.052786 0.054381
1 0.134897 0.297583 0.052786 0.063444
1 0.196481 0.273414 0.046921 0.063444
1 0.237537 0.188822 0.058651 0.051360
1 0.186217 0.356495 0.055718 0.060423
1 0.155425 0.409366 0.046921 0.051360
1 0.297654 0.439577 0.055718 0.057402
1 0.321114 0.371601 0.055718 0.060423
1 0.083578 0.415408 0.061584 0.063444
1 0.099707 0.351964 0.058651 0.051360
1 0.137830 0.504532 0.064516 0.054381
1 0.104106 0.589124 0.055718 0.048338
1 0.061584 0.625378 0.046921 0.060423
1 0.164223 0.661631 0.064516 0.054381
1 0.275660 0.577039 0.058651 0.054381
1 0.243402 0.450151 0.046921 0.048338
1 0.255132 0.400302 0.046921 0.057402
1 0.121701 0.081571 0.055718 0.060423
1 0.230205 0.034743 0.049853 0.051360
1 0.391496 0.055891 0.049853 0.045317
1 0.033724 0.350453 0.049853 0.060423
1 0.080645 0.262840 0.038123 0.054381
1 0.392962 0.430514 0.052786 0.051360
1 0.671554 0.425982 0.052786 0.042296
1 0.693548 0.477341 0.049853 0.042296
1 0.768328 0.347432 0.052786 0.084592
1 0.931085 0.762840 0.055718 0.051360
1 0.958944 0.830816 0.064516 0.054381
1 0.976540 0.910876 0.046921 0.063444
1 0.950147 0.965257 0.046921 0.051360
1 0.873900 0.975831 0.052786 0.048338
1 0.876833 0.033233 0.046921 0.048338
1 0.910557 0.128399 0.049853 0.057402
1 0.956012 0.167674 0.046921 0.069486
1 0.900293 0.185801 0.046921 0.033233
1 0.831378 0.148036 0.055718 0.060423
1 0.714076 0.152568 0.055718 0.075529
1 0.692082 0.049849 0.058651 0.057402
1 0.633431 0.160121 0.058651 0.048338
1 0.677419 0.244713 0.041056 0.060423
1 0.736070 0.223565 0.041056 0.042296
1 0.807918 0.086103 0.061584 0.045317
1 0.451613 0.839879 0.064516 0.048338
1 0.222874 0.957704 0.087977 0.066465
1 0.098240 0.904834 0.055718 0.045317
1 0.033724 0.702417 0.061584 0.051360
1 0.045455 0.564955 0.049853 0.060423
1 0.089443 0.536254 0.038123 0.039275
1 0.410557 0.607251 0.058651 0.060423
1 0.282991 0.143505 0.085044 0.057402
1 0.605572 0.105740 0.067449 0.084592
