3 0.482906 0.734440 0.135043 0.203320
3 0.111966 0.368257 0.145299 0.122407
3 0.727350 0.221992 0.104274 0.153527
3 0.811111 0.273859 0.100855 0.157676
3 0.543590 0.865145 0.075214 0.153527
3 0.886325 0.767635 0.076923 0.141079
3 0.590598 0.310166 0.083761 0.072614
3 0.623077 0.202282 0.107692 0.163900
3 0.886325 0.234440 0.121368 0.082988
3 0.864103 0.530083 0.111111 0.130705
3 0.794017 0.436722 0.186325 0.151452
3 0.917949 0.156639 0.153846 0.151452
3 0.261538 0.639004 0.126496 0.082988
3 0.056410 0.703320 0.109402 0.112033
3 0.622222 0.376556 0.153846 0.230290
