0 0.459544 0.957179 0.035270 0.060453
0 0.596473 0.108312 0.039419 0.070529
1 0.051867 0.035264 0.049793 0.050378
1 0.118257 0.035264 0.049793 0.050378
1 0.113071 0.090680 0.039419 0.050378
1 0.029046 0.088161 0.053942 0.035264
1 0.065353 0.148615 0.035270 0.050378
1 0.076763 0.217884 0.041494 0.057935
1 0.116183 0.267003 0.045643 0.055416
1 0.232365 0.232997 0.045643 0.037783
1 0.202282 0.151134 0.035270 0.040302
1 0.310166 0.219144 0.039419 0.055416
1 0.352697 0.256927 0.033195 0.055416
1 0.398340 0.225441 0.033195 0.047859
1 0.205394 0.879093 0.033195 0.050378
1 0.299793 0.913098 0.026971 0.042821
1 0.272822 0.900504 0.035270 0.037783
1 0.229253 0.944584 0.035270 0.045340
1 0.273859 0.959698 0.033195 0.035264
1 0.339212 0.924433 0.031120 0.050378
1 0.351660 0.826196 0.035270 0.045340
1 0.392116 0.841310 0.029046 0.045340
1 0.377593 0.780856 0.041494 0.045340
1 0.296680 0.785894 0.037344 0.045340
1 0.226141 0.823678 0.033195 0.040302
1 0.530083 0.968514 0.035270 0.057935
1 0.608921 0.911839 0.043568 0.040302
1 0.520747 0.919395 0.041494 0.035264
1 0.707469 0.963476 0.037344 0.047859
1 0.791494 0.871537 0.043568 0.035264
1 0.845436 0.938287 0.039419 0.047859
1 0.942946 0.892947 0.047718 0.042821
1 0.892116 0.916877 0.029046 0.045340
1 0.914938 0.827456 0.037344 0.047859
1 0.980290 0.846348 0.026971 0.040302
1 0.849585 0.843829 0.039419 0.050378
1 0.929461 0.761965 0.033195 0.042821
1 0.949170 0.717884 0.047718 0.045340
1 0.880705 0.739295 0.031120 0.032746
1 0.836100 0.745592 0.033195 0.055416
1 0.748963 0.798489 0.033195 0.065491
1 0.800830 0.784635 0.037344 0.037783
1 0.691909 0.746851 0.031120 0.052897
1 0.698133 0.788413 0.039419 0.045340
1 0.802905 0.709068 0.045643 0.047859
1 0.725104 0.662469 0.047718 0.045340
1 0.657676 0.688917 0.049793 0.037783
1 0.636929 0.760705 0.033195 0.045340
1 0.607884 0.808564 0.041494 0.060453
1 0.540456 0.773300 0.051867 0.040302
1 0.831950 0.638539 0.029046 0.037783
1 0.782158 0.609572 0.033195 0.030227
1 0.900415 0.617128 0.045643 0.045340
1 0.937759 0.588161 0.033195 0.078086
1 0.933610 0.654912 0.029046 0.040302
1 0.914938 0.517632 0.037344 0.047859
1 0.968880 0.481108 0.041494 0.050378
1 0.941909 0.440806 0.033195 0.055416
1 0.909751 0.390428 0.043568 0.045340
1 0.935685 0.342569 0.024896 0.040302
1 0.894191 0.329975 0.033195 0.055416
1 0.980290 0.327456 0.031120 0.050378
1 0.960581 0.251889 0.041494 0.065491
1 0.823651 0.346348 0.037344 0.052897
1 0.846473 0.442065 0.033195 0.062972
1 0.882780 0.476071 0.035270 0.050378
1 0.740664 0.479849 0.045643 0.057935
1 0.737552 0.424433 0.026971 0.037783
1 0.697095 0.426952 0.029046 0.042821
1 0.678423 0.474811 0.033195 0.042821
1 0.735477 0.569270 0.047718 0.045340
1 0.879668 0.069270 0.029046 0.052897
1 0.912863 0.085642 0.029046 0.060453
1 0.983402 0.152393 0.029046 0.037783
1 0.982365 0.200252 0.035270 0.042821
1 0.848548 0.108312 0.041494 0.045340
1 0.797718 0.108312 0.039419 0.060453
1 0.847510 0.030227 0.026971 0.050378
1 0.199170 0.348866 0.037344 0.047859
1 0.228216 0.377834 0.037344 0.045340
1 0.280083 0.356423 0.041494 0.047859
1 0.336100 0.360202 0.049793 0.050378
1 0.309129 0.404282 0.033195 0.042821
1 0.358921 0.426952 0.053942 0.057935
1 0.409751 0.386650 0.035270 0.042821
1 0.292531 0.493703 0.037344 0.055416
1 0.364108 0.497481 0.064315 0.042821
1 0.414938 0.527708 0.029046 0.042821
1 0.449170 0.540302 0.043568 0.057935
1 0.356846 0.550378 0.037344 0.052897
1 0.300830 0.564232 0.041494 0.045340
1 0.258299 0.521411 0.043568 0.045340
1 0.235477 0.568010 0.039419 0.047859
1 0.204357 0.560453 0.031120 0.052897
1 0.187759 0.508816 0.031120 0.050378
1 0.215768 0.468514 0.041494 0.075567
1 0.385892 0.638539 0.037344 0.052897
1 0.340249 0.618388 0.037344 0.052897
1 0.289419 0.642317 0.043568 0.065491
1 0.604772 0.277078 0.035270 0.050378
1 0.677386 0.245592 0.035270 0.032746
1 0.721992 0.350126 0.045643 0.050378
1 0.658714 0.385390 0.043568 0.050378
1 0.607884 0.357683 0.037344 0.055416
1 0.580913 0.428212 0.041494 0.040302
1 0.534232 0.390428 0.035270 0.045340
1 0.512448 0.326196 0.037344 0.047859
1 0.528008 0.278338 0.043568 0.042821
1 0.464730 0.357683 0.041494 0.045340
1 0.491701 0.392947 0.024896 0.040302
1 0.510373 0.518892 0.049793 0.035264
1 0.582988 0.481108 0.041494 0.035264
1 0.617220 0.462217 0.035270 0.037783
1 0.625519 0.423174 0.031120 0.045340
1 0.685685 0.314861 0.026971 0.030227
1 0.161826 0.594458 0.033195 0.070529
1 0.137967 0.497481 0.039419 0.042821
1 0.127593 0.459698 0.031120 0.047859
1 0.118257 0.380353 0.037344 0.040302
1 0.032158 0.379093 0.047718 0.057935
1 0.141079 0.328715 0.045643 0.057935
1 0.074689 0.308564 0.053942 0.052897
1 0.023859 0.649874 0.043568 0.050378
1 0.040456 0.554156 0.051867 0.045340
1 0.510373 0.220403 0.049793 0.047859
1 0.650415 0.134761 0.043568 0.052897
1 0.714730 0.115869 0.031120 0.045340
1 0.703320 0.170025 0.037344 0.042821
1 0.682573 0.089421 0.037344 0.083123
1 0.492739 0.144836 0.043568 0.062972
1 0.424274 0.123426 0.056017 0.045340
1 0.420124 0.171285 0.051867 0.050378
1 0.373444 0.120907 0.037344 0.060453
1 0.350622 0.070529 0.029046 0.045340
1 0.434647 0.049118 0.039419 0.073048
1 0.493776 0.064232 0.053942 0.042821
1 0.533195 0.094458 0.029046 0.037783
1 0.465768 0.256927 0.043568 0.060453
1 0.430498 0.279597 0.035270 0.055416
1 0.411826 0.313602 0.031120 0.032746
1 0.629668 0.610831 0.047718 0.057935
1 0.551867 0.691436 0.041494 0.052897
1 0.216805 0.081864 0.072614 0.047859
1 0.236515 0.143577 0.037344 0.050378
1 0.284232 0.171285 0.029046 0.040302
1 0.020747 0.176322 0.041494 0.065491
1 0.278008 0.018892 0.037344 0.032746
1 0.371369 0.021411 0.045643 0.037783
1 0.769710 0.065491 0.024896 0.055416
1 0.642116 0.036524 0.043568 0.052897
1 0.732365 0.198992 0.045643 0.045340
1 0.754149 0.120907 0.035270 0.060453
1 0.739627 0.056675 0.031120 0.057935
1 0.296680 0.299748 0.053942 0.050378
1 0.070539 0.857683 0.049793 0.062972
1 0.029046 0.735516 0.033195 0.045340
1 0.481328 0.879093 0.024896 0.040302
1 0.431535 0.600756 0.058091 0.037783
1 0.643154 0.630982 0.066390 0.073048
1 0.571577 0.736776 0.060166 0.037783
1 0.412863 0.950882 0.037344 0.042821
