1 0.206495 0.783721 0.028186 0.097674
1 0.356005 0.432558 0.018382 0.083721
1 0.339461 0.430233 0.014706 0.088372
2 0.036765 0.379070 0.034314 0.125581
2 0.077206 0.400000 0.031863 0.130233
2 0.060049 0.523256 0.026961 0.097674
2 0.106005 0.572093 0.030637 0.102326
2 0.099877 0.241860 0.040441 0.130233
2 0.153186 0.418605 0.024510 0.111628
2 0.178922 0.413953 0.026961 0.111628
2 0.144608 0.218605 0.036765 0.120930
2 0.230392 0.434884 0.034314 0.106977
2 0.251838 0.327907 0.035539 0.134884
2 0.210784 0.306977 0.029412 0.102326
2 0.243260 0.153488 0.035539 0.111628
2 0.330882 0.262791 0.034314 0.134884
2 0.248162 0.679070 0.033088 0.130233
2 0.295956 0.630233 0.035539 0.125581
2 0.336397 0.634884 0.035539 0.125581
2 0.291054 0.446512 0.030637 0.102326
2 0.203431 0.604651 0.034314 0.139535
2 0.822917 0.755814 0.033088 0.116279
2 0.939951 0.495349 0.034314 0.125581
2 0.947917 0.655814 0.035539 0.120930
2 0.930760 0.772093 0.028186 0.102326
2 0.975490 0.902326 0.036765 0.130233
