0 0.784392 0.505898 0.031746 0.039318
0 0.671296 0.528834 0.041005 0.043250
0 0.849868 0.484273 0.038360 0.040629
0 0.799603 0.477720 0.030423 0.030144
0 0.297619 0.592398 0.050265 0.028834
0 0.272487 0.615990 0.029101 0.039318
0 0.858466 0.631062 0.029101 0.058978
0 0.955688 0.567497 0.022487 0.052425
0 0.962963 0.655308 0.042328 0.062910
0 0.975529 0.292267 0.046296 0.044561
0 0.782407 0.307339 0.070106 0.030144
0 0.727513 0.024902 0.047619 0.047182
0 0.108466 0.174312 0.058201 0.039318
0 0.126984 0.957405 0.050265 0.030144
0 0.111111 0.882700 0.055556 0.035387
1 0.431217 0.498034 0.029101 0.028834
1 0.478836 0.506553 0.029101 0.027523
1 0.511243 0.471822 0.027778 0.026212
1 0.482804 0.475754 0.034392 0.026212
1 0.486772 0.430537 0.023810 0.040629
1 0.458995 0.429227 0.021164 0.032765
1 0.435185 0.423984 0.029101 0.024902
1 0.375000 0.487549 0.030423 0.036697
1 0.416667 0.390564 0.029101 0.034076
1 0.451720 0.387942 0.027778 0.026212
1 0.478836 0.383355 0.026455 0.030144
1 0.515873 0.384010 0.029101 0.026212
1 0.484788 0.354522 0.027778 0.030144
1 0.462302 0.340105 0.025132 0.024902
1 0.583333 0.408912 0.031746 0.031455
1 0.564815 0.381389 0.026455 0.023591
1 0.574074 0.346658 0.026455 0.027523
1 0.599206 0.374181 0.029101 0.035387
1 0.544312 0.317169 0.030423 0.018349
1 0.553571 0.302097 0.022487 0.019659
1 0.591931 0.277851 0.030423 0.026212
1 0.631614 0.276540 0.033069 0.036697
1 0.639550 0.325688 0.033069 0.027523
1 0.656746 0.370249 0.046296 0.024902
1 0.693122 0.366972 0.026455 0.028834
1 0.716931 0.346003 0.034392 0.028834
1 0.691138 0.329620 0.019841 0.024902
1 0.681878 0.307995 0.019841 0.020970
1 0.683862 0.248362 0.029101 0.030144
1 0.675265 0.272608 0.019841 0.020970
1 0.570106 0.485583 0.031746 0.030144
1 0.630952 0.465924 0.029101 0.027523
1 0.675926 0.473132 0.026455 0.026212
1 0.607804 0.513761 0.030423 0.026212
1 0.653439 0.501966 0.021164 0.018349
1 0.739418 0.472477 0.029101 0.032765
1 0.777116 0.452818 0.030423 0.030144
1 0.753968 0.422018 0.034392 0.020970
1 0.548942 0.517693 0.021164 0.031455
1 0.576720 0.523591 0.026455 0.032765
1 0.528439 0.523591 0.025132 0.030144
1 0.550265 0.549803 0.034392 0.027523
1 0.541005 0.576671 0.031746 0.026212
1 0.592593 0.574050 0.034392 0.034076
1 0.622354 0.559633 0.038360 0.028834
1 0.891534 0.431848 0.026455 0.032765
1 0.740741 0.528178 0.037037 0.028834
1 0.764550 0.545216 0.029101 0.028834
1 0.799603 0.564875 0.030423 0.023591
1 0.731481 0.562254 0.029101 0.028834
1 0.769841 0.585190 0.026455 0.024902
1 0.798280 0.602883 0.027778 0.036697
1 0.642857 0.597641 0.029101 0.028834
1 0.677910 0.626474 0.027778 0.028834
1 0.663360 0.642202 0.025132 0.034076
1 0.417989 0.319135 0.026455 0.035387
1 0.491402 0.250328 0.033069 0.020970
1 0.326720 0.364351 0.023810 0.036697
1 0.348545 0.328309 0.025132 0.027523
1 0.346561 0.352556 0.018519 0.018349
1 0.391534 0.418742 0.029101 0.017038
1 0.353175 0.450852 0.037037 0.023591
1 0.335317 0.423984 0.022487 0.032765
1 0.306878 0.423984 0.021164 0.030144
1 0.318783 0.459371 0.031746 0.027523
1 0.318783 0.494758 0.026455 0.032765
1 0.289021 0.500000 0.035714 0.030144
1 0.281085 0.527523 0.035714 0.030144
1 0.431878 0.559633 0.022487 0.028834
1 0.501984 0.609436 0.022487 0.036697
1 0.515212 0.579292 0.027778 0.041940
1 0.468915 0.577326 0.027778 0.022280
1 0.447090 0.599607 0.031746 0.035387
1 0.433201 0.624509 0.030423 0.030144
1 0.348545 0.600917 0.035714 0.040629
1 0.387566 0.558322 0.023810 0.020970
1 0.353836 0.553735 0.033069 0.035387
1 0.467593 0.649410 0.043651 0.024902
1 0.437169 0.671691 0.027778 0.030144
1 0.419974 0.690039 0.025132 0.027523
1 0.388228 0.687418 0.033069 0.030144
1 0.373677 0.650721 0.025132 0.030144
1 0.406085 0.659895 0.026455 0.024902
1 0.335979 0.661861 0.029101 0.026212
1 0.307540 0.644168 0.035714 0.030144
1 0.598545 0.644168 0.022487 0.022280
1 0.575397 0.652687 0.031746 0.023591
1 0.539683 0.667104 0.026455 0.023591
1 0.688492 0.671035 0.027778 0.034076
1 0.720899 0.676933 0.026455 0.030144
1 0.724868 0.716252 0.026455 0.027523
1 0.701058 0.712320 0.023810 0.022280
1 0.237434 0.579292 0.035714 0.026212
1 0.215608 0.600262 0.023810 0.023591
1 0.185847 0.623853 0.048942 0.023591
1 0.261905 0.690695 0.037037 0.047182
1 0.322751 0.711009 0.052910 0.030144
1 0.180556 0.676933 0.030423 0.043250
1 0.200397 0.543906 0.041005 0.026212
1 0.235450 0.513106 0.029101 0.017038
1 0.234788 0.493447 0.038360 0.022280
1 0.219577 0.473132 0.031746 0.023591
1 0.138228 0.640891 0.033069 0.044561
1 0.166005 0.568152 0.027778 0.030144
1 0.220899 0.711009 0.044974 0.032765
1 0.144180 0.700524 0.031746 0.030144
1 0.113757 0.692661 0.015873 0.019659
1 0.115079 0.596330 0.029101 0.020970
1 0.315476 0.309961 0.033069 0.024902
1 0.369709 0.290957 0.035714 0.026212
1 0.343254 0.285059 0.022487 0.022280
1 0.500000 0.701180 0.044974 0.023591
1 0.626323 0.686107 0.022487 0.019659
1 0.574074 0.688073 0.029101 0.026212
1 0.950397 0.524902 0.038360 0.024902
1 0.982143 0.442988 0.033069 0.034076
1 0.867725 0.397772 0.026455 0.038008
1 0.837963 0.384666 0.033069 0.030144
1 0.791005 0.384666 0.018519 0.014417
1 0.735450 0.391219 0.029101 0.024902
1 0.748677 0.378113 0.023810 0.032765
1 0.927910 0.619921 0.033069 0.034076
1 0.782407 0.687418 0.027778 0.027523
1 0.773810 0.652687 0.039683 0.023591
1 0.724868 0.617955 0.037037 0.027523
1 0.831349 0.711009 0.022487 0.038008
1 0.828042 0.783093 0.047619 0.043250
1 0.848545 0.815203 0.038360 0.026212
1 0.910714 0.790957 0.035714 0.019659
1 0.575397 0.744430 0.029101 0.036697
1 0.653439 0.743119 0.031746 0.020970
1 0.597222 0.710354 0.025132 0.020970
1 0.601852 0.789646 0.031746 0.027523
1 0.570767 0.813893 0.027778 0.023591
1 0.486772 0.768676 0.023810 0.032765
1 0.492063 0.796199 0.034392 0.022280
1 0.858466 0.344037 0.031746 0.032765
1 0.876984 0.311271 0.029101 0.038008
1 0.847884 0.311271 0.026455 0.035387
1 0.970899 0.247051 0.039683 0.030144
1 0.968254 0.203801 0.029101 0.027523
1 0.945767 0.211009 0.023810 0.020970
1 0.894841 0.214286 0.030423 0.027523
1 0.867725 0.256225 0.037037 0.030144
1 0.947090 0.178244 0.039683 0.023591
1 0.759259 0.228047 0.018519 0.015727
1 0.793651 0.233945 0.026455 0.024902
1 0.812831 0.186107 0.019841 0.034076
1 0.837302 0.188729 0.029101 0.039318
1 0.880291 0.172346 0.027778 0.048493
1 0.939815 0.130406 0.022487 0.032765
1 0.912037 0.081258 0.033069 0.026212
1 0.892857 0.057012 0.029101 0.024902
1 0.972222 0.027523 0.037037 0.036697
1 0.833333 0.125164 0.031746 0.051114
1 0.791667 0.149410 0.030423 0.031455
1 0.810185 0.117300 0.027778 0.040629
1 0.773810 0.104194 0.029101 0.035387
1 0.742725 0.104849 0.035714 0.036697
1 0.722222 0.080603 0.029101 0.024902
1 0.697090 0.095675 0.037037 0.023591
1 0.720238 0.132372 0.030423 0.031455
1 0.742725 0.187418 0.030423 0.028834
1 0.711640 0.201835 0.052910 0.031455
1 0.679233 0.141547 0.035714 0.026212
1 0.785053 0.026868 0.030423 0.027523
1 0.835979 0.012451 0.029101 0.022280
1 0.541005 0.217562 0.026455 0.023591
1 0.546296 0.198558 0.031746 0.035387
1 0.599868 0.192005 0.033069 0.040629
1 0.636905 0.156619 0.019841 0.017038
1 0.680556 0.075360 0.025132 0.022280
1 0.641534 0.121887 0.029101 0.031455
1 0.556217 0.155963 0.033069 0.031455
1 0.587963 0.143512 0.033069 0.022280
1 0.531085 0.133683 0.022487 0.018349
1 0.512566 0.174967 0.035714 0.030144
1 0.488757 0.133028 0.033069 0.024902
1 0.589947 0.104849 0.026455 0.018349
1 0.551587 0.093709 0.037037 0.027523
1 0.514550 0.097641 0.042328 0.032765
1 0.936508 0.079948 0.031746 0.031455
1 0.859788 0.097641 0.031746 0.024902
1 0.650132 0.077982 0.030423 0.043250
1 0.619709 0.068807 0.025132 0.030144
1 0.585317 0.026212 0.030423 0.026212
1 0.511905 0.062254 0.034392 0.035387
1 0.468254 0.037353 0.031746 0.035387
1 0.460317 0.082569 0.021164 0.031455
1 0.489418 0.079292 0.031746 0.022280
1 0.562831 0.012451 0.025132 0.019659
1 0.410053 0.024902 0.034392 0.026212
1 0.374339 0.026212 0.031746 0.031455
1 0.350529 0.014417 0.034392 0.023591
1 0.441138 0.218218 0.027778 0.032765
1 0.428571 0.275885 0.023810 0.024902
1 0.414683 0.249017 0.035714 0.031455
1 0.369709 0.229358 0.030423 0.034076
1 0.406746 0.187418 0.038360 0.028834
1 0.345238 0.207733 0.039683 0.032765
1 0.369048 0.175623 0.042328 0.028834
1 0.474206 0.272608 0.035714 0.020970
1 0.402116 0.136304 0.029101 0.031455
1 0.389550 0.105505 0.030423 0.022280
1 0.384921 0.074050 0.039683 0.027523
1 0.349206 0.083879 0.031746 0.023591
1 0.306878 0.241809 0.031746 0.030144
1 0.283730 0.277851 0.038360 0.026212
1 0.242725 0.323722 0.038360 0.039318
1 0.320767 0.169725 0.035714 0.027523
1 0.361111 0.142202 0.037037 0.027523
1 0.330026 0.123853 0.022487 0.030144
1 0.295635 0.126474 0.022487 0.027523
1 0.254630 0.192661 0.041005 0.023591
1 0.251323 0.226081 0.031746 0.035387
1 0.324735 0.053735 0.025132 0.018349
1 0.297619 0.028834 0.031746 0.028834
1 0.277116 0.081913 0.030423 0.043250
1 0.238095 0.068807 0.018519 0.022280
1 0.187169 0.060944 0.041005 0.038008
1 0.191138 0.111402 0.048942 0.020970
1 0.292328 0.360419 0.039683 0.026212
1 0.282407 0.377457 0.035714 0.020970
1 0.265873 0.403014 0.029101 0.040629
1 0.246693 0.438401 0.022487 0.048493
1 0.218254 0.434469 0.026455 0.038008
1 0.195106 0.422018 0.017196 0.034076
1 0.198413 0.382045 0.034392 0.027523
1 0.229497 0.362385 0.022487 0.022280
1 0.196429 0.293578 0.033069 0.039318
1 0.184524 0.327654 0.027778 0.034076
1 0.151455 0.337484 0.035714 0.043250
1 0.205026 0.255570 0.031746 0.034076
1 0.188492 0.237221 0.027778 0.028834
1 0.130291 0.243775 0.022487 0.044561
1 0.144841 0.204456 0.022487 0.036697
1 0.212302 0.195937 0.038360 0.027523
1 0.012566 0.182831 0.019841 0.022280
1 0.096561 0.559633 0.029101 0.036697
1 0.070767 0.574050 0.035714 0.023591
1 0.062831 0.543906 0.035714 0.034076
1 0.079365 0.506553 0.052910 0.027523
1 0.039021 0.473132 0.046296 0.034076
1 0.027778 0.548493 0.026455 0.040629
1 0.013228 0.590433 0.018519 0.032765
1 0.089947 0.621887 0.023810 0.045872
1 0.054894 0.618611 0.035714 0.041940
1 0.083995 0.669725 0.043651 0.026212
1 0.041667 0.671691 0.035714 0.038008
1 0.065476 0.703145 0.035714 0.030144
1 0.095899 0.705111 0.022487 0.020970
1 0.148148 0.745740 0.029101 0.034076
1 0.187831 0.752294 0.042328 0.034076
1 0.251323 0.764089 0.034392 0.039318
1 0.320106 0.772608 0.039683 0.027523
1 0.406746 0.762779 0.030423 0.028834
1 0.453042 0.760813 0.033069 0.032765
1 0.042989 0.769987 0.033069 0.022280
1 0.031746 0.803408 0.021164 0.034076
1 0.063492 0.803408 0.037037 0.023591
1 0.105820 0.814548 0.029101 0.030144
1 0.150794 0.821101 0.031746 0.051114
1 0.177910 0.806029 0.030423 0.031455
1 0.128968 0.846003 0.019841 0.027523
1 0.050926 0.856488 0.019841 0.038008
1 0.015873 0.843381 0.023810 0.027523
1 0.205026 0.847313 0.029101 0.027523
1 0.167989 0.865662 0.042328 0.022280
1 0.240741 0.825688 0.029101 0.036697
1 0.283069 0.838794 0.026455 0.026212
1 0.315476 0.851245 0.035714 0.038008
1 0.361111 0.781127 0.039683 0.026212
1 0.388889 0.813893 0.037037 0.031455
1 0.347222 0.855832 0.033069 0.041940
1 0.402778 0.845347 0.022487 0.026212
1 0.237434 0.873526 0.033069 0.030144
1 0.010582 0.887942 0.018519 0.027523
1 0.066799 0.928571 0.027778 0.027523
1 0.142857 0.898427 0.034392 0.019659
1 0.091931 0.971822 0.022487 0.022280
1 0.176587 0.944954 0.027778 0.026212
1 0.199074 0.895151 0.035714 0.026212
1 0.256614 0.939712 0.026455 0.036697
1 0.214286 0.954128 0.026455 0.041940
1 0.268519 0.867628 0.029101 0.031455
1 0.289683 0.887942 0.023810 0.032765
1 0.241402 0.991481 0.035714 0.011796
1 0.326720 0.941022 0.039683 0.015727
1 0.304233 0.969201 0.021164 0.022280
1 0.480159 0.908912 0.042328 0.022280
1 0.534392 0.883355 0.023810 0.026212
1 0.364418 0.914155 0.041005 0.043250
1 0.374339 0.944299 0.031746 0.017038
1 0.410053 0.943644 0.015873 0.013106
1 0.457672 0.821756 0.026455 0.015727
1 0.439153 0.851900 0.042328 0.023591
1 0.491402 0.859109 0.048942 0.024902
1 0.438492 0.887942 0.056878 0.040629
1 0.664683 0.181520 0.030423 0.030144
