0 0.775216 0.944444 0.051873 0.082621
0 0.922190 0.327635 0.040346 0.113960
0 0.969741 0.284900 0.043228 0.085470
0 0.987032 0.125356 0.023055 0.085470
1 0.065562 0.084046 0.030259 0.054131
1 0.073487 0.028490 0.023055 0.045584
1 0.113112 0.038462 0.027378 0.065527
1 0.083573 0.150997 0.025937 0.062678
1 0.035303 0.108262 0.024496 0.068376
1 0.057637 0.200855 0.028818 0.059829
1 0.080692 0.233618 0.020173 0.051282
1 0.057637 0.263533 0.025937 0.048433
1 0.018012 0.358974 0.021614 0.056980
1 0.067723 0.351852 0.025937 0.042735
1 0.054755 0.396011 0.028818 0.056980
1 0.054035 0.457265 0.030259 0.054131
1 0.097983 0.337607 0.025937 0.042735
1 0.090058 0.386040 0.030259 0.048433
1 0.120317 0.368946 0.027378 0.042735
1 0.100144 0.269231 0.024496 0.048433
1 0.148415 0.320513 0.028818 0.059829
1 0.118156 0.213675 0.023055 0.056980
1 0.132565 0.159544 0.025937 0.045584
1 0.128963 0.111111 0.024496 0.045584
1 0.154899 0.111111 0.024496 0.045584
1 0.153458 0.048433 0.021614 0.034188
1 0.177954 0.047009 0.030259 0.054131
1 0.125360 0.276353 0.023055 0.062678
1 0.186599 0.309117 0.021614 0.042735
1 0.213977 0.297721 0.024496 0.048433
1 0.239914 0.279202 0.021614 0.045584
1 0.283141 0.189459 0.015850 0.071225
1 0.298271 0.102564 0.025937 0.056980
1 0.213977 0.099715 0.033141 0.068376
1 0.258646 0.022792 0.024496 0.034188
1 0.318444 0.162393 0.023055 0.062678
1 0.320605 0.225071 0.030259 0.051282
1 0.332853 0.056980 0.028818 0.056980
1 0.353746 0.113960 0.033141 0.062678
1 0.404179 0.128205 0.030259 0.045584
1 0.381124 0.075499 0.027378 0.042735
1 0.404899 0.173789 0.025937 0.045584
1 0.391931 0.212251 0.020173 0.031339
1 0.368156 0.239316 0.033141 0.051282
1 0.335014 0.273504 0.033141 0.045584
1 0.293228 0.283476 0.027378 0.059829
1 0.261527 0.316239 0.027378 0.045584
1 0.251441 0.371795 0.030259 0.054131
1 0.285303 0.371795 0.025937 0.054131
1 0.313401 0.346154 0.024496 0.037037
1 0.354467 0.343305 0.031700 0.059829
1 0.378963 0.364672 0.020173 0.051282
1 0.390490 0.293447 0.017291 0.034188
1 0.423631 0.289174 0.025937 0.059829
1 0.431556 0.357550 0.027378 0.059829
1 0.207493 0.368946 0.023055 0.054131
1 0.188040 0.414530 0.027378 0.054131
1 0.159222 0.454416 0.027378 0.048433
1 0.127522 0.433048 0.024496 0.045584
1 0.153458 0.394587 0.021614 0.037037
1 0.040346 0.522792 0.023055 0.048433
1 0.021614 0.579772 0.023055 0.054131
1 0.054755 0.585470 0.028818 0.065527
1 0.076369 0.532764 0.028818 0.074074
1 0.097983 0.601140 0.023055 0.045584
1 0.113833 0.561254 0.028818 0.045584
1 0.143372 0.572650 0.024496 0.051282
1 0.157061 0.537037 0.028818 0.059829
1 0.184438 0.501425 0.028818 0.051282
1 0.221182 0.492877 0.030259 0.051282
1 0.195965 0.541311 0.034582 0.074074
1 0.260807 0.488604 0.025937 0.059829
1 0.270893 0.423077 0.020173 0.031339
1 0.307637 0.404558 0.024496 0.039886
1 0.242795 0.554131 0.027378 0.048433
1 0.288184 0.556980 0.028818 0.048433
1 0.297550 0.495726 0.024496 0.056980
1 0.353746 0.407407 0.038905 0.056980
1 0.018012 0.660969 0.027378 0.051282
1 0.035303 0.621083 0.015850 0.034188
1 0.041787 0.730769 0.023055 0.037037
1 0.053314 0.676638 0.028818 0.048433
1 0.096542 0.666667 0.025937 0.039886
1 0.022334 0.780627 0.018732 0.056980
1 0.018012 0.890313 0.018732 0.031339
1 0.030259 0.861823 0.017291 0.037037
1 0.048991 0.900285 0.023055 0.051282
1 0.198127 0.606838 0.024496 0.056980
1 0.226945 0.605413 0.027378 0.059829
1 0.164986 0.613960 0.027378 0.059829
1 0.190202 0.670940 0.023055 0.054131
1 0.172190 0.717949 0.027378 0.056980
1 0.260086 0.618234 0.030259 0.051282
1 0.278818 0.594017 0.021614 0.042735
1 0.226225 0.759259 0.025937 0.054131
1 0.251441 0.787749 0.027378 0.054131
1 0.284582 0.730769 0.027378 0.059829
1 0.306196 0.678063 0.030259 0.056980
1 0.320605 0.528490 0.030259 0.048433
1 0.329251 0.482906 0.027378 0.065527
1 0.343660 0.625356 0.033141 0.059829
1 0.361671 0.522792 0.025937 0.048433
1 0.373919 0.472934 0.027378 0.045584
1 0.286023 0.796296 0.030259 0.048433
1 0.317723 0.770655 0.024496 0.065527
1 0.303314 0.846154 0.027378 0.034188
1 0.358790 0.679487 0.028818 0.071225
1 0.378963 0.729345 0.023055 0.045584
1 0.370317 0.790598 0.040346 0.071225
1 0.359510 0.868946 0.030259 0.074074
1 0.330692 0.891738 0.030259 0.056980
1 0.153458 0.796296 0.018732 0.031339
1 0.384006 0.612536 0.027378 0.056980
1 0.420749 0.666667 0.028818 0.045584
1 0.440922 0.576923 0.028818 0.054131
1 0.396974 0.514245 0.033141 0.054131
1 0.434438 0.729345 0.030259 0.045584
1 0.455331 0.646724 0.031700 0.062678
1 0.480548 0.679487 0.033141 0.048433
1 0.500720 0.603989 0.030259 0.062678
1 0.517291 0.539886 0.028818 0.054131
1 0.471902 0.549858 0.033141 0.051282
1 0.515130 0.467236 0.024496 0.062678
1 0.475504 0.421652 0.031700 0.056980
1 0.397695 0.692308 0.031700 0.062678
1 0.121037 0.950142 0.028818 0.054131
1 0.324928 0.950142 0.021614 0.042735
1 0.376801 0.957265 0.027378 0.062678
1 0.355187 0.981481 0.021614 0.037037
1 0.352305 0.944444 0.021614 0.037037
1 0.397695 0.911681 0.025937 0.056980
1 0.417867 0.876068 0.025937 0.048433
1 0.408501 0.820513 0.024496 0.062678
1 0.440922 0.836182 0.025937 0.054131
1 0.453890 0.887464 0.028818 0.065527
1 0.466859 0.951567 0.023055 0.045584
1 0.432277 0.783476 0.031700 0.051282
1 0.465418 0.833333 0.017291 0.042735
1 0.492075 0.907407 0.027378 0.054131
1 0.520173 0.876068 0.028818 0.059829
1 0.545389 0.871795 0.018732 0.039886
1 0.522334 0.811966 0.033141 0.051282
1 0.497118 0.759259 0.025937 0.059829
1 0.528098 0.754986 0.027378 0.051282
1 0.613833 0.756410 0.025937 0.054131
1 0.555476 0.796296 0.027378 0.048433
1 0.516571 0.658120 0.021614 0.051282
1 0.507205 0.696581 0.020173 0.025641
1 0.531700 0.595442 0.025937 0.045584
1 0.562680 0.551282 0.030259 0.054131
1 0.543228 0.505698 0.028818 0.059829
1 0.554755 0.433048 0.031700 0.056980
1 0.576369 0.517094 0.017291 0.048433
1 0.604467 0.508547 0.027378 0.048433
1 0.567003 0.626781 0.027378 0.056980
1 0.549712 0.668091 0.018732 0.042735
1 0.599424 0.565527 0.025937 0.048433
1 0.554035 0.722222 0.030259 0.042735
1 0.582853 0.759259 0.021614 0.048433
1 0.617435 0.688034 0.024496 0.037037
1 0.623919 0.635328 0.034582 0.051282
1 0.636167 0.574074 0.024496 0.059829
1 0.659942 0.653846 0.028818 0.054131
1 0.667147 0.719373 0.028818 0.048433
1 0.695965 0.699430 0.028818 0.048433
1 0.657781 0.931624 0.024496 0.056980
1 0.719741 0.816239 0.027378 0.065527
1 0.726225 0.753561 0.025937 0.059829
1 0.739193 0.716524 0.023055 0.037037
1 0.770893 0.703704 0.025937 0.039886
1 0.804035 0.705128 0.028818 0.054131
1 0.701009 0.974359 0.024496 0.039886
1 0.598703 0.434473 0.030259 0.054131
1 0.660663 0.517094 0.027378 0.059829
1 0.670029 0.591168 0.028818 0.065527
1 0.693084 0.575499 0.020173 0.045584
1 0.701009 0.517094 0.030259 0.054131
1 0.708213 0.454416 0.036023 0.054131
1 0.747118 0.440171 0.030259 0.037037
1 0.744957 0.511396 0.025937 0.054131
1 0.768732 0.477208 0.018732 0.042735
1 0.793228 0.448718 0.036023 0.048433
1 0.822767 0.401709 0.028818 0.056980
1 0.799712 0.500000 0.025937 0.054131
1 0.784582 0.561254 0.033141 0.068376
1 0.811960 0.569801 0.021614 0.056980
1 0.798991 0.626781 0.030259 0.056980
1 0.870317 0.559829 0.023055 0.048433
1 0.889769 0.537037 0.024496 0.042735
1 0.864553 0.495726 0.025937 0.056980
1 0.893372 0.485755 0.023055 0.048433
1 0.876801 0.444444 0.041787 0.051282
1 0.917867 0.445869 0.023055 0.054131
1 0.852305 0.393162 0.021614 0.045584
1 0.819885 0.874644 0.025937 0.056980
1 0.838617 0.847578 0.025937 0.054131
1 0.857349 0.811966 0.028818 0.062678
1 0.881124 0.789174 0.024496 0.051282
1 0.889769 0.720798 0.021614 0.051282
1 0.904899 0.603989 0.025937 0.062678
1 0.948127 0.545584 0.025937 0.059829
1 0.938040 0.619658 0.025937 0.054131
1 0.963256 0.615385 0.021614 0.056980
1 0.978386 0.562678 0.031700 0.054131
1 0.949568 0.680912 0.025937 0.051282
1 0.983429 0.659544 0.027378 0.042735
1 0.940922 0.423077 0.023055 0.042735
1 0.884726 0.346154 0.023055 0.042735
1 0.987752 0.428775 0.021614 0.054131
1 0.968300 0.383191 0.020173 0.042735
1 0.744957 0.388889 0.031700 0.037037
1 0.766571 0.341880 0.028818 0.045584
1 0.775937 0.282051 0.024496 0.056980
1 0.826369 0.203704 0.027378 0.065527
1 0.920749 0.128205 0.020173 0.039886
1 0.903458 0.149573 0.028818 0.042735
1 0.887608 0.173789 0.025937 0.045584
1 0.886888 0.105413 0.027378 0.051282
1 0.856628 0.170940 0.021614 0.051282
1 0.680115 0.371795 0.023055 0.042735
1 0.720461 0.310541 0.028818 0.051282
1 0.746398 0.284900 0.028818 0.051282
1 0.731988 0.229345 0.031700 0.048433
1 0.768732 0.203704 0.024496 0.048433
1 0.787464 0.165242 0.030259 0.056980
1 0.623199 0.396011 0.033141 0.039886
1 0.688040 0.207977 0.027378 0.045584
1 0.667147 0.267806 0.028818 0.045584
1 0.813401 0.126781 0.033141 0.054131
1 0.856628 0.056980 0.024496 0.045584
1 0.824928 0.039886 0.036023 0.045584
1 0.772334 0.074074 0.028818 0.039886
1 0.713977 0.109687 0.030259 0.042735
1 0.632565 0.232194 0.025937 0.054131
1 0.657781 0.163818 0.024496 0.048433
1 0.683718 0.113960 0.030259 0.062678
1 0.621037 0.131054 0.028818 0.056980
1 0.649856 0.099715 0.025937 0.045584
1 0.610231 0.319088 0.027378 0.056980
1 0.611671 0.192308 0.027378 0.042735
1 0.599424 0.246439 0.023055 0.042735
1 0.516571 0.376068 0.027378 0.051282
1 0.582853 0.350427 0.030259 0.056980
1 0.565562 0.299145 0.033141 0.056980
1 0.574207 0.237892 0.030259 0.042735
1 0.542507 0.257835 0.027378 0.048433
1 0.551153 0.182336 0.021614 0.056980
1 0.576369 0.141026 0.025937 0.048433
1 0.459654 0.344729 0.028818 0.051282
1 0.505043 0.287749 0.036023 0.062678
1 0.485591 0.216524 0.028818 0.045584
1 0.458934 0.162393 0.024496 0.062678
1 0.487032 0.166667 0.031700 0.042735
1 0.459654 0.296296 0.025937 0.051282
1 0.528098 0.105413 0.018732 0.034188
1 0.476945 0.096866 0.031700 0.034188
1 0.505764 0.099715 0.023055 0.051282
1 0.521614 0.051282 0.034582 0.039886
1 0.535303 0.025641 0.030259 0.045584
1 0.738473 0.074074 0.024496 0.045584
1 0.435159 0.071225 0.037464 0.068376
1 0.363112 0.024217 0.028818 0.037037
1 0.682277 0.076923 0.021614 0.039886
1 0.691643 0.028490 0.028818 0.045584
1 0.295389 0.038462 0.031700 0.059829
1 0.316282 0.625356 0.027378 0.054131
1 0.352305 0.559829 0.024496 0.048433
1 0.394813 0.558405 0.028818 0.039886
1 0.453890 0.494302 0.023055 0.059829
1 0.474063 0.475783 0.031700 0.056980
1 0.259366 0.242165 0.017291 0.045584
1 0.770893 0.757835 0.028818 0.039886
1 0.649135 0.374644 0.021614 0.042735
1 0.529539 0.333333 0.024496 0.045584
1 0.582133 0.403134 0.023055 0.031339
1 0.773055 0.037037 0.036023 0.034188
1 0.033141 0.031339 0.028818 0.056980
