0 0.964234 0.019928 0.036496 0.036232
0 0.009489 0.048913 0.018978 0.039855
0 0.394891 0.055254 0.030657 0.030797
0 0.502920 0.046196 0.036496 0.052536
0 0.551095 0.049819 0.030657 0.048913
0 0.425547 0.090580 0.062774 0.061594
0 0.610219 0.101449 0.049635 0.057971
0 0.732117 0.113225 0.048175 0.063406
0 0.351095 0.110507 0.030657 0.039855
0 0.208759 0.113225 0.032117 0.059783
0 0.518978 0.115036 0.054015 0.048913
0 0.311679 0.117754 0.036496 0.050725
0 0.671533 0.129529 0.046715 0.077899
0 0.988321 0.131341 0.020438 0.027174
0 0.096350 0.131341 0.026277 0.041667
0 0.816058 0.152174 0.032117 0.036232
0 0.385401 0.157609 0.037956 0.043478
0 0.256204 0.156703 0.048175 0.041667
0 0.062044 0.184783 0.051095 0.054348
0 0.124088 0.187500 0.043796 0.052536
0 0.818248 0.211957 0.045255 0.065217
0 0.712409 0.208333 0.046715 0.065217
0 0.286131 0.210145 0.040876 0.039855
0 0.224088 0.202899 0.048175 0.043478
0 0.167153 0.229167 0.042336 0.056159
0 0.782482 0.230978 0.029197 0.052536
0 0.329927 0.234601 0.029197 0.038043
0 0.088321 0.235507 0.048175 0.047101
0 0.508029 0.247283 0.040876 0.038043
0 0.363504 0.245471 0.037956 0.045290
0 0.413869 0.259964 0.042336 0.048913
0 0.208759 0.268116 0.049635 0.043478
0 0.616058 0.280797 0.040876 0.047101
0 0.465693 0.278080 0.040876 0.048913
0 0.308759 0.278986 0.042336 0.043478
0 0.823358 0.288043 0.043796 0.039855
0 0.519708 0.295290 0.052555 0.050725
0 0.024818 0.309783 0.040876 0.032609
0 0.080292 0.314312 0.052555 0.048913
0 0.413869 0.326993 0.036496 0.048913
0 0.152555 0.320652 0.048175 0.043478
0 0.573723 0.327899 0.046715 0.047101
0 0.835036 0.331522 0.046715 0.039855
0 0.483942 0.337862 0.021898 0.038043
0 0.316058 0.341486 0.030657 0.038043
0 0.353285 0.347826 0.043796 0.028986
0 0.039416 0.357790 0.049635 0.038043
0 0.237956 0.370471 0.046715 0.038043
0 0.397810 0.373188 0.039416 0.039855
0 0.702190 0.375906 0.046715 0.048913
0 0.837956 0.378623 0.040876 0.050725
0 0.882482 0.381341 0.027737 0.030797
0 0.510949 0.386775 0.052555 0.038043
0 0.352555 0.384058 0.033577 0.032609
0 0.141606 0.386775 0.049635 0.048913
0 0.793431 0.389493 0.045255 0.047101
0 0.575912 0.394928 0.039416 0.050725
0 0.313139 0.397645 0.036496 0.048913
0 0.918978 0.422101 0.042336 0.057971
0 0.385401 0.428442 0.035036 0.034420
0 0.238686 0.431159 0.051095 0.054348
0 0.032847 0.431159 0.036496 0.032609
0 0.729197 0.432065 0.042336 0.041667
0 0.486861 0.435688 0.036496 0.034420
0 0.174453 0.437500 0.036496 0.048913
0 0.316788 0.445652 0.040876 0.032609
0 0.779562 0.450181 0.032117 0.045290
0 0.545985 0.450181 0.043796 0.056159
0 0.362774 0.456522 0.027737 0.039855
0 0.647445 0.470109 0.045255 0.041667
0 0.109489 0.488225 0.061314 0.034420
0 0.586861 0.487319 0.035036 0.039855
0 0.279562 0.486413 0.030657 0.038043
0 0.173723 0.491848 0.049635 0.059783
0 0.727007 0.493659 0.052555 0.041667
0 0.399270 0.519928 0.054015 0.036232
0 0.479562 0.518116 0.030657 0.036232
0 0.337226 0.524457 0.040876 0.048913
0 0.620438 0.529891 0.052555 0.048913
0 0.866423 0.529891 0.039416 0.048913
0 0.548905 0.535326 0.055474 0.052536
0 0.683212 0.529891 0.049635 0.067029
0 0.036496 0.529891 0.040876 0.056159
0 0.278102 0.534420 0.042336 0.047101
0 0.227007 0.535326 0.045255 0.038043
0 0.816788 0.538043 0.033577 0.039855
0 0.773723 0.521739 0.040876 0.072464
0 0.989051 0.546196 0.018978 0.041667
0 0.905109 0.548913 0.029197 0.047101
0 0.510949 0.557971 0.037956 0.054348
0 0.168613 0.559783 0.039416 0.043478
0 0.108759 0.560688 0.048175 0.041667
0 0.386861 0.567029 0.058394 0.043478
0 0.835766 0.573370 0.021898 0.030797
0 0.616058 0.580616 0.043796 0.038043
0 0.044526 0.581522 0.027737 0.021739
0 0.310949 0.586051 0.046715 0.041667
0 0.754015 0.587862 0.033577 0.034420
0 0.906569 0.601449 0.026277 0.039855
0 0.227737 0.605072 0.043796 0.025362
0 0.986131 0.605978 0.024818 0.038043
0 0.145985 0.611413 0.035036 0.034420
0 0.798540 0.618659 0.055474 0.038043
0 0.516788 0.623188 0.049635 0.043478
0 0.081752 0.627717 0.055474 0.056159
0 0.872263 0.632246 0.051095 0.039855
0 0.632847 0.636775 0.048175 0.052536
0 0.188321 0.638587 0.037956 0.034420
0 0.573723 0.645833 0.049635 0.045290
0 0.966423 0.653080 0.037956 0.038043
0 0.239416 0.659420 0.037956 0.039855
0 0.136496 0.661232 0.039416 0.032609
0 0.340876 0.663949 0.036496 0.048913
0 0.429927 0.663043 0.048175 0.039855
0 0.840146 0.677536 0.033577 0.057971
0 0.693431 0.663949 0.064234 0.059783
0 0.021898 0.679348 0.037956 0.039855
0 0.929927 0.677536 0.046715 0.061594
0 0.289051 0.680254 0.043796 0.041667
0 0.081022 0.684783 0.027737 0.028986
0 0.888321 0.685688 0.027737 0.034420
0 0.729197 0.691123 0.036496 0.045290
0 0.543796 0.714674 0.048175 0.048913
0 0.213869 0.716486 0.042336 0.048913
0 0.411679 0.720109 0.043796 0.045290
0 0.989781 0.713768 0.020438 0.050725
0 0.794891 0.717391 0.051095 0.047101
0 0.037956 0.722826 0.046715 0.043478
0 0.877372 0.722826 0.043796 0.043478
0 0.472263 0.724638 0.042336 0.061594
0 0.618248 0.739130 0.033577 0.054348
0 0.324818 0.726449 0.051095 0.039855
0 0.129927 0.739130 0.040876 0.032609
0 0.567883 0.743659 0.032117 0.034420
0 0.270073 0.746377 0.040876 0.050725
0 0.170803 0.751812 0.035036 0.036232
0 0.827007 0.755435 0.036496 0.043478
0 0.660584 0.758152 0.045255 0.048913
0 0.933577 0.756341 0.045255 0.077899
0 0.714599 0.761775 0.042336 0.041667
0 0.384672 0.766304 0.042336 0.039855
0 0.981022 0.764493 0.035036 0.061594
0 0.591241 0.777174 0.032117 0.032609
0 0.043066 0.778080 0.039416 0.041667
0 0.778102 0.782609 0.035036 0.050725
0 0.208759 0.782609 0.052555 0.043478
0 0.446715 0.788949 0.043796 0.045290
0 0.118978 0.788949 0.033577 0.038043
0 0.161314 0.793478 0.039416 0.047101
0 0.819708 0.800725 0.030657 0.047101
0 0.629197 0.800725 0.026277 0.025362
0 0.663504 0.807971 0.030657 0.039855
0 0.274453 0.812500 0.032117 0.034420
0 0.574453 0.810688 0.039416 0.038043
0 0.726277 0.817935 0.042336 0.045290
0 0.098540 0.817935 0.039416 0.027174
0 0.042336 0.824275 0.040876 0.036232
0 0.387591 0.823370 0.036496 0.052536
0 0.978102 0.822464 0.040876 0.047101
0 0.494891 0.827899 0.055474 0.050725
0 0.932117 0.838768 0.039416 0.047101
0 0.774453 0.844203 0.033577 0.047101
0 0.673723 0.847826 0.045255 0.036232
0 0.159854 0.850543 0.039416 0.045290
0 0.083942 0.860507 0.039416 0.047101
0 0.418978 0.852355 0.026277 0.045290
0 0.270073 0.864130 0.052555 0.050725
0 0.832847 0.865942 0.054015 0.050725
0 0.326277 0.867754 0.036496 0.032609
0 0.616788 0.869565 0.039416 0.028986
0 0.459124 0.866848 0.030657 0.052536
0 0.040876 0.878623 0.037956 0.036232
0 0.501460 0.879529 0.042336 0.045290
0 0.894891 0.884058 0.035036 0.028986
0 0.681752 0.881341 0.046715 0.030797
0 0.204380 0.885870 0.037956 0.061594
0 0.774453 0.893116 0.030657 0.032609
0 0.640146 0.899457 0.036496 0.052536
0 0.057664 0.903080 0.036496 0.030797
0 0.964234 0.905797 0.039416 0.057971
0 0.367153 0.923007 0.030657 0.041667
0 0.310949 0.925725 0.029197 0.039855
0 0.820438 0.932971 0.043796 0.039855
0 0.132847 0.933877 0.035036 0.041667
0 0.400730 0.938406 0.030657 0.039855
0 0.503650 0.937500 0.040876 0.038043
0 0.450365 0.942935 0.030657 0.074275
0 0.575912 0.951087 0.051095 0.050725
0 0.770073 0.958333 0.036496 0.061594
0 0.087591 0.962862 0.040876 0.056159
0 0.622628 0.971920 0.036496 0.052536
0 0.354745 0.979167 0.040876 0.041667
0 0.737956 0.979167 0.027737 0.041667
0 0.821168 0.982790 0.027737 0.030797
0 0.303650 0.989130 0.037956 0.021739
0 0.542336 0.988225 0.030657 0.023551
0 0.151825 0.135870 0.046715 0.050725
0 0.265693 0.104167 0.049635 0.070652
0 0.043796 0.473732 0.029197 0.030797
0 0.232117 0.921196 0.043796 0.052536
0 0.552555 0.211957 0.051095 0.043478
0 0.875912 0.251812 0.040876 0.057971
0 0.947445 0.506341 0.035036 0.070652
0 0.947445 0.603261 0.037956 0.072464
0 0.313139 0.057971 0.027737 0.028986
0 0.982482 0.967391 0.035036 0.043478
0 0.643796 0.344203 0.032117 0.036232
0 0.677372 0.325181 0.032117 0.045290
0 0.643066 0.400362 0.048175 0.039855
0 0.662044 0.423913 0.033577 0.028986
0 0.027007 0.230072 0.051095 0.043478
0 0.633577 0.207428 0.023358 0.027174
0 0.656934 0.230072 0.037956 0.054348
0 0.611679 0.190217 0.049635 0.054348
