0 0.033485 0.049682 0.035187 0.045860
0 0.076617 0.042038 0.030647 0.056051
0 0.110670 0.108280 0.030647 0.035669
0 0.128831 0.201274 0.044268 0.048408
0 0.147560 0.222293 0.036322 0.044586
0 0.258797 0.132484 0.040863 0.045860
0 0.287741 0.164968 0.041998 0.042038
0 0.228150 0.056688 0.040863 0.039490
0 0.206016 0.091083 0.028377 0.044586
0 0.287174 0.056051 0.040863 0.050955
0 0.314415 0.036943 0.034052 0.045860
0 0.337684 0.075796 0.039728 0.039490
0 0.377980 0.133121 0.045403 0.034395
0 0.353008 0.031847 0.031782 0.040764
0 0.055051 0.333758 0.037457 0.033121
0 0.045970 0.421656 0.037457 0.038217
0 0.082860 0.471338 0.036322 0.061146
0 0.061294 0.565605 0.043133 0.040764
0 0.074915 0.655414 0.040863 0.059873
0 0.089103 0.243312 0.035187 0.045860
0 0.731555 0.064331 0.039728 0.059873
0 0.793417 0.031847 0.036322 0.050955
0 0.817821 0.159236 0.037457 0.048408
0 0.942679 0.266242 0.044268 0.043312
0 0.895573 0.306369 0.038593 0.049682
0 0.908059 0.370064 0.036322 0.047134
0 0.924518 0.419108 0.035187 0.048408
0 0.888195 0.438854 0.039728 0.036943
0 0.880250 0.482166 0.046538 0.049682
0 0.892168 0.528025 0.036322 0.052229
0 0.825766 0.941401 0.046538 0.050955
0 0.871169 0.921656 0.037457 0.049682
0 0.807605 0.805732 0.039728 0.044586
0 0.846198 0.760510 0.026107 0.035669
0 0.958570 0.719108 0.051078 0.052229
0 0.857548 0.700000 0.032917 0.044586
0 0.923383 0.658599 0.046538 0.053503
0 0.881952 0.666242 0.029512 0.063694
0 0.881952 0.033758 0.040863 0.047134
0 0.851873 0.094268 0.051078 0.022930
0 0.682747 0.570701 0.032917 0.043312
0 0.780931 0.635032 0.031782 0.039490
0 0.927355 0.861146 0.054484 0.071338
0 0.540863 0.926752 0.039728 0.057325
0 0.661748 0.059873 0.040863 0.040764
0 0.448922 0.380255 0.026107 0.036943
0 0.585698 0.429299 0.022701 0.028025
0 0.597049 0.415287 0.024972 0.028025
0 0.067537 0.381529 0.030647 0.044586
0 0.960840 0.175159 0.035187 0.049682
0 0.569240 0.982803 0.044268 0.036943
0 0.910897 0.789172 0.028377 0.044586
0 0.877980 0.802548 0.030647 0.025478
0 0.055051 0.237580 0.039728 0.031847
0 0.866061 0.173885 0.031782 0.031847
0 0.913734 0.187898 0.038593 0.062420
0 0.113507 0.161146 0.038593 0.036943
0 0.028944 0.372611 0.030647 0.036943
0 0.045970 0.488535 0.032917 0.047134
0 0.173666 0.865605 0.034052 0.036943
0 0.197503 0.985350 0.045403 0.031847
0 0.018161 0.596815 0.038593 0.075159
0 0.937571 0.494268 0.024972 0.033121
0 0.961975 0.601911 0.035187 0.034395
0 0.939274 0.327389 0.030647 0.030573
0 0.638479 0.149682 0.021566 0.044586
0 0.637344 0.018471 0.039728 0.034395
0 0.874007 0.561783 0.015891 0.040764
0 0.297957 0.424204 0.026107 0.038217
0 0.299659 0.466879 0.022701 0.019108
0 0.969353 0.554777 0.027242 0.049682
0 0.039160 0.195541 0.028377 0.031847
0 0.969921 0.377070 0.032917 0.033121
0 0.193530 0.026115 0.032917 0.049682
0 0.080023 0.611465 0.030647 0.043312
0 0.016459 0.340764 0.030647 0.036943
0 0.194665 0.208917 0.026107 0.028025
0 0.188422 0.151592 0.027242 0.025478
0 0.010783 0.183439 0.021566 0.040764
0 0.013621 0.508917 0.024972 0.044586
0 0.010783 0.445860 0.019296 0.053503
0 0.517594 0.326752 0.027242 0.031847
0 0.581158 0.354140 0.027242 0.030573
0 0.942679 0.903822 0.019296 0.031847
0 0.082860 0.319745 0.022701 0.025478
0 0.074347 0.292357 0.048808 0.026752
0 0.470488 0.571338 0.051078 0.034395
0 0.432463 0.466242 0.031782 0.022930
0 0.549376 0.364968 0.022701 0.031847
0 0.536890 0.387261 0.027242 0.020382
0 0.603292 0.173885 0.023837 0.047134
0 0.586266 0.138217 0.019296 0.039490
0 0.654370 0.540764 0.028377 0.062420
0 0.610102 0.565605 0.037457 0.030573
0 0.812713 0.986624 0.040863 0.026752
0 0.711691 0.979618 0.015891 0.028025
0 0.676504 0.714650 0.022701 0.035669
0 0.990919 0.661783 0.018161 0.047134
0 0.293417 0.238854 0.019296 0.021656
0 0.345062 0.882803 0.029512 0.022930
0 0.322361 0.862420 0.027242 0.025478
0 0.517026 0.980892 0.017026 0.035669
0 0.325766 0.208917 0.024972 0.022930
0 0.598184 0.066879 0.020431 0.021656
0 0.339387 0.912739 0.029512 0.021656
0 0.737230 0.990446 0.039728 0.021656
0 0.328604 0.156051 0.023837 0.031847
1 0.701476 0.673248 0.018161 0.021656
1 0.786039 0.686624 0.019296 0.025478
1 0.115778 0.913376 0.024972 0.020382
1 0.626561 0.933758 0.024972 0.028025
1 0.667991 0.651592 0.017026 0.019108
1 0.254257 0.842675 0.018161 0.019108
1 0.230988 0.894904 0.023837 0.014013
1 0.506810 0.499363 0.019296 0.020382
1 0.670829 0.328025 0.022701 0.031847
1 0.053916 0.958599 0.026107 0.024204
1 0.291146 0.963057 0.019296 0.020382
1 0.379682 0.897452 0.021566 0.019108
1 0.460840 0.961783 0.013621 0.015287
1 0.262770 0.963694 0.021566 0.019108
1 0.018729 0.813376 0.023837 0.021656
1 0.094779 0.989172 0.017026 0.021656
3 0.195233 0.389809 0.154370 0.160510
3 0.505108 0.085350 0.172531 0.160510
3 0.666856 0.910828 0.101022 0.084076
3 0.299659 0.340764 0.115778 0.141401
3 0.707151 0.185987 0.120318 0.132484
3 0.774688 0.271975 0.185017 0.179618
3 0.626561 0.259873 0.118048 0.104459
3 0.286606 0.727389 0.101022 0.114650
3 0.188422 0.651592 0.181612 0.228025
3 0.492054 0.759236 0.359818 0.369427
3 0.734393 0.896178 0.095346 0.133758
3 0.195233 0.508280 0.095346 0.091720
3 0.305902 0.548408 0.119183 0.138854
3 0.463678 0.270701 0.219069 0.217834
3 0.456867 0.516561 0.073780 0.062420
3 0.396141 0.421019 0.093076 0.100637
3 0.803065 0.396815 0.171396 0.171975
