0 0.318841 0.400568 0.188406 0.187500
0 0.152174 0.545455 0.188406 0.181818
0 0.550725 0.090909 0.130435 0.136364
1 0.344203 0.838068 0.094203 0.119318
1 0.434783 0.676136 0.130435 0.068182
1 0.594203 0.681818 0.072464 0.056818
1 0.952899 0.633523 0.094203 0.073864
1 0.851449 0.931818 0.137681 0.113636
2 0.655797 0.508523 0.181159 0.107955
2 0.543478 0.786932 0.173913 0.119318
2 0.101449 0.889205 0.144928 0.107955
2 0.739130 0.792614 0.159420 0.119318
2 0.858696 0.727273 0.166667 0.136364
2 0.199275 0.147727 0.166667 0.170455
2 0.373188 0.161932 0.137681 0.130682
2 0.717391 0.139205 0.188406 0.153409
2 0.833333 0.068182 0.159420 0.113636
2 0.934783 0.232955 0.115942 0.170455
