0 0.167121 0.120809 0.027248 0.054335
0 0.202997 0.145665 0.020890 0.036994
0 0.237511 0.112717 0.020890 0.038150
0 0.271571 0.093064 0.025431 0.035838
0 0.273388 0.061272 0.023615 0.030058
0 0.296094 0.182081 0.030881 0.038150
0 0.322434 0.204046 0.018165 0.026590
0 0.298819 0.267630 0.023615 0.026590
0 0.400999 0.300000 0.028156 0.031214
0 0.422797 0.243931 0.026340 0.039306
0 0.483651 0.232370 0.022707 0.032370
0 0.450954 0.213873 0.028156 0.046243
0 0.467757 0.161272 0.025431 0.033526
0 0.498183 0.156069 0.022707 0.034682
0 0.456403 0.123121 0.037239 0.038150
0 0.376930 0.337572 0.023615 0.030058
0 0.244777 0.276301 0.028156 0.034682
0 0.246594 0.184393 0.020890 0.040462
0 0.225704 0.170520 0.028156 0.035838
0 0.149864 0.226590 0.030881 0.036994
0 0.132153 0.273410 0.024523 0.040462
0 0.390100 0.547399 0.035422 0.042775
0 0.410990 0.523121 0.026340 0.038150
0 0.441417 0.514451 0.023615 0.032370
0 0.460490 0.552601 0.018165 0.025434
0 0.493188 0.535260 0.025431 0.034682
0 0.503633 0.567052 0.022707 0.028902
0 0.534968 0.601734 0.030881 0.026590
0 0.480472 0.604046 0.029064 0.033526
0 0.434605 0.627168 0.037239 0.026590
0 0.418256 0.666474 0.028156 0.038150
0 0.464124 0.652023 0.030881 0.036994
0 0.494550 0.663006 0.022707 0.035838
0 0.538601 0.695954 0.023615 0.027746
0 0.605813 0.653757 0.027248 0.024277
0 0.636694 0.630058 0.027248 0.025434
0 0.696185 0.611561 0.026340 0.034682
0 0.341508 0.731214 0.027248 0.028902
0 0.369664 0.692486 0.029064 0.025434
0 0.313351 0.667052 0.027248 0.032370
0 0.281562 0.702312 0.025431 0.038150
0 0.301544 0.760694 0.029064 0.034682
0 0.315168 0.795376 0.030881 0.039306
0 0.365577 0.855491 0.029973 0.025434
0 0.386467 0.879191 0.020890 0.042775
0 0.295186 0.860694 0.029064 0.033526
0 0.267938 0.872254 0.029064 0.035838
0 0.239782 0.714451 0.029064 0.027746
0 0.206176 0.687861 0.023615 0.020809
0 0.190282 0.653179 0.026340 0.036994
0 0.266576 0.372832 0.029973 0.045087
0 0.261126 0.413873 0.020890 0.036994
0 0.293824 0.451445 0.019074 0.038150
0 0.326067 0.454335 0.025431 0.036994
0 0.356040 0.430058 0.023615 0.030058
0 0.381471 0.453757 0.029064 0.033526
0 0.237965 0.428902 0.023615 0.032370
0 0.251589 0.482081 0.029064 0.050867
0 0.264305 0.528324 0.021798 0.025434
0 0.292461 0.509827 0.029064 0.048555
0 0.292007 0.569364 0.024523 0.040462
0 0.323342 0.576879 0.023615 0.027746
0 0.325159 0.514451 0.030881 0.032370
0 0.212534 0.571676 0.030881 0.031214
0 0.222525 0.528902 0.018165 0.024277
0 0.200727 0.505202 0.036331 0.036994
0 0.168937 0.548555 0.023615 0.026590
0 0.111262 0.587283 0.040872 0.039306
0 0.147139 0.612717 0.025431 0.027746
0 0.099001 0.638728 0.027248 0.028902
0 0.157130 0.665318 0.023615 0.033526
0 0.352861 0.886127 0.028156 0.040462
0 0.376476 0.947399 0.026340 0.028902
0 0.405540 0.906358 0.015441 0.039306
0 0.464124 0.909249 0.030881 0.031214
0 0.500454 0.900000 0.025431 0.028902
0 0.280654 0.926590 0.038147 0.045087
0 0.230245 0.939306 0.033606 0.047399
0 0.302906 0.890751 0.019074 0.017341
0 0.561762 0.907514 0.026340 0.034682
0 0.590372 0.965318 0.023615 0.027746
0 0.511807 0.965318 0.028156 0.036994
0 0.484559 0.979769 0.024523 0.038150
0 0.449137 0.978613 0.024523 0.031214
0 0.356040 0.975145 0.029064 0.035838
0 0.191190 0.895376 0.028156 0.031214
0 0.145777 0.954335 0.024523 0.047399
0 0.173933 0.973988 0.020890 0.042775
0 0.117620 0.966474 0.020890 0.036994
0 0.124886 0.878035 0.031789 0.049711
0 0.158492 0.856647 0.020890 0.030058
0 0.224342 0.828324 0.036331 0.033526
0 0.210263 0.801734 0.022707 0.031214
0 0.240236 0.777457 0.028156 0.026590
0 0.252498 0.756647 0.021798 0.026590
0 0.202543 0.766474 0.029064 0.039306
0 0.103996 0.763006 0.028156 0.039306
0 0.104450 0.712139 0.027248 0.030058
0 0.088102 0.680925 0.027248 0.027746
0 0.047684 0.658960 0.029973 0.030058
0 0.019528 0.693642 0.029973 0.041618
0 0.058129 0.776301 0.032698 0.038150
0 0.076748 0.810405 0.026340 0.027746
0 0.094460 0.846821 0.027248 0.031214
0 0.070845 0.885549 0.039964 0.043931
0 0.039055 0.864162 0.016349 0.035838
0 0.014986 0.806936 0.026340 0.039306
0 0.020890 0.752023 0.018165 0.028902
0 0.148501 0.708092 0.028156 0.028902
0 0.013170 0.649133 0.019074 0.035838
0 0.010445 0.580347 0.015441 0.036994
0 0.030881 0.487283 0.029064 0.047399
0 0.619437 0.525434 0.021798 0.028902
0 0.657130 0.465896 0.028156 0.036994
0 0.623524 0.467052 0.022707 0.030058
0 0.588102 0.449133 0.022707 0.026590
0 0.582652 0.418497 0.029973 0.023121
0 0.591281 0.494220 0.025431 0.031214
0 0.588556 0.522543 0.019982 0.023121
0 0.414623 0.342197 0.020890 0.027746
0 0.447321 0.356069 0.020890 0.030058
0 0.443233 0.384971 0.023615 0.030058
0 0.752498 0.543931 0.029973 0.031214
0 0.785195 0.509827 0.028156 0.032370
0 0.774750 0.486127 0.032698 0.035838
0 0.834696 0.485549 0.027248 0.032370
0 0.628520 0.578035 0.032698 0.039306
0 0.648501 0.543931 0.021798 0.024277
0 0.705722 0.687283 0.025431 0.028902
0 0.751589 0.683815 0.028156 0.033526
0 0.745686 0.756647 0.023615 0.031214
0 0.716621 0.775145 0.029064 0.031214
0 0.683470 0.810983 0.026340 0.028902
0 0.615350 0.828324 0.026340 0.040462
0 0.603996 0.757225 0.027248 0.036994
0 0.604905 0.725434 0.021798 0.026590
0 0.569028 0.779191 0.026340 0.039306
0 0.537239 0.784393 0.020890 0.031214
0 0.576294 0.836416 0.026340 0.028902
0 0.509537 0.821387 0.029064 0.031214
0 0.868756 0.763584 0.031789 0.042775
0 0.916440 0.702890 0.023615 0.032370
0 0.866485 0.684971 0.025431 0.035838
0 0.801998 0.731214 0.025431 0.035838
0 0.797003 0.786127 0.026340 0.036994
0 0.830609 0.794220 0.024523 0.032370
0 0.759310 0.799422 0.025431 0.031214
0 0.746140 0.961850 0.035422 0.046243
0 0.782016 0.959538 0.032698 0.046243
0 0.825613 0.968208 0.023615 0.033526
0 0.767030 0.898266 0.031789 0.030058
0 0.678474 0.854335 0.023615 0.027746
0 0.628520 0.870520 0.029064 0.039306
0 0.914169 0.576301 0.026340 0.047399
0 0.880563 0.621387 0.033606 0.042775
0 0.939146 0.594220 0.018165 0.030058
0 0.966848 0.610405 0.026340 0.048555
0 0.923706 0.635260 0.023615 0.035838
0 0.952770 0.696532 0.016349 0.033526
0 0.682561 0.397688 0.024523 0.034682
0 0.696185 0.361850 0.015441 0.027746
0 0.712080 0.316185 0.027248 0.031214
0 0.754768 0.298266 0.027248 0.027746
0 0.801998 0.302890 0.025431 0.032370
0 0.869664 0.320809 0.040872 0.045087
0 0.874659 0.432370 0.021798 0.034682
0 0.688465 0.278035 0.029064 0.052023
0 0.718438 0.246243 0.025431 0.030058
0 0.733424 0.221387 0.017257 0.024277
0 0.746594 0.187283 0.027248 0.032370
0 0.784741 0.191908 0.025431 0.039306
0 0.665304 0.304624 0.029973 0.040462
0 0.637602 0.320809 0.021798 0.019653
0 0.630336 0.372832 0.027248 0.035838
0 0.788828 0.083237 0.031789 0.041618
0 0.759310 0.102890 0.025431 0.032370
0 0.742507 0.073410 0.019074 0.031214
0 0.770663 0.153179 0.019074 0.024277
0 0.866485 0.077457 0.039964 0.032370
0 0.839691 0.055491 0.024523 0.027746
0 0.842416 0.274566 0.022707 0.038150
0 0.827884 0.244509 0.022707 0.028902
0 0.869664 0.272832 0.031789 0.041618
0 0.920527 0.319653 0.035422 0.038150
0 0.893733 0.398844 0.019982 0.020809
0 0.928701 0.371676 0.031789 0.031214
0 0.950954 0.336416 0.025431 0.032370
0 0.981835 0.305780 0.025431 0.031214
0 0.984559 0.349711 0.030881 0.038150
0 0.992280 0.261850 0.015441 0.040462
0 0.937330 0.163584 0.032698 0.038150
0 0.964124 0.134682 0.031789 0.028902
0 0.937784 0.119653 0.039055 0.049711
0 0.483197 0.093642 0.027248 0.034682
0 0.519074 0.076301 0.022707 0.030058
0 0.555404 0.080347 0.024523 0.033526
0 0.599455 0.054913 0.019982 0.021965
0 0.504541 0.038728 0.022707 0.031214
0 0.455495 0.015029 0.020890 0.025434
0 0.406903 0.035838 0.027248 0.034682
0 0.098547 0.244509 0.028156 0.031214
0 0.078111 0.282081 0.019982 0.027746
0 0.054950 0.319653 0.019074 0.024277
0 0.113079 0.385549 0.031789 0.040462
0 0.222979 0.331792 0.020890 0.030058
0 0.210263 0.352601 0.020890 0.032370
0 0.184832 0.387861 0.026340 0.035838
0 0.155313 0.367630 0.025431 0.032370
0 0.136240 0.407514 0.021798 0.019653
0 0.920073 0.079769 0.041780 0.048555
0 0.900999 0.051445 0.038147 0.028902
0 0.949591 0.289017 0.008174 0.009249
0 0.880109 0.217919 0.016349 0.017341
0 0.923706 0.217919 0.027248 0.021965
0 0.900545 0.232948 0.022707 0.026590
0 0.861944 0.010405 0.029064 0.018497
0 0.984105 0.039884 0.024523 0.038150
0 0.973660 0.079191 0.021798 0.035838
0 0.903724 0.519075 0.034514 0.039306
0 0.728429 0.650867 0.025431 0.025434
0 0.749319 0.589595 0.023615 0.023121
0 0.321980 0.709827 0.024523 0.018497
0 0.048592 0.032948 0.024523 0.038150
0 0.078111 0.021387 0.018165 0.035838
0 0.022707 0.158960 0.025431 0.028902
2 0.346049 0.191908 0.021798 0.034682
