1 0.670124 0.524621 0.095436 0.071970
2 0.060166 0.196970 0.112033 0.113636
2 0.051867 0.308712 0.095436 0.109848
2 0.209544 0.202652 0.103734 0.109848
2 0.226141 0.320076 0.112033 0.117424
2 0.329876 0.365530 0.145228 0.125000
2 0.226141 0.448864 0.120332 0.102273
2 0.404564 0.242424 0.103734 0.121212
2 0.485477 0.352273 0.141079 0.121212
2 0.551867 0.481061 0.116183 0.128788
2 0.261411 0.573864 0.099585 0.064394
2 0.265560 0.653409 0.107884 0.094697
2 0.375519 0.651515 0.070539 0.098485
2 0.495851 0.598485 0.112033 0.106061
2 0.462656 0.704545 0.112033 0.121212
2 0.311203 0.782197 0.132780 0.125000
2 0.483402 0.825758 0.120332 0.113636
2 0.624481 0.255682 0.136929 0.117424
2 0.672199 0.151515 0.116183 0.113636
2 0.798755 0.242424 0.112033 0.098485
2 0.933610 0.500000 0.116183 0.090909
2 0.792531 0.558712 0.124481 0.094697
2 0.479253 0.136364 0.112033 0.113636
2 0.595436 0.075758 0.078838 0.075758
2 0.587137 0.873106 0.095436 0.102273
2 0.925311 0.886364 0.116183 0.098485
2 0.786307 0.873106 0.087137 0.079545
2 0.574689 0.755682 0.070539 0.087121
2 0.520747 0.935606 0.095436 0.075758
