0 0.171000 0.418000 0.086000 0.052000
0 0.167000 0.508000 0.074000 0.052000
0 0.097000 0.605000 0.058000 0.054000
0 0.122000 0.686000 0.060000 0.084000
0 0.274000 0.700000 0.064000 0.068000
0 0.226000 0.778000 0.060000 0.056000
0 0.123000 0.859000 0.062000 0.082000
0 0.240000 0.871000 0.076000 0.058000
0 0.316000 0.878000 0.064000 0.068000
0 0.366000 0.907000 0.056000 0.062000
0 0.443000 0.884000 0.066000 0.068000
0 0.522000 0.859000 0.072000 0.058000
0 0.588000 0.897000 0.052000 0.062000
0 0.682000 0.892000 0.048000 0.072000
0 0.835000 0.889000 0.054000 0.062000
0 0.639000 0.807000 0.062000 0.070000
0 0.578000 0.823000 0.052000 0.066000
0 0.633000 0.737000 0.062000 0.054000
0 0.616000 0.685000 0.052000 0.066000
0 0.773000 0.739000 0.078000 0.086000
0 0.809000 0.826000 0.070000 0.060000
0 0.492000 0.736000 0.064000 0.080000
0 0.433000 0.780000 0.070000 0.056000
0 0.435000 0.694000 0.054000 0.060000
0 0.397000 0.625000 0.082000 0.054000
0 0.510000 0.641000 0.036000 0.058000
0 0.389000 0.559000 0.062000 0.058000
0 0.456000 0.577000 0.052000 0.054000
0 0.531000 0.505000 0.074000 0.058000
0 0.588000 0.602000 0.068000 0.048000
0 0.523000 0.578000 0.066000 0.052000
0 0.471000 0.511000 0.038000 0.054000
0 0.283000 0.327000 0.050000 0.054000
0 0.439000 0.236000 0.066000 0.056000
0 0.419000 0.374000 0.058000 0.068000
0 0.438000 0.300000 0.068000 0.060000
0 0.233000 0.455000 0.054000 0.042000
0 0.240000 0.518000 0.048000 0.068000
0 0.300000 0.498000 0.060000 0.084000
0 0.267000 0.826000 0.066000 0.052000
0 0.357000 0.811000 0.050000 0.058000
0 0.344000 0.756000 0.048000 0.052000
0 0.368000 0.701000 0.060000 0.062000
0 0.313000 0.671000 0.058000 0.066000
0 0.496000 0.923000 0.056000 0.062000
0 0.593000 0.201000 0.050000 0.070000
0 0.637000 0.417000 0.082000 0.066000
0 0.644000 0.353000 0.072000 0.070000
0 0.600000 0.286000 0.048000 0.040000
0 0.714000 0.414000 0.072000 0.064000
0 0.701000 0.471000 0.074000 0.046000
0 0.757000 0.528000 0.066000 0.064000
0 0.624000 0.503000 0.064000 0.066000
0 0.700000 0.533000 0.056000 0.046000
0 0.734000 0.376000 0.056000 0.044000
0 0.786000 0.406000 0.048000 0.056000
0 0.883000 0.389000 0.070000 0.062000
0 0.900000 0.492000 0.064000 0.060000
0 0.836000 0.463000 0.056000 0.062000
0 0.684000 0.249000 0.048000 0.054000
0 0.635000 0.202000 0.042000 0.100000
0 0.417000 0.474000 0.050000 0.040000
0 0.451000 0.455000 0.050000 0.042000
0 0.905000 0.848000 0.050000 0.052000
0 0.849000 0.971000 0.062000 0.046000
0 0.611000 0.963000 0.074000 0.074000
0 0.500000 0.197000 0.060000 0.054000
0 0.538000 0.258000 0.068000 0.068000
0 0.368000 0.282000 0.052000 0.052000
0 0.320000 0.293000 0.044000 0.058000
0 0.083000 0.543000 0.058000 0.078000
0 0.870000 0.540000 0.060000 0.072000
0 0.926000 0.544000 0.036000 0.052000
0 0.935000 0.600000 0.038000 0.052000
0 0.890000 0.622000 0.044000 0.064000
0 0.953000 0.436000 0.050000 0.044000
0 0.969000 0.405000 0.054000 0.046000
0 0.973000 0.333000 0.042000 0.074000
0 0.728000 0.865000 0.048000 0.074000
0 0.744000 0.648000 0.060000 0.072000
0 0.493000 0.381000 0.050000 0.058000
0 0.244000 0.929000 0.068000 0.054000
0 0.096000 0.973000 0.076000 0.054000
0 0.855000 0.716000 0.050000 0.076000
0 0.950000 0.819000 0.040000 0.082000
0 0.899000 0.314000 0.086000 0.056000
0 0.831000 0.669000 0.078000 0.050000
0 0.911000 0.733000 0.050000 0.050000
0 0.899000 0.800000 0.042000 0.052000
0 0.886000 0.897000 0.044000 0.062000
0 0.079000 0.847000 0.046000 0.074000
0 0.168000 0.916000 0.064000 0.048000
0 0.194000 0.723000 0.076000 0.054000
0 0.624000 0.883000 0.048000 0.062000
0 0.273000 0.582000 0.054000 0.068000
0 0.711000 0.951000 0.082000 0.066000
0 0.300000 0.387000 0.064000 0.054000
0 0.155000 0.462000 0.062000 0.044000
0 0.692000 0.197000 0.056000 0.034000
0 0.215000 0.590000 0.042000 0.040000
0 0.332000 0.573000 0.044000 0.038000
0 0.496000 0.281000 0.044000 0.046000
0 0.487000 0.334000 0.050000 0.040000
0 0.818000 0.502000 0.036000 0.036000
0 0.979000 0.888000 0.038000 0.064000
0 0.110000 0.484000 0.056000 0.064000
0 0.897000 0.435000 0.046000 0.038000
1 0.084000 0.125000 0.036000 0.046000
1 0.019000 0.083000 0.042000 0.046000
1 0.426000 0.122000 0.048000 0.032000
1 0.556000 0.029000 0.040000 0.030000
1 0.262000 0.147000 0.040000 0.030000
1 0.154000 0.153000 0.048000 0.054000
1 0.061000 0.404000 0.038000 0.040000
1 0.105000 0.250000 0.030000 0.028000
1 0.984000 0.078000 0.032000 0.032000
1 0.204000 0.115000 0.028000 0.030000
1 0.309000 0.012000 0.042000 0.024000
1 0.219000 0.019000 0.026000 0.030000
1 0.033000 0.704000 0.030000 0.040000
1 0.923000 0.156000 0.022000 0.020000
