1 0.155273 0.013672 0.037109 0.027344
1 0.392578 0.027344 0.039062 0.031250
1 0.152344 0.046875 0.031250 0.023438
1 0.653320 0.051758 0.041016 0.037109
1 0.778320 0.058594 0.029297 0.039062
1 0.268555 0.060547 0.033203 0.027344
1 0.017578 0.062500 0.035156 0.035156
1 0.534180 0.073242 0.033203 0.037109
1 0.200195 0.082031 0.033203 0.027344
1 0.695312 0.093750 0.035156 0.039062
1 0.798828 0.097656 0.031250 0.050781
1 0.726562 0.103516 0.023438 0.042969
1 0.844727 0.137695 0.021484 0.041016
1 0.812500 0.135742 0.031250 0.033203
1 0.533203 0.138672 0.027344 0.023438
1 0.867188 0.144531 0.023438 0.027344
1 0.508789 0.151367 0.029297 0.025391
1 0.325195 0.153320 0.025391 0.033203
1 0.893555 0.190430 0.033203 0.037109
1 0.354492 0.216797 0.021484 0.035156
1 0.840820 0.215820 0.037109 0.037109
1 0.646484 0.216797 0.031250 0.035156
1 0.029297 0.217773 0.039062 0.044922
1 0.683594 0.223633 0.031250 0.041016
1 0.915039 0.239258 0.033203 0.029297
1 0.596680 0.254883 0.033203 0.041016
1 0.396484 0.260742 0.027344 0.041016
1 0.508789 0.284180 0.048828 0.033203
1 0.173828 0.326172 0.039062 0.023438
1 0.942383 0.333008 0.033203 0.033203
1 0.386719 0.333008 0.035156 0.044922
1 0.264648 0.353516 0.033203 0.035156
1 0.114258 0.352539 0.033203 0.021484
1 0.807617 0.355469 0.037109 0.031250
1 0.589844 0.372070 0.042969 0.041016
1 0.017578 0.375000 0.031250 0.031250
1 0.438477 0.382812 0.029297 0.027344
1 0.708984 0.394531 0.031250 0.031250
1 0.049805 0.418945 0.033203 0.037109
1 0.390625 0.425781 0.027344 0.027344
1 0.286133 0.429688 0.029297 0.042969
1 0.502930 0.441406 0.033203 0.039062
1 0.682617 0.456055 0.033203 0.021484
1 0.758789 0.494141 0.033203 0.035156
1 0.546875 0.508789 0.042969 0.041016
1 0.290039 0.541992 0.033203 0.033203
1 0.473633 0.570312 0.033203 0.031250
1 0.680664 0.574219 0.025391 0.031250
1 0.721680 0.579102 0.033203 0.037109
1 0.392578 0.585938 0.039062 0.035156
1 0.596680 0.596680 0.029297 0.033203
1 0.347656 0.635742 0.023438 0.025391
1 0.934570 0.642578 0.044922 0.035156
1 0.015625 0.652344 0.031250 0.031250
1 0.980469 0.661133 0.031250 0.033203
1 0.111328 0.685547 0.042969 0.058594
1 0.922852 0.710938 0.041016 0.039062
1 0.220703 0.719727 0.031250 0.029297
1 0.247070 0.735352 0.041016 0.041016
1 0.039062 0.749023 0.035156 0.029297
1 0.866211 0.788086 0.037109 0.033203
1 0.609375 0.795898 0.027344 0.033203
1 0.511719 0.796875 0.046875 0.031250
1 0.203125 0.818359 0.035156 0.027344
1 0.435547 0.827148 0.042969 0.033203
1 0.203125 0.848633 0.039062 0.033203
1 0.883789 0.863281 0.041016 0.039062
1 0.492188 0.875000 0.035156 0.046875
1 0.360352 0.878906 0.041016 0.031250
1 0.258789 0.885742 0.041016 0.041016
1 0.478516 0.904297 0.023438 0.027344
1 0.670898 0.906250 0.041016 0.035156
1 0.817383 0.920898 0.037109 0.029297
1 0.567383 0.945312 0.029297 0.035156
1 0.821289 0.967773 0.025391 0.041016
1 0.245117 0.970703 0.029297 0.035156
1 0.488281 0.017578 0.031250 0.035156
1 0.272461 0.018555 0.041016 0.033203
1 0.031250 0.020508 0.039062 0.033203
1 0.321289 0.025391 0.033203 0.035156
1 0.921875 0.026367 0.027344 0.033203
1 0.823242 0.038086 0.037109 0.029297
1 0.953125 0.040039 0.031250 0.037109
1 0.117188 0.044922 0.027344 0.039062
1 0.866211 0.043945 0.041016 0.033203
1 0.075195 0.044922 0.029297 0.035156
1 0.466797 0.050781 0.046875 0.039062
1 0.356445 0.050781 0.041016 0.039062
1 0.919922 0.063477 0.035156 0.033203
1 0.418945 0.078125 0.037109 0.050781
1 0.506836 0.080078 0.033203 0.035156
1 0.314453 0.084961 0.042969 0.041016
1 0.850586 0.083984 0.044922 0.035156
1 0.364258 0.096680 0.033203 0.037109
1 0.126953 0.098633 0.035156 0.033203
1 0.640625 0.101562 0.046875 0.031250
1 0.045898 0.103516 0.029297 0.039062
1 0.754883 0.108398 0.029297 0.037109
1 0.931641 0.107422 0.039062 0.039062
1 0.554688 0.120117 0.042969 0.025391
1 0.104492 0.144531 0.041016 0.031250
1 0.374023 0.145508 0.037109 0.033203
1 0.691406 0.148438 0.042969 0.035156
1 0.979492 0.158203 0.037109 0.039062
1 0.584961 0.160156 0.037109 0.031250
1 0.664062 0.174805 0.027344 0.029297
1 0.721680 0.179688 0.044922 0.035156
1 0.943359 0.193359 0.039062 0.035156
1 0.472656 0.196289 0.039062 0.037109
1 0.556641 0.197266 0.031250 0.046875
1 0.518555 0.199219 0.029297 0.042969
1 0.603516 0.206055 0.039062 0.037109
1 0.321289 0.212891 0.029297 0.035156
1 0.776367 0.214844 0.041016 0.039062
1 0.284180 0.217773 0.029297 0.041016
1 0.427734 0.223633 0.042969 0.037109
1 0.740234 0.248047 0.035156 0.039062
1 0.952148 0.248047 0.025391 0.039062
1 0.099609 0.252930 0.031250 0.033203
1 0.235352 0.254883 0.037109 0.037109
1 0.881836 0.258789 0.033203 0.037109
1 0.562500 0.263672 0.031250 0.042969
1 0.821289 0.266602 0.033203 0.029297
1 0.434570 0.269531 0.037109 0.035156
1 0.704102 0.270508 0.044922 0.033203
1 0.011719 0.271484 0.023438 0.035156
1 0.369141 0.272461 0.027344 0.037109
1 0.331055 0.274414 0.029297 0.033203
1 0.208984 0.286133 0.027344 0.044922
1 0.292969 0.291016 0.039062 0.042969
1 0.960938 0.292969 0.039062 0.035156
1 0.677734 0.309570 0.035156 0.033203
1 0.832031 0.315430 0.039062 0.033203
1 0.013672 0.314453 0.027344 0.027344
1 0.345703 0.320312 0.035156 0.035156
1 0.577148 0.320312 0.041016 0.035156
1 0.633789 0.325195 0.033203 0.041016
1 0.426758 0.326172 0.033203 0.039062
1 0.475586 0.332031 0.044922 0.027344
1 0.705078 0.333984 0.031250 0.031250
1 0.531250 0.337891 0.039062 0.031250
1 0.872070 0.354492 0.044922 0.048828
1 0.320312 0.354492 0.046875 0.037109
1 0.691406 0.376953 0.035156 0.027344
1 0.484375 0.378906 0.039062 0.042969
1 0.364258 0.381836 0.037109 0.033203
1 0.547852 0.381836 0.037109 0.033203
1 0.941406 0.381836 0.046875 0.033203
1 0.746094 0.383789 0.042969 0.041016
1 0.077148 0.388672 0.037109 0.042969
1 0.845703 0.388672 0.039062 0.031250
1 0.411133 0.396484 0.033203 0.035156
1 0.799805 0.407227 0.033203 0.029297
1 0.329102 0.412109 0.044922 0.039062
1 0.875977 0.413086 0.033203 0.029297
1 0.474609 0.419922 0.035156 0.031250
1 0.551758 0.423828 0.041016 0.039062
1 0.616211 0.422852 0.033203 0.041016
1 0.114258 0.423828 0.033203 0.035156
1 0.248047 0.423828 0.035156 0.031250
1 0.189453 0.430664 0.039062 0.037109
1 0.914062 0.432617 0.039062 0.033203
1 0.835938 0.434570 0.039062 0.029297
1 0.729492 0.432617 0.044922 0.041016
1 0.872070 0.452148 0.033203 0.029297
1 0.965820 0.450195 0.033203 0.037109
1 0.787109 0.452148 0.039062 0.041016
1 0.349609 0.453125 0.042969 0.031250
1 0.085938 0.463867 0.035156 0.037109
1 0.022461 0.468750 0.041016 0.046875
1 0.300781 0.488281 0.039062 0.031250
1 0.647461 0.487305 0.037109 0.037109
1 0.253906 0.491211 0.039062 0.041016
1 0.598633 0.495117 0.041016 0.037109
1 0.155273 0.497070 0.037109 0.037109
1 0.818359 0.495117 0.031250 0.033203
1 0.687500 0.501953 0.039062 0.035156
1 0.854492 0.503906 0.025391 0.035156
1 0.105469 0.506836 0.039062 0.037109
1 0.891602 0.513672 0.033203 0.042969
1 0.457031 0.517578 0.031250 0.046875
1 0.736328 0.514648 0.035156 0.037109
1 0.499023 0.519531 0.037109 0.042969
1 0.206055 0.519531 0.037109 0.046875
1 0.075195 0.531250 0.029297 0.042969
1 0.392578 0.532227 0.035156 0.044922
1 0.967773 0.537109 0.052734 0.039062
1 0.334961 0.536133 0.044922 0.044922
1 0.787109 0.541016 0.035156 0.039062
1 0.250000 0.549805 0.035156 0.041016
1 0.578125 0.550781 0.031250 0.050781
1 0.660156 0.552734 0.035156 0.031250
1 0.045898 0.552734 0.033203 0.039062
1 0.708008 0.557617 0.037109 0.029297
1 0.870117 0.561523 0.037109 0.033203
1 0.191406 0.567383 0.031250 0.033203
1 0.130859 0.569336 0.035156 0.033203
1 0.344727 0.575195 0.029297 0.033203
1 0.234375 0.579102 0.039062 0.033203
1 0.443359 0.583984 0.031250 0.035156
1 0.759766 0.588867 0.031250 0.037109
1 0.645508 0.595703 0.033203 0.039062
1 0.079102 0.594727 0.033203 0.037109
1 0.524414 0.596680 0.033203 0.033203
1 0.565430 0.599609 0.029297 0.035156
1 0.156250 0.600586 0.039062 0.029297
1 0.975586 0.606445 0.044922 0.029297
1 0.486328 0.619141 0.035156 0.039062
1 0.695312 0.619141 0.035156 0.027344
1 0.028320 0.623047 0.033203 0.035156
1 0.248047 0.628906 0.031250 0.039062
1 0.137695 0.627930 0.029297 0.029297
1 0.409180 0.635742 0.044922 0.048828
1 0.076172 0.632812 0.042969 0.031250
1 0.602539 0.639648 0.037109 0.037109
1 0.458008 0.642578 0.033203 0.035156
1 0.884766 0.642578 0.039062 0.039062
1 0.758789 0.654297 0.029297 0.035156
1 0.311523 0.655273 0.033203 0.048828
1 0.214844 0.658203 0.035156 0.027344
1 0.812500 0.661133 0.042969 0.041016
1 0.513672 0.666992 0.035156 0.037109
1 0.704102 0.674805 0.048828 0.048828
1 0.660156 0.685547 0.035156 0.050781
1 0.190430 0.693359 0.025391 0.031250
1 0.065430 0.698242 0.037109 0.037109
1 0.412109 0.698242 0.042969 0.041016
1 0.015625 0.708008 0.031250 0.037109
1 0.525391 0.711914 0.039062 0.037109
1 0.609375 0.712891 0.035156 0.039062
1 0.328125 0.716797 0.039062 0.042969
1 0.689453 0.721680 0.035156 0.044922
1 0.480469 0.731445 0.039062 0.029297
1 0.384766 0.737305 0.031250 0.033203
1 0.142578 0.738281 0.031250 0.039062
1 0.193359 0.743164 0.031250 0.033203
1 0.430664 0.746094 0.029297 0.031250
1 0.567383 0.749023 0.037109 0.041016
1 0.890625 0.747070 0.039062 0.037109
1 0.945312 0.757812 0.031250 0.042969
1 0.607422 0.758789 0.031250 0.025391
1 0.820312 0.775391 0.035156 0.035156
1 0.374023 0.780273 0.037109 0.033203
1 0.456055 0.783203 0.037109 0.039062
1 0.268555 0.787109 0.029297 0.039062
1 0.305664 0.789062 0.033203 0.039062
1 0.225586 0.790039 0.037109 0.037109
1 0.041992 0.791016 0.041016 0.031250
1 0.103516 0.796875 0.031250 0.039062
1 0.738281 0.793945 0.039062 0.029297
1 0.145508 0.800781 0.037109 0.042969
1 0.566406 0.803711 0.031250 0.033203
1 0.795898 0.810547 0.041016 0.046875
1 0.393555 0.823242 0.029297 0.037109
1 0.887695 0.825195 0.044922 0.041016
1 0.355469 0.835938 0.035156 0.031250
1 0.505859 0.837891 0.035156 0.039062
1 0.583984 0.839844 0.031250 0.039062
1 0.833008 0.839844 0.037109 0.035156
1 0.265625 0.838867 0.031250 0.033203
1 0.628906 0.848633 0.039062 0.041016
1 0.785156 0.854492 0.039062 0.037109
1 0.305664 0.857422 0.033203 0.046875
1 0.944336 0.860352 0.041016 0.037109
1 0.130859 0.865234 0.031250 0.035156
1 0.088867 0.877930 0.033203 0.029297
1 0.562500 0.882812 0.035156 0.035156
1 0.813477 0.883789 0.033203 0.037109
1 0.214844 0.893555 0.031250 0.033203
1 0.615234 0.894531 0.042969 0.039062
1 0.166992 0.899414 0.037109 0.041016
1 0.780273 0.903320 0.029297 0.041016
1 0.031250 0.909180 0.042969 0.029297
1 0.393555 0.921875 0.041016 0.035156
1 0.097656 0.924805 0.039062 0.037109
1 0.449219 0.925781 0.035156 0.039062
1 0.922852 0.925781 0.041016 0.050781
1 0.873047 0.929688 0.046875 0.042969
1 0.232422 0.936523 0.031250 0.037109
1 0.340820 0.937500 0.037109 0.035156
1 0.193359 0.943359 0.039062 0.042969
1 0.523438 0.944336 0.039062 0.037109
1 0.971680 0.945312 0.037109 0.031250
1 0.278320 0.947266 0.037109 0.039062
1 0.641602 0.950195 0.037109 0.041016
1 0.133789 0.957031 0.037109 0.035156
1 0.696289 0.958984 0.033203 0.050781
1 0.774414 0.958984 0.041016 0.046875
1 0.046875 0.960938 0.031250 0.042969
1 0.440430 0.969727 0.041016 0.033203
1 0.347656 0.982422 0.046875 0.035156
1 0.516602 0.982422 0.033203 0.031250
1 0.882812 0.985352 0.042969 0.029297
1 0.784180 0.308594 0.033203 0.035156
1 0.207031 0.178711 0.031250 0.041016
1 0.076172 0.840820 0.039062 0.033203
1 0.803711 0.611328 0.041016 0.039062
1 0.934570 0.495117 0.029297 0.037109
1 0.606445 0.960938 0.029297 0.039062
1 0.670898 0.416992 0.029297 0.044922
