0 0.028507 0.170136 0.038914 0.034389
0 0.175566 0.163801 0.039819 0.039819
0 0.179186 0.198643 0.032579 0.038914
0 0.252036 0.144344 0.035294 0.035294
0 0.290045 0.138462 0.033484 0.041629
0 0.334389 0.159729 0.044344 0.029864
0 0.332579 0.111312 0.042534 0.030769
0 0.322172 0.071041 0.043439 0.029864
0 0.214932 0.154299 0.042534 0.031674
0 0.132127 0.177376 0.032579 0.038009
0 0.098643 0.160181 0.034389 0.038009
0 0.012670 0.119910 0.018100 0.033484
0 0.047964 0.022624 0.027149 0.028959
0 0.062443 0.033484 0.027149 0.036199
0 0.157466 0.112670 0.028959 0.022624
0 0.334842 0.039367 0.041629 0.028054
0 0.262896 0.011312 0.024434 0.019005
0 0.201810 0.053394 0.034389 0.025339
0 0.187783 0.082805 0.029864 0.020814
0 0.361538 0.258824 0.040724 0.028959
0 0.310407 0.195023 0.032579 0.019005
0 0.428507 0.269231 0.040724 0.033484
0 0.441176 0.238462 0.047964 0.033484
0 0.475113 0.238914 0.036199 0.034389
0 0.516742 0.265158 0.036199 0.028959
0 0.462443 0.203620 0.034389 0.027149
0 0.495023 0.167421 0.034389 0.032579
0 0.390045 0.174208 0.023529 0.022624
0 0.447511 0.069683 0.042534 0.028959
0 0.482805 0.090498 0.031674 0.034389
0 0.488688 0.061086 0.030769 0.026244
0 0.528054 0.215837 0.044344 0.046154
0 0.549321 0.164706 0.036199 0.032579
0 0.605882 0.158371 0.033484 0.030769
0 0.576018 0.111765 0.026244 0.019005
0 0.607692 0.104977 0.031674 0.028959
0 0.530769 0.023982 0.031674 0.024434
0 0.623529 0.129864 0.023529 0.029864
0 0.090045 0.059729 0.024434 0.019910
0 0.087783 0.045701 0.021719 0.019005
0 0.033937 0.243891 0.040724 0.037104
0 0.063801 0.281900 0.035294 0.035294
0 0.104525 0.260181 0.029864 0.024434
0 0.120814 0.337557 0.033484 0.034389
0 0.096380 0.289140 0.029864 0.029864
0 0.032579 0.404977 0.028959 0.029864
0 0.124434 0.304977 0.033484 0.028959
0 0.091403 0.320362 0.027149 0.030769
0 0.226244 0.322624 0.036199 0.033484
0 0.233484 0.292760 0.038009 0.031674
0 0.273303 0.280995 0.039819 0.031674
0 0.267421 0.313122 0.035294 0.025339
0 0.289140 0.330769 0.040724 0.028054
0 0.318100 0.301357 0.035294 0.028959
0 0.201357 0.280543 0.028054 0.030769
0 0.178281 0.326697 0.028959 0.021719
0 0.188235 0.296380 0.027149 0.028054
0 0.192308 0.338914 0.031674 0.026244
0 0.223077 0.361086 0.028054 0.032579
0 0.188688 0.370136 0.035294 0.036199
0 0.273303 0.481448 0.032579 0.045249
0 0.297738 0.401357 0.028959 0.026244
0 0.365158 0.378733 0.035294 0.028054
0 0.333032 0.436652 0.039819 0.028054
0 0.381448 0.467873 0.044344 0.028959
0 0.378733 0.428959 0.042534 0.030769
0 0.211765 0.492760 0.025339 0.029864
0 0.083710 0.428054 0.024434 0.028959
0 0.199095 0.521267 0.039819 0.025339
0 0.178281 0.598643 0.030769 0.026244
0 0.073756 0.454751 0.022624 0.031674
0 0.114480 0.446606 0.024434 0.020814
0 0.203620 0.438009 0.032579 0.034389
0 0.305430 0.504072 0.029864 0.041629
0 0.324434 0.572851 0.029864 0.034389
0 0.386425 0.606787 0.034389 0.031674
0 0.221719 0.214932 0.025339 0.033484
0 0.013122 0.418100 0.028054 0.027149
0 0.043891 0.442081 0.026244 0.026244
0 0.063348 0.511765 0.021719 0.020814
0 0.142534 0.543439 0.015385 0.033484
0 0.156561 0.466968 0.023529 0.027149
0 0.042534 0.619005 0.036199 0.039819
0 0.014480 0.597738 0.027149 0.024434
0 0.214480 0.628507 0.047059 0.033484
0 0.216742 0.673303 0.040724 0.032579
0 0.119457 0.695023 0.043439 0.027149
0 0.106335 0.611312 0.022624 0.022624
0 0.143891 0.671493 0.028959 0.030769
0 0.021267 0.681448 0.029864 0.028959
0 0.200905 0.586878 0.027149 0.022624
0 0.246606 0.572398 0.037104 0.033484
0 0.406787 0.410860 0.049774 0.027149
0 0.462443 0.435294 0.045249 0.030769
0 0.436199 0.442081 0.030769 0.028054
0 0.440724 0.496380 0.034389 0.033484
0 0.477828 0.474661 0.038009 0.022624
0 0.422624 0.555656 0.032579 0.032579
0 0.484163 0.539819 0.034389 0.026244
0 0.466968 0.563348 0.041629 0.029864
0 0.030769 0.743439 0.056109 0.037104
0 0.030769 0.819910 0.036199 0.038009
0 0.075566 0.838914 0.046154 0.041629
0 0.143891 0.719005 0.019910 0.028054
0 0.130769 0.744344 0.040724 0.033484
0 0.141629 0.788688 0.028054 0.024434
0 0.116290 0.822624 0.037104 0.036199
0 0.121719 0.765158 0.051584 0.028054
0 0.070136 0.899095 0.053394 0.033484
0 0.063801 0.878281 0.038914 0.028054
0 0.057014 0.947964 0.041629 0.026244
0 0.014932 0.929412 0.031674 0.039819
0 0.012217 0.976923 0.026244 0.044344
0 0.140724 0.908597 0.053394 0.028959
0 0.193665 0.917195 0.047059 0.046154
0 0.224887 0.973303 0.038914 0.038914
0 0.413575 0.888235 0.039819 0.038914
0 0.451131 0.894118 0.028054 0.028959
0 0.385068 0.895475 0.029864 0.029864
0 0.431674 0.923529 0.030769 0.035294
0 0.473756 0.934842 0.028054 0.027149
0 0.511312 0.874661 0.032579 0.037104
0 0.481900 0.883710 0.031674 0.029864
0 0.549774 0.914932 0.033484 0.034389
0 0.561538 0.851131 0.037104 0.033484
0 0.566063 0.887783 0.035294 0.036199
0 0.609502 0.937104 0.038914 0.029864
0 0.537557 0.879638 0.025339 0.034389
0 0.493213 0.921719 0.030769 0.029864
0 0.418100 0.781448 0.030769 0.026244
0 0.567873 0.809955 0.029864 0.027149
0 0.677376 0.875113 0.028054 0.039819
0 0.626244 0.773303 0.043439 0.038914
0 0.674208 0.792308 0.034389 0.033484
0 0.744344 0.854751 0.028054 0.024434
0 0.787783 0.869683 0.040724 0.025339
0 0.739819 0.797285 0.033484 0.039819
0 0.710860 0.885520 0.029864 0.024434
0 0.732127 0.907240 0.034389 0.026244
0 0.574208 0.978281 0.026244 0.021719
0 0.875566 0.903620 0.038914 0.044344
0 0.860633 0.841629 0.032579 0.036199
0 0.873303 0.795475 0.034389 0.038009
0 0.938009 0.907692 0.037104 0.039819
0 0.835747 0.797285 0.033484 0.036199
0 0.897738 0.759276 0.041629 0.028959
0 0.966968 0.931674 0.033484 0.035294
0 0.938462 0.843891 0.019910 0.044344
0 0.911312 0.808597 0.032579 0.042534
0 0.828054 0.887783 0.032579 0.036199
0 0.972851 0.748416 0.039819 0.038009
0 0.787330 0.921267 0.039819 0.028959
0 0.753394 0.955656 0.038914 0.028959
0 0.759729 0.892308 0.028054 0.025339
0 0.744796 0.982353 0.045249 0.024434
0 0.798190 0.904977 0.025339 0.028959
0 0.802715 0.845249 0.043439 0.032579
0 0.910407 0.852036 0.028959 0.026244
0 0.890045 0.961538 0.017195 0.019005
0 0.804525 0.961538 0.034389 0.029864
0 0.515837 0.502262 0.034389 0.028959
0 0.534842 0.534389 0.036199 0.033484
0 0.516742 0.572398 0.038009 0.029864
0 0.527602 0.638462 0.047059 0.020814
0 0.874208 0.052489 0.032579 0.028959
0 0.822172 0.075566 0.028054 0.022624
0 0.967421 0.027149 0.041629 0.038009
0 0.956109 0.077828 0.038914 0.030769
0 0.898643 0.175566 0.027149 0.021719
0 0.808597 0.011312 0.035294 0.024434
0 0.888235 0.107240 0.031674 0.013575
0 0.960181 0.229412 0.019910 0.038914
0 0.540271 0.370136 0.028959 0.034389
0 0.560633 0.332579 0.040724 0.033484
0 0.564706 0.280090 0.043439 0.042534
0 0.590045 0.252489 0.027149 0.039819
0 0.578733 0.361538 0.031674 0.024434
0 0.628959 0.287330 0.041629 0.028054
0 0.634389 0.230317 0.032579 0.026244
0 0.671041 0.335294 0.046154 0.031674
0 0.653846 0.259276 0.022624 0.028054
0 0.492308 0.339367 0.038009 0.032579
0 0.493665 0.283710 0.040724 0.029864
0 0.478281 0.372398 0.040724 0.038914
0 0.461086 0.283258 0.031674 0.030769
0 0.595475 0.310407 0.028959 0.023529
0 0.671946 0.191403 0.033484 0.038914
0 0.654299 0.139367 0.028959 0.034389
0 0.704525 0.142534 0.033484 0.028054
0 0.716742 0.203620 0.030769 0.030769
0 0.727602 0.338914 0.030769 0.044344
0 0.731674 0.239819 0.028054 0.023529
0 0.578733 0.211765 0.040724 0.030769
0 0.646606 0.364706 0.038914 0.030769
0 0.572851 0.531674 0.036199 0.040724
0 0.539819 0.480995 0.029864 0.029864
0 0.623982 0.561991 0.040724 0.034389
0 0.565158 0.464253 0.038914 0.032579
0 0.584163 0.441176 0.040724 0.040724
0 0.582805 0.506787 0.054299 0.036199
0 0.652489 0.444796 0.028959 0.024434
0 0.588235 0.407240 0.030769 0.028959
0 0.670136 0.413122 0.044344 0.028054
0 0.617647 0.492308 0.035294 0.030769
0 0.656109 0.468778 0.039819 0.018100
0 0.737104 0.447964 0.040724 0.034389
0 0.752941 0.571041 0.030769 0.039819
0 0.788688 0.550679 0.035294 0.033484
0 0.671493 0.622624 0.038009 0.028959
0 0.691855 0.539367 0.024434 0.030769
0 0.713575 0.600905 0.028054 0.032579
0 0.801357 0.604525 0.042534 0.038009
0 0.699095 0.438009 0.031674 0.045249
0 0.662443 0.581448 0.043439 0.029864
0 0.625339 0.641629 0.038009 0.036199
0 0.455656 0.658371 0.026244 0.029864
0 0.140271 0.940271 0.041629 0.025339
0 0.423982 0.981900 0.031674 0.028959
0 0.398643 0.957919 0.038914 0.028054
0 0.671041 0.973303 0.035294 0.026244
0 0.322172 0.647059 0.030769 0.027149
0 0.332579 0.673756 0.033484 0.026244
0 0.332579 0.616742 0.042534 0.031674
0 0.246606 0.707692 0.033484 0.032579
0 0.427602 0.756561 0.037104 0.027149
0 0.466968 0.605882 0.039819 0.037104
0 0.284163 0.716290 0.034389 0.038914
0 0.507692 0.714480 0.041629 0.033484
0 0.547059 0.678281 0.029864 0.024434
0 0.583710 0.778281 0.034389 0.036199
0 0.733032 0.656561 0.045249 0.031674
0 0.839367 0.674661 0.040724 0.038914
0 0.758371 0.376471 0.028959 0.039819
0 0.805430 0.436199 0.036199 0.034389
0 0.780543 0.486878 0.035294 0.028959
0 0.848869 0.436199 0.039819 0.039819
0 0.895475 0.460633 0.035294 0.039819
0 0.853394 0.380543 0.025339 0.038914
0 0.795475 0.363348 0.032579 0.031674
0 0.898643 0.315385 0.025339 0.033484
0 0.935747 0.431222 0.038009 0.028054
0 0.932579 0.380995 0.031674 0.027149
0 0.946606 0.501357 0.038009 0.036199
0 0.763348 0.416742 0.029864 0.028054
0 0.943439 0.288688 0.029864 0.025339
0 0.946606 0.342081 0.030769 0.030769
0 0.887783 0.372851 0.030769 0.028959
0 0.864706 0.523982 0.031674 0.018100
0 0.925339 0.588688 0.040724 0.029864
0 0.936199 0.620362 0.033484 0.028054
0 0.942081 0.723982 0.038009 0.030769
0 0.886878 0.697285 0.041629 0.031674
0 0.956109 0.653846 0.028054 0.029864
0 0.947059 0.695475 0.028054 0.033484
0 0.975113 0.693665 0.026244 0.042534
0 0.965158 0.610860 0.026244 0.030769
0 0.952489 0.556109 0.031674 0.038914
0 0.908145 0.495023 0.033484 0.032579
0 0.980995 0.538914 0.030769 0.028054
0 0.712670 0.373756 0.040724 0.030769
0 0.743891 0.312217 0.030769 0.038009
0 0.647511 0.088688 0.033484 0.036199
0 0.622624 0.071946 0.027149 0.028054
0 0.616290 0.033937 0.038009 0.026244
0 0.693665 0.013122 0.033484 0.026244
0 0.737557 0.190045 0.025339 0.041629
0 0.741629 0.270588 0.035294 0.030769
0 0.778281 0.253394 0.023529 0.036199
0 0.886425 0.124434 0.031674 0.011765
0 0.934842 0.254751 0.030769 0.031674
0 0.959729 0.320362 0.022624 0.027149
0 0.986878 0.209502 0.024434 0.024434
0 0.448869 0.712670 0.048869 0.040724
0 0.566968 0.711312 0.031674 0.025339
0 0.619457 0.683710 0.037104 0.031674
0 0.403620 0.837557 0.036199 0.024434
0 0.352036 0.860633 0.027149 0.023529
0 0.167873 0.767421 0.024434 0.023529
0 0.153846 0.379186 0.038009 0.034389
0 0.066516 0.686425 0.044344 0.037104
0 0.105430 0.985520 0.044344 0.028959
0 0.215837 0.712670 0.028054 0.024434
0 0.225792 0.067873 0.038914 0.027149
0 0.427149 0.347964 0.028959 0.020814
0 0.417647 0.312670 0.053394 0.029864
0 0.409502 0.089140 0.040724 0.042534
0 0.446606 0.141176 0.038914 0.027149
0 0.626244 0.417647 0.030769 0.022624
0 0.633937 0.988235 0.020814 0.023529
0 0.613575 0.831674 0.041629 0.030769
0 0.777376 0.780995 0.041629 0.036199
0 0.816742 0.757466 0.035294 0.021719
0 0.717195 0.795475 0.029864 0.050679
0 0.806335 0.042986 0.027149 0.033484
0 0.826244 0.375113 0.019910 0.026244
0 0.885520 0.284615 0.031674 0.020814
0 0.975113 0.307692 0.024434 0.034389
0 0.965611 0.373756 0.025339 0.030769
0 0.986878 0.346606 0.020814 0.027149
0 0.883710 0.423529 0.047964 0.034389
0 0.861991 0.571493 0.026244 0.019005
0 0.801357 0.639819 0.029864 0.030769
0 0.861991 0.618552 0.033484 0.028054
0 0.851131 0.950226 0.033484 0.030769
0 0.474661 0.407240 0.046154 0.027149
0 0.612670 0.385973 0.030769 0.024434
0 0.659729 0.380090 0.047059 0.028959
0 0.264253 0.542534 0.028959 0.020814
0 0.815837 0.149321 0.022624 0.021719
0 0.934389 0.150679 0.024434 0.022624
1 0.018100 0.035294 0.019910 0.016290
1 0.060181 0.078733 0.015385 0.018100
1 0.119005 0.126697 0.015385 0.010860
1 0.160633 0.246154 0.024434 0.021719
1 0.198643 0.093213 0.017195 0.014480
1 0.180543 0.029412 0.019005 0.011765
1 0.105882 0.364706 0.021719 0.019910
1 0.090950 0.388688 0.015385 0.013575
1 0.142986 0.414027 0.019910 0.017195
1 0.164253 0.406787 0.020814 0.011765
1 0.093665 0.485973 0.015385 0.018100
1 0.014027 0.485068 0.017195 0.021719
1 0.015837 0.500452 0.019005 0.018100
1 0.057466 0.536199 0.019005 0.013575
1 0.209955 0.757014 0.016290 0.013575
1 0.220362 0.794570 0.017195 0.018100
1 0.241176 0.823077 0.015385 0.013575
1 0.315837 0.796833 0.021719 0.015385
1 0.257014 0.824434 0.016290 0.014480
1 0.287330 0.876471 0.011765 0.017195
1 0.256561 0.889593 0.013575 0.019910
1 0.158824 0.862443 0.017195 0.019910
1 0.379186 0.832579 0.012670 0.021719
1 0.528959 0.834842 0.024434 0.024434
1 0.495928 0.762896 0.019910 0.014480
1 0.472398 0.777828 0.028959 0.017195
1 0.504977 0.789140 0.016290 0.014480
1 0.682805 0.754299 0.017195 0.019005
1 0.819910 0.100000 0.018100 0.013575
1 0.823982 0.278733 0.019005 0.023529
1 0.827149 0.492760 0.019910 0.017195
1 0.828959 0.734389 0.018100 0.013575
1 0.842986 0.755204 0.013575 0.015385
1 0.825339 0.909502 0.019910 0.014480
1 0.405882 0.185973 0.015385 0.015385
1 0.358824 0.209955 0.019005 0.021719
1 0.444344 0.173756 0.018100 0.016290
1 0.448869 0.385520 0.018100 0.018100
2 0.129864 0.597738 0.019005 0.031674
