0 0.060694 0.025494 0.035508 0.036420
0 0.062345 0.108221 0.025599 0.031217
0 0.097853 0.032778 0.025599 0.032258
0 0.123865 0.100416 0.026424 0.034339
0 0.025186 0.191988 0.022296 0.057232
0 0.055326 0.229448 0.019818 0.023933
0 0.118084 0.154527 0.023121 0.050989
0 0.151941 0.232050 0.029727 0.041623
0 0.148637 0.180021 0.018167 0.029136
0 0.175888 0.126951 0.026424 0.043704
0 0.228324 0.159209 0.027250 0.035380
0 0.204789 0.187825 0.028076 0.026015
0 0.183732 0.206035 0.018993 0.024974
0 0.225846 0.095213 0.030553 0.036420
0 0.263419 0.258585 0.024773 0.040583
0 0.215937 0.268991 0.038811 0.026015
0 0.034269 0.418314 0.028902 0.045786
0 0.015277 0.382934 0.028902 0.035380
0 0.043765 0.965140 0.044591 0.038502
0 0.062758 0.920916 0.031379 0.027055
0 0.068126 0.899063 0.030553 0.022893
0 0.057391 0.869407 0.022296 0.026015
0 0.044178 0.809053 0.025599 0.040583
0 0.072667 0.752341 0.029727 0.041623
0 0.109001 0.811134 0.044591 0.036420
0 0.050372 0.668574 0.021470 0.026015
0 0.071841 0.635796 0.021470 0.024974
0 0.132122 0.744017 0.026424 0.045786
0 0.099092 0.749220 0.016515 0.033299
0 0.035921 0.540062 0.022296 0.035380
0 0.074732 0.484391 0.027250 0.034339
0 0.090834 0.526015 0.044591 0.028096
0 0.034269 0.277315 0.022296 0.032258
0 0.071841 0.194589 0.018167 0.027055
0 0.081338 0.213840 0.020644 0.017690
0 0.093311 0.150884 0.021470 0.020812
0 0.084641 0.065557 0.038811 0.031217
0 0.211396 0.052549 0.024773 0.023933
0 0.271263 0.057752 0.027250 0.036420
0 0.321635 0.195630 0.017341 0.043704
0 0.345169 0.202393 0.019818 0.034339
0 0.324525 0.245578 0.026424 0.037461
0 0.388935 0.178980 0.031379 0.043704
0 0.405037 0.108221 0.030553 0.049948
0 0.410818 0.028096 0.030553 0.035380
0 0.436003 0.140999 0.039637 0.034339
0 0.405863 0.224246 0.038811 0.026015
0 0.484723 0.117586 0.026424 0.068678
0 0.568538 0.083767 0.022296 0.038502
0 0.541288 0.229969 0.030553 0.027055
0 0.560694 0.204475 0.026424 0.017690
0 0.715937 0.022373 0.023121 0.040583
0 0.716350 0.064516 0.023947 0.027055
0 0.750206 0.122268 0.027250 0.036420
0 0.776218 0.152966 0.021470 0.027055
0 0.755574 0.075442 0.021470 0.019771
0 0.845169 0.109261 0.030553 0.035380
0 0.756400 0.219563 0.023121 0.020812
0 0.908753 0.062435 0.048720 0.043704
0 0.931049 0.119667 0.028902 0.035380
0 0.630471 0.176899 0.066887 0.052029
0 0.674236 0.231530 0.032205 0.040583
0 0.590008 0.287201 0.033856 0.035380
0 0.560281 0.412071 0.040462 0.060354
0 0.622626 0.425598 0.036334 0.056191
0 0.586292 0.364724 0.037985 0.036420
0 0.651941 0.345473 0.028902 0.054110
0 0.145334 0.873569 0.044591 0.050989
0 0.127993 0.914152 0.034682 0.036420
0 0.167630 0.794485 0.026424 0.032258
0 0.197770 0.817898 0.038811 0.027055
0 0.176301 0.739334 0.027250 0.030177
0 0.203964 0.734131 0.028076 0.028096
0 0.133361 0.590010 0.032205 0.031217
0 0.180429 0.630073 0.028902 0.034339
0 0.188274 0.580645 0.026424 0.033299
0 0.182081 0.523413 0.023947 0.052029
0 0.133774 0.382414 0.018167 0.023933
0 0.179604 0.429761 0.042114 0.035380
0 0.206854 0.383975 0.022296 0.033299
0 0.145747 0.293444 0.030553 0.031217
0 0.182494 0.286160 0.029727 0.031217
0 0.241123 0.398543 0.036334 0.039542
0 0.229149 0.302810 0.025599 0.027055
0 0.265070 0.353278 0.033031 0.038502
0 0.262180 0.325182 0.022296 0.030177
0 0.286953 0.300208 0.018993 0.030177
0 0.303468 0.414152 0.017341 0.039542
0 0.325351 0.436004 0.024773 0.031217
0 0.326590 0.297607 0.033856 0.039542
0 0.346821 0.262747 0.019818 0.036420
0 0.331957 0.331426 0.024773 0.032258
0 0.347647 0.306972 0.021470 0.027055
0 0.356317 0.361602 0.027250 0.032258
0 0.358794 0.429761 0.027250 0.029136
0 0.353840 0.497919 0.033856 0.032258
0 0.374897 0.461498 0.023121 0.036420
0 0.448803 0.299168 0.047069 0.050989
0 0.419075 0.477107 0.032205 0.023933
0 0.443435 0.380333 0.036334 0.040583
0 0.477291 0.402185 0.024773 0.061394
0 0.501239 0.442248 0.019818 0.029136
0 0.508258 0.412591 0.027250 0.036420
0 0.785301 0.023413 0.046243 0.044745
0 0.919075 0.269511 0.021470 0.045786
0 0.964079 0.202914 0.028902 0.039542
0 0.948390 0.163371 0.023947 0.031217
0 0.931049 0.174298 0.022296 0.026015
0 0.970685 0.259625 0.023947 0.036420
0 0.972337 0.017690 0.032205 0.020812
0 0.890173 0.152966 0.036334 0.022893
0 0.860446 0.190427 0.036334 0.039542
0 0.870355 0.414672 0.041288 0.034339
0 0.904624 0.392300 0.033856 0.022893
0 0.451280 0.098335 0.032205 0.046826
0 0.227911 0.573361 0.033031 0.033299
0 0.258051 0.569719 0.038811 0.038502
0 0.368291 0.578564 0.033031 0.033299
0 0.330306 0.572320 0.023121 0.027055
0 0.321635 0.598335 0.032205 0.024974
0 0.433939 0.583247 0.018993 0.034339
0 0.380264 0.617586 0.035508 0.026015
0 0.364162 0.656087 0.029727 0.038502
0 0.318332 0.667014 0.032205 0.031217
0 0.333196 0.627992 0.035508 0.038502
0 0.263006 0.663371 0.027250 0.019771
0 0.246491 0.643600 0.028902 0.017690
0 0.284476 0.728928 0.030553 0.036420
0 0.340628 0.725806 0.058629 0.057232
0 0.359207 0.768470 0.028076 0.038502
0 0.259703 0.722164 0.022296 0.033299
0 0.192816 0.689386 0.017341 0.023933
0 0.221305 0.716441 0.019818 0.032258
0 0.239059 0.713319 0.012386 0.013528
0 0.218827 0.840271 0.031379 0.028096
0 0.247316 0.813215 0.023947 0.032258
0 0.248555 0.867846 0.031379 0.035380
0 0.317919 0.847555 0.034682 0.034339
0 0.273328 0.886576 0.023121 0.037461
0 0.329480 0.905827 0.024773 0.038502
0 0.373245 0.843913 0.041288 0.047867
0 0.393889 0.959938 0.031379 0.028096
0 0.351363 0.974506 0.022296 0.028096
0 0.430636 0.930281 0.023947 0.033299
0 0.387283 0.895421 0.018167 0.028096
0 0.449628 0.981270 0.018993 0.033299
0 0.526837 0.912071 0.036334 0.030177
0 0.526012 0.844433 0.036334 0.042664
0 0.563584 0.831946 0.020644 0.034339
0 0.568538 0.877732 0.022296 0.028096
0 0.507845 0.874089 0.033031 0.031217
0 0.475227 0.957336 0.017341 0.027055
0 0.517341 0.969303 0.030553 0.026015
0 0.517341 0.938606 0.022296 0.020812
0 0.725434 0.969303 0.023947 0.030177
0 0.786127 0.927159 0.028076 0.033299
0 0.851775 0.925078 0.023947 0.033299
0 0.812139 0.951093 0.023947 0.024974
0 0.537985 0.585848 0.033856 0.031217
0 0.564822 0.671696 0.034682 0.032258
0 0.617671 0.661290 0.036334 0.032258
0 0.603220 0.729448 0.025599 0.033299
0 0.606524 0.772633 0.032205 0.038502
0 0.635838 0.815817 0.021470 0.027055
0 0.677952 0.770031 0.026424 0.024974
0 0.689926 0.788762 0.027250 0.037461
0 0.676301 0.834547 0.018167 0.024974
0 0.683732 0.677940 0.034682 0.032258
0 0.679604 0.627471 0.026424 0.041623
0 0.662263 0.546306 0.023121 0.033299
0 0.588770 0.531217 0.021470 0.021852
0 0.578860 0.552029 0.019818 0.026015
0 0.578448 0.574402 0.012386 0.016649
0 0.637077 0.584287 0.017341 0.017690
0 0.690751 0.469823 0.028902 0.021852
0 0.739059 0.504683 0.021470 0.027055
0 0.748968 0.560874 0.041288 0.037461
0 0.796036 0.578044 0.019818 0.040583
0 0.817506 0.642560 0.034682 0.038502
0 0.724195 0.378252 0.047894 0.028096
0 0.762180 0.409990 0.029727 0.022893
0 0.951693 0.936524 0.032205 0.041623
0 0.896367 0.841311 0.040462 0.034339
0 0.868704 0.863163 0.031379 0.026015
0 0.798927 0.792404 0.032205 0.046826
0 0.909166 0.776795 0.023121 0.040583
0 0.846408 0.738293 0.024773 0.034339
0 0.921552 0.716961 0.033031 0.029136
0 0.909166 0.678980 0.024773 0.042664
0 0.853427 0.596254 0.020644 0.062435
0 0.825351 0.572841 0.027250 0.034339
0 0.788192 0.507804 0.027250 0.052029
0 0.953344 0.532258 0.018993 0.028096
0 0.930636 0.338189 0.031379 0.031217
0 0.746078 0.742456 0.030553 0.036420
0 0.725434 0.835068 0.027250 0.053070
0 0.724608 0.901145 0.022296 0.043704
0 0.760941 0.865765 0.023947 0.027055
0 0.793972 0.876171 0.023947 0.027055
0 0.786540 0.848075 0.025599 0.031217
0 0.692403 0.863684 0.027250 0.047867
0 0.682494 0.914152 0.022296 0.032258
0 0.758051 0.943288 0.029727 0.044745
0 0.153592 0.655567 0.037985 0.037461
0 0.750619 0.313736 0.024773 0.021852
0 0.290256 0.975026 0.028902 0.041623
0 0.291082 0.939126 0.017341 0.040583
0 0.224195 0.957336 0.022296 0.047867
0 0.258877 0.100416 0.027250 0.030177
0 0.493394 0.682102 0.033856 0.042664
0 0.534269 0.628512 0.033031 0.033299
0 0.560694 0.734651 0.021470 0.037461
0 0.541288 0.788241 0.022296 0.044745
0 0.583815 0.480749 0.019818 0.024974
0 0.568538 0.522893 0.020644 0.042664
0 0.667217 0.430281 0.039637 0.046826
0 0.663088 0.509886 0.013212 0.022893
0 0.636251 0.544745 0.018993 0.038502
0 0.635838 0.694069 0.021470 0.037461
0 0.647812 0.779396 0.018993 0.047867
0 0.661437 0.879813 0.026424 0.030177
0 0.838150 0.363684 0.028076 0.040583
0 0.856730 0.529136 0.018993 0.032258
0 0.986788 0.631113 0.026424 0.034339
0 0.972750 0.581165 0.014864 0.019771
0 0.970273 0.598855 0.016515 0.021852
0 0.951693 0.548387 0.018993 0.020812
0 0.875723 0.010926 0.025599 0.019771
0 0.311313 0.056191 0.019818 0.031217
0 0.092486 0.102497 0.019818 0.021852
0 0.211808 0.239854 0.028902 0.036420
0 0.700661 0.343392 0.032205 0.031217
0 0.817093 0.932882 0.020644 0.017690
0 0.794798 0.894901 0.017341 0.018730
0 0.629645 0.832466 0.017341 0.022893
0 0.642857 0.471384 0.014038 0.016649
0 0.654005 0.481270 0.013212 0.019771
0 0.968621 0.906348 0.014864 0.020812
0 0.324525 0.783559 0.024773 0.024974
0 0.078448 0.339230 0.026424 0.018730
0 0.259703 0.023413 0.027250 0.026015
0 0.622626 0.214880 0.024773 0.038502
0 0.425268 0.843392 0.013212 0.023933
1 0.971511 0.523933 0.017341 0.019771
1 0.975640 0.548387 0.010735 0.020812
1 0.713460 0.237773 0.023121 0.019771
1 0.734104 0.271072 0.011561 0.026015
1 0.105698 0.240375 0.013212 0.016649
