0 0.232877 0.324746 0.271037 0.324746 0.271037 0.355106 0.232877 0.355106
0 0.409980 0.261269 0.447162 0.261269 0.447162 0.293468 0.409980 0.293468
0 0.403132 0.295309 0.438356 0.295309 0.438356 0.324748 0.403132 0.324748
0 0.170254 0.010119 0.206458 0.010119 0.206458 0.040479 0.170254 0.040479
0 0.144814 0.083716 0.175147 0.083716 0.175147 0.116836 0.144814 0.116836
0 0.151663 0.053358 0.188845 0.053358 0.188845 0.083716 0.151663 0.083716
0 0.083170 0.096596 0.120352 0.096596 0.120352 0.132474 0.083170 0.132474
0 0.132094 0.056118 0.154598 0.056118 0.154598 0.081877 0.132094 0.081877
0 0.154599 0.035879 0.180039 0.035879 0.180039 0.057958 0.154599 0.057958
0 0.196674 0.106716 0.231899 0.106716 0.231899 0.143514 0.196674 0.143514
0 0.155577 0.320148 0.200587 0.320148 0.200587 0.351426 0.155577 0.351426
0 0.131115 0.386385 0.166341 0.386385 0.166341 0.418583 0.131115 0.418583
0 0.075342 0.300827 0.112524 0.300827 0.112524 0.324746 0.075342 0.324746
0 0.268101 0.098436 0.298435 0.098436 0.298435 0.126954 0.268101 0.126954
0 0.233856 0.094756 0.269081 0.094756 0.269081 0.127876 0.233856 0.127876
0 0.278865 0.126034 0.314089 0.126034 0.314089 0.157313 0.278865 0.157313
0 0.250489 0.056118 0.272994 0.056118 0.272994 0.080036 0.250489 0.080036
0 0.251468 0.031279 0.272994 0.031279 0.272994 0.045997 0.251468 0.045997
0 0.225049 0.043238 0.250489 0.043238 0.250489 0.065318 0.225049 0.065318
0 0.342466 0.321988 0.373777 0.321988 0.373777 0.350506 0.342466 0.350506
0 0.321918 0.348666 0.358122 0.348666 0.358122 0.374425 0.321918 0.374425
0 0.287671 0.369826 0.313111 0.369826 0.313111 0.391904 0.287671 0.391904
0 0.415852 0.354186 0.451076 0.354186 0.451076 0.389145 0.415852 0.389145
0 0.221135 0.471940 0.250489 0.471940 0.250489 0.505059 0.221135 0.505059
0 0.267123 0.482061 0.303327 0.482061 0.303327 0.510579 0.267123 0.510579
0 0.244618 0.505059 0.280822 0.505059 0.280822 0.539098 0.244618 0.539098
0 0.218200 0.530819 0.260274 0.530819 0.260274 0.563937 0.218200 0.563937
0 0.127201 0.531739 0.163405 0.531739 0.163405 0.564857 0.127201 0.564857
0 0.132095 0.491261 0.163405 0.491261 0.163405 0.517020 0.132095 0.517020
0 0.227985 0.592456 0.270059 0.592456 0.270059 0.623735 0.227985 0.623735
0 0.192760 0.607175 0.220157 0.607175 0.220157 0.637535 0.192760 0.637535
0 0.326809 0.568538 0.361057 0.568538 0.361057 0.590616 0.326809 0.590616
0 0.325831 0.600735 0.364971 0.600735 0.364971 0.630174 0.325831 0.630174
0 0.329746 0.634775 0.370842 0.634775 0.370842 0.663293 0.329746 0.663293
0 0.306262 0.634775 0.326810 0.634775 0.326810 0.663293 0.306262 0.663293
0 0.210372 0.567617 0.243640 0.567617 0.243640 0.595216 0.210372 0.595216
0 0.270059 0.542778 0.308219 0.542778 0.308219 0.574057 0.270059 0.574057
0 0.469668 0.636615 0.509784 0.636615 0.509784 0.674333 0.469668 0.674333
0 0.500979 0.611776 0.526419 0.611776 0.526419 0.634775 0.500979 0.634775
0 0.547945 0.663294 0.581213 0.663294 0.581213 0.696412 0.547945 0.696412
0 0.509784 0.679852 0.545010 0.679852 0.545010 0.711132 0.509784 0.711132
0 0.515656 0.711132 0.548924 0.711132 0.548924 0.748850 0.515656 0.748850
0 0.549902 0.698252 0.580234 0.698252 0.580234 0.735051 0.549902 0.735051
0 0.428571 0.699172 0.459882 0.699172 0.459882 0.732290 0.428571 0.732290
0 0.458904 0.715731 0.492172 0.715731 0.492172 0.750690 0.458904 0.750690
0 0.371820 0.668814 0.407044 0.668814 0.407044 0.701932 0.371820 0.701932
0 0.407046 0.596136 0.442270 0.596136 0.442270 0.631095 0.407046 0.631095
0 0.729941 0.659613 0.761252 0.659613 0.761252 0.689972 0.729941 0.689972
0 0.695694 0.655014 0.730920 0.655014 0.730920 0.685373 0.695694 0.685373
0 0.648728 0.697333 0.673190 0.697333 0.673190 0.718491 0.648728 0.718491
0 0.599805 0.682612 0.637965 0.682612 0.637965 0.712051 0.599805 0.712051
0 0.616439 0.648573 0.655578 0.648573 0.655578 0.680773 0.616439 0.680773
0 0.439335 0.887765 0.470645 0.887765 0.470645 0.916284 0.439335 0.916284
0 0.437378 0.924562 0.469668 0.924562 0.469668 0.955842 0.437378 0.955842
0 0.427593 0.844526 0.456947 0.844526 0.456947 0.873965 0.427593 0.873965
0 0.511741 0.852805 0.547945 0.852805 0.547945 0.889605 0.511741 0.889605
0 0.558708 0.857406 0.587084 0.857406 0.587084 0.878564 0.558708 0.878564
0 0.593933 0.885004 0.622309 0.885004 0.622309 0.919963 0.593933 0.919963
0 0.568493 0.885004 0.598826 0.885004 0.598826 0.919963 0.568493 0.919963
0 0.598826 0.757130 0.626222 0.757130 0.626222 0.789329 0.598826 0.789329
0 0.578278 0.726771 0.606654 0.726771 0.606654 0.759889 0.578278 0.759889
0 0.601761 0.799449 0.631115 0.799449 0.631115 0.822447 0.601761 0.822447
0 0.611546 0.824288 0.631115 0.824288 0.631115 0.845446 0.611546 0.845446
0 0.644814 0.782888 0.677104 0.782888 0.677104 0.818767 0.644814 0.818767
0 0.681996 0.800368 0.707436 0.800368 0.707436 0.826127 0.681996 0.826127
0 0.707437 0.790249 0.734833 0.790249 0.734833 0.824287 0.707437 0.824287
0 0.280822 0.870285 0.310176 0.870285 0.310176 0.908923 0.280822 0.908923
0 0.303327 0.896964 0.333659 0.896964 0.333659 0.931922 0.303327 0.931922
0 0.300391 0.948481 0.332681 0.948481 0.332681 0.978841 0.300391 0.978841
0 0.232877 0.876725 0.262231 0.876725 0.262231 0.913524 0.232877 0.913524
0 0.259295 0.877644 0.283757 0.877644 0.283757 0.909844 0.259295 0.909844
0 0.214285 0.913524 0.236790 0.913524 0.236790 0.946642 0.214285 0.946642
0 0.210371 0.950322 0.240704 0.950322 0.240704 0.989880 0.210371 0.989880
0 0.375733 0.941122 0.407044 0.941122 0.407044 0.966882 0.375733 0.966882
0 0.494129 0.369825 0.523483 0.369825 0.523483 0.400184 0.494129 0.400184
0 0.523483 0.361546 0.552837 0.361546 0.552837 0.396504 0.523483 0.396504
0 0.549902 0.356946 0.584148 0.356946 0.584148 0.399264 0.549902 0.399264
0 0.564580 0.292548 0.590998 0.292548 0.590998 0.335786 0.564580 0.335786
0 0.544031 0.283349 0.568493 0.283349 0.568493 0.317388 0.544031 0.317388
0 0.503914 0.274149 0.541096 0.274149 0.541096 0.302667 0.503914 0.302667
0 0.403131 0.329346 0.437378 0.329346 0.437378 0.347746 0.403131 0.347746
0 0.432485 0.321068 0.453033 0.321068 0.453033 0.334867 0.432485 0.334867
0 0.565558 0.563937 0.613502 0.563937 0.613502 0.591536 0.565558 0.591536
0 0.547945 0.551979 0.586105 0.551979 0.586105 0.565777 0.547945 0.565777
0 0.508807 0.558418 0.536203 0.558418 0.536203 0.575897 0.508807 0.575897
0 0.457925 0.551978 0.490215 0.551978 0.490215 0.586016 0.457925 0.586016
0 0.465753 0.585096 0.484345 0.585096 0.484345 0.604415 0.465753 0.604415
0 0.508807 0.512419 0.543053 0.512419 0.543053 0.543698 0.508807 0.543698
0 0.563601 0.502300 0.600783 0.502300 0.600783 0.534499 0.563601 0.534499
0 0.578278 0.481140 0.619374 0.481140 0.619374 0.514259 0.578278 0.514259
0 0.643836 0.488501 0.674168 0.488501 0.674168 0.517939 0.643836 0.517939
0 0.646771 0.523459 0.679061 0.523459 0.679061 0.559338 0.646771 0.559338
0 0.661448 0.587857 0.696674 0.587857 0.696674 0.618216 0.661448 0.618216
0 0.536203 0.165594 0.567515 0.165594 0.567515 0.197792 0.536203 0.197792
0 0.567515 0.153633 0.593934 0.153633 0.593934 0.183993 0.567515 0.183993
0 0.590020 0.139835 0.617416 0.139835 0.617416 0.168354 0.590020 0.168354
0 0.636987 0.105796 0.668298 0.105796 0.668298 0.137994 0.636987 0.137994
0 0.669276 0.114076 0.701566 0.114076 0.701566 0.144435 0.669276 0.144435
0 0.708414 0.139835 0.743640 0.139835 0.743640 0.168354 0.708414 0.168354
0 0.650684 0.193192 0.681017 0.193192 0.681017 0.215272 0.650684 0.215272
0 0.616439 0.189513 0.637965 0.189513 0.637965 0.210671 0.616439 0.210671
0 0.625244 0.208832 0.660470 0.208832 0.660470 0.235511 0.625244 0.235511
0 0.701565 0.190432 0.732877 0.190432 0.732877 0.214352 0.701565 0.214352
0 0.589041 0.102115 0.614481 0.102115 0.614481 0.135235 0.589041 0.135235
0 0.528376 0.099356 0.569472 0.099356 0.569472 0.137074 0.528376 0.137074
0 0.546966 0.226310 0.578277 0.226310 0.578277 0.261269 0.546966 0.261269
0 0.517613 0.230910 0.546967 0.230910 0.546967 0.266790 0.517613 0.266790
0 0.494128 0.209752 0.545009 0.209752 0.545009 0.229991 0.494128 0.229991
0 0.454990 0.124195 0.483366 0.124195 0.483366 0.151793 0.454990 0.151793
0 0.483366 0.111315 0.516634 0.111315 0.516634 0.137994 0.483366 0.137994
0 0.448140 0.174792 0.499021 0.174792 0.499021 0.203312 0.448140 0.203312
0 0.654599 0.399263 0.681995 0.399263 0.681995 0.433303 0.654599 0.433303
0 0.693738 0.411223 0.726028 0.411223 0.726028 0.442503 0.693738 0.442503
0 0.746576 0.455381 0.770058 0.455381 0.770058 0.473781 0.746576 0.473781
0 0.756360 0.442503 0.775929 0.442503 0.775929 0.471021 0.756360 0.471021
0 0.681018 0.467342 0.706458 0.467342 0.706458 0.503221 0.681018 0.503221
0 0.732877 0.480220 0.772994 0.480220 0.772994 0.509660 0.732877 0.509660
0 0.780822 0.479301 0.814090 0.479301 0.814090 0.505980 0.780822 0.505980
0 0.779844 0.454462 0.815069 0.454462 0.815069 0.480220 0.779844 0.480220
0 0.753425 0.403865 0.786693 0.403865 0.786693 0.420424 0.753425 0.420424
0 0.771037 0.361546 0.810176 0.361546 0.810176 0.393744 0.771037 0.393744
0 0.634051 0.242870 0.682975 0.242870 0.682975 0.273230 0.634051 0.273230
0 0.688845 0.241031 0.729941 0.241031 0.729941 0.269549 0.688845 0.269549
0 0.685910 0.276909 0.735812 0.276909 0.735812 0.306347 0.685910 0.306347
0 0.874755 0.402944 0.910959 0.402944 0.910959 0.435142 0.874755 0.435142
0 0.924658 0.431462 0.963797 0.431462 0.963797 0.458141 0.924658 0.458141
0 0.959882 0.461821 0.999999 0.461821 0.999999 0.490340 0.959882 0.490340
0 0.827788 0.197792 0.866927 0.197792 0.866927 0.221712 0.827788 0.221712
0 0.924658 0.191353 0.963797 0.191353 0.963797 0.218032 0.924658 0.218032
0 0.965754 0.151793 0.993150 0.151793 0.993150 0.183072 0.965754 0.183072
0 0.971625 0.036798 0.998043 0.036798 0.998043 0.068077 0.971625 0.068077
0 0.976517 0.103956 0.998043 0.103956 0.998043 0.135235 0.976517 0.135235
0 0.660469 0.320148 0.699608 0.320148 0.699608 0.352347 0.660469 0.352347
0 0.742661 0.274149 0.787671 0.274149 0.787671 0.300828 0.742661 0.300828
0 0.768102 0.340386 0.793542 0.340386 0.793542 0.356945 0.768102 0.356945
0 0.791585 0.342226 0.827789 0.342226 0.827789 0.373506 0.791585 0.373506
0 0.824853 0.327507 0.865949 0.327507 0.865949 0.356025 0.824853 0.356025
0 0.740704 0.056118 0.779844 0.056118 0.779844 0.083716 0.740704 0.083716
0 0.798435 0.045079 0.840509 0.045079 0.840509 0.077277 0.798435 0.077277
0 0.723092 0.082796 0.768102 0.082796 0.768102 0.116836 0.723092 0.116836
0 0.393346 0.207911 0.425636 0.207911 0.425636 0.229991 0.393346 0.229991
0 0.446184 0.227231 0.468689 0.227231 0.468689 0.249310 0.446184 0.249310
0 0.451076 0.241031 0.492172 0.241031 0.492172 0.272309 0.451076 0.272309
0 0.824853 0.652254 0.861057 0.652254 0.861057 0.688133 0.824853 0.688133
0 0.871820 0.639374 0.904110 0.639374 0.904110 0.670654 0.871820 0.670654
0 0.914873 0.642135 0.943249 0.642135 0.943249 0.671574 0.914873 0.671574
0 0.938356 0.672494 0.972602 0.672494 0.972602 0.700093 0.938356 0.700093
0 0.948141 0.702851 0.980431 0.702851 0.980431 0.727691 0.948141 0.727691
0 0.973581 0.675253 0.999021 0.675253 0.999021 0.703771 0.973581 0.703771
0 0.888454 0.600735 0.917808 0.600735 0.917808 0.630174 0.888454 0.630174
0 0.799413 0.702851 0.828767 0.702851 0.828767 0.725850 0.799413 0.725850
0 0.837574 0.723091 0.867907 0.723091 0.867907 0.750690 0.837574 0.750690
0 0.872799 0.740571 0.900195 0.740571 0.900195 0.763570 0.872799 0.763570
0 0.906066 0.750690 0.945206 0.750690 0.945206 0.779208 0.906066 0.779208
0 0.240704 0.735971 0.272015 0.735971 0.272015 0.769089 0.240704 0.769089
0 0.203523 0.776448 0.232877 0.776448 0.232877 0.804967 0.203523 0.804967
0 0.375734 0.801287 0.412916 0.801287 0.412916 0.826126 0.375734 0.826126
0 0.386498 0.743330 0.406066 0.743330 0.406066 0.754370 0.386498 0.754370
0 0.432485 0.779209 0.449119 0.779209 0.449119 0.793928 0.432485 0.793928
0 0.544031 0.791169 0.569471 0.791169 0.569471 0.825207 0.544031 0.825207
0 0.479452 0.794848 0.503914 0.794848 0.503914 0.812327 0.479452 0.812327
0 0.517613 0.826128 0.556752 0.826128 0.556752 0.847286 0.517613 0.847286
0 0.652642 0.863846 0.674168 0.863846 0.674168 0.885925 0.652642 0.885925
0 0.809198 0.939283 0.837574 0.939283 0.837574 0.968722 0.809198 0.968722
0 0.849314 0.932843 0.866928 0.932843 0.866928 0.949402 0.849314 0.949402
0 0.910959 0.963202 0.926615 0.963202 0.926615 0.978841 0.910959 0.978841
0 0.766145 0.935603 0.798435 0.935603 0.798435 0.964121 0.766145 0.964121
0 0.744619 0.919964 0.768101 0.919964 0.768101 0.940202 0.744619 0.940202
0 0.708414 0.948483 0.726028 0.948483 0.726028 0.964121 0.708414 0.964121
0 0.747554 0.878565 0.785714 0.878565 0.785714 0.905243 0.747554 0.905243
0 0.387475 0.965962 0.419765 0.965962 0.419765 0.996321 0.387475 0.996321
0 0.439335 0.956762 0.467711 0.956762 0.467711 0.996320 0.439335 0.996320
0 0.412916 0.933763 0.438356 0.933763 0.438356 0.969642 0.412916 0.969642
0 0.483366 0.953082 0.504892 0.953082 0.504892 0.979760 0.483366 0.979760
0 0.512720 0.929163 0.554794 0.929163 0.554794 0.951241 0.512720 0.951241
0 0.519569 0.951242 0.555773 0.951242 0.555773 0.979761 0.519569 0.979761
0 0.554795 0.948481 0.588063 0.948481 0.588063 0.979761 0.554795 0.979761
0 0.574364 0.920883 0.613503 0.920883 0.613503 0.949402 0.574364 0.949402
0 0.542074 0.977921 0.571428 0.977921 0.571428 0.999080 0.542074 0.999080
0 0.638943 0.960442 0.672211 0.960442 0.672211 0.993560 0.638943 0.993560
0 0.717221 0.979761 0.749511 0.979761 0.749511 0.999999 0.717221 0.999999
0 0.757339 0.974241 0.790607 0.974241 0.790607 1.000000 0.757339 1.000000
0 0.697651 0.844526 0.732877 0.844526 0.732877 0.868445 0.697651 0.868445
0 0.705479 0.866605 0.740704 0.866605 0.740704 0.897884 0.705479 0.897884
0 0.676125 0.829807 0.708415 0.829807 0.708415 0.850965 0.676125 0.850965
0 0.557730 0.610855 0.573386 0.610855 0.573386 0.628335 0.557730 0.628335
0 0.734834 0.563017 0.769080 0.563017 0.769080 0.594297 0.734834 0.594297
0 0.735812 0.590616 0.771038 0.590616 0.771038 0.622816 0.735812 0.622816
0 0.772015 0.574057 0.804305 0.574057 0.804305 0.599817 0.772015 0.599817
0 0.647750 0.370746 0.693738 0.370746 0.693738 0.396504 0.647750 0.396504
0 0.587084 0.373505 0.620352 0.373505 0.620352 0.409384 0.587084 0.409384
0 0.591976 0.430542 0.628180 0.430542 0.628180 0.459981 0.591976 0.459981
0 0.391389 0.038638 0.421723 0.038638 0.421723 0.064397 0.391389 0.064397
0 0.422701 0.052437 0.457925 0.052437 0.457925 0.075436 0.422701 0.075436
0 0.359100 0.034038 0.388454 0.034038 0.388454 0.046918 0.359100 0.046918
0 0.303327 0.045999 0.328767 0.045999 0.328767 0.060718 0.303327 0.060718
0 0.363013 0.048758 0.390410 0.048758 0.390410 0.078197 0.363013 0.078197
0 0.372799 0.096597 0.402153 0.096597 0.402153 0.123276 0.372799 0.123276
0 0.405088 0.077276 0.444227 0.077276 0.444227 0.108555 0.405088 0.108555
0 0.589041 0.057038 0.618395 0.057038 0.618395 0.080957 0.589041 0.080957
0 0.640901 0.035879 0.668297 0.035879 0.668297 0.057958 0.640901 0.057958
0 0.673189 0.033118 0.704501 0.033118 0.704501 0.062558 0.673189 0.062558
0 0.611546 0.009199 0.644814 0.009199 0.644814 0.035879 0.611546 0.035879
0 0.667319 0.001839 0.708415 0.001839 0.708415 0.027598 0.667319 0.027598
0 0.576321 0.001841 0.612525 0.001841 0.612525 0.021159 0.576321 0.021159
0 0.768102 0.008279 0.804306 0.008279 0.804306 0.034959 0.768102 0.034959
0 0.811155 0.000920 0.855185 0.000920 0.855185 0.029438 0.811155 0.029438
0 0.116438 0.761729 0.150685 0.761729 0.150685 0.797608 0.116438 0.797608
0 0.161447 0.805887 0.191780 0.805887 0.191780 0.842687 0.161447 0.842687
0 0.140900 0.819687 0.165362 0.819687 0.165362 0.845446 0.140900 0.845446
0 0.192760 0.828887 0.223092 0.828887 0.223092 0.866605 0.192760 0.866605
0 0.080235 0.790249 0.116439 0.790249 0.116439 0.821528 0.080235 0.821528
0 0.045988 0.825207 0.083170 0.825207 0.083170 0.859245 0.045988 0.859245
0 0.079256 0.855566 0.112524 0.855566 0.112524 0.882244 0.079256 0.882244
0 0.313111 0.704691 0.343445 0.704691 0.343445 0.724011 0.313111 0.724011
0 0.304305 0.694572 0.324853 0.694572 0.324853 0.719411 0.304305 0.719411
0 0.333659 0.761730 0.368884 0.761730 0.368884 0.796689 0.333659 0.796689
0 0.329746 0.681693 0.356164 0.681693 0.356164 0.702851 0.329746 0.702851
0 0.418787 0.817847 0.448141 0.817847 0.448141 0.842687 0.418787 0.842687
0 0.435421 0.734130 0.456947 0.734130 0.456947 0.766329 0.435421 0.766329
0 0.465754 0.480220 0.496086 0.480220 0.496086 0.515180 0.465754 0.515180
0 0.395303 0.469182 0.424657 0.469182 0.424657 0.501381 0.395303 0.501381
0 0.412915 0.532658 0.447163 0.532658 0.447163 0.557497 0.412915 0.557497
0 0.373777 0.553818 0.398239 0.553818 0.398239 0.570377 0.373777 0.570377
0 0.366927 0.576816 0.406066 0.576816 0.406066 0.608096 0.366927 0.608096
0 0.313111 0.512420 0.343445 0.512420 0.343445 0.541859 0.313111 0.541859
0 0.283757 0.422264 0.317025 0.422264 0.317025 0.448943 0.283757 0.448943
0 0.345401 0.411223 0.374755 0.411223 0.374755 0.438823 0.345401 0.438823
0 0.348336 0.460902 0.376712 0.460902 0.376712 0.490341 0.348336 0.490341
0 0.316047 0.410303 0.337573 0.410303 0.337573 0.427783 0.316047 0.427783
0 0.387476 0.411224 0.422700 0.411224 0.422700 0.437903 0.387476 0.437903
0 0.387476 0.379945 0.422700 0.379945 0.422700 0.413064 0.387476 0.413064
0 0.054795 0.137074 0.092955 0.137074 0.092955 0.165594 0.054795 0.165594
0 0.095890 0.160994 0.124266 0.160994 0.124266 0.180312 0.095890 0.180312
0 0.052837 0.169274 0.097847 0.169274 0.097847 0.196873 0.052837 0.196873
0 0.089041 0.204231 0.118395 0.204231 0.118395 0.228151 0.089041 0.228151
0 0.115460 0.201471 0.147750 0.201471 0.147750 0.230910 0.115460 0.230910
0 0.142857 0.181232 0.186888 0.181232 0.186888 0.211592 0.142857 0.211592
0 0.024462 0.218952 0.050881 0.218952 0.050881 0.244710 0.024462 0.244710
0 0.185910 0.207911 0.216243 0.207911 0.216243 0.235510 0.185910 0.235510
0 0.206457 0.230910 0.241682 0.230910 0.241682 0.255749 0.206457 0.255749
0 0.193738 0.279668 0.232876 0.279668 0.232876 0.304508 0.193738 0.304508
0 0.003914 0.293469 0.036204 0.293469 0.036204 0.315547 0.003914 0.315547
0 0.026419 0.313708 0.059687 0.313708 0.059687 0.336707 0.026419 0.336707
0 0.855187 0.253910 0.895304 0.253910 0.895304 0.287029 0.855187 0.287029
0 0.926615 0.232750 0.964775 0.232750 0.964775 0.266790 0.926615 0.266790
0 0.961839 0.195952 0.993151 0.195952 0.993151 0.229990 0.961839 0.229990
0 0.903131 0.218952 0.940313 0.218952 0.940313 0.244710 0.903131 0.244710
0 0.926615 0.297149 0.955969 0.297149 0.955969 0.315547 0.926615 0.315547
0 0.953033 0.263109 0.986301 0.263109 0.986301 0.286108 0.953033 0.286108
0 0.956947 0.291629 0.989237 0.291629 0.989237 0.323827 0.956947 0.323827
0 0.970646 0.338546 0.999022 0.338546 0.999022 0.369826 0.970646 0.369826
0 0.863993 0.505060 0.894325 0.505060 0.894325 0.549218 0.863993 0.549218
0 0.914872 0.532659 0.945205 0.532659 0.945205 0.566697 0.914872 0.566697
0 0.943248 0.563937 0.979452 0.563937 0.979452 0.586016 0.943248 0.586016
0 0.884540 0.568538 0.921722 0.568538 0.921722 0.597977 0.884540 0.597977
0 0.772994 0.646734 0.811154 0.646734 0.811154 0.678014 0.772994 0.678014
0 0.750489 0.784728 0.775929 0.784728 0.775929 0.810488 0.750489 0.810488
0 0.803327 0.785648 0.830723 0.785648 0.830723 0.814167 0.803327 0.814167
0 0.817025 0.761729 0.854207 0.761729 0.854207 0.793009 0.817025 0.793009
0 0.817025 0.736891 0.853229 0.736891 0.853229 0.762650 0.817025 0.762650
0 0.854208 0.771849 0.905088 0.771849 0.905088 0.803129 0.854208 0.803129
0 0.863013 0.826126 0.903130 0.826126 0.903130 0.860165 0.863013 0.860165
0 0.857143 0.852805 0.893347 0.852805 0.893347 0.884085 0.857143 0.884085
0 0.821918 0.850967 0.838552 0.850967 0.838552 0.872125 0.821918 0.872125
0 0.802348 0.822447 0.835616 0.822447 0.835616 0.841767 0.802348 0.841767
0 0.937377 0.823368 0.988258 0.823368 0.988258 0.850966 0.937377 0.850966
0 0.933464 0.888684 0.966732 0.888684 0.966732 0.922723 0.933464 0.922723
0 0.839531 0.891444 0.861057 0.891444 0.861057 0.926403 0.839531 0.926403
0 0.809198 0.902484 0.832680 0.902484 0.832680 0.922723 0.809198 0.922723
0 0.918786 0.933763 0.954012 0.933763 0.954012 0.956762 0.918786 0.956762
0 0.959882 0.931003 0.992172 0.931003 0.992172 0.958601 0.959882 0.958601
0 0.937377 0.856486 0.953033 0.856486 0.953033 0.873965 0.937377 0.873965
0 0.887475 0.686293 0.915851 0.686293 0.915851 0.727691 0.887475 0.727691
0 0.161448 0.870285 0.186888 0.870285 0.186888 0.894204 0.161448 0.894204
0 0.141879 0.885004 0.171233 0.885004 0.171233 0.914443 0.141879 0.914443
0 0.157534 0.913524 0.184931 0.913524 0.184931 0.941122 0.157534 0.941122
0 0.176125 0.895124 0.194717 0.895124 0.194717 0.922723 0.176125 0.922723
0 0.111547 0.884084 0.142857 0.884084 0.142857 0.908003 0.111547 0.908003
0 0.101761 0.906164 0.140900 0.906164 0.140900 0.937443 0.101761 0.937443
0 0.100782 0.936523 0.144814 0.936523 0.144814 0.981601 0.100782 0.981601
0 0.029354 0.763570 0.058708 0.763570 0.058708 0.798528 0.029354 0.798528
0 0.071429 0.727691 0.104697 0.727691 0.104697 0.761729 0.071429 0.761729
0 0.055773 0.714812 0.084149 0.714812 0.084149 0.741490 0.055773 0.741490
0 0.031310 0.674333 0.065557 0.674333 0.065557 0.700093 0.031310 0.700093
0 0.000979 0.707452 0.023484 0.707452 0.023484 0.739651 0.000979 0.739651
0 0.001958 0.746090 0.033268 0.746090 0.033268 0.778290 0.001958 0.778290
0 0.024461 0.576816 0.058708 0.576816 0.058708 0.609016 0.024461 0.609016
0 0.086106 0.616375 0.112524 0.616375 0.112524 0.642135 0.086106 0.642135
0 0.124266 0.662374 0.157534 0.662374 0.157534 0.689052 0.124266 0.689052
0 0.204501 0.705611 0.237769 0.705611 0.237769 0.735970 0.204501 0.735970
0 0.168298 0.684453 0.206458 0.684453 0.206458 0.707452 0.168298 0.707452
0 0.128180 0.636614 0.160470 0.636614 0.160470 0.668814 0.128180 0.668814
0 0.252445 0.672493 0.286693 0.672493 0.286693 0.697333 0.252445 0.697333
0 0.276908 0.700092 0.301370 0.700092 0.301370 0.712052 0.276908 0.712052
0 0.278865 0.662373 0.304305 0.662373 0.304305 0.688133 0.278865 0.688133
0 0.001957 0.607176 0.046967 0.607176 0.046967 0.644894 0.001957 0.644894
0 0.017612 0.546457 0.042074 0.546457 0.042074 0.578657 0.017612 0.578657
0 0.036203 0.506900 0.051859 0.506900 0.051859 0.533578 0.036203 0.533578
0 0.068493 0.557497 0.104697 0.557497 0.104697 0.587857 0.068493 0.587857
0 0.035225 0.721251 0.050881 0.721251 0.050881 0.738730 0.035225 0.738730
0 0.020548 0.460902 0.034246 0.460902 0.034246 0.476540 0.020548 0.476540
0 0.232877 0.355105 0.266145 0.355105 0.266145 0.382705 0.232877 0.382705
0 0.200588 0.395585 0.220157 0.395585 0.220157 0.413983 0.200588 0.413983
0 0.235812 0.397425 0.254404 0.397425 0.254404 0.411224 0.235812 0.411224
0 0.608611 0.942043 0.637965 0.942043 0.637965 0.963201 0.608611 0.963201
0 0.501957 0.966881 0.528375 0.966881 0.528375 0.999081 0.501957 0.999081
0 0.850294 0.566698 0.872799 0.566698 0.872799 0.582337 0.850294 0.582337
0 0.961840 0.599815 0.995108 0.599815 0.995108 0.631095 0.961840 0.631095
0 0.515656 0.055197 0.545010 0.055197 0.545010 0.081877 0.515656 0.081877
0 0.550881 0.061638 0.580235 0.061638 0.580235 0.078197 0.550881 0.078197
0 0.453033 0.011040 0.496086 0.011040 0.496086 0.034038 0.453033 0.034038
0 0.024462 0.877644 0.052838 0.877644 0.052838 0.902483 0.024462 0.902483
0 0.148728 0.849127 0.165362 0.849127 0.165362 0.863845 0.148728 0.863845
0 0.002935 0.922723 0.029354 0.922723 0.029354 0.954922 0.002935 0.954922
0 0.020548 0.837166 0.046967 0.837166 0.046967 0.862005 0.020548 0.862005
0 0.071429 0.977921 0.089041 0.977921 0.089041 0.999080 0.071429 0.999080
0 0.866928 0.889605 0.901174 0.889605 0.901174 0.911683 0.866928 0.911683
0 0.620352 0.053357 0.651664 0.053357 0.651664 0.081876 0.620352 0.081876
0 0.662427 0.735970 0.689823 0.735970 0.689823 0.766329 0.662427 0.766329
0 0.663405 0.762649 0.689824 0.762649 0.689824 0.792088 0.663405 0.792088
1 0.419764 0.739650 0.433464 0.739650 0.433464 0.756209 0.419764 0.756209
1 0.411937 0.713892 0.424657 0.713892 0.424657 0.736891 0.411937 0.736891
1 0.359100 0.381784 0.375734 0.381784 0.375734 0.395583 0.359100 0.395583
1 0.100783 0.459981 0.121331 0.459981 0.121331 0.481141 0.100783 0.481141
1 0.629158 0.471021 0.646772 0.471021 0.646772 0.488501 0.629158 0.488501
1 0.597847 0.310947 0.613503 0.310947 0.613503 0.323826 0.597847 0.323826
1 0.610567 0.281508 0.642857 0.281508 0.642857 0.305428 0.610567 0.305428
