0 0.009050 0.152942 0.047964 0.152942 0.047964 0.187331 0.009050 0.187331
0 0.155657 0.143892 0.195475 0.143892 0.195475 0.183710 0.155657 0.183710
0 0.162896 0.179186 0.195476 0.179186 0.195476 0.218100 0.162896 0.218100
0 0.234389 0.126697 0.269683 0.126697 0.269683 0.161991 0.234389 0.161991
0 0.273303 0.117648 0.306787 0.117648 0.306787 0.159276 0.273303 0.159276
0 0.312217 0.144797 0.356561 0.144797 0.356561 0.174661 0.312217 0.174661
0 0.311312 0.095927 0.353846 0.095927 0.353846 0.126696 0.311312 0.126696
0 0.300453 0.056109 0.343892 0.056109 0.343892 0.085973 0.300453 0.085973
0 0.193665 0.138462 0.236199 0.138462 0.236199 0.170136 0.193665 0.170136
0 0.115837 0.158371 0.148417 0.158371 0.148417 0.196381 0.115837 0.196381
0 0.081448 0.141176 0.115837 0.141176 0.115837 0.179185 0.081448 0.179185
0 0.003620 0.103168 0.021720 0.103168 0.021720 0.136652 0.003620 0.136652
0 0.034390 0.008144 0.061538 0.008144 0.061538 0.037103 0.034390 0.037103
0 0.048868 0.015384 0.076018 0.015384 0.076018 0.051584 0.048868 0.051584
0 0.142986 0.101358 0.171946 0.101358 0.171946 0.123982 0.142986 0.123982
0 0.314027 0.025340 0.355656 0.025340 0.355656 0.053394 0.314027 0.053394
0 0.250679 0.001809 0.275113 0.001809 0.275113 0.020814 0.250679 0.020814
0 0.184615 0.040724 0.219004 0.040724 0.219004 0.066063 0.184615 0.066063
0 0.172851 0.072398 0.202715 0.072398 0.202715 0.093212 0.172851 0.093212
0 0.341176 0.244344 0.381900 0.244344 0.381900 0.273303 0.341176 0.273303
0 0.294117 0.185521 0.326697 0.185521 0.326697 0.204525 0.294117 0.204525
0 0.408145 0.252489 0.448869 0.252489 0.448869 0.285973 0.408145 0.285973
0 0.417194 0.221720 0.465158 0.221720 0.465158 0.255204 0.417194 0.255204
0 0.457014 0.221719 0.493212 0.221719 0.493212 0.256108 0.457014 0.256108
0 0.498643 0.250679 0.534842 0.250679 0.534842 0.279637 0.498643 0.279637
0 0.445248 0.190046 0.479637 0.190046 0.479637 0.217194 0.445248 0.217194
0 0.477828 0.151131 0.512217 0.151131 0.512217 0.183710 0.477828 0.183710
0 0.378280 0.162896 0.401809 0.162896 0.401809 0.185520 0.378280 0.185520
0 0.426244 0.055203 0.468778 0.055203 0.468778 0.084163 0.426244 0.084163
0 0.466968 0.073303 0.498642 0.073303 0.498642 0.107692 0.466968 0.107692
0 0.473303 0.047964 0.504073 0.047964 0.504073 0.074208 0.473303 0.074208
0 0.505882 0.192760 0.550226 0.192760 0.550226 0.238914 0.505882 0.238914
0 0.531221 0.148417 0.567420 0.148417 0.567420 0.180995 0.531221 0.180995
0 0.589140 0.142987 0.622624 0.142987 0.622624 0.173756 0.589140 0.173756
0 0.562896 0.102263 0.589140 0.102263 0.589140 0.121268 0.562896 0.121268
0 0.591855 0.090498 0.623529 0.090498 0.623529 0.119456 0.591855 0.119456
0 0.514932 0.011765 0.546606 0.011765 0.546606 0.036199 0.514932 0.036199
0 0.611765 0.114932 0.635293 0.114932 0.635293 0.144796 0.611765 0.144796
0 0.077828 0.049774 0.102262 0.049774 0.102262 0.069684 0.077828 0.069684
0 0.076924 0.036198 0.098642 0.036198 0.098642 0.055204 0.076924 0.055204
0 0.013575 0.225339 0.054299 0.225339 0.054299 0.262443 0.013575 0.262443
0 0.046154 0.264253 0.081448 0.264253 0.081448 0.299547 0.046154 0.299547
0 0.089593 0.247964 0.119457 0.247964 0.119457 0.272398 0.089593 0.272398
0 0.104072 0.320362 0.137556 0.320362 0.137556 0.354751 0.104072 0.354751
0 0.081448 0.274208 0.111312 0.274208 0.111312 0.304072 0.081448 0.304072
0 0.018099 0.390045 0.047058 0.390045 0.047058 0.419909 0.018099 0.419909
0 0.107692 0.290498 0.141176 0.290498 0.141176 0.319456 0.107692 0.319456
0 0.077828 0.304977 0.104978 0.304977 0.104978 0.335747 0.077828 0.335747
0 0.208145 0.305882 0.244343 0.305882 0.244343 0.339366 0.208145 0.339366
0 0.214479 0.276923 0.252489 0.276923 0.252489 0.308597 0.214479 0.308597
0 0.253393 0.265158 0.293213 0.265158 0.293213 0.296832 0.253393 0.296832
0 0.249774 0.300453 0.285068 0.300453 0.285068 0.325792 0.249774 0.325792
0 0.268778 0.316742 0.309502 0.316742 0.309502 0.344796 0.268778 0.344796
0 0.300453 0.286878 0.335747 0.286878 0.335747 0.315836 0.300453 0.315836
0 0.187330 0.265158 0.215384 0.265158 0.215384 0.295928 0.187330 0.295928
0 0.163801 0.315837 0.192761 0.315837 0.192761 0.337557 0.163801 0.337557
0 0.174661 0.282353 0.201810 0.282353 0.201810 0.310407 0.174661 0.310407
0 0.176471 0.325792 0.208145 0.325792 0.208145 0.352036 0.176471 0.352036
0 0.209050 0.344797 0.237104 0.344797 0.237104 0.377376 0.209050 0.377376
0 0.171041 0.352037 0.206335 0.352037 0.206335 0.388236 0.171041 0.388236
0 0.257014 0.458823 0.289593 0.458823 0.289593 0.504073 0.257014 0.504073
0 0.283259 0.388235 0.312217 0.388235 0.312217 0.414479 0.283259 0.414479
0 0.347511 0.364706 0.382805 0.364706 0.382805 0.392760 0.347511 0.392760
0 0.313122 0.422625 0.352942 0.422625 0.352942 0.450679 0.313122 0.450679
0 0.359276 0.453394 0.403620 0.453394 0.403620 0.482352 0.359276 0.482352
0 0.357466 0.413574 0.400000 0.413574 0.400000 0.444344 0.357466 0.444344
0 0.199096 0.477828 0.224435 0.477828 0.224435 0.507692 0.199096 0.507692
0 0.071493 0.413575 0.095927 0.413575 0.095927 0.442533 0.071493 0.442533
0 0.179185 0.508598 0.219004 0.508598 0.219004 0.533937 0.179185 0.533937
0 0.162896 0.585521 0.193665 0.585521 0.193665 0.611765 0.162896 0.611765
0 0.062444 0.438914 0.085068 0.438914 0.085068 0.470588 0.062444 0.470588
0 0.102263 0.436199 0.126697 0.436199 0.126697 0.457013 0.102263 0.457013
0 0.187331 0.420814 0.219909 0.420814 0.219909 0.455203 0.187331 0.455203
0 0.290498 0.483257 0.320362 0.483257 0.320362 0.524886 0.290498 0.524886
0 0.309502 0.555656 0.339366 0.555656 0.339366 0.590046 0.309502 0.590046
0 0.369231 0.590950 0.403620 0.590950 0.403620 0.622624 0.369231 0.622624
0 0.209049 0.198190 0.234388 0.198190 0.234388 0.231674 0.209049 0.231674
0 0.000000 0.404526 0.027149 0.404526 0.027149 0.431675 0.000000 0.431675
0 0.030769 0.428959 0.057013 0.428959 0.057013 0.455203 0.030769 0.455203
0 0.052489 0.501358 0.074207 0.501358 0.074207 0.522172 0.052489 0.522172
0 0.134842 0.526697 0.150226 0.526697 0.150226 0.560181 0.134842 0.560181
0 0.144796 0.453394 0.168326 0.453394 0.168326 0.480542 0.144796 0.480542
0 0.024435 0.599096 0.060634 0.599096 0.060634 0.638915 0.024435 0.638915
0 0.000906 0.585521 0.028054 0.585521 0.028054 0.609955 0.000906 0.609955
0 0.190950 0.611765 0.238010 0.611765 0.238010 0.645249 0.190950 0.645249
0 0.196380 0.657014 0.237104 0.657014 0.237104 0.689592 0.196380 0.689592
0 0.097737 0.681448 0.141176 0.681448 0.141176 0.708597 0.097737 0.708597
0 0.095023 0.600000 0.117647 0.600000 0.117647 0.622624 0.095023 0.622624
0 0.129411 0.656108 0.158370 0.656108 0.158370 0.686878 0.129411 0.686878
0 0.006335 0.666969 0.036199 0.666969 0.036199 0.695928 0.006335 0.695928
0 0.187331 0.575566 0.214479 0.575566 0.214479 0.598190 0.187331 0.598190
0 0.228054 0.555656 0.265158 0.555656 0.265158 0.589140 0.228054 0.589140
0 0.381900 0.397286 0.431674 0.397286 0.431674 0.424434 0.381900 0.424434
0 0.439819 0.419909 0.485067 0.419909 0.485067 0.450679 0.439819 0.450679
0 0.420814 0.428054 0.451584 0.428054 0.451584 0.456108 0.420814 0.456108
0 0.423530 0.479638 0.457919 0.479638 0.457919 0.513122 0.423530 0.513122
0 0.458823 0.463349 0.496832 0.463349 0.496832 0.485973 0.458823 0.485973
0 0.406334 0.539367 0.438914 0.539367 0.438914 0.571945 0.406334 0.571945
0 0.466969 0.526697 0.501358 0.526697 0.501358 0.552941 0.466969 0.552941
0 0.446153 0.548416 0.487783 0.548416 0.487783 0.578280 0.446153 0.578280
0 0.002715 0.724887 0.058824 0.724887 0.058824 0.761991 0.002715 0.761991
0 0.012670 0.800906 0.048869 0.800906 0.048869 0.838915 0.012670 0.838915
0 0.052489 0.818100 0.098643 0.818100 0.098643 0.859729 0.052489 0.859729
0 0.133936 0.704978 0.153846 0.704978 0.153846 0.733032 0.133936 0.733032
0 0.110407 0.727602 0.151131 0.727602 0.151131 0.761086 0.110407 0.761086
0 0.127602 0.776471 0.155656 0.776471 0.155656 0.800905 0.127602 0.800905
0 0.097738 0.804524 0.134842 0.804524 0.134842 0.840724 0.097738 0.840724
0 0.095927 0.751131 0.147511 0.751131 0.147511 0.779185 0.095927 0.779185
0 0.043439 0.882353 0.096833 0.882353 0.096833 0.915837 0.043439 0.915837
0 0.044344 0.864254 0.083258 0.864254 0.083258 0.892308 0.044344 0.892308
0 0.036200 0.934842 0.077828 0.934842 0.077828 0.961086 0.036200 0.961086
0 0.000000 0.909502 0.030769 0.909502 0.030769 0.949322 0.000000 0.949322
0 0.000000 0.954751 0.025339 0.954751 0.025339 0.999095 0.000000 0.999095
0 0.028054 0.962896 0.066968 0.962896 0.066968 1.000000 0.028054 1.000000
0 0.114027 0.894118 0.167421 0.894118 0.167421 0.923076 0.114027 0.923076
0 0.170135 0.894118 0.217195 0.894118 0.217195 0.940272 0.170135 0.940272
0 0.205430 0.953846 0.244344 0.953846 0.244344 0.992760 0.205430 0.992760
0 0.393666 0.868778 0.433485 0.868778 0.433485 0.907692 0.393666 0.907692
0 0.437104 0.879638 0.465158 0.879638 0.465158 0.908597 0.437104 0.908597
0 0.370136 0.880543 0.400000 0.880543 0.400000 0.910407 0.370136 0.910407
0 0.416289 0.905882 0.447059 0.905882 0.447059 0.941176 0.416289 0.941176
0 0.459729 0.921267 0.487783 0.921267 0.487783 0.948416 0.459729 0.948416
0 0.495022 0.856109 0.527601 0.856109 0.527601 0.893213 0.495022 0.893213
0 0.466063 0.868778 0.497737 0.868778 0.497737 0.898642 0.466063 0.898642
0 0.533032 0.897737 0.566516 0.897737 0.566516 0.932126 0.533032 0.932126
0 0.542986 0.834389 0.580090 0.834389 0.580090 0.867873 0.542986 0.867873
0 0.548416 0.869683 0.583710 0.869683 0.583710 0.905883 0.548416 0.905883
0 0.590045 0.922172 0.628959 0.922172 0.628959 0.952036 0.590045 0.952036
0 0.524887 0.862444 0.550226 0.862444 0.550226 0.896833 0.524887 0.896833
0 0.477828 0.906787 0.508598 0.906787 0.508598 0.936651 0.477828 0.936651
0 0.402716 0.768326 0.433485 0.768326 0.433485 0.794570 0.402716 0.794570
0 0.552941 0.796380 0.582805 0.796380 0.582805 0.823530 0.552941 0.823530
0 0.663349 0.855204 0.691403 0.855204 0.691403 0.895023 0.663349 0.895023
0 0.604525 0.753846 0.647964 0.753846 0.647964 0.792760 0.604525 0.792760
0 0.657014 0.775566 0.691403 0.775566 0.691403 0.809050 0.657014 0.809050
0 0.730317 0.842534 0.758371 0.842534 0.758371 0.866968 0.730317 0.866968
0 0.767421 0.857013 0.808145 0.857013 0.808145 0.882352 0.767421 0.882352
0 0.723077 0.777375 0.756561 0.777375 0.756561 0.817195 0.723077 0.817195
0 0.695928 0.873303 0.725792 0.873303 0.725792 0.897737 0.695928 0.897737
0 0.714932 0.894118 0.749321 0.894118 0.749321 0.920362 0.714932 0.920362
0 0.561086 0.967421 0.587330 0.967421 0.587330 0.989140 0.561086 0.989140
0 0.856109 0.881448 0.895023 0.881448 0.895023 0.925792 0.856109 0.925792
0 0.844344 0.823529 0.876922 0.823529 0.876922 0.859729 0.844344 0.859729
0 0.856109 0.776471 0.890498 0.776471 0.890498 0.814480 0.856109 0.814480
0 0.919457 0.887783 0.956561 0.887783 0.956561 0.927602 0.919457 0.927602
0 0.819005 0.779185 0.852489 0.779185 0.852489 0.815385 0.819005 0.815385
0 0.876924 0.744796 0.918552 0.744796 0.918552 0.773755 0.876924 0.773755
0 0.950226 0.914027 0.983710 0.914027 0.983710 0.949321 0.950226 0.949321
0 0.928507 0.821719 0.948417 0.821719 0.948417 0.866063 0.928507 0.866063
0 0.895023 0.787330 0.927601 0.787330 0.927601 0.829864 0.895023 0.829864
0 0.811764 0.869683 0.844343 0.869683 0.844343 0.905883 0.811764 0.905883
0 0.952941 0.729411 0.992761 0.729411 0.992761 0.767420 0.952941 0.767420
0 0.767420 0.906787 0.807239 0.906787 0.807239 0.935746 0.767420 0.935746
0 0.733937 0.941176 0.772851 0.941176 0.772851 0.970135 0.733937 0.970135
0 0.745702 0.879638 0.773756 0.879638 0.773756 0.904977 0.745702 0.904977
0 0.778281 0.980091 0.825340 0.980091 0.825340 1.000000 0.778281 1.000000
0 0.722171 0.970136 0.767421 0.970136 0.767421 0.994570 0.722171 0.994570
0 0.785520 0.890498 0.810859 0.890498 0.810859 0.919457 0.785520 0.919457
0 0.780995 0.828960 0.824434 0.828960 0.824434 0.861538 0.780995 0.861538
0 0.895927 0.838914 0.924886 0.838914 0.924886 0.865158 0.895927 0.865158
0 0.881447 0.952036 0.898643 0.952036 0.898643 0.971040 0.881447 0.971040
0 0.787331 0.946606 0.821720 0.946606 0.821720 0.976470 0.787331 0.976470
0 0.498642 0.487783 0.533031 0.487783 0.533031 0.516741 0.498642 0.516741
0 0.516742 0.517647 0.552942 0.517647 0.552942 0.551131 0.516742 0.551131
0 0.497738 0.557466 0.535747 0.557466 0.535747 0.587330 0.497738 0.587330
0 0.504073 0.628055 0.551131 0.628055 0.551131 0.648869 0.504073 0.648869
0 0.857919 0.038010 0.890497 0.038010 0.890497 0.066969 0.857919 0.066969
0 0.808145 0.064254 0.836199 0.064254 0.836199 0.086878 0.808145 0.086878
0 0.946607 0.008144 0.988235 0.008144 0.988235 0.046154 0.946607 0.046154
0 0.936652 0.062443 0.975566 0.062443 0.975566 0.093212 0.936652 0.093212
0 0.885068 0.164707 0.912218 0.164707 0.912218 0.186425 0.885068 0.186425
0 0.790950 0.000000 0.826244 0.000000 0.826244 0.023529 0.790950 0.023529
0 0.872398 0.100453 0.904072 0.100453 0.904072 0.114028 0.872398 0.114028
0 0.950226 0.209955 0.970136 0.209955 0.970136 0.248869 0.950226 0.248869
0 0.525791 0.352942 0.554750 0.352942 0.554750 0.387331 0.525791 0.387331
0 0.540271 0.315837 0.580995 0.315837 0.580995 0.349321 0.540271 0.349321
0 0.542987 0.258823 0.586426 0.258823 0.586426 0.301357 0.542987 0.301357
0 0.576470 0.232580 0.603620 0.232580 0.603620 0.272399 0.576470 0.272399
0 0.562896 0.349321 0.594570 0.349321 0.594570 0.373755 0.562896 0.373755
0 0.608145 0.273303 0.649774 0.273303 0.649774 0.301357 0.608145 0.301357
0 0.618100 0.217195 0.650678 0.217195 0.650678 0.243439 0.618100 0.243439
0 0.647964 0.319457 0.694118 0.319457 0.694118 0.351131 0.647964 0.351131
0 0.642534 0.245249 0.665158 0.245249 0.665158 0.273303 0.642534 0.273303
0 0.473304 0.323077 0.511313 0.323077 0.511313 0.355656 0.473304 0.355656
0 0.473303 0.268778 0.514027 0.268778 0.514027 0.298642 0.473303 0.298642
0 0.457919 0.352941 0.498643 0.352941 0.498643 0.391855 0.457919 0.391855
0 0.445249 0.267873 0.476923 0.267873 0.476923 0.298643 0.445249 0.298643
0 0.580995 0.298642 0.609954 0.298642 0.609954 0.322171 0.580995 0.322171
0 0.655204 0.171946 0.688688 0.171946 0.688688 0.210860 0.655204 0.210860
0 0.639819 0.122172 0.668778 0.122172 0.668778 0.156561 0.639819 0.156561
0 0.687783 0.128507 0.721267 0.128507 0.721267 0.156561 0.687783 0.156561
0 0.701357 0.188236 0.732127 0.188236 0.732127 0.219004 0.701357 0.219004
0 0.712217 0.316742 0.742986 0.316742 0.742986 0.361086 0.712217 0.361086
0 0.717647 0.228054 0.745701 0.228054 0.745701 0.251584 0.717647 0.251584
0 0.558371 0.196381 0.599095 0.196381 0.599095 0.227150 0.558371 0.227150
0 0.627149 0.349321 0.666063 0.349321 0.666063 0.380090 0.627149 0.380090
0 0.554751 0.511312 0.590951 0.511312 0.590951 0.552036 0.554751 0.552036
0 0.524887 0.466063 0.554751 0.466063 0.554751 0.495927 0.524887 0.495927
0 0.603620 0.544797 0.644344 0.544797 0.644344 0.579186 0.603620 0.579186
0 0.545701 0.447964 0.584615 0.447964 0.584615 0.480543 0.545701 0.480543
0 0.563801 0.420814 0.604525 0.420814 0.604525 0.461538 0.563801 0.461538
0 0.555655 0.488687 0.609955 0.488687 0.609955 0.524887 0.555655 0.524887
0 0.638010 0.432579 0.666968 0.432579 0.666968 0.457013 0.638010 0.457013
0 0.572850 0.392761 0.603619 0.392761 0.603619 0.421719 0.572850 0.421719
0 0.647964 0.399095 0.692308 0.399095 0.692308 0.427149 0.647964 0.427149
0 0.600000 0.476924 0.635294 0.476924 0.635294 0.507692 0.600000 0.507692
0 0.636200 0.459728 0.676019 0.459728 0.676019 0.477828 0.636200 0.477828
0 0.716742 0.430769 0.757466 0.430769 0.757466 0.465158 0.716742 0.465158
0 0.737556 0.551131 0.768325 0.551131 0.768325 0.590951 0.737556 0.590951
0 0.771041 0.533937 0.806335 0.533937 0.806335 0.567421 0.771041 0.567421
0 0.652489 0.608144 0.690497 0.608144 0.690497 0.637103 0.652489 0.637103
0 0.679638 0.523983 0.704072 0.523983 0.704072 0.554752 0.679638 0.554752
0 0.699548 0.584616 0.727602 0.584616 0.727602 0.617194 0.699548 0.617194
0 0.780090 0.585520 0.822624 0.585520 0.822624 0.623529 0.780090 0.623529
0 0.683258 0.415384 0.714932 0.415384 0.714932 0.460633 0.683258 0.460633
0 0.640724 0.566516 0.684163 0.566516 0.684163 0.596380 0.640724 0.596380
0 0.606334 0.623529 0.644343 0.623529 0.644343 0.659729 0.606334 0.659729
0 0.442534 0.643439 0.468778 0.643439 0.468778 0.673303 0.442534 0.673303
0 0.119457 0.927601 0.161085 0.927601 0.161085 0.952940 0.119457 0.952940
0 0.408145 0.967421 0.439819 0.967421 0.439819 0.996379 0.408145 0.996379
0 0.379186 0.943892 0.418100 0.943892 0.418100 0.971946 0.379186 0.971946
0 0.375565 0.969231 0.409954 0.969231 0.409954 1.000000 0.375565 1.000000
0 0.653394 0.960181 0.688688 0.960181 0.688688 0.986425 0.653394 0.986425
0 0.306787 0.633485 0.337557 0.633485 0.337557 0.660634 0.306787 0.660634
0 0.315837 0.660634 0.349321 0.660634 0.349321 0.686878 0.315837 0.686878
0 0.311312 0.600905 0.353846 0.600905 0.353846 0.632579 0.311312 0.632579
0 0.229864 0.691403 0.263348 0.691403 0.263348 0.723981 0.229864 0.723981
0 0.409050 0.742986 0.446154 0.742986 0.446154 0.770136 0.409050 0.770136
0 0.447058 0.587330 0.486878 0.587330 0.486878 0.624434 0.447058 0.624434
0 0.266968 0.696833 0.301358 0.696833 0.301358 0.735747 0.266968 0.735747
0 0.486878 0.697738 0.528506 0.697738 0.528506 0.731222 0.486878 0.731222
0 0.532127 0.666064 0.561991 0.666064 0.561991 0.690498 0.532127 0.690498
0 0.566515 0.760181 0.600904 0.760181 0.600904 0.796381 0.566515 0.796381
0 0.710407 0.640724 0.755657 0.640724 0.755657 0.672398 0.710407 0.672398
0 0.819005 0.655204 0.859729 0.655204 0.859729 0.694118 0.819005 0.694118
0 0.743892 0.356561 0.772850 0.356561 0.772850 0.396381 0.743892 0.396381
0 0.787330 0.419005 0.823530 0.419005 0.823530 0.453394 0.787330 0.453394
0 0.762896 0.472398 0.798190 0.472398 0.798190 0.501358 0.762896 0.501358
0 0.828959 0.416289 0.868779 0.416289 0.868779 0.456109 0.828959 0.456109
0 0.877828 0.440723 0.913122 0.440723 0.913122 0.480543 0.877828 0.480543
0 0.840724 0.361086 0.866063 0.361086 0.866063 0.400000 0.840724 0.400000
0 0.779186 0.347511 0.811764 0.347511 0.811764 0.379185 0.779186 0.379185
0 0.885973 0.298643 0.911312 0.298643 0.911312 0.332127 0.885973 0.332127
0 0.916743 0.417195 0.954751 0.417195 0.954751 0.445249 0.916743 0.445249
0 0.916742 0.367420 0.948416 0.367420 0.948416 0.394569 0.916742 0.394569
0 0.927601 0.483258 0.965610 0.483258 0.965610 0.519457 0.927601 0.519457
0 0.748416 0.402715 0.778280 0.402715 0.778280 0.430769 0.748416 0.430769
0 0.928507 0.276018 0.958371 0.276018 0.958371 0.301358 0.928507 0.301358
0 0.931221 0.326697 0.961990 0.326697 0.961990 0.357466 0.931221 0.357466
0 0.872398 0.358372 0.903168 0.358372 0.903168 0.387330 0.872398 0.387330
0 0.848869 0.514932 0.880543 0.514932 0.880543 0.533032 0.848869 0.533032
0 0.904977 0.573756 0.945701 0.573756 0.945701 0.603620 0.904977 0.603620
0 0.919457 0.606335 0.952941 0.606335 0.952941 0.634389 0.919457 0.634389
0 0.923076 0.708597 0.961085 0.708597 0.961085 0.739367 0.923076 0.739367
0 0.866064 0.681448 0.907693 0.681448 0.907693 0.713122 0.866064 0.713122
0 0.942082 0.638914 0.970136 0.638914 0.970136 0.668778 0.942082 0.668778
0 0.933032 0.678733 0.961086 0.678733 0.961086 0.712217 0.933032 0.712217
0 0.961991 0.672398 0.988235 0.672398 0.988235 0.714932 0.961991 0.714932
0 0.952036 0.595475 0.978280 0.595475 0.978280 0.626244 0.952036 0.626244
0 0.936652 0.536652 0.968326 0.536652 0.968326 0.575566 0.936652 0.575566
0 0.891403 0.478733 0.924887 0.478733 0.924887 0.511312 0.891403 0.511312
0 0.965610 0.524887 0.996379 0.524887 0.996379 0.552941 0.965610 0.552941
0 0.692308 0.358371 0.733032 0.358371 0.733032 0.389141 0.692308 0.389141
0 0.728506 0.293213 0.759275 0.293213 0.759275 0.331222 0.728506 0.331222
0 0.630769 0.070588 0.664253 0.070588 0.664253 0.106788 0.630769 0.106788
0 0.609049 0.057919 0.636199 0.057919 0.636199 0.085973 0.609049 0.085973
0 0.597286 0.020815 0.635294 0.020815 0.635294 0.047059 0.597286 0.047059
0 0.676923 0.000000 0.710407 0.000000 0.710407 0.026244 0.676923 0.026244
0 0.724888 0.169231 0.750227 0.169231 0.750227 0.210859 0.724888 0.210859
0 0.723982 0.255203 0.759276 0.255203 0.759276 0.285973 0.723982 0.285973
0 0.766517 0.235295 0.790045 0.235295 0.790045 0.271493 0.766517 0.271493
0 0.870588 0.118552 0.902262 0.118552 0.902262 0.130317 0.870588 0.130317
0 0.919457 0.238914 0.950226 0.238914 0.950226 0.270588 0.919457 0.270588
0 0.948417 0.306787 0.971041 0.306787 0.971041 0.333936 0.948417 0.333936
0 0.974661 0.197285 0.999095 0.197285 0.999095 0.221719 0.974661 0.221719
0 0.424434 0.692308 0.473304 0.692308 0.473304 0.733032 0.424434 0.733032
0 0.551131 0.698643 0.582805 0.698643 0.582805 0.723982 0.551131 0.723982
0 0.600905 0.667873 0.638009 0.667873 0.638009 0.699547 0.600905 0.699547
0 0.385520 0.825340 0.421719 0.825340 0.421719 0.849774 0.385520 0.849774
0 0.338462 0.848869 0.365611 0.848869 0.365611 0.872397 0.338462 0.872397
0 0.155656 0.755657 0.180090 0.755657 0.180090 0.779185 0.155656 0.779185
0 0.134842 0.361992 0.172851 0.361992 0.172851 0.396381 0.134842 0.396381
0 0.044344 0.667873 0.088688 0.667873 0.088688 0.704977 0.044344 0.704977
0 0.083258 0.971040 0.127602 0.971040 0.127602 0.999999 0.083258 0.999999
0 0.201810 0.700453 0.229864 0.700453 0.229864 0.724887 0.201810 0.724887
0 0.206335 0.054298 0.245249 0.054298 0.245249 0.081448 0.206335 0.081448
0 0.412670 0.337557 0.441628 0.337557 0.441628 0.358371 0.412670 0.358371
0 0.390950 0.297738 0.444344 0.297738 0.444344 0.327602 0.390950 0.327602
0 0.389140 0.067873 0.429864 0.067873 0.429864 0.110407 0.389140 0.110407
0 0.427149 0.127602 0.466063 0.127602 0.466063 0.154750 0.427149 0.154750
0 0.610859 0.406335 0.641629 0.406335 0.641629 0.428959 0.610859 0.428959
0 0.623530 0.976471 0.644344 0.976471 0.644344 0.999999 0.623530 0.999999
0 0.592761 0.816290 0.634389 0.816290 0.634389 0.847059 0.592761 0.847059
0 0.756561 0.762895 0.798190 0.762895 0.798190 0.799095 0.756561 0.799095
0 0.799095 0.746606 0.834389 0.746606 0.834389 0.768325 0.799095 0.768325
0 0.702263 0.770136 0.732127 0.770136 0.732127 0.820815 0.702263 0.820815
0 0.792760 0.026244 0.819910 0.026244 0.819910 0.059728 0.792760 0.059728
0 0.816289 0.361991 0.836199 0.361991 0.836199 0.388235 0.816289 0.388235
0 0.869683 0.274208 0.901357 0.274208 0.901357 0.295022 0.869683 0.295022
0 0.962896 0.290498 0.987330 0.290498 0.987330 0.324887 0.962896 0.324887
0 0.952941 0.358371 0.978280 0.358371 0.978280 0.389141 0.952941 0.389141
0 0.976471 0.333032 0.997285 0.333032 0.997285 0.360181 0.976471 0.360181
0 0.859728 0.406334 0.907692 0.406334 0.907692 0.440723 0.859728 0.440723
0 0.848869 0.561991 0.875113 0.561991 0.875113 0.580995 0.848869 0.580995
0 0.786425 0.624435 0.816289 0.624435 0.816289 0.655204 0.786425 0.655204
0 0.845249 0.604525 0.878733 0.604525 0.878733 0.632579 0.845249 0.632579
0 0.834389 0.934841 0.867873 0.934841 0.867873 0.965611 0.834389 0.965611
0 0.451584 0.393666 0.497738 0.393666 0.497738 0.420814 0.451584 0.420814
0 0.597286 0.373756 0.628055 0.373756 0.628055 0.398190 0.597286 0.398190
0 0.636200 0.365611 0.683258 0.365611 0.683258 0.394569 0.636200 0.394569
0 0.249774 0.532127 0.278732 0.532127 0.278732 0.552941 0.249774 0.552941
0 0.804525 0.138462 0.827149 0.138462 0.827149 0.160181 0.804525 0.160181
0 0.922172 0.139367 0.946606 0.139367 0.946606 0.161991 0.922172 0.161991
1 0.008145 0.027149 0.028055 0.027149 0.028055 0.043439 0.008145 0.043439
1 0.052489 0.069683 0.067874 0.069683 0.067874 0.087783 0.052489 0.087783
1 0.111312 0.121267 0.126697 0.121267 0.126697 0.132127 0.111312 0.132127
1 0.148416 0.235295 0.172850 0.235295 0.172850 0.257014 0.148416 0.257014
1 0.190045 0.085973 0.207240 0.085973 0.207240 0.100453 0.190045 0.100453
1 0.171041 0.023530 0.190046 0.023530 0.190046 0.035294 0.171041 0.035294
1 0.095023 0.354751 0.116741 0.354751 0.116741 0.374661 0.095023 0.374661
1 0.083257 0.381900 0.098643 0.381900 0.098643 0.395475 0.083257 0.395475
1 0.133031 0.405429 0.152941 0.405429 0.152941 0.422624 0.133031 0.422624
1 0.153846 0.400904 0.174660 0.400904 0.174660 0.412670 0.153846 0.412670
1 0.085972 0.476923 0.101358 0.476923 0.101358 0.495023 0.085972 0.495023
1 0.005430 0.474208 0.022624 0.474208 0.022624 0.495928 0.005430 0.495928
1 0.006334 0.491402 0.025340 0.491402 0.025340 0.509502 0.006334 0.509502
1 0.047964 0.529412 0.066969 0.529412 0.066969 0.542986 0.047964 0.542986
1 0.201810 0.750227 0.218100 0.750227 0.218100 0.763801 0.201810 0.763801
1 0.211764 0.785520 0.228960 0.785520 0.228960 0.803620 0.211764 0.803620
1 0.233484 0.816290 0.248868 0.816290 0.248868 0.829864 0.233484 0.829864
1 0.304977 0.789141 0.326697 0.789141 0.326697 0.804526 0.304977 0.804526
1 0.248869 0.817194 0.265159 0.817194 0.265159 0.831674 0.248869 0.831674
1 0.281447 0.867873 0.293212 0.867873 0.293212 0.885069 0.281447 0.885069
1 0.249773 0.879638 0.263348 0.879638 0.263348 0.899548 0.249773 0.899548
1 0.150226 0.852488 0.167422 0.852488 0.167422 0.872398 0.150226 0.872398
1 0.372851 0.821719 0.385521 0.821719 0.385521 0.843438 0.372851 0.843438
1 0.516742 0.822625 0.541176 0.822625 0.541176 0.847059 0.516742 0.847059
1 0.485973 0.755656 0.505883 0.755656 0.505883 0.770136 0.485973 0.770136
1 0.457919 0.769230 0.486877 0.769230 0.486877 0.786425 0.457919 0.786425
1 0.496832 0.781900 0.513122 0.781900 0.513122 0.796380 0.496832 0.796380
1 0.674207 0.744797 0.691403 0.744797 0.691403 0.763802 0.674207 0.763802
1 0.810860 0.093213 0.828960 0.093213 0.828960 0.106788 0.810860 0.106788
1 0.814480 0.266968 0.833484 0.266968 0.833484 0.290498 0.814480 0.290498
1 0.817194 0.484162 0.837104 0.484162 0.837104 0.501358 0.817194 0.501358
1 0.819909 0.727602 0.838009 0.727602 0.838009 0.741176 0.819909 0.741176
1 0.836199 0.747511 0.849773 0.747511 0.849773 0.762896 0.836199 0.762896
1 0.815384 0.902262 0.835294 0.902262 0.835294 0.916742 0.815384 0.916742
1 0.398190 0.178281 0.413575 0.178281 0.413575 0.193665 0.398190 0.193665
1 0.349321 0.199096 0.368327 0.199096 0.368327 0.220814 0.349321 0.220814
1 0.435294 0.165611 0.453394 0.165611 0.453394 0.181901 0.435294 0.181901
1 0.439819 0.376470 0.457919 0.376470 0.457919 0.394570 0.439819 0.394570
2 0.120362 0.581901 0.139367 0.581901 0.139367 0.613575 0.120362 0.613575
