3 0.014218 0.649006 0.156398 0.649006 0.156398 0.841059 0.014218 0.841059
3 0.104265 0.463577 0.312796 0.463577 0.312796 0.761589 0.104265 0.761589
3 0.236967 0.682119 0.436019 0.682119 0.436019 0.907285 0.236967 0.907285
3 0.426540 0.582781 0.639810 0.582781 0.639810 0.847683 0.426540 0.847683
3 0.587678 0.721854 0.767772 0.721854 0.767772 0.966888 0.587678 0.966888
3 0.729858 0.509933 0.943128 0.509933 0.943128 0.774834 0.729858 0.774834
3 0.345971 0.317881 0.507108 0.317881 0.507108 0.496689 0.345971 0.496689
3 0.000001 0.450331 0.090048 0.450331 0.090048 0.622517 0.000001 0.622517
3 0.004739 0.225166 0.175355 0.225166 0.175355 0.483444 0.004739 0.483444
3 0.554502 0.033112 0.734598 0.033112 0.734598 0.311258 0.554502 0.311258
3 0.687203 0.377483 0.895734 0.377483 0.895734 0.549669 0.687203 0.549669
3 0.502370 0.271523 0.767773 0.271523 0.767773 0.450331 0.502370 0.450331
3 0.763034 0.172185 0.914693 0.172185 0.914693 0.364239 0.763034 0.364239
