1 0.037622 0.087896 0.064321 0.087896 0.064321 0.122478 0.037622 0.122478
2 0.021844 0.027377 0.060679 0.027377 0.060679 0.070605 0.021844 0.070605
2 0.162621 0.350145 0.199029 0.350145 0.199029 0.389049 0.162621 0.389049
2 0.177184 0.318443 0.211165 0.318443 0.211165 0.344380 0.177184 0.344380
2 0.900485 0.618155 0.934466 0.618155 0.934466 0.664265 0.900485 0.664265
2 0.935679 0.619596 0.968446 0.619596 0.968446 0.652738 0.935679 0.652738
2 0.927184 0.701729 0.961166 0.701729 0.961166 0.733429 0.927184 0.733429
2 0.959952 0.701729 0.989078 0.701729 0.989078 0.729107 0.959952 0.729107
2 0.730582 0.903458 0.766990 0.903458 0.766990 0.940922 0.730582 0.940922
2 0.747572 0.838616 0.780339 0.838616 0.780339 0.871758 0.747572 0.871758
2 0.786408 0.828530 0.816748 0.828530 0.816748 0.868876 0.786408 0.868876
2 0.841020 0.870317 0.875001 0.870317 0.875001 0.910663 0.841020 0.910663
2 0.810679 0.871758 0.838593 0.871758 0.838593 0.914986 0.810679 0.914986
2 0.787621 0.890490 0.810679 0.890490 0.810679 0.925072 0.787621 0.925072
2 0.074029 0.896254 0.106796 0.896254 0.106796 0.936600 0.074029 0.936600
2 0.108010 0.927954 0.140776 0.927954 0.140776 0.971182 0.108010 0.971182
