0 0.929688 0.626953 0.958984 0.626953 0.958984 0.654297 0.929688 0.654297
0 0.301758 0.252930 0.337890 0.252930 0.337890 0.293946 0.301758 0.293946
0 0.583008 0.160156 0.617188 0.160156 0.617188 0.195312 0.583008 0.195312
0 0.156250 0.342773 0.190430 0.342773 0.190430 0.374023 0.156250 0.374023
0 0.141601 0.737305 0.170899 0.737305 0.170899 0.758789 0.141601 0.758789
0 0.264649 0.340820 0.292969 0.340820 0.292969 0.377930 0.264649 0.377930
0 0.068360 0.861328 0.097656 0.861328 0.097656 0.889648 0.068360 0.889648
0 0.482422 0.881837 0.517578 0.881837 0.517578 0.925781 0.482422 0.925781
0 0.504883 0.389648 0.536133 0.389648 0.536133 0.427734 0.504883 0.427734
0 0.770507 0.755860 0.803710 0.755860 0.803710 0.792969 0.770507 0.792969
0 0.892578 0.430664 0.927734 0.430664 0.927734 0.472656 0.892578 0.472656
0 0.188476 0.903320 0.218749 0.903320 0.218749 0.936524 0.188476 0.936524
0 0.398438 0.229492 0.433594 0.229492 0.433594 0.268554 0.398438 0.268554
0 0.805664 0.880859 0.834960 0.880859 0.834960 0.918945 0.805664 0.918945
0 0.399414 0.717773 0.430664 0.717773 0.430664 0.750000 0.399414 0.750000
0 0.217774 0.600585 0.250001 0.600585 0.250001 0.625976 0.217774 0.625976
0 0.195313 0.696288 0.219727 0.696288 0.219727 0.721679 0.195313 0.721679
0 0.381836 0.195313 0.419922 0.195313 0.419922 0.216797 0.381836 0.216797
0 0.010742 0.157227 0.042968 0.157227 0.042968 0.175782 0.010742 0.175782
0 0.253906 0.958984 0.283203 0.958984 0.283203 0.990234 0.253906 0.990234
0 0.491211 0.079102 0.536133 0.079102 0.536133 0.114258 0.491211 0.114258
0 0.856445 0.575195 0.889649 0.575195 0.889649 0.603515 0.856445 0.603515
0 0.421875 0.649413 0.456055 0.649413 0.456055 0.692383 0.421875 0.692383
0 0.816407 0.444336 0.846680 0.444336 0.846680 0.486328 0.816407 0.486328
0 0.271484 0.696290 0.302734 0.696290 0.302734 0.736328 0.271484 0.736328
0 0.464843 0.061523 0.491210 0.061523 0.491210 0.087890 0.464843 0.087890
0 0.621093 0.975586 0.654297 0.975586 0.654297 0.999024 0.621093 0.999024
0 0.233399 0.072266 0.268555 0.072266 0.268555 0.090820 0.233399 0.090820
0 0.421874 0.813477 0.454101 0.813477 0.454101 0.845704 0.421874 0.845704
0 0.355469 0.094727 0.399414 0.094727 0.399414 0.123047 0.355469 0.123047
0 0.000001 0.000000 0.040039 0.000000 0.040039 0.025390 0.000001 0.025390
0 0.529297 0.662110 0.550781 0.662110 0.550781 0.694337 0.529297 0.694337
0 0.893554 0.511718 0.926758 0.511718 0.926758 0.534180 0.893554 0.534180
0 0.271485 0.525390 0.304688 0.525390 0.304688 0.562500 0.271485 0.562500
0 0.146484 0.877930 0.175782 0.877930 0.175782 0.912110 0.146484 0.912110
0 0.696289 0.623047 0.724609 0.623047 0.724609 0.651367 0.696289 0.651367
0 0.615234 0.801758 0.653320 0.801758 0.653320 0.835938 0.615234 0.835938
0 0.232422 0.032227 0.254883 0.032227 0.254883 0.065430 0.232422 0.065430
0 0.478516 0.796875 0.509766 0.796875 0.509766 0.831055 0.478516 0.831055
0 0.712891 0.583985 0.733399 0.583985 0.733399 0.613281 0.712891 0.613281
0 0.000977 0.545898 0.033203 0.545898 0.033203 0.586914 0.000977 0.586914
0 0.739258 0.340820 0.767578 0.340820 0.767578 0.382812 0.739258 0.382812
0 0.072265 0.291992 0.102538 0.291992 0.102538 0.323242 0.072265 0.323242
0 0.484375 0.237304 0.510742 0.237304 0.510742 0.278320 0.484375 0.278320
0 0.041993 0.564453 0.072265 0.564453 0.072265 0.595703 0.041993 0.595703
0 0.282226 0.369140 0.316406 0.369140 0.316406 0.394532 0.282226 0.394532
0 0.770508 0.689453 0.796875 0.689453 0.796875 0.713867 0.770508 0.713867
0 0.761719 0.186524 0.795899 0.186524 0.795899 0.222656 0.761719 0.222656
0 0.426758 0.013672 0.461914 0.013672 0.461914 0.048828 0.426758 0.048828
0 0.920898 0.202149 0.953125 0.202149 0.953125 0.241211 0.920898 0.241211
0 0.108399 0.349609 0.147461 0.349609 0.147461 0.375001 0.108399 0.375001
0 0.724609 0.515624 0.780273 0.515624 0.780273 0.558593 0.724609 0.558593
0 0.886718 0.396484 0.918945 0.396484 0.918945 0.431640 0.886718 0.431640
0 0.403321 0.402344 0.436524 0.402344 0.436524 0.446289 0.403321 0.446289
0 0.622070 0.377929 0.646484 0.377929 0.646484 0.404297 0.622070 0.404297
0 0.652344 0.390625 0.679688 0.390625 0.679688 0.428711 0.652344 0.428711
0 0.736328 0.140624 0.762695 0.140624 0.762695 0.172851 0.736328 0.172851
0 0.643555 0.459961 0.669922 0.459961 0.669922 0.494141 0.643555 0.494141
0 0.890625 0.279297 0.928711 0.279297 0.928711 0.307617 0.890625 0.307617
0 0.489258 0.928711 0.515625 0.928711 0.515625 0.966797 0.489258 0.966797
0 0.708984 0.332031 0.733398 0.332031 0.733398 0.371093 0.708984 0.371093
0 0.812500 0.314453 0.842773 0.314453 0.842773 0.347656 0.812500 0.347656
0 0.052735 0.625000 0.084962 0.625000 0.084962 0.649414 0.052735 0.649414
0 0.958008 0.094727 0.997070 0.094727 0.997070 0.133789 0.958008 0.133789
0 0.461914 0.958984 0.498047 0.958984 0.498047 0.997070 0.461914 0.997070
0 0.780273 0.715820 0.812500 0.715820 0.812500 0.746093 0.780273 0.746093
0 0.504883 0.456055 0.540039 0.456055 0.540039 0.484375 0.504883 0.484375
0 0.794921 0.198242 0.827148 0.198242 0.827148 0.237304 0.794921 0.237304
0 0.337890 0.294921 0.367188 0.294921 0.367188 0.320312 0.337890 0.320312
0 0.450195 0.640625 0.478515 0.640625 0.478515 0.668945 0.450195 0.668945
0 0.762695 0.676758 0.787109 0.676758 0.787109 0.698242 0.762695 0.698242
0 0.645508 0.770508 0.670898 0.770508 0.670898 0.802735 0.645508 0.802735
0 0.443360 0.737305 0.476562 0.737305 0.476562 0.769532 0.443360 0.769532
0 0.554688 0.515625 0.583984 0.515625 0.583984 0.544921 0.554688 0.544921
0 0.695312 0.658203 0.720703 0.658203 0.720703 0.686523 0.695312 0.686523
0 0.904297 0.065430 0.938477 0.065430 0.938477 0.091797 0.904297 0.091797
0 0.715820 0.236328 0.744140 0.236328 0.744140 0.267578 0.715820 0.267578
0 0.769531 0.139648 0.802735 0.139648 0.802735 0.183593 0.769531 0.183593
0 0.455078 0.549805 0.484376 0.549805 0.484376 0.585938 0.455078 0.585938
0 0.322266 0.316406 0.350586 0.316406 0.350586 0.339844 0.322266 0.339844
0 0.940430 0.386718 0.981446 0.386718 0.981446 0.416015 0.940430 0.416015
0 0.112305 0.629883 0.144532 0.629883 0.144532 0.662110 0.112305 0.662110
0 0.791016 0.388672 0.826172 0.388672 0.826172 0.426758 0.791016 0.426758
0 0.122070 0.858398 0.156250 0.858398 0.156250 0.899414 0.122070 0.899414
0 0.491212 0.488282 0.521485 0.488282 0.521485 0.518555 0.491212 0.518555
0 0.797851 0.648438 0.832031 0.648438 0.832031 0.681641 0.797851 0.681641
0 0.772461 0.482422 0.814453 0.482422 0.814453 0.508788 0.772461 0.508788
0 0.401367 0.618164 0.422851 0.618164 0.422851 0.635742 0.401367 0.635742
0 0.557618 0.201172 0.586915 0.201172 0.586915 0.228516 0.557618 0.228516
0 0.796875 0.907227 0.812500 0.907227 0.812500 0.928711 0.796875 0.928711
0 0.233399 0.500976 0.261719 0.500976 0.261719 0.541992 0.233399 0.541992
0 0.481446 0.296874 0.511719 0.296874 0.511719 0.326172 0.481446 0.326172
0 0.806640 0.573243 0.843750 0.573243 0.843750 0.617188 0.806640 0.617188
0 0.227538 0.339844 0.263672 0.339844 0.263672 0.361328 0.227538 0.361328
0 0.532226 0.225586 0.565430 0.225586 0.565430 0.263672 0.532226 0.263672
0 0.202149 0.205078 0.232422 0.205078 0.232422 0.236328 0.202149 0.236328
0 0.354492 0.439453 0.387695 0.439453 0.387695 0.474609 0.354492 0.474609
0 0.027344 0.337890 0.061524 0.337890 0.061524 0.370117 0.027344 0.370117
0 0.184570 0.526367 0.229492 0.526367 0.229492 0.568359 0.184570 0.568359
0 0.087890 0.399414 0.122070 0.399414 0.122070 0.434570 0.087890 0.434570
0 0.884766 0.793945 0.913086 0.793945 0.913086 0.821289 0.884766 0.821289
0 0.348633 0.623047 0.380860 0.623047 0.380860 0.668945 0.348633 0.668945
0 0.451172 0.441406 0.481445 0.441406 0.481445 0.467774 0.451172 0.467774
0 0.375976 0.666016 0.409179 0.666016 0.409179 0.705078 0.375976 0.705078
0 0.508789 0.041016 0.533203 0.041016 0.533203 0.072266 0.508789 0.072266
0 0.190430 0.741210 0.217774 0.741210 0.217774 0.770507 0.190430 0.770507
0 0.169922 0.767578 0.205078 0.767578 0.205078 0.816406 0.169922 0.816406
0 0.490234 0.356446 0.525390 0.356446 0.525390 0.386719 0.490234 0.386719
0 0.902344 0.094727 0.930664 0.094727 0.930664 0.132813 0.902344 0.132813
0 0.151367 0.312499 0.185547 0.312499 0.185547 0.341797 0.151367 0.341797
0 0.725587 0.780273 0.762696 0.780273 0.762696 0.821289 0.725587 0.821289
0 0.934570 0.859375 0.968750 0.859375 0.968750 0.888671 0.934570 0.888671
0 0.071288 0.120117 0.103515 0.120117 0.103515 0.137695 0.071288 0.137695
0 0.682618 0.036133 0.726562 0.036133 0.726562 0.075195 0.682618 0.075195
0 0.802734 0.073242 0.820312 0.073242 0.820312 0.094726 0.802734 0.094726
0 0.700196 0.296876 0.729492 0.296876 0.729492 0.330078 0.700196 0.330078
0 0.269531 0.916992 0.296875 0.916992 0.296875 0.945312 0.269531 0.945312
0 0.311524 0.867188 0.339844 0.867188 0.339844 0.910157 0.311524 0.910157
0 0.302735 0.618164 0.334962 0.618164 0.334962 0.652344 0.302735 0.652344
0 0.488282 0.732422 0.524415 0.732422 0.524415 0.770508 0.488282 0.770508
0 0.530274 0.859375 0.555665 0.859375 0.555665 0.904297 0.530274 0.904297
0 0.148437 0.109375 0.200195 0.109375 0.200195 0.129883 0.148437 0.129883
0 0.898438 0.550781 0.940430 0.550781 0.940430 0.579101 0.898438 0.579101
0 0.918945 0.303711 0.951172 0.303711 0.951172 0.331055 0.918945 0.331055
0 0.945312 0.443359 0.985351 0.443359 0.985351 0.481445 0.945312 0.481445
0 0.870117 0.743164 0.888673 0.743164 0.888673 0.774414 0.870117 0.774414
0 0.113281 0.239258 0.154297 0.239258 0.154297 0.270508 0.113281 0.270508
0 0.814453 0.066407 0.834961 0.066407 0.834961 0.085938 0.814453 0.085938
0 0.304688 0.772461 0.333008 0.772461 0.333008 0.795899 0.304688 0.795899
0 0.652343 0.294922 0.682616 0.294922 0.682616 0.326172 0.652343 0.326172
0 0.938477 0.250000 0.973633 0.250000 0.973633 0.276367 0.938477 0.276367
0 0.630860 0.114258 0.669922 0.114258 0.669922 0.162110 0.630860 0.162110
0 0.138672 0.367188 0.165038 0.367188 0.165038 0.391602 0.138672 0.391602
0 0.622070 0.591797 0.652343 0.591797 0.652343 0.616211 0.622070 0.616211
0 0.856445 0.419922 0.884765 0.419922 0.884765 0.455078 0.856445 0.455078
0 0.672852 0.937500 0.701172 0.937500 0.701172 0.983398 0.672852 0.983398
0 0.127930 0.774414 0.161132 0.774414 0.161132 0.808594 0.127930 0.808594
0 0.861328 0.886719 0.887695 0.886719 0.887695 0.932617 0.861328 0.932617
0 0.399414 0.834961 0.423828 0.834961 0.423828 0.870117 0.399414 0.870117
0 0.413085 0.501953 0.449218 0.501953 0.449218 0.534180 0.413085 0.534180
0 0.630860 0.667969 0.663087 0.667969 0.663087 0.703125 0.630860 0.703125
0 0.680664 0.774414 0.702148 0.774414 0.702148 0.801758 0.680664 0.801758
0 0.797851 0.000000 0.834960 0.000000 0.834960 0.031250 0.797851 0.031250
0 0.545898 0.340820 0.573242 0.340820 0.573242 0.366212 0.545898 0.366212
0 0.675782 0.350585 0.706055 0.350585 0.706055 0.379883 0.675782 0.379883
0 0.080077 0.442383 0.112305 0.442383 0.112305 0.470703 0.080077 0.470703
0 0.664062 0.249999 0.701172 0.249999 0.701172 0.282226 0.664062 0.282226
0 0.574218 0.788086 0.600585 0.788086 0.600585 0.833984 0.574218 0.833984
0 0.676758 0.079102 0.711914 0.079102 0.711914 0.117188 0.676758 0.117188
0 0.765625 0.964843 0.786133 0.964843 0.786133 0.998047 0.765625 0.998047
0 0.948242 0.067382 0.987304 0.067382 0.987304 0.103515 0.948242 0.103515
0 0.421874 0.855469 0.447266 0.855469 0.447266 0.893555 0.421874 0.893555
0 0.078125 0.780274 0.109375 0.780274 0.109375 0.820312 0.078125 0.820312
0 0.371094 0.327148 0.407226 0.327148 0.407226 0.361328 0.371094 0.361328
0 0.638671 0.517578 0.670898 0.517578 0.670898 0.551758 0.638671 0.551758
0 0.597656 0.392578 0.625000 0.392578 0.625000 0.418946 0.597656 0.418946
0 0.677735 0.896484 0.706055 0.896484 0.706055 0.923828 0.677735 0.923828
0 0.659180 0.716797 0.691407 0.716797 0.691407 0.754883 0.659180 0.754883
0 0.250000 0.785157 0.289062 0.785157 0.289062 0.810547 0.250000 0.810547
0 0.827148 0.791992 0.858398 0.791992 0.858398 0.830078 0.827148 0.830078
0 0.468749 0.768555 0.494141 0.768555 0.494141 0.794922 0.468749 0.794922
0 0.936524 0.731445 0.976562 0.731445 0.976562 0.772461 0.936524 0.772461
0 0.728515 0.000000 0.764648 0.000000 0.764648 0.025390 0.728515 0.025390
0 0.865235 0.503907 0.891602 0.503907 0.891602 0.523438 0.865235 0.523438
0 0.890625 0.188476 0.925781 0.188476 0.925781 0.224610 0.890625 0.224610
0 0.217773 0.450195 0.255859 0.450195 0.255859 0.485351 0.217773 0.485351
0 0.112304 0.000977 0.153320 0.000977 0.153320 0.022461 0.112304 0.022461
0 0.821288 0.688477 0.853515 0.688477 0.853515 0.718750 0.821288 0.718750
0 0.028321 0.263672 0.060548 0.263672 0.060548 0.296874 0.028321 0.296874
0 0.155274 0.173828 0.187501 0.173828 0.187501 0.194336 0.155274 0.194336
0 0.911133 0.716797 0.942383 0.716797 0.942383 0.747070 0.911133 0.747070
0 0.891601 0.011719 0.912109 0.011719 0.912109 0.034180 0.891601 0.034180
0 0.017578 0.463867 0.052734 0.463867 0.052734 0.495117 0.017578 0.495117
0 0.931640 0.118164 0.957031 0.118164 0.957031 0.143555 0.931640 0.143555
0 0.822266 0.240234 0.851562 0.240234 0.851562 0.271484 0.822266 0.271484
0 0.380859 0.587890 0.405273 0.587890 0.405273 0.615234 0.380859 0.615234
0 0.311523 0.653320 0.334961 0.653320 0.334961 0.675782 0.311523 0.675782
0 0.928711 0.794922 0.952149 0.794922 0.952149 0.825195 0.928711 0.825195
0 0.550781 0.888672 0.574219 0.888672 0.574219 0.945312 0.550781 0.945312
0 0.041016 0.693360 0.065430 0.693360 0.065430 0.729492 0.041016 0.729492
0 0.605469 0.492187 0.640625 0.492187 0.640625 0.521484 0.605469 0.521484
0 0.047851 0.031250 0.092773 0.031250 0.092773 0.059570 0.047851 0.059570
0 0.692383 0.968750 0.735352 0.968750 0.735352 0.998046 0.692383 0.998046
0 0.391601 0.185547 0.420899 0.185547 0.420899 0.201172 0.391601 0.201172
0 0.391601 0.557617 0.423828 0.557617 0.423828 0.595703 0.391601 0.595703
0 0.859375 0.310547 0.887695 0.310547 0.887695 0.347657 0.859375 0.347657
0 0.826172 0.519531 0.855468 0.519531 0.855468 0.546875 0.826172 0.546875
0 0.135743 0.494141 0.154298 0.494141 0.154298 0.514649 0.135743 0.514649
0 0.961915 0.574218 0.988282 0.574218 0.988282 0.606445 0.961915 0.606445
0 0.197265 0.007812 0.226562 0.007812 0.226562 0.041992 0.197265 0.041992
0 0.559570 0.041016 0.589843 0.041016 0.589843 0.076172 0.559570 0.076172
0 0.380859 0.732421 0.408203 0.732421 0.408203 0.765625 0.380859 0.765625
0 0.137695 0.465820 0.185547 0.465820 0.185547 0.498047 0.137695 0.498047
0 0.181640 0.172851 0.210938 0.172851 0.210938 0.202149 0.181640 0.202149
0 0.315429 0.016601 0.338867 0.016601 0.338867 0.053711 0.315429 0.053711
0 0.370117 0.250000 0.408203 0.250000 0.408203 0.290040 0.370117 0.290040
0 0.374023 0.380859 0.408203 0.380859 0.408203 0.406251 0.374023 0.406251
0 0.896484 0.649414 0.927734 0.649414 0.927734 0.680664 0.896484 0.680664
0 0.180664 0.649415 0.215820 0.649415 0.215820 0.686524 0.180664 0.686524
0 0.045898 0.734375 0.083007 0.734375 0.083007 0.766602 0.045898 0.766602
0 0.273438 0.144532 0.306640 0.144532 0.306640 0.181641 0.273438 0.181641
0 0.313476 0.465820 0.349609 0.465820 0.349609 0.502930 0.313476 0.502930
0 0.918945 0.604492 0.942383 0.604492 0.942383 0.631836 0.918945 0.631836
0 0.884765 0.032227 0.907227 0.032227 0.907227 0.049805 0.884765 0.049805
0 0.458008 0.696289 0.494140 0.696289 0.494140 0.730469 0.458008 0.730469
0 0.751954 0.437499 0.782227 0.437499 0.782227 0.469726 0.751954 0.469726
0 0.277344 0.066406 0.308594 0.066406 0.308594 0.083008 0.277344 0.083008
0 0.861328 0.615234 0.895508 0.615234 0.895508 0.657226 0.861328 0.657226
0 0.184570 0.133790 0.217773 0.133790 0.217773 0.166992 0.184570 0.166992
0 0.093749 0.476563 0.125976 0.476563 0.125976 0.511719 0.093749 0.511719
0 0.401366 0.901367 0.426758 0.901367 0.426758 0.939453 0.401366 0.939453
0 0.912110 0.162110 0.948242 0.162110 0.948242 0.195312 0.912110 0.195312
0 0.059570 0.149415 0.104492 0.149415 0.104492 0.175781 0.059570 0.175781
0 0.709960 0.643554 0.743164 0.643554 0.743164 0.666992 0.709960 0.666992
0 0.713867 0.201172 0.736329 0.201172 0.736329 0.222656 0.713867 0.222656
0 0.940430 0.620117 0.970703 0.620117 0.970703 0.646485 0.940430 0.646485
0 0.489258 0.166992 0.526367 0.166992 0.526367 0.195312 0.489258 0.195312
0 0.003906 0.837891 0.032226 0.837891 0.032226 0.879883 0.003906 0.879883
0 0.377930 0.786133 0.413086 0.786133 0.413086 0.832031 0.377930 0.832031
0 0.551757 0.104492 0.584960 0.104492 0.584960 0.142578 0.551757 0.142578
0 0.830078 0.277344 0.875000 0.277344 0.875000 0.313476 0.830078 0.313476
0 0.755860 0.296874 0.792969 0.296874 0.792969 0.326172 0.755860 0.326172
0 0.378906 0.904297 0.405274 0.904297 0.405274 0.943359 0.378906 0.943359
0 0.288086 0.489258 0.322266 0.489258 0.322266 0.525390 0.288086 0.525390
0 0.361328 0.480469 0.394531 0.480469 0.394531 0.507813 0.361328 0.507813
0 0.898438 0.618165 0.923828 0.618165 0.923828 0.658203 0.898438 0.658203
0 0.607421 0.072266 0.640625 0.072266 0.640625 0.112305 0.607421 0.112305
0 0.204101 0.168945 0.230469 0.168945 0.230469 0.198243 0.204101 0.198243
0 0.100585 0.890625 0.123047 0.890625 0.123047 0.924805 0.100585 0.924805
0 0.252930 0.607422 0.286133 0.607422 0.286133 0.644532 0.252930 0.644532
0 0.584960 0.651367 0.617188 0.651367 0.617188 0.685547 0.584960 0.685547
0 0.889649 0.139649 0.928711 0.139649 0.928711 0.166015 0.889649 0.166015
0 0.329101 0.184570 0.352539 0.184570 0.352539 0.213868 0.329101 0.213868
0 0.585938 0.289062 0.614258 0.289062 0.614258 0.322265 0.585938 0.322265
0 0.083008 0.257812 0.131836 0.257812 0.131836 0.291992 0.083008 0.291992
0 0.202149 0.109375 0.238281 0.109375 0.238281 0.132813 0.202149 0.132813
0 0.553711 0.690430 0.592773 0.690430 0.592773 0.733399 0.553711 0.733399
0 0.830078 0.169922 0.863282 0.169922 0.863282 0.212890 0.830078 0.212890
0 0.952148 0.313476 0.983398 0.313476 0.983398 0.360351 0.952148 0.360351
0 0.599610 0.224609 0.629883 0.224609 0.629883 0.258789 0.599610 0.258789
0 0.344726 0.893555 0.370118 0.893555 0.370118 0.932617 0.344726 0.932617
0 0.829102 0.488282 0.857422 0.488282 0.857422 0.518555 0.829102 0.518555
0 0.293945 0.961915 0.322265 0.961915 0.322265 0.992188 0.293945 0.992188
0 0.511718 0.543945 0.538085 0.543945 0.538085 0.579101 0.511718 0.579101
0 0.885742 0.922852 0.914062 0.922852 0.914062 0.964844 0.885742 0.964844
0 0.449219 0.227539 0.481446 0.227539 0.481446 0.280273 0.449219 0.280273
0 0.336914 0.806640 0.364258 0.806640 0.364258 0.849610 0.336914 0.849610
0 0.145508 0.145508 0.181640 0.145508 0.181640 0.169922 0.145508 0.169922
0 0.613282 0.840820 0.643555 0.840820 0.643555 0.874024 0.613282 0.874024
0 0.143555 0.022461 0.178711 0.022461 0.178711 0.064453 0.143555 0.064453
0 0.271485 0.000000 0.301758 0.000000 0.301758 0.027344 0.271485 0.027344
0 0.084961 0.828125 0.122070 0.828125 0.122070 0.854492 0.084961 0.854492
0 0.704102 0.854492 0.725586 0.854492 0.725586 0.875976 0.704102 0.875976
0 0.364258 0.510742 0.399414 0.510742 0.399414 0.538086 0.364258 0.538086
0 0.641601 0.367188 0.668945 0.367188 0.668945 0.391602 0.641601 0.391602
0 0.900390 0.971680 0.926758 0.971680 0.926758 0.993164 0.900390 0.993164
0 0.763672 0.247070 0.792968 0.247070 0.792968 0.278320 0.763672 0.278320
0 0.570312 0.077148 0.604492 0.077148 0.604492 0.108398 0.570312 0.108398
0 0.812500 0.114257 0.849610 0.114257 0.849610 0.150390 0.812500 0.150390
0 0.625000 0.189453 0.658204 0.189453 0.658204 0.223633 0.625000 0.223633
0 0.454102 0.179688 0.489258 0.179688 0.489258 0.212890 0.454102 0.212890
0 0.254883 0.230468 0.293945 0.230468 0.293945 0.273438 0.254883 0.273438
0 0.273437 0.036133 0.311523 0.036133 0.311523 0.059571 0.273437 0.059571
0 0.033203 0.178711 0.070312 0.178711 0.070312 0.208984 0.033203 0.208984
0 0.235351 0.688477 0.268554 0.688477 0.268554 0.717773 0.235351 0.717773
0 0.542968 0.273438 0.569335 0.273438 0.569335 0.306640 0.542968 0.306640
0 0.559570 0.728515 0.592774 0.728515 0.592774 0.765625 0.559570 0.765625
0 0.890625 0.840820 0.927735 0.840820 0.927735 0.872070 0.890625 0.872070
0 0.012696 0.684570 0.038087 0.684570 0.038087 0.739258 0.012696 0.739258
1 0.586915 0.002929 0.606445 0.002929 0.606445 0.019531 0.586915 0.019531
