0 0.908772 0.506818 0.945614 0.506818 0.945614 0.561364 0.908772 0.561364
0 0.871930 0.470454 0.905263 0.470454 0.905263 0.524999 0.871930 0.524999
0 0.822808 0.475000 0.864913 0.475000 0.864913 0.522728 0.822808 0.522728
0 0.770176 0.452273 0.810527 0.452273 0.810527 0.509091 0.770176 0.509091
0 0.735088 0.368182 0.773684 0.368182 0.773684 0.418182 0.735088 0.418182
0 0.635087 0.279546 0.677192 0.279546 0.677192 0.320454 0.635087 0.320454
0 0.584210 0.302273 0.619298 0.302273 0.619298 0.352273 0.584210 0.352273
0 0.522806 0.018182 0.563157 0.018182 0.563157 0.081818 0.522806 0.081818
0 0.333334 0.075000 0.375438 0.075000 0.375438 0.138636 0.333334 0.138636
0 0.282456 0.038636 0.321052 0.038636 0.321052 0.100000 0.282456 0.100000
0 0.668421 0.168182 0.715789 0.168182 0.715789 0.234091 0.668421 0.234091
0 0.554386 0.115908 0.582456 0.115908 0.582456 0.168182 0.554386 0.168182
1 0.610526 0.881818 0.642105 0.881818 0.642105 0.922728 0.610526 0.922728
1 0.750877 0.304545 0.780702 0.304545 0.780702 0.347727 0.750877 0.347727
1 0.114036 0.336363 0.147369 0.336363 0.147369 0.402272 0.114036 0.402272
1 0.796492 0.009091 0.826317 0.009091 0.826317 0.047727 0.796492 0.047727
3 0.117544 0.115909 0.270176 0.115909 0.270176 0.306818 0.117544 0.306818
3 0.228070 0.284091 0.347368 0.284091 0.347368 0.418181 0.228070 0.418181
3 0.389474 0.370455 0.475438 0.370455 0.475438 0.511363 0.389474 0.511363
3 0.319298 0.211363 0.392982 0.211363 0.392982 0.297727 0.319298 0.297727
3 0.505263 0.440909 0.592983 0.440909 0.592983 0.540909 0.505263 0.540909
3 0.640351 0.484091 0.736841 0.484091 0.736841 0.627273 0.640351 0.627273
3 0.696491 0.661364 0.798245 0.661364 0.798245 0.804546 0.696491 0.804546
3 0.580702 0.550000 0.652632 0.550000 0.652632 0.661364 0.580702 0.661364
3 0.763157 0.790910 0.875439 0.790910 0.875439 0.931818 0.763157 0.931818
3 0.705263 0.236364 0.735088 0.236364 0.735088 0.279546 0.705263 0.279546
3 0.608772 0.090909 0.642105 0.090909 0.642105 0.172727 0.608772 0.172727
