1 0.015152 0.014599 0.054113 0.014599 0.054113 0.091241 0.015152 0.091241
1 0.051948 0.193431 0.086580 0.193431 0.086580 0.291971 0.051948 0.291971
1 0.093073 0.200730 0.134199 0.200730 0.134199 0.277372 0.093073 0.277372
1 0.084415 0.295620 0.134199 0.295620 0.134199 0.350365 0.084415 0.350365
1 0.194804 0.419708 0.231602 0.419708 0.231602 0.492700 0.194804 0.492700
1 0.322511 0.540145 0.363637 0.540145 0.363637 0.613139 0.322511 0.613139
1 0.181817 0.843066 0.218615 0.843066 0.218615 0.919708 0.181817 0.919708
1 0.322510 0.802920 0.367966 0.802920 0.367966 0.879562 0.322510 0.879562
1 0.411255 0.923358 0.458874 0.923358 0.458874 0.985402 0.411255 0.985402
1 0.439394 0.857664 0.482684 0.857664 0.482684 0.919708 0.439394 0.919708
1 0.378788 0.729927 0.419914 0.729927 0.419914 0.795620 0.378788 0.795620
1 0.582251 0.708029 0.625541 0.708029 0.625541 0.755474 0.582251 0.755474
1 0.562771 0.620439 0.606061 0.620439 0.606061 0.686132 0.562771 0.686132
1 0.779221 0.697080 0.822511 0.697080 0.822511 0.766423 0.779221 0.766423
1 0.837662 0.638686 0.880952 0.638686 0.880952 0.700730 0.837662 0.700730
1 0.909090 0.536497 0.956709 0.536497 0.956709 0.613139 0.909090 0.613139
1 0.887446 0.445255 0.937230 0.445255 0.937230 0.525547 0.887446 0.525547
1 0.807360 0.500000 0.863636 0.500000 0.863636 0.565693 0.807360 0.565693
1 0.621212 0.386861 0.670996 0.386861 0.670996 0.463503 0.621212 0.463503
1 0.651514 0.328468 0.696970 0.328468 0.696970 0.394161 0.651514 0.394161
1 0.679654 0.240876 0.735930 0.240876 0.735930 0.299270 0.679654 0.299270
1 0.205627 0.153285 0.246753 0.153285 0.246753 0.222628 0.205627 0.222628
1 0.277056 0.156934 0.305196 0.156934 0.305196 0.218978 0.277056 0.218978
1 0.350649 0.080292 0.400433 0.080292 0.400433 0.149636 0.350649 0.149636
1 0.331168 0.171533 0.376623 0.171533 0.376623 0.248175 0.331168 0.248175
1 0.854978 0.233577 0.900433 0.233577 0.900433 0.306569 0.854978 0.306569
1 0.774891 0.240875 0.822511 0.240875 0.822511 0.310219 0.774891 0.310219
1 0.818182 0.306569 0.857143 0.306569 0.857143 0.394160 0.818182 0.394160
1 0.253247 0.266423 0.290044 0.266423 0.290044 0.335767 0.253247 0.335767
1 0.406926 0.802920 0.448052 0.802920 0.448052 0.875913 0.406926 0.875913
1 0.551949 0.518247 0.616884 0.518247 0.616884 0.613139 0.551949 0.613139
1 0.640692 0.149635 0.688312 0.149635 0.688312 0.229927 0.640692 0.229927
1 0.774892 0.580292 0.818182 0.580292 0.818182 0.645985 0.774892 0.645985
1 0.303030 0.335767 0.354978 0.335767 0.354978 0.412409 0.303030 0.412409
1 0.948052 0.105840 0.991342 0.105840 0.991342 0.175182 0.948052 0.175182
1 0.965368 0.478102 1.000000 0.478102 1.000000 0.543795 0.965368 0.543795
1 0.212121 0.784671 0.253247 0.784671 0.253247 0.857665 0.212121 0.857665
1 0.075758 0.901460 0.127706 0.901460 0.127706 0.967153 0.075758 0.967153
1 0.186147 0.598540 0.216451 0.598540 0.216451 0.653285 0.186147 0.653285
1 0.158008 0.569343 0.186148 0.569343 0.186148 0.613139 0.158008 0.613139
1 0.677489 0.518248 0.727273 0.518248 0.727273 0.576642 0.677489 0.576642
1 0.627705 0.532847 0.668831 0.532847 0.668831 0.627738 0.627705 0.627738
1 0.681817 0.591241 0.718614 0.591241 0.718614 0.649635 0.681817 0.649635
1 0.625541 0.635036 0.668831 0.635036 0.668831 0.697080 0.625541 0.697080
0 0.129870 0.452554 0.164502 0.452554 0.164502 0.543795 0.129870 0.543795
0 0.086580 0.478102 0.127706 0.478102 0.127706 0.558394 0.086580 0.558394
0 0.164502 0.689780 0.205628 0.689780 0.205628 0.762773 0.164502 0.762773
0 0.088744 0.682482 0.129870 0.682482 0.129870 0.751825 0.088744 0.751825
0 0.339827 0.642336 0.374459 0.642336 0.374459 0.718978 0.339827 0.718978
0 0.636363 0.905110 0.673160 0.905110 0.673160 0.981752 0.636363 0.981752
0 0.690476 0.846715 0.733766 0.846715 0.733766 0.923357 0.690476 0.923357
0 0.822511 0.883212 0.874459 0.883212 0.874459 0.959854 0.822511 0.959854
0 0.577922 0.791971 0.621212 0.791971 0.621212 0.854015 0.577922 0.854015
0 0.722944 0.762773 0.766234 0.762773 0.766234 0.832116 0.722944 0.832116
0 0.478355 0.810219 0.519481 0.810219 0.519481 0.875912 0.478355 0.875912
0 0.519481 0.627738 0.554113 0.627738 0.554113 0.697080 0.519481 0.697080
0 0.478355 0.649635 0.519481 0.649635 0.519481 0.729927 0.478355 0.729927
0 0.415584 0.671532 0.461039 0.671532 0.461039 0.744526 0.415584 0.744526
0 0.523809 0.824818 0.573593 0.824818 0.573593 0.901460 0.523809 0.901460
0 0.924242 0.186131 0.974026 0.186131 0.974026 0.270073 0.924242 0.270073
0 0.818182 0.131386 0.865801 0.131386 0.865801 0.222628 0.818182 0.222628
0 0.857143 0.394161 0.893939 0.394161 0.893939 0.452555 0.857143 0.452555
0 0.694805 0.357664 0.735931 0.357664 0.735931 0.419708 0.694805 0.419708
0 0.603896 0.109489 0.640692 0.109489 0.640692 0.175182 0.603896 0.175182
0 0.887446 0.850364 0.945888 0.850364 0.945888 0.905110 0.887446 0.905110
0 0.958874 0.693431 1.000000 0.693431 1.000000 0.770073 0.958874 0.770073
0 0.634199 0.799269 0.683983 0.799269 0.683983 0.854015 0.634199 0.854015
0 0.629870 0.755474 0.668832 0.755474 0.668832 0.799270 0.629870 0.799270
0 0.586580 0.430658 0.621212 0.430658 0.621212 0.518249 0.586580 0.518249
0 0.396104 0.390510 0.437230 0.390510 0.437230 0.485402 0.396104 0.485402
0 0.322511 0.437956 0.374459 0.437956 0.374459 0.518248 0.322511 0.518248
0 0.350650 0.408759 0.396105 0.408759 0.396105 0.474452 0.350650 0.474452
0 0.062771 0.364963 0.123377 0.364963 0.123377 0.459855 0.062771 0.459855
0 0.151514 0.321168 0.196970 0.321168 0.196970 0.416058 0.151514 0.416058
0 0.393939 0.135037 0.430736 0.135037 0.430736 0.222627 0.393939 0.222627
0 0.415584 0.047446 0.476190 0.047446 0.476190 0.113139 0.415584 0.113139
0 0.458875 0.153284 0.495671 0.153284 0.495671 0.218977 0.458875 0.218977
0 0.712121 0.091241 0.744589 0.091241 0.744589 0.208029 0.712121 0.208029
0 0.623377 0.003650 0.666667 0.003650 0.666667 0.062044 0.623377 0.062044
0 0.080087 0.594890 0.125542 0.594890 0.125542 0.667884 0.080087 0.667884
0 0.095238 0.824817 0.136364 0.824817 0.136364 0.897811 0.095238 0.897811
0 0.004329 0.777372 0.045455 0.777372 0.045455 0.835766 0.004329 0.835766
0 0.902597 0.302920 0.943723 0.302920 0.943723 0.354015 0.902597 0.354015
0 0.748918 0.007300 0.800866 0.007300 0.800866 0.054745 0.748918 0.054745
0 0.785714 0.054745 0.822511 0.054745 0.822511 0.127738 0.785714 0.127738
