1 0.411392 0.498403 0.447258 0.498403 0.447258 0.546326 0.411392 0.546326
1 0.061182 0.437700 0.101266 0.437700 0.101266 0.495208 0.061182 0.495208
3 0.200422 0.325879 0.274262 0.325879 0.274262 0.456869 0.200422 0.456869
3 0.113925 0.386582 0.204642 0.386582 0.204642 0.520767 0.113925 0.520767
3 0.187763 0.492013 0.267933 0.492013 0.267933 0.635783 0.187763 0.635783
3 0.223628 0.194889 0.312236 0.194889 0.312236 0.329074 0.223628 0.329074
3 0.462026 0.274761 0.559072 0.274761 0.559072 0.421726 0.462026 0.421726
3 0.597046 0.261981 0.683544 0.261981 0.683544 0.389777 0.597046 0.389777
3 0.546413 0.437700 0.620253 0.437700 0.620253 0.549520 0.546413 0.549520
3 0.694093 0.217252 0.803797 0.217252 0.803797 0.386582 0.694093 0.386582
3 0.751055 0.380192 0.827005 0.380192 0.827005 0.501598 0.751055 0.501598
3 0.873418 0.383387 0.964135 0.383387 0.964135 0.543131 0.873418 0.543131
3 0.841772 0.293929 0.926160 0.293929 0.926160 0.405751 0.841772 0.405751
3 0.289029 0.325879 0.356540 0.325879 0.356540 0.463259 0.289029 0.463259
3 0.295359 0.591054 0.364979 0.591054 0.364979 0.677316 0.295359 0.677316
3 0.048523 0.511182 0.130801 0.511182 0.130801 0.616614 0.048523 0.616614
3 0.373418 0.316294 0.455696 0.316294 0.455696 0.431310 0.373418 0.431310
3 0.044304 0.322684 0.124473 0.322684 0.124473 0.437700 0.044304 0.437700
3 0.099157 0.236421 0.189874 0.236421 0.189874 0.361022 0.099157 0.361022
