0 0.088333 0.051785 0.131666 0.051785 0.131666 0.094643 0.088333 0.094643
0 0.183334 0.046428 0.206667 0.046428 0.206667 0.067858 0.183334 0.067858
0 0.155001 0.051785 0.173334 0.051785 0.173334 0.082142 0.155001 0.082142
0 0.238333 0.060715 0.263333 0.060715 0.263333 0.101786 0.238333 0.101786
0 0.278334 0.035714 0.320001 0.035714 0.320001 0.062500 0.278334 0.062500
0 0.476667 0.019643 0.526667 0.019643 0.526667 0.064285 0.476667 0.064285
0 0.441667 0.062501 0.493334 0.062501 0.493334 0.105358 0.441667 0.105358
0 0.563333 0.055357 0.606666 0.055357 0.606666 0.100000 0.563333 0.100000
0 0.613333 0.091072 0.643333 0.091072 0.643333 0.126786 0.613333 0.126786
0 0.648333 0.057142 0.693333 0.057142 0.693333 0.112500 0.648333 0.112500
0 0.723333 0.066071 0.763333 0.066071 0.763333 0.098214 0.723333 0.098214
0 0.793333 0.085714 0.838333 0.085714 0.838333 0.133928 0.793333 0.133928
0 0.850000 0.080357 0.886667 0.080357 0.886667 0.121428 0.850000 0.121428
0 0.895000 0.191072 0.933333 0.191072 0.933333 0.237501 0.895000 0.237501
0 0.903333 0.237500 0.948333 0.237500 0.948333 0.282143 0.903333 0.282143
0 0.963334 0.241072 0.995000 0.241072 0.995000 0.289286 0.963334 0.289286
0 0.926667 0.298214 0.961667 0.298214 0.961667 0.360714 0.926667 0.360714
0 0.903334 0.296428 0.936667 0.296428 0.936667 0.341071 0.903334 0.341071
0 0.830000 0.317857 0.871666 0.317857 0.871666 0.380357 0.830000 0.380357
0 0.735000 0.285714 0.785000 0.285714 0.785000 0.332144 0.735000 0.332144
0 0.781667 0.208929 0.819999 0.208929 0.819999 0.253572 0.781667 0.253572
0 0.683334 0.173214 0.731666 0.173214 0.731666 0.233928 0.683334 0.233928
0 0.741667 0.125000 0.766667 0.125000 0.766667 0.155358 0.741667 0.155358
0 0.576667 0.196429 0.628333 0.196429 0.628333 0.262499 0.576667 0.262499
0 0.495001 0.158929 0.523334 0.158929 0.523334 0.203571 0.495001 0.203571
0 0.518333 0.155357 0.543333 0.155357 0.543333 0.196429 0.518333 0.196429
0 0.406666 0.117857 0.448333 0.117857 0.448333 0.158929 0.406666 0.158929
0 0.355000 0.082142 0.395000 0.082142 0.395000 0.124999 0.355000 0.124999
0 0.199999 0.108929 0.246667 0.108929 0.246667 0.157143 0.199999 0.157143
0 0.095001 0.142857 0.133333 0.142857 0.133333 0.187500 0.095001 0.187500
0 0.158333 0.183929 0.193333 0.183929 0.193333 0.233929 0.158333 0.233929
0 0.103333 0.203572 0.145001 0.203572 0.145001 0.235714 0.103333 0.235714
0 0.026667 0.294643 0.060000 0.294643 0.060000 0.355357 0.026667 0.355357
0 0.006667 0.867857 0.059999 0.867857 0.059999 0.941071 0.006667 0.941071
0 0.019999 0.783929 0.051666 0.783929 0.051666 0.832143 0.019999 0.832143
0 0.065000 0.728571 0.120000 0.728571 0.120000 0.775000 0.065000 0.775000
0 0.040000 0.678571 0.076666 0.678571 0.076666 0.712501 0.040000 0.712501
0 0.046667 0.592857 0.081667 0.592857 0.081667 0.630357 0.046667 0.630357
0 0.031667 0.444643 0.081667 0.444643 0.081667 0.494643 0.031667 0.494643
0 0.080001 0.516071 0.133333 0.516071 0.133333 0.567857 0.080001 0.567857
0 0.273334 0.160714 0.320001 0.160714 0.320001 0.200000 0.273334 0.200000
0 0.408334 0.185715 0.466666 0.185715 0.466666 0.242858 0.408334 0.242858
0 0.363333 0.166072 0.398333 0.166072 0.398333 0.201786 0.363333 0.201786
0 0.933334 0.150000 0.951666 0.150000 0.951666 0.191072 0.933334 0.191072
0 0.710001 0.351786 0.768334 0.351786 0.768334 0.407143 0.710001 0.407143
0 0.798334 0.376785 0.850000 0.376785 0.850000 0.430357 0.798334 0.430357
0 0.871667 0.446429 0.911667 0.446429 0.911667 0.501785 0.871667 0.501785
0 0.928333 0.437500 0.961666 0.437500 0.961666 0.498214 0.928333 0.498214
0 0.923333 0.382143 0.973333 0.382143 0.973333 0.435715 0.923333 0.435715
0 0.850001 0.498215 0.898334 0.498215 0.898334 0.569643 0.850001 0.569643
0 0.798333 0.532143 0.838333 0.532143 0.838333 0.573215 0.798333 0.573215
0 0.778333 0.458929 0.808333 0.458929 0.808333 0.508929 0.778333 0.508929
0 0.703333 0.458928 0.746667 0.458928 0.746667 0.498214 0.703333 0.498214
0 0.701666 0.439285 0.758333 0.439285 0.758333 0.483928 0.701666 0.483928
0 0.611667 0.423214 0.646667 0.423214 0.646667 0.473214 0.611667 0.473214
0 0.631667 0.476785 0.673333 0.476785 0.673333 0.519643 0.631667 0.519643
0 0.736667 0.623214 0.758334 0.623214 0.758334 0.660714 0.736667 0.660714
0 0.726666 0.650000 0.744999 0.650000 0.744999 0.676786 0.726666 0.676786
0 0.748333 0.689285 0.793333 0.689285 0.793333 0.721429 0.748333 0.721429
0 0.716667 0.832144 0.761667 0.832144 0.761667 0.885715 0.716667 0.885715
0 0.743334 0.912500 0.805001 0.912500 0.805001 0.971429 0.743334 0.971429
0 0.825000 0.923214 0.878333 0.923214 0.878333 0.973214 0.825000 0.973214
0 0.918334 0.926786 0.946666 0.926786 0.946666 0.955356 0.918334 0.955356
0 0.926666 0.883929 0.953333 0.883929 0.953333 0.917858 0.926666 0.917858
0 0.916666 0.816071 0.963333 0.816071 0.963333 0.867857 0.916666 0.867857
0 0.801667 0.875000 0.830000 0.875000 0.830000 0.919643 0.801667 0.919643
0 0.910000 0.746428 0.948333 0.746428 0.948333 0.799999 0.910000 0.799999
0 0.891667 0.685714 0.918334 0.685714 0.918334 0.725000 0.891667 0.725000
0 0.898334 0.667857 0.926666 0.667857 0.926666 0.700001 0.898334 0.700001
0 0.950000 0.667858 0.975000 0.667858 0.975000 0.696429 0.950000 0.696429
0 0.653334 0.371428 0.690001 0.371428 0.690001 0.410714 0.653334 0.410714
0 0.628333 0.264286 0.655000 0.264286 0.655000 0.298214 0.628333 0.298214
0 0.648334 0.266071 0.685001 0.266071 0.685001 0.298214 0.648334 0.298214
0 0.869999 0.225000 0.891667 0.225000 0.891667 0.262500 0.869999 0.262500
0 0.826666 0.267857 0.853333 0.267857 0.853333 0.300001 0.826666 0.300001
0 0.871667 0.380357 0.908334 0.380357 0.908334 0.419643 0.871667 0.419643
0 0.860000 0.626786 0.886667 0.626786 0.886667 0.664286 0.860000 0.664286
0 0.585000 0.908928 0.611667 0.908928 0.611667 0.935714 0.585000 0.935714
0 0.595000 0.923214 0.631667 0.923214 0.631667 0.964286 0.595000 0.964286
0 0.551667 0.941072 0.580000 0.941072 0.580000 0.983928 0.551667 0.983928
0 0.628333 0.844643 0.653333 0.844643 0.653333 0.885715 0.628333 0.885715
0 0.545000 0.166072 0.585000 0.166072 0.585000 0.212501 0.545000 0.212501
0 0.281667 0.866072 0.316667 0.866072 0.316667 0.935715 0.281667 0.935715
0 0.368334 0.864286 0.406666 0.864286 0.406666 0.908929 0.368334 0.908929
0 0.348333 0.950000 0.376667 0.950000 0.376667 0.985714 0.348333 0.985714
0 0.331667 0.957143 0.356667 0.957143 0.356667 0.992857 0.331667 0.992857
0 0.401667 0.941072 0.431667 0.941072 0.431667 0.998215 0.401667 0.998215
0 0.215000 0.714285 0.260000 0.714285 0.260000 0.769643 0.215000 0.769643
0 0.256667 0.776786 0.296667 0.776786 0.296667 0.823215 0.256667 0.823215
0 0.073333 0.635714 0.131666 0.635714 0.131666 0.671428 0.073333 0.671428
0 0.128333 0.591072 0.170000 0.591072 0.170000 0.633929 0.128333 0.633929
0 0.219999 0.487500 0.261666 0.487500 0.261666 0.530357 0.219999 0.530357
0 0.256666 0.444643 0.308333 0.444643 0.308333 0.491071 0.256666 0.491071
0 0.311667 0.458929 0.358334 0.458929 0.358334 0.517857 0.311667 0.517857
0 0.270001 0.514285 0.328334 0.514285 0.328334 0.582143 0.270001 0.582143
0 0.261667 0.208928 0.306667 0.208928 0.306667 0.248214 0.261667 0.248214
0 0.341666 0.223214 0.383333 0.223214 0.383333 0.253572 0.341666 0.253572
0 0.278333 0.085714 0.303333 0.085714 0.303333 0.116071 0.278333 0.116071
0 0.401666 0.046429 0.433333 0.046429 0.433333 0.071429 0.401666 0.071429
0 0.491667 0.091071 0.521667 0.091071 0.521667 0.123215 0.491667 0.123215
0 0.008333 0.535714 0.053333 0.535714 0.053333 0.596428 0.008333 0.596428
0 0.218333 0.539286 0.260000 0.539286 0.260000 0.591072 0.218333 0.591072
0 0.120000 0.398214 0.175000 0.398214 0.175000 0.450000 0.120000 0.450000
0 0.145000 0.435714 0.198333 0.435714 0.198333 0.498214 0.145000 0.498214
0 0.043333 0.357143 0.085001 0.357143 0.085001 0.407143 0.043333 0.407143
0 0.125000 0.276786 0.225000 0.276786 0.225000 0.339286 0.125000 0.339286
0 0.229999 0.189286 0.261667 0.189286 0.261667 0.226786 0.229999 0.226786
0 0.351666 0.110714 0.399999 0.110714 0.399999 0.150000 0.351666 0.150000
0 0.836666 0.764285 0.884999 0.764285 0.884999 0.808928 0.836666 0.808928
0 0.809999 0.808929 0.841667 0.808929 0.841667 0.846429 0.809999 0.846429
0 0.860000 0.882143 0.883333 0.882143 0.883333 0.917857 0.860000 0.917857
0 0.533333 0.862500 0.568333 0.862500 0.568333 0.898214 0.533333 0.898214
0 0.553333 0.853572 0.578333 0.853572 0.578333 0.882142 0.553333 0.882142
0 0.208333 0.799999 0.253333 0.799999 0.253333 0.857142 0.208333 0.857142
0 0.676667 0.123214 0.716667 0.123214 0.716667 0.160714 0.676667 0.160714
0 0.949999 0.598214 0.976666 0.598214 0.976666 0.651786 0.949999 0.651786
0 0.971666 0.616071 0.993334 0.616071 0.993334 0.660714 0.971666 0.660714
0 0.965000 0.467857 0.990000 0.467857 0.990000 0.517857 0.965000 0.517857
0 0.965000 0.319643 0.998333 0.319643 0.998333 0.383929 0.965000 0.383929
0 0.481666 0.233928 0.528334 0.233928 0.528334 0.267857 0.481666 0.267857
0 0.201667 0.923214 0.226667 0.923214 0.226667 0.964286 0.201667 0.964286
0 0.213334 0.903571 0.246667 0.903571 0.246667 0.962500 0.213334 0.962500
0 0.138333 0.099999 0.171666 0.099999 0.171666 0.132142 0.138333 0.132142
0 0.316666 0.837499 0.350000 0.837499 0.350000 0.869642 0.316666 0.869642
0 0.118333 0.076786 0.133333 0.076786 0.133333 0.096429 0.118333 0.096429
0 0.130000 0.067858 0.150000 0.067858 0.150000 0.087500 0.130000 0.087500
0 0.051667 0.082143 0.073333 0.082143 0.073333 0.108929 0.051667 0.108929
0 0.061666 0.875000 0.089999 0.875000 0.089999 0.910714 0.061666 0.910714
0 0.044999 0.841071 0.086667 0.841071 0.086667 0.885714 0.044999 0.885714
1 0.091666 0.008929 0.118333 0.008929 0.118333 0.032143 0.091666 0.032143
1 0.193333 0.069642 0.215000 0.069642 0.215000 0.091071 0.193333 0.091071
