1 0.005953 0.017291 0.059524 0.017291 0.059524 0.080691 0.005953 0.080691
1 0.059524 0.077809 0.116072 0.077809 0.116072 0.126800 0.059524 0.126800
1 0.005952 0.129683 0.047620 0.129683 0.047620 0.195965 0.005952 0.195965
1 0.056548 0.144093 0.104166 0.144093 0.104166 0.195966 0.056548 0.195966
1 0.133929 0.126801 0.178571 0.126801 0.178571 0.195965 0.133929 0.195965
1 0.157738 0.054755 0.199405 0.054755 0.199405 0.115274 0.157738 0.115274
1 0.193452 0.109510 0.241072 0.109510 0.241072 0.181556 0.193452 0.181556
1 0.214286 0.040346 0.270834 0.040346 0.270834 0.095101 0.214286 0.095101
1 0.196429 0.023055 0.232143 0.023055 0.232143 0.066283 0.196429 0.066283
1 0.267857 0.057636 0.318453 0.057636 0.318453 0.109509 0.267857 0.109509
1 0.318452 0.069164 0.380952 0.069164 0.380952 0.115274 0.318452 0.115274
1 0.315476 0.014409 0.380952 0.014409 0.380952 0.060519 0.315476 0.060519
1 0.261905 0.008646 0.300595 0.008646 0.300595 0.046110 0.261905 0.046110
1 0.023810 0.221902 0.059524 0.221902 0.059524 0.265130 0.023810 0.265130
1 0.059523 0.236311 0.110118 0.236311 0.110118 0.288184 0.059523 0.288184
1 0.116072 0.210374 0.154762 0.210374 0.154762 0.259365 0.116072 0.259365
1 0.184524 0.227666 0.226191 0.227666 0.226191 0.268012 0.184524 0.268012
1 0.142856 0.242075 0.184524 0.242075 0.184524 0.296830 0.142856 0.296830
1 0.124999 0.285303 0.166666 0.285303 0.166666 0.322767 0.124999 0.322767
1 0.026785 0.288184 0.077380 0.288184 0.077380 0.368876 0.026785 0.368876
1 0.083334 0.337175 0.127976 0.337175 0.127976 0.394813 0.083334 0.394813
1 0.154762 0.302594 0.214286 0.302594 0.214286 0.363113 0.154762 0.363113
1 0.092262 0.394813 0.142857 0.394813 0.142857 0.432277 0.092262 0.432277
1 0.014882 0.403458 0.068452 0.403458 0.068452 0.446686 0.014882 0.446686
1 0.032739 0.449568 0.080357 0.449568 0.080357 0.492796 0.032739 0.492796
1 0.196429 0.342939 0.249999 0.342939 0.249999 0.423631 0.196429 0.423631
1 0.267858 0.308358 0.315476 0.308358 0.315476 0.371759 0.267858 0.371759
1 0.249999 0.230547 0.294642 0.230547 0.294642 0.311239 0.249999 0.311239
1 0.250000 0.172910 0.315476 0.172910 0.315476 0.221902 0.250000 0.221902
1 0.300595 0.198848 0.354166 0.198848 0.354166 0.262248 0.300595 0.262248
1 0.303572 0.262248 0.342262 0.262248 0.342262 0.317003 0.303572 0.317003
1 0.354167 0.247838 0.416667 0.247838 0.416667 0.305476 0.354167 0.305476
1 0.363095 0.178675 0.428571 0.178675 0.428571 0.233430 0.363095 0.233430
1 0.345239 0.118155 0.398810 0.118155 0.398810 0.175792 0.345239 0.175792
1 0.410714 0.126801 0.473214 0.126801 0.473214 0.172911 0.410714 0.172911
1 0.470237 0.141210 0.511904 0.141210 0.511904 0.190201 0.470237 0.190201
1 0.425595 0.204611 0.482143 0.204611 0.482143 0.259366 0.425595 0.259366
1 0.511905 0.172910 0.574405 0.172910 0.574405 0.221902 0.511905 0.221902
1 0.407738 0.051872 0.464286 0.051872 0.464286 0.115274 0.407738 0.115274
1 0.386905 0.028818 0.434524 0.028818 0.434524 0.080691 0.386905 0.080691
1 0.526786 0.126801 0.571429 0.126801 0.571429 0.155619 0.526786 0.155619
1 0.580357 0.126802 0.616071 0.126802 0.616071 0.181557 0.580357 0.181557
1 0.622023 0.118155 0.669643 0.118155 0.669643 0.172910 0.622023 0.172910
1 0.598215 0.187319 0.639881 0.187319 0.639881 0.244956 0.598215 0.244956
1 0.514880 0.227666 0.589286 0.227666 0.589286 0.276657 0.514880 0.276657
1 0.479166 0.247838 0.535714 0.247838 0.535714 0.311240 0.479166 0.311240
1 0.544643 0.288185 0.601191 0.288185 0.601191 0.354467 0.544643 0.354467
1 0.455358 0.014409 0.502977 0.014409 0.502977 0.057637 0.455358 0.057637
1 0.648810 0.256484 0.690476 0.256484 0.690476 0.314121 0.648810 0.314121
1 0.696429 0.293949 0.732143 0.293949 0.732143 0.342940 0.696429 0.342940
1 0.794643 0.239194 0.851191 0.239194 0.851191 0.288185 0.794643 0.288185
1 0.824405 0.276658 0.866071 0.276658 0.866071 0.325649 0.824405 0.325649
1 0.877977 0.253602 0.919643 0.253602 0.919643 0.299712 0.877977 0.299712
1 0.922619 0.221903 0.982143 0.221903 0.982143 0.276658 0.922619 0.276658
1 0.866071 0.198848 0.925595 0.198848 0.925595 0.250721 0.866071 0.250721
1 0.961310 0.158501 1.000000 0.158501 1.000000 0.216138 0.961310 0.216138
1 0.922619 0.144093 0.964285 0.144093 0.964285 0.207493 0.922619 0.207493
1 0.791667 0.138328 0.851191 0.138328 0.851191 0.221902 0.791667 0.221902
1 0.845239 0.132565 0.892858 0.132565 0.892858 0.198847 0.845239 0.198847
1 0.889881 0.100864 0.940476 0.100864 0.940476 0.152737 0.889881 0.152737
1 0.949405 0.100864 0.988095 0.100864 0.988095 0.149856 0.949405 0.149856
1 0.863096 0.074928 0.913690 0.074928 0.913690 0.112392 0.863096 0.112392
1 0.931548 0.023054 0.994048 0.023054 0.994048 0.074928 0.931548 0.074928
1 0.821429 0.023055 0.872023 0.023055 0.872023 0.063401 0.821429 0.063401
1 0.660714 0.118156 0.755952 0.118156 0.755952 0.193084 0.660714 0.193084
1 0.758928 0.034583 0.818452 0.034583 0.818452 0.089338 0.758928 0.089338
1 0.797619 0.106628 0.842261 0.106628 0.842261 0.141210 0.797619 0.141210
1 0.678572 0.005764 0.744048 0.005764 0.744048 0.040346 0.678572 0.040346
1 0.660714 0.066282 0.726190 0.066282 0.726190 0.115274 0.660714 0.115274
1 0.550596 0.060519 0.595239 0.060519 0.595239 0.109510 0.550596 0.109510
1 0.589286 0.034583 0.651786 0.034583 0.651786 0.089338 0.589286 0.089338
1 0.502976 0.017291 0.577381 0.017291 0.577381 0.086455 0.502976 0.086455
1 0.744047 0.279539 0.800595 0.279539 0.800595 0.319885 0.744047 0.319885
1 0.892857 0.319885 0.961309 0.319885 0.961309 0.368876 0.892857 0.368876
1 0.922619 0.371758 0.967261 0.371758 0.967261 0.420749 0.922619 0.420749
1 0.961310 0.360231 0.997024 0.360231 0.997024 0.432277 0.961310 0.432277
1 0.583333 0.317003 0.636904 0.317003 0.636904 0.386167 0.583333 0.386167
1 0.639881 0.328530 0.696429 0.328530 0.696429 0.371758 0.639881 0.371758
1 0.625000 0.374640 0.657738 0.374640 0.657738 0.400577 0.625000 0.400577
1 0.636905 0.414986 0.669643 0.414986 0.669643 0.440922 0.636905 0.440922
1 0.738096 0.458213 0.785715 0.458213 0.785715 0.501441 0.738096 0.501441
1 0.895833 0.570605 0.955357 0.570605 0.955357 0.619596 0.895833 0.619596
1 0.815477 0.541787 0.860120 0.541787 0.860120 0.608069 0.815477 0.608069
1 0.729167 0.533141 0.767857 0.533141 0.767857 0.596542 0.729167 0.596542
1 0.613096 0.492795 0.666667 0.492795 0.666667 0.538905 0.613096 0.538905
1 0.622024 0.538905 0.672619 0.538905 0.672619 0.602306 0.622024 0.602306
1 0.538691 0.564841 0.607143 0.564841 0.607143 0.610951 0.538691 0.610951
1 0.547619 0.512968 0.610119 0.512968 0.610119 0.556196 0.547619 0.556196
1 0.505953 0.495677 0.556547 0.495677 0.556547 0.541787 0.505953 0.541787
1 0.553571 0.452450 0.601191 0.452450 0.601191 0.489914 0.553571 0.489914
1 0.491071 0.449568 0.523809 0.449568 0.523809 0.489914 0.491071 0.489914
1 0.437499 0.440922 0.482142 0.440922 0.482142 0.501441 0.437499 0.501441
1 0.494048 0.394813 0.553572 0.394813 0.553572 0.446685 0.494048 0.446685
1 0.511905 0.368876 0.580357 0.368876 0.580357 0.406340 0.511905 0.406340
1 0.416666 0.368877 0.488095 0.368877 0.488095 0.420749 0.416666 0.420749
1 0.327380 0.446686 0.404761 0.446686 0.404761 0.512968 0.327380 0.512968
1 0.303571 0.417867 0.360119 0.417867 0.360119 0.463977 0.303571 0.463977
1 0.342262 0.363113 0.401786 0.363113 0.401786 0.412104 0.342262 0.412104
1 0.372024 0.504323 0.419642 0.504323 0.419642 0.564841 0.372024 0.564841
1 0.419642 0.512969 0.461309 0.512969 0.461309 0.570605 0.419642 0.570605
1 0.318453 0.550432 0.366071 0.550432 0.366071 0.599423 0.318453 0.599423
1 0.452381 0.544668 0.508929 0.544668 0.508929 0.622478 0.452381 0.622478
1 0.877976 0.671469 0.937500 0.671469 0.937500 0.723342 0.877976 0.723342
1 0.952381 0.752161 0.994047 0.752161 0.994047 0.795389 0.952381 0.795389
1 0.925596 0.832853 0.973215 0.832853 0.973215 0.907781 0.925596 0.907781
1 0.880952 0.861672 0.937500 0.861672 0.937500 0.925073 0.880952 0.925073
1 0.886905 0.933717 0.946429 0.933717 0.946429 0.994236 0.886905 0.994236
1 0.788691 0.930835 0.830357 0.930835 0.830357 0.982708 0.788691 0.982708
1 0.761905 0.873198 0.803571 0.873198 0.803571 0.933717 0.761905 0.933717
1 0.693452 0.884726 0.755952 0.884726 0.755952 0.971181 0.693452 0.971181
1 0.613095 0.910663 0.651785 0.910663 0.651785 0.951009 0.613095 0.951009
1 0.648810 0.876081 0.684524 0.876081 0.684524 0.919309 0.648810 0.919309
1 0.666667 0.824207 0.717261 0.824207 0.717261 0.873198 0.666667 0.873198
1 0.779763 0.818444 0.830357 0.818444 0.830357 0.873198 0.779763 0.873198
1 0.738095 0.786744 0.794643 0.786744 0.794643 0.841498 0.738095 0.841498
1 0.803571 0.737753 0.851191 0.737753 0.851191 0.795389 0.803571 0.795389
1 0.758929 0.674351 0.833334 0.674351 0.833334 0.720461 0.758929 0.720461
1 0.711309 0.714697 0.767857 0.714697 0.767857 0.778099 0.711309 0.778099
1 0.642857 0.636888 0.687500 0.636888 0.687500 0.706052 0.642857 0.706052
1 0.565476 0.613833 0.636904 0.613833 0.636904 0.671469 0.565476 0.671469
1 0.580357 0.668587 0.625000 0.668587 0.625000 0.723342 0.580357 0.723342
1 0.479166 0.608069 0.520833 0.608069 0.520833 0.654179 0.479166 0.654179
1 0.511905 0.639769 0.577381 0.639769 0.577381 0.697406 0.511905 0.697406
1 0.598214 0.723342 0.666666 0.723342 0.666666 0.778098 0.598214 0.778098
1 0.604167 0.780980 0.669643 0.780980 0.669643 0.824208 0.604167 0.824208
1 0.660714 0.760807 0.711309 0.760807 0.711309 0.821326 0.660714 0.821326
1 0.556548 0.815562 0.616072 0.815562 0.616072 0.867436 0.556548 0.867436
1 0.571429 0.876081 0.616071 0.876081 0.616071 0.925072 0.571429 0.925072
1 0.511905 0.858790 0.577381 0.858790 0.577381 0.896254 0.511905 0.896254
1 0.470239 0.925072 0.523810 0.925072 0.523810 0.976946 0.470239 0.976946
1 0.410714 0.951008 0.467262 0.951008 0.467262 0.997118 0.410714 0.997118
1 0.535714 0.734870 0.586309 0.734870 0.586309 0.815562 0.535714 0.815562
1 0.500000 0.786743 0.538690 0.786743 0.538690 0.838616 0.500000 0.838616
1 0.455357 0.804034 0.511905 0.804034 0.511905 0.867436 0.455357 0.867436
1 0.446428 0.734870 0.505952 0.734870 0.505952 0.798272 0.446428 0.798272
1 0.446429 0.688761 0.500000 0.688761 0.500000 0.729107 0.446429 0.729107
1 0.380953 0.642651 0.419643 0.642651 0.419643 0.697407 0.380953 0.697407
1 0.321429 0.636888 0.375000 0.636888 0.375000 0.691642 0.321429 0.691642
1 0.294644 0.694524 0.348215 0.694524 0.348215 0.752161 0.294644 0.752161
1 0.375000 0.717580 0.434524 0.717580 0.434524 0.772334 0.375000 0.772334
1 0.377976 0.783861 0.437500 0.783861 0.437500 0.841498 0.377976 0.841498
1 0.383929 0.844380 0.431547 0.844380 0.431547 0.902017 0.383929 0.902017
1 0.360119 0.899135 0.413691 0.899135 0.413691 0.942363 0.360119 0.942363
1 0.309524 0.832854 0.372024 0.832854 0.372024 0.884727 0.309524 0.884727
1 0.309523 0.910663 0.360119 0.910663 0.360119 0.979827 0.309523 0.979827
1 0.258929 0.400576 0.294643 0.400576 0.294643 0.440922 0.258929 0.440922
1 0.235119 0.449568 0.297619 0.449568 0.297619 0.498559 0.235119 0.498559
1 0.175595 0.487032 0.226190 0.487032 0.226190 0.530260 0.175595 0.530260
1 0.136904 0.518732 0.184524 0.518732 0.184524 0.579251 0.136904 0.579251
1 0.107143 0.515850 0.142857 0.515850 0.142857 0.550432 0.107143 0.550432
1 0.017857 0.504323 0.080357 0.504323 0.080357 0.561959 0.017857 0.561959
1 0.095239 0.576368 0.139881 0.576368 0.139881 0.636887 0.095239 0.636887
1 0.029762 0.593660 0.080357 0.593660 0.080357 0.648414 0.029762 0.648414
1 0.047620 0.642651 0.095239 0.642651 0.095239 0.688761 0.047620 0.688761
1 0.098214 0.651296 0.157738 0.651296 0.157738 0.714697 0.098214 0.714697
1 0.145833 0.593660 0.193452 0.593660 0.193452 0.648414 0.145833 0.648414
1 0.199405 0.590778 0.250000 0.590778 0.250000 0.631124 0.199405 0.631124
1 0.244048 0.547550 0.282738 0.547550 0.282738 0.587896 0.244048 0.587896
1 0.217262 0.495678 0.276786 0.495678 0.276786 0.550433 0.217262 0.550433
1 0.279761 0.524496 0.324404 0.524496 0.324404 0.564842 0.279761 0.564842
1 0.202381 0.628242 0.252976 0.628242 0.252976 0.665706 0.202381 0.665706
1 0.175595 0.662824 0.226190 0.662824 0.226190 0.717580 0.175595 0.717580
1 0.232143 0.685879 0.288691 0.685879 0.288691 0.737753 0.232143 0.737753
1 0.261904 0.639769 0.315476 0.639769 0.315476 0.682997 0.261904 0.682997
1 0.178571 0.729106 0.235119 0.729106 0.235119 0.786743 0.178571 0.786743
1 0.119048 0.723342 0.169643 0.723342 0.169643 0.786744 0.119048 0.786744
1 0.089286 0.769452 0.139881 0.769452 0.139881 0.815562 0.089286 0.815562
1 0.053571 0.740634 0.107143 0.740634 0.107143 0.775216 0.053571 0.775216
1 0.029761 0.703170 0.074404 0.703170 0.074404 0.740634 0.029761 0.740634
1 0.005952 0.651297 0.047620 0.651297 0.047620 0.729107 0.005952 0.729107
1 0.035714 0.783862 0.080357 0.783862 0.080357 0.850144 0.035714 0.850144
1 0.193452 0.789625 0.255952 0.789625 0.255952 0.853027 0.193452 0.853027
1 0.252976 0.812681 0.306548 0.812681 0.306548 0.861672 0.252976 0.861672
1 0.235119 0.884726 0.291667 0.884726 0.291667 0.948128 0.235119 0.948128
1 0.116071 0.850145 0.157739 0.850145 0.157739 0.904899 0.116071 0.904899
1 0.002976 0.896254 0.038690 0.896254 0.038690 0.933718 0.002976 0.933718
1 0.005952 0.948127 0.038690 0.948127 0.038690 0.988473 0.005952 0.988473
1 0.062500 0.930836 0.122024 0.930836 0.122024 0.991355 0.062500 0.991355
1 0.133928 0.899135 0.193452 0.899135 0.193452 0.991355 0.133928 0.991355
