0 0.890411 0.154104 0.940639 0.154104 0.940639 0.206030 0.890411 0.206030
0 0.791477 0.212730 0.850838 0.212730 0.850838 0.269682 0.791477 0.269682
0 0.663623 0.078727 0.707763 0.078727 0.707763 0.149079 0.663623 0.149079
0 0.748858 0.199330 0.792998 0.199330 0.792998 0.244556 0.748858 0.244556
0 0.582953 0.269682 0.621005 0.269682 0.621005 0.318258 0.582953 0.318258
0 0.359208 0.149079 0.397260 0.149079 0.397260 0.192630 0.359208 0.192630
0 0.920852 0.408710 0.958904 0.408710 0.958904 0.460636 0.920852 0.460636
0 0.926941 0.385259 0.972603 0.385259 0.972603 0.413735 0.926941 0.413735
0 0.961949 0.335008 0.990868 0.335008 0.990868 0.366834 0.961949 0.366834
0 0.753425 0.326633 0.802131 0.326633 0.802131 0.368509 0.753425 0.368509
1 0.085236 0.028476 0.112633 0.028476 0.112633 0.058626 0.085236 0.058626
1 0.114155 0.040201 0.138509 0.040201 0.138509 0.067002 0.114155 0.067002
1 0.147641 0.097152 0.175038 0.097152 0.175038 0.127303 0.147641 0.127303
1 0.196348 0.098827 0.222222 0.098827 0.222222 0.127303 0.196348 0.127303
1 0.208524 0.046901 0.235921 0.046901 0.235921 0.075377 0.208524 0.075377
1 0.176561 0.060301 0.203958 0.060301 0.203958 0.092127 0.176561 0.092127
1 0.302892 0.067002 0.333334 0.067002 0.333334 0.098828 0.302892 0.098828
1 0.103501 0.152429 0.136987 0.152429 0.136987 0.184255 0.103501 0.184255
1 0.109590 0.112227 0.132420 0.112227 0.132420 0.142378 0.109590 0.142378
1 0.068493 0.073702 0.095891 0.073702 0.095891 0.105528 0.068493 0.105528
1 0.208524 0.157453 0.234398 0.157453 0.234398 0.187604 0.208524 0.187604
1 0.187214 0.170854 0.220700 0.170854 0.220700 0.216080 0.187214 0.216080
1 0.319634 0.152428 0.347031 0.152428 0.347031 0.185929 0.319634 0.185929
1 0.407914 0.184255 0.430746 0.184255 0.430746 0.216081 0.407914 0.216081
1 0.444444 0.154104 0.477930 0.154104 0.477930 0.206030 0.444444 0.206030
1 0.415525 0.118928 0.444445 0.118928 0.444445 0.147404 0.415525 0.147404
1 0.378995 0.110552 0.404870 0.110552 0.404870 0.144054 0.378995 0.144054
1 0.503806 0.194304 0.531202 0.194304 0.531202 0.231156 0.503806 0.231156
1 0.455099 0.256281 0.482496 0.256281 0.482496 0.289782 0.455099 0.289782
1 0.351598 0.269682 0.378995 0.269682 0.378995 0.298158 0.351598 0.298158
1 0.404870 0.269682 0.435312 0.269682 0.435312 0.298158 0.404870 0.298158
1 0.222222 0.257956 0.251142 0.257956 0.251142 0.289782 0.222222 0.289782
1 0.246575 0.276382 0.277016 0.276382 0.277016 0.304858 0.246575 0.304858
1 0.305937 0.269682 0.331811 0.269682 0.331811 0.294808 0.305937 0.294808
1 0.126331 0.227805 0.153728 0.227805 0.153728 0.261306 0.126331 0.261306
1 0.185693 0.239531 0.213090 0.239531 0.213090 0.266331 0.185693 0.266331
1 0.182648 0.314908 0.207002 0.314908 0.207002 0.343384 0.182648 0.343384
1 0.147641 0.324958 0.175038 0.324958 0.175038 0.355110 0.147641 0.355110
1 0.127855 0.286432 0.155252 0.286432 0.155252 0.313232 0.127855 0.313232
1 0.101978 0.274707 0.129376 0.274707 0.129376 0.303183 0.101978 0.303183
1 0.051750 0.249581 0.077626 0.249581 0.077626 0.279732 0.051750 0.279732
1 0.077626 0.341708 0.105023 0.341708 0.105023 0.370184 0.077626 0.370184
1 0.112633 0.348409 0.132420 0.348409 0.132420 0.375209 0.112633 0.375209
1 0.091324 0.308208 0.117199 0.308208 0.117199 0.340034 0.091324 0.340034
1 0.132420 0.368509 0.158295 0.368509 0.158295 0.398661 0.132420 0.398661
1 0.164384 0.356784 0.190258 0.356784 0.190258 0.388610 0.164384 0.388610
1 0.184171 0.376885 0.213089 0.376885 0.213089 0.410386 0.184171 0.410386
1 0.267885 0.232831 0.292237 0.232831 0.292237 0.261307 0.267885 0.261307
1 0.280061 0.304858 0.313547 0.304858 0.313547 0.348409 0.280061 0.348409
1 0.316590 0.311557 0.337900 0.311557 0.337900 0.341709 0.316590 0.341709
1 0.263319 0.688442 0.287671 0.688442 0.287671 0.716918 0.263319 0.716918
1 0.258752 0.659967 0.289194 0.659967 0.289194 0.686768 0.258752 0.686768
1 0.290716 0.680067 0.318113 0.680067 0.318113 0.713568 0.290716 0.713568
1 0.318112 0.666667 0.340944 0.666667 0.340944 0.706867 0.318112 0.706867
1 0.353121 0.641541 0.378995 0.641541 0.378995 0.663317 0.353121 0.663317
1 0.353121 0.613065 0.377473 0.613065 0.377473 0.641541 0.353121 0.641541
1 0.388128 0.624791 0.417048 0.624791 0.417048 0.656617 0.388128 0.656617
1 0.423135 0.641540 0.450533 0.641540 0.450533 0.671691 0.423135 0.671691
1 0.406392 0.711892 0.436834 0.711892 0.436834 0.742043 0.406392 0.742043
1 0.445966 0.685092 0.474886 0.685092 0.474886 0.715244 0.445966 0.715244
1 0.473363 0.680067 0.496195 0.680067 0.496195 0.705193 0.473363 0.705193
1 0.455099 0.716917 0.485541 0.716917 0.485541 0.743719 0.455099 0.743719
1 0.374430 0.725293 0.406392 0.725293 0.406392 0.757119 0.374430 0.757119
1 0.357686 0.690117 0.380518 0.690117 0.380518 0.728643 0.357686 0.728643
1 0.385084 0.673366 0.412481 0.673366 0.412481 0.703518 0.385084 0.703518
1 0.318112 0.720267 0.339421 0.720267 0.339421 0.753768 0.318112 0.753768
1 0.342465 0.726969 0.369862 0.726969 0.369862 0.757120 0.342465 0.757120
1 0.357686 0.807370 0.388128 0.807370 0.388128 0.835846 0.357686 0.835846
1 0.255708 0.504188 0.280060 0.504188 0.280060 0.530989 0.255708 0.530989
1 0.264841 0.536013 0.290716 0.536013 0.290716 0.562814 0.264841 0.562814
1 0.264841 0.564489 0.289193 0.564489 0.289193 0.596315 0.264841 0.596315
1 0.298326 0.551088 0.325723 0.551088 0.325723 0.577890 0.298326 0.577890
1 0.328767 0.536013 0.369863 0.536013 0.369863 0.564489 0.328767 0.564489
1 0.347032 0.574539 0.377474 0.574539 0.377474 0.604691 0.347032 0.604691
1 0.401826 0.579565 0.423135 0.579565 0.423135 0.616416 0.401826 0.616416
1 0.391172 0.554439 0.418569 0.554439 0.418569 0.586265 0.391172 0.586265
1 0.321156 0.604690 0.343988 0.604690 0.343988 0.643216 0.321156 0.643216
1 0.301370 0.628140 0.328767 0.628140 0.328767 0.651592 0.301370 0.651592
1 0.287672 0.589614 0.312024 0.589614 0.312024 0.616416 0.287672 0.616416
1 0.237443 0.594640 0.264840 0.594640 0.264840 0.626466 0.237443 0.626466
1 0.188736 0.561138 0.222222 0.561138 0.222222 0.594639 0.188736 0.594639
1 0.173517 0.586265 0.196348 0.586265 0.196348 0.618091 0.173517 0.618091
1 0.196348 0.626466 0.219178 0.626466 0.219178 0.659967 0.196348 0.659967
1 0.219178 0.646566 0.238965 0.646566 0.238965 0.676717 0.219178 0.676717
1 0.225266 0.680067 0.258752 0.680067 0.258752 0.710218 0.225266 0.710218
1 0.232876 0.716918 0.260273 0.716918 0.260273 0.748744 0.232876 0.748744
1 0.205480 0.701842 0.231354 0.701842 0.231354 0.737018 0.205480 0.737018
1 0.181127 0.671692 0.210045 0.671692 0.210045 0.700168 0.181127 0.700168
1 0.146119 0.680067 0.176560 0.680067 0.176560 0.708543 0.146119 0.708543
1 0.109590 0.653266 0.138509 0.653266 0.138509 0.678392 0.109590 0.678392
1 0.098935 0.616415 0.130897 0.616415 0.130897 0.651591 0.098935 0.651591
1 0.136986 0.584590 0.170472 0.584590 0.170472 0.616416 0.136986 0.616416
1 0.009132 0.958124 0.035007 0.958124 0.035007 0.994974 0.009132 0.994974
1 0.041096 0.921272 0.065448 0.921272 0.065448 0.948074 0.041096 0.948074
1 0.018265 0.899497 0.044139 0.899497 0.044139 0.929648 0.018265 0.929648
1 0.048706 0.867672 0.074581 0.867672 0.074581 0.899498 0.048706 0.899498
1 0.071537 0.871022 0.097412 0.871022 0.097412 0.906198 0.071537 0.906198
1 0.082192 0.916247 0.112632 0.916247 0.112632 0.946399 0.082192 0.946399
1 0.048706 0.946399 0.077626 0.946399 0.077626 0.979900 0.048706 0.979900
1 0.088280 0.964824 0.114156 0.964824 0.114156 0.998325 0.088280 0.998325
1 0.112633 0.966499 0.136987 0.966499 0.136987 0.998325 0.112633 0.998325
1 0.126331 0.936348 0.147641 0.936348 0.147641 0.961474 0.126331 0.961474
1 0.136987 0.966498 0.165905 0.966498 0.165905 0.993300 0.136987 0.993300
1 0.165906 0.971524 0.193303 0.971524 0.193303 1.000000 0.165906 1.000000
1 0.165906 0.936349 0.193303 0.936349 0.193303 0.966500 0.165906 0.966500
1 0.190258 0.896147 0.219178 0.896147 0.219178 0.931323 0.190258 0.931323
1 0.141553 0.896147 0.170471 0.896147 0.170471 0.929648 0.141553 0.929648
1 0.213089 0.961473 0.240486 0.961473 0.240486 0.994974 0.213089 0.994974
1 0.235921 0.919597 0.263317 0.919597 0.263317 0.953098 0.235921 0.953098
1 0.267884 0.889447 0.298326 0.889447 0.298326 0.916249 0.267884 0.916249
1 0.242009 0.860972 0.270929 0.860972 0.270929 0.912898 0.242009 0.912898
1 0.263318 0.948074 0.286150 0.948074 0.286150 0.974875 0.263318 0.974875
1 0.269406 0.926297 0.298326 0.926297 0.298326 0.953099 0.269406 0.953099
1 0.325723 0.887772 0.356165 0.887772 0.356165 0.922948 0.325723 0.922948
1 0.111112 0.835846 0.138509 0.835846 0.138509 0.871022 0.111112 0.871022
1 0.146118 0.830820 0.173515 0.830820 0.173515 0.860972 0.146118 0.860972
1 0.118721 0.790620 0.153729 0.790620 0.153729 0.820771 0.118721 0.820771
1 0.083713 0.778895 0.105022 0.778895 0.105022 0.824121 0.083713 0.824121
1 0.035007 0.805696 0.066971 0.805696 0.066971 0.839197 0.035007 0.839197
1 0.000001 0.810720 0.025875 0.810720 0.025875 0.842546 0.000001 0.842546
1 0.199391 0.832496 0.235921 0.832496 0.235921 0.869347 0.199391 0.869347
1 0.228310 0.814071 0.261796 0.814071 0.261796 0.844222 0.228310 0.844222
1 0.182648 0.783919 0.210045 0.783919 0.210045 0.817420 0.182648 0.817420
1 0.205479 0.775544 0.234399 0.775544 0.234399 0.807370 0.205479 0.807370
1 0.118721 0.758794 0.147641 0.758794 0.147641 0.788945 0.118721 0.788945
1 0.045663 0.742044 0.065449 0.742044 0.065449 0.762145 0.045663 0.762145
1 0.070015 0.730318 0.095891 0.730318 0.095891 0.767169 0.070015 0.767169
1 0.143074 0.725294 0.175038 0.725294 0.175038 0.765494 0.143074 0.765494
1 0.106544 0.710218 0.130897 0.710218 0.130897 0.735344 0.106544 0.735344
1 0.100456 0.735343 0.126331 0.735343 0.126331 0.763819 0.100456 0.763819
1 0.068493 0.691792 0.098934 0.691792 0.098934 0.718593 0.068493 0.718593
1 0.053273 0.639866 0.082192 0.639866 0.082192 0.688442 0.053273 0.688442
1 0.031963 0.686767 0.059361 0.686767 0.059361 0.718593 0.031963 0.718593
1 0.028920 0.596315 0.056317 0.596315 0.056317 0.624791 0.028920 0.624791
1 0.000000 0.656616 0.021309 0.656616 0.021309 0.688442 0.000000 0.688442
1 0.053273 0.571190 0.079148 0.571190 0.079148 0.601341 0.053273 0.601341
1 0.092846 0.567839 0.114155 0.567839 0.114155 0.594641 0.092846 0.594641
1 0.121765 0.542713 0.149163 0.542713 0.149163 0.571189 0.121765 0.571189
1 0.155251 0.532664 0.182648 0.532664 0.182648 0.569515 0.155251 0.569515
1 0.127855 0.497487 0.155252 0.497487 0.155252 0.525963 0.127855 0.525963
1 0.033485 0.393635 0.060882 0.393635 0.060882 0.425461 0.033485 0.425461
1 0.089803 0.407035 0.114155 0.407035 0.114155 0.437187 0.089803 0.437187
1 0.101978 0.442211 0.121765 0.442211 0.121765 0.470687 0.101978 0.470687
1 0.077626 0.475712 0.106545 0.475712 0.106545 0.509213 0.077626 0.509213
1 0.062406 0.510888 0.091325 0.510888 0.091325 0.536014 0.062406 0.536014
1 0.035008 0.460636 0.060882 0.460636 0.060882 0.495812 0.035008 0.495812
1 0.065449 0.427135 0.094368 0.427135 0.094368 0.452261 0.065449 0.452261
1 0.126331 0.462311 0.153728 0.462311 0.153728 0.495812 0.126331 0.495812
1 0.167428 0.458962 0.197869 0.458962 0.197869 0.492463 0.167428 0.492463
1 0.181127 0.489112 0.210045 0.489112 0.210045 0.519263 0.181127 0.519263
1 0.232876 0.462311 0.260273 0.462311 0.260273 0.495812 0.232876 0.495812
1 0.261796 0.423785 0.287671 0.423785 0.287671 0.457286 0.261796 0.457286
1 0.290715 0.378559 0.319634 0.378559 0.319634 0.402010 0.290715 0.402010
1 0.219178 0.525963 0.248098 0.525963 0.248098 0.551089 0.219178 0.551089
1 0.281583 0.462311 0.310503 0.462311 0.310503 0.495812 0.281583 0.495812
1 0.296803 0.780570 0.319635 0.780570 0.319635 0.810721 0.296803 0.810721
1 0.312024 0.800670 0.342466 0.800670 0.342466 0.834171 0.312024 0.834171
1 0.423135 0.770519 0.445967 0.770519 0.445967 0.805695 0.423135 0.805695
1 0.445967 0.758794 0.470320 0.758794 0.470320 0.793970 0.445967 0.793970
1 0.506849 0.721943 0.531203 0.721943 0.531203 0.753769 0.506849 0.753769
1 0.506850 0.755443 0.534246 0.755443 0.534246 0.785594 0.506850 0.785594
1 0.792999 0.768844 0.821917 0.768844 0.821917 0.800670 0.792999 0.800670
1 0.727550 0.805694 0.754946 0.805694 0.754946 0.832496 0.727550 0.832496
1 0.681887 0.817420 0.706241 0.817420 0.706241 0.844222 0.681887 0.844222
1 0.231354 0.767169 0.263317 0.767169 0.263317 0.792295 0.231354 0.792295
1 0.261796 0.792295 0.281583 0.792295 0.281583 0.822446 0.261796 0.822446
1 0.275494 0.837521 0.302891 0.837521 0.302891 0.869347 0.275494 0.869347
1 0.362253 0.902848 0.388128 0.902848 0.388128 0.938024 0.362253 0.938024
1 0.398782 0.897822 0.424657 0.897822 0.424657 0.932998 0.398782 0.932998
1 0.386605 0.854271 0.417047 0.854271 0.417047 0.887772 0.386605 0.887772
1 0.350077 0.854271 0.378996 0.854271 0.378996 0.887772 0.350077 0.887772
1 0.395738 0.963148 0.423135 0.963148 0.423135 0.993300 0.395738 0.993300
1 0.435312 0.956449 0.462709 0.956449 0.462709 0.986600 0.435312 0.986600
1 0.482496 0.924623 0.511416 0.924623 0.511416 0.956449 0.482496 0.956449
1 0.509893 0.912898 0.535769 0.912898 0.535769 0.943049 0.509893 0.943049
1 0.544902 0.906197 0.564689 0.906197 0.564689 0.943048 0.544902 0.943048
1 0.563167 0.897822 0.592085 0.897822 0.592085 0.927974 0.563167 0.927974
1 0.891934 0.881072 0.920852 0.881072 0.920852 0.916248 0.891934 0.916248
1 0.946728 0.876047 0.975646 0.876047 0.975646 0.904523 0.946728 0.904523
1 0.964992 0.855946 0.998478 0.855946 0.998478 0.879398 0.964992 0.879398
1 0.960427 0.815745 0.992390 0.815745 0.992390 0.847571 0.960427 0.847571
1 0.931507 0.820770 0.958903 0.820770 0.958903 0.849246 0.931507 0.849246
1 0.824963 0.901172 0.853881 0.901172 0.853881 0.932998 0.824963 0.932998
1 0.907153 0.964824 0.931507 0.964824 0.931507 0.989950 0.907153 0.989950
1 0.847792 0.959798 0.869101 0.959798 0.869101 0.979899 0.847792 0.979899
1 0.796042 0.961473 0.824961 0.961473 0.824961 0.991625 0.796042 0.991625
1 0.799087 0.862646 0.826483 0.862646 0.826483 0.889448 0.799087 0.889448
1 0.786911 0.909548 0.817352 0.909548 0.817352 0.944724 0.786911 0.944724
1 0.774733 0.881072 0.799087 0.881072 0.799087 0.909548 0.774733 0.909548
1 0.748858 0.919598 0.773212 0.919598 0.773212 0.951424 0.748858 0.951424
1 0.736681 0.953098 0.759513 0.953098 0.759513 0.979900 0.736681 0.979900
1 0.721461 0.877721 0.742771 0.877721 0.742771 0.904523 0.721461 0.904523
1 0.339421 0.958124 0.360731 0.958124 0.360731 0.989950 0.339421 0.989950
1 0.363775 0.963149 0.385084 0.963149 0.385084 0.991625 0.363775 0.991625
1 0.315069 0.963148 0.339421 0.963148 0.339421 0.993300 0.315069 0.993300
1 0.435312 0.926297 0.465754 0.926297 0.465754 0.953099 0.435312 0.953099
1 0.477930 0.872697 0.505327 0.872697 0.505327 0.894473 0.477930 0.894473
1 0.497717 0.855946 0.531203 0.855946 0.531203 0.886097 0.497717 0.886097
1 0.461187 0.839196 0.490107 0.839196 0.490107 0.871022 0.461187 0.871022
1 0.479453 0.805696 0.505328 0.805696 0.505328 0.839197 0.479453 0.839197
1 0.458144 0.798995 0.482496 0.798995 0.482496 0.834171 0.458144 0.834171
1 0.432268 0.877721 0.458143 0.877721 0.458143 0.904523 0.432268 0.904523
1 0.508371 0.956449 0.541857 0.956449 0.541857 0.988275 0.508371 0.988275
1 0.564689 0.932998 0.593607 0.932998 0.593607 0.961474 0.564689 0.961474
1 0.607306 0.901172 0.633182 0.901172 0.633182 0.927974 0.607306 0.927974
1 0.579909 0.388610 0.608827 0.388610 0.608827 0.420436 0.579909 0.420436
1 0.598173 0.361809 0.622526 0.361809 0.622526 0.390285 0.598173 0.390285
1 0.640792 0.393634 0.668188 0.393634 0.668188 0.423786 0.640792 0.423786
1 0.666666 0.360134 0.691020 0.360134 0.691020 0.385260 0.666666 0.385260
1 0.692541 0.356783 0.718417 0.356783 0.718417 0.386935 0.692541 0.386935
1 0.683409 0.494137 0.716895 0.494137 0.716895 0.529313 0.683409 0.529313
1 0.751903 0.457286 0.780821 0.457286 0.780821 0.482412 0.751903 0.482412
1 0.785389 0.484086 0.814307 0.484086 0.814307 0.514238 0.785389 0.514238
1 0.837139 0.472362 0.863014 0.472362 0.863014 0.497488 0.837139 0.497488
1 0.589042 0.534338 0.616439 0.534338 0.616439 0.566164 0.589042 0.566164
1 0.645357 0.536014 0.669710 0.536014 0.669710 0.569515 0.645357 0.569515
1 0.666666 0.542714 0.701674 0.542714 0.701674 0.579565 0.666666 0.579565
1 0.704718 0.527639 0.730594 0.527639 0.730594 0.561140 0.704718 0.561140
1 0.729071 0.519262 0.751903 0.519262 0.751903 0.546064 0.729071 0.546064
1 0.777777 0.546063 0.803652 0.546063 0.803652 0.572864 0.777777 0.572864
1 0.835616 0.524288 0.866057 0.524288 0.866057 0.559464 0.835616 0.559464
1 0.611872 0.584589 0.637748 0.584589 0.637748 0.611391 0.611872 0.611391
1 0.639269 0.584589 0.665145 0.584589 0.665145 0.618090 0.639269 0.618090
1 0.619483 0.618090 0.646879 0.618090 0.646879 0.653266 0.619483 0.653266
1 0.634704 0.641540 0.663623 0.641540 0.663623 0.671691 0.634704 0.671691
1 0.677322 0.592965 0.704718 0.592965 0.704718 0.628141 0.677322 0.628141
1 0.704718 0.574539 0.730594 0.574539 0.730594 0.599665 0.704718 0.599665
1 0.783867 0.591289 0.814307 0.591289 0.814307 0.618090 0.783867 0.618090
1 0.785388 0.572864 0.811264 0.572864 0.811264 0.591289 0.785388 0.591289
1 0.820396 0.591290 0.849314 0.591290 0.849314 0.624791 0.820396 0.624791
1 0.598174 0.604691 0.619483 0.604691 0.619483 0.638192 0.598174 0.638192
1 0.558600 0.497488 0.595130 0.497488 0.595130 0.541038 0.558600 0.541038
1 0.563165 0.529313 0.587519 0.529313 0.587519 0.559465 0.563165 0.559465
1 0.579909 0.432161 0.607305 0.432161 0.607305 0.463987 0.579909 0.463987
1 0.611872 0.420435 0.634703 0.420435 0.634703 0.442211 0.611872 0.442211
1 0.633181 0.435511 0.666667 0.435511 0.666667 0.467337 0.633181 0.467337
1 0.622526 0.484086 0.652967 0.484086 0.652967 0.514238 0.622526 0.514238
1 0.525115 0.539363 0.552511 0.539363 0.552511 0.579564 0.525115 0.579564
1 0.511416 0.581240 0.540334 0.581240 0.540334 0.611391 0.511416 0.611391
1 0.525114 0.628140 0.549467 0.628140 0.549467 0.664991 0.525114 0.664991
1 0.500761 0.628141 0.525115 0.628141 0.525115 0.653267 0.500761 0.653267
1 0.450532 0.542713 0.480973 0.542713 0.480973 0.572864 0.450532 0.572864
1 0.497717 0.509213 0.526636 0.509213 0.526636 0.541039 0.497717 0.541039
1 0.480974 0.470687 0.508371 0.470687 0.508371 0.499163 0.480974 0.499163
1 0.392695 0.326634 0.423136 0.326634 0.423136 0.353434 0.392695 0.353434
1 0.392695 0.358459 0.420092 0.358459 0.420092 0.391960 0.392695 0.391960
1 0.427702 0.346734 0.455099 0.346734 0.455099 0.370185 0.427702 0.370185
1 0.468797 0.363483 0.496194 0.363483 0.496194 0.393634 0.468797 0.393634
1 0.503806 0.356783 0.535768 0.356783 0.535768 0.386935 0.503806 0.386935
1 0.482496 0.385260 0.512938 0.385260 0.512938 0.412060 0.482496 0.412060
1 0.511416 0.402009 0.540334 0.402009 0.540334 0.432161 0.511416 0.432161
1 0.546423 0.391960 0.570777 0.391960 0.570777 0.423786 0.546423 0.423786
1 0.534247 0.423786 0.561643 0.423786 0.561643 0.458962 0.534247 0.458962
1 0.480974 0.432161 0.511416 0.432161 0.511416 0.469011 0.480974 0.469011
1 0.506850 0.463986 0.535768 0.463986 0.535768 0.495812 0.506850 0.495812
1 0.439879 0.422110 0.467276 0.422110 0.467276 0.457286 0.439879 0.457286
1 0.436835 0.458961 0.464232 0.458961 0.464232 0.489113 0.436835 0.489113
1 0.441401 0.495812 0.467276 0.495812 0.467276 0.530988 0.441401 0.530988
1 0.398782 0.442211 0.424657 0.442211 0.424657 0.477387 0.398782 0.477387
1 0.394216 0.408710 0.424658 0.408710 0.424658 0.440536 0.394216 0.440536
1 0.362253 0.422110 0.394215 0.422110 0.394215 0.453936 0.362253 0.453936
1 0.351598 0.380234 0.378995 0.380234 0.378995 0.412060 0.351598 0.412060
1 0.350076 0.338359 0.380518 0.338359 0.380518 0.375209 0.350076 0.375209
1 0.675799 0.897822 0.704718 0.897822 0.704718 0.932998 0.675799 0.932998
1 0.704719 0.911222 0.735159 0.911222 0.735159 0.938024 0.704719 0.938024
1 0.677322 0.941373 0.698631 0.941373 0.698631 0.963149 0.677322 0.963149
1 0.639270 0.956449 0.666666 0.956449 0.666666 0.989950 0.639270 0.989950
1 0.648401 0.916247 0.671233 0.916247 0.671233 0.953098 0.648401 0.953098
1 0.662100 0.852596 0.686454 0.852596 0.686454 0.891122 0.662100 0.891122
1 0.700152 0.837521 0.726028 0.837521 0.726028 0.869347 0.700152 0.869347
1 0.560122 0.829145 0.587518 0.829145 0.587518 0.865996 0.560122 0.865996
1 0.528159 0.837521 0.557078 0.837521 0.557078 0.865997 0.528159 0.865997
1 0.627093 0.752094 0.654489 0.752094 0.654489 0.783920 0.627093 0.783920
1 0.652969 0.706867 0.681887 0.706867 0.681887 0.737019 0.652969 0.737019
1 0.698631 0.680067 0.727549 0.680067 0.727549 0.713568 0.698631 0.713568
1 0.729071 0.678392 0.750381 0.678392 0.750381 0.706868 0.729071 0.706868
1 0.732116 0.728643 0.759512 0.728643 0.759512 0.752095 0.732116 0.752095
1 0.768645 0.713568 0.789955 0.713568 0.789955 0.748744 0.768645 0.748744
1 0.710807 0.725294 0.733638 0.725294 0.733638 0.762145 0.710807 0.762145
1 0.706240 0.780569 0.730594 0.780569 0.730594 0.807370 0.706240 0.807370
1 0.753425 0.760469 0.780821 0.760469 0.780821 0.788945 0.753425 0.788945
1 0.675799 0.773869 0.701675 0.773869 0.701675 0.812395 0.675799 0.812395
1 0.637747 0.805696 0.663623 0.805696 0.663623 0.842546 0.637747 0.842546
1 0.616439 0.807370 0.636225 0.807370 0.636225 0.834172 0.616439 0.834172
1 0.628614 0.788944 0.651446 0.788944 0.651446 0.812396 0.628614 0.812396
1 0.581431 0.864322 0.613394 0.864322 0.613394 0.899498 0.581431 0.899498
1 0.611872 0.864321 0.637748 0.864321 0.637748 0.887773 0.611872 0.887773
1 0.532724 0.780570 0.558600 0.780570 0.558600 0.810721 0.532724 0.810721
1 0.557078 0.763818 0.582953 0.763818 0.582953 0.790620 0.557078 0.790620
1 0.543380 0.740368 0.575342 0.740368 0.575342 0.772194 0.543380 0.772194
1 0.587520 0.752093 0.614916 0.752093 0.614916 0.782245 0.587520 0.782245
1 0.581431 0.696817 0.611872 0.696817 0.611872 0.725293 0.581431 0.725293
1 0.602739 0.664991 0.634702 0.664991 0.634702 0.695142 0.602739 0.695142
1 0.569254 0.658292 0.601217 0.658292 0.601217 0.691793 0.569254 0.691793
1 0.529680 0.696817 0.557077 0.696817 0.557077 0.726969 0.529680 0.726969
1 0.502284 0.681742 0.529680 0.681742 0.529680 0.715243 0.502284 0.715243
1 0.919331 0.304858 0.948249 0.304858 0.948249 0.338359 0.919331 0.338359
1 0.888889 0.365159 0.920852 0.365159 0.920852 0.396985 0.888889 0.396985
1 0.856926 0.410386 0.885844 0.410386 0.885844 0.443887 0.856926 0.443887
1 0.847793 0.371859 0.873669 0.371859 0.873669 0.407035 0.847793 0.407035
1 0.847793 0.309883 0.879756 0.309883 0.879756 0.351759 0.847793 0.351759
1 0.893455 0.291457 0.917809 0.291457 0.917809 0.326633 0.893455 0.326633
1 0.885845 0.324958 0.929985 0.324958 0.929985 0.356784 0.885845 0.356784
1 0.818874 0.355108 0.846270 0.355108 0.846270 0.381909 0.818874 0.381909
1 0.957383 0.430486 0.987823 0.430486 0.987823 0.472362 0.957383 0.472362
1 0.966514 0.470687 1.000000 0.470687 1.000000 0.505863 0.966514 0.505863
1 0.952817 0.546064 0.983258 0.546064 0.983258 0.577890 0.952817 0.577890
1 0.902587 0.532663 0.926941 0.532663 0.926941 0.566164 0.902587 0.566164
1 0.899544 0.477386 0.928462 0.477386 0.928462 0.510887 0.899544 0.510887
1 0.869102 0.463986 0.904110 0.463986 0.904110 0.495812 0.869102 0.495812
1 0.870624 0.514238 0.896500 0.514238 0.896500 0.546064 0.870624 0.546064
1 0.910198 0.601340 0.945206 0.601340 0.945206 0.629816 0.910198 0.629816
1 0.884323 0.618090 0.911719 0.618090 0.911719 0.648242 0.884323 0.648242
1 0.864536 0.599664 0.891932 0.599664 0.891932 0.626466 0.864536 0.626466
1 0.838661 0.636516 0.869101 0.636516 0.869101 0.676716 0.838661 0.676716
1 0.806698 0.648242 0.837139 0.648242 0.837139 0.681743 0.806698 0.681743
1 0.745815 0.633166 0.776255 0.633166 0.776255 0.661642 0.745815 0.661642
1 0.707763 0.619765 0.738204 0.619765 0.738204 0.648241 0.707763 0.648241
1 0.732116 0.562814 0.773212 0.562814 0.773212 0.601340 0.732116 0.601340
1 0.540335 0.311558 0.572298 0.311558 0.572298 0.343384 0.540335 0.343384
1 0.552511 0.251256 0.576865 0.251256 0.576865 0.279732 0.552511 0.279732
1 0.561644 0.214405 0.590563 0.214405 0.590563 0.241207 0.561644 0.241207
1 0.627093 0.219430 0.654489 0.219430 0.654489 0.254606 0.627093 0.254606
1 0.660578 0.244556 0.694064 0.244556 0.694064 0.273032 0.660578 0.273032
1 0.695586 0.308208 0.729072 0.308208 0.729072 0.340034 0.695586 0.340034
1 0.722984 0.380234 0.751902 0.380234 0.751902 0.413735 0.722984 0.413735
1 0.479453 0.283081 0.505328 0.283081 0.505328 0.313233 0.479453 0.313233
1 0.482496 0.311558 0.511416 0.311558 0.511416 0.336684 0.482496 0.336684
1 0.783867 0.288107 0.812785 0.288107 0.812785 0.323283 0.783867 0.323283
1 0.767123 0.268007 0.800609 0.268007 0.800609 0.296483 0.767123 0.296483
1 0.908676 0.232831 0.939117 0.232831 0.939117 0.274707 0.908676 0.274707
1 0.929984 0.212730 0.960425 0.212730 0.960425 0.234506 0.929984 0.234506
1 0.898022 0.209380 0.926940 0.209380 0.926940 0.237856 0.898022 0.237856
1 0.940640 0.634841 0.968036 0.634841 0.968036 0.668342 0.940640 0.668342
1 0.961948 0.676716 0.993911 0.676716 0.993911 0.706867 0.961948 0.706867
1 0.894978 0.735343 0.922374 0.735343 0.922374 0.765494 0.894978 0.765494
1 0.875190 0.760468 0.899544 0.760468 0.899544 0.793969 0.875190 0.793969
1 0.870625 0.728643 0.893456 0.728643 0.893456 0.752095 0.870625 0.752095
1 0.869102 0.685092 0.905632 0.685092 0.905632 0.715244 0.869102 0.715244
1 0.832573 0.726968 0.859969 0.726968 0.859969 0.758794 0.832573 0.758794
1 0.792999 0.693468 0.820395 0.693468 0.820395 0.726969 0.792999 0.726969
1 0.802132 0.737018 0.829529 0.737018 0.829529 0.768844 0.802132 0.768844
1 0.687976 0.646567 0.715372 0.646567 0.715372 0.680068 0.687976 0.680068
1 0.578386 0.092128 0.602739 0.092128 0.602739 0.118928 0.578386 0.118928
1 0.511416 0.046901 0.540334 0.046901 0.540334 0.082077 0.511416 0.082077
1 0.554034 0.011725 0.572299 0.011725 0.572299 0.048577 0.554034 0.048577
1 0.500761 0.092128 0.526637 0.092128 0.526637 0.125629 0.500761 0.125629
1 0.534247 0.137354 0.564688 0.137354 0.564688 0.177555 0.534247 0.177555
1 0.417048 0.043551 0.444445 0.043551 0.444445 0.080403 0.417048 0.080403
1 0.484018 0.001675 0.514459 0.001675 0.514459 0.031825 0.484018 0.031825
1 0.382039 0.008375 0.410959 0.008375 0.410959 0.045227 0.382039 0.045227
1 0.339421 0.036851 0.372907 0.036851 0.372907 0.065327 0.339421 0.065327
1 0.319635 0.018426 0.343988 0.018426 0.343988 0.041876 0.319635 0.041876
1 0.624049 0.113903 0.651445 0.113903 0.651445 0.150754 0.624049 0.150754
1 0.365296 0.499162 0.394215 0.499162 0.394215 0.527638 0.365296 0.527638
1 0.347033 0.479061 0.371385 0.479061 0.371385 0.509212 0.347033 0.509212
1 0.302893 0.495812 0.331812 0.495812 0.331812 0.529313 0.302893 0.529313
1 0.150684 0.621440 0.175038 0.621440 0.175038 0.649916 0.150684 0.649916
1 0.447489 0.587939 0.476408 0.587939 0.476408 0.621440 0.447489 0.621440
1 0.462709 0.636516 0.493151 0.636516 0.493151 0.663317 0.462709 0.663317
1 0.461187 0.614740 0.490107 0.614740 0.490107 0.638192 0.461187 0.638192
1 0.427702 0.805696 0.456621 0.805696 0.456621 0.839197 0.427702 0.839197
1 0.397261 0.770519 0.417048 0.770519 0.417048 0.797320 0.397261 0.797320
1 0.280060 0.726968 0.299847 0.726968 0.299847 0.758794 0.280060 0.758794
1 0.319634 0.864321 0.340944 0.864321 0.340944 0.892797 0.319634 0.892797
1 0.339421 0.926297 0.360731 0.926297 0.360731 0.949749 0.339421 0.949749
1 0.258752 0.356784 0.290715 0.356784 0.290715 0.383584 0.258752 0.383584
