1 0.029412 0.246533 0.049774 0.246533 0.049774 0.271186 0.029412 0.271186
1 0.225113 0.129430 0.244344 0.129430 0.244344 0.155624 0.225113 0.155624
1 0.280543 0.004622 0.299774 0.004622 0.299774 0.033898 0.280543 0.033898
1 0.268099 0.036979 0.289592 0.036979 0.289592 0.067796 0.268099 0.067796
1 0.245475 0.120185 0.263575 0.120185 0.263575 0.146379 0.245475 0.146379
1 0.380090 0.195686 0.399321 0.195686 0.399321 0.224962 0.380090 0.224962
1 0.619910 0.143297 0.639141 0.143297 0.639141 0.171033 0.619910 0.171033
1 0.690045 0.123267 0.711538 0.123267 0.711538 0.151002 0.690045 0.151002
1 0.632353 0.362096 0.652715 0.362096 0.652715 0.397535 0.632353 0.397535
1 0.717194 0.197227 0.738687 0.197227 0.738687 0.235747 0.717194 0.235747
1 0.667421 0.636364 0.687783 0.636364 0.687783 0.662558 0.667421 0.662558
1 0.750000 0.560862 0.770362 0.560862 0.770362 0.588597 0.750000 0.588597
1 0.682127 0.622496 0.702489 0.622496 0.702489 0.645608 0.682127 0.645608
1 0.292986 0.642527 0.313348 0.642527 0.313348 0.670262 0.292986 0.670262
1 0.279412 0.708783 0.302036 0.708783 0.302036 0.734977 0.279412 0.734977
1 0.166290 0.748844 0.180996 0.748844 0.180996 0.770416 0.166290 0.770416
1 0.171946 0.762712 0.192308 0.762712 0.192308 0.785824 0.171946 0.785824
1 0.522625 0.747303 0.545249 0.747303 0.545249 0.778120 0.522625 0.778120
1 0.528281 0.505393 0.545249 0.505393 0.545249 0.525423 0.528281 0.525423
1 0.538462 0.694916 0.558824 0.694916 0.558824 0.719569 0.538462 0.719569
1 0.593891 0.631741 0.609729 0.631741 0.609729 0.653313 0.593891 0.653313
1 0.668551 0.796610 0.687782 0.796610 0.687782 0.818182 0.668551 0.818182
1 0.875565 0.630201 0.897058 0.630201 0.897058 0.662558 0.875565 0.662558
1 0.761312 0.879815 0.783936 0.879815 0.783936 0.912172 0.761312 0.912172
1 0.856335 0.889060 0.883485 0.889060 0.883485 0.930662 0.856335 0.930662
1 0.938914 0.906009 0.952488 0.906009 0.952488 0.927581 0.938914 0.927581
1 0.833710 0.767334 0.849548 0.767334 0.849548 0.785824 0.833710 0.785824
1 0.540724 0.932203 0.563348 0.932203 0.563348 0.959939 0.540724 0.959939
1 0.669683 0.941448 0.691176 0.941448 0.691176 0.972266 0.669683 0.972266
1 0.671946 0.476118 0.694570 0.476118 0.694570 0.511556 0.671946 0.511556
1 0.725113 0.314330 0.735294 0.314330 0.735294 0.346687 0.725113 0.346687
1 0.680996 0.587057 0.707014 0.587057 0.707014 0.620955 0.680996 0.620955
2 0.392534 0.308167 0.429864 0.308167 0.429864 0.346688 0.392534 0.346688
