0 0.547852 0.445313 0.577148 0.445313 0.577148 0.491211 0.547852 0.491211
0 0.071288 0.924805 0.114257 0.924805 0.114257 0.975585 0.071288 0.975585
0 0.071289 0.572266 0.112305 0.572266 0.112305 0.617188 0.071289 0.617188
0 0.300781 0.159180 0.325195 0.159180 0.325195 0.193360 0.300781 0.193360
0 0.413086 0.893555 0.444336 0.893555 0.444336 0.923828 0.413086 0.923828
0 0.402343 0.619140 0.431640 0.619140 0.431640 0.651367 0.402343 0.651367
0 0.705079 0.667968 0.734375 0.667968 0.734375 0.690430 0.705079 0.690430
0 0.450195 0.659180 0.485351 0.659180 0.485351 0.691407 0.450195 0.691407
0 0.475586 0.674804 0.501953 0.674804 0.501953 0.708008 0.475586 0.708008
0 0.458008 0.880860 0.486328 0.880860 0.486328 0.902344 0.458008 0.902344
0 0.026368 0.164062 0.052735 0.164062 0.052735 0.194335 0.026368 0.194335
0 0.582031 0.039062 0.620117 0.039062 0.620117 0.073242 0.582031 0.073242
0 0.379883 0.121094 0.413085 0.121094 0.413085 0.149414 0.379883 0.149414
0 0.339844 0.000977 0.375000 0.000977 0.375000 0.044922 0.339844 0.044922
0 0.544922 0.517578 0.570312 0.517578 0.570312 0.541992 0.544922 0.541992
0 0.675782 0.574219 0.715820 0.574219 0.715820 0.594727 0.675782 0.594727
0 0.310547 0.459960 0.338867 0.459960 0.338867 0.485352 0.310547 0.485352
0 0.907226 0.863282 0.934570 0.863282 0.934570 0.882812 0.907226 0.882812
0 0.353515 0.472656 0.383788 0.472656 0.383788 0.498048 0.353515 0.498048
0 0.074218 0.257812 0.107422 0.257812 0.107422 0.278320 0.074218 0.278320
0 0.692383 0.538086 0.723633 0.538086 0.723633 0.573242 0.692383 0.573242
0 0.254883 0.778320 0.272461 0.778320 0.272461 0.805664 0.254883 0.805664
0 0.337890 0.395508 0.375000 0.395508 0.375000 0.416992 0.337890 0.416992
0 0.000000 0.079102 0.031250 0.079102 0.031250 0.109374 0.000000 0.109374
0 0.600587 0.185547 0.644531 0.185547 0.644531 0.214844 0.600587 0.214844
0 0.942383 0.809570 0.980469 0.809570 0.980469 0.837890 0.942383 0.837890
0 0.479492 0.000976 0.515625 0.000976 0.515625 0.031249 0.479492 0.031249
0 0.898438 0.829102 0.934570 0.829102 0.934570 0.857422 0.898438 0.857422
0 0.909180 0.774414 0.947266 0.774414 0.947266 0.802734 0.909180 0.802734
0 0.577148 0.323242 0.610352 0.323242 0.610352 0.360352 0.577148 0.360352
0 0.160156 0.101563 0.183594 0.101563 0.183594 0.119141 0.160156 0.119141
0 0.861328 0.057617 0.903320 0.057617 0.903320 0.082031 0.861328 0.082031
0 0.093750 0.001952 0.132812 0.001952 0.132812 0.034180 0.093750 0.034180
0 0.619141 0.022460 0.650391 0.022460 0.650391 0.054688 0.619141 0.054688
0 0.319337 0.324219 0.352540 0.324219 0.352540 0.347657 0.319337 0.347657
0 0.678710 0.413087 0.725585 0.413087 0.725585 0.446290 0.678710 0.446290
0 0.069336 0.197266 0.098632 0.197266 0.098632 0.227539 0.069336 0.227539
0 0.202148 0.660156 0.222656 0.660156 0.222656 0.681640 0.202148 0.681640
0 0.413087 0.457031 0.443360 0.457031 0.443360 0.491211 0.413087 0.491211
0 0.218751 0.563476 0.258790 0.563476 0.258790 0.600585 0.218751 0.600585
0 0.086914 0.761718 0.115234 0.761718 0.115234 0.797851 0.086914 0.797851
0 0.272461 0.760742 0.299805 0.760742 0.299805 0.796875 0.272461 0.796875
0 0.144531 0.341796 0.172851 0.341796 0.172851 0.367188 0.144531 0.367188
0 0.499023 0.541992 0.525390 0.541992 0.525390 0.565430 0.499023 0.565430
0 0.254883 0.550781 0.284180 0.550781 0.284180 0.569337 0.254883 0.569337
0 0.433593 0.083984 0.459960 0.083984 0.459960 0.107422 0.433593 0.107422
0 0.020507 0.104492 0.049805 0.104492 0.049805 0.135742 0.020507 0.135742
0 0.441406 0.246094 0.469726 0.246094 0.469726 0.276367 0.441406 0.276367
0 0.127929 0.363282 0.151367 0.363282 0.151367 0.396485 0.127929 0.396485
0 0.547852 0.036132 0.583008 0.036132 0.583008 0.076172 0.547852 0.076172
0 0.252930 0.852539 0.280274 0.852539 0.280274 0.880859 0.252930 0.880859
0 0.055664 0.088867 0.083008 0.088867 0.083008 0.113281 0.055664 0.113281
0 0.491211 0.052734 0.524414 0.052734 0.524414 0.087890 0.491211 0.087890
0 0.765625 0.018555 0.794921 0.018555 0.794921 0.055664 0.765625 0.055664
0 0.209961 0.958984 0.238281 0.958984 0.238281 0.992188 0.209961 0.992188
0 0.625000 0.625000 0.658204 0.625000 0.658204 0.663086 0.625000 0.663086
0 0.609375 0.238281 0.639648 0.238281 0.639648 0.272461 0.609375 0.272461
0 0.919921 0.335938 0.953125 0.335938 0.953125 0.372070 0.919921 0.372070
0 0.187500 0.032226 0.218750 0.032226 0.218750 0.061524 0.187500 0.061524
0 0.092774 0.299804 0.122070 0.299804 0.122070 0.325196 0.092774 0.325196
0 0.010742 0.559571 0.048828 0.559571 0.048828 0.584962 0.010742 0.584962
0 0.089844 0.356445 0.125976 0.356445 0.125976 0.388672 0.089844 0.388672
0 0.064454 0.508789 0.093751 0.508789 0.093751 0.532227 0.064454 0.532227
0 0.487305 0.321290 0.517578 0.321290 0.517578 0.354492 0.487305 0.354492
0 0.249023 0.372070 0.286133 0.372070 0.286133 0.410156 0.249023 0.410156
0 0.896485 0.160156 0.935547 0.160156 0.935547 0.176758 0.896485 0.176758
0 0.806641 0.003907 0.834961 0.003907 0.834961 0.034180 0.806641 0.034180
0 0.868163 0.688477 0.893554 0.688477 0.893554 0.719727 0.868163 0.719727
0 0.701171 0.720703 0.727538 0.720703 0.727538 0.745117 0.701171 0.745117
0 0.363281 0.318360 0.395508 0.318360 0.395508 0.346680 0.363281 0.346680
0 0.643555 0.053711 0.681641 0.053711 0.681641 0.092773 0.643555 0.092773
0 0.004883 0.031250 0.047852 0.031250 0.047852 0.072266 0.004883 0.072266
0 0.057617 0.000977 0.089844 0.000977 0.089844 0.032227 0.057617 0.032227
0 0.671875 0.013671 0.708985 0.013671 0.708985 0.045898 0.671875 0.045898
0 0.849610 0.071290 0.872071 0.071290 0.872071 0.090820 0.849610 0.090820
0 0.440430 0.711914 0.474610 0.711914 0.474610 0.732422 0.440430 0.732422
0 0.047852 0.277344 0.083985 0.277344 0.083985 0.309571 0.047852 0.309571
0 0.220703 0.837891 0.249023 0.837891 0.249023 0.890625 0.220703 0.890625
0 0.231445 0.448242 0.261719 0.448242 0.261719 0.479492 0.231445 0.479492
0 0.859375 0.605469 0.897461 0.605469 0.897461 0.647461 0.859375 0.647461
0 0.953125 0.352539 0.973633 0.352539 0.973633 0.376953 0.953125 0.376953
0 0.268555 0.000000 0.301758 0.000000 0.301758 0.029296 0.268555 0.029296
0 0.073243 0.551758 0.098633 0.551758 0.098633 0.575196 0.073243 0.575196
0 0.707031 0.446290 0.751953 0.446290 0.751953 0.479492 0.707031 0.479492
0 0.021485 0.975586 0.075195 0.975586 0.075195 1.000000 0.021485 1.000000
0 0.305664 0.967773 0.333984 0.967773 0.333984 0.994140 0.305664 0.994140
0 0.414062 0.000976 0.444335 0.000976 0.444335 0.024414 0.414062 0.024414
0 0.502930 0.680664 0.529297 0.680664 0.529297 0.708008 0.502930 0.708008
0 0.614258 0.161133 0.656250 0.161133 0.656250 0.195313 0.614258 0.195313
0 0.188477 0.100586 0.216797 0.100586 0.216797 0.129883 0.188477 0.129883
0 0.172852 0.672851 0.197266 0.672851 0.197266 0.713867 0.172852 0.713867
0 0.469726 0.933594 0.499999 0.933594 0.499999 0.962890 0.469726 0.962890
0 0.319337 0.440430 0.352540 0.440430 0.352540 0.464844 0.319337 0.464844
0 0.517579 0.773438 0.547852 0.773438 0.547852 0.798828 0.517579 0.798828
0 0.911133 0.270508 0.943360 0.270508 0.943360 0.307616 0.911133 0.307616
0 0.712891 0.001953 0.750977 0.001953 0.750977 0.035157 0.712891 0.035157
0 0.073242 0.881836 0.108398 0.881836 0.108398 0.922852 0.073242 0.922852
0 0.878907 0.891602 0.909180 0.891602 0.909180 0.922852 0.878907 0.922852
0 0.714843 0.739258 0.747070 0.739258 0.747070 0.768554 0.714843 0.768554
0 0.523438 0.430663 0.545899 0.430663 0.545899 0.462890 0.523438 0.462890
0 0.599610 0.214844 0.646485 0.214844 0.646485 0.236328 0.599610 0.236328
0 0.653320 0.387695 0.695312 0.387695 0.695312 0.418945 0.653320 0.418945
0 0.369140 0.694337 0.401367 0.694337 0.401367 0.720704 0.369140 0.720704
0 0.892578 0.928711 0.930664 0.928711 0.930664 0.966797 0.892578 0.966797
0 0.192383 0.391601 0.226563 0.391601 0.226563 0.415039 0.192383 0.415039
0 0.463867 0.538086 0.495117 0.538086 0.495117 0.571290 0.463867 0.571290
0 0.554687 0.201172 0.592773 0.201172 0.592773 0.230469 0.554687 0.230469
0 0.094727 0.201173 0.125977 0.201173 0.125977 0.231445 0.094727 0.231445
0 0.508790 0.235352 0.538086 0.235352 0.538086 0.270508 0.508790 0.270508
0 0.570312 0.805663 0.603516 0.805663 0.603516 0.831054 0.570312 0.831054
0 0.572265 0.649414 0.620117 0.649414 0.620117 0.673828 0.572265 0.673828
0 0.521485 0.469726 0.550781 0.469726 0.550781 0.497070 0.521485 0.497070
0 0.416992 0.405274 0.455078 0.405274 0.455078 0.441406 0.416992 0.441406
0 0.234375 0.508789 0.275391 0.508789 0.275391 0.536133 0.234375 0.536133
0 0.642579 0.616211 0.672852 0.616211 0.672852 0.651367 0.642579 0.651367
0 0.863282 0.000976 0.907226 0.000976 0.907226 0.024414 0.863282 0.024414
0 0.526367 0.023438 0.556640 0.023438 0.556640 0.051758 0.526367 0.051758
0 0.472656 0.260742 0.497070 0.260742 0.497070 0.288086 0.472656 0.288086
0 0.557617 0.353515 0.593750 0.353515 0.593750 0.401367 0.557617 0.401367
0 0.963867 0.765625 0.998047 0.765625 0.998047 0.792969 0.963867 0.792969
0 0.134766 0.086914 0.163086 0.086914 0.163086 0.118164 0.134766 0.118164
0 0.070313 0.237305 0.109375 0.237305 0.109375 0.258789 0.070313 0.258789
0 0.017578 0.235351 0.054688 0.235351 0.054688 0.264649 0.017578 0.264649
0 0.692383 0.480469 0.739258 0.480469 0.739258 0.508789 0.692383 0.508789
0 0.529297 0.687500 0.554688 0.687500 0.554688 0.713867 0.529297 0.713867
0 0.027343 0.629883 0.060547 0.629883 0.060547 0.674805 0.027343 0.674805
0 0.915040 0.795898 0.948243 0.795898 0.948243 0.820312 0.915040 0.820312
0 0.622070 0.109374 0.656250 0.109374 0.656250 0.141601 0.622070 0.141601
0 0.592774 0.601562 0.622070 0.601562 0.622070 0.645507 0.592774 0.645507
0 0.247071 0.420899 0.280274 0.420899 0.280274 0.451172 0.247071 0.451172
0 0.350585 0.142578 0.379883 0.142578 0.379883 0.188476 0.350585 0.188476
0 0.588868 0.369141 0.618165 0.369141 0.618165 0.411133 0.588868 0.411133
0 0.886719 0.574218 0.912110 0.574218 0.912110 0.606445 0.886719 0.606445
0 0.086914 0.083008 0.114258 0.083008 0.114258 0.117188 0.086914 0.117188
0 0.158203 0.147461 0.188476 0.147461 0.188476 0.184570 0.158203 0.184570
0 0.681640 0.177734 0.707031 0.177734 0.707031 0.212890 0.681640 0.212890
0 0.612304 0.446289 0.666015 0.446289 0.666015 0.484375 0.612304 0.484375
0 0.332031 0.681641 0.359375 0.681641 0.359375 0.720703 0.332031 0.720703
0 0.192383 0.887695 0.220703 0.887695 0.220703 0.914062 0.192383 0.914062
0 0.405273 0.567383 0.439453 0.567383 0.439453 0.596679 0.405273 0.596679
0 0.209960 0.785157 0.232422 0.785157 0.232422 0.821290 0.209960 0.821290
0 0.873047 0.124999 0.904297 0.124999 0.904297 0.161133 0.873047 0.161133
0 0.777344 0.203125 0.805664 0.203125 0.805664 0.241211 0.777344 0.241211
0 0.096680 0.823242 0.131836 0.823242 0.131836 0.861328 0.096680 0.861328
0 0.559570 0.087890 0.594726 0.087890 0.594726 0.114257 0.559570 0.114257
0 0.891601 0.110351 0.918945 0.110351 0.918945 0.142578 0.891601 0.142578
0 0.194336 0.734375 0.236328 0.734375 0.236328 0.759765 0.194336 0.759765
0 0.201173 0.444335 0.231445 0.444335 0.231445 0.469727 0.201173 0.469727
0 0.136718 0.882812 0.168945 0.882812 0.168945 0.919922 0.136718 0.919922
0 0.234375 0.742187 0.257813 0.742187 0.257813 0.773437 0.234375 0.773437
0 0.967773 0.322265 0.991211 0.322265 0.991211 0.355468 0.967773 0.355468
0 0.162110 0.359375 0.208008 0.359375 0.208008 0.407227 0.162110 0.407227
0 0.387695 0.174804 0.429687 0.174804 0.429687 0.198242 0.387695 0.198242
0 0.545899 0.571289 0.574219 0.571289 0.574219 0.594727 0.545899 0.594727
0 0.293945 0.097657 0.331055 0.097657 0.331055 0.136719 0.293945 0.136719
0 0.736328 0.024413 0.762695 0.024413 0.762695 0.060546 0.736328 0.060546
0 0.225585 0.933594 0.257812 0.933594 0.257812 0.955078 0.225585 0.955078
0 0.487305 0.503906 0.517578 0.503906 0.517578 0.538086 0.487305 0.538086
0 0.394532 0.688476 0.427735 0.688476 0.427735 0.711914 0.394532 0.711914
0 0.871094 0.083985 0.916992 0.083985 0.916992 0.110352 0.871094 0.110352
0 0.319336 0.842773 0.340820 0.842773 0.340820 0.876953 0.319336 0.876953
0 0.433594 0.526367 0.460938 0.526367 0.460938 0.542969 0.433594 0.542969
0 0.241210 0.606445 0.277343 0.606445 0.277343 0.649415 0.241210 0.649415
0 0.369140 0.026367 0.403320 0.026367 0.403320 0.057617 0.369140 0.057617
0 0.274415 0.125977 0.300782 0.125977 0.300782 0.175782 0.274415 0.175782
0 0.312500 0.890625 0.335938 0.890625 0.335938 0.926758 0.312500 0.926758
0 0.014649 0.147461 0.034180 0.147461 0.034180 0.171875 0.014649 0.171875
0 0.583008 0.238282 0.605469 0.238282 0.605469 0.260742 0.583008 0.260742
0 0.628906 0.280274 0.664062 0.280274 0.664062 0.312501 0.628906 0.312501
0 0.583008 0.750000 0.620117 0.750000 0.620117 0.770508 0.583008 0.770508
0 0.252930 0.188476 0.281250 0.188476 0.281250 0.211914 0.252930 0.211914
0 0.694336 0.511718 0.735352 0.511718 0.735352 0.538085 0.694336 0.538085
0 0.048828 0.705078 0.074219 0.705078 0.074219 0.732422 0.048828 0.732422
0 0.820313 0.387696 0.859375 0.387696 0.859375 0.433594 0.820313 0.433594
0 0.516601 0.109375 0.543945 0.109375 0.543945 0.136719 0.516601 0.136719
0 0.761719 0.201172 0.783203 0.201172 0.783203 0.230469 0.761719 0.230469
0 0.426758 0.544922 0.453125 0.544922 0.453125 0.570312 0.426758 0.570312
0 0.050782 0.184570 0.066407 0.184570 0.066407 0.218750 0.050782 0.218750
0 0.298828 0.333984 0.329101 0.333984 0.329101 0.365234 0.298828 0.365234
0 0.311523 0.371093 0.336915 0.371093 0.336915 0.396485 0.311523 0.396485
0 0.492187 0.710937 0.526367 0.710937 0.526367 0.731445 0.492187 0.731445
0 0.453125 0.780274 0.475585 0.780274 0.475585 0.805665 0.453125 0.805665
0 0.836914 0.140624 0.875976 0.140624 0.875976 0.194335 0.836914 0.194335
0 0.791992 0.482422 0.823242 0.482422 0.823242 0.511718 0.791992 0.511718
0 0.772461 0.186523 0.796875 0.186523 0.796875 0.206055 0.772461 0.206055
0 0.716796 0.271485 0.750000 0.271485 0.750000 0.300782 0.716796 0.300782
0 0.232422 0.059570 0.257812 0.059570 0.257812 0.095703 0.232422 0.095703
0 0.511719 0.734375 0.550781 0.734375 0.550781 0.770508 0.511719 0.770508
0 0.284179 0.841796 0.313476 0.841796 0.313476 0.874023 0.284179 0.874023
0 0.474610 0.192383 0.506837 0.192383 0.506837 0.223633 0.474610 0.223633
0 0.196289 0.857422 0.224609 0.857422 0.224609 0.885742 0.196289 0.885742
0 0.166992 0.066407 0.192383 0.066407 0.192383 0.095703 0.166992 0.095703
0 0.274414 0.604492 0.305664 0.604492 0.305664 0.630860 0.274414 0.630860
0 0.413086 0.306641 0.444336 0.306641 0.444336 0.342774 0.413086 0.342774
0 0.890625 0.359375 0.912109 0.359375 0.912109 0.401367 0.890625 0.401367
0 0.363281 0.071289 0.390625 0.071289 0.390625 0.094727 0.363281 0.094727
0 0.525391 0.662110 0.549805 0.662110 0.549805 0.688477 0.525391 0.688477
0 0.429687 0.624023 0.460937 0.624023 0.460937 0.654296 0.429687 0.654296
0 0.445312 0.031250 0.482421 0.031250 0.482421 0.066406 0.445312 0.066406
0 0.260742 0.521485 0.295898 0.521485 0.295898 0.547852 0.260742 0.547852
0 0.529297 0.911133 0.566407 0.911133 0.566407 0.938477 0.529297 0.938477
0 0.337890 0.350586 0.370117 0.350586 0.370117 0.385742 0.337890 0.385742
0 0.571288 0.679687 0.603515 0.679687 0.603515 0.713867 0.571288 0.713867
0 0.270508 0.878906 0.303710 0.878906 0.303710 0.907226 0.270508 0.907226
0 0.328125 0.178711 0.352539 0.178711 0.352539 0.206055 0.328125 0.206055
0 0.244141 0.132813 0.268555 0.132813 0.268555 0.178711 0.244141 0.178711
0 0.610352 0.137695 0.654296 0.137695 0.654296 0.162109 0.610352 0.162109
0 0.554688 0.826172 0.594726 0.826172 0.594726 0.882812 0.554688 0.882812
0 0.253906 0.105469 0.289062 0.105469 0.289062 0.134766 0.253906 0.134766
0 0.659179 0.302735 0.696288 0.302735 0.696288 0.333008 0.659179 0.333008
0 0.120117 0.046875 0.157226 0.046875 0.157226 0.082031 0.120117 0.082031
0 0.314452 0.933594 0.339844 0.933594 0.339844 0.958008 0.314452 0.958008
0 0.249024 0.817383 0.284180 0.817383 0.284180 0.851563 0.249024 0.851563
0 0.015625 0.513672 0.048828 0.513672 0.048828 0.538086 0.015625 0.538086
0 0.330078 0.072265 0.360351 0.072265 0.360351 0.105469 0.330078 0.105469
0 0.250976 0.657227 0.294922 0.657227 0.294922 0.678711 0.250976 0.678711
0 0.030274 0.576172 0.051758 0.576172 0.051758 0.604492 0.030274 0.604492
0 0.281250 0.191406 0.307617 0.191406 0.307617 0.214844 0.281250 0.214844
0 0.403320 0.750977 0.443360 0.750977 0.443360 0.786133 0.403320 0.786133
0 0.237305 0.006836 0.273438 0.006836 0.273438 0.033203 0.237305 0.033203
0 0.190430 0.296875 0.222657 0.296875 0.222657 0.332031 0.190430 0.332031
0 0.500977 0.653320 0.526367 0.653320 0.526367 0.673828 0.500977 0.673828
0 0.324219 0.267578 0.356446 0.267578 0.356446 0.298828 0.324219 0.298828
0 0.465820 0.853515 0.489258 0.853515 0.489258 0.875977 0.465820 0.875977
0 0.741211 0.482422 0.772461 0.482422 0.772461 0.516602 0.741211 0.516602
0 0.384765 0.150390 0.425781 0.150390 0.425781 0.176758 0.384765 0.176758
0 0.396484 0.928711 0.421876 0.928711 0.421876 0.962891 0.396484 0.962891
0 0.354492 0.669922 0.387695 0.669922 0.387695 0.693360 0.354492 0.693360
0 0.196289 0.470703 0.248047 0.470703 0.248047 0.494141 0.196289 0.494141
0 0.187500 0.915039 0.214844 0.915039 0.214844 0.938477 0.187500 0.938477
0 0.468750 0.500000 0.493164 0.500000 0.493164 0.532227 0.468750 0.532227
0 0.615234 0.828125 0.642578 0.828125 0.642578 0.876953 0.615234 0.876953
0 0.963867 0.379883 0.994140 0.379883 0.994140 0.421875 0.963867 0.421875
0 0.464844 0.622070 0.498047 0.622070 0.498047 0.645508 0.464844 0.645508
0 0.121093 0.782227 0.153320 0.782227 0.153320 0.810547 0.121093 0.810547
0 0.297851 0.704102 0.328124 0.704102 0.328124 0.735352 0.297851 0.735352
0 0.026367 0.196289 0.050781 0.196289 0.050781 0.223633 0.026367 0.223633
0 0.222656 0.669921 0.246094 0.669921 0.246094 0.696288 0.222656 0.696288
0 0.327149 0.902344 0.357422 0.902344 0.357422 0.937500 0.327149 0.937500
0 0.592774 0.765625 0.618165 0.765625 0.618165 0.804687 0.592774 0.804687
0 0.958008 0.001953 0.987304 0.001953 0.987304 0.035157 0.958008 0.035157
0 0.070312 0.139648 0.096680 0.139648 0.096680 0.168945 0.070312 0.168945
0 0.852539 0.024414 0.904297 0.024414 0.904297 0.047852 0.852539 0.047852
0 0.409180 0.788086 0.439453 0.788086 0.439453 0.809570 0.409180 0.809570
0 0.038086 0.534180 0.071290 0.534180 0.071290 0.564453 0.038086 0.564453
0 0.090820 0.724610 0.112304 0.724610 0.112304 0.759766 0.090820 0.759766
0 0.163087 0.504883 0.189453 0.504883 0.189453 0.540039 0.163087 0.540039
0 0.427735 0.368164 0.460938 0.368164 0.460938 0.395508 0.427735 0.395508
0 0.285156 0.536133 0.320312 0.536133 0.320312 0.560547 0.285156 0.560547
0 0.212891 0.196289 0.238282 0.196289 0.238282 0.230469 0.212891 0.230469
0 0.589844 0.551759 0.621094 0.551759 0.621094 0.582032 0.589844 0.582032
0 0.202149 0.000977 0.244141 0.000977 0.244141 0.023438 0.202149 0.023438
0 0.122070 0.832032 0.157226 0.832032 0.157226 0.868165 0.122070 0.868165
0 0.277343 0.942383 0.303710 0.942383 0.303710 0.966797 0.277343 0.966797
0 0.346680 0.447266 0.375000 0.447266 0.375000 0.469726 0.346680 0.469726
0 0.770508 0.153320 0.797852 0.153320 0.797852 0.183593 0.770508 0.183593
0 0.469727 0.078126 0.491211 0.078126 0.491211 0.108398 0.469727 0.108398
0 0.288085 0.562500 0.317383 0.562500 0.317383 0.591796 0.288085 0.591796
0 0.416992 0.593750 0.450195 0.593750 0.450195 0.621094 0.416992 0.621094
0 0.199219 0.604493 0.233399 0.604493 0.233399 0.648438 0.199219 0.648438
0 0.036133 0.936523 0.073243 0.936523 0.073243 0.968750 0.036133 0.968750
0 0.451172 0.163085 0.479492 0.163085 0.479492 0.199219 0.451172 0.199219
0 0.427735 0.216797 0.456055 0.216797 0.456055 0.251953 0.427735 0.251953
0 0.673828 0.330078 0.708984 0.330078 0.708984 0.376953 0.673828 0.376953
0 0.457032 0.220702 0.494140 0.220702 0.494140 0.252929 0.457032 0.252929
0 0.581055 0.294922 0.612305 0.294922 0.612305 0.321289 0.581055 0.321289
0 0.289062 0.682616 0.322265 0.682616 0.322265 0.714843 0.289062 0.714843
0 0.178710 0.434570 0.210938 0.434570 0.210938 0.472656 0.178710 0.472656
0 0.476562 0.648437 0.501954 0.648437 0.501954 0.668945 0.476562 0.668945
0 0.474609 0.793945 0.500976 0.793945 0.500976 0.820312 0.474609 0.820312
0 0.623047 0.574219 0.674805 0.574219 0.674805 0.603515 0.623047 0.603515
0 0.353516 0.566407 0.380860 0.566407 0.380860 0.602540 0.353516 0.602540
0 0.139649 0.779297 0.185547 0.779297 0.185547 0.814453 0.139649 0.814453
0 0.441406 0.691407 0.476562 0.691407 0.476562 0.710938 0.441406 0.710938
0 0.443360 0.490234 0.472657 0.490234 0.472657 0.530273 0.443360 0.530273
0 0.390624 0.721680 0.419922 0.721680 0.419922 0.749024 0.390624 0.749024
0 0.431641 0.949219 0.462891 0.949219 0.462891 0.988281 0.431641 0.988281
0 0.730468 0.629883 0.749024 0.629883 0.749024 0.666992 0.730468 0.666992
0 0.605469 0.691406 0.629883 0.691406 0.629883 0.718750 0.605469 0.718750
0 0.856445 0.744140 0.892578 0.744140 0.892578 0.778320 0.856445 0.778320
0 0.443360 0.122070 0.478516 0.122070 0.478516 0.149414 0.443360 0.149414
0 0.430664 0.810546 0.464844 0.810546 0.464844 0.829102 0.430664 0.829102
0 0.335937 0.726562 0.367187 0.726562 0.367187 0.752930 0.335937 0.752930
0 0.077149 0.159180 0.119141 0.159180 0.119141 0.191407 0.077149 0.191407
0 0.172851 0.226562 0.213867 0.226562 0.213867 0.256835 0.172851 0.256835
0 0.814453 0.458008 0.842773 0.458008 0.842773 0.477538 0.814453 0.477538
0 0.485352 0.836915 0.507812 0.836915 0.507812 0.863282 0.485352 0.863282
0 0.476562 0.392578 0.510742 0.392578 0.510742 0.433594 0.476562 0.433594
0 0.320313 0.566406 0.348633 0.566406 0.348633 0.599610 0.320313 0.599610
0 0.430664 0.831055 0.470703 0.831055 0.470703 0.888672 0.430664 0.888672
0 0.077149 0.335937 0.123047 0.335937 0.123047 0.370117 0.077149 0.370117
0 0.954102 0.750977 0.983398 0.750977 0.983398 0.781250 0.954102 0.781250
1 0.029297 0.719727 0.043945 0.719727 0.043945 0.737305 0.029297 0.737305
1 0.965820 0.087891 0.983398 0.087891 0.983398 0.107422 0.965820 0.107422
1 0.750977 0.090820 0.772461 0.090820 0.772461 0.108398 0.750977 0.108398
1 0.716797 0.814453 0.733399 0.814453 0.733399 0.834961 0.716797 0.834961
1 0.824219 0.627930 0.837891 0.627930 0.837891 0.647460 0.824219 0.647460
1 0.892578 0.177734 0.913086 0.177734 0.913086 0.194336 0.892578 0.194336
1 0.581055 0.170898 0.595703 0.170898 0.595703 0.187500 0.581055 0.187500
1 0.566407 0.494141 0.582032 0.494141 0.582032 0.515625 0.566407 0.515625
1 0.793945 0.349609 0.814453 0.349609 0.814453 0.367187 0.793945 0.367187
1 0.118164 0.671875 0.136718 0.671875 0.136718 0.695313 0.118164 0.695313
