0 0.153497 0.093642 0.180745 0.093642 0.180745 0.147977 0.153497 0.147977
0 0.192552 0.127168 0.213442 0.127168 0.213442 0.164162 0.192552 0.164162
0 0.227066 0.093642 0.247956 0.093642 0.247956 0.131792 0.227066 0.131792
0 0.258856 0.075145 0.284286 0.075145 0.284286 0.110983 0.258856 0.110983
0 0.261580 0.046243 0.285196 0.046243 0.285196 0.076301 0.261580 0.076301
0 0.280654 0.163006 0.311535 0.163006 0.311535 0.201156 0.280654 0.201156
0 0.313352 0.190751 0.331516 0.190751 0.331516 0.217341 0.313352 0.217341
0 0.287011 0.254335 0.310627 0.254335 0.310627 0.280925 0.287011 0.280925
0 0.386921 0.284393 0.415077 0.284393 0.415077 0.315607 0.386921 0.315607
0 0.409627 0.224278 0.435967 0.224278 0.435967 0.263584 0.409627 0.263584
0 0.472297 0.216185 0.495005 0.216185 0.495005 0.248555 0.472297 0.248555
0 0.436876 0.190752 0.465032 0.190752 0.465032 0.236994 0.436876 0.236994
0 0.455041 0.144509 0.480472 0.144509 0.480472 0.178035 0.455041 0.178035
0 0.486829 0.138728 0.509536 0.138728 0.509536 0.173410 0.486829 0.173410
0 0.437783 0.104046 0.475023 0.104046 0.475023 0.142196 0.437783 0.142196
0 0.365122 0.322543 0.388738 0.322543 0.388738 0.352601 0.365122 0.352601
0 0.230699 0.258960 0.258855 0.258960 0.258855 0.293642 0.230699 0.293642
0 0.236149 0.164162 0.257039 0.164162 0.257039 0.204624 0.236149 0.204624
0 0.211626 0.152601 0.239782 0.152601 0.239782 0.188439 0.211626 0.188439
0 0.134424 0.208093 0.165304 0.208093 0.165304 0.245087 0.134424 0.245087
0 0.119891 0.253179 0.144415 0.253179 0.144415 0.293641 0.119891 0.293641
0 0.372389 0.526011 0.407811 0.526011 0.407811 0.568786 0.372389 0.568786
0 0.397820 0.504046 0.424160 0.504046 0.424160 0.542196 0.397820 0.542196
0 0.429609 0.498266 0.453225 0.498266 0.453225 0.530636 0.429609 0.530636
0 0.451408 0.539884 0.469573 0.539884 0.469573 0.565318 0.451408 0.565318
0 0.480473 0.517919 0.505904 0.517919 0.505904 0.552601 0.480473 0.552601
0 0.492279 0.552601 0.514987 0.552601 0.514987 0.581503 0.492279 0.581503
0 0.519528 0.588439 0.550408 0.588439 0.550408 0.615029 0.519528 0.615029
0 0.465940 0.587283 0.495004 0.587283 0.495004 0.620809 0.465940 0.620809
0 0.415986 0.613873 0.453225 0.613873 0.453225 0.640463 0.415986 0.640463
0 0.404178 0.647399 0.432334 0.647399 0.432334 0.685549 0.404178 0.685549
0 0.448683 0.633526 0.479565 0.633526 0.479565 0.670520 0.448683 0.670520
0 0.483196 0.645087 0.505903 0.645087 0.505903 0.680925 0.483196 0.680925
0 0.526794 0.682081 0.550408 0.682081 0.550408 0.709827 0.526794 0.709827
0 0.592189 0.641618 0.619437 0.641618 0.619437 0.665896 0.592189 0.665896
0 0.623070 0.617341 0.650318 0.617341 0.650318 0.642775 0.623070 0.642775
0 0.683015 0.594220 0.709355 0.594220 0.709355 0.628902 0.683015 0.628902
0 0.327884 0.716763 0.355132 0.716763 0.355132 0.745665 0.327884 0.745665
0 0.355132 0.679769 0.384196 0.679769 0.384196 0.705203 0.355132 0.705203
0 0.299727 0.650867 0.326975 0.650867 0.326975 0.683237 0.299727 0.683237
0 0.268846 0.683237 0.294277 0.683237 0.294277 0.721387 0.268846 0.721387
0 0.287012 0.743353 0.316076 0.743353 0.316076 0.778035 0.287012 0.778035
0 0.299727 0.775723 0.330609 0.775723 0.330609 0.815029 0.299727 0.815029
0 0.350590 0.842774 0.380563 0.842774 0.380563 0.868208 0.350590 0.868208
0 0.376022 0.857803 0.396912 0.857803 0.396912 0.900578 0.376022 0.900578
0 0.280654 0.843931 0.309718 0.843931 0.309718 0.877457 0.280654 0.877457
0 0.253406 0.854335 0.282470 0.854335 0.282470 0.890173 0.253406 0.890173
0 0.225250 0.700578 0.254314 0.700578 0.254314 0.728324 0.225250 0.728324
0 0.194368 0.677456 0.217983 0.677456 0.217983 0.698265 0.194368 0.698265
0 0.177112 0.634682 0.203452 0.634682 0.203452 0.671676 0.177112 0.671676
0 0.251589 0.350289 0.281562 0.350289 0.281562 0.395375 0.251589 0.395375
0 0.250681 0.395376 0.271571 0.395376 0.271571 0.432370 0.250681 0.432370
0 0.284287 0.432370 0.303361 0.432370 0.303361 0.470520 0.284287 0.470520
0 0.313352 0.435838 0.338782 0.435838 0.338782 0.472832 0.313352 0.472832
0 0.344232 0.415029 0.367848 0.415029 0.367848 0.445087 0.344232 0.445087
0 0.366939 0.436994 0.396003 0.436994 0.396003 0.470520 0.366939 0.470520
0 0.226158 0.412717 0.249773 0.412717 0.249773 0.445087 0.226158 0.445087
0 0.237057 0.456647 0.266121 0.456647 0.266121 0.507514 0.237057 0.507514
0 0.253406 0.515607 0.275204 0.515607 0.275204 0.541041 0.253406 0.541041
0 0.277929 0.485550 0.306993 0.485550 0.306993 0.534104 0.277929 0.534104
0 0.279746 0.549133 0.304268 0.549133 0.304268 0.589595 0.279746 0.589595
0 0.311534 0.563006 0.335150 0.563006 0.335150 0.590752 0.311534 0.590752
0 0.309718 0.498266 0.340599 0.498266 0.340599 0.530636 0.309718 0.530636
0 0.197094 0.556069 0.227974 0.556069 0.227974 0.587283 0.197094 0.587283
0 0.213443 0.516763 0.231607 0.516763 0.231607 0.541041 0.213443 0.541041
0 0.182561 0.486705 0.218892 0.486705 0.218892 0.523699 0.182561 0.523699
0 0.157130 0.535260 0.180745 0.535260 0.180745 0.561850 0.157130 0.561850
0 0.090826 0.567630 0.131698 0.567630 0.131698 0.606936 0.090826 0.606936
0 0.134424 0.598844 0.159854 0.598844 0.159854 0.626590 0.134424 0.626590
0 0.085377 0.624277 0.112625 0.624277 0.112625 0.653179 0.085377 0.653179
0 0.145322 0.648555 0.168937 0.648555 0.168937 0.682081 0.145322 0.682081
0 0.338783 0.865896 0.366939 0.865896 0.366939 0.906358 0.338783 0.906358
0 0.363306 0.932948 0.389646 0.932948 0.389646 0.961850 0.363306 0.961850
0 0.397819 0.886705 0.413261 0.886705 0.413261 0.926011 0.397819 0.926011
0 0.448683 0.893642 0.479565 0.893642 0.479565 0.924856 0.448683 0.924856
0 0.487738 0.885549 0.513169 0.885549 0.513169 0.914451 0.487738 0.914451
0 0.261580 0.904046 0.299728 0.904046 0.299728 0.949134 0.261580 0.949134
0 0.213442 0.915606 0.247048 0.915606 0.247048 0.963005 0.213442 0.963005
0 0.293369 0.882080 0.312443 0.882080 0.312443 0.899421 0.293369 0.899421
0 0.548592 0.890173 0.574932 0.890173 0.574932 0.924855 0.548592 0.924855
0 0.578565 0.951445 0.602179 0.951445 0.602179 0.979191 0.578565 0.979191
0 0.497729 0.946821 0.525885 0.946821 0.525885 0.983815 0.497729 0.983815
0 0.472298 0.960694 0.496820 0.960694 0.496820 0.998844 0.472298 0.998844
0 0.436876 0.963006 0.461398 0.963006 0.461398 0.994220 0.436876 0.994220
0 0.341508 0.957226 0.370572 0.957226 0.370572 0.993064 0.341508 0.993064
0 0.177112 0.879769 0.205268 0.879769 0.205268 0.910983 0.177112 0.910983
0 0.133515 0.930636 0.158038 0.930636 0.158038 0.978035 0.133515 0.978035
0 0.163488 0.952600 0.184378 0.952600 0.184378 0.995375 0.163488 0.995375
0 0.107175 0.947977 0.128065 0.947977 0.128065 0.984971 0.107175 0.984971
0 0.108991 0.853179 0.140781 0.853179 0.140781 0.902891 0.108991 0.902891
0 0.148047 0.841618 0.168937 0.841618 0.168937 0.871676 0.148047 0.871676
0 0.206177 0.811561 0.242508 0.811561 0.242508 0.845087 0.206177 0.845087
0 0.198910 0.786127 0.221616 0.786127 0.221616 0.817341 0.198910 0.817341
0 0.226158 0.764162 0.254314 0.764162 0.254314 0.790752 0.226158 0.790752
0 0.241599 0.743352 0.263397 0.743352 0.263397 0.769942 0.241599 0.769942
0 0.188011 0.746821 0.217075 0.746821 0.217075 0.786127 0.188011 0.786127
0 0.089918 0.743353 0.118074 0.743353 0.118074 0.782659 0.089918 0.782659
0 0.090826 0.697110 0.118074 0.697110 0.118074 0.727168 0.090826 0.727168
0 0.074478 0.667052 0.101726 0.667052 0.101726 0.694798 0.074478 0.694798
0 0.032697 0.643931 0.062670 0.643931 0.062670 0.673989 0.032697 0.673989
0 0.004542 0.672833 0.034515 0.672833 0.034515 0.714451 0.004542 0.714451
0 0.041780 0.757226 0.074478 0.757226 0.074478 0.795376 0.041780 0.795376
0 0.063578 0.796532 0.089918 0.796532 0.089918 0.824278 0.063578 0.824278
0 0.080836 0.831214 0.108084 0.831214 0.108084 0.862428 0.080836 0.862428
0 0.050863 0.863584 0.090827 0.863584 0.090827 0.907515 0.050863 0.907515
0 0.030880 0.846243 0.047230 0.846243 0.047230 0.882081 0.030880 0.882081
0 0.001816 0.787283 0.028156 0.787283 0.028156 0.826589 0.001816 0.826589
0 0.011807 0.737572 0.029972 0.737572 0.029972 0.766474 0.011807 0.766474
0 0.134423 0.693641 0.162579 0.693641 0.162579 0.722543 0.134423 0.722543
0 0.003633 0.631214 0.022707 0.631214 0.022707 0.667052 0.003633 0.667052
0 0.002724 0.561850 0.018166 0.561850 0.018166 0.598844 0.002724 0.598844
0 0.016349 0.463584 0.045413 0.463584 0.045413 0.510983 0.016349 0.510983
0 0.608538 0.510983 0.630336 0.510983 0.630336 0.539885 0.608538 0.539885
0 0.643052 0.447399 0.671208 0.447399 0.671208 0.484393 0.643052 0.484393
0 0.612170 0.452023 0.634877 0.452023 0.634877 0.482081 0.612170 0.482081
0 0.576748 0.435838 0.599456 0.435838 0.599456 0.462428 0.576748 0.462428
0 0.567665 0.406937 0.597638 0.406937 0.597638 0.430057 0.567665 0.430057
0 0.578565 0.478613 0.603996 0.478613 0.603996 0.509827 0.578565 0.509827
0 0.578565 0.510983 0.598547 0.510983 0.598547 0.534103 0.578565 0.534103
0 0.404178 0.328324 0.425068 0.328324 0.425068 0.356070 0.404178 0.356070
0 0.436876 0.341040 0.457766 0.341040 0.457766 0.371098 0.436876 0.371098
0 0.431425 0.369942 0.455041 0.369942 0.455041 0.400000 0.431425 0.400000
0 0.737511 0.528324 0.767485 0.528324 0.767485 0.559538 0.737511 0.559538
0 0.771117 0.493642 0.799273 0.493642 0.799273 0.526012 0.771117 0.526012
0 0.758401 0.468208 0.791099 0.468208 0.791099 0.504046 0.758401 0.504046
0 0.821072 0.469364 0.848320 0.469364 0.848320 0.501734 0.821072 0.501734
0 0.612171 0.558382 0.644869 0.558382 0.644869 0.597688 0.612171 0.597688
0 0.637602 0.531793 0.659400 0.531793 0.659400 0.556070 0.637602 0.556070
0 0.693006 0.672832 0.718437 0.672832 0.718437 0.701734 0.693006 0.701734
0 0.737511 0.667052 0.765667 0.667052 0.765667 0.700578 0.737511 0.700578
0 0.733878 0.741040 0.757493 0.741040 0.757493 0.772254 0.733878 0.772254
0 0.702089 0.759538 0.731153 0.759538 0.731153 0.790752 0.702089 0.790752
0 0.670300 0.796532 0.696640 0.796532 0.696640 0.825434 0.670300 0.825434
0 0.602180 0.808093 0.628520 0.808093 0.628520 0.848555 0.602180 0.848555
0 0.590372 0.738728 0.617620 0.738728 0.617620 0.775722 0.590372 0.775722
0 0.594006 0.712139 0.615804 0.712139 0.615804 0.738729 0.594006 0.738729
0 0.555858 0.759538 0.582198 0.759538 0.582198 0.798844 0.555858 0.798844
0 0.526794 0.768786 0.547684 0.768786 0.547684 0.800000 0.526794 0.800000
0 0.563124 0.821965 0.589464 0.821965 0.589464 0.850867 0.563124 0.850867
0 0.495005 0.805780 0.524069 0.805780 0.524069 0.836994 0.495005 0.836994
0 0.852861 0.742197 0.884651 0.742197 0.884651 0.784972 0.852861 0.784972
0 0.904633 0.686705 0.928248 0.686705 0.928248 0.719075 0.904633 0.719075
0 0.853769 0.667052 0.879200 0.667052 0.879200 0.702890 0.853769 0.702890
0 0.789282 0.713295 0.814713 0.713295 0.814713 0.749133 0.789282 0.749133
0 0.783833 0.767630 0.810173 0.767630 0.810173 0.804624 0.783833 0.804624
0 0.818348 0.778035 0.842871 0.778035 0.842871 0.810405 0.818348 0.810405
0 0.746595 0.783815 0.772026 0.783815 0.772026 0.815029 0.746595 0.815029
0 0.728429 0.938728 0.763851 0.938728 0.763851 0.984971 0.728429 0.984971
0 0.765667 0.936416 0.798365 0.936416 0.798365 0.982660 0.765667 0.982660
0 0.813806 0.951445 0.837421 0.951445 0.837421 0.984971 0.813806 0.984971
0 0.751135 0.883237 0.782925 0.883237 0.782925 0.913295 0.751135 0.913295
0 0.666667 0.840462 0.690281 0.840462 0.690281 0.868208 0.666667 0.868208
0 0.613988 0.850867 0.643052 0.850867 0.643052 0.890173 0.613988 0.890173
0 0.900999 0.552601 0.927339 0.552601 0.927339 0.600000 0.900999 0.600000
0 0.863760 0.600000 0.897366 0.600000 0.897366 0.642775 0.863760 0.642775
0 0.930064 0.579191 0.948229 0.579191 0.948229 0.609249 0.930064 0.609249
0 0.953678 0.586128 0.980018 0.586128 0.980018 0.634682 0.953678 0.634682
0 0.911899 0.617341 0.935513 0.617341 0.935513 0.653179 0.911899 0.653179
0 0.944596 0.679769 0.960944 0.679769 0.960944 0.713295 0.944596 0.713295
0 0.670299 0.380347 0.694823 0.380347 0.694823 0.415029 0.670299 0.415029
0 0.688465 0.347977 0.703906 0.347977 0.703906 0.375723 0.688465 0.375723
0 0.698456 0.300578 0.725704 0.300578 0.725704 0.331792 0.698456 0.331792
0 0.741144 0.284393 0.768392 0.284393 0.768392 0.312139 0.741144 0.312139
0 0.789282 0.286705 0.814713 0.286705 0.814713 0.319075 0.789282 0.319075
0 0.849228 0.298266 0.890100 0.298266 0.890100 0.343353 0.849228 0.343353
0 0.863760 0.415029 0.885558 0.415029 0.885558 0.449711 0.863760 0.449711
0 0.673933 0.252023 0.702997 0.252023 0.702997 0.304046 0.673933 0.304046
0 0.705723 0.231214 0.731154 0.231214 0.731154 0.261272 0.705723 0.261272
0 0.724795 0.209249 0.742053 0.209249 0.742053 0.233525 0.724795 0.233525
0 0.732970 0.171098 0.760218 0.171098 0.760218 0.203468 0.732970 0.203468
0 0.772026 0.172255 0.797457 0.172255 0.797457 0.211561 0.772026 0.211561
0 0.650317 0.284393 0.680291 0.284393 0.680291 0.324855 0.650317 0.324855
0 0.626703 0.310982 0.648501 0.310982 0.648501 0.330636 0.626703 0.330636
0 0.616712 0.354913 0.643960 0.354913 0.643960 0.390751 0.616712 0.390751
0 0.772933 0.062428 0.804723 0.062428 0.804723 0.104046 0.772933 0.104046
0 0.746595 0.086705 0.772026 0.086705 0.772026 0.119075 0.746595 0.119075
0 0.732970 0.057803 0.752044 0.057803 0.752044 0.089017 0.732970 0.089017
0 0.761126 0.141041 0.780200 0.141041 0.780200 0.165318 0.761126 0.165318
0 0.846503 0.061272 0.886467 0.061272 0.886467 0.093642 0.846503 0.093642
0 0.827429 0.041618 0.851953 0.041618 0.851953 0.069364 0.827429 0.069364
0 0.831063 0.255491 0.853770 0.255491 0.853770 0.293641 0.831063 0.293641
0 0.816530 0.230058 0.839237 0.230058 0.839237 0.258960 0.816530 0.258960
0 0.853769 0.252023 0.885559 0.252023 0.885559 0.293641 0.853769 0.293641
0 0.902816 0.300578 0.938238 0.300578 0.938238 0.338728 0.902816 0.338728
0 0.883742 0.388439 0.903724 0.388439 0.903724 0.409248 0.883742 0.409248
0 0.912806 0.356069 0.944596 0.356069 0.944596 0.387283 0.912806 0.387283
0 0.938238 0.320231 0.963669 0.320231 0.963669 0.352601 0.938238 0.352601
0 0.969120 0.290173 0.994551 0.290173 0.994551 0.321387 0.969120 0.321387
0 0.969118 0.330636 0.999999 0.330636 0.999999 0.368786 0.969118 0.368786
0 0.984560 0.241619 1.000000 0.241619 1.000000 0.282081 0.984560 0.282081
0 0.920981 0.144509 0.953679 0.144509 0.953679 0.182659 0.920981 0.182659
0 0.948229 0.120231 0.980019 0.120231 0.980019 0.149133 0.948229 0.149133
0 0.918256 0.094797 0.957311 0.094797 0.957311 0.144508 0.918256 0.144508
0 0.469573 0.076301 0.496821 0.076301 0.496821 0.110983 0.469573 0.110983
0 0.507721 0.061272 0.530428 0.061272 0.530428 0.091330 0.507721 0.091330
0 0.543142 0.063584 0.567666 0.063584 0.567666 0.097110 0.543142 0.097110
0 0.589464 0.043930 0.609446 0.043930 0.609446 0.065895 0.589464 0.065895
0 0.493188 0.023121 0.515895 0.023121 0.515895 0.054335 0.493188 0.054335
0 0.445050 0.002312 0.465940 0.002312 0.465940 0.027746 0.445050 0.027746
0 0.393279 0.018497 0.420527 0.018497 0.420527 0.053179 0.393279 0.053179
0 0.084469 0.228902 0.112625 0.228902 0.112625 0.260116 0.084469 0.260116
0 0.068120 0.268208 0.088102 0.268208 0.088102 0.295954 0.068120 0.295954
0 0.045413 0.307515 0.064487 0.307515 0.064487 0.331792 0.045413 0.331792
0 0.097185 0.365318 0.128973 0.365318 0.128973 0.405780 0.097185 0.405780
0 0.212534 0.316763 0.233424 0.316763 0.233424 0.346821 0.212534 0.346821
0 0.199818 0.336416 0.220708 0.336416 0.220708 0.368786 0.199818 0.368786
0 0.171662 0.369942 0.198002 0.369942 0.198002 0.405780 0.171662 0.405780
0 0.142598 0.351445 0.168028 0.351445 0.168028 0.383815 0.142598 0.383815
0 0.125341 0.397687 0.147139 0.397687 0.147139 0.417341 0.125341 0.417341
0 0.899183 0.055492 0.940963 0.055492 0.940963 0.104047 0.899183 0.104047
0 0.881926 0.036994 0.920072 0.036994 0.920072 0.065896 0.881926 0.065896
0 0.945504 0.284393 0.953678 0.284393 0.953678 0.293641 0.945504 0.293641
0 0.871935 0.209249 0.888284 0.209249 0.888284 0.226589 0.871935 0.226589
0 0.910082 0.206936 0.937330 0.206936 0.937330 0.228902 0.910082 0.228902
0 0.889192 0.219653 0.911899 0.219653 0.911899 0.246243 0.889192 0.246243
0 0.847412 0.001156 0.876476 0.001156 0.876476 0.019653 0.847412 0.019653
0 0.971843 0.020809 0.996367 0.020809 0.996367 0.058959 0.971843 0.058959
0 0.962761 0.061272 0.984559 0.061272 0.984559 0.097110 0.962761 0.097110
0 0.886467 0.499422 0.920981 0.499422 0.920981 0.538728 0.886467 0.538728
0 0.715714 0.638150 0.741144 0.638150 0.741144 0.663584 0.715714 0.663584
0 0.737511 0.578035 0.761126 0.578035 0.761126 0.601155 0.737511 0.601155
0 0.309719 0.700578 0.334241 0.700578 0.334241 0.719075 0.309719 0.719075
0 0.036331 0.013873 0.060854 0.013873 0.060854 0.052023 0.036331 0.052023
0 0.069028 0.003468 0.087194 0.003468 0.087194 0.039306 0.069028 0.039306
0 0.009992 0.144509 0.035423 0.144509 0.035423 0.173411 0.009992 0.173411
2 0.335150 0.174567 0.356948 0.174567 0.356948 0.209249 0.335150 0.209249
