0 0.224638 0.306818 0.413044 0.306818 0.413044 0.494318 0.224638 0.494318
0 0.057971 0.454546 0.246377 0.454546 0.246377 0.636364 0.057971 0.636364
0 0.485508 0.022727 0.615943 0.022727 0.615943 0.159091 0.485508 0.159091
1 0.297101 0.778409 0.391304 0.778409 0.391304 0.897727 0.297101 0.897727
1 0.369565 0.642045 0.500000 0.642045 0.500000 0.710227 0.369565 0.710227
1 0.557971 0.653409 0.630435 0.653409 0.630435 0.710227 0.557971 0.710227
1 0.905798 0.596591 1.000000 0.596591 1.000000 0.670455 0.905798 0.670455
1 0.782609 0.875000 0.920289 0.875000 0.920289 0.988636 0.782609 0.988636
2 0.565217 0.454545 0.746376 0.454545 0.746376 0.562500 0.565217 0.562500
2 0.456522 0.727273 0.630435 0.727273 0.630435 0.846591 0.456522 0.846591
2 0.028985 0.835228 0.173913 0.835228 0.173913 0.943183 0.028985 0.943183
2 0.659420 0.732955 0.818840 0.732955 0.818840 0.852273 0.659420 0.852273
2 0.775362 0.659091 0.942030 0.659091 0.942030 0.795455 0.775362 0.795455
2 0.115942 0.062499 0.282609 0.062499 0.282609 0.232955 0.115942 0.232955
2 0.304347 0.096591 0.442029 0.096591 0.442029 0.227273 0.304347 0.227273
2 0.623188 0.062501 0.811594 0.062501 0.811594 0.215909 0.623188 0.215909
2 0.753623 0.011364 0.913043 0.011364 0.913043 0.125000 0.753623 0.125000
2 0.876812 0.147728 0.992754 0.147728 0.992754 0.318182 0.876812 0.318182
