3 0.595070 0.535714 0.813380 0.535714 0.813380 0.861607 0.595070 0.861607
3 0.802817 0.611607 0.978873 0.611607 0.978873 0.857143 0.802817 0.857143
3 0.492958 0.133929 0.718310 0.133929 0.718310 0.397321 0.492958 0.397321
3 0.299296 0.651786 0.598592 0.651786 0.598592 0.946429 0.299296 0.946429
3 0.154929 0.361607 0.295774 0.361607 0.295774 0.669643 0.154929 0.669643
3 0.714789 0.013393 0.866197 0.013393 0.866197 0.357143 0.714789 0.357143
3 0.869718 0.004464 1.000000 0.004464 1.000000 0.165178 0.869718 0.165178
3 0.841549 0.187500 1.000000 0.187500 1.000000 0.566964 0.841549 0.566964
3 0.436619 0.379464 0.700705 0.379464 0.700705 0.584821 0.436619 0.584821
3 0.246479 0.165178 0.503521 0.165178 0.503521 0.549107 0.246479 0.549107
