1 0.681641 0.666015 0.712891 0.666015 0.712891 0.703125 0.681641 0.703125
1 0.740234 0.271485 0.771484 0.271485 0.771484 0.308593 0.740234 0.308593
3 0.121094 0.166016 0.181641 0.166016 0.181641 0.234375 0.121094 0.234375
3 0.720703 0.623046 0.818359 0.623046 0.818359 0.728515 0.720703 0.728515
3 0.361328 0.771485 0.445312 0.771485 0.445312 0.890625 0.361328 0.890625
3 0.589843 0.373047 0.716797 0.373047 0.716797 0.470703 0.589843 0.470703
3 0.798828 0.369140 0.875000 0.369140 0.875000 0.429688 0.798828 0.429688
3 0.177735 0.462890 0.251953 0.462890 0.251953 0.544921 0.177735 0.544921
3 0.511719 0.060547 0.623047 0.060547 0.623047 0.126953 0.511719 0.126953
3 0.359374 0.593750 0.451172 0.593750 0.451172 0.671875 0.359374 0.671875
3 0.630860 0.707031 0.701172 0.707031 0.701172 0.796875 0.630860 0.796875
3 0.791016 0.732422 0.861328 0.732422 0.861328 0.814453 0.791016 0.814453
3 0.363281 0.351562 0.429687 0.351562 0.429687 0.439454 0.363281 0.439454
3 0.330079 0.503906 0.429688 0.503906 0.429688 0.593750 0.330079 0.593750
3 0.898438 0.138672 0.980468 0.138672 0.980468 0.261719 0.898438 0.261719
3 0.513672 0.447265 0.603516 0.447265 0.603516 0.507812 0.513672 0.507812
3 0.433594 0.494140 0.546875 0.494140 0.546875 0.593750 0.433594 0.593750
3 0.701172 0.751953 0.804688 0.751953 0.804688 0.845703 0.701172 0.845703
3 0.050781 0.261719 0.130859 0.261719 0.130859 0.337891 0.050781 0.337891
3 0.562500 0.718750 0.626954 0.718750 0.626954 0.802734 0.562500 0.802734
3 0.287109 0.742188 0.367187 0.742188 0.367187 0.826172 0.287109 0.826172
3 0.767578 0.892579 0.871094 0.892579 0.871094 0.974610 0.767578 0.974610
3 0.572266 0.630860 0.617188 0.630860 0.617188 0.699219 0.572266 0.699219
3 0.724609 0.322265 0.791015 0.322265 0.791015 0.417968 0.724609 0.417968
3 0.240234 0.802734 0.308593 0.802734 0.308593 0.865234 0.240234 0.865234
3 0.451172 0.339844 0.593750 0.339844 0.593750 0.457032 0.451172 0.457032
3 0.826171 0.554687 0.966796 0.554687 0.966796 0.769531 0.826171 0.769531
3 0.398437 0.816407 0.492187 0.816407 0.492187 0.921876 0.398437 0.921876
3 0.562500 0.488281 0.638672 0.488281 0.638672 0.580078 0.562500 0.580078
3 0.716796 0.470703 0.888671 0.470703 0.888671 0.625000 0.716796 0.625000
3 0.017578 0.460938 0.119140 0.460938 0.119140 0.562500 0.017578 0.562500
3 0.820313 0.175781 0.917969 0.175781 0.917969 0.259765 0.820313 0.259765
3 0.466796 0.613282 0.576171 0.613282 0.576171 0.767578 0.466796 0.767578
3 0.617188 0.296875 0.705078 0.296875 0.705078 0.373047 0.617188 0.373047
3 0.861328 0.296875 0.964844 0.296875 0.964844 0.376953 0.861328 0.376953
3 0.261718 0.335938 0.361328 0.335938 0.361328 0.472657 0.261718 0.472657
3 0.000001 0.724610 0.171876 0.724610 0.171876 0.855469 0.000001 0.855469
3 0.134765 0.843750 0.292969 0.843750 0.292969 0.994140 0.134765 0.994140
3 0.166016 0.599609 0.267578 0.599609 0.267578 0.738281 0.166016 0.738281
3 0.214844 0.300781 0.287110 0.300781 0.287110 0.373047 0.214844 0.373047
3 0.158202 0.275390 0.214843 0.275390 0.214843 0.347656 0.158202 0.347656
3 0.191407 0.232421 0.279297 0.232421 0.279297 0.283202 0.191407 0.283202
