0 0.510989 0.869412 0.536264 0.869412 0.536264 0.895294 0.510989 0.895294
0 0.176923 0.130588 0.196703 0.130588 0.196703 0.152942 0.176923 0.152942
0 0.654945 0.200000 0.676923 0.200000 0.676923 0.228236 0.654945 0.228236
0 0.057143 0.523529 0.076923 0.523529 0.076923 0.555295 0.057143 0.555295
0 0.665934 0.089412 0.710990 0.089412 0.710990 0.135294 0.665934 0.135294
0 0.563737 0.609411 0.606594 0.609411 0.606594 0.632940 0.563737 0.632940
0 0.578022 0.849412 0.612088 0.849412 0.612088 0.884706 0.578022 0.884706
0 0.590110 0.208235 0.626374 0.208235 0.626374 0.232941 0.590110 0.232941
0 0.540660 0.634118 0.570330 0.634118 0.570330 0.658824 0.540660 0.658824
0 0.713187 0.177647 0.738461 0.177647 0.738461 0.211765 0.713187 0.211765
0 0.409889 0.295295 0.435165 0.295295 0.435165 0.328236 0.409889 0.328236
0 0.660439 0.254117 0.684615 0.254117 0.684615 0.282353 0.660439 0.282353
0 0.101099 0.182353 0.127473 0.182353 0.127473 0.219999 0.101099 0.219999
0 0.619780 0.004706 0.643956 0.004706 0.643956 0.043530 0.619780 0.043530
0 0.669231 0.723529 0.715385 0.723529 0.715385 0.748235 0.669231 0.748235
0 0.903297 0.211764 0.932967 0.211764 0.932967 0.240000 0.903297 0.240000
0 0.093407 0.629412 0.150550 0.629412 0.150550 0.664706 0.093407 0.664706
0 0.139560 0.944706 0.178022 0.944706 0.178022 0.980000 0.139560 0.980000
0 0.468133 0.803530 0.496704 0.803530 0.496704 0.830588 0.468133 0.830588
0 0.643956 0.064706 0.682418 0.064706 0.682418 0.098824 0.643956 0.098824
0 0.035165 0.109412 0.074725 0.109412 0.074725 0.128236 0.035165 0.128236
0 0.554946 0.424705 0.583516 0.424705 0.583516 0.456471 0.554946 0.456471
0 0.415384 0.165882 0.453846 0.165882 0.453846 0.200000 0.415384 0.200000
0 0.098901 0.489411 0.153846 0.489411 0.153846 0.527058 0.098901 0.527058
0 0.894505 0.932941 0.929671 0.932941 0.929671 0.971765 0.894505 0.971765
0 0.774725 0.485882 0.805495 0.485882 0.805495 0.512942 0.774725 0.512942
0 0.464835 0.843530 0.490111 0.843530 0.490111 0.870588 0.464835 0.870588
0 0.456043 0.824706 0.481319 0.824706 0.481319 0.844706 0.456043 0.844706
0 0.357143 0.929411 0.384615 0.929411 0.384615 0.977646 0.357143 0.977646
0 0.580220 0.134117 0.612088 0.134117 0.612088 0.168235 0.580220 0.168235
0 0.012087 0.038823 0.045054 0.038823 0.045054 0.070588 0.012087 0.070588
0 0.354945 0.298824 0.376923 0.298824 0.376923 0.324706 0.354945 0.324706
0 0.452748 0.885883 0.485714 0.885883 0.485714 0.922353 0.452748 0.922353
0 0.306594 0.061176 0.335165 0.061176 0.335165 0.090588 0.306594 0.090588
0 0.674725 0.281176 0.693406 0.281176 0.693406 0.301176 0.674725 0.301176
0 0.209890 0.102353 0.232967 0.102353 0.232967 0.123529 0.209890 0.123529
0 0.890110 0.438823 0.943956 0.438823 0.943956 0.462352 0.890110 0.462352
0 0.694505 0.220000 0.743956 0.220000 0.743956 0.244706 0.694505 0.244706
0 0.502197 0.557647 0.535164 0.557647 0.535164 0.583529 0.502197 0.583529
0 0.070329 0.187059 0.096703 0.187059 0.096703 0.217647 0.070329 0.217647
0 0.757144 0.031765 0.785714 0.031765 0.785714 0.059999 0.757144 0.059999
0 0.936264 0.563530 0.965934 0.563530 0.965934 0.607058 0.936264 0.607058
0 0.474725 0.697647 0.496703 0.697647 0.496703 0.716471 0.474725 0.716471
0 0.857143 0.109411 0.896703 0.109411 0.896703 0.142352 0.857143 0.142352
0 0.392307 0.278824 0.417583 0.278824 0.417583 0.315295 0.392307 0.315295
0 0.854946 0.923530 0.895605 0.923530 0.895605 0.950588 0.854946 0.950588
0 0.708791 0.949412 0.735165 0.949412 0.735165 0.974118 0.708791 0.974118
0 0.139561 0.904706 0.168132 0.904706 0.168132 0.923530 0.139561 0.923530
0 0.814285 0.020000 0.849451 0.020000 0.849451 0.064706 0.814285 0.064706
0 0.235164 0.350588 0.262638 0.350588 0.262638 0.401176 0.235164 0.401176
0 0.681319 0.255294 0.713187 0.255294 0.713187 0.285882 0.681319 0.285882
0 0.884615 0.834118 0.928571 0.834118 0.928571 0.878824 0.884615 0.878824
0 0.132968 0.356470 0.163737 0.356470 0.163737 0.385882 0.132968 0.385882
0 0.643957 0.383529 0.672527 0.383529 0.672527 0.412941 0.643957 0.412941
0 0.098902 0.085882 0.129670 0.085882 0.129670 0.115294 0.098902 0.115294
0 0.848352 0.495294 0.873626 0.495294 0.873626 0.523529 0.848352 0.523529
0 0.425275 0.337646 0.457143 0.337646 0.457143 0.374117 0.425275 0.374117
0 0.402198 0.602353 0.421978 0.602353 0.421978 0.622353 0.402198 0.622353
0 0.523077 0.827059 0.553847 0.827059 0.553847 0.852941 0.523077 0.852941
0 0.797802 0.236471 0.838461 0.236471 0.838461 0.252941 0.797802 0.252941
0 0.427472 0.036471 0.463736 0.036471 0.463736 0.071765 0.427472 0.071765
0 0.227472 0.229412 0.262637 0.229412 0.262637 0.264706 0.227472 0.264706
0 0.795604 0.767059 0.816484 0.767059 0.816484 0.785883 0.795604 0.785883
0 0.599999 0.235294 0.627472 0.235294 0.627472 0.255294 0.599999 0.255294
0 0.563736 0.734118 0.604395 0.734118 0.604395 0.764706 0.563736 0.764706
0 0.837363 0.877647 0.872527 0.877647 0.872527 0.908235 0.837363 0.908235
0 0.889011 0.489412 0.925275 0.489412 0.925275 0.510588 0.889011 0.510588
0 0.539561 0.364705 0.579121 0.364705 0.579121 0.401176 0.539561 0.401176
0 0.352747 0.485882 0.380220 0.485882 0.380220 0.521176 0.352747 0.521176
0 0.752748 0.070588 0.781318 0.070588 0.781318 0.107060 0.752748 0.107060
0 0.906593 0.305883 0.952747 0.305883 0.952747 0.347059 0.906593 0.347059
0 0.182418 0.868236 0.214286 0.868236 0.214286 0.905883 0.182418 0.905883
0 0.147253 0.183530 0.178021 0.183530 0.178021 0.220000 0.147253 0.220000
0 0.558242 0.107059 0.600000 0.107059 0.600000 0.161177 0.558242 0.161177
0 0.319780 0.314118 0.346154 0.314118 0.346154 0.369412 0.319780 0.369412
0 0.631868 0.222353 0.658242 0.222353 0.658242 0.249412 0.631868 0.249412
0 0.629671 0.474117 0.667034 0.474117 0.667034 0.501177 0.629671 0.501177
0 0.062637 0.840000 0.082417 0.840000 0.082417 0.864706 0.062637 0.864706
0 0.057142 0.727060 0.092308 0.727060 0.092308 0.750588 0.057142 0.750588
0 0.539560 0.861177 0.568131 0.861177 0.568131 0.891765 0.539560 0.891765
0 0.449451 0.269412 0.470330 0.269412 0.470330 0.310588 0.449451 0.310588
0 0.779121 0.100000 0.823077 0.100000 0.823077 0.128236 0.779121 0.128236
0 0.093407 0.063530 0.118681 0.063530 0.118681 0.084706 0.093407 0.084706
0 0.307692 0.511765 0.346154 0.511765 0.346154 0.532941 0.307692 0.532941
0 0.403297 0.634118 0.424175 0.634118 0.424175 0.657646 0.403297 0.657646
0 0.531869 0.485882 0.606594 0.485882 0.606594 0.517648 0.531869 0.517648
0 0.227472 0.667058 0.268131 0.667058 0.268131 0.704705 0.227472 0.704705
0 0.180220 0.682353 0.220879 0.682353 0.220879 0.710588 0.180220 0.710588
0 0.175824 0.052941 0.201099 0.052941 0.201099 0.081176 0.175824 0.081176
0 0.287912 0.222353 0.319780 0.222353 0.319780 0.259999 0.287912 0.259999
0 0.236264 0.268235 0.264835 0.268235 0.264835 0.316470 0.236264 0.316470
0 0.632966 0.036471 0.660440 0.036471 0.660440 0.064705 0.632966 0.064705
0 0.781318 0.544706 0.802198 0.544706 0.802198 0.570588 0.781318 0.570588
0 0.180220 0.209412 0.205494 0.209412 0.205494 0.241176 0.180220 0.241176
0 0.610989 0.254117 0.637363 0.254117 0.637363 0.277647 0.610989 0.277647
0 0.062637 0.030588 0.098901 0.030588 0.098901 0.052941 0.062637 0.052941
0 0.726374 0.894118 0.757143 0.894118 0.757143 0.923530 0.726374 0.923530
0 0.604396 0.444706 0.660440 0.444706 0.660440 0.478824 0.604396 0.478824
0 0.729670 0.936471 0.770330 0.936471 0.770330 0.960000 0.729670 0.960000
0 0.068132 0.164706 0.087912 0.164706 0.087912 0.183530 0.068132 0.183530
0 0.320878 0.112941 0.346154 0.112941 0.346154 0.143529 0.320878 0.143529
0 0.174725 0.000000 0.194505 0.000000 0.194505 0.027058 0.174725 0.027058
0 0.637363 0.496471 0.673627 0.496471 0.673627 0.523529 0.637363 0.523529
0 0.854945 0.797647 0.889011 0.797647 0.889011 0.842353 0.854945 0.842353
0 0.668132 0.618824 0.706594 0.618824 0.706594 0.642352 0.668132 0.642352
0 0.236264 0.050588 0.268132 0.050588 0.268132 0.075294 0.236264 0.075294
0 0.474725 0.210588 0.518681 0.210588 0.518681 0.234118 0.474725 0.234118
0 0.713186 0.281177 0.748352 0.281177 0.748352 0.311765 0.713186 0.311765
0 0.070330 0.082353 0.092308 0.082353 0.092308 0.101177 0.070330 0.101177
0 0.275824 0.828236 0.307692 0.828236 0.307692 0.856471 0.275824 0.856471
0 0.949450 0.518823 0.980220 0.518823 0.980220 0.557647 0.949450 0.557647
0 0.552747 0.569411 0.582417 0.569411 0.582417 0.591765 0.552747 0.591765
0 0.547253 0.200000 0.573627 0.200000 0.573627 0.230588 0.547253 0.230588
0 0.292307 0.331765 0.320879 0.331765 0.320879 0.383529 0.292307 0.383529
0 0.197802 0.369412 0.227472 0.369412 0.227472 0.427059 0.197802 0.427059
0 0.283516 0.035294 0.308791 0.035294 0.308791 0.061176 0.283516 0.061176
0 0.215385 0.884706 0.250549 0.884706 0.250549 0.914118 0.215385 0.914118
0 0.149450 0.328235 0.185714 0.328235 0.185714 0.364706 0.149450 0.364706
0 0.809890 0.281176 0.841758 0.281176 0.841758 0.320000 0.809890 0.320000
0 0.501100 0.790588 0.531869 0.790588 0.531869 0.816470 0.501100 0.816470
0 0.048352 0.184706 0.069231 0.184706 0.069231 0.210588 0.048352 0.210588
0 0.514286 0.281176 0.538462 0.281176 0.538462 0.310588 0.514286 0.310588
0 0.773626 0.165882 0.806593 0.165882 0.806593 0.190588 0.773626 0.190588
0 0.876923 0.561177 0.893407 0.561177 0.893407 0.616471 0.876923 0.616471
0 0.284616 0.889411 0.325275 0.889411 0.325275 0.931764 0.284616 0.931764
0 0.486814 0.537647 0.517583 0.537647 0.517583 0.567059 0.486814 0.567059
0 0.672528 0.749412 0.712088 0.749412 0.712088 0.775294 0.672528 0.775294
0 0.547253 0.780000 0.571429 0.780000 0.571429 0.809412 0.547253 0.809412
0 0.621978 0.418823 0.656044 0.418823 0.656044 0.443529 0.621978 0.443529
0 0.270330 0.608235 0.310989 0.608235 0.310989 0.640000 0.270330 0.640000
0 0.218682 0.152941 0.241759 0.152941 0.241759 0.176471 0.218682 0.176471
0 0.846154 0.582353 0.875824 0.582353 0.875824 0.616471 0.846154 0.616471
0 0.627472 0.880001 0.661538 0.880001 0.661538 0.903529 0.627472 0.903529
0 0.551648 0.377647 0.592307 0.377647 0.592307 0.416471 0.551648 0.416471
0 0.841758 0.538824 0.868132 0.538824 0.868132 0.565882 0.841758 0.565882
0 0.336264 0.448236 0.381319 0.448236 0.381319 0.490588 0.336264 0.490588
0 0.673627 0.784706 0.713187 0.784706 0.713187 0.814118 0.673627 0.814118
0 0.947252 0.700000 0.974726 0.700000 0.974726 0.729412 0.947252 0.729412
0 0.773626 0.244705 0.806593 0.244705 0.806593 0.271764 0.773626 0.271764
0 0.893406 0.115294 0.918681 0.115294 0.918681 0.143530 0.893406 0.143530
0 0.078022 0.504706 0.118681 0.504706 0.118681 0.529412 0.078022 0.529412
0 0.965934 0.618823 0.997802 0.618823 0.997802 0.650589 0.965934 0.650589
0 0.102198 0.150588 0.121978 0.150588 0.121978 0.175294 0.102198 0.175294
0 0.450549 0.754118 0.471428 0.754118 0.471428 0.775294 0.450549 0.775294
0 0.617582 0.647060 0.662637 0.647060 0.662637 0.670588 0.617582 0.670588
0 0.389011 0.865882 0.415385 0.865882 0.415385 0.894118 0.389011 0.894118
0 0.791208 0.512942 0.816483 0.512942 0.816483 0.541177 0.791208 0.541177
0 0.035165 0.845883 0.060439 0.845883 0.060439 0.869412 0.035165 0.869412
0 0.271428 0.262354 0.295604 0.262354 0.295604 0.290589 0.271428 0.290589
0 0.661539 0.529412 0.702198 0.529412 0.702198 0.568236 0.661539 0.568236
0 0.232967 0.417647 0.269231 0.417647 0.269231 0.462353 0.232967 0.462353
0 0.802198 0.781176 0.841758 0.781176 0.841758 0.803530 0.802198 0.803530
0 0.964835 0.184706 0.989011 0.184706 0.989011 0.205882 0.964835 0.205882
0 0.503296 0.815294 0.530770 0.815294 0.530770 0.841176 0.503296 0.841176
0 0.427472 0.489411 0.461538 0.489411 0.461538 0.517647 0.427472 0.517647
0 0.925275 0.385882 0.985715 0.385882 0.985715 0.434117 0.925275 0.434117
0 0.418682 0.087059 0.458242 0.087059 0.458242 0.122353 0.418682 0.122353
0 0.265934 0.350588 0.292308 0.350588 0.292308 0.398823 0.265934 0.398823
0 0.717583 0.238824 0.762638 0.238824 0.762638 0.278824 0.717583 0.278824
0 0.350549 0.325882 0.372527 0.325882 0.372527 0.355294 0.350549 0.355294
0 0.272528 0.120000 0.304396 0.120000 0.304396 0.144706 0.272528 0.144706
0 0.954945 0.002353 0.998901 0.002353 0.998901 0.043529 0.954945 0.043529
0 0.385715 0.238823 0.413187 0.238823 0.413187 0.262352 0.385715 0.262352
0 0.490110 0.856470 0.514286 0.856470 0.514286 0.875294 0.490110 0.875294
0 0.319780 0.234118 0.345056 0.234118 0.345056 0.262352 0.319780 0.262352
0 0.884615 0.371765 0.940659 0.371765 0.940659 0.417647 0.884615 0.417647
0 0.651648 0.830588 0.682418 0.830588 0.682418 0.871764 0.651648 0.871764
0 0.336263 0.910589 0.357142 0.910589 0.357142 0.934117 0.336263 0.934117
0 0.486813 0.730588 0.525275 0.730588 0.525275 0.770588 0.486813 0.770588
0 0.428571 0.941176 0.453847 0.941176 0.453847 0.963530 0.428571 0.963530
0 0.903297 0.001176 0.937363 0.001176 0.937363 0.040000 0.903297 0.040000
0 0.049451 0.941176 0.078021 0.941176 0.078021 0.969411 0.049451 0.969411
0 0.807693 0.594118 0.836263 0.594118 0.836263 0.623530 0.807693 0.623530
0 0.731868 0.697647 0.749450 0.697647 0.749450 0.745883 0.731868 0.745883
0 0.090110 0.338823 0.129670 0.338823 0.129670 0.377647 0.090110 0.377647
0 0.791209 0.741177 0.837363 0.741177 0.837363 0.763530 0.791209 0.763530
0 0.387912 0.952941 0.418682 0.952941 0.418682 0.984707 0.387912 0.984707
0 0.187913 0.708236 0.218682 0.708236 0.218682 0.740001 0.187913 0.740001
0 0.249451 0.640001 0.278022 0.640001 0.278022 0.663529 0.249451 0.663529
0 0.389011 0.711765 0.410989 0.711765 0.410989 0.762353 0.389011 0.762353
0 0.400001 0.135295 0.450549 0.135295 0.450549 0.162354 0.400001 0.162354
0 0.785714 0.564705 0.809890 0.564705 0.809890 0.596471 0.785714 0.596471
0 0.757142 0.909412 0.812087 0.909412 0.812087 0.932940 0.757142 0.932940
0 0.540660 0.907059 0.569230 0.907059 0.569230 0.937647 0.540660 0.937647
0 0.368132 0.605882 0.401098 0.605882 0.401098 0.634118 0.368132 0.634118
0 0.206594 0.594117 0.248352 0.594117 0.248352 0.631764 0.206594 0.631764
0 0.539560 0.323529 0.568131 0.323529 0.568131 0.352941 0.539560 0.352941
0 0.709890 0.828235 0.740660 0.828235 0.740660 0.852941 0.709890 0.852941
0 0.336264 0.016470 0.368132 0.016470 0.368132 0.049411 0.336264 0.049411
0 0.507692 0.310588 0.541758 0.310588 0.541758 0.340000 0.507692 0.340000
0 0.763737 0.818824 0.798901 0.818824 0.798901 0.842352 0.763737 0.842352
0 0.918682 0.714118 0.947252 0.714118 0.947252 0.750588 0.918682 0.750588
0 0.613187 0.169412 0.641758 0.169412 0.641758 0.198824 0.613187 0.198824
0 0.073627 0.141177 0.102197 0.141177 0.102197 0.176471 0.073627 0.176471
0 0.587911 0.407059 0.615385 0.407059 0.615385 0.430588 0.587911 0.430588
0 0.868131 0.885883 0.905494 0.885883 0.905494 0.914118 0.868131 0.914118
0 0.709890 0.791765 0.731868 0.791765 0.731868 0.832941 0.709890 0.832941
0 0.441758 0.778824 0.484616 0.778824 0.484616 0.830589 0.441758 0.830589
0 0.331868 0.771765 0.363736 0.771765 0.363736 0.805883 0.331868 0.805883
0 0.912089 0.505883 0.940659 0.505883 0.940659 0.538823 0.912089 0.538823
0 0.293406 0.752941 0.324176 0.752941 0.324176 0.794117 0.293406 0.794117
0 0.171429 0.408236 0.206594 0.408236 0.206594 0.445883 0.171429 0.445883
0 0.515385 0.451765 0.548351 0.451765 0.548351 0.482353 0.515385 0.482353
0 0.031869 0.136470 0.067033 0.136470 0.067033 0.169411 0.031869 0.169411
0 0.645054 0.678824 0.702197 0.678824 0.702197 0.707059 0.645054 0.707059
0 0.482418 0.349411 0.528572 0.349411 0.528572 0.387058 0.482418 0.387058
0 0.268131 0.058824 0.298901 0.058824 0.298901 0.089412 0.268131 0.089412
0 0.348352 0.117647 0.384616 0.117647 0.384616 0.143529 0.348352 0.143529
0 0.567033 0.644706 0.598901 0.644706 0.598901 0.674118 0.567033 0.674118
0 0.162638 0.049412 0.180220 0.049412 0.180220 0.067059 0.162638 0.067059
0 0.821978 0.471764 0.847252 0.471764 0.847252 0.503529 0.821978 0.503529
0 0.406593 0.554118 0.441758 0.554118 0.441758 0.591765 0.406593 0.591765
0 0.130769 0.654118 0.160439 0.654118 0.160439 0.677646 0.130769 0.677646
0 0.800001 0.876470 0.830770 0.876470 0.830770 0.898823 0.800001 0.898823
0 0.495605 0.070588 0.546153 0.070588 0.546153 0.107060 0.495605 0.107060
0 0.851648 0.295294 0.890110 0.295294 0.890110 0.325882 0.851648 0.325882
0 0.510988 0.358823 0.556044 0.358823 0.556044 0.392941 0.510988 0.392941
0 0.916484 0.555295 0.946154 0.555295 0.946154 0.598823 0.916484 0.598823
0 0.865935 0.717647 0.898902 0.717647 0.898902 0.743529 0.865935 0.743529
0 0.665934 0.201177 0.712088 0.201177 0.712088 0.242353 0.665934 0.242353
0 0.192308 0.301176 0.224176 0.301176 0.224176 0.328236 0.192308 0.328236
0 0.682418 0.829412 0.707692 0.829412 0.707692 0.854118 0.682418 0.854118
0 0.650550 0.002353 0.681319 0.002353 0.681319 0.025883 0.650550 0.025883
0 0.951648 0.122353 0.985714 0.122353 0.985714 0.154117 0.951648 0.154117
0 0.007692 0.412941 0.039560 0.412941 0.039560 0.457647 0.007692 0.457647
0 0.140659 0.422353 0.182417 0.422353 0.182417 0.464705 0.140659 0.464705
0 0.001099 0.568235 0.031869 0.568235 0.031869 0.614117 0.001099 0.614117
0 0.070330 0.854117 0.100000 0.854117 0.100000 0.876471 0.070330 0.876471
0 0.959341 0.798823 0.987911 0.798823 0.987911 0.848235 0.959341 0.848235
0 0.552747 0.823530 0.574725 0.823530 0.574725 0.855295 0.552747 0.855295
0 0.884615 0.291764 0.927472 0.291764 0.927472 0.328236 0.884615 0.328236
0 0.904396 0.597647 0.929670 0.597647 0.929670 0.656471 0.904396 0.656471
0 0.071429 0.603530 0.106594 0.603530 0.106594 0.630588 0.071429 0.630588
0 0.484616 0.107058 0.537363 0.107058 0.537363 0.149411 0.484616 0.149411
0 0.198901 0.128235 0.232967 0.128235 0.232967 0.157647 0.198901 0.157647
0 0.049451 0.789412 0.081319 0.789412 0.081319 0.812940 0.049451 0.812940
0 0.184615 0.242353 0.220879 0.242353 0.220879 0.272941 0.184615 0.272941
0 0.113187 0.314117 0.146154 0.314117 0.146154 0.362353 0.113187 0.362353
0 0.962637 0.943529 0.994505 0.943529 0.994505 0.976471 0.962637 0.976471
0 0.525275 0.670589 0.551649 0.670589 0.551649 0.697647 0.525275 0.697647
0 0.159341 0.924706 0.195605 0.924706 0.195605 0.961176 0.159341 0.961176
0 0.287913 0.098823 0.323078 0.098823 0.323078 0.117647 0.287913 0.117647
0 0.951648 0.738823 0.995604 0.738823 0.995604 0.772941 0.951648 0.772941
0 0.785715 0.847059 0.820879 0.847059 0.820879 0.871765 0.785715 0.871765
0 0.706594 0.104706 0.741758 0.104706 0.741758 0.150588 0.706594 0.150588
0 0.810989 0.537647 0.836263 0.537647 0.836263 0.562353 0.810989 0.562353
0 0.400001 0.795294 0.432968 0.795294 0.432968 0.835294 0.400001 0.835294
0 0.146154 0.124706 0.172528 0.124706 0.172528 0.144706 0.146154 0.144706
0 0.020879 0.357648 0.052747 0.357648 0.052747 0.390589 0.020879 0.390589
0 0.441758 0.312941 0.468132 0.312941 0.468132 0.350588 0.441758 0.350588
0 0.282417 0.543529 0.318681 0.543529 0.318681 0.563529 0.282417 0.563529
0 0.738461 0.752941 0.759341 0.752941 0.759341 0.797647 0.738461 0.797647
0 0.734066 0.489412 0.772528 0.489412 0.772528 0.523530 0.734066 0.523530
0 0.370329 0.330588 0.398900 0.330588 0.398900 0.351764 0.370329 0.351764
0 0.300001 0.014118 0.330770 0.014118 0.330770 0.038824 0.300001 0.038824
0 0.842857 0.208235 0.869231 0.208235 0.869231 0.234117 0.842857 0.234117
0 0.131868 0.152941 0.153846 0.152941 0.153846 0.172941 0.131868 0.172941
0 0.813186 0.681177 0.872528 0.681177 0.872528 0.728236 0.813186 0.728236
0 0.828572 0.177647 0.861538 0.177647 0.861538 0.205882 0.828572 0.205882
0 0.596703 0.370588 0.635165 0.370588 0.635165 0.401176 0.596703 0.401176
0 0.063737 0.395294 0.101100 0.395294 0.101100 0.422354 0.063737 0.422354
0 0.108791 0.592942 0.143956 0.592942 0.143956 0.615295 0.108791 0.615295
0 0.857143 0.254117 0.894506 0.254117 0.894506 0.290589 0.857143 0.290589
0 0.486813 0.914118 0.521978 0.914118 0.521978 0.943530 0.486813 0.943530
0 0.049450 0.422353 0.087912 0.422353 0.087912 0.444705 0.049450 0.444705
0 0.078021 0.529412 0.113186 0.529412 0.113186 0.558824 0.078021 0.558824
0 0.943956 0.030589 0.978022 0.030589 0.978022 0.077647 0.943956 0.077647
0 0.261539 0.585882 0.296704 0.585882 0.296704 0.608236 0.261539 0.608236
0 0.670330 0.698824 0.716484 0.698824 0.716484 0.720000 0.670330 0.720000
0 0.781319 0.212941 0.832967 0.212941 0.832967 0.236471 0.781319 0.236471
0 0.687912 0.307059 0.727472 0.307059 0.727472 0.336471 0.687912 0.336471
0 0.479121 0.445882 0.510989 0.445882 0.510989 0.470588 0.479121 0.470588
0 0.009890 0.188236 0.036264 0.188236 0.036264 0.225882 0.009890 0.225882
0 0.626374 0.190588 0.659340 0.190588 0.659340 0.218824 0.626374 0.218824
0 0.490110 0.038823 0.512088 0.038823 0.512088 0.057647 0.490110 0.057647
0 0.028571 0.075294 0.057142 0.075294 0.057142 0.095294 0.028571 0.095294
0 0.869231 0.355294 0.920879 0.355294 0.920879 0.389412 0.869231 0.389412
0 0.234066 0.707058 0.267033 0.707058 0.267033 0.758823 0.234066 0.758823
0 0.423077 0.003529 0.468131 0.003529 0.468131 0.032941 0.423077 0.032941
0 0.739561 0.185883 0.768131 0.185883 0.768131 0.222353 0.739561 0.222353
0 0.350549 0.222353 0.384615 0.222353 0.384615 0.256471 0.350549 0.256471
0 0.070330 0.264706 0.103296 0.264706 0.103296 0.300000 0.070330 0.300000
