0 0.025489 0.016647 0.046729 0.016647 0.046729 0.054697 0.025489 0.054697
0 0.005947 0.017836 0.025488 0.017836 0.025488 0.053508 0.005947 0.053508
0 0.156329 0.036861 0.179269 0.036861 0.179269 0.073721 0.156329 0.073721
0 0.127442 0.009513 0.146134 0.009513 0.146134 0.046373 0.127442 0.046373
0 0.045879 0.002378 0.065420 0.002378 0.065420 0.029726 0.045879 0.029726
0 0.070518 0.101070 0.096856 0.101070 0.096856 0.126040 0.070518 0.126040
0 0.097706 0.092747 0.119796 0.092747 0.119796 0.135553 0.097706 0.135553
0 0.113849 0.118906 0.132541 0.118906 0.132541 0.156956 0.113849 0.156956
0 0.065421 0.152200 0.091759 0.152200 0.091759 0.192628 0.065421 0.192628
0 0.095157 0.174792 0.117247 0.174792 0.117247 0.215220 0.095157 0.215220
0 0.080714 0.221166 0.102804 0.221166 0.102804 0.249702 0.080714 0.249702
0 0.120646 0.206897 0.142736 0.206897 0.142736 0.241379 0.120646 0.241379
0 0.148683 0.216409 0.175021 0.216409 0.175021 0.255649 0.148683 0.255649
0 0.225998 0.155768 0.250638 0.155768 0.250638 0.197385 0.225998 0.197385
0 0.198811 0.070154 0.222600 0.070154 0.222600 0.105826 0.198811 0.105826
0 0.264231 0.092747 0.285471 0.092747 0.285471 0.124852 0.264231 0.124852
0 0.285472 0.046373 0.311810 0.046373 0.311810 0.079667 0.285472 0.079667
0 0.305863 0.033293 0.329651 0.033293 0.329651 0.063020 0.305863 0.063020
0 0.319456 0.059453 0.342396 0.059453 0.342396 0.099881 0.319456 0.099881
0 0.301615 0.117718 0.316908 0.117718 0.316908 0.139121 0.301615 0.139121
0 0.266780 0.137931 0.291418 0.137931 0.291418 0.171225 0.266780 0.171225
0 0.293968 0.174792 0.317756 0.174792 0.317756 0.217598 0.293968 0.217598
0 0.315208 0.184304 0.337298 0.184304 0.337298 0.227110 0.315208 0.227110
0 0.246390 0.233055 0.266781 0.233055 0.266781 0.272294 0.246390 0.272294
0 0.377231 0.175981 0.405268 0.175981 0.405268 0.221165 0.377231 0.221165
0 0.173322 0.281807 0.196262 0.281807 0.196262 0.323425 0.173322 0.323425
0 0.146984 0.325803 0.172473 0.325803 0.172473 0.366231 0.146984 0.366231
0 0.272728 0.323424 0.297366 0.323424 0.297366 0.359096 0.272728 0.359096
0 0.237043 0.324613 0.252336 0.324613 0.252336 0.359097 0.237043 0.359097
0 0.226848 0.353151 0.247238 0.353151 0.247238 0.388823 0.226848 0.388823
0 0.387425 0.244946 0.406967 0.244946 0.406967 0.280618 0.387425 0.280618
0 0.050127 0.348394 0.073916 0.348394 0.073916 0.385256 0.050127 0.385256
0 0.016143 0.365042 0.039083 0.365042 0.039083 0.406659 0.016143 0.406659
0 0.029737 0.422117 0.051827 0.422117 0.051827 0.458978 0.029737 0.458978
0 0.060323 0.424495 0.079864 0.424495 0.079864 0.464923 0.060323 0.464923
0 0.101953 0.354341 0.127442 0.354341 0.127442 0.395958 0.101953 0.395958
0 0.046729 0.519620 0.073917 0.519620 0.073917 0.562426 0.046729 0.562426
0 0.024639 0.525565 0.046729 0.525565 0.046729 0.561237 0.024639 0.561237
0 0.098555 0.513674 0.124045 0.513674 0.124045 0.546968 0.098555 0.546968
0 0.132541 0.376932 0.164826 0.376932 0.164826 0.412604 0.132541 0.412604
0 0.149533 0.461356 0.169924 0.461356 0.169924 0.488704 0.149533 0.488704
0 0.178420 0.428061 0.200510 0.428061 0.200510 0.462545 0.178420 0.462545
0 0.222600 0.454221 0.248088 0.454221 0.248088 0.494649 0.222600 0.494649
0 0.201360 0.460166 0.222600 0.460166 0.222600 0.492272 0.201360 0.492272
0 0.181818 0.567182 0.203908 0.567182 0.203908 0.605232 0.181818 0.605232
0 0.267630 0.507728 0.295666 0.507728 0.295666 0.537455 0.267630 0.537455
0 0.243840 0.602853 0.264232 0.602853 0.264232 0.632580 0.243840 0.632580
0 0.227698 0.627823 0.247238 0.627823 0.247238 0.662307 0.227698 0.662307
0 0.193713 0.614745 0.213253 0.614745 0.213253 0.643282 0.193713 0.643282
0 0.207307 0.626635 0.222600 0.626635 0.222600 0.653983 0.207307 0.653983
0 0.097706 0.640903 0.122344 0.640903 0.122344 0.673009 0.097706 0.673009
0 0.134239 0.662307 0.150383 0.662307 0.150383 0.688466 0.134239 0.688466
0 0.092608 0.696789 0.121495 0.696789 0.121495 0.736028 0.092608 0.736028
0 0.030586 0.601665 0.039932 0.601665 0.039932 0.626635 0.030586 0.626635
0 0.141037 0.713436 0.182667 0.713436 0.182667 0.749108 0.141037 0.749108
0 0.000849 0.306778 0.026339 0.306778 0.026339 0.347206 0.000849 0.347206
0 0.016993 0.719382 0.028037 0.719382 0.028037 0.760999 0.016993 0.760999
0 0.009345 0.686088 0.020390 0.686088 0.020390 0.726516 0.009345 0.726516
0 0.001700 0.759809 0.011894 0.759809 0.011894 0.778834 0.001700 0.778834
0 0.029737 0.810939 0.050977 0.810939 0.050977 0.846611 0.029737 0.846611
0 0.084112 0.759810 0.105352 0.759810 0.105352 0.790726 0.084112 0.790726
0 0.122344 0.810939 0.142735 0.810939 0.142735 0.851367 0.122344 0.851367
0 0.140187 0.802616 0.158879 0.802616 0.158879 0.833532 0.140187 0.833532
0 0.163976 0.788347 0.190314 0.788347 0.190314 0.815695 0.163976 0.815695
0 0.141037 0.834720 0.171623 0.834720 0.171623 0.873960 0.141037 0.873960
0 0.205608 0.813318 0.226848 0.813318 0.226848 0.847801 0.205608 0.847801
0 0.049278 0.850178 0.075616 0.850178 0.075616 0.888228 0.049278 0.888228
0 0.072217 0.869203 0.097707 0.869203 0.097707 0.909631 0.072217 0.909631
0 0.046729 0.938168 0.068819 0.938168 0.068819 0.975029 0.046729 0.975029
0 0.129992 0.892985 0.152082 0.892985 0.152082 0.931035 0.129992 0.931035
0 0.193713 0.839477 0.215803 0.839477 0.215803 0.866825 0.193713 0.866825
0 0.165675 0.864448 0.198811 0.864448 0.198811 0.892985 0.165675 0.892985
0 0.211555 0.878716 0.234495 0.878716 0.234495 0.909632 0.211555 0.909632
0 0.254886 0.854935 0.279525 0.854935 0.279525 0.896552 0.254886 0.896552
0 0.256584 0.826398 0.276126 0.826398 0.276126 0.854935 0.256584 0.854935
0 0.163127 0.935791 0.183518 0.935791 0.183518 0.969085 0.163127 0.969085
0 0.137637 0.936980 0.158028 0.936980 0.158028 0.979786 0.137637 0.979786
0 0.038232 0.891795 0.050127 0.891795 0.050127 0.926279 0.038232 0.926279
0 0.023789 0.890606 0.036533 0.890606 0.036533 0.919144 0.023789 0.919144
0 0.281223 0.868015 0.290569 0.868015 0.290569 0.902498 0.281223 0.902498
0 0.276126 0.926279 0.286320 0.926279 0.286320 0.945304 0.276126 0.945304
0 0.305013 0.934602 0.333049 0.934602 0.333049 0.979786 0.305013 0.979786
0 0.333049 0.890606 0.349193 0.890606 0.349193 0.916766 0.333049 0.916766
0 0.040782 0.970274 0.050977 0.970274 0.050977 0.997622 0.040782 0.997622
0 0.211555 0.951249 0.232795 0.951249 0.232795 0.978597 0.211555 0.978597
0 0.206457 0.977408 0.227697 0.977408 0.227697 0.997622 0.206457 0.997622
0 0.273577 0.744352 0.303314 0.744352 0.303314 0.785969 0.273577 0.785969
0 0.297366 0.707491 0.317758 0.707491 0.317758 0.743163 0.297366 0.743163
0 0.302465 0.677764 0.326253 0.677764 0.326253 0.709870 0.302465 0.709870
0 0.333050 0.658740 0.359388 0.658740 0.359388 0.693223 0.333050 0.693223
0 0.329651 0.766944 0.355140 0.766944 0.355140 0.816885 0.329651 0.816885
0 0.314358 0.789536 0.333900 0.789536 0.333900 0.825208 0.314358 0.825208
0 0.291419 0.827587 0.300765 0.827587 0.300765 0.862070 0.291419 0.862070
0 0.301614 0.824019 0.320306 0.824019 0.320306 0.892985 0.301614 0.892985
0 0.327103 0.843043 0.351741 0.843043 0.351741 0.879904 0.327103 0.879904
0 0.350042 0.839477 0.384028 0.839477 0.384028 0.870393 0.350042 0.870393
0 0.361087 0.881094 0.388275 0.881094 0.388275 0.921522 0.361087 0.921522
0 0.390824 0.854935 0.412914 0.854935 0.412914 0.898930 0.390824 0.898930
0 0.371283 0.777646 0.403568 0.777646 0.403568 0.810940 0.371283 0.810940
0 0.395922 0.796671 0.418862 0.796671 0.418862 0.824019 0.395922 0.824019
0 0.326253 0.731272 0.345795 0.731272 0.345795 0.768134 0.326253 0.768134
0 0.359388 0.669441 0.379780 0.669441 0.379780 0.707491 0.359388 0.707491
0 0.391674 0.664685 0.413764 0.664685 0.413764 0.692033 0.391674 0.692033
0 0.416313 0.671820 0.437553 0.671820 0.437553 0.706303 0.416313 0.706303
0 0.430756 0.744352 0.457094 0.744352 0.457094 0.784780 0.430756 0.784780
0 0.268479 0.966707 0.281223 0.966707 0.281223 0.996434 0.268479 0.996434
0 0.435854 0.909631 0.458794 0.909631 0.458794 0.944114 0.435854 0.944114
0 0.454546 0.866825 0.475786 0.866825 0.475786 0.902497 0.454546 0.902497
0 0.435854 0.815696 0.462192 0.815696 0.462192 0.853746 0.435854 0.853746
0 0.383177 0.953627 0.406117 0.953627 0.406117 0.989299 0.383177 0.989299
0 0.404418 0.969085 0.422260 0.969085 0.422260 0.996433 0.404418 0.996433
0 0.502974 0.857312 0.520816 0.857312 0.520816 0.889417 0.502974 0.889417
0 0.497026 0.797860 0.511470 0.797860 0.511470 0.825208 0.497026 0.825208
0 0.512319 0.800238 0.530161 0.800238 0.530161 0.822830 0.512319 0.822830
0 0.530161 0.778834 0.544605 0.778834 0.544605 0.808562 0.530161 0.808562
0 0.458794 0.963139 0.469838 0.963139 0.469838 0.995244 0.458794 0.995244
0 0.472388 0.957194 0.480884 0.957194 0.480884 0.985731 0.472388 0.985731
0 0.487680 0.894173 0.507221 0.894173 0.507221 0.928656 0.487680 0.928656
0 0.552252 0.871581 0.574342 0.871581 0.574342 0.909631 0.552252 0.909631
0 0.491079 0.967895 0.515718 0.967895 0.515718 0.998811 0.491079 0.998811
0 0.593882 0.965518 0.614274 0.965518 0.614274 0.994055 0.593882 0.994055
0 0.627018 0.922711 0.654206 0.922711 0.654206 0.958383 0.627018 0.958383
0 0.607476 0.897741 0.627018 0.897741 0.627018 0.931035 0.607476 0.931035
0 0.588785 0.902497 0.607477 0.902497 0.607477 0.929845 0.588785 0.929845
0 0.567545 0.854935 0.597281 0.854935 0.597281 0.890607 0.567545 0.890607
0 0.549702 0.760999 0.574342 0.760999 0.574342 0.795482 0.549702 0.795482
0 0.606626 0.762188 0.632116 0.762188 0.632116 0.820452 0.606626 0.820452
0 0.635513 0.828775 0.661003 0.828775 0.661003 0.869203 0.635513 0.869203
0 0.579439 0.764566 0.604079 0.764566 0.604079 0.797860 0.579439 0.797860
0 0.577739 0.889417 0.589634 0.889417 0.589634 0.928656 0.577739 0.928656
0 0.598980 0.673008 0.627018 0.673008 0.627018 0.706302 0.598980 0.706302
0 0.632965 0.671820 0.655055 0.671820 0.655055 0.715815 0.632965 0.715815
0 0.663551 0.694411 0.688191 0.694411 0.688191 0.732461 0.663551 0.732461
0 0.610875 0.727706 0.639763 0.727706 0.639763 0.751487 0.610875 0.751487
0 0.657604 0.737218 0.670348 0.737218 0.670348 0.755054 0.657604 0.755054
0 0.655056 0.762188 0.674597 0.762188 0.674597 0.794293 0.655056 0.794293
0 0.639762 0.781213 0.661852 0.781213 0.661852 0.824019 0.639762 0.824019
0 0.706033 0.768134 0.739167 0.768134 0.739167 0.809751 0.706033 0.809751
0 0.685642 0.858502 0.717926 0.858502 0.717926 0.898930 0.685642 0.898930
0 0.685642 0.813318 0.727272 0.813318 0.727272 0.857313 0.685642 0.857313
0 0.757858 0.818074 0.783348 0.818074 0.783348 0.850179 0.757858 0.850179
0 0.764656 0.858502 0.788446 0.858502 0.788446 0.894174 0.764656 0.894174
0 0.815633 0.864447 0.830077 0.864447 0.830077 0.895363 0.815633 0.895363
0 0.800340 0.903686 0.813084 0.903686 0.813084 0.925090 0.800340 0.925090
0 0.714528 0.961950 0.755310 0.961950 0.755310 0.995244 0.714528 0.995244
0 0.827527 0.928656 0.847919 0.928656 0.847919 0.966706 0.827527 0.966706
0 0.817332 0.936979 0.836024 0.936979 0.836024 0.978596 0.817332 0.978596
0 0.806287 0.722949 0.832625 0.722949 0.832625 0.760999 0.806287 0.760999
0 0.847918 0.856124 0.872557 0.856124 0.872557 0.896552 0.847918 0.896552
0 0.875956 0.972652 0.902294 0.972652 0.902294 0.998811 0.875956 0.998811
0 0.908241 0.916766 0.926083 0.916766 0.926083 0.952438 0.908241 0.952438
0 0.932880 0.903686 0.954970 0.903686 0.954970 0.938169 0.932880 0.938169
0 0.957519 0.921522 0.977911 0.921522 0.977911 0.952438 0.957519 0.952438
0 0.962617 0.851367 0.981309 0.851367 0.981309 0.881095 0.962617 0.881095
0 0.957519 0.967896 0.972812 0.967896 0.972812 0.991677 0.957519 0.991677
0 0.893797 0.819263 0.918436 0.819263 0.918436 0.858502 0.893797 0.858502
0 0.880204 0.834720 0.898896 0.834720 0.898896 0.864448 0.880204 0.864448
0 0.850467 0.816885 0.870008 0.816885 0.870008 0.848990 0.850467 0.848990
0 0.835174 0.789536 0.855565 0.789536 0.855565 0.829964 0.835174 0.829964
0 0.842821 0.766944 0.855565 0.766944 0.855565 0.788347 0.842821 0.788347
0 0.879354 0.750297 0.903143 0.750297 0.903143 0.790725 0.879354 0.790725
0 0.865760 0.743162 0.880204 0.743162 0.880204 0.784779 0.865760 0.784779
0 0.960068 0.728895 0.981308 0.728895 0.981308 0.765756 0.960068 0.765756
0 0.873407 0.667063 0.894647 0.667063 0.894647 0.700357 0.873407 0.700357
0 0.846220 0.670630 0.853016 0.670630 0.853016 0.715814 0.846220 0.715814
0 0.973662 0.669442 0.995752 0.669442 0.995752 0.708681 0.973662 0.708681
0 0.910790 0.612366 0.934580 0.612366 0.934580 0.644471 0.910790 0.644471
0 0.898045 0.580261 0.923535 0.580261 0.923535 0.611177 0.898045 0.611177
0 0.932030 0.580261 0.950722 0.580261 0.950722 0.606421 0.932030 0.606421
0 0.926933 0.555291 0.948173 0.555291 0.948173 0.581450 0.926933 0.581450
0 0.878505 0.550535 0.898046 0.550535 0.898046 0.589774 0.878505 0.589774
0 0.919286 0.505351 0.942226 0.505351 0.942226 0.545779 0.919286 0.545779
0 0.904843 0.532699 0.926933 0.532699 0.926933 0.563615 0.904843 0.563615
0 0.907392 0.481569 0.930332 0.481569 0.930332 0.516053 0.907392 0.516053
0 0.966865 0.455410 0.994053 0.455410 0.994053 0.493460 0.966865 0.493460
0 0.830076 0.650416 0.848768 0.650416 0.848768 0.683710 0.830076 0.683710
0 0.812234 0.601664 0.832626 0.601664 0.832626 0.640903 0.812234 0.640903
0 0.819881 0.561237 0.841971 0.561237 0.841971 0.602854 0.819881 0.602854
0 0.736618 0.709870 0.763806 0.709870 0.763806 0.756243 0.736618 0.756243
0 0.830076 0.527944 0.854716 0.527944 0.854716 0.556481 0.830076 0.556481
0 0.742565 0.602854 0.766355 0.602854 0.766355 0.636148 0.742565 0.636148
0 0.730671 0.564804 0.756160 0.564804 0.756160 0.605232 0.730671 0.605232
0 0.781648 0.533888 0.800340 0.533888 0.800340 0.571938 0.781648 0.571938
0 0.783347 0.565994 0.803739 0.565994 0.803739 0.612367 0.783347 0.612367
0 0.787596 0.450654 0.813085 0.450654 0.813085 0.483948 0.787596 0.483948
0 0.796092 0.398335 0.818182 0.398335 0.818182 0.434007 0.796092 0.434007
0 0.669499 0.585017 0.692439 0.585017 0.692439 0.619501 0.669499 0.619501
0 0.702634 0.500594 0.722175 0.500594 0.722175 0.535077 0.702634 0.535077
0 0.691588 0.529132 0.715377 0.529132 0.715377 0.562426 0.691588 0.562426
0 0.697535 0.565993 0.713678 0.565993 0.713678 0.590963 0.697535 0.590963
0 0.610875 0.636147 0.633815 0.636147 0.633815 0.669441 0.610875 0.669441
0 0.661002 0.497027 0.681393 0.497027 0.681393 0.535077 0.661002 0.535077
0 0.670348 0.432818 0.693288 0.432818 0.693288 0.470868 0.670348 0.470868
0 0.638913 0.434007 0.661003 0.434007 0.661003 0.472057 0.638913 0.472057
0 0.637213 0.508918 0.660153 0.508918 0.660153 0.543401 0.637213 0.543401
0 0.610025 0.523187 0.626169 0.523187 0.626169 0.563615 0.610025 0.563615
0 0.621920 0.473246 0.649958 0.473246 0.649958 0.506540 0.621920 0.506540
0 0.448598 0.633769 0.474936 0.633769 0.474936 0.668253 0.448598 0.668253
0 0.485132 0.624256 0.506372 0.624256 0.506372 0.653984 0.485132 0.653984
0 0.489380 0.693223 0.503824 0.693223 0.503824 0.720571 0.489380 0.720571
0 0.547154 0.626636 0.570094 0.626636 0.570094 0.675387 0.547154 0.675387
0 0.525064 0.663497 0.562446 0.663497 0.562446 0.730083 0.525064 0.730083
0 0.518267 0.614744 0.536109 0.614744 0.536109 0.645660 0.518267 0.645660
0 0.458793 0.608799 0.474936 0.608799 0.474936 0.631391 0.458793 0.631391
0 0.490229 0.560048 0.509771 0.560048 0.509771 0.600476 0.490229 0.600476
0 0.547153 0.536266 0.566694 0.536266 0.566694 0.586207 0.547153 0.586207
0 0.530162 0.537456 0.547154 0.537456 0.547154 0.582640 0.530162 0.582640
0 0.419710 0.613555 0.445199 0.613555 0.445199 0.645660 0.419710 0.645660
0 0.377230 0.627825 0.410365 0.627825 0.410365 0.669442 0.377230 0.669442
0 0.396771 0.583828 0.417163 0.583828 0.417163 0.625445 0.396771 0.625445
0 0.362787 0.599287 0.382328 0.599287 0.382328 0.637337 0.362787 0.637337
0 0.531861 0.441141 0.554801 0.441141 0.554801 0.478002 0.531861 0.478002
0 0.410366 0.544590 0.434154 0.544590 0.434154 0.577884 0.410366 0.577884
0 0.340697 0.552913 0.367885 0.552913 0.367885 0.596908 0.340697 0.596908
0 0.467290 0.439952 0.485132 0.439952 0.485132 0.474436 0.467290 0.474436
0 0.289720 0.526753 0.332201 0.526753 0.332201 0.561237 0.289720 0.561237
0 0.305013 0.487514 0.330502 0.487514 0.330502 0.526753 0.305013 0.526753
0 0.351741 0.474435 0.371283 0.474435 0.371283 0.510107 0.351741 0.510107
0 0.396771 0.425683 0.419711 0.425683 0.419711 0.457789 0.396771 0.457789
0 0.363637 0.437574 0.388275 0.437574 0.388275 0.475624 0.363637 0.475624
0 0.330502 0.442330 0.350893 0.442330 0.350893 0.470867 0.330502 0.470867
0 0.348343 0.422117 0.361937 0.422117 0.361937 0.448276 0.348343 0.448276
0 0.327103 0.407849 0.340697 0.407849 0.340697 0.436386 0.327103 0.436386
0 0.357689 0.365042 0.382327 0.365042 0.382327 0.419739 0.357689 0.419739
0 0.343245 0.373365 0.358538 0.373365 0.358538 0.401902 0.343245 0.401902
0 0.400170 0.346017 0.419712 0.346017 0.419712 0.382878 0.400170 0.382878
0 0.378079 0.347206 0.397620 0.347206 0.397620 0.384067 0.378079 0.384067
0 0.199660 0.519620 0.220051 0.519620 0.220051 0.544590 0.199660 0.544590
0 0.379779 0.294887 0.401869 0.294887 0.401869 0.334126 0.379779 0.334126
0 0.403568 0.288942 0.423960 0.288942 0.423960 0.324614 0.403568 0.324614
0 0.461343 0.340071 0.482583 0.340071 0.482583 0.373365 0.461343 0.373365
0 0.492779 0.367420 0.517418 0.367420 0.517418 0.407848 0.492779 0.407848
0 0.506372 0.392390 0.520816 0.392390 0.520816 0.428062 0.506372 0.428062
0 0.426508 0.293698 0.448598 0.293698 0.448598 0.335315 0.426508 0.335315
0 0.457944 0.282996 0.474936 0.282996 0.474936 0.317480 0.457944 0.317480
0 0.439252 0.268728 0.457944 0.268728 0.457944 0.312723 0.439252 0.312723
0 0.480884 0.267539 0.509771 0.267539 0.509771 0.309156 0.480884 0.309156
0 0.493628 0.300833 0.517417 0.300833 0.517417 0.335316 0.493628 0.335316
0 0.519966 0.303210 0.543756 0.303210 0.543756 0.341260 0.519966 0.341260
0 0.549702 0.311534 0.574342 0.311534 0.574342 0.344828 0.549702 0.344828
0 0.552251 0.361474 0.581139 0.361474 0.581139 0.403091 0.552251 0.403091
0 0.597281 0.336504 0.626169 0.336504 0.626169 0.367420 0.597281 0.367420
0 0.628717 0.353152 0.657605 0.353152 0.657605 0.394769 0.628717 0.394769
0 0.658453 0.354340 0.683092 0.354340 0.683092 0.390012 0.658453 0.390012
0 0.459644 0.231867 0.483432 0.231867 0.483432 0.266350 0.459644 0.266350
0 0.525913 0.216409 0.549702 0.216409 0.549702 0.253269 0.525913 0.253269
0 0.671198 0.313912 0.699236 0.313912 0.699236 0.343638 0.671198 0.343638
0 0.692438 0.279429 0.718776 0.279429 0.718776 0.317479 0.692438 0.317479
0 0.700085 0.234244 0.723874 0.234244 0.723874 0.271105 0.700085 0.271105
0 0.671198 0.236623 0.692438 0.236623 0.692438 0.274673 0.671198 0.274673
0 0.576040 0.269916 0.601530 0.269916 0.601530 0.302021 0.576040 0.302021
0 0.630416 0.286563 0.657604 0.286563 0.657604 0.330558 0.630416 0.330558
0 0.559048 0.429251 0.581988 0.429251 0.581988 0.467301 0.559048 0.467301
0 0.780798 0.351961 0.806288 0.351961 0.806288 0.388823 0.780798 0.388823
0 0.838572 0.342450 0.857264 0.342450 0.857264 0.392391 0.838572 0.392391
0 0.887001 0.346017 0.909941 0.346017 0.909941 0.375743 0.887001 0.375743
0 0.863211 0.343638 0.876805 0.343638 0.876805 0.381688 0.863211 0.381688
0 0.756159 0.309156 0.784197 0.309156 0.784197 0.340072 0.756159 0.340072
0 0.817333 0.296076 0.836874 0.296076 0.836874 0.334126 0.817333 0.334126
0 0.786746 0.281807 0.813084 0.281807 0.813084 0.322235 0.786746 0.322235
0 0.767204 0.224733 0.795242 0.224733 0.795242 0.266350 0.767204 0.266350
0 0.767204 0.161713 0.792694 0.161713 0.792694 0.208086 0.767204 0.208086
0 0.849618 0.443519 0.870858 0.443519 0.870858 0.472056 0.849618 0.472056
0 0.873407 0.401902 0.899745 0.401902 0.899745 0.438764 0.873407 0.438764
0 0.918436 0.374553 0.938828 0.374553 0.938828 0.406659 0.918436 0.406659
0 0.953270 0.384067 0.978760 0.384067 0.978760 0.422117 0.953270 0.422117
0 0.968564 0.407848 0.988105 0.407848 0.988105 0.441142 0.968564 0.441142
0 0.975361 0.360285 0.994903 0.360285 0.994903 0.392391 0.975361 0.392391
0 0.952422 0.299643 0.971963 0.299643 0.971963 0.331749 0.952422 0.331749
0 0.903994 0.274673 0.927783 0.274673 0.927783 0.303210 0.903994 0.303210
0 0.889550 0.235434 0.907392 0.235434 0.907392 0.268728 0.889550 0.268728
0 0.911639 0.214031 0.935428 0.214031 0.935428 0.244947 0.911639 0.244947
0 0.946474 0.172414 0.960068 0.172414 0.960068 0.217598 0.946474 0.217598
0 0.934579 0.223543 0.953271 0.223543 0.953271 0.256837 0.934579 0.256837
0 0.960918 0.117717 0.983008 0.117717 0.983008 0.152199 0.960918 0.152199
0 0.922685 0.143876 0.941377 0.143876 0.941377 0.168846 0.922685 0.168846
0 0.818182 0.117716 0.843671 0.117716 0.843671 0.154577 0.818182 0.154577
0 0.935430 0.043995 0.959219 0.043995 0.959219 0.082045 0.935430 0.082045
0 0.874257 0.034483 0.900595 0.034483 0.900595 0.067777 0.874257 0.067777
0 0.751061 0.096314 0.776551 0.096314 0.776551 0.134364 0.751061 0.134364
0 0.691588 0.103448 0.715377 0.103448 0.715377 0.148632 0.691588 0.148632
0 0.785896 0.087990 0.808836 0.087990 0.808836 0.127229 0.785896 0.127229
0 0.826678 0.055886 0.843670 0.055886 0.843670 0.093936 0.826678 0.093936
0 0.779949 0.043995 0.802039 0.043995 0.802039 0.074911 0.779949 0.074911
0 0.642311 0.136742 0.666100 0.136742 0.666100 0.174792 0.642311 0.174792
0 0.653357 0.096313 0.677146 0.096313 0.677146 0.135552 0.653357 0.135552
0 0.673747 0.071344 0.691589 0.071344 0.691589 0.103448 0.673747 0.103448
0 0.703483 0.003567 0.726423 0.003567 0.726423 0.053507 0.703483 0.053507
0 0.745114 0.011890 0.773151 0.011890 0.773151 0.042806 0.745114 0.042806
0 0.631266 0.175980 0.644860 0.175980 0.644860 0.192628 0.631266 0.192628
0 0.587086 0.159334 0.614274 0.159334 0.614274 0.195006 0.587086 0.195006
0 0.552252 0.154577 0.576041 0.154577 0.576041 0.196194 0.552252 0.196194
0 0.600680 0.120095 0.610874 0.120095 0.610874 0.135553 0.600680 0.135553
0 0.627018 0.049941 0.657604 0.049941 0.657604 0.087991 0.627018 0.087991
0 0.463042 0.161712 0.484282 0.161712 0.484282 0.203329 0.463042 0.203329
0 0.490230 0.085612 0.518267 0.085612 0.518267 0.116528 0.490230 0.116528
0 0.554800 0.089179 0.572642 0.089179 0.572642 0.120095 0.554800 0.120095
0 0.492779 0.033294 0.517418 0.033294 0.517418 0.066588 0.492779 0.066588
0 0.457944 0.114149 0.480034 0.114149 0.480034 0.158144 0.457944 0.158144
0 0.852166 0.011891 0.871707 0.011891 0.871707 0.040428 0.852166 0.040428
0 0.841971 0.043995 0.863211 0.043995 0.863211 0.078479 0.841971 0.078479
0 0.828377 0.001189 0.847919 0.001189 0.847919 0.027349 0.828377 0.027349
0 0.536958 0.054697 0.555650 0.054697 0.555650 0.082045 0.536958 0.082045
0 0.412914 0.084423 0.432455 0.084423 0.432455 0.127229 0.412914 0.127229
0 0.388275 0.055886 0.402719 0.055886 0.402719 0.101070 0.388275 0.101070
0 0.402719 0.010701 0.423959 0.010701 0.423959 0.045185 0.402719 0.045185
0 0.480034 0.001188 0.497026 0.001188 0.497026 0.033294 0.480034 0.033294
0 0.446899 0.005945 0.474087 0.005945 0.474087 0.046373 0.446899 0.046373
0 0.540357 0.005945 0.561597 0.005945 0.561597 0.038051 0.540357 0.038051
0 0.567545 0.007135 0.588785 0.007135 0.588785 0.036861 0.567545 0.036861
0 0.594732 0.002378 0.623620 0.002378 0.623620 0.038050 0.594732 0.038050
0 0.668649 0.005945 0.691589 0.005945 0.691589 0.038051 0.668649 0.038051
0 0.347494 0.096313 0.372132 0.096313 0.372132 0.135552 0.347494 0.135552
0 0.350043 0.052318 0.372133 0.052318 0.372133 0.086802 0.350043 0.086802
0 0.314358 0.013080 0.337298 0.013080 0.337298 0.039239 0.314358 0.039239
0 0.228547 0.078478 0.252336 0.078478 0.252336 0.103448 0.228547 0.103448
0 0.255735 0.001189 0.277825 0.001189 0.277825 0.029726 0.255735 0.029726
0 0.233645 0.013080 0.254036 0.013080 0.254036 0.045185 0.233645 0.045185
0 0.198811 0.287752 0.220901 0.287752 0.220901 0.326991 0.198811 0.326991
0 0.145284 0.273484 0.168224 0.273484 0.168224 0.306778 0.145284 0.306778
0 0.105352 0.305588 0.124044 0.305588 0.124044 0.342450 0.105352 0.342450
0 0.124894 0.287753 0.143586 0.287753 0.143586 0.334126 0.124894 0.334126
0 0.175871 0.195006 0.201359 0.195006 0.201359 0.239002 0.175871 0.239002
0 0.208157 0.244946 0.227697 0.244946 0.227697 0.274673 0.208157 0.274673
0 0.333050 0.331748 0.359388 0.331748 0.359388 0.362664 0.333050 0.362664
1 0.020391 0.833532 0.034835 0.833532 0.034835 0.856124 0.020391 0.856124
1 0.016143 0.915577 0.028887 0.915577 0.028887 0.932224 0.016143 0.932224
1 0.304163 0.768132 0.318607 0.768132 0.318607 0.797860 0.304163 0.797860
1 0.809686 0.555291 0.817333 0.555291 0.817333 0.571939 0.809686 0.571939
1 0.818182 0.479192 0.827528 0.479192 0.827528 0.498217 0.818182 0.498217
1 0.331350 0.482759 0.343245 0.482759 0.343245 0.510107 0.331350 0.510107
1 0.339847 0.478002 0.349193 0.478002 0.349193 0.493460 0.339847 0.493460
1 0.424808 0.231867 0.440101 0.231867 0.440101 0.258026 0.424808 0.258026
1 0.552251 0.247325 0.570943 0.247325 0.570943 0.272295 0.552251 0.272295
1 0.604927 0.225922 0.625318 0.225922 0.625318 0.250892 0.604927 0.250892
1 0.647408 0.247325 0.663551 0.247325 0.663551 0.269917 0.647408 0.269917
1 0.538658 0.172414 0.553951 0.172414 0.553951 0.217598 0.538658 0.217598
