0 0.936337 0.007669 0.962089 0.007669 0.962089 0.032209 0.936337 0.032209
0 0.967811 0.010737 0.997139 0.010737 0.997139 0.035787 0.967811 0.035787
0 0.662374 0.043967 0.702431 0.043967 0.702431 0.064417 0.662374 0.064417
1 0.241774 0.088446 0.254650 0.088446 0.254650 0.098160 0.241774 0.098160
1 0.353363 0.113497 0.368383 0.113497 0.368383 0.125255 0.353363 0.125255
1 0.374821 0.163599 0.391273 0.163599 0.391273 0.175359 0.374821 0.175359
1 0.419885 0.205010 0.433476 0.205010 0.433476 0.214724 0.419885 0.214724
1 0.449929 0.191207 0.463520 0.191207 0.463520 0.201431 0.449929 0.201431
1 0.428470 0.122700 0.442061 0.122700 0.442061 0.131902 0.428470 0.131902
1 0.382690 0.091002 0.394850 0.091002 0.394850 0.101738 0.382690 0.101738
1 0.447068 0.111963 0.458513 0.111963 0.458513 0.120654 0.447068 0.120654
1 0.471388 0.091513 0.485694 0.091513 0.485694 0.102249 0.471388 0.102249
1 0.507153 0.102760 0.519313 0.102760 0.519313 0.112986 0.507153 0.112986
1 0.547211 0.118609 0.564377 0.118609 0.564377 0.128834 0.547211 0.128834
1 0.540772 0.001022 0.552217 0.001022 0.552217 0.011248 0.540772 0.011248
1 0.555079 0.023518 0.568669 0.023518 0.568669 0.034765 0.555079 0.034765
1 0.562231 0.059816 0.575822 0.059816 0.575822 0.069018 0.562231 0.069018
1 0.585837 0.062883 0.599428 0.062883 0.599428 0.072597 0.585837 0.072597
1 0.607297 0.025052 0.620887 0.025052 0.620887 0.035277 0.607297 0.035277
1 0.598713 0.178936 0.612304 0.178936 0.612304 0.189161 0.598713 0.189161
1 0.584407 0.180471 0.597997 0.180471 0.597997 0.191718 0.584407 0.191718
1 0.248212 0.214213 0.262518 0.214213 0.262518 0.224437 0.248212 0.224437
1 0.070815 0.331288 0.091559 0.331288 0.091559 0.341514 0.070815 0.341514
1 0.002861 0.395706 0.015021 0.395706 0.015021 0.404908 0.002861 0.404908
1 0.050787 0.554704 0.063663 0.554704 0.063663 0.563906 0.050787 0.563906
1 0.062947 0.573109 0.082975 0.573109 0.082975 0.583333 0.062947 0.583333
1 0.000715 0.700408 0.010729 0.700408 0.010729 0.708077 0.000715 0.708077
1 0.046495 0.664111 0.060801 0.664111 0.060801 0.674335 0.046495 0.674335
1 0.085122 0.668712 0.103720 0.668712 0.103720 0.680471 0.085122 0.680471
1 0.065808 0.716258 0.080114 0.716258 0.080114 0.725972 0.065808 0.725972
1 0.072246 0.756646 0.085122 0.756646 0.085122 0.766871 0.072246 0.766871
1 0.103720 0.774029 0.123033 0.774029 0.123033 0.785276 0.103720 0.785276
1 0.121602 0.765849 0.138054 0.765849 0.138054 0.779653 0.121602 0.779653
1 0.169527 0.805214 0.187410 0.805214 0.187410 0.816461 0.169527 0.816461
1 0.217454 0.935071 0.228899 0.935071 0.228899 0.942229 0.217454 0.942229
1 0.204578 0.871676 0.218884 0.871676 0.218884 0.883436 0.204578 0.883436
1 0.225321 0.812372 0.238912 0.812372 0.238912 0.823619 0.225321 0.823619
1 0.244635 0.861452 0.256795 0.861452 0.256795 0.872699 0.244635 0.872699
1 0.190988 0.695808 0.206009 0.695808 0.206009 0.708078 0.190988 0.708078
1 0.212446 0.744376 0.224606 0.744376 0.224606 0.755112 0.212446 0.755112
1 0.221029 0.760225 0.236766 0.760225 0.236766 0.770961 0.221029 0.770961
1 0.319027 0.835889 0.331187 0.835889 0.331187 0.845603 0.319027 0.845603
1 0.304722 0.777608 0.319742 0.777608 0.319742 0.787832 0.304722 0.787832
1 0.311159 0.797545 0.327611 0.797545 0.327611 0.811860 0.311159 0.811860
1 0.326895 0.730572 0.339771 0.730572 0.339771 0.740286 0.326895 0.740286
1 0.331188 0.706033 0.346925 0.706033 0.346925 0.716769 0.331188 0.716769
1 0.197425 0.547034 0.213877 0.547034 0.213877 0.558794 0.197425 0.558794
1 0.190271 0.529653 0.203863 0.529653 0.203863 0.542434 0.190271 0.542434
1 0.189556 0.492331 0.200286 0.492331 0.200286 0.505112 0.189556 0.505112
1 0.151645 0.417177 0.165237 0.417177 0.165237 0.427403 0.151645 0.427403
1 0.087983 0.397751 0.100859 0.397751 0.100859 0.406953 0.087983 0.406953
1 0.283977 0.119121 0.299714 0.119121 0.299714 0.128323 0.283977 0.128323
1 0.794706 0.254090 0.810444 0.254090 0.810444 0.263292 0.794706 0.263292
1 0.550071 0.302659 0.570101 0.302659 0.570101 0.315951 0.550071 0.315951
1 0.571531 0.339469 0.590129 0.339469 0.590129 0.347138 0.571531 0.347138
1 0.563662 0.321574 0.576538 0.321574 0.576538 0.330265 0.563662 0.330265
1 0.379828 0.315950 0.389842 0.315950 0.389842 0.323620 0.379828 0.323620
1 0.437053 0.313906 0.451359 0.313906 0.451359 0.322597 0.437053 0.322597
1 0.417024 0.337423 0.431330 0.337423 0.431330 0.348670 0.417024 0.348670
1 0.359084 0.313394 0.369814 0.313394 0.369814 0.326176 0.359084 0.326176
1 0.377682 0.390082 0.390558 0.390082 0.390558 0.399796 0.377682 0.399796
1 0.372675 0.411554 0.386267 0.411554 0.386267 0.420245 0.372675 0.420245
1 0.385550 0.420756 0.402718 0.420756 0.402718 0.430982 0.385550 0.430982
1 0.281115 0.378323 0.294706 0.378323 0.294706 0.386503 0.281115 0.386503
1 0.264665 0.357362 0.279685 0.357362 0.279685 0.368098 0.264665 0.368098
1 0.246782 0.337424 0.261802 0.337424 0.261802 0.349183 0.246782 0.349183
1 0.188126 0.367588 0.201717 0.367588 0.201717 0.378835 0.188126 0.378835
1 0.188126 0.331288 0.200286 0.331288 0.200286 0.342024 0.188126 0.342024
1 0.202433 0.357873 0.213877 0.357873 0.213877 0.368609 0.202433 0.368609
1 0.344063 0.946830 0.358369 0.946830 0.358369 0.955010 0.344063 0.955010
1 0.361946 0.935072 0.374106 0.935072 0.374106 0.944274 0.361946 0.944274
1 0.342632 0.895706 0.359799 0.895706 0.359799 0.906953 0.342632 0.906953
1 0.368384 0.881390 0.386267 0.881390 0.386267 0.893150 0.368384 0.893150
1 0.376252 0.864520 0.391989 0.864520 0.391989 0.875256 0.376252 0.875256
1 0.404864 0.845603 0.421316 0.845603 0.421316 0.857873 0.404864 0.857873
1 0.419171 0.857874 0.432762 0.857874 0.432762 0.865542 0.419171 0.865542
1 0.442061 0.828732 0.457081 0.828732 0.457081 0.836912 0.442061 0.836912
1 0.423462 0.817485 0.435622 0.817485 0.435622 0.826687 0.423462 0.826687
1 0.406295 0.829754 0.418455 0.829754 0.418455 0.839468 0.406295 0.839468
1 0.346209 0.797035 0.358369 0.797035 0.358369 0.807771 0.346209 0.807771
1 0.362660 0.783231 0.376252 0.783231 0.376252 0.793967 0.362660 0.793967
1 0.376252 0.778119 0.391989 0.778119 0.391989 0.786810 0.376252 0.786810
1 0.382689 0.769428 0.399857 0.769428 0.399857 0.778630 0.382689 0.778630
1 0.389843 0.737730 0.406295 0.737730 0.406295 0.746421 0.389843 0.746421
1 0.400572 0.720859 0.414878 0.720859 0.414878 0.730061 0.400572 0.730061
1 0.403434 0.688651 0.419171 0.688651 0.419171 0.698875 0.403434 0.698875
1 0.442060 0.689161 0.459228 0.689161 0.459228 0.700921 0.442060 0.700921
1 0.228898 0.495911 0.241774 0.495911 0.241774 0.504602 0.228898 0.504602
1 0.228899 0.507158 0.241059 0.507158 0.241059 0.516360 0.228899 0.516360
1 0.249643 0.513804 0.261088 0.513804 0.261088 0.523006 0.249643 0.523006
1 0.292561 0.476994 0.306152 0.476994 0.306152 0.490798 0.292561 0.490798
1 0.319027 0.464213 0.331903 0.464213 0.331903 0.475971 0.319027 0.475971
1 0.310443 0.473415 0.326180 0.473415 0.326180 0.484151 0.310443 0.484151
1 0.334049 0.494888 0.348355 0.494888 0.348355 0.504090 0.334049 0.504090
1 0.346924 0.466257 0.365522 0.466257 0.365522 0.478016 0.346924 0.478016
1 0.371960 0.489775 0.388412 0.489775 0.388412 0.501533 0.371960 0.501533
1 0.398427 0.445808 0.412018 0.445808 0.412018 0.455010 0.398427 0.455010
1 0.386981 0.466257 0.401287 0.466257 0.401287 0.477504 0.386981 0.477504
1 0.382690 0.451942 0.394850 0.451942 0.394850 0.464724 0.382690 0.464724
1 0.407725 0.486707 0.420601 0.486707 0.420601 0.500511 0.407725 0.500511
1 0.417740 0.503579 0.432046 0.503579 0.432046 0.513803 0.417740 0.513803
1 0.450644 0.431493 0.467096 0.431493 0.467096 0.442229 0.450644 0.442229
1 0.459942 0.413599 0.479256 0.413599 0.479256 0.425869 0.459942 0.425869
1 0.492847 0.435071 0.510014 0.435071 0.510014 0.445297 0.492847 0.445297
1 0.483547 0.412065 0.497138 0.412065 0.497138 0.420756 0.483547 0.420756
1 0.497854 0.386503 0.510014 0.386503 0.510014 0.396217 0.497854 0.396217
1 0.478540 0.343048 0.492131 0.343048 0.492131 0.354295 0.478540 0.354295
1 0.498569 0.419223 0.511445 0.419223 0.511445 0.429959 0.498569 0.429959
1 0.510015 0.426380 0.519313 0.426380 0.519313 0.434050 0.510015 0.434050
1 0.519313 0.429447 0.531473 0.429447 0.531473 0.438138 0.519313 0.438138
1 0.525035 0.450409 0.540773 0.450409 0.540773 0.460123 0.525035 0.460123
1 0.560087 0.455010 0.575107 0.455010 0.575107 0.465236 0.560087 0.465236
1 0.569385 0.410532 0.582975 0.410532 0.582975 0.423824 0.569385 0.423824
1 0.583691 0.438650 0.595135 0.438650 0.595135 0.448364 0.583691 0.448364
1 0.599428 0.441207 0.608726 0.441207 0.608726 0.448363 0.599428 0.448363
1 0.669528 0.424335 0.681688 0.424335 0.681688 0.435071 0.669528 0.435071
1 0.397711 0.553169 0.412017 0.553169 0.412017 0.564416 0.397711 0.564416
1 0.492131 0.562372 0.505722 0.562372 0.505722 0.571574 0.492131 0.571574
1 0.509299 0.560327 0.522175 0.560327 0.522175 0.571574 0.509299 0.571574
1 0.559370 0.600715 0.575108 0.600715 0.575108 0.609406 0.559370 0.609406
1 0.545780 0.597137 0.557225 0.597137 0.557225 0.610429 0.545780 0.610429
1 0.578684 0.639059 0.587268 0.639059 0.587268 0.645705 0.578684 0.645705
1 0.587983 0.638548 0.597282 0.638548 0.597282 0.645706 0.587983 0.645706
1 0.583691 0.645195 0.592275 0.645195 0.592275 0.651330 0.583691 0.651330
1 0.974249 0.575665 0.986409 0.575665 0.986409 0.583333 0.974249 0.583333
1 0.972103 0.584356 0.980687 0.584356 0.980687 0.591002 0.972103 0.591002
1 0.943491 0.621677 0.955651 0.621677 0.955651 0.628835 0.943491 0.628835
1 0.819028 0.620654 0.834764 0.620654 0.834764 0.630368 0.819028 0.630368
1 0.851216 0.647239 0.861230 0.647239 0.861230 0.658486 0.851216 0.658486
1 0.777539 0.644683 0.789699 0.644683 0.789699 0.652351 0.777539 0.652351
1 0.716738 0.657975 0.735336 0.657975 0.735336 0.667689 0.716738 0.667689
1 0.671674 0.696319 0.683834 0.696319 0.683834 0.709611 0.671674 0.709611
1 0.762518 0.703477 0.776824 0.703477 0.776824 0.716257 0.762518 0.716257
1 0.786124 0.683026 0.803291 0.683026 0.803291 0.697342 0.786124 0.697342
1 0.724606 0.744376 0.737482 0.744376 0.737482 0.753068 0.724606 0.753068
1 0.696709 0.791922 0.707439 0.791922 0.707439 0.803682 0.696709 0.803682
1 0.716023 0.783231 0.731759 0.783231 0.731759 0.797547 0.716023 0.797547
1 0.731044 0.762270 0.743920 0.762270 0.743920 0.771984 0.731044 0.771984
1 0.580830 0.830267 0.591560 0.830267 0.591560 0.841514 0.580830 0.841514
1 0.545064 0.487730 0.557224 0.487730 0.557224 0.499489 0.545064 0.499489
1 0.439914 0.616053 0.452074 0.616053 0.452074 0.628323 0.439914 0.628323
1 0.484978 0.667690 0.498569 0.667690 0.498569 0.678937 0.484978 0.678937
1 0.449213 0.741820 0.462805 0.741820 0.462805 0.752556 0.449213 0.752556
1 0.416308 0.769428 0.427754 0.769428 0.427754 0.780164 0.416308 0.780164
1 0.466380 0.765338 0.482117 0.765338 0.482117 0.776074 0.466380 0.776074
1 0.494277 0.767894 0.505722 0.767894 0.505722 0.776585 0.494277 0.776585
1 0.544350 0.774540 0.559370 0.774540 0.559370 0.784254 0.544350 0.784254
1 0.572962 0.749489 0.582976 0.749489 0.582976 0.763804 0.572962 0.763804
1 0.484264 0.882925 0.500001 0.882925 0.500001 0.893149 0.484264 0.893149
1 0.521459 0.844069 0.532189 0.844069 0.532189 0.857873 0.521459 0.857873
1 0.726037 0.950920 0.740343 0.950920 0.740343 0.961656 0.726037 0.961656
1 0.695994 0.899284 0.710300 0.899284 0.710300 0.911044 0.695994 0.911044
1 0.537911 0.921268 0.548641 0.921268 0.548641 0.929448 0.537911 0.929448
1 0.263949 0.300102 0.278969 0.300102 0.278969 0.310328 0.263949 0.310328
1 0.638054 0.327199 0.653792 0.327199 0.653792 0.336401 0.638054 0.336401
1 0.620172 0.296012 0.630186 0.296012 0.630186 0.306237 0.620172 0.306237
1 0.619457 0.283742 0.630902 0.283742 0.630902 0.293456 0.619457 0.293456
1 0.262518 0.569018 0.274678 0.569018 0.274678 0.579243 0.262518 0.579243
1 0.285407 0.591002 0.296853 0.591002 0.296853 0.598160 0.285407 0.598160
1 0.286123 0.551125 0.299714 0.551125 0.299714 0.559816 0.286123 0.559816
1 0.382689 0.618610 0.399857 0.618610 0.399857 0.631390 0.382689 0.631390
1 0.342632 0.245910 0.354792 0.245910 0.354792 0.253068 0.342632 0.253068
1 0.391989 0.381902 0.401287 0.381902 0.401287 0.390593 0.391989 0.390593
1 0.017167 0.382925 0.029327 0.382925 0.029327 0.390081 0.017167 0.390081
1 0.628755 0.649796 0.643061 0.649796 0.643061 0.658998 0.628755 0.658998
1 0.088698 0.713701 0.103004 0.713701 0.103004 0.725461 0.088698 0.725461
1 0.717454 0.067996 0.731044 0.067996 0.731044 0.078732 0.717454 0.078732
1 0.607296 0.108385 0.619456 0.108385 0.619456 0.115031 0.607296 0.115031
1 0.574392 0.019428 0.587268 0.019428 0.587268 0.026074 0.574392 0.026074
1 0.118741 0.239776 0.132332 0.239776 0.132332 0.250001 0.118741 0.250001
1 0.125894 0.229039 0.139486 0.229039 0.139486 0.237219 0.125894 0.237219
1 0.372675 0.441718 0.388412 0.441718 0.388412 0.449898 0.372675 0.449898
1 0.352646 0.454499 0.366237 0.454499 0.366237 0.463701 0.352646 0.463701
1 0.584407 0.409510 0.603719 0.409510 0.603719 0.421268 0.584407 0.421268
1 0.645208 0.436605 0.654506 0.436605 0.654506 0.444785 0.645208 0.444785
1 0.580115 0.352249 0.592275 0.352249 0.592275 0.363497 0.580115 0.363497
1 0.501431 0.237730 0.520029 0.237730 0.520029 0.247444 0.501431 0.247444
1 0.779685 0.271473 0.796137 0.271473 0.796137 0.280675 0.779685 0.280675
1 0.782547 0.278630 0.796853 0.278630 0.796853 0.286810 0.782547 0.286810
1 0.865522 0.238753 0.881260 0.238753 0.881260 0.255113 0.865522 0.255113
1 0.831903 0.211656 0.842633 0.211656 0.842633 0.221881 0.831903 0.221881
1 0.913448 0.059304 0.928469 0.059304 0.928469 0.065439 0.913448 0.065439
1 0.891989 0.042433 0.904149 0.042433 0.904149 0.050102 0.891989 0.050102
1 0.862661 0.058282 0.875537 0.058282 0.875537 0.064928 0.862661 0.064928
1 0.866953 0.049590 0.882689 0.049590 0.882689 0.061350 0.866953 0.061350
1 0.472103 0.062883 0.480687 0.062883 0.480687 0.074131 0.472103 0.074131
1 0.479256 0.071575 0.489270 0.071575 0.489270 0.086401 0.479256 0.086401
1 0.383405 0.106851 0.393419 0.106851 0.393419 0.113497 0.383405 0.113497
1 0.392704 0.102249 0.402718 0.102249 0.402718 0.110940 0.392704 0.110940
1 0.301860 0.036299 0.314020 0.036299 0.314020 0.046524 0.301860 0.046524
1 0.347639 0.520961 0.364807 0.520961 0.364807 0.530675 0.347639 0.530675
1 0.362661 0.539878 0.381259 0.539878 0.381259 0.551637 0.362661 0.551637
1 0.283977 0.575664 0.295423 0.575664 0.295423 0.589468 0.283977 0.589468
1 0.278970 0.483640 0.291130 0.483640 0.291130 0.492842 0.278970 0.492842
1 0.340486 0.635481 0.353362 0.635481 0.353362 0.644683 0.340486 0.644683
1 0.233905 0.551636 0.248926 0.551636 0.248926 0.560327 0.233905 0.560327
1 0.251788 0.640082 0.261802 0.640082 0.261802 0.649796 0.251788 0.649796
1 0.011445 0.753579 0.022890 0.753579 0.022890 0.762270 0.011445 0.762270
1 0.037912 0.787321 0.053649 0.787321 0.053649 0.797035 0.037912 0.797035
1 0.085836 0.734151 0.097282 0.734151 0.097282 0.742842 0.085836 0.742842
1 0.105150 0.734151 0.117310 0.734151 0.117310 0.741309 0.105150 0.741309
1 0.095135 0.737219 0.108726 0.737219 0.108726 0.744376 0.095135 0.744376
1 0.120887 0.734662 0.130186 0.734662 0.130186 0.740286 0.120887 0.740286
1 0.132332 0.731595 0.140200 0.731595 0.140200 0.738753 0.132332 0.738753
1 0.195279 0.763804 0.207439 0.763804 0.207439 0.776585 0.195279 0.776585
1 0.551502 0.813905 0.563662 0.813905 0.563662 0.825665 0.551502 0.825665
1 0.545780 0.831288 0.557940 0.831288 0.557940 0.841513 0.545780 0.841513
1 0.510014 0.737730 0.520744 0.737730 0.520744 0.745910 0.510014 0.745910
1 0.628040 0.757158 0.642346 0.757158 0.642346 0.767894 0.628040 0.767894
1 0.665951 0.725971 0.688841 0.725971 0.688841 0.736196 0.665951 0.736196
1 0.584407 0.789878 0.595851 0.789878 0.595851 0.798569 0.584407 0.798569
1 0.635193 0.799592 0.651645 0.799592 0.651645 0.819019 0.635193 0.819019
1 0.473533 0.682004 0.484263 0.682004 0.484263 0.691206 0.473533 0.691206
1 0.417740 0.695808 0.436338 0.695808 0.436338 0.702966 0.417740 0.702966
1 0.572961 0.700920 0.581545 0.700920 0.581545 0.706544 0.572961 0.706544
1 0.869098 0.616053 0.886265 0.616053 0.886265 0.621677 0.869098 0.621677
1 0.870529 0.634969 0.889127 0.634969 0.889127 0.646216 0.870529 0.646216
1 0.881974 0.635991 0.896280 0.635991 0.896280 0.650307 0.881974 0.650307
1 0.698140 0.956032 0.718170 0.956032 0.718170 0.967279 0.698140 0.967279
1 0.723891 0.921779 0.738197 0.921779 0.738197 0.934049 0.723891 0.934049
1 0.649499 0.892638 0.661659 0.892638 0.661659 0.901840 0.649499 0.901840
1 0.708154 0.874233 0.718884 0.874233 0.718884 0.888549 0.708154 0.888549
1 0.728183 0.932515 0.736767 0.932515 0.736767 0.940695 0.728183 0.940695
1 0.708870 0.886503 0.721030 0.886503 0.721030 0.895195 0.708870 0.895195
1 0.530758 0.859407 0.540772 0.859407 0.540772 0.871677 0.530758 0.871677
1 0.535050 0.850204 0.546495 0.850204 0.546495 0.862474 0.535050 0.862474
1 0.605866 0.806238 0.622318 0.806238 0.622318 0.817485 0.605866 0.817485
1 0.618741 0.815440 0.629471 0.815440 0.629471 0.820552 0.618741 0.820552
1 0.399857 0.895706 0.412733 0.895706 0.412733 0.903374 0.399857 0.903374
1 0.407010 0.864519 0.417740 0.864519 0.417740 0.878835 0.407010 0.878835
1 0.408440 0.875768 0.419170 0.875768 0.419170 0.887015 0.408440 0.887015
1 0.428470 0.745910 0.448498 0.745910 0.448498 0.758180 0.428470 0.758180
1 0.442060 0.723415 0.458512 0.723415 0.458512 0.736707 0.442060 0.736707
1 0.758941 0.642127 0.774679 0.642127 0.774679 0.650818 0.758941 0.650818
1 0.783262 0.627301 0.798998 0.627301 0.798998 0.634969 0.783262 0.634969
1 0.751788 0.634969 0.770386 0.634969 0.770386 0.641615 0.751788 0.641615
1 0.057224 0.407464 0.070100 0.407464 0.070100 0.416666 0.057224 0.416666
1 0.046495 0.403886 0.064378 0.403886 0.064378 0.415644 0.046495 0.415644
1 0.108011 0.375767 0.117310 0.375767 0.117310 0.383947 0.108011 0.383947
1 0.123033 0.435583 0.131617 0.435583 0.131617 0.443763 0.123033 0.443763
1 0.141631 0.579754 0.153791 0.579754 0.153791 0.591001 0.141631 0.591001
1 0.057225 0.505624 0.069385 0.505624 0.069385 0.514826 0.057225 0.514826
1 0.063662 0.501023 0.074392 0.501023 0.074392 0.507669 0.063662 0.507669
1 0.722461 0.251534 0.736767 0.251534 0.736767 0.261248 0.722461 0.261248
1 0.229614 0.746421 0.237482 0.746421 0.237482 0.755623 0.229614 0.755623
1 0.257511 0.732618 0.267525 0.732618 0.267525 0.741820 0.257511 0.741820
1 0.263949 0.735174 0.273963 0.735174 0.273963 0.742332 0.263949 0.742332
1 0.235336 0.750000 0.243204 0.750000 0.243204 0.758180 0.235336 0.758180
1 0.295422 0.803681 0.304006 0.803681 0.304006 0.812883 0.295422 0.812883
1 0.435622 0.779142 0.445636 0.779142 0.445636 0.785277 0.435622 0.785277
1 0.571531 0.777096 0.582975 0.777096 0.582975 0.785787 0.571531 0.785787
1 0.469241 0.859407 0.480687 0.859407 0.480687 0.868609 0.469241 0.868609
1 0.474964 0.870143 0.487840 0.870143 0.487840 0.878323 0.474964 0.878323
1 0.378398 0.934560 0.386982 0.934560 0.386982 0.942740 0.378398 0.942740
1 0.193134 0.908487 0.210301 0.908487 0.210301 0.918712 0.193134 0.918712
1 0.137339 0.982618 0.149499 0.982618 0.149499 0.991820 0.137339 0.991820
1 0.157367 0.983129 0.173104 0.983129 0.173104 0.993354 0.157367 0.993354
1 0.004292 0.798057 0.017168 0.798057 0.017168 0.808793 0.004292 0.808793
1 0.429900 0.913599 0.449213 0.913599 0.449213 0.923313 0.429900 0.923313
1 0.412017 0.911554 0.434191 0.911554 0.434191 0.920756 0.412017 0.920756
1 0.321888 0.751533 0.334764 0.751533 0.334764 0.763293 0.321888 0.763293
1 0.525752 0.875256 0.540772 0.875256 0.540772 0.885481 0.525752 0.885481
1 0.610872 0.640082 0.621602 0.640082 0.621602 0.647751 0.610872 0.647751
1 0.684549 0.721370 0.696709 0.721370 0.696709 0.730572 0.684549 0.730572
1 0.293992 0.413600 0.311874 0.413600 0.311874 0.430470 0.293992 0.430470
1 0.958513 0.520961 0.974249 0.520961 0.974249 0.539877 0.958513 0.539877
1 0.548641 0.713191 0.558655 0.713191 0.558655 0.720859 0.548641 0.720859
1 0.525036 0.520450 0.532904 0.520450 0.532904 0.528118 0.525036 0.528118
1 0.388412 0.239264 0.402718 0.239264 0.402718 0.246932 0.388412 0.246932
1 0.376967 0.239264 0.388412 0.239264 0.388412 0.247444 0.376967 0.247444
1 0.679542 0.851228 0.693848 0.851228 0.693848 0.864008 0.679542 0.864008
1 0.670958 0.858384 0.683834 0.858384 0.683834 0.870654 0.670958 0.870654
1 0.663806 0.867076 0.675966 0.867076 0.675966 0.875256 0.663806 0.875256
1 0.711016 0.941207 0.723892 0.941207 0.723892 0.951431 0.711016 0.951431
1 0.733906 0.943763 0.749642 0.943763 0.749642 0.951943 0.733906 0.951943
1 0.505006 0.878323 0.522890 0.878323 0.522890 0.894683 0.505006 0.894683
1 0.496423 0.867076 0.510014 0.867076 0.510014 0.880880 0.496423 0.880880
1 0.487840 0.846626 0.497138 0.846626 0.497138 0.852761 0.487840 0.852761
1 0.469241 0.845092 0.490700 0.845092 0.490700 0.855828 0.469241 0.855828
1 0.599428 0.350716 0.612304 0.350716 0.612304 0.367076 0.599428 0.367076
1 0.412733 0.294990 0.429900 0.294990 0.429900 0.305726 0.412733 0.305726
1 0.578684 0.152352 0.598713 0.152352 0.598713 0.165132 0.578684 0.165132
1 0.381259 0.528119 0.402718 0.528119 0.402718 0.541411 0.381259 0.541411
1 0.233905 0.570041 0.253219 0.570041 0.253219 0.582821 0.233905 0.582821
1 0.587268 0.040899 0.604434 0.040899 0.604434 0.057770 0.587268 0.057770
1 0.643062 0.077198 0.667382 0.077198 0.667382 0.091002 0.643062 0.091002
1 0.593705 0.023006 0.603004 0.023006 0.603004 0.030164 0.593705 0.030164
1 0.241774 0.634458 0.257510 0.634458 0.257510 0.642638 0.241774 0.642638
1 0.054363 0.729550 0.075107 0.729550 0.075107 0.745910 0.054363 0.745910
1 0.038627 0.757158 0.054364 0.757158 0.054364 0.767894 0.038627 0.767894
1 0.028612 0.758691 0.040057 0.758691 0.040057 0.766871 0.028612 0.766871
