0 0.075410 0.010217 0.107104 0.010217 0.107104 0.037037 0.075410 0.037037
0 0.112568 0.033206 0.145355 0.033206 0.145355 0.062580 0.112568 0.062580
0 0.166120 0.048531 0.194536 0.048531 0.194536 0.075351 0.166120 0.075351
0 0.193442 0.047254 0.216393 0.047254 0.216393 0.083014 0.193442 0.083014
0 0.227322 0.079182 0.246994 0.079182 0.246994 0.112388 0.227322 0.112388
0 0.252458 0.065134 0.267759 0.065134 0.267759 0.089400 0.252458 0.089400
0 0.229509 0.117497 0.248088 0.117497 0.248088 0.150703 0.229509 0.150703
0 0.207650 0.157088 0.231694 0.157088 0.231694 0.195402 0.207650 0.195402
0 0.177049 0.203066 0.205465 0.203066 0.205465 0.231162 0.177049 0.231162
0 0.093990 0.223499 0.124590 0.223499 0.124590 0.252873 0.093990 0.252873
0 0.119126 0.233717 0.153006 0.233717 0.153006 0.264368 0.119126 0.264368
0 0.029508 0.238825 0.059016 0.238825 0.059016 0.270753 0.029508 0.270753
0 0.008743 0.251597 0.034973 0.251597 0.034973 0.289911 0.008743 0.289911
0 0.031694 0.338442 0.061202 0.338442 0.061202 0.371648 0.031694 0.371648
0 0.155191 0.357599 0.182513 0.357599 0.182513 0.385696 0.155191 0.385696
0 0.063389 0.180076 0.091803 0.180076 0.091803 0.213282 0.063389 0.213282
0 0.198908 0.245210 0.229509 0.245210 0.229509 0.282247 0.198908 0.282247
0 0.184700 0.270753 0.201093 0.270753 0.201093 0.306513 0.184700 0.306513
0 0.018579 0.515965 0.046994 0.515965 0.046994 0.546616 0.018579 0.546616
0 0.044808 0.555555 0.071038 0.555555 0.071038 0.586206 0.044808 0.586206
0 0.048087 0.627076 0.074317 0.627076 0.074317 0.667944 0.048087 0.667944
0 0.026230 0.669221 0.054644 0.669221 0.054644 0.707535 0.026230 0.707535
0 0.071038 0.662835 0.097268 0.662835 0.097268 0.701149 0.071038 0.701149
0 0.100546 0.703704 0.121312 0.703704 0.121312 0.725415 0.100546 0.725415
0 0.148634 0.713921 0.177049 0.713921 0.177049 0.745849 0.148634 0.745849
0 0.121312 0.726692 0.149727 0.726692 0.149727 0.759898 0.121312 0.759898
0 0.173771 0.653895 0.201093 0.653895 0.201093 0.687101 0.173771 0.687101
0 0.205464 0.613027 0.231694 0.613027 0.231694 0.650064 0.205464 0.650064
0 0.140984 0.567050 0.168306 0.567050 0.168306 0.600256 0.140984 0.600256
0 0.151912 0.515964 0.178142 0.515964 0.178142 0.545338 0.151912 0.545338
0 0.189071 0.553002 0.214208 0.553002 0.214208 0.583653 0.189071 0.583653
0 0.071038 0.521073 0.098360 0.521073 0.098360 0.541507 0.071038 0.541507
0 0.217486 0.355045 0.245902 0.355045 0.245902 0.388251 0.217486 0.388251
0 0.182513 0.381865 0.210929 0.381865 0.210929 0.420179 0.182513 0.420179
0 0.330055 0.342274 0.351913 0.342274 0.351913 0.379310 0.330055 0.379310
0 0.357377 0.346104 0.383607 0.346104 0.383607 0.385696 0.357377 0.385696
0 0.373770 0.378033 0.395628 0.378033 0.395628 0.409961 0.373770 0.409961
0 0.351913 0.397190 0.377049 0.397190 0.377049 0.432950 0.351913 0.432950
0 0.403279 0.278417 0.428416 0.278417 0.428416 0.310345 0.403279 0.310345
0 0.363934 0.269477 0.390164 0.269477 0.390164 0.310345 0.363934 0.310345
0 0.392350 0.240101 0.404372 0.240101 0.404372 0.263091 0.392350 0.263091
0 0.402185 0.195403 0.420764 0.195403 0.420764 0.232439 0.402185 0.232439
0 0.256830 0.469987 0.283060 0.469987 0.283060 0.505747 0.256830 0.505747
0 0.281968 0.449553 0.310383 0.449553 0.310383 0.480204 0.281968 0.480204
0 0.348634 0.491699 0.375956 0.491699 0.375956 0.523627 0.348634 0.523627
0 0.378142 0.523626 0.404372 0.523626 0.404372 0.558110 0.378142 0.558110
0 0.382514 0.572158 0.414208 0.572158 0.414208 0.614304 0.382514 0.614304
0 0.220765 0.647510 0.245902 0.647510 0.245902 0.679438 0.220765 0.679438
0 0.385793 0.642401 0.414208 0.642401 0.414208 0.678161 0.385793 0.678161
0 0.358470 0.667944 0.382514 0.667944 0.382514 0.698595 0.358470 0.698595
0 0.351912 0.702426 0.374864 0.702426 0.374864 0.735632 0.351912 0.735632
0 0.385793 0.683270 0.413115 0.683270 0.413115 0.715198 0.385793 0.715198
0 0.461202 0.637292 0.486339 0.637292 0.486339 0.673052 0.461202 0.673052
0 0.081967 0.956577 0.104918 0.956577 0.104918 0.984675 0.081967 0.984675
0 0.098361 0.862069 0.127869 0.862069 0.127869 0.899106 0.098361 0.899106
0 0.091803 0.896552 0.119125 0.896552 0.119125 0.928480 0.091803 0.928480
0 0.145355 0.848020 0.182513 0.848020 0.182513 0.878671 0.145355 0.878671
0 0.200000 0.850575 0.229508 0.850575 0.229508 0.878672 0.200000 0.878672
0 0.181421 0.910600 0.212022 0.910600 0.212022 0.945083 0.181421 0.945083
0 0.249180 0.914431 0.274317 0.914431 0.274317 0.947637 0.249180 0.947637
0 0.234972 0.882503 0.261202 0.882503 0.261202 0.909323 0.234972 0.909323
0 0.280875 0.876118 0.303825 0.876118 0.303825 0.905492 0.280875 0.905492
0 0.424044 0.828863 0.451366 0.828863 0.451366 0.862069 0.424044 0.862069
0 0.311476 0.763729 0.336612 0.763729 0.336612 0.793103 0.311476 0.793103
0 0.354099 0.754789 0.381421 0.754789 0.381421 0.799489 0.354099 0.799489
0 0.285246 0.780332 0.309290 0.780332 0.309290 0.802044 0.285246 0.802044
0 0.263388 0.730523 0.289618 0.730523 0.289618 0.765007 0.263388 0.765007
0 0.334426 0.740741 0.363934 0.740741 0.363934 0.771392 0.334426 0.771392
0 0.351913 0.910600 0.379235 0.910600 0.379235 0.942528 0.351913 0.942528
0 0.370492 0.939975 0.395628 0.939975 0.395628 0.969349 0.370492 0.969349
0 0.343169 0.966795 0.372677 0.966795 0.372677 0.998723 0.343169 0.998723
0 0.514754 0.865901 0.546448 0.865901 0.546448 0.905492 0.514754 0.905492
0 0.546448 0.933588 0.581421 0.933588 0.581421 0.968071 0.546448 0.968071
0 0.591257 0.929757 0.615301 0.929757 0.615301 0.955300 0.591257 0.955300
0 0.616393 0.922094 0.648087 0.922094 0.648087 0.955300 0.616393 0.955300
0 0.646994 0.853129 0.671038 0.853129 0.671038 0.886335 0.646994 0.886335
0 0.648088 0.810983 0.671038 0.810983 0.671038 0.845467 0.648088 0.845467
0 0.631694 0.770116 0.659016 0.770116 0.659016 0.809706 0.631694 0.809706
0 0.486339 0.931034 0.513661 0.931034 0.513661 0.966794 0.486339 0.966794
0 0.493989 0.892721 0.511475 0.892721 0.511475 0.933589 0.493989 0.933589
0 0.570492 0.747127 0.600000 0.747127 0.600000 0.775224 0.570492 0.775224
0 0.582514 0.656450 0.609836 0.656450 0.609836 0.688378 0.582514 0.688378
0 0.656831 0.656450 0.678689 0.656450 0.678689 0.693487 0.656831 0.693487
0 0.701639 0.812261 0.727869 0.812261 0.727869 0.844189 0.701639 0.844189
0 0.703826 0.862069 0.736613 0.862069 0.736613 0.897829 0.703826 0.897829
0 0.786886 0.961686 0.815301 0.961686 0.815301 0.994892 0.786886 0.994892
0 0.817487 0.905492 0.840437 0.905492 0.840437 0.943806 0.817487 0.943806
0 0.826229 0.962963 0.854645 0.962963 0.854645 0.998723 0.826229 0.998723
0 0.846995 0.942529 0.876503 0.942529 0.876503 0.974457 0.846995 0.974457
0 0.889618 0.897829 0.919126 0.897829 0.919126 0.934866 0.889618 0.934866
0 0.912568 0.865901 0.944262 0.865901 0.944262 0.906769 0.912568 0.906769
0 0.859016 0.856960 0.883060 0.856960 0.883060 0.881226 0.859016 0.881226
0 0.880875 0.832695 0.906011 0.832695 0.906011 0.862069 0.880875 0.862069
0 0.892896 0.795658 0.919126 0.795658 0.919126 0.837804 0.892896 0.837804
0 0.943169 0.849298 0.957377 0.849298 0.957377 0.869732 0.943169 0.869732
0 0.959563 0.825032 0.992349 0.825032 0.992349 0.858238 0.959563 0.858238
0 0.924590 0.768837 0.940984 0.768837 0.940984 0.817369 0.924590 0.817369
0 0.892896 0.729247 0.921312 0.729247 0.921312 0.761175 0.892896 0.761175
0 0.973770 0.586207 0.998907 0.586207 0.998907 0.615581 0.973770 0.615581
0 0.942077 0.596425 0.969399 0.596425 0.969399 0.627076 0.942077 0.627076
0 0.898361 0.592593 0.933333 0.592593 0.933333 0.624521 0.898361 0.624521
0 0.820765 0.646232 0.848087 0.646232 0.848087 0.683269 0.820765 0.683269
0 0.800000 0.615581 0.829508 0.615581 0.829508 0.647509 0.800000 0.647509
0 0.771585 0.588761 0.805465 0.588761 0.805465 0.620689 0.771585 0.620689
0 0.701639 0.565773 0.733333 0.565773 0.733333 0.601533 0.701639 0.601533
0 0.761749 0.475096 0.786886 0.475096 0.786886 0.508302 0.761749 0.508302
0 0.730054 0.467432 0.760656 0.467432 0.760656 0.513409 0.730054 0.513409
0 0.698360 0.466156 0.726776 0.466156 0.726776 0.504470 0.698360 0.504470
0 0.620765 0.149425 0.649181 0.149425 0.649181 0.178799 0.620765 0.178799
0 0.676503 0.128992 0.704918 0.128992 0.704918 0.157088 0.676503 0.157088
0 0.711475 0.112388 0.742077 0.112388 0.742077 0.145594 0.711475 0.145594
0 0.737705 0.074073 0.765027 0.074073 0.765027 0.108557 0.737705 0.108557
0 0.785792 0.114943 0.807650 0.114943 0.807650 0.144317 0.785792 0.144317
0 0.784699 0.149425 0.807650 0.149425 0.807650 0.169859 0.784699 0.169859
0 0.781421 0.177523 0.803279 0.177523 0.803279 0.218391 0.781421 0.218391
0 0.667760 0.206897 0.700546 0.206897 0.700546 0.242657 0.667760 0.242657
0 0.639344 0.194125 0.671038 0.194125 0.671038 0.223499 0.639344 0.223499
0 0.600000 0.190294 0.633880 0.190294 0.633880 0.222222 0.600000 0.222222
0 0.713662 0.259259 0.738799 0.259259 0.738799 0.295019 0.713662 0.295019
0 0.715847 0.289911 0.739891 0.289911 0.739891 0.316731 0.715847 0.316731
0 0.777049 0.257982 0.807651 0.257982 0.807651 0.302682 0.777049 0.302682
0 0.528962 0.219668 0.556284 0.219668 0.556284 0.256705 0.528962 0.256705
0 0.542076 0.183908 0.573770 0.183908 0.573770 0.222222 0.542076 0.222222
0 0.565027 0.291188 0.591257 0.291188 0.591257 0.326948 0.565027 0.326948
0 0.537705 0.288633 0.558469 0.288633 0.558469 0.325670 0.537705 0.325670
0 0.571584 0.330780 0.600000 0.330780 0.600000 0.367816 0.571584 0.367816
0 0.539891 0.343551 0.558469 0.343551 0.558469 0.362708 0.539891 0.362708
0 0.831694 0.025543 0.863388 0.025543 0.863388 0.049809 0.831694 0.049809
0 0.843715 0.049809 0.874317 0.049809 0.874317 0.081737 0.843715 0.081737
0 0.817486 0.086845 0.846994 0.086845 0.846994 0.123883 0.817486 0.123883
0 0.957377 0.063858 0.989071 0.063858 0.989071 0.103448 0.957377 0.103448
0 0.747541 0.010217 0.775957 0.010217 0.775957 0.039591 0.747541 0.039591
0 0.747541 0.044700 0.775957 0.044700 0.775957 0.080460 0.747541 0.080460
0 0.975956 0.205620 0.997814 0.205620 0.997814 0.236270 0.975956 0.236270
0 0.953006 0.234994 0.982514 0.234994 0.982514 0.264368 0.953006 0.264368
0 0.948634 0.206897 0.973770 0.206897 0.973770 0.234993 0.948634 0.234993
0 0.931147 0.279693 0.957377 0.279693 0.957377 0.315453 0.931147 0.315453
0 0.875410 0.272031 0.902732 0.272031 0.902732 0.309067 0.875410 0.309067
0 0.906012 0.201788 0.924590 0.201788 0.924590 0.226054 0.906012 0.226054
0 0.808743 0.330778 0.833879 0.330778 0.833879 0.353768 0.808743 0.353768
0 0.816393 0.357598 0.840437 0.357598 0.840437 0.383141 0.816393 0.383141
0 0.867759 0.374202 0.896174 0.374202 0.896174 0.412516 0.867759 0.412516
0 0.901639 0.389527 0.932241 0.389527 0.932241 0.422733 0.901639 0.422733
0 0.861202 0.420178 0.891804 0.420178 0.891804 0.448275 0.861202 0.448275
0 0.860109 0.449553 0.896175 0.449553 0.896175 0.477651 0.860109 0.477651
0 0.860110 0.476373 0.892896 0.476373 0.892896 0.509579 0.860110 0.509579
0 0.834973 0.487867 0.863388 0.487867 0.863388 0.519795 0.834973 0.519795
0 0.944263 0.117496 0.972678 0.117496 0.972678 0.148147 0.944263 0.148147
0 0.927869 0.140486 0.949727 0.140486 0.949727 0.166028 0.927869 0.166028
0 0.928962 0.176245 0.948634 0.176245 0.948634 0.208173 0.928962 0.208173
0 0.901640 0.238825 0.926777 0.238825 0.926777 0.266923 0.901640 0.266923
0 0.850274 0.323117 0.878689 0.323117 0.878689 0.353768 0.850274 0.353768
0 0.789071 0.296297 0.820765 0.296297 0.820765 0.328225 0.789071 0.328225
0 0.746448 0.330778 0.771585 0.330778 0.771585 0.365262 0.746448 0.365262
0 0.759563 0.380587 0.789071 0.380587 0.789071 0.420179 0.759563 0.420179
0 0.766120 0.425288 0.792350 0.425288 0.792350 0.457216 0.766120 0.457216
0 0.618579 0.512133 0.642623 0.512133 0.642623 0.553001 0.618579 0.553001
0 0.615301 0.573436 0.642623 0.573436 0.642623 0.614304 0.615301 0.614304
0 0.632787 0.541507 0.655737 0.541507 0.655737 0.577267 0.632787 0.577267
0 0.610929 0.392082 0.638251 0.392082 0.638251 0.427842 0.610929 0.427842
0 0.502732 0.422732 0.528962 0.422732 0.528962 0.457215 0.502732 0.457215
0 0.486339 0.468710 0.507104 0.468710 0.507104 0.509578 0.486339 0.509578
0 0.487431 0.546615 0.508196 0.546615 0.508196 0.579821 0.487431 0.579821
0 0.479781 0.515964 0.502733 0.515964 0.502733 0.544061 0.479781 0.544061
0 0.463388 0.509579 0.479781 0.509579 0.479781 0.538953 0.463388 0.538953
0 0.225137 0.947637 0.246995 0.947637 0.246995 0.974457 0.225137 0.974457
0 0.312568 0.864623 0.331147 0.864623 0.331147 0.890167 0.312568 0.890167
0 0.195629 0.703704 0.222951 0.703704 0.222951 0.736910 0.195629 0.736910
0 0.238252 0.680716 0.261203 0.680716 0.261203 0.708813 0.238252 0.708813
0 0.192350 0.768837 0.221858 0.768837 0.221858 0.794381 0.192350 0.794381
0 0.163935 0.747127 0.193443 0.747127 0.193443 0.779055 0.163935 0.779055
0 0.153006 0.819923 0.180328 0.819923 0.180328 0.840357 0.153006 0.840357
0 0.196722 0.426565 0.224044 0.426565 0.224044 0.463601 0.196722 0.463601
0 0.528962 0.011494 0.553006 0.011494 0.553006 0.043422 0.528962 0.043422
0 0.495083 0.043423 0.525684 0.043423 0.525684 0.084291 0.495083 0.084291
0 0.460109 0.085568 0.491803 0.085568 0.491803 0.122606 0.460109 0.122606
0 0.487431 0.136654 0.515846 0.136654 0.515846 0.169860 0.487431 0.169860
0 0.459016 0.001277 0.492896 0.001277 0.492896 0.034483 0.459016 0.034483
0 0.407650 0.012771 0.437158 0.012771 0.437158 0.051085 0.407650 0.051085
0 0.377049 0.010217 0.404371 0.010217 0.404371 0.042145 0.377049 0.042145
0 0.434973 0.030651 0.459017 0.030651 0.459017 0.060025 0.434973 0.060025
0 0.285246 0.137931 0.316940 0.137931 0.316940 0.173691 0.285246 0.173691
0 0.251366 0.172414 0.277596 0.172414 0.277596 0.210728 0.251366 0.210728
0 0.225136 0.209451 0.253551 0.209451 0.253551 0.243933 0.225136 0.243933
0 0.451366 0.411239 0.477596 0.411239 0.477596 0.439336 0.451366 0.439336
0 0.429509 0.436781 0.457923 0.436781 0.457923 0.461047 0.429509 0.461047
0 0.678688 0.598978 0.704918 0.598978 0.704918 0.632184 0.678688 0.632184
0 0.668853 0.919540 0.691804 0.919540 0.691804 0.943806 0.668853 0.943806
0 0.664481 0.942528 0.697267 0.942528 0.697267 0.979565 0.664481 0.979565
0 0.059017 0.702427 0.076503 0.702427 0.076503 0.734355 0.059017 0.734355
0 0.004372 0.590038 0.027322 0.590038 0.027322 0.634738 0.004372 0.634738
0 0.837158 0.527459 0.871038 0.527459 0.871038 0.567049 0.837158 0.567049
0 0.042623 0.091954 0.068853 0.091954 0.068853 0.118774 0.042623 0.118774
0 0.239344 0.010217 0.264481 0.010217 0.264481 0.037037 0.239344 0.037037
0 0.292897 0.006386 0.323497 0.006386 0.323497 0.038314 0.292897 0.038314
0 0.554098 0.017881 0.590164 0.017881 0.590164 0.048531 0.554098 0.048531
0 0.037158 0.893998 0.063388 0.893998 0.063388 0.919541 0.037158 0.919541
0 0.018579 0.872286 0.043716 0.872286 0.043716 0.905492 0.018579 0.905492
0 0.449180 0.715197 0.475410 0.715197 0.475410 0.749680 0.449180 0.749680
0 0.556284 0.679438 0.586886 0.679438 0.586886 0.717752 0.556284 0.717752
0 0.678689 0.716476 0.701639 0.716476 0.701639 0.753513 0.678689 0.753513
0 0.490710 0.347382 0.514754 0.347382 0.514754 0.384418 0.490710 0.384418
1 0.021858 0.588761 0.043716 0.588761 0.043716 0.620689 0.021858 0.620689
1 0.177049 0.461047 0.200000 0.461047 0.200000 0.485313 0.177049 0.485313
1 0.207651 0.302682 0.228415 0.302682 0.228415 0.332056 0.207651 0.332056
1 0.132241 0.325671 0.155192 0.325671 0.155192 0.355045 0.132241 0.355045
1 0.088525 0.316731 0.113661 0.316731 0.113661 0.337165 0.088525 0.337165
1 0.021857 0.383142 0.042622 0.383142 0.042622 0.409962 0.021857 0.409962
