1 0.735043 0.849383 0.816240 0.849383 0.816240 0.893827 0.735043 0.893827
2 0.735043 0.054320 0.858975 0.054320 0.858975 0.120987 0.735043 0.120987
2 0.683760 0.128395 0.799146 0.128395 0.799146 0.192593 0.683760 0.192593
2 0.576923 0.106173 0.666667 0.106173 0.666667 0.160494 0.576923 0.160494
2 0.551283 0.846913 0.696582 0.846913 0.696582 0.911111 0.551283 0.911111
2 0.393163 0.856790 0.508548 0.856790 0.508548 0.920988 0.393163 0.920988
2 0.555555 0.624691 0.670941 0.624691 0.670941 0.693827 0.555555 0.693827
2 0.252137 0.550617 0.358975 0.550617 0.358975 0.602469 0.252137 0.602469
2 0.217948 0.612346 0.316240 0.612346 0.316240 0.669136 0.217948 0.669136
2 0.213675 0.679012 0.333333 0.679012 0.333333 0.735802 0.213675 0.735802
2 0.252137 0.222222 0.423077 0.222222 0.423077 0.286420 0.252137 0.286420
2 0.606838 0.701235 0.739317 0.701235 0.739317 0.758025 0.606838 0.758025
2 0.119659 0.491358 0.230770 0.491358 0.230770 0.600000 0.119659 0.600000
2 0.688034 0.891358 0.811966 0.891358 0.811966 0.965432 0.688034 0.965432
