0 0.033562 0.100537 0.055683 0.100537 0.055683 0.119974 0.033562 0.119974
0 0.048055 0.171582 0.071701 0.171582 0.071701 0.193700 0.048055 0.193700
0 0.095347 0.130697 0.113653 0.130697 0.113653 0.151474 0.095347 0.151474
0 0.115179 0.143431 0.136537 0.143431 0.136537 0.168231 0.115179 0.168231
0 0.128909 0.103218 0.148741 0.103218 0.148741 0.121985 0.128909 0.121985
0 0.015256 0.191019 0.048818 0.191019 0.048818 0.210455 0.015256 0.210455
0 0.144927 0.136059 0.163235 0.136059 0.163235 0.170241 0.144927 0.170241
0 0.168574 0.162869 0.200610 0.162869 0.200610 0.190349 0.168574 0.190349
0 0.146453 0.188338 0.174676 0.188338 0.174676 0.211126 0.146453 0.211126
0 0.086957 0.089812 0.122807 0.089812 0.122807 0.109249 0.086957 0.109249
0 0.206713 0.023458 0.233409 0.023458 0.233409 0.050268 0.206713 0.050268
0 0.279176 0.065684 0.299008 0.065684 0.299008 0.093164 0.279176 0.093164
0 0.273074 0.020777 0.296720 0.020777 0.296720 0.036193 0.273074 0.036193
0 0.276888 0.036193 0.294432 0.036193 0.294432 0.053619 0.276888 0.053619
0 0.272311 0.131367 0.297483 0.131367 0.297483 0.152815 0.272311 0.152815
0 0.267734 0.167560 0.288330 0.167560 0.288330 0.189008 0.267734 0.189008
0 0.073989 0.550268 0.107551 0.550268 0.107551 0.579088 0.073989 0.579088
0 0.071701 0.525469 0.096109 0.525469 0.096109 0.547587 0.071701 0.547587
0 0.093822 0.510053 0.122045 0.510053 0.122045 0.534183 0.093822 0.534183
0 0.041189 0.516755 0.065599 0.516755 0.065599 0.540884 0.041189 0.540884
0 0.038901 0.583781 0.070939 0.583781 0.070939 0.615282 0.038901 0.615282
0 0.126621 0.478553 0.156369 0.478553 0.156369 0.502011 0.126621 0.502011
0 0.078566 0.492628 0.105263 0.492628 0.105263 0.516757 0.078566 0.516757
0 0.119755 0.532172 0.144165 0.532172 0.144165 0.550938 0.119755 0.550938
0 0.047293 0.558311 0.071702 0.558311 0.071702 0.581099 0.047293 0.581099
0 0.041189 0.638069 0.065599 0.638069 0.065599 0.670241 0.041189 0.670241
0 0.188406 0.525469 0.210527 0.525469 0.210527 0.547587 0.188406 0.547587
0 0.189932 0.496649 0.212814 0.496649 0.212814 0.518767 0.189932 0.518767
0 0.170862 0.606569 0.210526 0.606569 0.210526 0.635389 0.170862 0.635389
0 0.231122 0.560992 0.253242 0.560992 0.253242 0.584450 0.231122 0.584450
0 0.257818 0.562332 0.281464 0.562332 0.281464 0.592494 0.257818 0.592494
0 0.142640 0.512734 0.161709 0.512734 0.161709 0.528820 0.142640 0.528820
0 0.159420 0.498659 0.184592 0.498659 0.184592 0.519436 0.159420 0.519436
0 0.324943 0.594504 0.353929 0.594504 0.353929 0.623324 0.324943 0.623324
0 0.363082 0.565013 0.391304 0.565013 0.391304 0.589143 0.363082 0.589143
0 0.366895 0.516756 0.391304 0.516756 0.391304 0.550938 0.366895 0.550938
0 0.345537 0.504022 0.373760 0.504022 0.373760 0.528151 0.345537 0.528151
0 0.227307 0.647453 0.256293 0.647453 0.256293 0.674933 0.227307 0.674933
0 0.286804 0.573056 0.308924 0.573056 0.308924 0.598525 0.286804 0.598525
0 0.356979 0.623994 0.374523 0.623994 0.374523 0.654156 0.356979 0.654156
0 0.399695 0.540215 0.419527 0.540215 0.419527 0.569035 0.399695 0.569035
0 0.173912 0.864611 0.205949 0.864611 0.205949 0.885389 0.173912 0.885389
0 0.176201 0.900805 0.217391 0.900805 0.217391 0.926943 0.176201 0.926943
0 0.156369 0.837801 0.179252 0.837801 0.179252 0.851877 0.156369 0.851877
0 0.163234 0.812333 0.189168 0.812333 0.189168 0.831769 0.163234 0.831769
0 0.138062 0.851206 0.164760 0.851206 0.164760 0.878686 0.138062 0.878686
0 0.263921 0.851877 0.300534 0.851877 0.300534 0.880697 0.263921 0.880697
0 0.230359 0.828418 0.256293 0.828418 0.256293 0.859919 0.230359 0.859919
0 0.241801 0.786863 0.264684 0.786863 0.264684 0.821045 0.241801 0.821045
0 0.289855 0.771447 0.314264 0.771447 0.314264 0.802279 0.289855 0.802279
0 0.300535 0.835121 0.327232 0.835121 0.327232 0.863271 0.300535 0.863271
0 0.333333 0.784182 0.360793 0.784182 0.360793 0.806300 0.333333 0.806300
0 0.102975 0.805630 0.136537 0.805630 0.136537 0.833110 0.102975 0.833110
0 0.255530 0.873325 0.290618 0.873325 0.290618 0.896783 0.255530 0.896783
0 0.388253 0.469839 0.423341 0.469839 0.423341 0.512734 0.388253 0.512734
0 0.433257 0.414210 0.462243 0.414210 0.462243 0.439009 0.433257 0.439009
0 0.527079 0.542226 0.556827 0.542226 0.556827 0.571716 0.527079 0.571716
0 0.518688 0.458445 0.554538 0.458445 0.554538 0.497319 0.518688 0.497319
0 0.498093 0.414880 0.523265 0.414880 0.523265 0.451742 0.498093 0.451742
0 0.520976 0.428955 0.549200 0.428955 0.549200 0.463137 0.520976 0.463137
0 0.613272 0.412868 0.635394 0.412868 0.635394 0.434316 0.613272 0.434316
0 0.636919 0.537533 0.661327 0.537533 0.661327 0.568365 0.636919 0.568365
0 0.620899 0.447051 0.649123 0.447051 0.649123 0.473191 0.620899 0.473191
0 0.636918 0.426944 0.665142 0.426944 0.665142 0.453754 0.636918 0.453754
0 0.708619 0.546917 0.732265 0.546917 0.732265 0.571716 0.708619 0.571716
0 0.725400 0.492627 0.749046 0.492627 0.749046 0.513405 0.725400 0.513405
0 0.728452 0.520778 0.751335 0.520778 0.751335 0.546916 0.728452 0.546916
0 0.726927 0.456434 0.749810 0.456434 0.749810 0.475872 0.726927 0.475872
0 0.739130 0.420912 0.762776 0.420912 0.762776 0.444370 0.739130 0.444370
0 0.754386 0.472520 0.771930 0.472520 0.771930 0.491287 0.754386 0.491287
0 0.774981 0.552279 0.805492 0.552279 0.805492 0.584451 0.774981 0.584451
0 0.671243 0.571716 0.698703 0.571716 0.698703 0.599866 0.671243 0.599866
0 0.618611 0.479892 0.649122 0.479892 0.649122 0.511394 0.618611 0.511394
0 0.831426 0.489947 0.854309 0.489947 0.854309 0.520108 0.831426 0.520108
0 0.867277 0.528820 0.893973 0.528820 0.893973 0.556970 0.867277 0.556970
0 0.890923 0.516086 0.921434 0.516086 0.921434 0.548258 0.890923 0.548258
0 0.885583 0.567694 0.914569 0.567694 0.914569 0.595174 0.885583 0.595174
0 0.866514 0.574396 0.881770 0.574396 0.881770 0.594504 0.866514 0.594504
0 0.631579 0.253352 0.660565 0.253352 0.660565 0.284853 0.631579 0.284853
0 0.632342 0.292226 0.655988 0.292226 0.655988 0.316354 0.632342 0.316354
0 0.664378 0.318364 0.692602 0.318364 0.692602 0.349196 0.664378 0.349196
0 0.675057 0.247990 0.694126 0.247990 0.694126 0.278151 0.675057 0.278151
0 0.691839 0.203083 0.712433 0.203083 0.712433 0.229893 0.691839 0.229893
0 0.717773 0.223860 0.743707 0.223860 0.743707 0.254022 0.717773 0.254022
0 0.699466 0.256032 0.719298 0.256032 0.719298 0.280161 0.699466 0.280161
0 0.707094 0.310322 0.720824 0.310322 0.720824 0.335790 0.707094 0.335790
0 0.726926 0.294236 0.746758 0.294236 0.746758 0.317024 0.726926 0.317024
0 0.718535 0.323057 0.745995 0.323057 0.745995 0.347185 0.718535 0.347185
0 0.751335 0.288204 0.772693 0.288204 0.772693 0.315014 0.751335 0.315014
0 0.625477 0.339141 0.651411 0.339141 0.651411 0.368633 0.625477 0.368633
0 0.641495 0.198392 0.665903 0.198392 0.665903 0.221850 0.641495 0.221850
0 0.599542 0.282842 0.620900 0.282842 0.620900 0.306300 0.599542 0.306300
0 0.755149 0.349866 0.778031 0.349866 0.778031 0.376005 0.755149 0.376005
0 0.829138 0.220509 0.850496 0.220509 0.850496 0.250671 0.829138 0.250671
0 0.827613 0.270107 0.861938 0.270107 0.861938 0.310321 0.827613 0.310321
0 0.826087 0.346515 0.848970 0.346515 0.848970 0.373325 0.826087 0.373325
0 0.773455 0.283513 0.792524 0.283513 0.792524 0.304290 0.773455 0.304290
0 0.808542 0.261394 0.823036 0.261394 0.823036 0.287533 0.808542 0.287533
0 0.801678 0.182976 0.820747 0.182976 0.820747 0.199062 0.801678 0.199062
0 0.048818 0.084450 0.076278 0.084450 0.076278 0.112600 0.048818 0.112600
0 0.070175 0.045576 0.095347 0.045576 0.095347 0.059652 0.070175 0.059652
0 0.124332 0.067025 0.148741 0.067025 0.148741 0.081100 0.124332 0.081100
0 0.165522 0.041555 0.189932 0.041555 0.189932 0.056971 0.165522 0.056971
0 0.239512 0.070376 0.270022 0.070376 0.270022 0.083111 0.239512 0.083111
0 0.141114 0.000000 0.175438 0.000000 0.175438 0.017426 0.141114 0.017426
0 0.295957 0.093834 0.319603 0.093834 0.319603 0.109920 0.295957 0.109920
0 0.316553 0.128687 0.349352 0.128687 0.349352 0.148793 0.316553 0.148793
0 0.315790 0.040885 0.341724 0.040885 0.341724 0.063003 0.315790 0.063003
0 0.026697 0.243968 0.058734 0.243968 0.058734 0.272118 0.026697 0.272118
0 0.063311 0.250670 0.085432 0.250670 0.085432 0.278820 0.063311 0.278820
0 0.077041 0.203754 0.102975 0.203754 0.102975 0.234585 0.077041 0.234585
0 0.106026 0.209786 0.128910 0.209786 0.128910 0.232574 0.106026 0.232574
0 0.050344 0.205763 0.074752 0.205763 0.074752 0.229892 0.050344 0.229892
0 0.083905 0.331099 0.105263 0.331099 0.105263 0.352547 0.083905 0.352547
0 0.162471 0.268097 0.196033 0.268097 0.196033 0.302950 0.162471 0.302950
0 0.221205 0.307640 0.245615 0.307640 0.245615 0.338472 0.221205 0.338472
0 0.223493 0.202413 0.248665 0.202413 0.248665 0.223190 0.223493 0.223190
0 0.199848 0.207104 0.222730 0.207104 0.222730 0.232574 0.199848 0.232574
0 0.225781 0.263406 0.248664 0.263406 0.248664 0.289545 0.225781 0.289545
0 0.236461 0.230563 0.264684 0.230563 0.264684 0.258043 0.236461 0.258043
0 0.257056 0.432976 0.286804 0.432976 0.286804 0.463137 0.257056 0.463137
0 0.228071 0.407507 0.254767 0.407507 0.254767 0.436327 0.228071 0.436327
0 0.216629 0.384048 0.254767 0.384048 0.254767 0.407506 0.216629 0.407506
0 0.260869 0.354558 0.285278 0.354558 0.285278 0.378016 0.260869 0.378016
0 0.357741 0.366622 0.389778 0.366622 0.389778 0.400134 0.357741 0.400134
0 0.425629 0.363941 0.453089 0.363941 0.453089 0.392761 0.425629 0.392761
0 0.453090 0.378016 0.479787 0.378016 0.479787 0.402815 0.453090 0.402815
0 0.403508 0.420241 0.427918 0.420241 0.427918 0.439679 0.403508 0.439679
0 0.009916 0.003351 0.040427 0.003351 0.040427 0.026809 0.009916 0.026809
0 0.019832 0.080429 0.045766 0.080429 0.045766 0.097185 0.019832 0.097185
0 0.073989 0.150135 0.089245 0.150135 0.089245 0.169571 0.073989 0.169571
0 0.119756 0.168231 0.153318 0.168231 0.153318 0.188337 0.119756 0.188337
0 0.125859 0.296247 0.142640 0.296247 0.142640 0.321715 0.125859 0.321715
0 0.114416 0.334450 0.128909 0.334450 0.128909 0.351206 0.114416 0.351206
0 0.018306 0.299598 0.047292 0.299598 0.047292 0.316354 0.018306 0.316354
0 0.010678 0.320375 0.038901 0.320375 0.038901 0.335791 0.010678 0.335791
0 0.245614 0.306300 0.263158 0.306300 0.263158 0.334450 0.245614 0.334450
0 0.100686 0.285523 0.115942 0.285523 0.115942 0.298928 0.100686 0.298928
0 0.115942 0.274799 0.131960 0.274799 0.131960 0.289544 0.115942 0.289544
0 0.019833 0.428955 0.048056 0.428955 0.048056 0.460456 0.019833 0.460456
0 0.111365 0.361930 0.133486 0.361930 0.133486 0.384048 0.111365 0.384048
0 0.106026 0.398794 0.123570 0.398794 0.123570 0.422922 0.106026 0.422922
0 0.105263 0.447050 0.134249 0.447050 0.134249 0.465147 0.105263 0.465147
0 0.138825 0.398794 0.170099 0.398794 0.170099 0.432976 0.138825 0.432976
0 0.139588 0.457776 0.160946 0.457776 0.160946 0.478553 0.139588 0.478553
0 0.048054 0.480563 0.088481 0.480563 0.088481 0.498660 0.048054 0.498660
0 0.127384 0.622654 0.154844 0.622654 0.154844 0.641421 0.127384 0.641421
0 0.121281 0.679625 0.157894 0.679625 0.157894 0.707775 0.121281 0.707775
0 0.032037 0.693699 0.082379 0.693699 0.082379 0.717828 0.032037 0.717828
0 0.009153 0.718499 0.041953 0.718499 0.041953 0.739947 0.009153 0.739947
0 0.065599 0.722520 0.096873 0.722520 0.096873 0.745978 0.065599 0.745978
0 0.028986 0.731233 0.063311 0.731233 0.063311 0.752011 0.028986 0.752011
0 0.012968 0.756032 0.032037 0.756032 0.032037 0.780162 0.012968 0.780162
0 0.045766 0.780830 0.074752 0.780830 0.074752 0.804960 0.045766 0.804960
0 0.012967 0.784183 0.040427 0.784183 0.040427 0.804290 0.012967 0.804290
0 0.117468 0.787534 0.145691 0.787534 0.145691 0.810322 0.117468 0.810322
0 0.082380 0.817024 0.102212 0.817024 0.102212 0.844504 0.082380 0.844504
0 0.018307 0.928284 0.048055 0.928284 0.048055 0.951072 0.018307 0.951072
0 0.048817 0.973190 0.080855 0.973190 0.080855 0.997989 0.048817 0.997989
0 0.010679 0.829758 0.032037 0.829758 0.032037 0.843834 0.010679 0.843834
0 0.000000 0.914209 0.030511 0.914209 0.030511 0.941019 0.000000 0.941019
0 0.195271 0.880027 0.231121 0.880027 0.231121 0.901475 0.195271 0.901475
0 0.111365 0.862600 0.136537 0.862600 0.136537 0.895442 0.111365 0.895442
0 0.131961 0.826407 0.151030 0.826407 0.151030 0.845174 0.131961 0.845174
0 0.246376 0.899464 0.278413 0.899464 0.278413 0.922252 0.246376 0.922252
0 0.215103 0.792896 0.233410 0.792896 0.233410 0.815684 0.215103 0.815684
0 0.282990 0.673593 0.299772 0.673593 0.299772 0.703083 0.282990 0.703083
0 0.278414 0.802279 0.308924 0.802279 0.308924 0.830429 0.278414 0.830429
0 0.357743 0.736596 0.382152 0.736596 0.382152 0.772788 0.357743 0.772788
0 0.403508 0.689009 0.430205 0.689009 0.430205 0.715147 0.403508 0.715147
0 0.433258 0.702413 0.463768 0.702413 0.463768 0.734585 0.433258 0.734585
0 0.463769 0.772788 0.486652 0.772788 0.486652 0.801608 0.463769 0.801608
0 0.482075 0.737265 0.508009 0.737265 0.508009 0.764745 0.482075 0.764745
0 0.487414 0.683647 0.506483 0.683647 0.506483 0.709116 0.487414 0.709116
0 0.562166 0.725201 0.588100 0.725201 0.588100 0.757373 0.562166 0.757373
0 0.601067 0.681636 0.629291 0.681636 0.629291 0.707105 0.601067 0.707105
0 0.606408 0.713807 0.642258 0.713807 0.642258 0.740617 0.606408 0.740617
0 0.537757 0.668901 0.559879 0.668901 0.559879 0.692359 0.537757 0.692359
0 0.547674 0.627346 0.573608 0.627346 0.573608 0.658177 0.547674 0.658177
0 0.519451 0.699062 0.539283 0.699062 0.539283 0.733244 0.519451 0.733244
0 0.592677 0.650804 0.621663 0.650804 0.621663 0.677614 0.592677 0.677614
0 0.449275 0.654826 0.476735 0.654826 0.476735 0.677614 0.449275 0.677614
0 0.636155 0.765416 0.662852 0.765416 0.662852 0.794236 0.636155 0.794236
0 0.646834 0.730563 0.678872 0.730563 0.678872 0.752011 0.646834 0.752011
0 0.654462 0.650134 0.682686 0.650134 0.682686 0.680966 0.654462 0.680966
0 0.573608 0.574397 0.598016 0.574397 0.598016 0.612601 0.573608 0.612601
0 0.543097 0.565683 0.572083 0.565683 0.572083 0.595844 0.543097 0.595844
0 0.636918 0.605228 0.665142 0.605228 0.665142 0.637400 0.636918 0.637400
0 0.673531 0.606568 0.702517 0.606568 0.702517 0.630698 0.673531 0.630698
0 0.734554 0.631367 0.762014 0.631367 0.762014 0.656166 0.734554 0.656166
0 0.806255 0.660188 0.832189 0.660188 0.832189 0.694370 0.806255 0.694370
0 0.804729 0.625336 0.832953 0.625336 0.832953 0.651474 0.804729 0.651474
0 0.748283 0.666890 0.774980 0.666890 0.774980 0.695710 0.748283 0.695710
0 0.782609 0.661529 0.803967 0.661529 0.803967 0.687667 0.782609 0.687667
0 0.739131 0.934986 0.772693 0.934986 0.772693 0.961796 0.739131 0.961796
0 0.814646 0.905496 0.850496 0.905496 0.850496 0.939678 0.814646 0.939678
0 0.794050 0.930965 0.825324 0.930965 0.825324 0.953083 0.794050 0.953083
0 0.825325 0.953753 0.858124 0.953753 0.858124 0.980563 0.825325 0.980563
0 0.861175 0.940349 0.887109 0.940349 0.887109 0.969169 0.861175 0.969169
0 0.849734 0.847186 0.880244 0.847186 0.880244 0.873324 0.849734 0.873324
0 0.815408 0.835791 0.845919 0.835791 0.845919 0.859249 0.815408 0.859249
0 0.945080 0.961126 0.972540 0.961126 0.972540 0.988606 0.945080 0.988606
0 0.909230 0.943700 0.942792 0.943700 0.942792 0.963136 0.909230 0.963136
0 0.841342 0.892091 0.872616 0.892091 0.872616 0.920241 0.841342 0.920241
0 0.769642 0.917561 0.795576 0.917561 0.795576 0.946381 0.769642 0.946381
0 0.791762 0.873324 0.813120 0.873324 0.813120 0.894101 0.791762 0.894101
0 0.884821 0.902815 0.912281 0.902815 0.912281 0.924263 0.884821 0.924263
0 0.826087 0.873324 0.847445 0.873324 0.847445 0.891421 0.826087 0.891421
0 0.739893 0.890081 0.768879 0.890081 0.768879 0.919571 0.739893 0.919571
0 0.967964 0.923593 0.988559 0.923593 0.988559 0.941690 0.967964 0.941690
0 0.816934 0.687667 0.842868 0.687667 0.842868 0.719168 0.816934 0.719168
0 0.836766 0.699062 0.855835 0.699062 0.855835 0.737936 0.836766 0.737936
0 0.855835 0.725202 0.878718 0.725202 0.878718 0.750671 0.855835 0.750671
0 0.919909 0.717828 0.942792 0.717828 0.942792 0.747319 0.919909 0.747319
0 0.966438 0.683646 0.987032 0.683646 0.987032 0.712466 0.966438 0.712466
0 0.954997 0.689008 0.971777 0.689008 0.971777 0.717158 0.954997 0.717158
0 0.881008 0.745308 0.903891 0.745308 0.903891 0.769437 0.881008 0.769437
0 0.895500 0.695040 0.918382 0.695040 0.918382 0.717828 0.895500 0.717828
0 0.896262 0.629357 0.918384 0.629357 0.918384 0.662869 0.896262 0.662869
0 0.379862 0.098526 0.408085 0.098526 0.408085 0.126676 0.379862 0.126676
0 0.429443 0.079089 0.456903 0.079089 0.456903 0.101877 0.429443 0.101877
0 0.430968 0.117962 0.455377 0.117962 0.455377 0.139410 0.430968 0.139410
0 0.392067 0.122654 0.413425 0.122654 0.413425 0.144102 0.392067 0.144102
0 0.418764 0.099866 0.443173 0.099866 0.443173 0.119974 0.418764 0.119974
0 0.401983 0.058311 0.427155 0.058311 0.427155 0.079088 0.401983 0.079088
0 0.352403 0.214477 0.373761 0.214477 0.373761 0.240617 0.352403 0.240617
0 0.413425 0.169571 0.437071 0.169571 0.437071 0.197721 0.413425 0.197721
0 0.439359 0.170241 0.463005 0.170241 0.463005 0.201072 0.439359 0.201072
0 0.490465 0.146113 0.514111 0.146113 0.514111 0.177614 0.490465 0.177614
0 0.482837 0.195040 0.517162 0.195040 0.517162 0.222520 0.482837 0.222520
0 0.527841 0.086461 0.553013 0.086461 0.553013 0.116622 0.527841 0.116622
0 0.553775 0.097855 0.581999 0.097855 0.581999 0.119303 0.553775 0.119303
0 0.545385 0.140751 0.570557 0.140751 0.570557 0.162199 0.545385 0.162199
0 0.541572 0.171581 0.567506 0.171581 0.567506 0.195711 0.541572 0.195711
0 0.531656 0.203754 0.556064 0.203754 0.556064 0.228553 0.531656 0.228553
0 0.482837 0.094505 0.499619 0.094505 0.499619 0.120644 0.482837 0.120644
0 0.331044 0.181636 0.351639 0.181636 0.351639 0.205765 0.331044 0.205765
0 0.466819 0.149463 0.489702 0.149463 0.489702 0.174263 0.466819 0.174263
0 0.460718 0.190349 0.483600 0.190349 0.483600 0.215818 0.460718 0.215818
0 0.575896 0.205094 0.601830 0.205094 0.601830 0.228552 0.575896 0.228552
0 0.591152 0.145442 0.617086 0.145442 0.617086 0.168230 0.591152 0.168230
0 0.581998 0.056300 0.608695 0.056300 0.608695 0.078418 0.581998 0.078418
0 0.527841 0.043565 0.556065 0.043565 0.556065 0.078419 0.527841 0.078419
0 0.540809 0.022788 0.564455 0.022788 0.564455 0.047587 0.540809 0.047587
0 0.569794 0.026140 0.595728 0.026140 0.595728 0.048928 0.569794 0.048928
0 0.593440 0.082439 0.618612 0.082439 0.618612 0.107239 0.593440 0.107239
0 0.623951 0.107909 0.647597 0.107909 0.647597 0.130027 0.623951 0.130027
0 0.693363 0.066353 0.711670 0.066353 0.711670 0.097184 0.693363 0.097184
0 0.660564 0.046247 0.683447 0.046247 0.683447 0.069705 0.660564 0.069705
0 0.639969 0.128016 0.662852 0.128016 0.662852 0.149464 0.639969 0.149464
0 0.621664 0.155496 0.654463 0.155496 0.654463 0.178954 0.621664 0.178954
0 0.591915 0.174263 0.617849 0.174263 0.617849 0.194370 0.591915 0.194370
0 0.664378 0.170241 0.695652 0.170241 0.695652 0.191689 0.664378 0.191689
0 0.755149 0.099196 0.777270 0.099196 0.777270 0.124664 0.755149 0.124664
0 0.772693 0.086461 0.795575 0.086461 0.795575 0.118633 0.772693 0.118633
0 0.775743 0.052279 0.803967 0.052279 0.803967 0.073727 0.775743 0.073727
0 0.787948 0.022788 0.815408 0.022788 0.815408 0.046246 0.787948 0.046246
0 0.784896 0.155496 0.809305 0.155496 0.809305 0.177614 0.784896 0.177614
0 0.795576 0.132037 0.821510 0.132037 0.821510 0.148123 0.795576 0.148123
0 0.756674 0.130027 0.782608 0.130027 0.782608 0.152145 0.756674 0.152145
0 0.813119 0.077078 0.829900 0.077078 0.829900 0.111260 0.813119 0.111260
0 0.866514 0.008042 0.893211 0.008042 0.893211 0.038873 0.866514 0.038873
0 0.797864 0.398124 0.817696 0.398124 0.817696 0.416890 0.797864 0.416890
0 0.865751 0.439007 0.890923 0.439007 0.890923 0.457774 0.865751 0.457774
0 0.920671 0.435657 0.946605 0.435657 0.946605 0.467829 0.920671 0.467829
0 0.923722 0.500670 0.951182 0.500670 0.951182 0.522788 0.923722 0.522788
0 0.881769 0.347856 0.904652 0.347856 0.904652 0.371984 0.881769 0.371984
0 0.763540 0.420912 0.784134 0.420912 0.784134 0.444370 0.763540 0.444370
0 0.695652 0.382708 0.723876 0.382708 0.723876 0.403485 0.695652 0.403485
0 0.691075 0.408176 0.719299 0.408176 0.719299 0.427614 0.691075 0.427614
0 0.610984 0.384049 0.634630 0.384049 0.634630 0.410188 0.610984 0.410188
0 0.441647 0.327748 0.466819 0.327748 0.466819 0.354558 0.441647 0.354558
0 0.430969 0.280161 0.456903 0.280161 0.456903 0.303619 0.430969 0.303619
0 0.477498 0.279491 0.506484 0.279491 0.506484 0.304959 0.477498 0.304959
0 0.548436 0.301609 0.575133 0.301609 0.575133 0.331769 0.548436 0.331769
0 0.548436 0.367962 0.575896 0.367962 0.575896 0.400804 0.548436 0.400804
0 0.545385 0.332439 0.578947 0.332439 0.578947 0.351877 0.545385 0.351877
0 0.566743 0.276810 0.590389 0.276810 0.590389 0.292896 0.566743 0.292896
0 0.547673 0.351206 0.579711 0.351206 0.579711 0.367962 0.547673 0.367962
0 0.516400 0.243298 0.536994 0.243298 0.536994 0.260054 0.516400 0.260054
0 0.399695 0.275470 0.418764 0.275470 0.418764 0.295577 0.399695 0.295577
0 0.495804 0.333110 0.512585 0.333110 0.512585 0.365952 0.495804 0.365952
0 0.358505 0.132038 0.379100 0.132038 0.379100 0.151474 0.358505 0.151474
0 0.376049 0.140751 0.394355 0.140751 0.394355 0.162199 0.376049 0.162199
0 0.382914 0.035522 0.405797 0.035522 0.405797 0.060322 0.382914 0.060322
0 0.413425 0.026140 0.438597 0.026140 0.438597 0.050269 0.413425 0.050269
0 0.456904 0.044907 0.481313 0.044907 0.481313 0.070375 0.456904 0.070375
0 0.446224 0.022788 0.466056 0.022788 0.466056 0.041555 0.446224 0.041555
0 0.464531 0.006032 0.485889 0.006032 0.485889 0.021448 0.464531 0.021448
0 0.479024 0.028151 0.498856 0.028151 0.498856 0.041556 0.479024 0.041556
0 0.495043 0.048257 0.514112 0.048257 0.514112 0.062332 0.495043 0.062332
0 0.366132 0.040215 0.381388 0.040215 0.381388 0.059651 0.366132 0.059651
0 0.183830 0.130027 0.212053 0.130027 0.212053 0.156837 0.183830 0.156837
0 0.199085 0.053619 0.232647 0.053619 0.232647 0.073727 0.199085 0.073727
0 0.052631 0.761394 0.071701 0.761394 0.071701 0.776139 0.052631 0.776139
0 0.230359 0.745978 0.250953 0.745978 0.250953 0.777479 0.230359 0.777479
0 0.067125 0.938338 0.080092 0.938338 0.080092 0.955764 0.067125 0.955764
0 0.250190 0.985924 0.286803 0.985924 0.286803 1.000000 0.250190 1.000000
0 0.356980 0.945710 0.386728 0.945710 0.386728 0.967828 0.356980 0.967828
0 0.327231 0.947721 0.354691 0.947721 0.354691 0.962467 0.327231 0.962467
0 0.375286 0.861930 0.397406 0.861930 0.397406 0.890750 0.375286 0.890750
0 0.403509 0.943700 0.427155 0.943700 0.427155 0.971850 0.403509 0.971850
0 0.432495 0.947051 0.463005 0.947051 0.463005 0.971850 0.432495 0.971850
0 0.421815 0.864611 0.449275 0.864611 0.449275 0.886729 0.421815 0.886729
0 0.265446 0.610590 0.296720 0.610590 0.296720 0.633378 0.265446 0.633378
0 0.281465 0.616622 0.311975 0.616622 0.311975 0.643432 0.281465 0.643432
0 0.301296 0.579759 0.321891 0.579759 0.321891 0.607239 0.301296 0.607239
0 0.234172 0.617962 0.259344 0.617962 0.259344 0.638740 0.234172 0.638740
0 0.396643 0.597185 0.421052 0.597185 0.421052 0.617962 0.396643 0.617962
0 0.422578 0.735924 0.442410 0.735924 0.442410 0.765415 0.422578 0.765415
0 0.342487 0.672922 0.354691 0.672922 0.354691 0.706434 0.342487 0.706434
0 0.337910 0.744638 0.350114 0.744638 0.350114 0.763405 0.337910 0.763405
0 0.527842 0.617962 0.548436 0.617962 0.548436 0.649463 0.527842 0.649463
0 0.488940 0.643431 0.502670 0.643431 0.502670 0.667561 0.488940 0.667561
0 0.572082 0.640751 0.586576 0.640751 0.586576 0.669571 0.572082 0.669571
0 0.625476 0.629356 0.639970 0.629356 0.639970 0.666890 0.625476 0.666890
0 0.710908 0.683646 0.749046 0.683646 0.749046 0.712466 0.710908 0.712466
0 0.712433 0.657507 0.739893 0.657507 0.739893 0.674933 0.712433 0.674933
0 0.675057 0.803620 0.700229 0.803620 0.700229 0.829758 0.675057 0.829758
0 0.677346 0.769437 0.700992 0.769437 0.700992 0.798928 0.677346 0.798928
0 0.735317 0.843163 0.759725 0.843163 0.759725 0.876005 0.735317 0.876005
0 0.717010 0.809651 0.736079 0.809651 0.736079 0.834450 0.717010 0.834450
0 0.744470 0.726541 0.770404 0.726541 0.770404 0.756703 0.744470 0.756703
0 0.741419 0.795577 0.765827 0.795577 0.765827 0.819706 0.741419 0.819706
0 0.765827 0.771448 0.786422 0.771448 0.786422 0.799598 0.765827 0.799598
0 0.700228 0.786863 0.728452 0.786863 0.728452 0.813673 0.700228 0.813673
0 0.855835 0.822386 0.887109 0.822386 0.887109 0.837802 0.855835 0.837802
0 0.865751 0.801608 0.904653 0.801608 0.904653 0.819705 0.865751 0.819705
0 0.762776 0.698392 0.781845 0.698392 0.781845 0.729893 0.762776 0.729893
0 0.728452 0.604558 0.762014 0.604558 0.762014 0.627346 0.728452 0.627346
0 0.781846 0.599866 0.803204 0.599866 0.803204 0.628686 0.781846 0.628686
0 0.829901 0.585121 0.857361 0.585121 0.857361 0.609920 0.829901 0.609920
0 0.710908 0.719839 0.742182 0.719839 0.742182 0.741287 0.710908 0.741287
0 0.952708 0.584451 0.981694 0.584451 0.981694 0.610590 0.952708 0.610590
0 0.804729 0.717158 0.820747 0.717158 0.820747 0.744638 0.804729 0.744638
0 0.789474 0.714477 0.808543 0.714477 0.808543 0.735925 0.789474 0.735925
0 0.202135 0.006032 0.234172 0.006032 0.234172 0.023458 0.202135 0.023458
0 0.236461 0.019437 0.262395 0.019437 0.262395 0.036863 0.236461 0.036863
0 0.244088 0.046916 0.268498 0.046916 0.268498 0.060322 0.244088 0.060322
0 0.256293 0.099196 0.285279 0.099196 0.285279 0.131368 0.256293 0.131368
0 0.218917 0.104558 0.240275 0.104558 0.240275 0.138070 0.218917 0.138070
0 0.283753 0.412869 0.306636 0.412869 0.306636 0.436997 0.283753 0.436997
0 0.336384 0.308981 0.355453 0.308981 0.355453 0.332439 0.336384 0.332439
0 0.369947 0.254691 0.393593 0.254691 0.393593 0.290884 0.369947 0.290884
0 0.379099 0.297587 0.399695 0.297587 0.399695 0.315013 0.379099 0.315013
0 0.308162 0.394771 0.324180 0.394771 0.324180 0.412869 0.308162 0.412869
0 0.271549 0.313003 0.291381 0.313003 0.291381 0.341823 0.271549 0.341823
0 0.261632 0.334450 0.273074 0.334450 0.273074 0.354557 0.261632 0.354557
0 0.205950 0.351207 0.229596 0.351207 0.229596 0.375335 0.205950 0.375335
0 0.358506 0.451072 0.381389 0.451072 0.381389 0.469170 0.358506 0.469170
0 0.374524 0.903485 0.410374 0.903485 0.410374 0.921582 0.374524 0.921582
0 0.366133 0.924262 0.399695 0.924262 0.399695 0.937668 0.366133 0.937668
0 0.436308 0.831099 0.454614 0.831099 0.454614 0.848525 0.436308 0.848525
0 0.313502 0.975201 0.344012 0.975201 0.344012 0.998659 0.313502 0.998659
0 0.225781 0.953753 0.242562 0.953753 0.242562 0.973861 0.225781 0.973861
0 0.352403 0.799598 0.379099 0.799598 0.379099 0.825067 0.352403 0.825067
0 0.398170 0.745978 0.416476 0.745978 0.416476 0.772788 0.398170 0.772788
0 0.299009 0.709786 0.318078 0.709786 0.318078 0.735255 0.299009 0.735255
0 0.266209 0.512064 0.285278 0.512064 0.285278 0.528150 0.266209 0.528150
0 0.453852 0.626675 0.474448 0.626675 0.474448 0.642091 0.453852 0.642091
0 0.479787 0.057640 0.502669 0.057640 0.502669 0.083109 0.479787 0.083109
0 0.637682 0.000000 0.660564 0.000000 0.660564 0.020106 0.637682 0.020106
0 0.593440 0.109249 0.607170 0.109249 0.607170 0.134048 0.593440 0.134048
0 0.608696 0.065013 0.628528 0.065013 0.628528 0.093163 0.608696 0.093163
0 0.625477 0.052949 0.645309 0.052949 0.645309 0.070375 0.625477 0.070375
0 0.646072 0.074397 0.662852 0.074397 0.662852 0.091823 0.646072 0.091823
0 0.684210 0.036863 0.703279 0.036863 0.703279 0.060321 0.684210 0.060321
0 0.504195 0.223861 0.519451 0.223861 0.519451 0.258043 0.504195 0.258043
0 0.459191 0.236595 0.478260 0.236595 0.478260 0.259383 0.459191 0.259383
0 0.620901 0.219839 0.645309 0.219839 0.645309 0.242627 0.620901 0.242627
0 0.470633 0.386059 0.496567 0.386059 0.496567 0.418231 0.470633 0.418231
0 0.470633 0.430966 0.492753 0.430966 0.492753 0.451072 0.470633 0.451072
0 0.414951 0.660188 0.434783 0.660188 0.434783 0.678285 0.414951 0.678285
0 0.440122 0.768096 0.459954 0.768096 0.459954 0.798258 0.440122 0.798258
0 0.556827 0.804960 0.593440 0.804960 0.593440 0.834450 0.556827 0.834450
0 0.597254 0.963136 0.623188 0.963136 0.623188 0.994637 0.597254 0.994637
0 0.618612 0.964477 0.646072 0.964477 0.646072 0.989277 0.618612 0.989277
0 0.555302 0.876005 0.573609 0.876005 0.573609 0.895442 0.555302 0.895442
0 0.542334 0.888741 0.559878 0.888741 0.559878 0.914879 0.542334 0.914879
0 0.755911 0.829089 0.774980 0.829089 0.774980 0.848525 0.755911 0.848525
0 0.800153 0.955094 0.823799 0.955094 0.823799 0.977882 0.800153 0.977882
0 0.520213 0.742627 0.546910 0.742627 0.546910 0.767427 0.520213 0.767427
0 0.614798 0.791555 0.642258 0.791555 0.642258 0.813673 0.614798 0.813673
0 0.762014 0.038874 0.796338 0.038874 0.796338 0.056300 0.762014 0.056300
0 0.717773 0.000000 0.735317 0.000000 0.735317 0.018766 0.717773 0.018766
0 0.743707 0.000000 0.762776 0.000000 0.762776 0.027480 0.743707 0.027480
0 0.870328 0.061663 0.889397 0.061663 0.889397 0.082439 0.870328 0.082439
0 0.959573 0.072386 0.980931 0.072386 0.980931 0.088472 0.959573 0.088472
0 0.941267 0.009383 0.973304 0.009383 0.973304 0.024799 0.941267 0.024799
0 0.977117 0.026809 0.993897 0.026809 0.993897 0.042225 0.977117 0.042225
0 0.719299 0.184986 0.739893 0.184986 0.739893 0.203753 0.719299 0.203753
0 0.727689 0.203754 0.749047 0.203754 0.749047 0.224530 0.727689 0.224530
0 0.720061 0.262734 0.745233 0.262734 0.745233 0.287533 0.720061 0.287533
0 0.824561 0.183646 0.839055 0.183646 0.839055 0.213807 0.824561 0.213807
0 0.705568 0.162198 0.725400 0.162198 0.725400 0.174933 0.705568 0.174933
0 0.730739 0.146113 0.747520 0.146113 0.747520 0.174263 0.730739 0.174263
0 0.862700 0.252010 0.878718 0.252010 0.878718 0.276809 0.862700 0.276809
0 0.935927 0.268097 0.955759 0.268097 0.955759 0.292896 0.935927 0.292896
0 0.848207 0.304960 0.869565 0.304960 0.869565 0.332440 0.848207 0.332440
0 0.875667 0.282172 0.900839 0.282172 0.900839 0.312333 0.875667 0.312333
0 0.806254 0.365281 0.828376 0.365281 0.828376 0.386729 0.806254 0.386729
0 0.777270 0.341822 0.797864 0.341822 0.797864 0.371314 0.777270 0.371314
0 0.897026 0.417561 0.917620 0.417561 0.917620 0.443029 0.897026 0.443029
0 0.893212 0.435657 0.913806 0.435657 0.913806 0.458445 0.893212 0.458445
0 0.944318 0.546917 0.961098 0.546917 0.961098 0.568365 0.944318 0.568365
0 0.789473 0.827748 0.807781 0.827748 0.807781 0.843164 0.789473 0.843164
0 0.820747 0.823056 0.838291 0.823056 0.838291 0.839142 0.820747 0.839142
0 0.951944 0.754022 0.974066 0.754022 0.974066 0.772788 0.951944 0.772788
0 0.962624 0.802949 1.000000 0.802949 1.000000 0.817025 0.962624 0.817025
0 0.980168 0.749329 0.996949 0.749329 0.996949 0.780830 0.980168 0.780830
0 0.961098 0.813673 0.989322 0.813673 0.989322 0.827077 0.961098 0.827077
0 0.939741 0.864611 0.967201 0.864611 0.967201 0.877346 0.939741 0.877346
0 0.865751 0.772118 0.897025 0.772118 0.897025 0.791554 0.865751 0.791554
0 0.948132 0.878016 0.966439 0.878016 0.966439 0.888740 0.948132 0.888740
0 0.950419 0.890080 0.967963 0.890080 0.967963 0.900804 0.950419 0.900804
0 0.916857 0.609249 0.927537 0.609249 0.927537 0.635388 0.916857 0.635388
0 0.948132 0.607239 0.972540 0.607239 0.972540 0.648124 0.948132 0.648124
0 0.868803 0.676273 0.887872 0.676273 0.887872 0.697051 0.868803 0.697051
0 0.932875 0.526140 0.958047 0.526140 0.958047 0.543566 0.932875 0.543566
0 0.947368 0.312333 0.965676 0.312333 0.965676 0.329759 0.947368 0.329759
0 0.958809 0.325067 0.977117 0.325067 0.977117 0.343834 0.958809 0.343834
0 0.890161 0.950402 0.906941 0.950402 0.906941 0.977212 0.890161 0.977212
0 0.737605 0.764746 0.758963 0.764746 0.758963 0.784183 0.737605 0.784183
0 0.691075 0.894102 0.712433 0.894102 0.712433 0.932306 0.691075 0.932306
0 0.674295 0.963807 0.693364 0.963807 0.693364 0.979893 0.674295 0.979893
0 0.623188 0.869973 0.641495 0.869973 0.641495 0.890751 0.623188 0.890751
0 0.886346 0.227212 0.911518 0.227212 0.911518 0.265416 0.886346 0.265416
0 0.849734 0.205094 0.872617 0.205094 0.872617 0.220510 0.849734 0.220510
0 0.976354 0.004022 0.993898 0.004022 0.993898 0.023459 0.976354 0.023459
0 0.332571 0.481233 0.356217 0.481233 0.356217 0.514075 0.332571 0.514075
0 0.440885 0.391421 0.451564 0.391421 0.451564 0.406837 0.440885 0.406837
0 0.602593 0.199062 0.620137 0.199062 0.620137 0.213807 0.602593 0.213807
0 0.573608 0.227883 0.600305 0.227883 0.600305 0.248660 0.573608 0.248660
0 0.832952 0.629357 0.849733 0.629357 0.849733 0.658177 0.832952 0.658177
0 0.458429 0.083110 0.481312 0.083110 0.481312 0.104558 0.458429 0.104558
0 0.495042 0.066354 0.520976 0.066354 0.520976 0.089142 0.495042 0.089142
0 0.525554 0.156836 0.542334 0.156836 0.542334 0.178954 0.525554 0.178954
0 0.522502 0.072386 0.533944 0.072386 0.533944 0.090483 0.522502 0.090483
0 0.330282 0.530831 0.344012 0.530831 0.344012 0.554289 0.330282 0.554289
1 0.927536 0.879356 0.938216 0.879356 0.938216 0.890080 0.927536 0.890080
1 0.920671 0.796247 0.935165 0.796247 0.935165 0.807641 0.920671 0.807641
1 0.864226 0.401474 0.884821 0.401474 0.884821 0.417560 0.864226 0.417560
1 0.897025 0.402145 0.910755 0.402145 0.910755 0.414209 0.897025 0.414209
1 0.827612 0.315683 0.840579 0.315683 0.840579 0.328419 0.827612 0.328419
1 0.844393 0.330428 0.858886 0.330428 0.858886 0.343164 0.844393 0.343164
1 0.871090 0.230563 0.885584 0.230563 0.885584 0.243968 0.871090 0.243968
1 0.926773 0.232573 0.940503 0.232573 0.940503 0.247318 0.926773 0.247318
1 0.933638 0.323727 0.947368 0.323727 0.947368 0.335121 0.933638 0.335121
1 0.967200 0.214477 0.978642 0.214477 0.978642 0.228552 0.967200 0.228552
1 0.896263 0.171581 0.908467 0.171581 0.908467 0.184986 0.896263 0.184986
1 0.887872 0.321716 0.900838 0.321716 0.900838 0.338472 0.887872 0.338472
1 0.913043 0.318364 0.926773 0.318364 0.926773 0.333780 0.913043 0.333780
1 0.884821 0.080430 0.898551 0.080430 0.898551 0.095175 0.884821 0.095175
1 0.868803 0.108579 0.885583 0.108579 0.885583 0.121984 0.868803 0.121984
1 0.576659 0.884048 0.592677 0.884048 0.592677 0.894772 0.576659 0.894772
1 0.619375 0.902145 0.636155 0.902145 0.636155 0.916890 0.619375 0.916890
1 0.541571 0.930295 0.555301 0.930295 0.555301 0.940349 0.541571 0.940349
1 0.500381 0.901475 0.517925 0.901475 0.517925 0.914210 0.500381 0.914210
1 0.474447 0.871984 0.488177 0.871984 0.488177 0.885388 0.474447 0.885388
1 0.509535 0.845844 0.522501 0.845844 0.522501 0.856568 0.509535 0.856568
1 0.497330 0.915550 0.514111 0.915550 0.514111 0.928954 0.497330 0.928954
1 0.578947 0.857909 0.592677 0.857909 0.592677 0.869303 0.578947 0.869303
1 0.509534 0.938338 0.524790 0.938338 0.524790 0.949732 0.509534 0.949732
1 0.526316 0.909518 0.537758 0.909518 0.537758 0.921582 0.526316 0.921582
1 0.462242 0.888070 0.477498 0.888070 0.477498 0.896783 0.462242 0.896783
1 0.341724 0.905496 0.356980 0.905496 0.356980 0.919571 0.341724 0.919571
1 0.328756 0.930295 0.344012 0.930295 0.344012 0.943699 0.328756 0.943699
1 0.364607 0.846515 0.376049 0.846515 0.376049 0.859919 0.364607 0.859919
1 0.639206 0.989946 0.654462 0.989946 0.654462 1.000000 0.639206 1.000000
1 0.508009 0.959116 0.519451 0.959116 0.519451 0.968498 0.508009 0.968498
1 0.503433 0.978552 0.516400 0.978552 0.516400 0.989946 0.503433 0.989946
1 0.660564 0.764745 0.675058 0.764745 0.675058 0.779490 0.660564 0.779490
1 0.955759 0.298257 0.971015 0.298257 0.971015 0.308981 0.955759 0.308981
1 0.967964 0.234585 0.980168 0.234585 0.980168 0.247990 0.967964 0.247990
1 0.951944 0.279491 0.966438 0.279491 0.966438 0.293565 0.951944 0.293565
1 0.458428 0.475871 0.473684 0.475871 0.473684 0.491957 0.458428 0.491957
1 0.470633 0.561662 0.485125 0.561662 0.485125 0.571716 0.470633 0.571716
1 0.487415 0.412868 0.500382 0.412868 0.500382 0.425604 0.487415 0.425604
1 0.276125 0.274799 0.286041 0.274799 0.286041 0.287534 0.276125 0.287534
1 0.700229 0.144101 0.717009 0.144101 0.717009 0.158176 0.700229 0.158176
1 0.096110 0.670911 0.109840 0.670911 0.109840 0.684987 0.096110 0.684987
1 0.266972 0.715817 0.276888 0.715817 0.276888 0.724530 0.266972 0.724530
1 0.074752 0.751340 0.086194 0.751340 0.086194 0.760053 0.074752 0.760053
1 0.111366 0.613942 0.122045 0.613942 0.122045 0.622654 0.111366 0.622654
1 0.263921 0.495979 0.276887 0.495979 0.276887 0.508043 0.263921 0.508043
1 0.247903 0.546917 0.262396 0.546917 0.262396 0.558311 0.247903 0.558311
1 0.032037 0.033512 0.041189 0.033512 0.041189 0.038874 0.032037 0.038874
1 0.045004 0.033512 0.054156 0.033512 0.054156 0.039544 0.045004 0.039544
1 0.086956 0.873995 0.106025 0.873995 0.106025 0.883377 0.086956 0.883377
1 0.229595 0.912198 0.244851 0.912198 0.244851 0.922922 0.229595 0.922922
1 0.311976 0.943030 0.326468 0.943030 0.326468 0.955765 0.311976 0.955765
1 0.457666 0.774128 0.471396 0.774128 0.471396 0.788874 0.457666 0.788874
1 0.573608 0.546246 0.585812 0.546246 0.585812 0.561662 0.573608 0.561662
1 0.565217 0.540215 0.575897 0.540215 0.575897 0.552949 0.565217 0.552949
1 0.551487 0.260724 0.569794 0.260724 0.569794 0.272788 0.551487 0.272788
1 0.982456 0.214477 0.993898 0.214477 0.993898 0.228552 0.982456 0.228552
2 0.227307 0.711796 0.244851 0.711796 0.244851 0.728552 0.227307 0.728552
2 0.396643 0.357239 0.407322 0.357239 0.407322 0.384719 0.396643 0.384719
2 0.517925 0.386730 0.537757 0.386730 0.537757 0.401475 0.517925 0.401475
2 0.543098 0.235255 0.565980 0.235255 0.565980 0.255362 0.543098 0.255362
2 0.202899 0.939678 0.222731 0.939678 0.222731 0.951742 0.202899 0.951742
2 0.475210 0.326407 0.494279 0.326407 0.494279 0.344504 0.475210 0.344504
2 0.957285 0.192359 0.977880 0.192359 0.977880 0.208445 0.957285 0.208445
