0 0.153429 0.791590 0.207581 0.791590 0.207581 0.851920 0.153429 0.851920
0 0.805055 0.753200 0.844766 0.753200 0.844766 0.787934 0.805055 0.787934
0 0.806859 0.782450 0.844765 0.782450 0.844765 0.811700 0.806859 0.811700
0 0.958484 0.638025 0.992780 0.638025 0.992780 0.698354 0.958484 0.698354
0 0.929602 0.661791 0.989169 0.661791 0.989169 0.716637 0.929602 0.716637
0 0.397112 0.299818 0.453069 0.299818 0.453069 0.361975 0.397112 0.361975
1 0.043321 0.014625 0.090252 0.014625 0.090252 0.053016 0.043321 0.053016
1 0.102888 0.056673 0.144404 0.056673 0.144404 0.089579 0.102888 0.089579
1 0.021660 0.078610 0.061371 0.078610 0.061371 0.109689 0.021660 0.109689
1 0.214801 0.073127 0.249097 0.073127 0.249097 0.106034 0.214801 0.106034
1 0.261733 0.054845 0.292419 0.054845 0.292419 0.087751 0.261733 0.087751
1 0.305054 0.071299 0.339350 0.071299 0.339350 0.109690 0.305054 0.109690
1 0.214802 0.120659 0.256318 0.120659 0.256318 0.157222 0.214802 0.157222
1 0.185921 0.157221 0.222022 0.157221 0.222022 0.190129 0.185921 0.190129
1 0.274368 0.135284 0.299640 0.135284 0.299640 0.162706 0.274368 0.162706
1 0.687725 0.722121 0.723826 0.722121 0.723826 0.751371 0.687725 0.751371
1 0.727437 0.696527 0.758123 0.696527 0.758123 0.731262 0.727437 0.731262
1 0.693141 0.669104 0.736461 0.669104 0.736461 0.700184 0.693141 0.700184
1 0.703972 0.639854 0.740073 0.639854 0.740073 0.667276 0.703972 0.667276
1 0.750903 0.581352 0.776174 0.581352 0.776174 0.612432 0.750903 0.612432
1 0.828519 0.689214 0.868231 0.689214 0.868231 0.725776 0.828519 0.725776
1 0.788809 0.667277 0.823105 0.667277 0.823105 0.702012 0.788809 0.702012
1 0.761732 0.729433 0.801443 0.729433 0.801443 0.762340 0.761732 0.762340
1 0.862816 0.793419 0.897112 0.793419 0.897112 0.822669 0.862816 0.822669
1 0.851986 0.773308 0.882672 0.773308 0.882672 0.806215 0.851986 0.806215
1 0.664260 0.802560 0.702166 0.802560 0.702166 0.831810 0.664260 0.831810
1 0.682311 0.760512 0.711191 0.760512 0.711191 0.802560 0.682311 0.802560
1 0.712997 0.815357 0.749097 0.815357 0.749097 0.855576 0.712997 0.855576
1 0.619134 0.797075 0.655234 0.797075 0.655234 0.829982 0.619134 0.829982
1 0.640794 0.705668 0.673285 0.705668 0.673285 0.745887 0.640794 0.745887
1 0.651625 0.625228 0.694945 0.625228 0.694945 0.658135 0.651625 0.658135
1 0.693140 0.581352 0.725631 0.581352 0.725631 0.614259 0.693140 0.614259
1 0.619134 0.661791 0.671480 0.661791 0.671480 0.694698 0.619134 0.694698
1 0.433213 0.661791 0.467509 0.661791 0.467509 0.694698 0.433213 0.694698
1 0.483754 0.700183 0.516246 0.700183 0.516246 0.736745 0.483754 0.736745
1 0.458484 0.738573 0.503610 0.738573 0.503610 0.771481 0.458484 0.771481
1 0.420578 0.718464 0.451264 0.718464 0.451264 0.751371 0.420578 0.751371
1 0.395307 0.744059 0.425993 0.744059 0.425993 0.778794 0.395307 0.778794
1 0.319495 0.729434 0.353791 0.729434 0.353791 0.758684 0.319495 0.758684
1 0.341156 0.744058 0.377257 0.744058 0.377257 0.776965 0.341156 0.776965
1 0.406137 0.787934 0.440433 0.787934 0.440433 0.820842 0.406137 0.820842
1 0.422382 0.363802 0.469314 0.363802 0.469314 0.396709 0.422382 0.396709
1 0.463898 0.382083 0.500000 0.382083 0.500000 0.414990 0.463898 0.414990
1 0.512635 0.378428 0.550541 0.378428 0.550541 0.405850 0.512635 0.405850
1 0.500001 0.409506 0.536102 0.409506 0.536102 0.442414 0.500001 0.442414
1 0.537907 0.460695 0.574008 0.460695 0.574008 0.497258 0.537907 0.497258
1 0.588448 0.438757 0.620939 0.438757 0.620939 0.489945 0.588448 0.489945
1 0.631769 0.447898 0.658845 0.447898 0.658845 0.484461 0.631769 0.484461
1 0.516245 0.482632 0.543321 0.482632 0.543321 0.515539 0.516245 0.515539
1 0.595668 0.394881 0.629964 0.394881 0.629964 0.420475 0.595668 0.420475
1 0.622744 0.402194 0.653430 0.402194 0.653430 0.436928 0.622744 0.436928
1 0.613718 0.351006 0.646209 0.351006 0.646209 0.385740 0.613718 0.385740
1 0.577618 0.332724 0.610109 0.332724 0.610109 0.365631 0.577618 0.365631
1 0.530686 0.343693 0.570398 0.343693 0.570398 0.371115 0.530686 0.371115
1 0.411552 0.442414 0.442238 0.442414 0.442238 0.480804 0.411552 0.480804
1 0.395307 0.405851 0.433213 0.405851 0.433213 0.442414 0.395307 0.442414
1 0.337545 0.449726 0.377257 0.449726 0.377257 0.482633 0.337545 0.482633
1 0.324910 0.391225 0.362816 0.391225 0.362816 0.420475 0.324910 0.420475
1 0.361011 0.380255 0.395307 0.380255 0.395307 0.413162 0.361011 0.413162
1 0.366426 0.522852 0.400722 0.522852 0.400722 0.552102 0.366426 0.552102
1 0.406137 0.511883 0.438629 0.511883 0.438629 0.550274 0.406137 0.550274
1 0.487365 0.447898 0.518051 0.447898 0.518051 0.480805 0.487365 0.480805
1 0.467509 0.422303 0.494585 0.422303 0.494585 0.453382 0.467509 0.453382
1 0.510831 0.559416 0.539712 0.559416 0.539712 0.595978 0.510831 0.595978
1 0.490974 0.541134 0.519855 0.541134 0.519855 0.574041 0.490974 0.574041
1 0.534296 0.552103 0.563176 0.552103 0.563176 0.586838 0.534296 0.586838
1 0.574007 0.572213 0.608303 0.572213 0.608303 0.606947 0.574007 0.606947
1 0.682311 0.506399 0.718411 0.506399 0.718411 0.542961 0.682311 0.542961
1 0.714802 0.478977 0.752708 0.478977 0.752708 0.510055 0.714802 0.510055
1 0.644404 0.506398 0.675090 0.506398 0.675090 0.537478 0.644404 0.537478
1 0.657039 0.550274 0.685920 0.550274 0.685920 0.585009 0.657039 0.585009
1 0.615523 0.563072 0.646209 0.563072 0.646209 0.592322 0.615523 0.592322
1 0.637184 0.603291 0.660650 0.603291 0.660650 0.628885 0.637184 0.628885
1 0.610108 0.601463 0.637184 0.601463 0.637184 0.627057 0.610108 0.627057
1 0.723827 0.542961 0.750903 0.542961 0.750903 0.575869 0.723827 0.575869
1 0.693141 0.550274 0.723827 0.550274 0.723827 0.581354 0.693141 0.581354
1 0.371841 0.616088 0.407943 0.616088 0.407943 0.650822 0.371841 0.650822
1 0.413358 0.592322 0.456678 0.592322 0.456678 0.621572 0.413358 0.621572
1 0.447653 0.555759 0.485559 0.555759 0.485559 0.592321 0.447653 0.592321
1 0.472924 0.588666 0.509026 0.588666 0.509026 0.614260 0.472924 0.614260
1 0.510830 0.608775 0.552346 0.608775 0.552346 0.636197 0.510830 0.636197
1 0.537906 0.636198 0.572202 0.636198 0.572202 0.661792 0.537906 0.661792
1 0.469314 0.632540 0.509026 0.632540 0.509026 0.663620 0.469314 0.663620
1 0.388087 0.645339 0.427798 0.645339 0.427798 0.680073 0.388087 0.680073
1 0.348375 0.570384 0.388087 0.570384 0.388087 0.597806 0.348375 0.597806
1 0.308664 0.572211 0.341156 0.572211 0.341156 0.605119 0.308664 0.605119
1 0.314079 0.530164 0.346571 0.530164 0.346571 0.561244 0.314079 0.561244
1 0.326715 0.508227 0.350181 0.508227 0.350181 0.531993 0.326715 0.531993
1 0.283393 0.488116 0.319495 0.488116 0.319495 0.521023 0.283393 0.521023
1 0.268953 0.515539 0.301445 0.515539 0.301445 0.546619 0.268953 0.546619
1 0.270758 0.555759 0.303250 0.555759 0.303250 0.577697 0.270758 0.577697
1 0.238267 0.521024 0.263539 0.521024 0.263539 0.550274 0.238267 0.550274
1 0.203971 0.617915 0.241877 0.617915 0.241877 0.648995 0.203971 0.648995
1 0.214801 0.585008 0.245487 0.585008 0.245487 0.616088 0.214801 0.616088
1 0.261732 0.585009 0.297834 0.585009 0.297834 0.612431 0.261732 0.612431
1 0.252707 0.630713 0.288809 0.630713 0.288809 0.665447 0.252707 0.665447
1 0.294224 0.647167 0.332130 0.647167 0.332130 0.676417 0.294224 0.676417
1 0.259927 0.259598 0.292419 0.259598 0.292419 0.294332 0.259927 0.294332
1 0.272563 0.195612 0.303249 0.195612 0.303249 0.230348 0.272563 0.230348
1 0.306859 0.239488 0.344765 0.239488 0.344765 0.268738 0.306859 0.268738
1 0.348375 0.255941 0.379061 0.255941 0.379061 0.292505 0.348375 0.292505
1 0.310469 0.310787 0.344765 0.310787 0.344765 0.351006 0.310469 0.351006
1 0.305054 0.283363 0.341156 0.283363 0.341156 0.314442 0.305054 0.314442
1 0.276173 0.299818 0.303249 0.299818 0.303249 0.340037 0.276173 0.340037
1 0.335740 0.199269 0.355596 0.199269 0.355596 0.228519 0.335740 0.228519
1 0.400722 0.228519 0.436824 0.228519 0.436824 0.263255 0.400722 0.263255
1 0.431408 0.197440 0.478340 0.197440 0.478340 0.232176 0.431408 0.232176
1 0.424187 0.155392 0.460289 0.155392 0.460289 0.186472 0.424187 0.186472
1 0.445848 0.111517 0.481950 0.111517 0.481950 0.146253 0.445848 0.146253
1 0.227437 0.398537 0.254513 0.398537 0.254513 0.435101 0.227437 0.435101
1 0.256317 0.407678 0.292419 0.407678 0.292419 0.438757 0.256317 0.438757
1 0.227437 0.442413 0.263538 0.442413 0.263538 0.471663 0.227437 0.471663
1 0.207582 0.471664 0.240072 0.471664 0.240072 0.511883 0.207582 0.511883
1 0.173286 0.504571 0.205777 0.504571 0.205777 0.539305 0.173286 0.539305
1 0.166065 0.468007 0.198555 0.468007 0.198555 0.500914 0.166065 0.500914
1 0.175091 0.436929 0.211192 0.436929 0.211192 0.460695 0.175091 0.460695
1 0.135380 0.508227 0.171481 0.508227 0.171481 0.537477 0.135380 0.537477
1 0.138989 0.566727 0.184115 0.566727 0.184115 0.597807 0.138989 0.597807
1 0.149819 0.594150 0.189530 0.594150 0.189530 0.621572 0.149819 0.621572
1 0.102888 0.588665 0.140794 0.588665 0.140794 0.619745 0.102888 0.619745
1 0.115524 0.641682 0.153430 0.641682 0.153430 0.672761 0.115524 0.672761
1 0.064981 0.563072 0.097472 0.563072 0.097472 0.597807 0.064981 0.597807
1 0.086642 0.528336 0.122743 0.528336 0.122743 0.561244 0.086642 0.561244
1 0.079422 0.488116 0.113718 0.488116 0.113718 0.521023 0.079422 0.521023
1 0.104694 0.460695 0.137185 0.460695 0.137185 0.495429 0.104694 0.495429
1 0.124549 0.436928 0.164260 0.436928 0.164260 0.469836 0.124549 0.469836
1 0.155235 0.391225 0.185921 0.391225 0.185921 0.411335 0.155235 0.411335
1 0.496390 0.159050 0.534296 0.159050 0.534296 0.188300 0.496390 0.188300
1 0.509025 0.126142 0.550541 0.126142 0.550541 0.157222 0.509025 0.157222
1 0.539711 0.106032 0.581227 0.106032 0.581227 0.160877 0.539711 0.160877
1 0.577618 0.140767 0.610109 0.140767 0.610109 0.173675 0.577618 0.173675
1 0.606499 0.118829 0.635379 0.118829 0.635379 0.151736 0.606499 0.151736
1 0.629964 0.149909 0.669675 0.149909 0.669675 0.182816 0.629964 0.182816
1 0.660650 0.182815 0.693141 0.182815 0.693141 0.219379 0.660650 0.219379
1 0.694946 0.215721 0.729242 0.215721 0.729242 0.246801 0.694946 0.246801
1 0.718412 0.177332 0.756318 0.177332 0.756318 0.217551 0.718412 0.217551
1 0.559566 0.212065 0.599278 0.212065 0.599278 0.244973 0.559566 0.244973
1 0.548736 0.170018 0.583032 0.170018 0.583032 0.204754 0.548736 0.204754
1 0.619134 0.221207 0.660650 0.221207 0.660650 0.244973 0.619134 0.244973
1 0.624548 0.248628 0.664260 0.248628 0.664260 0.281535 0.624548 0.281535
1 0.660650 0.292505 0.691336 0.292505 0.691336 0.323583 0.660650 0.323583
1 0.678701 0.252285 0.714801 0.252285 0.714801 0.283363 0.678701 0.283363
1 0.731047 0.234004 0.765343 0.234004 0.765343 0.272394 0.731047 0.272394
1 0.527076 0.226691 0.557762 0.226691 0.557762 0.265082 0.527076 0.265082
1 0.492780 0.190127 0.537906 0.190127 0.537906 0.223034 0.492780 0.223034
1 0.476534 0.232176 0.514440 0.232176 0.514440 0.270566 0.476534 0.270566
1 0.509025 0.287020 0.539711 0.287020 0.539711 0.316270 0.509025 0.316270
1 0.554152 0.285192 0.588448 0.285192 0.588448 0.316271 0.554152 0.316271
1 0.539711 0.261426 0.577617 0.261426 0.577617 0.283364 0.539711 0.283364
1 0.604693 0.279707 0.638989 0.279707 0.638989 0.310786 0.604693 0.310786
1 0.055957 0.160878 0.102888 0.160878 0.102888 0.197441 0.055957 0.197441
1 0.113719 0.188300 0.142599 0.188300 0.142599 0.212066 0.113719 0.212066
1 0.129964 0.219379 0.169675 0.219379 0.169675 0.259597 0.129964 0.259597
1 0.187726 0.241316 0.225632 0.241316 0.225632 0.274224 0.187726 0.274224
1 0.196751 0.195612 0.238267 0.195612 0.238267 0.230348 0.196751 0.230348
1 0.111913 0.261425 0.148014 0.261425 0.148014 0.297988 0.111913 0.297988
1 0.162455 0.288848 0.193141 0.288848 0.193141 0.334552 0.162455 0.334552
1 0.189530 0.297989 0.232851 0.297989 0.232851 0.340037 0.189530 0.340037
1 0.126354 0.341865 0.167870 0.341865 0.167870 0.367459 0.126354 0.367459
1 0.189530 0.351005 0.232851 0.351005 0.232851 0.383912 0.189530 0.383912
1 0.063177 0.261426 0.097473 0.261426 0.097473 0.303474 0.063177 0.303474
1 0.088447 0.224862 0.117328 0.224862 0.117328 0.261425 0.088447 0.261425
1 0.064982 0.204753 0.099278 0.204753 0.099278 0.237660 0.064982 0.237660
1 0.027075 0.237659 0.066786 0.237659 0.066786 0.274222 0.027075 0.274222
1 0.018051 0.288849 0.057762 0.288849 0.057762 0.321756 0.018051 0.321756
1 0.000000 0.385741 0.039711 0.385741 0.039711 0.413163 0.000000 0.413163
1 0.039711 0.416820 0.072203 0.416820 0.072203 0.453383 0.039711 0.453383
1 0.003610 0.438757 0.036101 0.438757 0.036101 0.477148 0.003610 0.477148
1 0.012636 0.491773 0.048737 0.491773 0.048737 0.526508 0.012636 0.526508
1 0.110108 0.303474 0.142599 0.303474 0.142599 0.330896 0.110108 0.330896
1 0.019856 0.204753 0.055957 0.204753 0.055957 0.234003 0.019856 0.234003
1 0.007220 0.166361 0.043321 0.166361 0.043321 0.201097 0.007220 0.201097
1 0.090252 0.122486 0.122743 0.122486 0.122743 0.160878 0.090252 0.160878
1 0.146209 0.127971 0.175090 0.127971 0.175090 0.175503 0.146209 0.175503
1 0.236462 0.243145 0.274368 0.243145 0.274368 0.270567 0.236462 0.270567
1 0.341156 0.341865 0.380867 0.341865 0.380867 0.374772 0.341156 0.374772
1 0.472924 0.329068 0.510830 0.329068 0.510830 0.365631 0.472924 0.365631
1 0.469314 0.294332 0.503610 0.294332 0.503610 0.330896 0.469314 0.330896
1 0.442238 0.259598 0.474730 0.259598 0.474730 0.294332 0.442238 0.294332
1 0.550542 0.393053 0.579422 0.393053 0.579422 0.438757 0.550542 0.438757
1 0.660650 0.409506 0.693141 0.409506 0.693141 0.451554 0.660650 0.451554
1 0.694946 0.380255 0.729242 0.380255 0.729242 0.413162 0.694946 0.413162
1 0.722022 0.340037 0.763538 0.340037 0.763538 0.374771 0.722022 0.374771
1 0.644404 0.325412 0.685920 0.325412 0.685920 0.356490 0.644404 0.356490
1 0.395306 0.265082 0.431407 0.265082 0.431407 0.292504 0.395306 0.292504
1 0.743682 0.084095 0.781588 0.084095 0.781588 0.120659 0.743682 0.120659
1 0.779783 0.045703 0.814079 0.045703 0.814079 0.084095 0.779783 0.084095
1 0.794224 0.087752 0.828520 0.087752 0.828520 0.117002 0.794224 0.117002
1 0.810469 0.016454 0.841155 0.016454 0.841155 0.047532 0.810469 0.047532
1 0.819495 0.047532 0.848375 0.047532 0.848375 0.085923 0.819495 0.085923
1 0.853791 0.000000 0.888087 0.000000 0.888087 0.029250 0.853791 0.029250
1 0.864621 0.060329 0.893501 0.060329 0.893501 0.091408 0.864621 0.091408
1 0.861011 0.102377 0.891697 0.102377 0.891697 0.129799 0.861011 0.129799
1 0.851985 0.188299 0.884476 0.188299 0.884476 0.223034 0.851985 0.223034
1 0.835740 0.159049 0.862816 0.159049 0.862816 0.190129 0.835740 0.190129
1 0.794223 0.171847 0.833935 0.171847 0.833935 0.201097 0.794223 0.201097
1 0.954874 0.082267 0.996390 0.082267 0.996390 0.115173 0.954874 0.115173
1 0.938628 0.138939 0.981949 0.138939 0.981949 0.173675 0.938628 0.173675
1 0.911552 0.201097 0.953068 0.201097 0.953068 0.230347 0.911552 0.230347
1 0.873646 0.223034 0.906138 0.223034 0.906138 0.261425 0.873646 0.261425
1 0.886282 0.270567 0.927798 0.270567 0.927798 0.308957 0.886282 0.308957
1 0.803250 0.234003 0.839350 0.234003 0.839350 0.265082 0.803250 0.265082
1 0.767149 0.221207 0.799640 0.221207 0.799640 0.252285 0.767149 0.252285
1 0.785199 0.268739 0.819495 0.268739 0.819495 0.296161 0.785199 0.296161
1 0.812275 0.297988 0.841155 0.297988 0.841155 0.329067 0.812275 0.329067
1 0.837545 0.255941 0.861011 0.255941 0.861011 0.288849 0.837545 0.288849
1 0.761733 0.299818 0.796029 0.299818 0.796029 0.334552 0.761733 0.334552
1 0.777978 0.336380 0.805054 0.336380 0.805054 0.372943 0.777978 0.372943
1 0.851986 0.310787 0.888087 0.310787 0.888087 0.347350 0.851986 0.347350
1 0.922383 0.259598 0.953069 0.259598 0.953069 0.287020 0.922383 0.287020
1 0.689531 0.127970 0.723827 0.127970 0.723827 0.164533 0.689531 0.164533
1 0.671480 0.082267 0.703971 0.082267 0.703971 0.109689 0.671480 0.109689
1 0.635379 0.071299 0.662455 0.071299 0.662455 0.107861 0.635379 0.107861
1 0.431408 0.036563 0.465704 0.036563 0.465704 0.074955 0.431408 0.074955
1 0.415163 0.071297 0.456679 0.071297 0.456679 0.106033 0.415163 0.106033
1 0.375451 0.102377 0.406137 0.102377 0.406137 0.135284 0.375451 0.135284
1 0.411552 0.118829 0.438628 0.118829 0.438628 0.149909 0.411552 0.149909
1 0.398916 0.159049 0.420577 0.159049 0.420577 0.195612 0.398916 0.195612
1 0.364621 0.137111 0.398917 0.137111 0.398917 0.175503 0.364621 0.175503
1 0.310469 0.111517 0.355595 0.111517 0.355595 0.146253 0.310469 0.146253
1 0.305054 0.149909 0.342960 0.149909 0.342960 0.188300 0.305054 0.188300
1 0.575813 0.062158 0.604693 0.062158 0.604693 0.102377 0.575813 0.102377
1 0.601083 0.076783 0.629964 0.076783 0.629964 0.117002 0.601083 0.117002
1 0.548736 0.067641 0.574008 0.067641 0.574008 0.106033 0.548736 0.106033
1 0.503611 0.095064 0.539712 0.095064 0.539712 0.126143 0.503611 0.126143
1 0.500001 0.053016 0.536102 0.053016 0.536102 0.093235 0.500001 0.093235
1 0.593862 0.025594 0.633574 0.025594 0.633574 0.062157 0.593862 0.062157
1 0.664260 0.010969 0.720217 0.010969 0.720217 0.060329 0.664260 0.060329
1 0.731047 0.010969 0.772563 0.010969 0.772563 0.053017 0.731047 0.053017
1 0.478339 0.000000 0.512635 0.000000 0.512635 0.031079 0.478339 0.031079
1 0.532491 0.000000 0.570397 0.000000 0.570397 0.020110 0.532491 0.020110
1 0.370036 0.053017 0.406138 0.053017 0.406138 0.087752 0.370036 0.087752
1 0.388087 0.021937 0.424188 0.021937 0.424188 0.056673 0.388087 0.056673
1 0.350180 0.000000 0.382671 0.000000 0.382671 0.029250 0.350180 0.029250
1 0.305054 0.016453 0.335740 0.016453 0.335740 0.054845 0.305054 0.054845
1 0.216607 0.027422 0.265343 0.027422 0.265343 0.071298 0.216607 0.071298
1 0.198555 0.018281 0.227436 0.018281 0.227436 0.049360 0.198555 0.049360
1 0.144404 0.716637 0.205776 0.716637 0.205776 0.751371 0.144404 0.751371
1 0.214802 0.709324 0.240072 0.709324 0.240072 0.738574 0.214802 0.738574
1 0.167870 0.670933 0.205776 0.670933 0.205776 0.711152 0.167870 0.711152
1 0.272563 0.676417 0.305055 0.676417 0.305055 0.718465 0.272563 0.718465
1 0.317689 0.685558 0.361011 0.685558 0.361011 0.725777 0.317689 0.725777
1 0.240072 0.767824 0.274368 0.767824 0.274368 0.798903 0.240072 0.798903
1 0.328520 0.784277 0.366426 0.784277 0.366426 0.822669 0.328520 0.822669
1 0.368231 0.802560 0.395307 0.802560 0.395307 0.831810 0.368231 0.831810
1 0.377256 0.826325 0.409748 0.826325 0.409748 0.859232 0.377256 0.859232
1 0.411552 0.859232 0.454874 0.859232 0.454874 0.892139 0.411552 0.892139
1 0.465704 0.786106 0.500000 0.786106 0.500000 0.809872 0.465704 0.809872
1 0.521660 0.755027 0.561372 0.755027 0.561372 0.778793 0.521660 0.778793
1 0.205776 0.815357 0.250902 0.815357 0.250902 0.868373 0.205776 0.868373
1 0.263537 0.859233 0.296029 0.859233 0.296029 0.895795 0.263537 0.895795
1 0.185921 0.868374 0.227437 0.868374 0.227437 0.906765 0.185921 0.906765
1 0.052347 0.853747 0.084837 0.853747 0.084837 0.884827 0.052347 0.884827
1 0.072202 0.698354 0.099278 0.698354 0.099278 0.736746 0.072202 0.736746
1 0.084838 0.656307 0.119134 0.656307 0.119134 0.685557 0.084838 0.685557
1 0.007220 0.685558 0.043321 0.685558 0.043321 0.733090 0.007220 0.733090
1 0.016245 0.630714 0.052347 0.630714 0.052347 0.667276 0.016245 0.667276
1 0.137184 0.411334 0.171480 0.411334 0.171480 0.433272 0.137184 0.433272
1 0.005416 0.585010 0.048737 0.585010 0.048737 0.621572 0.005416 0.621572
1 0.030686 0.762341 0.070398 0.762341 0.070398 0.798903 0.030686 0.798903
1 0.005415 0.926874 0.046931 0.926874 0.046931 0.963436 0.005415 0.963436
1 0.207581 0.937843 0.238267 0.937843 0.238267 0.972577 0.207581 0.972577
1 0.232852 0.888483 0.268954 0.888483 0.268954 0.923218 0.232852 0.923218
1 0.270758 0.897624 0.332130 0.897624 0.332130 0.926874 0.270758 0.926874
1 0.306859 0.866545 0.344765 0.866545 0.344765 0.895795 0.306859 0.895795
1 0.361010 0.853747 0.393502 0.853747 0.393502 0.886655 0.361010 0.886655
1 0.460288 0.864716 0.503610 0.864716 0.503610 0.897624 0.460288 0.897624
1 0.481949 0.808044 0.518050 0.808044 0.518050 0.837294 0.481949 0.837294
1 0.451263 0.822669 0.481949 0.822669 0.481949 0.848263 0.451263 0.848263
1 0.552346 0.851920 0.584838 0.851920 0.584838 0.888482 0.552346 0.888482
1 0.583032 0.828154 0.613718 0.828154 0.613718 0.857404 0.583032 0.857404
1 0.622744 0.851919 0.662455 0.851919 0.662455 0.882999 0.622744 0.882999
1 0.660650 0.833638 0.700361 0.833638 0.700361 0.866545 0.660650 0.866545
1 0.505415 0.893966 0.550541 0.893966 0.550541 0.926874 0.505415 0.926874
1 0.525271 0.941499 0.566787 0.941499 0.566787 0.974406 0.525271 0.974406
1 0.478339 0.925046 0.519855 0.925046 0.519855 0.954296 0.478339 0.954296
1 0.622744 0.897624 0.658844 0.897624 0.658844 0.932358 0.622744 0.932358
1 0.579423 0.890311 0.615524 0.890311 0.615524 0.925045 0.579423 0.925045
1 0.575812 0.691041 0.613718 0.691041 0.613718 0.722121 0.575812 0.722121
1 0.519856 0.670932 0.566787 0.670932 0.566787 0.702012 0.519856 0.702012
1 0.761733 0.844606 0.797833 0.844606 0.797833 0.875686 0.761733 0.875686
1 0.805054 0.826326 0.835740 0.826326 0.835740 0.862888 0.805054 0.862888
1 0.839350 0.809871 0.868231 0.809871 0.868231 0.844606 0.839350 0.844606
1 0.853791 0.840951 0.882671 0.840951 0.882671 0.877513 0.853791 0.877513
1 0.900722 0.862889 0.935018 0.862889 0.935018 0.899451 0.900722 0.899451
1 0.857401 0.882997 0.888087 0.882997 0.888087 0.914077 0.857401 0.914077
1 0.817689 0.912248 0.857401 0.912248 0.857401 0.943327 0.817689 0.943327
1 0.763538 0.877514 0.801444 0.877514 0.801444 0.914076 0.763538 0.914076
1 0.729241 0.879342 0.765342 0.879342 0.765342 0.926874 0.729241 0.926874
1 0.662455 0.912249 0.700361 0.912249 0.700361 0.948811 0.662455 0.948811
1 0.691336 0.943327 0.729242 0.943327 0.729242 0.967093 0.691336 0.967093
1 0.714802 0.965264 0.752708 0.965264 0.752708 0.998171 0.714802 0.998171
1 0.752707 0.957953 0.779783 0.957953 0.779783 0.987203 0.752707 0.987203
1 0.799639 0.974406 0.837545 0.974406 0.837545 1.000000 0.799639 1.000000
1 0.817690 0.568556 0.851986 0.568556 0.851986 0.605119 0.817690 0.605119
1 0.841156 0.531992 0.877256 0.531992 0.877256 0.570384 0.841156 0.570384
1 0.898917 0.550274 0.922383 0.550274 0.922383 0.601462 0.898917 0.601462
1 0.929602 0.530164 0.958483 0.530164 0.958483 0.574040 0.929602 0.574040
1 0.942238 0.502742 0.967510 0.502742 0.967510 0.541134 0.942238 0.541134
1 0.965704 0.438757 1.000000 0.438757 1.000000 0.477148 0.965704 0.477148
1 0.909748 0.436929 0.938628 0.436929 0.938628 0.484461 0.909748 0.484461
1 0.927797 0.305302 0.960288 0.305302 0.960288 0.341865 0.927797 0.341865
1 0.972924 0.294332 0.998196 0.294332 0.998196 0.330896 0.972924 0.330896
1 0.969315 0.252285 0.998196 0.252285 0.998196 0.288849 0.969315 0.288849
1 0.981949 0.213894 0.998194 0.213894 0.998194 0.243144 0.981949 0.243144
1 0.895307 0.349177 0.933213 0.349177 0.933213 0.382084 0.895307 0.382084
1 0.931408 0.365630 0.962094 0.365630 0.962094 0.402193 0.931408 0.402193
1 0.898917 0.405851 0.925993 0.405851 0.925993 0.440585 0.898917 0.440585
1 0.862816 0.402194 0.889892 0.402194 0.889892 0.433273 0.862816 0.433273
1 0.861011 0.361975 0.888087 0.361975 0.888087 0.391225 0.861011 0.391225
1 0.824910 0.382084 0.846571 0.382084 0.846571 0.416819 0.824910 0.416819
1 0.832130 0.453381 0.862816 0.453381 0.862816 0.486289 0.832130 0.486289
1 0.837545 0.424131 0.870036 0.424131 0.870036 0.455210 0.837545 0.455210
1 0.781588 0.411335 0.812274 0.411335 0.812274 0.446070 0.781588 0.446070
1 0.745487 0.385741 0.779783 0.385741 0.779783 0.420476 0.745487 0.420476
1 0.749097 0.438756 0.779783 0.438756 0.779783 0.473491 0.749097 0.473491
1 0.698556 0.422303 0.732852 0.422303 0.732852 0.460694 0.698556 0.460694
1 0.851986 0.495430 0.873646 0.495430 0.873646 0.524680 0.851986 0.524680
1 0.814079 0.493602 0.844765 0.493602 0.844765 0.528336 0.814079 0.528336
1 0.734657 0.504571 0.776173 0.504571 0.776173 0.539305 0.734657 0.539305
1 0.763538 0.542961 0.797834 0.542961 0.797834 0.581353 0.763538 0.581353
1 0.788809 0.537478 0.819495 0.537478 0.819495 0.574040 0.788809 0.574040
1 0.792419 0.586838 0.824910 0.586838 0.824910 0.623400 0.792419 0.623400
1 0.803249 0.628884 0.842961 0.628884 0.842961 0.661791 0.803249 0.661791
1 0.841155 0.610603 0.864621 0.610603 0.864621 0.645338 0.841155 0.645338
1 0.880867 0.948812 0.922383 0.948812 0.922383 0.978062 0.880867 0.978062
1 0.949458 0.848263 0.981950 0.848263 0.981950 0.881170 0.949458 0.881170
1 0.965704 0.899452 0.996390 0.899452 0.996390 0.934187 0.965704 0.934187
1 0.965704 0.811699 1.000000 0.811699 1.000000 0.842778 0.965704 0.842778
1 0.938628 0.716636 0.980144 0.716636 0.980144 0.745886 0.938628 0.745886
1 0.949458 0.791590 0.972924 0.791590 0.972924 0.813528 0.949458 0.813528
1 0.929602 0.758684 0.958483 0.758684 0.958483 0.784278 0.929602 0.784278
1 0.389892 0.910420 0.424188 0.910420 0.424188 0.934186 0.389892 0.934186
1 0.379061 0.932358 0.407943 0.932358 0.407943 0.954296 0.379061 0.954296
1 0.353791 0.952468 0.384477 0.952468 0.384477 0.985375 0.353791 0.985375
1 0.299639 0.961609 0.330325 0.961609 0.330325 0.990859 0.299639 0.990859
1 0.306859 0.934186 0.333935 0.934186 0.333935 0.954296 0.306859 0.954296
1 0.898917 0.751371 0.916968 0.751371 0.916968 0.776965 0.898917 0.776965
1 0.898917 0.778794 0.924188 0.778794 0.924188 0.806216 0.898917 0.806216
1 0.768953 0.762340 0.792419 0.762340 0.792419 0.778794 0.768953 0.778794
1 0.749097 0.787934 0.788809 0.787934 0.788809 0.815356 0.749097 0.815356
1 0.796029 0.943327 0.823105 0.943327 0.823105 0.967093 0.796029 0.967093
1 0.842960 0.957952 0.866426 0.957952 0.866426 0.979890 0.842960 0.979890
1 0.927798 0.943327 0.962094 0.943327 0.962094 0.987203 0.927798 0.987203
1 0.916967 0.925045 0.942238 0.925045 0.942238 0.943327 0.916967 0.943327
1 0.875451 0.915905 0.895307 0.915905 0.895307 0.936015 0.875451 0.936015
1 0.815884 0.882998 0.842960 0.882998 0.842960 0.906764 0.815884 0.906764
1 0.935018 0.614260 0.967510 0.614260 0.967510 0.648995 0.935018 0.648995
1 0.388087 0.687385 0.422383 0.687385 0.422383 0.725777 0.388087 0.725777
1 0.404332 0.561242 0.436824 0.561242 0.436824 0.592322 0.404332 0.592322
1 0.341156 0.599634 0.370037 0.599634 0.370037 0.630714 0.341156 0.630714
1 0.350180 0.659963 0.379061 0.659963 0.379061 0.683729 0.350180 0.683729
1 0.241877 0.343694 0.281589 0.343694 0.281589 0.407678 0.241877 0.407678
1 0.785199 0.378427 0.821299 0.378427 0.821299 0.411334 0.785199 0.411334
1 0.924187 0.577697 0.956678 0.577697 0.956678 0.605119 0.924187 0.605119
1 0.207581 0.749543 0.241877 0.749543 0.241877 0.778793 0.207581 0.778793
1 0.203971 0.685558 0.234657 0.685558 0.234657 0.714808 0.203971 0.714808
1 0.198556 0.667276 0.229242 0.667276 0.229242 0.687386 0.198556 0.687386
1 0.142599 0.968921 0.169675 0.968921 0.169675 1.000000 0.142599 1.000000
1 0.144404 0.923217 0.176895 0.923217 0.176895 0.967093 0.144404 0.967093
1 0.559567 0.723949 0.613719 0.723949 0.613719 0.776965 0.559567 0.776965
1 0.777979 0.440585 0.821299 0.440585 0.821299 0.508227 0.777979 0.508227
1 0.523466 0.855576 0.550542 0.855576 0.550542 0.884826 0.523466 0.884826
1 0.581227 0.941499 0.615523 0.941499 0.615523 0.965265 0.581227 0.965265
1 0.586642 0.968921 0.626354 0.968921 0.626354 0.992687 0.586642 0.992687
1 0.243682 0.184643 0.268954 0.184643 0.268954 0.217551 0.243682 0.217551
1 0.270758 0.228519 0.299640 0.228519 0.299640 0.259599 0.270758 0.259599
1 0.222022 0.160878 0.247292 0.160878 0.247292 0.186472 0.222022 0.186472
1 0.276173 0.087752 0.305055 0.087752 0.305055 0.122486 0.276173 0.122486
1 0.729242 0.138939 0.774368 0.138939 0.774368 0.179158 0.729242 0.179158
1 0.891697 0.168190 0.918773 0.168190 0.918773 0.201098 0.891697 0.201098
1 0.716606 0.272395 0.740072 0.272395 0.740072 0.314443 0.716606 0.314443
1 0.662455 0.361975 0.698555 0.361975 0.698555 0.396709 0.662455 0.396709
1 0.689531 0.162705 0.718411 0.162705 0.718411 0.193784 0.689531 0.193784
1 0.595668 0.177331 0.624548 0.177331 0.624548 0.206581 0.595668 0.206581
1 0.694945 0.612431 0.727437 0.612431 0.727437 0.636197 0.694945 0.636197
1 0.467509 0.678245 0.494585 0.678245 0.494585 0.702011 0.467509 0.702011
1 0.324909 0.820841 0.357401 0.820841 0.357401 0.844607 0.324909 0.844607
1 0.447653 0.760512 0.476535 0.760512 0.476535 0.797074 0.447653 0.797074
1 0.675091 0.687385 0.696751 0.687385 0.696751 0.720293 0.675091 0.720293
