0 0.793358 0.031609 0.878228 0.031609 0.878228 0.109195 0.793358 0.109195
0 0.811808 0.186781 0.885609 0.186781 0.885609 0.267241 0.811808 0.267241
0 0.881918 0.140804 0.948340 0.140804 0.948340 0.201149 0.881918 0.201149
0 0.243542 0.747127 0.302584 0.747127 0.302584 0.824713 0.243542 0.824713
0 0.136532 0.692529 0.228782 0.692529 0.228782 0.772989 0.136532 0.772989
0 0.029521 0.583334 0.121772 0.583334 0.121772 0.672414 0.029521 0.672414
0 0.738008 0.235632 0.789668 0.235632 0.789668 0.287356 0.738008 0.287356
1 0.018450 0.158047 0.088562 0.158047 0.088562 0.201150 0.018450 0.201150
1 0.579336 0.040230 0.671587 0.040230 0.671587 0.068966 0.579336 0.068966
2 0.734317 0.318966 0.811808 0.318966 0.811808 0.382184 0.734317 0.382184
2 0.638376 0.160920 0.726938 0.160920 0.726938 0.227012 0.638376 0.227012
2 0.571955 0.477011 0.675276 0.477011 0.675276 0.563218 0.571955 0.563218
2 0.154981 0.002874 0.232473 0.002874 0.232473 0.054598 0.154981 0.054598
2 0.726938 0.112069 0.785978 0.112069 0.785978 0.189655 0.726938 0.189655
2 0.457565 0.002874 0.557196 0.002874 0.557196 0.051724 0.457565 0.051724
3 0.047970 0.307472 0.250922 0.307472 0.250922 0.497127 0.047970 0.497127
3 0.221402 0.057471 0.564576 0.057471 0.564576 0.347701 0.221402 0.347701
3 0.520295 0.238505 0.741697 0.238505 0.741697 0.387931 0.520295 0.387931
3 0.154982 0.497126 0.369004 0.497126 0.369004 0.683908 0.154982 0.683908
