1 0.152589 0.009615 0.186649 0.009615 0.186649 0.041667 0.152589 0.041667
1 0.262943 0.072115 0.291553 0.072115 0.291553 0.102565 0.262943 0.102565
1 0.305176 0.024038 0.335149 0.024038 0.335149 0.051282 0.305176 0.051282
1 0.298365 0.051282 0.324251 0.051282 0.324251 0.078526 0.298365 0.078526
1 0.938692 0.036859 0.960490 0.036859 0.960490 0.072115 0.938692 0.072115
1 0.899182 0.056090 0.925068 0.056090 0.925068 0.091346 0.899182 0.091346
1 0.937330 0.129807 0.955041 0.129807 0.955041 0.155449 0.937330 0.155449
1 0.891008 0.006410 0.931880 0.006410 0.931880 0.041666 0.891008 0.041666
1 0.851498 0.024038 0.870572 0.024038 0.870572 0.076924 0.851498 0.076924
1 0.833788 0.017628 0.851499 0.017628 0.851499 0.041666 0.833788 0.041666
1 0.044959 0.860577 0.072207 0.860577 0.072207 0.895833 0.044959 0.895833
1 0.083106 0.858975 0.107629 0.858975 0.107629 0.894231 0.083106 0.894231
1 0.111716 0.883012 0.130790 0.883012 0.130790 0.908654 0.111716 0.908654
1 0.079019 0.899038 0.098093 0.899038 0.098093 0.924679 0.079019 0.924679
1 0.144415 0.852564 0.168938 0.852564 0.168938 0.881410 0.144415 0.881410
1 0.167575 0.894230 0.192099 0.894230 0.192099 0.926281 0.167575 0.926281
1 0.202997 0.876603 0.228883 0.876603 0.228883 0.900641 0.202997 0.900641
1 0.216621 0.894231 0.238419 0.894231 0.238419 0.916667 0.216621 0.916667
1 0.250682 0.868590 0.282017 0.868590 0.282017 0.903846 0.250682 0.903846
1 0.279292 0.884615 0.303814 0.884615 0.303814 0.911859 0.279292 0.911859
1 0.234333 0.842949 0.256131 0.842949 0.256131 0.876603 0.234333 0.876603
1 0.198910 0.828526 0.226158 0.828526 0.226158 0.862180 0.198910 0.862180
1 0.168937 0.839744 0.196185 0.839744 0.196185 0.875000 0.168937 0.875000
1 0.130790 0.799679 0.163488 0.799679 0.163488 0.836538 0.130790 0.836538
1 0.162126 0.806090 0.185286 0.806090 0.185286 0.838141 0.162126 0.838141
1 0.107630 0.834936 0.136240 0.834936 0.136240 0.868590 0.107630 0.868590
1 0.234332 0.809295 0.264306 0.809295 0.264306 0.838141 0.234332 0.838141
1 0.223433 0.969552 0.247956 0.969552 0.247956 1.000000 0.223433 1.000000
1 0.149863 0.948718 0.174386 0.948718 0.174386 0.983974 0.149863 0.983974
1 0.001362 0.947115 0.024524 0.947115 0.024524 0.975961 0.001362 0.975961
1 0.036784 0.971154 0.061308 0.971154 0.061308 1.000000 0.036784 1.000000
1 0.295641 0.931090 0.320163 0.931090 0.320163 0.959936 0.295641 0.959936
1 0.340599 0.894231 0.366485 0.894231 0.366485 0.923077 0.340599 0.923077
1 0.028610 0.633013 0.055858 0.633013 0.055858 0.661859 0.028610 0.661859
1 0.088556 0.636219 0.117166 0.636219 0.117166 0.668270 0.088556 0.668270
1 0.132153 0.647436 0.162125 0.647436 0.162125 0.676282 0.132153 0.676282
1 0.077656 0.674679 0.100818 0.674679 0.100818 0.713141 0.077656 0.713141
1 0.046321 0.689103 0.072207 0.689103 0.072207 0.719552 0.046321 0.719552
1 0.128066 0.701923 0.149864 0.701923 0.149864 0.733974 0.128066 0.733974
1 0.171662 0.695513 0.197548 0.695513 0.197548 0.722757 0.171662 0.722757
1 0.179836 0.652243 0.207084 0.652243 0.207084 0.679487 0.179836 0.679487
1 0.160764 0.621795 0.185287 0.621795 0.185287 0.647436 0.160764 0.647436
1 0.103543 0.727564 0.128065 0.727564 0.128065 0.756410 0.103543 0.756410
1 0.076295 0.733974 0.100817 0.733974 0.100817 0.767628 0.076295 0.767628
1 0.133515 0.746795 0.155313 0.746795 0.155313 0.785257 0.133515 0.785257
1 0.162126 0.738783 0.193461 0.738783 0.193461 0.770834 0.162126 0.770834
1 0.198910 0.759615 0.222071 0.759615 0.222071 0.785257 0.198910 0.785257
1 0.222071 0.741987 0.246594 0.741987 0.246594 0.775641 0.222071 0.775641
1 0.212534 0.709936 0.234332 0.709936 0.234332 0.740385 0.212534 0.740385
1 0.201635 0.733974 0.223433 0.733974 0.223433 0.751602 0.201635 0.751602
1 0.239781 0.700321 0.262942 0.700321 0.262942 0.729167 0.239781 0.729167
1 0.069482 0.548077 0.091280 0.548077 0.091280 0.578526 0.069482 0.578526
1 0.098092 0.543269 0.121254 0.543269 0.121254 0.570513 0.098092 0.570513
1 0.130791 0.496795 0.155314 0.496795 0.155314 0.525641 0.130791 0.525641
1 0.183924 0.517628 0.211172 0.517628 0.211172 0.546474 0.183924 0.546474
1 0.238420 0.543269 0.265668 0.543269 0.265668 0.572115 0.238420 0.572115
1 0.051771 0.586538 0.074932 0.586538 0.074932 0.612179 0.051771 0.612179
1 0.096731 0.588141 0.121254 0.588141 0.121254 0.610577 0.096731 0.610577
1 0.077657 0.612180 0.091281 0.612180 0.091281 0.629808 0.077657 0.629808
1 0.036785 0.549680 0.055859 0.549680 0.055859 0.578526 0.036785 0.578526
1 0.010899 0.520833 0.031335 0.520833 0.031335 0.554487 0.010899 0.554487
1 0.350136 0.740384 0.377384 0.740384 0.377384 0.767628 0.350136 0.767628
1 0.316076 0.772436 0.336512 0.772436 0.336512 0.802885 0.316076 0.802885
1 0.346050 0.791667 0.370572 0.791667 0.370572 0.820513 0.346050 0.820513
1 0.362397 0.767628 0.385558 0.767628 0.385558 0.794872 0.362397 0.794872
1 0.414169 0.735577 0.434605 0.735577 0.434605 0.762821 0.414169 0.762821
1 0.393733 0.833334 0.429155 0.833334 0.429155 0.857372 0.393733 0.857372
1 0.410082 0.862179 0.431880 0.862179 0.431880 0.887821 0.410082 0.887821
1 0.386921 0.879807 0.410081 0.879807 0.410081 0.905448 0.386921 0.905448
1 0.460490 0.860577 0.487738 0.860577 0.487738 0.894231 0.460490 0.894231
1 0.501362 0.875000 0.525886 0.875000 0.525886 0.902244 0.501362 0.902244
1 0.539509 0.881410 0.562670 0.881410 0.562670 0.908654 0.539509 0.908654
1 0.455041 0.810897 0.483651 0.810897 0.483651 0.842948 0.455041 0.842948
1 0.399183 0.661859 0.426431 0.661859 0.426431 0.695513 0.399183 0.695513
1 0.341962 0.681090 0.366484 0.681090 0.366484 0.714744 0.341962 0.714744
1 0.313351 0.690705 0.333787 0.690705 0.333787 0.719551 0.313351 0.719551
1 0.295640 0.722756 0.322888 0.722756 0.322888 0.751602 0.295640 0.751602
1 0.290191 0.631410 0.316077 0.631410 0.316077 0.657052 0.290191 0.657052
1 0.331063 0.631410 0.359673 0.631410 0.359673 0.658654 0.331063 0.658654
1 0.313352 0.818910 0.336512 0.818910 0.336512 0.847756 0.313352 0.847756
1 0.257494 0.508012 0.282017 0.508012 0.282017 0.540064 0.257494 0.540064
1 0.290191 0.549680 0.313352 0.549680 0.313352 0.578526 0.290191 0.578526
1 0.314714 0.495193 0.339236 0.495193 0.339236 0.525641 0.314714 0.525641
1 0.352861 0.482372 0.374659 0.482372 0.374659 0.520834 0.352861 0.520834
1 0.405995 0.541666 0.434605 0.541666 0.434605 0.568910 0.405995 0.568910
1 0.257493 0.459936 0.283379 0.459936 0.283379 0.488782 0.257493 0.488782
1 0.064032 0.411859 0.089918 0.411859 0.089918 0.442307 0.064032 0.442307
1 0.081744 0.376603 0.106266 0.376603 0.106266 0.411859 0.081744 0.411859
1 0.143051 0.360577 0.167575 0.360577 0.167575 0.391025 0.143051 0.391025
1 0.144414 0.437500 0.171662 0.437500 0.171662 0.466346 0.144414 0.466346
1 0.267031 0.378205 0.291553 0.378205 0.291553 0.410257 0.267031 0.410257
1 0.328338 0.378205 0.355586 0.378205 0.355586 0.413461 0.328338 0.413461
1 0.286103 0.350962 0.311989 0.350962 0.311989 0.381410 0.286103 0.381410
1 0.217984 0.294872 0.245232 0.294872 0.245232 0.320513 0.217984 0.320513
1 0.079019 0.310897 0.098093 0.310897 0.098093 0.338141 0.079019 0.338141
1 0.155314 0.301282 0.190736 0.301282 0.190736 0.330128 0.155314 0.330128
1 0.486376 0.046474 0.513624 0.046474 0.513624 0.075320 0.486376 0.075320
1 0.528610 0.046475 0.549046 0.046475 0.549046 0.072115 0.528610 0.072115
1 0.599455 0.022436 0.621253 0.022436 0.621253 0.060898 0.599455 0.060898
1 0.589918 0.004808 0.618528 0.004808 0.618528 0.030449 0.589918 0.030449
1 0.623978 0.147435 0.647139 0.147435 0.647139 0.173077 0.623978 0.173077
1 0.591280 0.177885 0.621254 0.177885 0.621254 0.206731 0.591280 0.206731
1 0.615804 0.206731 0.638965 0.206731 0.638965 0.235577 0.615804 0.235577
1 0.540871 0.173077 0.577657 0.173077 0.577657 0.205128 0.540871 0.205128
1 0.535423 0.128206 0.557221 0.128206 0.557221 0.153847 0.535423 0.153847
1 0.504087 0.121794 0.528610 0.121794 0.528610 0.152244 0.504087 0.152244
1 0.524523 0.086539 0.553133 0.086539 0.553133 0.115385 0.524523 0.115385
1 0.585831 0.100961 0.613079 0.100961 0.613079 0.131410 0.585831 0.131410
1 0.509536 0.157051 0.534060 0.157051 0.534060 0.185897 0.509536 0.185897
1 0.472751 0.131411 0.495912 0.131411 0.495912 0.163462 0.472751 0.163462
1 0.453678 0.168269 0.493188 0.168269 0.493188 0.195513 0.453678 0.195513
1 0.613079 0.078525 0.640327 0.078525 0.640327 0.110576 0.613079 0.110576
1 0.643051 0.062499 0.667575 0.062499 0.667575 0.092949 0.643051 0.092949
1 0.644414 0.032051 0.671662 0.032051 0.671662 0.062501 0.644414 0.062501
1 0.629428 0.011218 0.656676 0.011218 0.656676 0.033654 0.629428 0.033654
1 0.682561 0.020833 0.711171 0.020833 0.711171 0.049679 0.682561 0.049679
1 0.476839 0.084936 0.504087 0.084936 0.504087 0.113782 0.476839 0.113782
1 0.446866 0.102564 0.472752 0.102564 0.472752 0.137820 0.446866 0.137820
1 0.449591 0.048076 0.478201 0.048076 0.478201 0.078525 0.449591 0.078525
1 0.420981 0.078525 0.441417 0.078525 0.441417 0.110576 0.420981 0.110576
1 0.403270 0.116987 0.425068 0.116987 0.425068 0.147436 0.403270 0.147436
1 0.423706 0.144231 0.450954 0.144231 0.450954 0.176282 0.423706 0.176282
1 0.505450 0.008013 0.532698 0.008013 0.532698 0.038462 0.505450 0.038462
1 0.531335 0.004808 0.555859 0.004808 0.555859 0.033654 0.531335 0.033654
1 0.551771 0.038461 0.579019 0.038461 0.579019 0.068910 0.551771 0.068910
1 0.568120 0.131410 0.608992 0.131410 0.608992 0.171474 0.568120 0.171474
1 0.652589 0.001602 0.683923 0.001602 0.683923 0.027244 0.652589 0.027244
1 0.737057 0.030448 0.757493 0.030448 0.757493 0.060898 0.737057 0.060898
1 0.754768 0.014423 0.782016 0.014423 0.782016 0.051283 0.754768 0.051283
1 0.803815 0.024039 0.832425 0.024039 0.832425 0.059295 0.803815 0.059295
1 0.795640 0.067307 0.818801 0.067307 0.818801 0.097756 0.795640 0.097756
1 0.764305 0.102564 0.792915 0.102564 0.792915 0.133013 0.764305 0.133013
1 0.764305 0.065706 0.786103 0.065706 0.786103 0.097756 0.764305 0.097756
1 0.730245 0.060898 0.756131 0.060898 0.756131 0.086539 0.730245 0.086539
1 0.813351 0.089744 0.840599 0.089744 0.840599 0.121794 0.813351 0.121794
1 0.799728 0.126603 0.822889 0.126603 0.822889 0.158654 0.799728 0.158654
1 0.762943 0.160256 0.788829 0.160256 0.788829 0.181089 0.762943 0.181089
1 0.767030 0.181089 0.791554 0.181089 0.791554 0.211538 0.767030 0.211538
1 0.884196 0.089743 0.905994 0.089743 0.905994 0.128205 0.884196 0.128205
1 0.904632 0.134616 0.930518 0.134616 0.930518 0.169872 0.904632 0.169872
1 0.900545 0.169872 0.927793 0.169872 0.927793 0.200321 0.900545 0.200321
1 0.908720 0.203526 0.931881 0.203526 0.931881 0.238782 0.908720 0.238782
1 0.938692 0.214744 0.974114 0.214744 0.974114 0.246794 0.938692 0.246794
1 0.895095 0.250000 0.922343 0.250000 0.922343 0.278846 0.895095 0.278846
1 0.920981 0.283653 0.946867 0.283653 0.946867 0.315704 0.920981 0.315704
1 0.960490 0.259615 0.991826 0.259615 0.991826 0.290064 0.960490 0.290064
1 0.814714 0.241987 0.841962 0.241987 0.841962 0.277243 0.814714 0.277243
1 0.862398 0.198717 0.891008 0.198717 0.891008 0.235577 0.862398 0.235577
1 0.884196 0.341346 0.908720 0.341346 0.908720 0.370192 0.884196 0.370192
1 0.948228 0.350961 0.972751 0.350961 0.972751 0.376603 0.948228 0.376603
1 0.961853 0.310897 0.987739 0.310897 0.987739 0.349359 0.961853 0.349359
1 0.824251 0.317307 0.852861 0.317307 0.852861 0.344551 0.824251 0.344551
1 0.765667 0.222757 0.791553 0.222757 0.791553 0.258013 0.765667 0.258013
1 0.788828 0.282052 0.816076 0.282052 0.816076 0.312500 0.788828 0.312500
1 0.731607 0.302885 0.754768 0.302885 0.754768 0.336539 0.731607 0.336539
1 0.752043 0.277244 0.775204 0.277244 0.775204 0.314103 0.752043 0.314103
1 0.773842 0.301282 0.798366 0.301282 0.798366 0.334936 0.773842 0.334936
1 0.728883 0.357372 0.757493 0.357372 0.757493 0.397436 0.728883 0.397436
1 0.144414 0.160256 0.173024 0.160256 0.173024 0.187500 0.144414 0.187500
1 0.183923 0.115385 0.202997 0.115385 0.202997 0.147435 0.183923 0.147435
1 0.271117 0.187500 0.298365 0.187500 0.298365 0.213142 0.271117 0.213142
1 0.302452 0.121794 0.328338 0.121794 0.328338 0.152244 0.302452 0.152244
1 0.326975 0.208334 0.354223 0.208334 0.354223 0.238783 0.326975 0.238783
1 0.351498 0.189103 0.376021 0.189103 0.376021 0.217949 0.351498 0.217949
1 0.298366 0.256410 0.322888 0.256410 0.322888 0.285256 0.298366 0.285256
1 0.318800 0.245193 0.341961 0.245193 0.341961 0.275641 0.318800 0.275641
1 0.306539 0.296474 0.333787 0.296474 0.333787 0.328526 0.306539 0.328526
1 0.220709 0.248398 0.249319 0.248398 0.249319 0.278846 0.220709 0.278846
1 0.275205 0.416667 0.297003 0.416667 0.297003 0.447115 0.275205 0.447115
1 0.336512 0.447116 0.356948 0.447116 0.356948 0.482372 0.336512 0.482372
1 0.027248 0.357372 0.049046 0.357372 0.049046 0.381410 0.027248 0.381410
1 0.211172 0.605770 0.231608 0.605770 0.231608 0.647436 0.211172 0.647436
1 0.261580 0.608974 0.288828 0.608974 0.288828 0.639423 0.261580 0.639423
1 0.377384 0.616987 0.404632 0.616987 0.404632 0.644231 0.377384 0.644231
1 0.403270 0.612180 0.423706 0.612180 0.423706 0.641026 0.403270 0.641026
1 0.438692 0.600961 0.457766 0.600961 0.457766 0.623397 0.438692 0.623397
1 0.437329 0.568910 0.460490 0.568910 0.460490 0.592948 0.437329 0.592948
1 0.457766 0.631410 0.486376 0.631410 0.486376 0.660256 0.457766 0.660256
1 0.470027 0.711539 0.490463 0.711539 0.490463 0.740385 0.470027 0.740385
1 0.467303 0.690705 0.483651 0.690705 0.483651 0.713141 0.467303 0.713141
1 0.260218 0.725962 0.279292 0.725962 0.279292 0.754808 0.260218 0.754808
1 0.292916 0.682692 0.306540 0.682692 0.306540 0.698718 0.292916 0.698718
1 0.313352 0.655448 0.328338 0.655448 0.328338 0.674679 0.313352 0.674679
1 0.479564 0.568910 0.505450 0.568910 0.505450 0.597756 0.479564 0.597756
1 0.836512 0.528846 0.862398 0.528846 0.862398 0.557692 0.836512 0.557692
1 0.870572 0.525641 0.892370 0.525641 0.892370 0.556090 0.870572 0.556090
1 0.918256 0.527243 0.938692 0.527243 0.938692 0.552885 0.918256 0.552885
1 0.859673 0.472757 0.882834 0.472757 0.882834 0.503205 0.859673 0.503205
1 0.832425 0.498397 0.858311 0.498397 0.858311 0.524038 0.832425 0.524038
1 0.863761 0.427885 0.886922 0.427885 0.886922 0.456731 0.863761 0.456731
1 0.903270 0.418269 0.926431 0.418269 0.926431 0.453525 0.903270 0.453525
1 0.938692 0.403845 0.963216 0.403845 0.963216 0.445512 0.938692 0.445512
1 0.911444 0.576923 0.937330 0.576923 0.937330 0.605769 0.911444 0.605769
1 0.933242 0.605769 0.956403 0.605769 0.956403 0.634615 0.933242 0.634615
1 0.848773 0.616987 0.871934 0.616987 0.871934 0.650641 0.848773 0.650641
1 0.851499 0.572115 0.874660 0.572115 0.874660 0.600961 0.851499 0.600961
1 0.824250 0.588141 0.848774 0.588141 0.848774 0.613783 0.824250 0.613783
1 0.888284 0.642628 0.911444 0.642628 0.911444 0.689102 0.888284 0.689102
1 0.876022 0.693910 0.896458 0.693910 0.896458 0.719552 0.876022 0.719552
1 0.811989 0.700320 0.836512 0.700320 0.836512 0.727564 0.811989 0.727564
1 0.752044 0.668269 0.773842 0.668269 0.773842 0.701923 0.752044 0.701923
1 0.786103 0.677885 0.810627 0.677885 0.810627 0.698718 0.786103 0.698718
1 0.746594 0.620192 0.765668 0.620192 0.765668 0.658654 0.746594 0.658654
1 0.967302 0.687500 0.998638 0.687500 0.998638 0.716346 0.967302 0.716346
1 0.846049 0.764424 0.878747 0.764424 0.878747 0.790065 0.846049 0.790065
1 0.782017 0.753205 0.805177 0.753205 0.805177 0.778846 0.782017 0.778846
1 0.723433 0.451923 0.750681 0.451923 0.750681 0.480769 0.723433 0.480769
1 0.776567 0.399039 0.797003 0.399039 0.797003 0.434295 0.776567 0.434295
1 0.795641 0.395834 0.817439 0.395834 0.817439 0.419872 0.795641 0.419872
1 0.678474 0.381410 0.704360 0.381410 0.704360 0.415064 0.678474 0.415064
1 0.662125 0.423077 0.688011 0.423077 0.688011 0.458333 0.662125 0.458333
1 0.604904 0.455129 0.630790 0.455129 0.630790 0.485577 0.604904 0.485577
1 0.569482 0.491987 0.596730 0.491987 0.596730 0.520833 0.569482 0.520833
1 0.570844 0.442307 0.594005 0.442307 0.594005 0.469551 0.570844 0.469551
1 0.634877 0.326923 0.668937 0.326923 0.668937 0.355769 0.634877 0.355769
1 0.709809 0.326923 0.737057 0.326923 0.737057 0.357371 0.709809 0.357371
1 0.682561 0.336538 0.707085 0.336538 0.707085 0.368590 0.682561 0.368590
1 0.673025 0.288461 0.696186 0.288461 0.696186 0.315705 0.673025 0.315705
1 0.630790 0.290064 0.655313 0.290064 0.655313 0.323718 0.630790 0.323718
1 0.598093 0.307692 0.615804 0.307692 0.615804 0.333334 0.598093 0.333334
1 0.538148 0.520833 0.569482 0.520833 0.569482 0.546474 0.538148 0.546474
1 0.772479 0.511218 0.805177 0.511218 0.805177 0.540064 0.772479 0.540064
1 0.777929 0.463141 0.820163 0.463141 0.820163 0.519231 0.777929 0.519231
1 0.833788 0.440706 0.851499 0.440706 0.851499 0.461539 0.833788 0.461539
1 0.734332 0.806090 0.758856 0.806090 0.758856 0.842948 0.734332 0.842948
1 0.765667 0.796474 0.790191 0.796474 0.790191 0.826923 0.765667 0.826923
1 0.930518 0.842949 0.965940 0.842949 0.965940 0.870193 0.930518 0.870193
1 0.974114 0.001602 1.000000 0.001602 1.000000 0.043270 0.974114 0.043270
1 0.694823 0.785256 0.719346 0.785256 0.719346 0.812500 0.694823 0.812500
1 0.647139 0.820512 0.682561 0.820512 0.682561 0.846154 0.647139 0.846154
1 0.630790 0.849359 0.656676 0.849359 0.656676 0.873397 0.630790 0.873397
1 0.768392 0.849359 0.795640 0.849359 0.795640 0.878205 0.768392 0.878205
1 0.822888 0.796474 0.866486 0.796474 0.866486 0.823718 0.822888 0.823718
1 0.885559 0.783654 0.901907 0.783654 0.901907 0.801282 0.885559 0.801282
1 0.848774 0.810897 0.904632 0.810897 0.904632 0.842948 0.848774 0.842948
1 0.811989 0.907052 0.843325 0.907052 0.843325 0.950321 0.811989 0.950321
1 0.813352 0.980769 0.837875 0.980769 0.837875 1.000000 0.813352 1.000000
1 0.614442 0.964743 0.636240 0.964743 0.636240 0.991987 0.614442 0.991987
1 0.389646 0.959935 0.412807 0.959935 0.412807 0.985576 0.389646 0.985576
1 0.708447 0.903846 0.735695 0.903846 0.735695 0.926282 0.708447 0.926282
1 0.730245 0.719552 0.754769 0.719552 0.754769 0.769231 0.730245 0.769231
1 0.709809 0.504808 0.735695 0.504808 0.735695 0.533654 0.709809 0.533654
1 0.250682 0.219551 0.268393 0.219551 0.268393 0.241987 0.250682 0.241987
1 0.245232 0.299679 0.267030 0.299679 0.267030 0.331731 0.245232 0.331731
1 0.252044 0.326923 0.280654 0.326923 0.280654 0.357371 0.252044 0.357371
1 0.237058 0.366987 0.253406 0.366987 0.253406 0.389423 0.237058 0.389423
1 0.182561 0.474359 0.216621 0.474359 0.216621 0.517629 0.182561 0.517629
1 0.234333 0.496795 0.256131 0.496795 0.256131 0.519231 0.234333 0.519231
1 0.359673 0.536859 0.385559 0.536859 0.385559 0.562500 0.359673 0.562500
1 0.380109 0.514424 0.400545 0.514424 0.400545 0.557693 0.380109 0.557693
1 0.836512 0.155449 0.873298 0.155449 0.873298 0.189103 0.836512 0.189103
1 0.005450 0.676282 0.034060 0.676282 0.034060 0.711538 0.005450 0.711538
1 0.701635 0.182693 0.728883 0.182693 0.728883 0.217949 0.701635 0.217949
0 0.336512 0.115385 0.384196 0.115385 0.384196 0.168270 0.336512 0.168270
0 0.347411 0.014423 0.405995 0.014423 0.405995 0.081731 0.347411 0.081731
