0 0.352716 0.347789 0.375669 0.347789 0.375669 0.379012 0.352716 0.379012
0 0.322111 0.328708 0.348890 0.328708 0.348890 0.368604 0.322111 0.368604
0 0.305279 0.319167 0.323642 0.319167 0.323642 0.359930 0.305279 0.359930
0 0.294567 0.430182 0.319051 0.430182 0.319051 0.459670 0.294567 0.459670
0 0.392502 0.423243 0.419281 0.423243 0.419281 0.459670 0.392502 0.459670
0 0.374904 0.394622 0.400918 0.394622 0.400918 0.440589 0.374904 0.440589
0 0.403979 0.471812 0.424637 0.471812 0.424637 0.504770 0.403979 0.504770
0 0.424636 0.508239 0.461361 0.508239 0.461361 0.544666 0.424636 0.544666
0 0.486611 0.547268 0.517215 0.547268 0.517215 0.575022 0.486611 0.575022
0 0.436113 0.544666 0.460597 0.544666 0.460597 0.562012 0.436113 0.562012
0 0.502677 0.514311 0.536343 0.514311 0.536343 0.545534 0.502677 0.545534
0 0.538639 0.526453 0.568477 0.526453 0.568477 0.551605 0.538639 0.551605
0 0.537872 0.562013 0.571538 0.562013 0.571538 0.588032 0.537872 0.588032
0 0.593726 0.516912 0.619740 0.516912 0.619740 0.548135 0.593726 0.548135
0 0.576129 0.555941 0.605967 0.555941 0.605967 0.578491 0.576129 0.578491
0 0.618975 0.570685 0.642693 0.570685 0.642693 0.598439 0.618975 0.598439
0 0.601378 0.562011 0.624331 0.562011 0.624331 0.581092 0.601378 0.581092
0 0.629686 0.537728 0.654170 0.537728 0.654170 0.559410 0.629686 0.559410
0 0.656466 0.512576 0.677889 0.512576 0.677889 0.536860 0.656466 0.536860
0 0.654936 0.543798 0.676358 0.543798 0.676358 0.572419 0.654936 0.572419
0 0.667942 0.564613 0.686304 0.564613 0.686304 0.598438 0.667942 0.598438
0 0.682479 0.532524 0.701607 0.532524 0.701607 0.562012 0.682479 0.562012
0 0.687069 0.562879 0.713849 0.562879 0.713849 0.605377 0.687069 0.605377
0 0.712318 0.541197 0.733741 0.541197 0.733741 0.568951 0.712318 0.568951
0 0.723030 0.487424 0.765876 0.487424 0.765876 0.515178 0.723030 0.515178
0 0.702372 0.432783 0.736802 0.432783 0.736802 0.474414 0.702372 0.474414
0 0.731446 0.590634 0.760520 0.590634 0.760520 0.626192 0.731446 0.626192
0 0.782709 0.546400 0.823260 0.546400 0.823260 0.582827 0.782709 0.582827
0 0.811017 0.479619 0.833970 0.479619 0.833970 0.508239 0.811017 0.508239
0 0.554705 0.479619 0.586075 0.479619 0.586075 0.520382 0.554705 0.520382
0 0.596786 0.465741 0.625095 0.465741 0.625095 0.490893 0.596786 0.490893
0 0.607498 0.430183 0.636572 0.430183 0.636572 0.461406 0.607498 0.461406
0 0.626625 0.405030 0.653405 0.405030 0.653405 0.435386 0.626625 0.435386
0 0.498852 0.430182 0.523336 0.430182 0.523336 0.460538 0.498852 0.460538
0 0.530222 0.454466 0.558530 0.454466 0.558530 0.483088 0.530222 0.483088
0 0.527162 0.423243 0.557766 0.423243 0.557766 0.449263 0.527162 0.449263
0 0.526396 0.401561 0.557766 0.401561 0.557766 0.424111 0.526396 0.424111
0 0.480490 0.408500 0.506504 0.408500 0.506504 0.427581 0.480490 0.427581
0 0.569243 0.415438 0.606733 0.415438 0.606733 0.445794 0.569243 0.445794
0 0.562357 0.381613 0.592195 0.381613 0.592195 0.410235 0.562357 0.410235
0 0.598317 0.320902 0.624331 0.320902 0.624331 0.347788 0.598317 0.347788
0 0.600612 0.279272 0.630451 0.279272 0.630451 0.313964 0.600612 0.313964
0 0.574598 0.265394 0.595256 0.265394 0.595256 0.300953 0.574598 0.300953
0 0.551645 0.281006 0.573833 0.281006 0.573833 0.319167 0.551645 0.319167
0 0.521806 0.306158 0.552410 0.306158 0.552410 0.357328 0.521806 0.357328
0 0.485080 0.325238 0.514154 0.325238 0.514154 0.352992 0.485080 0.352992
0 0.449885 0.308760 0.481255 0.308760 0.481255 0.345187 0.449885 0.345187
0 0.487376 0.599306 0.511094 0.599306 0.511094 0.621856 0.487376 0.621856
0 0.443765 0.630529 0.469013 0.630529 0.469013 0.664354 0.443765 0.664354
0 0.478959 0.691240 0.488140 0.691240 0.488140 0.723330 0.478959 0.723330
0 0.425401 0.575022 0.453711 0.575022 0.453711 0.596704 0.425401 0.596704
0 0.410865 0.605377 0.448355 0.605377 0.448355 0.633131 0.410865 0.633131
0 0.369549 0.643538 0.401684 0.643538 0.401684 0.686904 0.369549 0.686904
0 0.379495 0.592368 0.403213 0.592368 0.403213 0.627060 0.379495 0.627060
0 0.348890 0.483088 0.377200 0.483088 0.377200 0.503036 0.348890 0.503036
0 0.298393 0.516912 0.320581 0.516912 0.320581 0.548135 0.298393 0.548135
0 0.269319 0.604510 0.289977 0.604510 0.289977 0.621856 0.269319 0.621856
0 0.306810 0.610581 0.335119 0.610581 0.335119 0.642671 0.306810 0.642671
0 0.326702 0.530790 0.351186 0.530790 0.351186 0.562013 0.326702 0.562013
0 0.257842 0.505637 0.289212 0.505637 0.289212 0.542064 0.257842 0.542064
0 0.232594 0.606244 0.262433 0.606244 0.262433 0.640069 0.232594 0.640069
0 0.308340 0.675629 0.338178 0.675629 0.338178 0.692975 0.308340 0.692975
0 0.257077 0.306158 0.291507 0.306158 0.291507 0.343452 0.257077 0.343452
0 0.396327 0.245447 0.435348 0.245447 0.435348 0.290547 0.396327 0.290547
0 0.370313 0.183000 0.412394 0.183000 0.412394 0.234172 0.370313 0.234172
0 0.452946 0.163920 0.478960 0.163920 0.478960 0.193408 0.452946 0.193408
0 0.506503 0.165655 0.532517 0.165655 0.532517 0.194276 0.506503 0.194276
0 0.541698 0.120555 0.563121 0.120555 0.563121 0.160451 0.541698 0.160451
0 0.397858 0.146574 0.427696 0.146574 0.427696 0.185603 0.397858 0.185603
0 0.258607 0.260191 0.293802 0.260191 0.293802 0.289679 0.258607 0.289679
0 0.276970 0.209888 0.311400 0.209888 0.311400 0.241111 0.276970 0.241111
0 0.260138 0.124892 0.287682 0.124892 0.287682 0.161319 0.260138 0.161319
0 0.319051 0.159583 0.357307 0.159583 0.357307 0.192541 0.319051 0.192541
0 0.172914 0.234172 0.198164 0.234172 0.198164 0.259324 0.172914 0.259324
0 0.208110 0.253252 0.238714 0.253252 0.238714 0.287944 0.208110 0.287944
0 0.276970 0.372073 0.302984 0.372073 0.302984 0.409367 0.276970 0.409367
0 0.198929 0.329576 0.229533 0.329576 0.229533 0.367737 0.198929 0.367737
0 0.179800 0.276670 0.211935 0.276670 0.211935 0.312229 0.179800 0.312229
0 0.137720 0.229836 0.165264 0.229836 0.165264 0.270599 0.137720 0.270599
0 0.087223 0.267130 0.100995 0.267130 0.100995 0.298353 0.087223 0.298353
0 0.090283 0.325238 0.119357 0.325238 0.119357 0.348656 0.090283 0.348656
0 0.123183 0.346054 0.156848 0.346054 0.156848 0.375542 0.123183 0.375542
0 0.122417 0.372072 0.150726 0.372072 0.150726 0.398091 0.122417 0.398091
0 0.153023 0.383348 0.182862 0.383348 0.182862 0.414571 0.153023 0.414571
0 0.187452 0.397224 0.216526 0.397224 0.216526 0.427580 0.187452 0.427580
0 0.166794 0.339983 0.191278 0.339983 0.191278 0.372073 0.166794 0.372073
0 0.166029 0.415438 0.202755 0.415438 0.202755 0.457936 0.166029 0.457936
0 0.145371 0.448396 0.171385 0.448396 0.171385 0.479619 0.145371 0.479619
0 0.126243 0.430183 0.153787 0.430183 0.153787 0.464008 0.126243 0.464008
0 0.123948 0.399826 0.156848 0.399826 0.156848 0.424978 0.123948 0.424978
0 0.091049 0.402429 0.120888 0.402429 0.120888 0.429315 0.091049 0.429315
0 0.078806 0.429315 0.103290 0.429315 0.103290 0.456201 0.078806 0.456201
0 0.099464 0.460537 0.120122 0.460537 0.120122 0.481353 0.099464 0.481353
0 0.024483 0.427580 0.071155 0.427580 0.071155 0.452732 0.024483 0.452732
0 0.052793 0.378144 0.079572 0.378144 0.079572 0.405030 0.052793 0.405030
0 0.248661 0.424978 0.280796 0.424978 0.280796 0.462272 0.248661 0.462272
0 0.239480 0.479619 0.268554 0.479619 0.268554 0.509107 0.239480 0.509107
0 0.262433 0.466608 0.284621 0.466608 0.284621 0.492627 0.262433 0.492627
0 0.218822 0.549003 0.258608 0.549003 0.258608 0.584561 0.218822 0.584561
0 0.166794 0.535126 0.201224 0.535126 0.201224 0.572420 0.166794 0.572420
0 0.019128 0.350390 0.045142 0.350390 0.045142 0.376410 0.019128 0.376410
0 0.030604 0.376409 0.050498 0.376409 0.050498 0.398959 0.030604 0.398959
0 0.180566 0.102342 0.207345 0.102342 0.207345 0.133565 0.180566 0.133565
0 0.147666 0.123158 0.179036 0.123158 0.179036 0.146575 0.147666 0.146575
0 0.114766 0.126626 0.141545 0.126626 0.141545 0.151778 0.114766 0.151778
0 0.044376 0.163920 0.065799 0.163920 0.065799 0.189940 0.044376 0.189940
0 0.094109 0.032958 0.116297 0.032958 0.116297 0.057242 0.094109 0.057242
0 0.068860 0.039029 0.092578 0.039029 0.092578 0.065915 0.068860 0.065915
0 0.080337 0.119688 0.094873 0.119688 0.094873 0.141371 0.080337 0.141371
0 0.052028 0.084129 0.068860 0.084129 0.068860 0.113617 0.052028 0.113617
0 0.122418 0.065048 0.146902 0.065048 0.146902 0.091066 0.122418 0.091066
0 0.165264 0.032091 0.196634 0.032091 0.196634 0.047702 0.165264 0.047702
0 0.232593 0.051171 0.257842 0.051171 0.257842 0.078057 0.232593 0.078057
0 0.039786 0.220295 0.065800 0.220295 0.065800 0.250651 0.039786 0.250651
0 0.332823 0.023416 0.358837 0.023416 0.358837 0.045100 0.332823 0.045100
0 0.360368 0.067650 0.390206 0.067650 0.390206 0.097138 0.360368 0.097138
0 0.442999 0.116218 0.468248 0.116218 0.468248 0.146574 0.442999 0.146574
0 0.454476 0.098873 0.483550 0.098873 0.483550 0.130963 0.454476 0.130963
0 0.447591 0.040763 0.477429 0.040763 0.477429 0.078057 0.447591 0.078057
0 0.441470 0.059844 0.471308 0.059844 0.471308 0.092802 0.441470 0.092802
0 0.483550 0.065048 0.517980 0.065048 0.517980 0.112750 0.483550 0.112750
0 0.573068 0.172594 0.603672 0.172594 0.603672 0.211622 0.573068 0.211622
0 0.613618 0.172594 0.640398 0.172594 0.640398 0.206419 0.613618 0.206419
0 0.628156 0.118820 0.658760 0.118820 0.658760 0.162185 0.628156 0.162185
0 0.603672 0.079792 0.629686 0.079792 0.629686 0.121423 0.603672 0.121423
0 0.565417 0.067649 0.594491 0.067649 0.594491 0.095403 0.565417 0.095403
0 0.579189 0.010408 0.613619 0.010408 0.613619 0.042498 0.579189 0.042498
0 0.530987 0.027754 0.568477 0.027754 0.568477 0.062446 0.530987 0.062446
0 0.650344 0.020815 0.678653 0.020815 0.678653 0.056374 0.650344 0.056374
0 0.674063 0.058977 0.702371 0.058977 0.702371 0.093669 0.674063 0.093669
0 0.684010 0.093669 0.703902 0.093669 0.703902 0.114484 0.684010 0.114484
0 0.679419 0.123157 0.693191 0.123157 0.693191 0.147441 0.679419 0.147441
0 0.929610 0.038162 0.953328 0.038162 0.953328 0.065048 0.929610 0.065048
0 0.903596 0.072854 0.939556 0.072854 0.939556 0.101475 0.903596 0.101475
0 0.908952 0.132698 0.922724 0.132698 0.922724 0.153512 0.908952 0.153512
0 0.954094 0.073721 0.977812 0.073721 0.977812 0.108413 0.954094 0.108413
0 0.978577 0.128361 0.998470 0.128361 0.998470 0.160451 0.978577 0.160451
0 0.866106 0.137034 0.902830 0.137034 0.902830 0.158717 0.866106 0.158717
0 0.830910 0.028621 0.855394 0.028621 0.855394 0.053773 0.830910 0.053773
0 0.843917 0.070251 0.864575 0.070251 0.864575 0.088465 0.843917 0.088465
0 0.896710 0.017346 0.922724 0.017346 0.922724 0.044232 0.896710 0.044232
0 0.943382 0.004337 0.962510 0.004337 0.962510 0.030356 0.943382 0.030356
0 0.781178 0.010408 0.806428 0.010408 0.806428 0.039029 0.781178 0.039029
0 0.731446 0.081526 0.747514 0.081526 0.747514 0.126626 0.731446 0.126626
0 0.745983 0.182133 0.772763 0.182133 0.772763 0.212489 0.745983 0.212489
0 0.788064 0.178665 0.827850 0.178665 0.827850 0.202949 0.788064 0.202949
0 0.718439 0.175195 0.736037 0.175195 0.736037 0.204683 0.718439 0.204683
0 0.719970 0.215091 0.734507 0.215091 0.734507 0.243712 0.719970 0.243712
0 0.712318 0.241978 0.729916 0.241978 0.729916 0.278404 0.712318 0.278404
0 0.731446 0.242845 0.747514 0.242845 0.747514 0.273201 0.731446 0.273201
0 0.739862 0.216826 0.755164 0.216826 0.755164 0.243712 0.739862 0.243712
0 0.931141 0.172594 0.952564 0.172594 0.952564 0.210755 0.931141 0.210755
0 0.900536 0.188204 0.920428 0.188204 0.920428 0.228967 0.900536 0.228967
0 0.928079 0.234171 0.960979 0.234171 0.960979 0.267129 0.928079 0.267129
0 0.953328 0.254120 0.977046 0.254120 0.977046 0.283608 0.953328 0.283608
0 0.874522 0.236774 0.895180 0.236774 0.895180 0.268864 0.874522 0.268864
0 0.848508 0.266262 0.869166 0.266262 0.869166 0.308760 0.848508 0.308760
0 0.824024 0.285343 0.844682 0.285343 0.844682 0.322637 0.824024 0.322637
0 0.811782 0.237641 0.833205 0.237641 0.833205 0.279272 0.811782 0.279272
0 0.775057 0.268863 0.792655 0.268863 0.792655 0.294882 0.775057 0.294882
0 0.755930 0.294015 0.783474 0.294015 0.783474 0.324371 0.755930 0.324371
0 0.888293 0.320902 0.913543 0.320902 0.913543 0.359930 0.888293 0.359930
0 0.874522 0.359930 0.895945 0.359930 0.895945 0.388551 0.874522 0.388551
0 0.856925 0.319167 0.885234 0.319167 0.885234 0.361665 0.856925 0.361665
0 0.779648 0.362532 0.828615 0.362532 0.828615 0.379012 0.779648 0.379012
0 0.661056 0.303556 0.699312 0.303556 0.699312 0.366868 0.661056 0.366868
0 0.706198 0.320902 0.735272 0.320902 0.735272 0.378144 0.706198 0.378144
0 0.863810 0.398093 0.895180 0.398093 0.895180 0.433652 0.863810 0.433652
0 0.787299 0.400693 0.820964 0.400693 0.820964 0.431916 0.787299 0.431916
0 0.656465 0.264528 0.700076 0.264528 0.700076 0.307893 0.656465 0.307893
0 0.837796 0.485689 0.863810 0.485689 0.863810 0.514311 0.837796 0.514311
0 0.871462 0.516912 0.908186 0.516912 0.908186 0.545534 0.871462 0.545534
0 0.911246 0.524718 0.943381 0.524718 0.943381 0.542932 0.911246 0.542932
0 0.958683 0.507373 0.985463 0.507373 0.985463 0.538596 0.958683 0.538596
0 0.890589 0.560278 0.921959 0.560278 0.921959 0.592368 0.890589 0.592368
0 0.929609 0.584562 0.951032 0.584562 0.951032 0.612316 0.929609 0.612316
0 0.913542 0.597571 0.932670 0.597571 0.932670 0.625325 0.913542 0.625325
0 0.972456 0.573287 0.998470 0.573287 0.998470 0.595837 0.972456 0.595837
0 0.971691 0.614918 0.997705 0.614918 0.997705 0.641804 0.971691 0.641804
0 0.811782 0.538595 0.853863 0.538595 0.853863 0.571553 0.811782 0.571553
0 0.794951 0.511709 0.814843 0.511709 0.814843 0.532524 0.794951 0.532524
0 0.760520 0.621856 0.787300 0.621856 0.787300 0.651344 0.760520 0.651344
0 0.794185 0.628795 0.817138 0.628795 0.817138 0.660018 0.794185 0.660018
0 0.814078 0.625325 0.841622 0.625325 0.841622 0.656548 0.814078 0.656548
0 0.846977 0.651344 0.873757 0.651344 0.873757 0.683434 0.846977 0.683434
0 0.919663 0.647875 0.934965 0.647875 0.934965 0.669557 0.919663 0.669557
0 0.889825 0.639202 0.905892 0.639202 0.905892 0.656548 0.889825 0.656548
0 0.967865 0.680832 0.993879 0.680832 0.993879 0.712055 0.967865 0.712055
0 0.883703 0.691241 0.906656 0.691241 0.906656 0.732872 0.883703 0.732872
0 0.864575 0.725065 0.891355 0.725065 0.891355 0.750217 0.864575 0.750217
0 0.768171 0.706851 0.794185 0.706851 0.794185 0.739809 0.768171 0.739809
0 0.786534 0.725932 0.807192 0.725932 0.807192 0.758890 0.786534 0.758890
0 0.682478 0.627059 0.709258 0.627059 0.709258 0.668690 0.682478 0.668690
0 0.709257 0.686037 0.730680 0.686037 0.730680 0.712923 0.709257 0.712923
0 0.687069 0.681700 0.705432 0.681700 0.705432 0.706852 0.687069 0.706852
0 0.691661 0.715525 0.721499 0.715525 0.721499 0.750217 0.691661 0.750217
0 0.657230 0.693842 0.682480 0.693842 0.682480 0.728534 0.657230 0.728534
0 0.654170 0.620121 0.673298 0.620121 0.673298 0.666089 0.654170 0.666089
0 0.965570 0.801388 0.993879 0.801388 0.993879 0.837815 0.965570 0.837815
0 0.872227 0.757155 0.895945 0.757155 0.895945 0.796184 0.872227 0.796184
0 0.837796 0.735472 0.864576 0.735472 0.864576 0.761491 0.837796 0.761491
0 0.809487 0.758890 0.835501 0.758890 0.835501 0.790980 0.809487 0.790980
0 0.786534 0.779705 0.810252 0.779705 0.810252 0.802255 0.786534 0.802255
0 0.762815 0.797918 0.789595 0.797918 0.789595 0.821335 0.762815 0.821335
0 0.889059 0.810928 0.908952 0.810928 0.908952 0.849090 0.889059 0.849090
0 0.870696 0.880312 0.902832 0.880312 0.902832 0.915004 0.870696 0.915004
0 0.960215 0.869905 0.978577 0.869905 0.978577 0.909801 0.960215 0.909801
0 0.971692 0.852558 0.994645 0.852558 0.994645 0.883781 0.971692 0.883781
0 0.899770 0.910668 0.934966 0.910668 0.934966 0.942758 0.899770 0.942758
0 0.828615 0.891587 0.860750 0.891587 0.860750 0.929749 0.828615 0.929749
0 0.810252 0.856895 0.837032 0.856895 0.837032 0.888985 0.810252 0.888985
0 0.762051 0.869905 0.784239 0.869905 0.784239 0.899393 0.762051 0.899393
0 0.751339 0.920208 0.779647 0.920208 0.779647 0.951431 0.751339 0.951431
0 0.715379 0.926279 0.744453 0.926279 0.744453 0.960971 0.715379 0.960971
0 0.680184 0.954900 0.713084 0.954900 0.713084 0.994796 0.680184 0.994796
0 0.690895 0.872507 0.722265 0.872507 0.722265 0.908065 0.690895 0.908065
0 0.723795 0.820468 0.758991 0.820468 0.758991 0.860364 0.723795 0.860364
0 0.695486 0.800520 0.735272 0.800520 0.735272 0.835212 0.695486 0.835212
0 0.654170 0.813530 0.688600 0.813530 0.688600 0.851692 0.654170 0.851692
0 0.627391 0.858630 0.670237 0.858630 0.670237 0.887251 0.627391 0.887251
0 0.598317 0.854293 0.628155 0.854293 0.628155 0.887251 0.598317 0.887251
0 0.587605 0.823937 0.618975 0.823937 0.618975 0.856895 0.587605 0.856895
0 0.573833 0.873374 0.602907 0.873374 0.602907 0.902862 0.573833 0.902862
0 0.613619 0.730269 0.643458 0.730269 0.643458 0.770165 0.613619 0.770165
0 0.641163 0.909801 0.671002 0.909801 0.671002 0.939289 0.641163 0.939289
0 0.621270 0.912403 0.644223 0.912403 0.644223 0.944493 0.621270 0.944493
0 0.593726 0.928881 0.628156 0.928881 0.628156 0.963573 0.593726 0.963573
0 0.527162 0.899393 0.563886 0.899393 0.563886 0.934085 0.527162 0.934085
0 0.767406 0.750217 0.794186 0.750217 0.794186 0.783175 0.767406 0.783175
0 0.538638 0.794449 0.576128 0.794449 0.576128 0.824805 0.538638 0.824805
0 0.506504 0.837815 0.537108 0.837815 0.537108 0.869038 0.506504 0.869038
0 0.486611 0.863834 0.515685 0.863834 0.515685 0.889853 0.486611 0.889853
0 0.481255 0.886384 0.516450 0.886384 0.516450 0.910668 0.481255 0.910668
0 0.467482 0.834345 0.499617 0.834345 0.499617 0.860364 0.467482 0.860364
0 0.450650 0.859498 0.478194 0.859498 0.478194 0.882915 0.450650 0.882915
0 0.429227 0.796184 0.469013 0.796184 0.469013 0.830876 0.429227 0.830876
0 0.422341 0.836080 0.451415 0.836080 0.451415 0.868170 0.422341 0.868170
0 0.465187 0.751951 0.517215 0.751951 0.517215 0.807458 0.465187 0.807458
0 0.426932 0.922810 0.449120 0.922810 0.449120 0.948829 0.426932 0.948829
0 0.456772 0.951431 0.486611 0.951431 0.486611 0.980919 0.456772 0.980919
0 0.379495 0.877711 0.407805 0.877711 0.407805 0.915871 0.379495 0.915871
0 0.377965 0.960971 0.399388 0.960971 0.399388 0.986990 0.377965 0.986990
0 0.348891 0.803122 0.377965 0.803122 0.377965 0.830008 0.348891 0.830008
0 0.346595 0.840417 0.367253 0.840417 0.367253 0.876843 0.346595 0.876843
0 0.379495 0.700781 0.405509 0.700781 0.405509 0.739810 0.379495 0.739810
0 0.347360 0.721596 0.380260 0.721596 0.380260 0.764094 0.347360 0.764094
0 0.315225 0.843018 0.339709 0.843018 0.339709 0.875108 0.315225 0.875108
0 0.390972 0.822202 0.416986 0.822202 0.416986 0.853425 0.390972 0.853425
0 0.257842 0.892455 0.286916 0.892455 0.286916 0.928882 0.257842 0.928882
0 0.279265 0.913270 0.295333 0.913270 0.295333 0.942758 0.279265 0.942758
0 0.309105 0.950564 0.337414 0.950564 0.337414 0.986990 0.309105 0.986990
0 0.365723 0.930616 0.380261 0.930616 0.380261 0.952298 0.365723 0.952298
0 0.218822 0.949696 0.239480 0.949696 0.239480 0.980052 0.218822 0.980052
0 0.187452 0.968777 0.211936 0.968777 0.211936 0.998265 0.187452 0.998265
0 0.303748 0.717259 0.337414 0.717259 0.337414 0.749349 0.303748 0.749349
0 0.289977 0.753686 0.317521 0.753686 0.317521 0.787511 0.289977 0.787511
0 0.255547 0.801388 0.283091 0.801388 0.283091 0.836946 0.255547 0.836946
0 0.264728 0.714658 0.275440 0.714658 0.275440 0.726800 0.264728 0.726800
0 0.239479 0.731137 0.257842 0.731137 0.257842 0.745013 0.239479 0.745013
0 0.241775 0.749350 0.257077 0.749350 0.257077 0.770165 0.241775 0.770165
0 0.194338 0.745881 0.213466 0.745881 0.213466 0.770165 0.194338 0.770165
0 0.254782 0.660885 0.285386 0.660885 0.285386 0.699045 0.254782 0.699045
0 0.187452 0.707719 0.216526 0.707719 0.216526 0.725065 0.187452 0.725065
0 0.222647 0.838681 0.250957 0.838681 0.250957 0.871639 0.222647 0.871639
0 0.201224 0.797052 0.224942 0.797052 0.224942 0.820469 0.201224 0.820469
0 0.138485 0.898526 0.169855 0.898526 0.169855 0.936686 0.138485 0.936686
0 0.134660 0.875109 0.169090 0.875109 0.169090 0.907199 0.134660 0.907199
0 0.143076 0.841284 0.175976 0.841284 0.175976 0.876842 0.143076 0.876842
0 0.144606 0.817866 0.166794 0.817866 0.166794 0.838681 0.144606 0.838681
0 0.127008 0.776235 0.153787 0.776235 0.153787 0.819601 0.127008 0.819601
0 0.155317 0.788378 0.187453 0.788378 0.187453 0.807458 0.155317 0.807458
0 0.097169 0.854293 0.126243 0.854293 0.126243 0.891587 0.097169 0.891587
0 0.093344 0.781439 0.120888 0.781439 0.120888 0.807458 0.093344 0.807458
0 0.065799 0.814397 0.097169 0.814397 0.097169 0.842151 0.065799 0.842151
0 0.029839 0.770165 0.064269 0.770165 0.064269 0.802255 0.029839 0.802255
0 0.038255 0.738942 0.071155 0.738942 0.071155 0.770165 0.038255 0.770165
0 0.118592 0.672159 0.145371 0.672159 0.145371 0.702515 0.118592 0.702515
0 0.100229 0.662619 0.126243 0.662619 0.126243 0.689505 0.100229 0.689505
0 0.081867 0.956635 0.100995 0.956635 0.100995 0.987858 0.081867 0.987858
0 0.025249 0.711188 0.058149 0.711188 0.058149 0.740676 0.025249 0.740676
0 0.003825 0.682567 0.042081 0.682567 0.042081 0.709453 0.003825 0.709453
0 0.040551 0.647875 0.074216 0.647875 0.074216 0.675629 0.040551 0.675629
0 0.062739 0.619254 0.098699 0.619254 0.098699 0.652212 0.062739 0.652212
0 0.109411 0.585429 0.132364 0.585429 0.132364 0.618387 0.109411 0.618387
0 0.122417 0.602775 0.147667 0.602775 0.147667 0.637467 0.122417 0.637467
0 0.141546 0.737207 0.177506 0.737207 0.177506 0.777971 0.141546 0.777971
0 0.195103 0.652212 0.224177 0.652212 0.224177 0.676496 0.195103 0.676496
0 0.039786 0.873374 0.071920 0.873374 0.071920 0.899393 0.039786 0.899393
0 0.006121 0.589766 0.020657 0.589766 0.020657 0.619254 0.006121 0.619254
0 0.019893 0.562879 0.039021 0.562879 0.039021 0.594102 0.019893 0.594102
0 0.055853 0.495230 0.084927 0.495230 0.084927 0.528188 0.055853 0.528188
0 0.931141 0.886383 0.954094 0.886383 0.954094 0.903729 0.931141 0.903729
0 0.863810 0.572419 0.882938 0.572419 0.882938 0.593234 0.863810 0.593234
0 0.590666 0.361665 0.629687 0.361665 0.629687 0.382481 0.590666 0.382481
0 0.577658 0.346054 0.600611 0.346054 0.600611 0.369471 0.577658 0.369471
0 0.860750 0.433651 0.880642 0.433651 0.880642 0.461405 0.860750 0.461405
0 0.527162 0.356462 0.542464 0.356462 0.542464 0.380746 0.527162 0.380746
0 0.633512 0.224631 0.673298 0.224631 0.673298 0.266263 0.633512 0.266263
0 0.292272 0.261059 0.312166 0.261059 0.312166 0.292282 0.292272 0.292282
0 0.297629 0.293148 0.320582 0.293148 0.320582 0.313964 0.297629 0.313964
0 0.442234 0.216826 0.468248 0.216826 0.468248 0.245447 0.442234 0.245447
0 0.232594 0.119688 0.255547 0.119688 0.255547 0.159584 0.232594 0.159584
0 0.205815 0.042498 0.224943 0.042498 0.224943 0.068517 0.205815 0.068517
0 0.740627 0.000867 0.763580 0.000867 0.763580 0.015611 0.740627 0.015611
0 0.532517 0.002603 0.560061 0.002603 0.560061 0.018214 0.532517 0.018214
0 0.688600 0.041631 0.710788 0.041631 0.710788 0.065047 0.688600 0.065047
0 0.673298 0.006070 0.693956 0.006070 0.693956 0.022550 0.673298 0.022550
0 0.863811 0.076323 0.885234 0.076323 0.885234 0.103209 0.863811 0.103209
0 0.864576 0.117086 0.882938 0.117086 0.882938 0.137034 0.864576 0.137034
0 0.845448 0.088465 0.869166 0.088465 0.869166 0.118821 0.845448 0.118821
0 0.798776 0.032090 0.822494 0.032090 0.822494 0.056374 0.798776 0.056374
0 0.820199 0.043365 0.840091 0.043365 0.840091 0.062446 0.820199 0.062446
0 0.898240 0.001735 0.920428 0.001735 0.920428 0.013877 0.898240 0.013877
0 0.288447 0.010408 0.305279 0.010408 0.305279 0.035560 0.288447 0.035560
3 0.452181 0.222029 0.550115 0.222029 0.550115 0.325238 0.452181 0.325238
3 0.485845 0.657415 0.595256 0.657415 0.595256 0.786643 0.485845 0.786643
3 0.516450 0.594970 0.644988 0.594970 0.644988 0.715525 0.516450 0.715525
3 0.876053 0.421509 0.986993 0.421509 0.986993 0.521249 0.876053 0.521249
3 0.739862 0.069385 0.842387 0.069385 0.842387 0.180399 0.739862 0.180399
3 0.907421 0.286210 0.987759 0.286210 0.987759 0.383348 0.907421 0.383348
3 0.002295 0.895924 0.086457 0.895924 0.086457 0.982654 0.002295 0.982654
