0 0.883486 0.041880 0.918348 0.041880 0.918348 0.081196 0.883486 0.081196
0 0.928440 0.089744 0.961468 0.089744 0.961468 0.129060 0.928440 0.129060
0 0.838531 0.091453 0.876146 0.091453 0.876146 0.129915 0.838531 0.129915
0 0.925689 0.140172 0.955964 0.140172 0.955964 0.173505 0.925689 0.173505
0 0.935780 0.192308 0.962386 0.192308 0.962386 0.221368 0.935780 0.221368
0 0.888991 0.172650 0.918349 0.172650 0.918349 0.207693 0.888991 0.207693
0 0.968807 0.150427 1.000000 0.150427 1.000000 0.179487 0.968807 0.179487
0 0.882568 0.316240 0.912844 0.316240 0.912844 0.353846 0.882568 0.353846
0 0.934863 0.283760 0.962386 0.283760 0.962386 0.311966 0.934863 0.311966
0 0.972477 0.307692 0.999083 0.307692 0.999083 0.347008 0.972477 0.347008
0 0.940367 0.023932 0.973395 0.023932 0.973395 0.064103 0.940367 0.064103
0 0.835780 0.047009 0.862386 0.047009 0.862386 0.070085 0.835780 0.070085
0 0.810091 0.002565 0.840367 0.002565 0.840367 0.035897 0.810091 0.035897
0 0.713761 0.082906 0.753211 0.082906 0.753211 0.122222 0.713761 0.122222
0 0.753211 0.105983 0.781651 0.105983 0.781651 0.139317 0.753211 0.139317
0 0.774312 0.123078 0.805505 0.123078 0.805505 0.153846 0.774312 0.153846
0 0.415597 0.023931 0.443119 0.023931 0.443119 0.056411 0.415597 0.056411
0 0.482569 0.098290 0.516514 0.098290 0.516514 0.136752 0.482569 0.136752
0 0.356880 0.076923 0.393577 0.076923 0.393577 0.114530 0.356880 0.114530
0 0.434862 0.130769 0.457798 0.130769 0.457798 0.162393 0.434862 0.162393
0 0.433945 0.172650 0.459633 0.172650 0.459633 0.203419 0.433945 0.203419
0 0.413762 0.190598 0.438532 0.190598 0.438532 0.220514 0.413762 0.220514
0 0.295413 0.036752 0.320184 0.036752 0.320184 0.064958 0.295413 0.064958
0 0.287156 0.070085 0.319266 0.070085 0.319266 0.105983 0.287156 0.105983
0 0.268808 0.112821 0.297248 0.112821 0.297248 0.147864 0.268808 0.147864
0 0.225689 0.082905 0.246789 0.082905 0.246789 0.115385 0.225689 0.115385
0 0.213762 0.122222 0.245872 0.122222 0.245872 0.137607 0.213762 0.137607
0 0.197247 0.159829 0.223853 0.159829 0.223853 0.187179 0.197247 0.187179
0 0.082569 0.091453 0.111927 0.091453 0.111927 0.133333 0.082569 0.133333
0 0.174312 0.137607 0.197248 0.137607 0.197248 0.166667 0.174312 0.166667
0 0.306422 0.189744 0.331193 0.189744 0.331193 0.217948 0.306422 0.217948
0 0.355963 0.208547 0.379817 0.208547 0.379817 0.229915 0.355963 0.229915
0 0.350459 0.235897 0.372477 0.235897 0.372477 0.261539 0.350459 0.261539
0 0.392660 0.246154 0.413762 0.246154 0.413762 0.275214 0.392660 0.275214
0 0.304588 0.225640 0.341284 0.225640 0.341284 0.263247 0.304588 0.263247
0 0.322018 0.279487 0.345871 0.279487 0.345871 0.307693 0.322018 0.307693
0 0.370642 0.287180 0.395413 0.287180 0.395413 0.314530 0.370642 0.314530
0 0.920183 0.886324 0.950458 0.886324 0.950458 0.917094 0.920183 0.917094
0 0.896330 0.905128 0.924770 0.905128 0.924770 0.935042 0.896330 0.935042
0 0.804586 0.927350 0.835780 0.927350 0.835780 0.956410 0.804586 0.956410
0 0.808257 0.969230 0.830275 0.969230 0.830275 0.989743 0.808257 0.989743
0 0.746788 0.966666 0.777981 0.966666 0.777981 1.000000 0.746788 1.000000
0 0.775229 0.814530 0.814679 0.814530 0.814679 0.858120 0.775229 0.858120
0 0.838533 0.802563 0.868808 0.802563 0.868808 0.835042 0.838533 0.835042
0 0.812844 0.771795 0.845872 0.771795 0.845872 0.810257 0.812844 0.810257
0 0.876147 0.767521 0.903670 0.767521 0.903670 0.796581 0.876147 0.796581
0 0.852293 0.733333 0.875229 0.733333 0.875229 0.759829 0.852293 0.759829
0 0.893578 0.729061 0.925688 0.729061 0.925688 0.764958 0.893578 0.764958
0 0.805504 0.705983 0.836697 0.705983 0.836697 0.732479 0.805504 0.732479
0 0.892660 0.694017 0.925688 0.694017 0.925688 0.727351 0.892660 0.727351
0 0.782569 0.649573 0.806421 0.649573 0.806421 0.676069 0.782569 0.676069
0 0.967889 0.532479 0.999082 0.532479 0.999082 0.559829 0.967889 0.559829
0 0.932110 0.556410 0.957798 0.556410 0.957798 0.580342 0.932110 0.580342
0 0.916513 0.582051 0.954128 0.582051 0.954128 0.617949 0.916513 0.617949
0 0.863302 0.530770 0.890825 0.530770 0.890825 0.565812 0.863302 0.565812
0 0.831193 0.511966 0.854129 0.511966 0.854129 0.539316 0.831193 0.539316
0 0.697248 0.499146 0.729358 0.499146 0.729358 0.535043 0.697248 0.535043
0 0.798165 0.605128 0.825688 0.605128 0.825688 0.633333 0.798165 0.633333
0 0.843119 0.581196 0.868807 0.581196 0.868807 0.607692 0.843119 0.607692
0 0.038532 0.890598 0.070642 0.890598 0.070642 0.924786 0.038532 0.924786
0 0.042202 0.927350 0.082569 0.927350 0.082569 0.967521 0.042202 0.967521
0 0.003670 0.885470 0.027522 0.885470 0.027522 0.915384 0.003670 0.915384
0 0.000917 0.825641 0.027523 0.825641 0.027523 0.861538 0.000917 0.861538
0 0.228440 0.851282 0.255964 0.851282 0.255964 0.883760 0.228440 0.883760
0 0.324771 0.376922 0.362385 0.376922 0.362385 0.411966 0.324771 0.411966
0 0.272477 0.472650 0.299083 0.472650 0.299083 0.502564 0.272477 0.502564
0 0.343119 0.464102 0.368807 0.464102 0.368807 0.497436 0.343119 0.497436
0 0.201835 0.420513 0.222935 0.420513 0.222935 0.446154 0.201835 0.446154
0 0.203670 0.461539 0.223853 0.461539 0.223853 0.484616 0.203670 0.484616
0 0.217431 0.481196 0.245871 0.481196 0.245871 0.509401 0.217431 0.509401
0 0.180733 0.001709 0.224770 0.001709 0.224770 0.033333 0.180733 0.033333
0 0.345871 0.834188 0.375229 0.834188 0.375229 0.863248 0.345871 0.863248
0 0.410091 0.886325 0.436697 0.886325 0.436697 0.913675 0.410091 0.913675
0 0.450459 0.875214 0.469725 0.875214 0.469725 0.904274 0.450459 0.904274
0 0.285321 0.836752 0.303669 0.836752 0.303669 0.858974 0.285321 0.858974
0 0.248624 0.820513 0.270642 0.820513 0.270642 0.841881 0.248624 0.841881
0 0.229357 0.797435 0.260551 0.797435 0.260551 0.825640 0.229357 0.825640
0 0.279816 0.796582 0.311009 0.796582 0.311009 0.831624 0.279816 0.831624
0 0.178899 0.811111 0.202753 0.811111 0.202753 0.841881 0.178899 0.841881
0 0.414679 0.812820 0.448624 0.812820 0.448624 0.844444 0.414679 0.844444
0 0.378899 0.765812 0.405505 0.765812 0.405505 0.798291 0.378899 0.798291
0 0.147706 0.731623 0.174312 0.731623 0.174312 0.771794 0.147706 0.771794
0 0.173395 0.760684 0.197248 0.760684 0.197248 0.787180 0.173395 0.787180
0 0.264220 0.723932 0.289908 0.723932 0.289908 0.755556 0.264220 0.755556
0 0.256881 0.695727 0.279817 0.695727 0.279817 0.729915 0.256881 0.729915
0 0.228440 0.695727 0.254128 0.695727 0.254128 0.726496 0.228440 0.726496
0 0.297247 0.699145 0.321101 0.699145 0.321101 0.722222 0.297247 0.722222
0 0.007339 0.676922 0.040367 0.676922 0.040367 0.711965 0.007339 0.711965
0 0.057798 0.676069 0.084404 0.676069 0.084404 0.703419 0.057798 0.703419
0 0.102752 0.722222 0.131192 0.722222 0.131192 0.753846 0.102752 0.753846
0 0.027523 0.717949 0.065138 0.717949 0.065138 0.776923 0.027523 0.776923
0 0.026605 0.778632 0.062385 0.778632 0.062385 0.812820 0.026605 0.812820
0 0.079816 0.793163 0.110091 0.793163 0.110091 0.820513 0.079816 0.820513
0 0.116513 0.813675 0.134862 0.813675 0.134862 0.831624 0.116513 0.831624
0 0.203670 0.878633 0.242202 0.878633 0.242202 0.916239 0.203670 0.916239
0 0.166973 0.890598 0.192661 0.890598 0.192661 0.921368 0.166973 0.921368
0 0.428441 0.905129 0.455963 0.905129 0.455963 0.933334 0.428441 0.933334
0 0.434862 0.856411 0.459633 0.856411 0.459633 0.896582 0.434862 0.896582
0 0.466973 0.811111 0.510092 0.811111 0.510092 0.838461 0.466973 0.838461
0 0.574312 0.828205 0.615596 0.828205 0.615596 0.866667 0.574312 0.866667
0 0.614679 0.791453 0.652293 0.791453 0.652293 0.830769 0.614679 0.830769
0 0.561469 0.882051 0.598166 0.882051 0.598166 0.914530 0.561469 0.914530
0 0.606422 0.913675 0.633945 0.913675 0.633945 0.941881 0.606422 0.941881
0 0.660550 0.917949 0.689908 0.917949 0.689908 0.952137 0.660550 0.952137
0 0.699083 0.907693 0.731193 0.907693 0.731193 0.935043 0.699083 0.935043
0 0.529358 0.782051 0.557798 0.782051 0.557798 0.811111 0.529358 0.811111
0 0.564221 0.736752 0.595414 0.736752 0.595414 0.766666 0.564221 0.766666
0 0.554128 0.699145 0.587156 0.699145 0.587156 0.728205 0.554128 0.728205
0 0.660551 0.703418 0.698165 0.703418 0.698165 0.736752 0.660551 0.736752
0 0.773394 0.757265 0.806422 0.757265 0.806422 0.791453 0.773394 0.791453
0 0.781651 0.731623 0.811009 0.731623 0.811009 0.754700 0.781651 0.754700
0 0.718348 0.675214 0.744954 0.675214 0.744954 0.705983 0.718348 0.705983
0 0.642202 0.642734 0.684404 0.642734 0.684404 0.680341 0.642202 0.680341
0 0.819266 0.647863 0.851376 0.647863 0.851376 0.682051 0.819266 0.682051
0 0.744954 0.616239 0.775230 0.616239 0.775230 0.647863 0.744954 0.647863
0 0.697248 0.609401 0.725688 0.609401 0.725688 0.637606 0.697248 0.637606
0 0.855963 0.614530 0.892660 0.614530 0.892660 0.651282 0.855963 0.651282
0 0.924771 0.400000 0.959633 0.400000 0.959633 0.431624 0.924771 0.431624
0 0.971560 0.401709 0.999082 0.401709 0.999082 0.429915 0.971560 0.429915
0 0.749541 0.381196 0.788991 0.381196 0.788991 0.424786 0.749541 0.424786
0 0.747707 0.469231 0.781651 0.469231 0.781651 0.490599 0.747707 0.490599
0 0.764220 0.505983 0.788992 0.505983 0.788992 0.531624 0.764220 0.531624
0 0.664220 0.529915 0.699082 0.529915 0.699082 0.559829 0.664220 0.559829
0 0.709174 0.431623 0.728440 0.431623 0.728440 0.454701 0.709174 0.454701
0 0.639450 0.438461 0.666972 0.438461 0.666972 0.464957 0.639450 0.464957
0 0.686239 0.355555 0.710091 0.355555 0.710091 0.385470 0.686239 0.385470
0 0.599083 0.323932 0.624771 0.323932 0.624771 0.351282 0.599083 0.351282
0 0.555045 0.369230 0.579817 0.369230 0.579817 0.401709 0.555045 0.401709
0 0.534863 0.408547 0.563303 0.408547 0.563303 0.440171 0.534863 0.440171
0 0.619266 0.085469 0.644954 0.085469 0.644954 0.117948 0.619266 0.117948
0 0.673395 0.110257 0.699083 0.110257 0.699083 0.135898 0.673395 0.135898
0 0.684404 0.163247 0.711927 0.163247 0.711927 0.188889 0.684404 0.188889
0 0.655045 0.170940 0.676146 0.170940 0.676146 0.200000 0.655045 0.200000
0 0.612844 0.188888 0.647706 0.188888 0.647706 0.229059 0.612844 0.229059
0 0.563302 0.194017 0.583485 0.194017 0.583485 0.221367 0.563302 0.221367
0 0.542202 0.242734 0.569724 0.242734 0.569724 0.275213 0.542202 0.275213
0 0.636697 0.275213 0.659633 0.275213 0.659633 0.303419 0.636697 0.303419
0 0.501835 0.279487 0.529358 0.279487 0.529358 0.305129 0.501835 0.305129
0 0.465138 0.247008 0.497248 0.247008 0.497248 0.284616 0.465138 0.284616
0 0.461468 0.312821 0.493578 0.312821 0.493578 0.347864 0.461468 0.347864
0 0.454128 0.282906 0.477064 0.282906 0.477064 0.309402 0.454128 0.309402
0 0.545872 0.334188 0.567890 0.334188 0.567890 0.358974 0.545872 0.358974
0 0.020184 0.572650 0.035780 0.572650 0.035780 0.595727 0.020184 0.595727
0 0.002752 0.606838 0.028440 0.606838 0.028440 0.641026 0.002752 0.641026
0 0.033028 0.602564 0.064220 0.602564 0.064220 0.631624 0.033028 0.631624
0 0.053211 0.610256 0.079817 0.610256 0.079817 0.643590 0.053211 0.643590
0 0.080734 0.611966 0.107340 0.611966 0.107340 0.644444 0.080734 0.644444
0 0.096330 0.650428 0.116514 0.650428 0.116514 0.673505 0.096330 0.673505
0 0.130275 0.613676 0.168807 0.613676 0.168807 0.661539 0.130275 0.661539
0 0.216514 0.591453 0.244954 0.591453 0.244954 0.621367 0.216514 0.621367
0 0.279816 0.650428 0.309174 0.650428 0.309174 0.690599 0.279816 0.690599
0 0.311009 0.633333 0.333945 0.633333 0.333945 0.661539 0.311009 0.661539
0 0.288074 0.577778 0.310092 0.577778 0.310092 0.611966 0.288074 0.611966
0 0.380734 0.582906 0.408256 0.582906 0.408256 0.610256 0.380734 0.610256
0 0.223854 0.141880 0.248624 0.141880 0.248624 0.172649 0.223854 0.172649
0 0.223853 0.221367 0.247706 0.221367 0.247706 0.242735 0.223853 0.242735
0 0.164220 0.232478 0.188074 0.232478 0.188074 0.256410 0.164220 0.256410
0 0.192661 0.267521 0.213761 0.267521 0.213761 0.298291 0.192661 0.298291
0 0.281651 0.315384 0.300917 0.315384 0.300917 0.341880 0.281651 0.341880
0 0.396330 0.344444 0.419266 0.344444 0.419266 0.375214 0.396330 0.375214
0 0.333946 0.316239 0.357799 0.316239 0.357799 0.345299 0.333946 0.345299
0 0.128441 0.305983 0.159633 0.305983 0.159633 0.342735 0.128441 0.342735
0 0.046789 0.319657 0.064220 0.319657 0.064220 0.349573 0.046789 0.349573
0 0.022019 0.325641 0.044037 0.325641 0.044037 0.350427 0.022019 0.350427
0 0.580733 0.141880 0.605505 0.141880 0.605505 0.173504 0.580733 0.173504
0 0.813761 0.170085 0.836697 0.170085 0.836697 0.204273 0.813761 0.204273
0 0.833946 0.202564 0.854129 0.202564 0.854129 0.234188 0.833946 0.234188
0 0.929358 0.262394 0.951376 0.262394 0.951376 0.288035 0.929358 0.288035
0 0.891744 0.129914 0.925688 0.129914 0.925688 0.159830 0.891744 0.159830
0 0.474312 0.545299 0.498165 0.545299 0.498165 0.578632 0.474312 0.578632
0 0.563303 0.585470 0.592661 0.585470 0.592661 0.615385 0.563303 0.615385
0 0.577065 0.542736 0.611009 0.542736 0.611009 0.582906 0.577065 0.582906
0 0.377982 0.507692 0.411927 0.507692 0.411927 0.546154 0.377982 0.546154
0 0.441284 0.585471 0.467890 0.585471 0.467890 0.611112 0.441284 0.611112
0 0.146789 0.369231 0.170643 0.369231 0.170643 0.396581 0.146789 0.396581
0 0.067890 0.390598 0.093578 0.390598 0.093578 0.423077 0.067890 0.423077
0 0.091743 0.429060 0.110092 0.429060 0.110092 0.455556 0.091743 0.455556
0 0.095413 0.462394 0.111009 0.462394 0.111009 0.485471 0.095413 0.485471
0 0.087156 0.511111 0.110092 0.511111 0.110092 0.539316 0.087156 0.539316
0 0.184403 0.526496 0.209174 0.526496 0.209174 0.553846 0.184403 0.553846
0 0.163302 0.675214 0.187156 0.675214 0.187156 0.700855 0.163302 0.700855
0 0.255046 0.582906 0.272477 0.582906 0.272477 0.606838 0.255046 0.606838
0 0.266973 0.521367 0.286239 0.521367 0.286239 0.547009 0.266973 0.547009
0 0.400000 0.633333 0.454128 0.633333 0.454128 0.693162 0.400000 0.693162
0 0.476147 0.769231 0.498165 0.769231 0.498165 0.795727 0.476147 0.795727
0 0.477065 0.372649 0.500918 0.372649 0.500918 0.407693 0.477065 0.407693
0 0.561468 0.447863 0.581651 0.447863 0.581651 0.477778 0.561468 0.477778
0 0.257798 0.393163 0.282569 0.393163 0.282569 0.420513 0.257798 0.420513
0 0.359633 0.442736 0.377981 0.442736 0.377981 0.473505 0.359633 0.473505
0 0.336697 0.415384 0.360550 0.415384 0.360550 0.430769 0.336697 0.430769
0 0.303670 0.516239 0.357798 0.516239 0.357798 0.570085 0.303670 0.570085
0 0.347707 0.567521 0.369725 0.567521 0.369725 0.591453 0.347707 0.591453
0 0.315597 0.584615 0.350459 0.584615 0.350459 0.621367 0.315597 0.621367
0 0.190826 0.347863 0.211009 0.347863 0.211009 0.371795 0.190826 0.371795
0 0.013761 0.039316 0.047706 0.039316 0.047706 0.076068 0.013761 0.076068
0 0.047706 0.048717 0.072478 0.048717 0.072478 0.078632 0.047706 0.078632
1 0.084404 0.234188 0.103670 0.234188 0.103670 0.252991 0.084404 0.252991
1 0.158715 0.255555 0.175229 0.255555 0.175229 0.271794 0.158715 0.271794
1 0.079816 0.324786 0.100918 0.324786 0.100918 0.347008 0.079816 0.347008
1 0.413761 0.697436 0.440367 0.697436 0.440367 0.721368 0.413761 0.721368
1 0.317431 0.891454 0.344037 0.891454 0.344037 0.917095 0.317431 0.917095
1 0.311927 0.786325 0.331193 0.786325 0.331193 0.805127 0.311927 0.805127
1 0.410092 0.838461 0.428441 0.838461 0.428441 0.858974 0.410092 0.858974
1 0.039450 0.558975 0.061468 0.558975 0.061468 0.584616 0.039450 0.584616
1 0.144955 0.481196 0.166055 0.481196 0.166055 0.507692 0.144955 0.507692
1 0.135780 0.457265 0.151376 0.457265 0.151376 0.485471 0.135780 0.485471
1 0.153210 0.555555 0.171560 0.555555 0.171560 0.586325 0.153210 0.586325
1 0.748624 0.545299 0.774312 0.545299 0.774312 0.570085 0.748624 0.570085
1 0.733945 0.598291 0.755963 0.598291 0.755963 0.615385 0.733945 0.615385
1 0.705504 0.958120 0.728440 0.958120 0.728440 0.978633 0.705504 0.978633
1 0.644954 0.973504 0.663303 0.973504 0.663303 1.000000 0.644954 1.000000
1 0.963303 0.809401 0.982569 0.809401 0.982569 0.824786 0.963303 0.824786
1 0.029358 0.084615 0.048624 0.084615 0.048624 0.111111 0.029358 0.111111
1 0.196330 0.386325 0.220184 0.386325 0.220184 0.411111 0.196330 0.411111
