3 0.089330 0.445141 0.210918 0.445141 0.210918 0.598746 0.089330 0.598746
3 0.052110 0.605016 0.186105 0.605016 0.186105 0.758621 0.052110 0.758621
3 0.198512 0.567398 0.332506 0.567398 0.332506 0.764890 0.198512 0.764890
3 0.372208 0.476489 0.516130 0.476489 0.516130 0.661442 0.372208 0.661442
3 0.565757 0.473355 0.645161 0.473355 0.645161 0.589342 0.565757 0.589342
3 0.684863 0.532915 0.823821 0.532915 0.823821 0.673981 0.684863 0.673981
3 0.732010 0.047022 0.868486 0.047022 0.868486 0.178683 0.732010 0.178683
3 0.826302 0.228841 0.937966 0.228841 0.937966 0.360502 0.826302 0.360502
3 0.717122 0.184952 0.821340 0.184952 0.821340 0.329153 0.717122 0.329153
3 0.578164 0.351098 0.677420 0.351098 0.677420 0.463950 0.578164 0.463950
3 0.516129 0.213166 0.630273 0.213166 0.630273 0.347962 0.516129 0.347962
3 0.598016 0.075235 0.714641 0.075235 0.714641 0.247649 0.598016 0.247649
3 0.459057 0.047022 0.580645 0.047022 0.580645 0.203762 0.459057 0.203762
3 0.394541 0.184953 0.503722 0.184953 0.503722 0.335423 0.394541 0.335423
3 0.253102 0.241379 0.377171 0.241379 0.377171 0.360501 0.253102 0.360501
3 0.250621 0.404389 0.377171 0.404389 0.377171 0.539185 0.250621 0.539185
3 0.573201 0.780564 0.687345 0.780564 0.687345 0.943573 0.573201 0.943573
3 0.846154 0.783699 0.947890 0.783699 0.947890 0.909091 0.846154 0.909091
3 0.870968 0.391850 0.955335 0.391850 0.955335 0.526646 0.870968 0.526646
3 0.173698 0.764890 0.290322 0.764890 0.290322 0.890282 0.173698 0.890282
3 0.682381 0.874609 0.801489 0.874609 0.801489 0.996866 0.682381 0.996866
