0 0.180108 0.052238 0.221775 0.052238 0.221775 0.090796 0.180108 0.090796
0 0.127688 0.109453 0.170700 0.109453 0.170700 0.144279 0.127688 0.144279
0 0.154569 0.156716 0.200268 0.156716 0.200268 0.190298 0.154569 0.190298
0 0.232526 0.063433 0.276882 0.063433 0.276882 0.093283 0.232526 0.093283
0 0.271506 0.036070 0.319892 0.036070 0.319892 0.068408 0.271506 0.068408
0 0.552420 0.059702 0.590054 0.059702 0.590054 0.101990 0.552420 0.101990
0 0.590054 0.048508 0.623656 0.048508 0.623656 0.078358 0.590054 0.078358
0 0.625000 0.059702 0.666666 0.059702 0.666666 0.093284 0.625000 0.093284
0 0.600807 0.186567 0.639785 0.186567 0.639785 0.213931 0.600807 0.213931
0 0.620968 0.218906 0.654570 0.218906 0.654570 0.241294 0.620968 0.241294
0 0.533603 0.162935 0.577958 0.162935 0.577958 0.187811 0.533603 0.187811
0 0.819893 0.097015 0.852151 0.097015 0.852151 0.131841 0.819893 0.131841
0 0.852151 0.126865 0.892473 0.126865 0.892473 0.169155 0.852151 0.169155
0 0.806452 0.181592 0.840054 0.181592 0.840054 0.216418 0.806452 0.216418
0 0.895161 0.098259 0.931451 0.098259 0.931451 0.144279 0.895161 0.144279
0 0.938172 0.124378 0.956990 0.124378 0.956990 0.146766 0.938172 0.146766
0 0.770161 0.016169 0.810485 0.016169 0.810485 0.055970 0.770161 0.055970
0 0.861559 0.073383 0.891129 0.073383 0.891129 0.110697 0.861559 0.110697
0 0.809140 0.349503 0.845430 0.349503 0.845430 0.381841 0.809140 0.381841
0 0.861559 0.334577 0.893817 0.334577 0.893817 0.366915 0.861559 0.366915
0 0.877688 0.374379 0.924731 0.374379 0.924731 0.412935 0.877688 0.412935
0 0.922044 0.385573 0.970430 0.385573 0.970430 0.434080 0.922044 0.434080
0 0.729839 0.407960 0.759409 0.407960 0.759409 0.440298 0.729839 0.440298
0 0.694893 0.435323 0.729839 0.435323 0.729839 0.461442 0.694893 0.461442
0 0.766129 0.457712 0.805107 0.457712 0.805107 0.490050 0.766129 0.490050
0 0.822581 0.475125 0.853495 0.475125 0.853495 0.502487 0.822581 0.502487
0 0.495968 0.492538 0.532258 0.492538 0.532258 0.541045 0.495968 0.541045
0 0.549731 0.398010 0.579301 0.398010 0.579301 0.430348 0.549731 0.430348
0 0.581989 0.419155 0.622313 0.419155 0.622313 0.457711 0.581989 0.457711
0 0.612903 0.373134 0.649193 0.373134 0.649193 0.410448 0.612903 0.410448
0 0.634409 0.432836 0.672043 0.432836 0.672043 0.466418 0.634409 0.466418
0 0.599463 0.485074 0.639785 0.485074 0.639785 0.521144 0.599463 0.521144
0 0.552420 0.531095 0.599463 0.531095 0.599463 0.575871 0.552420 0.575871
0 0.471774 0.543532 0.502688 0.543532 0.502688 0.569651 0.471774 0.569651
0 0.469087 0.437811 0.520162 0.437811 0.520162 0.473881 0.469087 0.473881
0 0.331989 0.594527 0.366935 0.594527 0.366935 0.631840 0.331989 0.631840
0 0.311828 0.538556 0.348118 0.538556 0.348118 0.569652 0.311828 0.569652
0 0.267473 0.660448 0.306451 0.660448 0.306451 0.696518 0.267473 0.696518
0 0.005377 0.809701 0.041667 0.809701 0.041667 0.834577 0.005377 0.834577
0 0.077957 0.876866 0.102151 0.876866 0.102151 0.899254 0.077957 0.899254
0 0.053763 0.924129 0.084677 0.924129 0.084677 0.953981 0.053763 0.953981
0 0.125000 0.900497 0.165323 0.900497 0.165323 0.931593 0.125000 0.931593
0 0.620968 0.727612 0.673386 0.727612 0.673386 0.766169 0.620968 0.766169
0 0.596774 0.664180 0.642473 0.664180 0.642473 0.701492 0.596774 0.701492
0 0.611560 0.621890 0.663979 0.621890 0.663979 0.656716 0.611560 0.656716
0 0.569893 0.695273 0.611559 0.695273 0.611559 0.736318 0.569893 0.736318
0 0.526882 0.708955 0.580645 0.708955 0.580645 0.756219 0.526882 0.756219
0 0.494623 0.682837 0.537634 0.682837 0.537634 0.720149 0.494623 0.720149
0 0.540323 0.665423 0.569893 0.665423 0.569893 0.692786 0.540323 0.692786
0 0.534946 0.751244 0.580645 0.751244 0.580645 0.794776 0.534946 0.794776
0 0.458334 0.728856 0.495968 0.728856 0.495968 0.763682 0.458334 0.763682
0 0.274193 0.355721 0.318549 0.355721 0.318549 0.407961 0.274193 0.407961
0 0.247311 0.395522 0.295698 0.395522 0.295698 0.435323 0.247311 0.435323
0 0.266128 0.440298 0.307795 0.440298 0.307795 0.465174 0.266128 0.465174
0 0.313171 0.472637 0.353494 0.472637 0.353494 0.513682 0.313171 0.513682
0 0.256721 0.308458 0.298388 0.308458 0.298388 0.353234 0.256721 0.353234
0 0.216398 0.355721 0.248656 0.355721 0.248656 0.393035 0.216398 0.393035
0 0.180108 0.402985 0.227151 0.402985 0.227151 0.441542 0.180108 0.441542
0 0.151882 0.333334 0.186828 0.333334 0.186828 0.373134 0.151882 0.373134
0 0.184140 0.305970 0.228494 0.305970 0.228494 0.349502 0.184140 0.349502
0 0.713710 0.476369 0.745968 0.476369 0.745968 0.506220 0.713710 0.506220
0 0.705645 0.507463 0.745967 0.507463 0.745967 0.542289 0.705645 0.542289
0 0.866936 0.506219 0.912635 0.506219 0.912635 0.539801 0.866936 0.539801
0 0.875001 0.412936 0.924732 0.412936 0.924732 0.451492 0.875001 0.451492
0 0.927419 0.665423 0.983871 0.665423 0.983871 0.710199 0.927419 0.710199
0 0.934139 0.633085 0.974463 0.633085 0.974463 0.665423 0.934139 0.665423
0 0.872312 0.684080 0.901882 0.684080 0.901882 0.716418 0.872312 0.716418
0 0.799732 0.608209 0.844086 0.608209 0.844086 0.644279 0.799732 0.644279
0 0.745968 0.643035 0.783602 0.643035 0.783602 0.675373 0.745968 0.675373
0 0.213710 0.670398 0.245968 0.670398 0.245968 0.702736 0.213710 0.702736
0 0.282258 0.731343 0.317204 0.731343 0.317204 0.761194 0.282258 0.761194
0 0.197580 0.746268 0.239248 0.746268 0.239248 0.782338 0.197580 0.782338
0 0.120968 0.721394 0.153226 0.721394 0.153226 0.750001 0.120968 0.750001
0 0.116935 0.674129 0.146505 0.674129 0.146505 0.703981 0.116935 0.703981
0 0.120968 0.618160 0.157258 0.618160 0.157258 0.655473 0.120968 0.655473
0 0.068549 0.648011 0.107527 0.648011 0.107527 0.686567 0.068549 0.686567
0 0.274193 0.598259 0.303763 0.598259 0.303763 0.626866 0.274193 0.626866
0 0.193549 0.595770 0.228495 0.595770 0.228495 0.626866 0.193549 0.626866
0 0.616936 0.302239 0.661291 0.302239 0.661291 0.338309 0.616936 0.338309
0 0.622312 0.261194 0.653226 0.261194 0.653226 0.287313 0.622312 0.287313
0 0.556452 0.318408 0.584678 0.318408 0.584678 0.344527 0.556452 0.344527
0 0.740591 0.365671 0.771505 0.365671 0.771505 0.393035 0.740591 0.393035
0 0.690860 0.611940 0.729838 0.611940 0.729838 0.644278 0.690860 0.644278
0 0.905914 0.898009 0.951612 0.898009 0.951612 0.929104 0.905914 0.929104
0 0.779571 0.888060 0.831990 0.888060 0.831990 0.912936 0.779571 0.912936
0 0.756720 0.855722 0.782258 0.855722 0.782258 0.888060 0.756720 0.888060
0 0.709678 0.878110 0.754032 0.878110 0.754032 0.910448 0.709678 0.910448
0 0.568549 0.863185 0.612903 0.863185 0.612903 0.901741 0.568549 0.901741
0 0.623657 0.854478 0.676076 0.854478 0.676076 0.894278 0.623657 0.894278
0 0.600807 0.883085 0.645161 0.883085 0.645161 0.915423 0.600807 0.915423
0 0.520162 0.895522 0.567205 0.895522 0.567205 0.931592 0.520162 0.931592
0 0.462365 0.878110 0.516128 0.878110 0.516128 0.921642 0.462365 0.921642
0 0.416666 0.874379 0.461022 0.874379 0.461022 0.912936 0.416666 0.912936
0 0.408603 0.812190 0.456989 0.812190 0.456989 0.851990 0.408603 0.851990
0 0.459678 0.825871 0.495968 0.825871 0.495968 0.858209 0.459678 0.858209
0 0.337366 0.856965 0.370968 0.856965 0.370968 0.890547 0.337366 0.890547
0 0.388441 0.746269 0.422043 0.746269 0.422043 0.778607 0.388441 0.778607
0 0.416667 0.538556 0.450269 0.538556 0.450269 0.569652 0.416667 0.569652
0 0.256720 0.504976 0.284946 0.504976 0.284946 0.531095 0.256720 0.531095
0 0.202956 0.523632 0.244623 0.523632 0.244623 0.550995 0.202956 0.550995
0 0.201613 0.563433 0.247311 0.563433 0.247311 0.587065 0.201613 0.587065
0 0.290323 0.813433 0.322581 0.813433 0.322581 0.848259 0.290323 0.848259
0 0.251344 0.787314 0.280914 0.787314 0.280914 0.819652 0.251344 0.819652
0 0.323925 0.748755 0.352151 0.748755 0.352151 0.779851 0.323925 0.779851
0 0.353495 0.761194 0.384409 0.761194 0.384409 0.797264 0.353495 0.797264
0 0.259409 0.848258 0.291667 0.848258 0.291667 0.878109 0.259409 0.878109
0 0.198925 0.866915 0.228495 0.866915 0.228495 0.895522 0.198925 0.895522
0 0.172043 0.919154 0.206989 0.919154 0.206989 0.952736 0.172043 0.952736
0 0.225806 0.914179 0.267473 0.914179 0.267473 0.950249 0.225806 0.950249
0 0.250000 0.888060 0.283602 0.888060 0.283602 0.917911 0.250000 0.917911
0 0.319892 0.932835 0.344086 0.932835 0.344086 0.963931 0.319892 0.963931
0 0.685485 0.661692 0.736560 0.661692 0.736560 0.705224 0.685485 0.705224
0 0.727151 0.748756 0.758065 0.748756 0.758065 0.773632 0.727151 0.773632
0 0.758065 0.681593 0.810484 0.681593 0.810484 0.721394 0.758065 0.721394
0 0.841398 0.884328 0.883064 0.884328 0.883064 0.915424 0.841398 0.915424
0 0.272850 0.225125 0.322580 0.225125 0.322580 0.257463 0.272850 0.257463
0 0.290322 0.263682 0.331989 0.263682 0.331989 0.291045 0.290322 0.291045
0 0.184139 0.237562 0.227151 0.237562 0.227151 0.271144 0.184139 0.271144
0 0.819893 0.799751 0.888441 0.799751 0.888441 0.820895 0.819893 0.820895
0 0.895161 0.736318 0.928763 0.736318 0.928763 0.764926 0.895161 0.764926
0 0.936828 0.865672 0.970430 0.865672 0.970430 0.889304 0.936828 0.889304
0 0.291667 0.963931 0.322581 0.963931 0.322581 0.992538 0.291667 0.992538
0 0.131720 0.950249 0.161290 0.950249 0.161290 0.973881 0.131720 0.973881
0 0.116935 0.557214 0.143817 0.557214 0.143817 0.589552 0.116935 0.589552
0 0.077957 0.573383 0.107527 0.573383 0.107527 0.609453 0.077957 0.609453
0 0.010753 0.611940 0.051075 0.611940 0.051075 0.641792 0.010753 0.641792
0 0.087365 0.759951 0.127688 0.759951 0.127688 0.797264 0.087365 0.797264
0 0.055108 0.754975 0.086022 0.754975 0.086022 0.787313 0.055108 0.787313
0 0.044355 0.429105 0.084678 0.429105 0.084678 0.473881 0.044355 0.473881
0 0.009409 0.366915 0.055108 0.366915 0.055108 0.411691 0.009409 0.411691
0 0.002688 0.421642 0.033602 0.421642 0.033602 0.457712 0.002688 0.457712
0 0.002688 0.557215 0.036290 0.557215 0.036290 0.595772 0.002688 0.595772
0 0.053763 0.517413 0.084677 0.517413 0.084677 0.553483 0.053763 0.553483
0 0.211022 0.488806 0.247312 0.488806 0.247312 0.517413 0.211022 0.517413
0 0.841398 0.565920 0.884408 0.565920 0.884408 0.599502 0.841398 0.599502
0 0.932796 0.176617 0.967742 0.176617 0.967742 0.217662 0.932796 0.217662
0 0.967742 0.150497 0.998656 0.150497 0.998656 0.192786 0.967742 0.192786
0 0.883064 0.171642 0.912634 0.171642 0.912634 0.206468 0.883064 0.206468
0 0.631720 0.544776 0.657258 0.544776 0.657258 0.568408 0.631720 0.568408
0 0.586022 0.159203 0.619624 0.159203 0.619624 0.187810 0.586022 0.187810
0 0.541667 0.194030 0.586021 0.194030 0.586021 0.228856 0.541667 0.228856
0 0.534946 0.247512 0.580645 0.247512 0.580645 0.271144 0.534946 0.271144
0 0.557796 0.281094 0.583334 0.281094 0.583334 0.299752 0.557796 0.299752
0 0.642473 0.014926 0.677419 0.014926 0.677419 0.047264 0.642473 0.047264
0 0.596774 0.001244 0.649193 0.001244 0.649193 0.021144 0.596774 0.021144
0 0.658603 0.001243 0.702958 0.001243 0.702958 0.018656 0.658603 0.018656
0 0.263441 0.001244 0.299731 0.001244 0.299731 0.026120 0.263441 0.026120
0 0.190860 0.281095 0.228494 0.281095 0.228494 0.312190 0.190860 0.312190
0 0.250000 0.135572 0.286290 0.135572 0.286290 0.162936 0.250000 0.162936
0 0.413978 0.710199 0.456989 0.710199 0.456989 0.750000 0.413978 0.750000
0 0.905914 0.340797 0.944892 0.340797 0.944892 0.378110 0.905914 0.378110
0 0.889785 0.279851 0.926075 0.279851 0.926075 0.320896 0.889785 0.320896
0 0.833333 0.263682 0.869623 0.263682 0.869623 0.294776 0.833333 0.294776
0 0.831989 0.227612 0.862903 0.227612 0.862903 0.251244 0.831989 0.251244
0 0.963710 0.231344 1.000000 0.231344 1.000000 0.268657 0.963710 0.268657
0 0.923388 0.247513 0.967742 0.247513 0.967742 0.287313 0.923388 0.287313
0 0.396506 0.501244 0.436829 0.501244 0.436829 0.526120 0.396506 0.526120
1 0.797043 0.542288 0.822581 0.542288 0.822581 0.572140 0.797043 0.572140
