0 0.144591 0.054022 0.172901 0.054022 0.172901 0.094838 0.144591 0.094838
0 0.207280 0.079232 0.237614 0.079232 0.237614 0.114046 0.207280 0.114046
0 0.224469 0.110445 0.247725 0.110445 0.247725 0.142858 0.224469 0.142858
0 0.068756 0.090036 0.110212 0.090036 0.110212 0.130852 0.068756 0.130852
0 0.029323 0.099639 0.070779 0.099639 0.070779 0.142856 0.029323 0.142856
0 0.128412 0.129652 0.163801 0.129652 0.163801 0.169268 0.128412 0.169268
0 0.182002 0.135654 0.199191 0.135654 0.199191 0.160864 0.182002 0.160864
0 0.085946 0.115246 0.122346 0.115246 0.122346 0.163265 0.085946 0.163265
0 0.050555 0.133253 0.088978 0.133253 0.088978 0.166867 0.050555 0.166867
0 0.075834 0.163266 0.115268 0.163266 0.115268 0.205282 0.075834 0.205282
0 0.097068 0.174070 0.139535 0.174070 0.139535 0.208884 0.097068 0.208884
0 0.139535 0.177672 0.175935 0.177672 0.175935 0.214887 0.139535 0.214887
0 0.252781 0.036015 0.293225 0.036015 0.293225 0.088835 0.252781 0.088835
0 0.182002 0.200480 0.221436 0.200480 0.221436 0.235294 0.182002 0.235294
0 0.221436 0.175270 0.251770 0.175270 0.251770 0.219688 0.221436 0.219688
0 0.297270 0.142857 0.340748 0.142857 0.340748 0.188475 0.297270 0.188475
0 0.327603 0.171669 0.362992 0.171669 0.362992 0.211285 0.327603 0.211285
0 0.286147 0.184874 0.315470 0.184874 0.315470 0.216086 0.286147 0.216086
0 0.249748 0.183674 0.285137 0.183674 0.285137 0.219688 0.249748 0.219688
0 0.255814 0.145259 0.297270 0.145259 0.297270 0.187275 0.255814 0.187275
0 0.149646 0.218487 0.184024 0.218487 0.184024 0.258103 0.149646 0.258103
0 0.207280 0.231692 0.253792 0.231692 0.253792 0.279712 0.207280 0.279712
0 0.257836 0.238896 0.288170 0.238896 0.288170 0.273710 0.257836 0.273710
0 0.292215 0.244897 0.319515 0.244897 0.319515 0.282112 0.292215 0.282112
0 0.319515 0.240096 0.350859 0.240096 0.350859 0.276110 0.319515 0.276110
0 0.002022 0.151261 0.037412 0.151261 0.037412 0.183673 0.002022 0.183673
0 0.001011 0.180073 0.031345 0.180073 0.031345 0.212485 0.001011 0.212485
0 0.026289 0.180072 0.058645 0.180072 0.058645 0.214886 0.026289 0.214886
0 0.012134 0.226890 0.047522 0.226890 0.047522 0.259304 0.012134 0.259304
0 0.079879 0.231692 0.114257 0.231692 0.114257 0.265305 0.079879 0.265305
0 0.070778 0.259304 0.099089 0.259304 0.099089 0.290516 0.070778 0.290516
0 0.122346 0.255702 0.154702 0.255702 0.154702 0.283314 0.122346 0.283314
0 0.094034 0.280912 0.122345 0.280912 0.122345 0.309724 0.094034 0.309724
0 0.146613 0.276110 0.177958 0.276110 0.177958 0.308524 0.146613 0.308524
0 0.160769 0.246098 0.195147 0.246098 0.195147 0.278512 0.160769 0.278512
0 0.212336 0.286914 0.244692 0.286914 0.244692 0.314526 0.212336 0.314526
0 0.194135 0.315726 0.224469 0.315726 0.224469 0.340936 0.194135 0.340936
0 0.184024 0.279712 0.211324 0.279712 0.211324 0.303722 0.184024 0.303722
0 0.243681 0.273709 0.280081 0.273709 0.280081 0.301321 0.243681 0.301321
0 0.343782 0.214886 0.369060 0.214886 0.369060 0.250900 0.343782 0.250900
0 0.324570 0.271309 0.353893 0.271309 0.353893 0.291717 0.324570 0.291717
0 0.386248 0.235294 0.414559 0.235294 0.414559 0.265306 0.386248 0.265306
0 0.404448 0.256903 0.437816 0.256903 0.437816 0.282113 0.404448 0.282113
0 0.426694 0.273709 0.462083 0.273709 0.462083 0.300120 0.426694 0.300120
0 0.392316 0.277311 0.426694 0.277311 0.426694 0.301321 0.392316 0.301321
0 0.358949 0.266507 0.392316 0.266507 0.392316 0.297719 0.358949 0.297719
0 0.338726 0.292917 0.371082 0.292917 0.371082 0.322929 0.338726 0.322929
0 0.373104 0.292917 0.403438 0.292917 0.403438 0.320529 0.373104 0.320529
0 0.395349 0.306122 0.426694 0.306122 0.426694 0.331332 0.395349 0.331332
0 0.413549 0.316926 0.457027 0.316926 0.457027 0.344538 0.413549 0.344538
0 0.464105 0.307323 0.494439 0.307323 0.494439 0.332533 0.464105 0.332533
0 0.515672 0.300120 0.550050 0.300120 0.550050 0.326531 0.515672 0.326531
0 0.329626 0.337334 0.357937 0.337334 0.357937 0.358943 0.329626 0.358943
0 0.310415 0.310924 0.344793 0.310924 0.344793 0.343338 0.310415 0.343338
0 0.285137 0.339736 0.311426 0.339736 0.311426 0.361345 0.285137 0.361345
0 0.252780 0.330132 0.286147 0.330132 0.286147 0.354142 0.252780 0.354142
0 0.009100 0.429772 0.037412 0.429772 0.037412 0.458584 0.009100 0.458584
0 0.022245 0.452581 0.051568 0.452581 0.051568 0.482593 0.022245 0.482593
0 0.038422 0.474190 0.059656 0.474190 0.059656 0.496999 0.038422 0.496999
0 0.065722 0.494598 0.097068 0.494598 0.097068 0.521008 0.065722 0.521008
0 0.001012 0.488596 0.032356 0.488596 0.032356 0.527011 0.001012 0.527011
0 0.130435 0.500600 0.164813 0.500600 0.164813 0.541416 0.130435 0.541416
0 0.145602 0.534214 0.177958 0.534214 0.177958 0.559424 0.145602 0.559424
0 0.116279 0.552221 0.149646 0.552221 0.149646 0.589436 0.116279 0.589436
0 0.183013 0.540216 0.214359 0.540216 0.214359 0.570228 0.183013 0.570228
0 0.225480 0.542617 0.252780 0.542617 0.252780 0.572629 0.225480 0.572629
0 0.193125 0.575030 0.222447 0.575030 0.222447 0.602642 0.193125 0.602642
0 0.163802 0.590637 0.193125 0.590637 0.193125 0.613446 0.163802 0.613446
0 0.137513 0.608644 0.162791 0.608644 0.162791 0.642256 0.137513 0.642256
0 0.056622 0.576231 0.082911 0.576231 0.082911 0.607443 0.056622 0.607443
0 0.258847 0.557022 0.284125 0.557022 0.284125 0.583433 0.258847 0.583433
0 0.262892 0.596638 0.292214 0.596638 0.292214 0.629051 0.262892 0.629051
0 0.284125 0.570228 0.307381 0.570228 0.307381 0.595438 0.284125 0.595438
0 0.285136 0.534213 0.317492 0.534213 0.317492 0.563025 0.285136 0.563025
0 0.250758 0.534214 0.285136 0.534214 0.285136 0.561825 0.250758 0.561825
0 0.249747 0.507803 0.284125 0.507803 0.284125 0.536615 0.249747 0.536615
0 0.078868 0.662666 0.106168 0.662666 0.106168 0.696278 0.078868 0.696278
0 0.138523 0.701081 0.167846 0.701081 0.167846 0.737095 0.138523 0.737095
0 0.170880 0.756302 0.198180 0.756302 0.198180 0.785114 0.170880 0.785114
0 0.143579 0.734694 0.173913 0.734694 0.173913 0.770708 0.143579 0.770708
0 0.139536 0.767107 0.167846 0.767107 0.167846 0.792317 0.139536 0.792317
0 0.104145 0.702280 0.134479 0.702280 0.134479 0.734693 0.104145 0.734693
0 0.112234 0.740696 0.143579 0.740696 0.143579 0.765906 0.112234 0.765906
0 0.073812 0.714286 0.104146 0.714286 0.104146 0.755102 0.073812 0.755102
0 0.055612 0.675871 0.079879 0.675871 0.079879 0.707083 0.055612 0.707083
0 0.025278 0.678272 0.057634 0.678272 0.057634 0.720288 0.025278 0.720288
0 0.019211 0.717886 0.053589 0.717886 0.053589 0.744297 0.019211 0.744297
0 0.008089 0.797119 0.037412 0.797119 0.037412 0.828331 0.008089 0.828331
0 0.004044 0.848740 0.034378 0.848740 0.034378 0.882352 0.004044 0.882352
0 0.079879 0.876351 0.114257 0.876351 0.114257 0.909963 0.079879 0.909963
0 0.064712 0.855942 0.095046 0.855942 0.095046 0.876350 0.064712 0.876350
0 0.049544 0.863145 0.080890 0.863145 0.080890 0.891957 0.049544 0.891957
0 0.030333 0.878752 0.059657 0.878752 0.059657 0.905162 0.030333 0.905162
0 0.155713 0.888355 0.190091 0.888355 0.190091 0.917167 0.155713 0.917167
0 0.193125 0.905162 0.224470 0.905162 0.224470 0.939976 0.193125 0.939976
0 0.229525 0.918368 0.259859 0.918368 0.259859 0.951980 0.229525 0.951980
0 0.211324 0.939977 0.246714 0.939977 0.246714 0.973589 0.211324 0.973589
0 0.202224 0.969988 0.248736 0.969988 0.248736 0.998800 0.202224 0.998800
0 0.259858 0.918368 0.286147 0.918368 0.286147 0.944778 0.259858 0.944778
0 0.293226 0.931573 0.318504 0.931573 0.318504 0.962785 0.293226 0.962785
0 0.268958 0.945978 0.295247 0.945978 0.295247 0.974790 0.268958 0.974790
0 0.340749 0.942376 0.369059 0.942376 0.369059 0.969988 0.340749 0.969988
0 0.375126 0.950781 0.400404 0.950781 0.400404 0.983194 0.375126 0.983194
0 0.402427 0.963986 0.429727 0.963986 0.429727 0.993998 0.402427 0.993998
0 0.434783 0.961585 0.470172 0.961585 0.470172 0.995197 0.434783 0.995197
0 0.471183 0.962785 0.501517 0.962785 0.501517 1.000000 0.471183 1.000000
0 0.456017 0.937574 0.487362 0.937574 0.487362 0.963985 0.456017 0.963985
0 0.503539 0.949580 0.540951 0.949580 0.540951 0.984394 0.503539 0.984394
0 0.481294 0.891957 0.514661 0.891957 0.514661 0.926771 0.481294 0.926771
0 0.508595 0.883553 0.537918 0.883553 0.537918 0.913565 0.508595 0.913565
0 0.537917 0.879952 0.570273 0.879952 0.570273 0.909964 0.537917 0.909964
0 0.543984 0.853541 0.571284 0.853541 0.571284 0.882353 0.543984 0.882353
0 0.571285 0.843937 0.606673 0.843937 0.606673 0.883553 0.571285 0.883553
0 0.509606 0.921969 0.541962 0.921969 0.541962 0.951981 0.509606 0.951981
0 0.533872 0.909964 0.571284 0.909964 0.571284 0.937576 0.533872 0.937576
0 0.551062 0.938775 0.585440 0.938775 0.585440 0.966387 0.551062 0.966387
0 0.582407 0.966387 0.608696 0.966387 0.608696 0.997599 0.582407 0.997599
0 0.552072 0.968787 0.581395 0.968787 0.581395 0.997599 0.552072 0.997599
0 0.597573 0.885954 0.631951 0.885954 0.631951 0.918368 0.597573 0.918368
0 0.613751 0.930372 0.648129 0.930372 0.648129 0.959184 0.613751 0.959184
0 0.647118 0.930372 0.679474 0.930372 0.679474 0.955582 0.647118 0.955582
0 0.681497 0.932773 0.714863 0.932773 0.714863 0.959183 0.681497 0.959183
0 0.664307 0.900360 0.696663 0.900360 0.696663 0.929172 0.664307 0.929172
0 0.641051 0.907563 0.667341 0.907563 0.667341 0.932773 0.641051 0.932773
0 0.668351 0.877551 0.694640 0.877551 0.694640 0.901561 0.668351 0.901561
0 0.638018 0.879952 0.667341 0.879952 0.667341 0.908764 0.638018 0.908764
0 0.650152 0.848739 0.677452 0.848739 0.677452 0.878751 0.650152 0.878751
0 0.664308 0.822329 0.692619 0.822329 0.692619 0.854742 0.664308 0.854742
0 0.689586 0.815126 0.720931 0.815126 0.720931 0.847540 0.689586 0.847540
0 0.723964 0.823530 0.757331 0.823530 0.757331 0.860745 0.723964 0.860745
0 0.776542 0.805523 0.808898 0.805523 0.808898 0.837936 0.776542 0.837936
0 0.650151 0.791117 0.681496 0.791117 0.681496 0.823530 0.650151 0.823530
0 0.645096 0.761105 0.675430 0.761105 0.675430 0.794717 0.645096 0.794717
0 0.633974 0.727491 0.664308 0.727491 0.664308 0.762305 0.633974 0.762305
0 0.609707 0.744298 0.638018 0.744298 0.638018 0.774310 0.609707 0.774310
0 0.595551 0.714286 0.625885 0.714286 0.625885 0.746699 0.595551 0.746699
0 0.612740 0.686674 0.638018 0.686674 0.638018 0.719087 0.612740 0.719087
0 0.587462 0.684273 0.613752 0.684273 0.613752 0.721488 0.587462 0.721488
0 0.544995 0.746699 0.579373 0.746699 0.579373 0.777911 0.544995 0.777911
0 0.582406 0.773109 0.612740 0.773109 0.612740 0.809123 0.582406 0.809123
0 0.612740 0.781513 0.643074 0.781513 0.643074 0.817527 0.612740 0.817527
0 0.468150 0.759903 0.500506 0.759903 0.500506 0.792316 0.468150 0.792316
0 0.502528 0.768308 0.532862 0.768308 0.532862 0.800721 0.502528 0.800721
0 0.449950 0.776710 0.479272 0.776710 0.479272 0.813925 0.449950 0.813925
0 0.416582 0.800720 0.448938 0.800720 0.448938 0.833133 0.416582 0.833133
0 0.385238 0.769508 0.416582 0.769508 0.416582 0.810324 0.385238 0.810324
0 0.398382 0.713086 0.422650 0.713086 0.422650 0.750301 0.398382 0.750301
0 0.413549 0.653061 0.443883 0.653061 0.443883 0.685474 0.413549 0.685474
0 0.448938 0.668667 0.483316 0.668667 0.483316 0.701080 0.448938 0.701080
0 0.457027 0.642257 0.487361 0.642257 0.487361 0.672269 0.457027 0.672269
0 0.472194 0.629052 0.496462 0.629052 0.496462 0.654262 0.472194 0.654262
0 0.488372 0.667466 0.516683 0.667466 0.516683 0.699879 0.488372 0.699879
0 0.491405 0.725090 0.529829 0.725090 0.529829 0.762305 0.491405 0.762305
0 0.521739 0.725090 0.549039 0.725090 0.549039 0.752702 0.521739 0.752702
0 0.458038 0.701080 0.491405 0.701080 0.491405 0.752701 0.458038 0.752701
0 0.424671 0.756302 0.450960 0.756302 0.450960 0.788716 0.424671 0.788716
0 0.204246 0.775511 0.239636 0.775511 0.239636 0.809123 0.204246 0.809123
0 0.204246 0.741897 0.235592 0.741897 0.235592 0.770709 0.204246 0.770709
0 0.231546 0.770709 0.277048 0.770709 0.277048 0.803122 0.231546 0.803122
0 0.238625 0.800720 0.274014 0.800720 0.274014 0.828331 0.238625 0.828331
0 0.280081 0.805523 0.319515 0.805523 0.319515 0.837936 0.280081 0.837936
0 0.271992 0.770709 0.307381 0.770709 0.307381 0.798320 0.271992 0.798320
0 0.319514 0.797119 0.352882 0.797119 0.352882 0.821129 0.319514 0.821129
0 0.308392 0.773109 0.340748 0.773109 0.340748 0.798319 0.308392 0.798319
0 0.338726 0.775510 0.364004 0.775510 0.364004 0.803122 0.338726 0.803122
0 0.432760 0.510204 0.463094 0.510204 0.463094 0.537816 0.432760 0.537816
0 0.449950 0.585835 0.477250 0.585835 0.477250 0.618248 0.449950 0.618248
0 0.425682 0.614646 0.459049 0.614646 0.459049 0.649460 0.425682 0.649460
0 0.415572 0.582233 0.446916 0.582233 0.446916 0.618247 0.415572 0.618247
0 0.388271 0.605042 0.416582 0.605042 0.416582 0.632653 0.388271 0.632653
0 0.389282 0.629052 0.411526 0.629052 0.411526 0.649460 0.389282 0.649460
0 0.510617 0.612244 0.541961 0.612244 0.541961 0.649459 0.510617 0.649459
0 0.571284 0.635054 0.597573 0.635054 0.597573 0.673470 0.571284 0.673470
0 0.543983 0.445378 0.573306 0.445378 0.573306 0.480192 0.543983 0.480192
0 0.576340 0.433373 0.599596 0.433373 0.599596 0.460985 0.576340 0.460985
0 0.594540 0.442977 0.621840 0.442977 0.621840 0.477791 0.594540 0.477791
0 0.572295 0.489796 0.602629 0.489796 0.602629 0.521008 0.572295 0.521008
0 0.579373 0.525810 0.606673 0.525810 0.606673 0.560624 0.579373 0.560624
0 0.610719 0.527011 0.639030 0.527011 0.639030 0.561825 0.610719 0.561825
0 0.633974 0.530612 0.659252 0.530612 0.659252 0.565426 0.633974 0.565426
0 0.530840 0.534214 0.562184 0.534214 0.562184 0.565426 0.530840 0.565426
0 0.550050 0.510204 0.572296 0.510204 0.572296 0.536614 0.550050 0.536614
0 0.504549 0.547419 0.535894 0.547419 0.535894 0.577431 0.504549 0.577431
0 0.480283 0.541416 0.504551 0.541416 0.504551 0.569028 0.480283 0.569028
0 0.482305 0.516207 0.511629 0.516207 0.511629 0.543818 0.482305 0.543818
0 0.498483 0.500600 0.525783 0.500600 0.525783 0.529412 0.498483 0.529412
0 0.600607 0.564226 0.628918 0.564226 0.628918 0.599040 0.600607 0.599040
0 0.641052 0.566627 0.666330 0.566627 0.666330 0.607443 0.641052 0.607443
0 0.657230 0.552221 0.677452 0.552221 0.677452 0.577431 0.657230 0.577431
0 0.680486 0.552221 0.711831 0.552221 0.711831 0.584634 0.680486 0.584634
0 0.701719 0.522209 0.732053 0.522209 0.732053 0.552221 0.701719 0.552221
0 0.741153 0.468187 0.771487 0.468187 0.771487 0.507803 0.741153 0.507803
0 0.761374 0.490997 0.790697 0.490997 0.790697 0.533014 0.761374 0.533014
0 0.623862 0.481393 0.655207 0.481393 0.655207 0.522209 0.623862 0.522209
0 0.148635 0.937575 0.190091 0.937575 0.190091 0.968787 0.148635 0.968787
0 0.349848 0.980792 0.380182 0.980792 0.380182 0.997599 0.349848 0.997599
0 0.725986 0.941176 0.757331 0.941176 0.757331 0.971188 0.725986 0.971188
0 0.742163 0.931573 0.773508 0.931573 0.773508 0.953182 0.742163 0.953182
0 0.773508 0.918367 0.792720 0.918367 0.792720 0.933973 0.773508 0.933973
0 0.783620 0.947180 0.814964 0.947180 0.814964 0.980792 0.783620 0.980792
0 0.810921 0.960385 0.839232 0.960385 0.839232 0.993997 0.810921 0.993997
0 0.840243 0.962785 0.870577 0.962785 0.870577 0.998799 0.840243 0.998799
0 0.865521 0.949581 0.901921 0.949581 0.901921 0.983193 0.865521 0.983193
0 0.855409 0.919567 0.885743 0.919567 0.885743 0.951981 0.855409 0.951981
0 0.848332 0.888355 0.882710 0.888355 0.882710 0.920768 0.848332 0.920768
0 0.779576 0.885954 0.815976 0.885954 0.815976 0.909964 0.779576 0.909964
0 0.748231 0.866747 0.784631 0.866747 0.784631 0.890757 0.748231 0.890757
0 0.773509 0.854742 0.807887 0.854742 0.807887 0.883554 0.773509 0.883554
0 0.717898 0.873950 0.753286 0.873950 0.753286 0.908764 0.717898 0.908764
0 0.803843 0.903962 0.835187 0.903962 0.835187 0.935174 0.803843 0.935174
0 0.831143 0.912365 0.856421 0.912365 0.856421 0.938775 0.831143 0.938775
0 0.830132 0.938775 0.857432 0.938775 0.857432 0.965186 0.830132 0.965186
0 0.907988 0.923169 0.941354 0.923169 0.941354 0.965186 0.907988 0.965186
0 0.948433 0.901561 0.983821 0.901561 0.983821 0.936375 0.948433 0.936375
0 0.966634 0.943577 0.994945 0.943577 0.994945 0.975990 0.966634 0.975990
0 0.946411 0.949580 0.973711 0.949580 0.973711 0.984394 0.946411 0.984394
0 0.845299 0.845138 0.873610 0.845138 0.873610 0.876350 0.845299 0.876350
0 0.829121 0.864346 0.860465 0.864346 0.860465 0.895558 0.829121 0.895558
0 0.965622 0.855942 0.994945 0.855942 0.994945 0.888355 0.965622 0.888355
0 0.987867 0.822329 0.998989 0.822329 0.998989 0.857143 0.987867 0.857143
0 0.941354 0.013205 0.967643 0.013205 0.967643 0.042017 0.941354 0.042017
0 0.962588 0.042017 0.988877 0.042017 0.988877 0.075631 0.962588 0.075631
0 0.985844 0.093637 1.000000 0.093637 1.000000 0.117647 0.985844 0.117647
0 0.867544 0.266506 0.910011 0.266506 0.910011 0.303721 0.867544 0.303721
0 0.793732 0.250901 0.829120 0.250901 0.829120 0.288116 0.793732 0.288116
0 0.761376 0.232894 0.796764 0.232894 0.796764 0.276110 0.761376 0.276110
0 0.785643 0.172870 0.821031 0.172870 0.821031 0.219689 0.785643 0.219689
0 0.743174 0.170468 0.781598 0.170468 0.781598 0.219688 0.743174 0.219688
0 0.806875 0.090036 0.852376 0.090036 0.852376 0.138055 0.806875 0.138055
0 0.831143 0.138055 0.872599 0.138055 0.872599 0.177671 0.831143 0.177671
0 0.887765 0.102041 0.928211 0.102041 0.928211 0.152461 0.887765 0.152461
0 0.918099 0.084033 0.954499 0.084033 0.954499 0.108043 0.918099 0.108043
0 0.902932 0.064826 0.923154 0.064826 0.923154 0.094838 0.902932 0.094838
0 0.872599 0.052821 0.897877 0.052821 0.897877 0.093637 0.872599 0.093637
0 0.768454 0.036014 0.796764 0.036014 0.796764 0.080432 0.768454 0.080432
0 0.963599 0.139256 0.985845 0.139256 0.985845 0.177670 0.963599 0.177670
0 0.934278 0.156063 0.969666 0.156063 0.969666 0.192077 0.934278 0.192077
0 0.948432 0.187275 0.986855 0.187275 0.986855 0.222089 0.948432 0.222089
0 0.914054 0.274910 0.953488 0.274910 0.953488 0.321728 0.914054 0.321728
0 0.940344 0.219688 0.981800 0.219688 0.981800 0.244898 0.940344 0.244898
0 0.742164 0.523410 0.772498 0.523410 0.772498 0.564226 0.742164 0.564226
0 0.718908 0.576231 0.749242 0.576231 0.749242 0.609843 0.718908 0.609843
0 0.744186 0.600240 0.776542 0.600240 0.776542 0.642257 0.744186 0.642257
0 0.861476 0.542618 0.891810 0.542618 0.891810 0.576230 0.861476 0.576230
0 0.845299 0.572629 0.876644 0.572629 0.876644 0.607443 0.845299 0.607443
0 0.852377 0.606243 0.885744 0.606243 0.885744 0.642257 0.852377 0.642257
0 0.809909 0.605042 0.839232 0.605042 0.839232 0.643458 0.809909 0.643458
0 0.782609 0.613445 0.822043 0.613445 0.822043 0.651861 0.782609 0.651861
0 0.889788 0.558223 0.917088 0.558223 0.917088 0.595438 0.889788 0.595438
0 0.901921 0.603842 0.932255 0.603842 0.932255 0.637454 0.901921 0.637454
0 0.637008 0.613446 0.670374 0.613446 0.670374 0.649460 0.637008 0.649460
0 0.671385 0.599039 0.700708 0.599039 0.700708 0.636254 0.671385 0.636254
0 0.619818 0.599039 0.647118 0.599039 0.647118 0.636254 0.619818 0.636254
0 0.586450 0.617047 0.619817 0.617047 0.619817 0.655463 0.586450 0.655463
0 0.614762 0.647058 0.639030 0.647058 0.639030 0.679472 0.614762 0.679472
0 0.747219 0.642257 0.777553 0.642257 0.777553 0.685474 0.747219 0.685474
0 0.758342 0.684273 0.792720 0.684273 0.792720 0.726290 0.758342 0.726290
0 0.743175 0.713085 0.774520 0.713085 0.774520 0.749099 0.743175 0.749099
0 0.734075 0.744298 0.766431 0.744298 0.766431 0.791117 0.734075 0.791117
0 0.753286 0.777911 0.782609 0.777911 0.782609 0.805523 0.753286 0.805523
0 0.858443 0.647059 0.892821 0.647059 0.892821 0.683073 0.858443 0.683073
0 0.830131 0.655462 0.860465 0.655462 0.860465 0.691476 0.830131 0.691476
0 0.785641 0.669868 0.816986 0.669868 0.816986 0.705882 0.785641 0.705882
0 0.850354 0.702281 0.873610 0.702281 0.873610 0.731093 0.850354 0.731093
0 0.856421 0.729892 0.887765 0.729892 0.887765 0.776710 0.856421 0.776710
0 0.813954 0.751501 0.841254 0.751501 0.841254 0.793517 0.813954 0.793517
0 0.799798 0.719087 0.830132 0.719087 0.830132 0.761104 0.799798 0.761104
0 0.820021 0.698680 0.848332 0.698680 0.848332 0.732292 0.820021 0.732292
0 0.776542 0.749099 0.808898 0.749099 0.808898 0.787515 0.776542 0.787515
0 0.884732 0.337334 0.919110 0.337334 0.919110 0.369748 0.884732 0.369748
0 0.942367 0.344537 0.977755 0.344537 0.977755 0.386554 0.942367 0.386554
0 0.904954 0.515006 0.936299 0.515006 0.936299 0.557022 0.904954 0.557022
0 0.927199 0.554621 0.957533 0.554621 0.957533 0.591836 0.927199 0.591836
0 0.947422 0.494598 0.981800 0.494598 0.981800 0.533014 0.947422 0.533014
0 0.979778 0.387755 1.000000 0.387755 1.000000 0.433373 0.979778 0.433373
0 0.974722 0.450180 1.000000 0.450180 1.000000 0.495798 0.974722 0.495798
0 0.357937 0.813926 0.391304 0.813926 0.391304 0.848740 0.357937 0.848740
0 0.368049 0.843938 0.402427 0.843938 0.402427 0.877550 0.368049 0.877550
0 0.402427 0.863146 0.432761 0.863146 0.432761 0.895559 0.402427 0.895559
0 0.431750 0.872749 0.463094 0.872749 0.463094 0.907563 0.431750 0.907563
0 0.535895 0.573829 0.564206 0.573829 0.564206 0.601441 0.535895 0.601441
0 0.560162 0.588235 0.592518 0.588235 0.592518 0.627851 0.560162 0.627851
0 0.466128 0.258104 0.506572 0.258104 0.506572 0.284515 0.466128 0.284515
0 0.472195 0.240096 0.503540 0.240096 0.503540 0.260504 0.472195 0.260504
0 0.504549 0.249700 0.535894 0.249700 0.535894 0.288115 0.504549 0.288115
0 0.543984 0.255702 0.572295 0.255702 0.572295 0.285714 0.543984 0.285714
0 0.548028 0.278511 0.588473 0.278511 0.588473 0.308523 0.548028 0.308523
0 0.591507 0.280912 0.626895 0.280912 0.626895 0.308524 0.591507 0.308524
0 0.623862 0.277311 0.665318 0.277311 0.665318 0.307323 0.623862 0.307323
0 0.611729 0.238896 0.643073 0.238896 0.643073 0.265307 0.611729 0.265307
0 0.669362 0.234094 0.698685 0.234094 0.698685 0.264106 0.669362 0.264106
0 0.698686 0.206482 0.732052 0.206482 0.732052 0.235294 0.698686 0.235294
0 0.689585 0.270108 0.730031 0.270108 0.730031 0.296518 0.689585 0.296518
0 0.831143 0.348139 0.860465 0.348139 0.860465 0.379351 0.831143 0.379351
0 0.838220 0.382953 0.875632 0.382953 0.875632 0.414165 0.838220 0.414165
0 0.844287 0.418968 0.876643 0.418968 0.876643 0.450180 0.844287 0.450180
0 0.807886 0.355342 0.830132 0.355342 0.830132 0.391356 0.807886 0.391356
0 0.767443 0.358944 0.802831 0.358944 0.802831 0.394958 0.767443 0.394958
0 0.794742 0.397359 0.832154 0.397359 0.832154 0.445379 0.794742 0.445379
0 0.601619 0.475390 0.629930 0.475390 0.629930 0.510204 0.601619 0.510204
0 0.623862 0.446579 0.652173 0.446579 0.652173 0.481393 0.623862 0.481393
0 0.643074 0.424970 0.677452 0.424970 0.677452 0.460984 0.643074 0.460984
0 0.665318 0.397359 0.697674 0.397359 0.697674 0.427371 0.665318 0.427371
0 0.672397 0.370948 0.707785 0.370948 0.707785 0.398560 0.672397 0.398560
0 0.735086 0.370948 0.766431 0.370948 0.766431 0.400960 0.735086 0.400960
0 0.750253 0.411765 0.780587 0.411765 0.780587 0.450180 0.750253 0.450180
0 0.722952 0.409363 0.754297 0.409363 0.754297 0.441777 0.722952 0.441777
0 0.709808 0.439376 0.735086 0.439376 0.735086 0.462184 0.709808 0.462184
0 0.770475 0.448979 0.802831 0.448979 0.802831 0.486194 0.770475 0.486194
0 0.805864 0.448980 0.839231 0.448980 0.839231 0.483794 0.805864 0.483794
0 0.261881 0.648259 0.282103 0.648259 0.282103 0.683073 0.261881 0.683073
0 0.285137 0.100840 0.321537 0.100840 0.321537 0.133253 0.285137 0.133253
0 0.327603 0.002401 0.365015 0.002401 0.365015 0.057623 0.327603 0.057623
0 0.296259 0.012005 0.328615 0.012005 0.328615 0.073229 0.296259 0.073229
0 0.369060 0.058824 0.409504 0.058824 0.409504 0.100840 0.369060 0.100840
0 0.373105 0.121249 0.406472 0.121249 0.406472 0.162065 0.373105 0.162065
0 0.411527 0.081633 0.440850 0.081633 0.440850 0.111645 0.411527 0.111645
0 0.425682 0.051620 0.446916 0.051620 0.446916 0.084033 0.425682 0.084033
0 0.453994 0.050420 0.490394 0.050420 0.490394 0.086434 0.453994 0.086434
0 0.480283 0.057623 0.515672 0.057623 0.515672 0.088835 0.480283 0.088835
0 0.633973 0.019208 0.674419 0.019208 0.674419 0.079232 0.633973 0.079232
0 0.535895 0.045619 0.573307 0.045619 0.573307 0.092438 0.535895 0.092438
0 0.041455 0.612245 0.072800 0.612245 0.072800 0.655463 0.041455 0.655463
0 0.002022 0.599040 0.025278 0.599040 0.025278 0.630252 0.002022 0.630252
0 0.022245 0.651861 0.049545 0.651861 0.049545 0.677071 0.022245 0.677071
0 0.740141 0.027611 0.770475 0.027611 0.770475 0.064826 0.740141 0.064826
0 0.689585 0.016807 0.731041 0.016807 0.731041 0.051621 0.689585 0.051621
0 0.576340 0.732294 0.604650 0.732294 0.604650 0.765906 0.576340 0.765906
0 0.547017 0.777911 0.576340 0.777911 0.576340 0.806723 0.547017 0.806723
0 0.548029 0.720288 0.576340 0.720288 0.576340 0.733493 0.548029 0.733493
0 0.567240 0.552221 0.592518 0.552221 0.592518 0.575030 0.567240 0.575030
0 0.697674 0.751501 0.723963 0.751501 0.723963 0.785113 0.697674 0.785113
0 0.705764 0.779112 0.733064 0.779112 0.733064 0.804322 0.705764 0.804322
1 0.694642 0.001201 0.711830 0.001201 0.711830 0.024009 0.694642 0.024009
1 0.806875 0.034814 0.833164 0.034814 0.833164 0.066026 0.806875 0.066026
1 0.075834 0.558223 0.101112 0.558223 0.101112 0.583433 0.075834 0.583433
1 0.019211 0.549820 0.040445 0.549820 0.040445 0.575030 0.019211 0.575030
1 0.087968 0.621849 0.113246 0.621849 0.113246 0.649460 0.087968 0.649460
