0 0.096990 0.093511 0.157191 0.093511 0.157191 0.156489 0.096990 0.156489
0 0.107024 0.034351 0.163880 0.034351 0.163880 0.097328 0.107024 0.097328
0 0.145485 0.001908 0.198997 0.001908 0.198997 0.057252 0.145485 0.057252
0 0.023411 0.198473 0.083612 0.198473 0.083612 0.261451 0.023411 0.261451
0 0.257525 0.152672 0.304347 0.152672 0.304347 0.213740 0.257525 0.213740
0 0.294315 0.120229 0.339465 0.120229 0.339465 0.169847 0.294315 0.169847
0 0.339465 0.103054 0.387959 0.103054 0.387959 0.145039 0.339465 0.145039
0 0.372910 0.066794 0.419732 0.066794 0.419732 0.116412 0.372910 0.116412
0 0.394648 0.040077 0.439800 0.040077 0.439800 0.082061 0.394648 0.082061
0 0.209030 0.230915 0.252508 0.230915 0.252508 0.282442 0.209030 0.282442
0 0.198997 0.280534 0.242475 0.280534 0.242475 0.337786 0.198997 0.337786
0 0.183946 0.318702 0.222408 0.318702 0.222408 0.374046 0.183946 0.374046
0 0.237458 0.337786 0.269231 0.337786 0.269231 0.379772 0.237458 0.379772
0 0.207358 0.362595 0.250836 0.362595 0.250836 0.419847 0.207358 0.419847
0 0.168897 0.402672 0.214048 0.402672 0.214048 0.437023 0.168897 0.437023
0 0.100334 0.454198 0.138796 0.454198 0.138796 0.509542 0.100334 0.509542
0 0.274248 0.362596 0.321070 0.362596 0.321070 0.416031 0.274248 0.416031
0 0.321070 0.358779 0.366220 0.358779 0.366220 0.396947 0.321070 0.396947
0 0.411372 0.322518 0.461538 0.322518 0.461538 0.383588 0.411372 0.383588
0 0.459867 0.286260 0.508362 0.286260 0.508362 0.337786 0.459867 0.337786
0 0.466555 0.351145 0.506689 0.351145 0.506689 0.395038 0.466555 0.395038
0 0.510034 0.288168 0.561872 0.288168 0.561872 0.337786 0.510034 0.337786
0 0.535117 0.246183 0.578595 0.246183 0.578595 0.297710 0.535117 0.297710
0 0.229097 0.532443 0.272575 0.532443 0.272575 0.589695 0.229097 0.589695
0 0.190635 0.599237 0.240803 0.599237 0.240803 0.656489 0.190635 0.656489
0 0.107023 0.633588 0.155519 0.633588 0.155519 0.681298 0.107023 0.681298
0 0.045150 0.624046 0.096989 0.624046 0.096989 0.688932 0.045150 0.688932
0 0.055183 0.717557 0.100334 0.717557 0.100334 0.769085 0.055183 0.769085
0 0.091973 0.675573 0.123746 0.675573 0.123746 0.736642 0.091973 0.736642
0 0.010034 0.690840 0.055184 0.690840 0.055184 0.748092 0.010034 0.748092
0 0.036790 0.776718 0.095318 0.776718 0.095318 0.835878 0.036790 0.835878
0 0.297659 0.479007 0.332776 0.479007 0.332776 0.530535 0.297659 0.530535
0 0.326087 0.456107 0.352843 0.456107 0.352843 0.501909 0.326087 0.501909
0 0.117056 0.828244 0.167223 0.828244 0.167223 0.893130 0.117056 0.893130
0 0.085284 0.872137 0.135452 0.872137 0.135452 0.923664 0.085284 0.923664
0 0.123745 0.908396 0.173912 0.908396 0.173912 0.971374 0.123745 0.971374
0 0.178930 0.883588 0.219064 0.883588 0.219064 0.948474 0.178930 0.948474
0 0.239130 0.879771 0.265886 0.879771 0.265886 0.912214 0.239130 0.912214
0 0.295987 0.648855 0.356187 0.648855 0.356187 0.696565 0.295987 0.696565
0 0.311036 0.738549 0.374581 0.738549 0.374581 0.793893 0.311036 0.793893
0 0.362876 0.704198 0.421404 0.704198 0.421404 0.765267 0.362876 0.765267
0 0.285953 0.832060 0.342809 0.832060 0.342809 0.874045 0.285953 0.874045
0 0.386287 0.837786 0.439799 0.837786 0.439799 0.885496 0.386287 0.885496
0 0.277592 0.864504 0.334448 0.864504 0.334448 0.917938 0.277592 0.917938
0 0.249164 0.958016 0.295986 0.958016 0.295986 1.000000 0.249164 1.000000
0 0.317725 0.919847 0.367892 0.919847 0.367892 0.980916 0.317725 0.980916
0 0.336120 0.879771 0.374582 0.879771 0.374582 0.919847 0.336120 0.919847
0 0.257525 0.917939 0.277593 0.917939 0.277593 0.958015 0.257525 0.958015
0 0.478261 0.946565 0.521739 0.946565 0.521739 1.000000 0.478261 1.000000
0 0.438128 0.660306 0.486622 0.660306 0.486622 0.713740 0.438128 0.713740
0 0.479932 0.654580 0.511706 0.654580 0.511706 0.690840 0.479932 0.690840
0 0.491638 0.688931 0.528427 0.688931 0.528427 0.738549 0.491638 0.738549
0 0.538461 0.637404 0.585284 0.637404 0.585284 0.698473 0.538461 0.698473
0 0.530100 0.692749 0.581939 0.692749 0.581939 0.746183 0.530100 0.746183
0 0.585284 0.639312 0.635452 0.639312 0.635452 0.700381 0.585284 0.700381
0 0.630435 0.648855 0.675585 0.648855 0.675585 0.709924 0.630435 0.709924
0 0.600335 0.593511 0.670569 0.593511 0.670569 0.648855 0.600335 0.648855
0 0.668896 0.620229 0.707358 0.620229 0.707358 0.685115 0.668896 0.685115
0 0.667224 0.553434 0.712375 0.553434 0.712375 0.614503 0.667224 0.614503
0 0.678930 0.677481 0.722408 0.677481 0.722408 0.725191 0.678930 0.725191
0 0.693979 0.748092 0.755853 0.748092 0.755853 0.811069 0.693979 0.811069
0 0.702341 0.807252 0.760869 0.807252 0.760869 0.866412 0.702341 0.866412
0 0.500000 0.603053 0.543478 0.603053 0.543478 0.641221 0.500000 0.641221
0 0.558528 0.601145 0.596990 0.601145 0.596990 0.631679 0.558528 0.631679
0 0.909699 0.750000 0.961538 0.750000 0.961538 0.816794 0.909699 0.816794
0 0.948160 0.662214 0.979934 0.662214 0.979934 0.702290 0.948160 0.702290
0 0.779265 0.790077 0.816053 0.790077 0.816053 0.843511 0.779265 0.843511
0 0.821070 0.553435 0.874582 0.553435 0.874582 0.616413 0.821070 0.616413
0 0.861204 0.610686 0.887960 0.610686 0.887960 0.662214 0.861204 0.662214
0 0.745820 0.507634 0.790971 0.507634 0.790971 0.566794 0.745820 0.566794
0 0.770903 0.408397 0.827759 0.408397 0.827759 0.465649 0.770903 0.465649
0 0.824415 0.349237 0.872910 0.349237 0.872910 0.419847 0.824415 0.419847
0 0.819399 0.463740 0.871237 0.463740 0.871237 0.543893 0.819399 0.543893
0 0.732441 0.337786 0.782609 0.337786 0.782609 0.396946 0.732441 0.396946
0 0.826087 0.263359 0.874582 0.263359 0.874582 0.326336 0.826087 0.326336
0 0.956522 0.255725 0.998328 0.255725 0.998328 0.309161 0.956522 0.309161
0 0.894649 0.183206 0.946488 0.183206 0.946488 0.242366 0.894649 0.242366
0 0.605352 0.221374 0.653846 0.221374 0.653846 0.278626 0.605352 0.278626
0 0.575251 0.238550 0.617057 0.238550 0.617057 0.297710 0.575251 0.297710
0 0.623746 0.175572 0.677258 0.175572 0.677258 0.230916 0.623746 0.230916
0 0.615385 0.124046 0.665552 0.124046 0.665552 0.177481 0.615385 0.177481
0 0.623745 0.022901 0.673913 0.022901 0.673913 0.089695 0.623745 0.089695
0 0.789297 0.204199 0.854515 0.204199 0.854515 0.255725 0.789297 0.255725
0 0.792642 0.154580 0.842809 0.154580 0.842809 0.209924 0.792642 0.209924
0 0.769231 0.108779 0.824415 0.108779 0.824415 0.162214 0.769231 0.162214
0 0.737459 0.064885 0.789297 0.064885 0.789297 0.118321 0.737459 0.118321
0 0.700670 0.019084 0.752509 0.019084 0.752509 0.080153 0.700670 0.080153
0 0.474917 0.001908 0.523412 0.001908 0.523412 0.047710 0.474917 0.047710
0 0.466555 0.549618 0.533445 0.549618 0.533445 0.595420 0.466555 0.595420
0 0.423076 0.477099 0.454850 0.477099 0.454850 0.534351 0.423076 0.534351
0 0.521739 0.370229 0.565217 0.370229 0.565217 0.408397 0.521739 0.408397
0 0.091973 0.183205 0.128763 0.183205 0.128763 0.234732 0.091973 0.234732
0 0.112040 0.360687 0.137124 0.360687 0.137124 0.400763 0.112040 0.400763
0 0.132107 0.282443 0.162207 0.282443 0.162207 0.322519 0.132107 0.322519
0 0.212374 0.003817 0.260869 0.003817 0.260869 0.043893 0.212374 0.043893
0 0.657191 0.715649 0.709029 0.715649 0.709029 0.759541 0.657191 0.759541
0 0.653846 0.759542 0.700670 0.759542 0.700670 0.805344 0.653846 0.805344
0 0.687290 0.851145 0.734113 0.851145 0.734113 0.904580 0.687290 0.904580
0 0.700668 0.906489 0.735785 0.906489 0.735785 0.967558 0.700668 0.967558
0 0.953178 0.540076 0.998328 0.540076 0.998328 0.610687 0.953178 0.610687
0 0.918060 0.564886 0.963210 0.564886 0.963210 0.633588 0.918060 0.633588
1 0.859532 0.845420 0.899666 0.845420 0.899666 0.883588 0.859532 0.883588
1 0.478260 0.791985 0.511706 0.791985 0.511706 0.830153 0.478260 0.830153
1 0.493311 0.847329 0.521739 0.847329 0.521739 0.891221 0.493311 0.891221
1 0.530100 0.431297 0.565218 0.431297 0.565218 0.467557 0.530100 0.467557
1 0.578595 0.391221 0.602006 0.391221 0.602006 0.427481 0.578595 0.427481
1 0.423077 0.538168 0.458193 0.538168 0.458193 0.576336 0.423077 0.576336
1 0.397994 0.616413 0.421404 0.616413 0.421404 0.648856 0.397994 0.648856
1 0.406355 0.633587 0.436455 0.633587 0.436455 0.666030 0.406355 0.666030
1 0.020067 0.089694 0.045151 0.089694 0.045151 0.131680 0.020067 0.131680
1 0.055183 0.135496 0.086956 0.135496 0.086956 0.175572 0.055183 0.175572
1 0.108695 0.238550 0.133779 0.238550 0.133779 0.290077 0.108695 0.290077
1 0.098662 0.305344 0.127090 0.305344 0.127090 0.349237 0.098662 0.349237
1 0.170568 0.181298 0.197324 0.181298 0.197324 0.209924 0.170568 0.209924
1 0.222408 0.064885 0.259197 0.064885 0.259197 0.097328 0.222408 0.097328
1 0.270903 0.038168 0.317725 0.038168 0.317725 0.068702 0.270903 0.068702
1 0.294315 0.066794 0.324415 0.066794 0.324415 0.097328 0.294315 0.097328
1 0.269231 0.742367 0.302675 0.742367 0.302675 0.795801 0.269231 0.795801
1 0.110369 0.765267 0.133779 0.765267 0.133779 0.809160 0.110369 0.809160
1 0.172241 0.677481 0.212375 0.677481 0.212375 0.704199 0.172241 0.704199
