1 0.425196 0.902440 0.492125 0.902440 0.492125 1.000000 0.425196 1.000000
2 0.716536 0.008130 0.787402 0.008130 0.787402 0.162602 0.716536 0.162602
2 0.035433 0.097561 0.122047 0.097561 0.122047 0.243902 0.035433 0.243902
3 0.000000 0.382114 0.358268 0.382114 0.358268 0.991870 0.000000 0.991870
3 0.228347 0.398375 0.433071 0.398375 0.433071 0.731707 0.228347 0.731707
3 0.405512 0.008130 0.681102 0.008130 0.681102 0.463415 0.405512 0.463415
3 0.220473 0.105691 0.389763 0.105691 0.389763 0.406504 0.220473 0.406504
3 0.448819 0.536585 0.783465 0.536585 0.783465 0.918699 0.448819 0.918699
3 0.787401 0.243902 0.972440 0.243902 0.972440 0.536585 0.787401 0.536585
3 0.885826 0.056911 0.984251 0.056911 0.984251 0.284553 0.885826 0.284553
3 0.795276 0.000000 0.889764 0.000000 0.889764 0.211382 0.795276 0.211382
