1 0.005918 0.059749 0.053254 0.059749 0.053254 0.138365 0.005918 0.138365
1 0.065089 0.081762 0.103551 0.081762 0.103551 0.154089 0.065089 0.154089
1 0.115385 0.003144 0.171598 0.003144 0.171598 0.047170 0.115385 0.047170
1 0.121302 0.078617 0.165681 0.078617 0.165681 0.113207 0.121302 0.113207
1 0.207101 0.034590 0.260355 0.034590 0.260355 0.075471 0.207101 0.075471
1 0.168639 0.034591 0.207101 0.034591 0.207101 0.078617 0.168639 0.078617
1 0.281066 0.037736 0.328402 0.037736 0.328402 0.110063 0.281066 0.110063
1 0.218935 0.106918 0.254437 0.106918 0.254437 0.191824 0.218935 0.191824
1 0.192307 0.176100 0.227810 0.176100 0.227810 0.242138 0.192307 0.242138
1 0.076924 0.166667 0.124260 0.166667 0.124260 0.226415 0.076924 0.226415
1 0.136094 0.128931 0.174556 0.128931 0.174556 0.194969 0.136094 0.194969
1 0.008876 0.185534 0.068048 0.185534 0.068048 0.232704 0.008876 0.232704
1 0.047337 0.226415 0.088757 0.226415 0.088757 0.289308 0.047337 0.289308
1 0.029586 0.283019 0.073965 0.283019 0.073965 0.339623 0.029586 0.339623
1 0.079882 0.323899 0.121302 0.323899 0.121302 0.380503 0.079882 0.380503
1 0.130178 0.345912 0.174557 0.345912 0.174557 0.405660 0.130178 0.405660
1 0.174556 0.323900 0.215976 0.323900 0.215976 0.393082 0.174556 0.393082
1 0.041420 0.405661 0.076924 0.405661 0.076924 0.449686 0.041420 0.449686
1 0.023668 0.471698 0.071005 0.471698 0.071005 0.525157 0.023668 0.525157
1 0.180473 0.257861 0.266272 0.257861 0.266272 0.311321 0.180473 0.311321
1 0.257396 0.198113 0.307692 0.198113 0.307692 0.264151 0.257396 0.264151
1 0.236686 0.320755 0.284023 0.320755 0.284023 0.367925 0.236686 0.367925
1 0.186391 0.389937 0.269231 0.389937 0.269231 0.455975 0.186391 0.455975
1 0.103550 0.534591 0.159764 0.534591 0.159764 0.588050 0.103550 0.588050
1 0.142012 0.500001 0.204142 0.500001 0.204142 0.553459 0.142012 0.553459
1 0.233728 0.449685 0.286982 0.449685 0.286982 0.496855 0.233728 0.496855
1 0.322485 0.440252 0.363905 0.440252 0.363905 0.503144 0.322485 0.503144
1 0.310652 0.339623 0.357988 0.339623 0.357988 0.399371 0.310652 0.399371
1 0.349113 0.050315 0.384615 0.050315 0.384615 0.084905 0.349113 0.084905
1 0.402367 0.028302 0.461539 0.028302 0.461539 0.097484 0.402367 0.097484
1 0.449704 0.078616 0.500000 0.078616 0.500000 0.132075 0.449704 0.132075
1 0.417160 0.125786 0.464496 0.125786 0.464496 0.172956 0.417160 0.172956
1 0.476332 0.132076 0.520710 0.132076 0.520710 0.194968 0.476332 0.194968
1 0.431953 0.191824 0.479289 0.191824 0.479289 0.223271 0.431953 0.223271
1 0.286983 0.257861 0.334319 0.257861 0.334319 0.311321 0.286983 0.311321
1 0.343195 0.251572 0.396449 0.251572 0.396449 0.327044 0.343195 0.327044
1 0.372781 0.198113 0.414201 0.198113 0.414201 0.273585 0.372781 0.273585
1 0.292900 0.301887 0.346154 0.301887 0.346154 0.352201 0.292900 0.352201
1 0.328402 0.150944 0.378698 0.150944 0.378698 0.210692 0.328402 0.210692
1 0.136095 0.455975 0.177515 0.455975 0.177515 0.499999 0.136095 0.499999
1 0.032544 0.622642 0.071006 0.622642 0.071006 0.676100 0.032544 0.676100
1 0.062131 0.691824 0.109467 0.691824 0.109467 0.745282 0.062131 0.745282
1 0.100592 0.660377 0.153846 0.660377 0.153846 0.726415 0.100592 0.726415
1 0.082840 0.625787 0.118344 0.625787 0.118344 0.669812 0.082840 0.669812
1 0.118343 0.588051 0.192307 0.588051 0.192307 0.641509 0.118343 0.641509
1 0.284023 0.547170 0.328403 0.547170 0.328403 0.613208 0.284023 0.613208
1 0.319526 0.525158 0.357988 0.525158 0.357988 0.578616 0.319526 0.578616
1 0.325443 0.657233 0.372780 0.657233 0.372780 0.713837 0.325443 0.713837
1 0.360947 0.581761 0.399409 0.581761 0.399409 0.657233 0.360947 0.657233
1 0.390533 0.638365 0.458579 0.638365 0.458579 0.691823 0.390533 0.691823
1 0.434911 0.569183 0.488165 0.569183 0.488165 0.622641 0.434911 0.622641
1 0.366864 0.500000 0.420118 0.500000 0.420118 0.566038 0.366864 0.566038
1 0.417160 0.477988 0.449704 0.477988 0.449704 0.547170 0.417160 0.547170
1 0.366864 0.430818 0.417160 0.430818 0.417160 0.490566 0.366864 0.490566
1 0.405326 0.317610 0.461538 0.317610 0.461538 0.364780 0.405326 0.364780
1 0.437870 0.226415 0.488166 0.226415 0.488166 0.295597 0.437870 0.295597
1 0.476331 0.267295 0.517751 0.267295 0.517751 0.323899 0.476331 0.323899
1 0.482248 0.327045 0.529585 0.327045 0.529585 0.389937 0.482248 0.389937
1 0.452663 0.408805 0.514793 0.408805 0.514793 0.477987 0.452663 0.477987
1 0.479290 0.493711 0.520710 0.493711 0.520710 0.550315 0.479290 0.550315
1 0.520710 0.484277 0.576924 0.484277 0.576924 0.534591 0.520710 0.534591
1 0.420118 0.688679 0.482248 0.688679 0.482248 0.748427 0.420118 0.748427
1 0.476331 0.650944 0.538461 0.650944 0.538461 0.704402 0.476331 0.704402
1 0.541420 0.672957 0.603550 0.672957 0.603550 0.726415 0.541420 0.726415
1 0.529586 0.616352 0.576923 0.616352 0.576923 0.672956 0.529586 0.672956
1 0.562130 0.591195 0.612426 0.591195 0.612426 0.654089 0.562130 0.654089
1 0.502958 0.018868 0.541420 0.018868 0.541420 0.069182 0.502958 0.069182
1 0.553254 0.037736 0.600591 0.037736 0.600591 0.110063 0.553254 0.110063
1 0.514794 0.075472 0.562130 0.075472 0.562130 0.125786 0.514794 0.125786
1 0.538462 0.119496 0.582840 0.119496 0.582840 0.172955 0.538462 0.172955
1 0.582840 0.119497 0.618344 0.119497 0.618344 0.176101 0.582840 0.176101
1 0.556213 0.201257 0.609467 0.201257 0.609467 0.264151 0.556213 0.264151
1 0.532545 0.264151 0.585799 0.264151 0.585799 0.323899 0.532545 0.323899
1 0.541420 0.323900 0.594674 0.323900 0.594674 0.374214 0.541420 0.374214
1 0.005918 0.710692 0.032545 0.710692 0.032545 0.738994 0.005918 0.738994
1 0.576923 0.437107 0.606509 0.437107 0.606509 0.506289 0.576923 0.506289
1 0.582840 0.374214 0.624260 0.374214 0.624260 0.430818 0.582840 0.430818
1 0.606509 0.330189 0.659763 0.330189 0.659763 0.386793 0.606509 0.386793
1 0.659763 0.308177 0.698225 0.308177 0.698225 0.371069 0.659763 0.371069
1 0.630178 0.396227 0.683432 0.396227 0.683432 0.455975 0.630178 0.455975
1 0.686391 0.399371 0.733727 0.399371 0.733727 0.443396 0.686391 0.443396
1 0.621301 0.455975 0.677515 0.455975 0.677515 0.512579 0.621301 0.512579
1 0.683432 0.446541 0.730769 0.446541 0.730769 0.484277 0.683432 0.484277
1 0.739645 0.411950 0.784023 0.411950 0.784023 0.474843 0.739645 0.474843
1 0.739645 0.484277 0.781065 0.484277 0.781065 0.553459 0.739645 0.553459
1 0.683431 0.487421 0.739645 0.487421 0.739645 0.562893 0.683431 0.562893
1 0.647929 0.528302 0.686391 0.528302 0.686391 0.581761 0.647929 0.581761
1 0.609468 0.242139 0.662722 0.242139 0.662722 0.295598 0.609468 0.295598
1 0.659764 0.229560 0.704143 0.229560 0.704143 0.286164 0.659764 0.286164
1 0.609468 0.040880 0.671598 0.040880 0.671598 0.106918 0.609468 0.106918
1 0.615385 0.122641 0.659763 0.122641 0.659763 0.188679 0.615385 0.188679
1 0.618343 0.188678 0.647929 0.188678 0.647929 0.229559 0.618343 0.229559
1 0.674557 0.163522 0.710060 0.163522 0.710060 0.201258 0.674557 0.201258
1 0.618344 0.597484 0.662722 0.597484 0.662722 0.663522 0.618344 0.663522
1 0.674556 0.575472 0.733728 0.575472 0.733728 0.635220 0.674556 0.635220
1 0.751479 0.562893 0.813609 0.562893 0.813609 0.619497 0.751479 0.619497
1 0.828403 0.556603 0.872781 0.556603 0.872781 0.619497 0.828403 0.619497
1 0.872781 0.600629 0.923077 0.600629 0.923077 0.654087 0.872781 0.654087
1 0.843195 0.323899 0.896449 0.323899 0.896449 0.389937 0.843195 0.389937
1 0.860947 0.377358 0.911243 0.377358 0.911243 0.424528 0.860947 0.424528
1 0.816568 0.506289 0.881656 0.506289 0.881656 0.544025 0.816568 0.544025
1 0.707101 0.116351 0.748521 0.116351 0.748521 0.157232 0.707101 0.157232
1 0.713017 0.072328 0.801774 0.072328 0.801774 0.125786 0.713017 0.125786
1 0.813609 0.009434 0.863905 0.009434 0.863905 0.059748 0.813609 0.059748
1 0.813609 0.084906 0.857988 0.084906 0.857988 0.144654 0.813609 0.144654
1 0.757396 0.141510 0.807692 0.141510 0.807692 0.182391 0.757396 0.182391
1 0.852071 0.147798 0.905325 0.147798 0.905325 0.210691 0.852071 0.210691
1 0.914202 0.150944 0.979290 0.150944 0.979290 0.213836 0.914202 0.213836
1 0.819526 0.198112 0.857988 0.198112 0.857988 0.238993 0.819526 0.238993
1 0.890533 0.210692 0.934912 0.210692 0.934912 0.264151 0.890533 0.264151
1 0.937870 0.229559 0.985206 0.229559 0.985206 0.261007 0.937870 0.261007
1 0.964497 0.264151 0.997041 0.264151 0.997041 0.323899 0.964497 0.323899
1 0.920118 0.374214 0.961538 0.374214 0.961538 0.418239 0.920118 0.418239
1 0.908284 0.323900 0.949704 0.323900 0.949704 0.364780 0.908284 0.364780
1 0.908284 0.289307 0.937870 0.289307 0.937870 0.320754 0.908284 0.320754
1 0.946746 0.663522 0.991124 0.663522 0.991124 0.729560 0.946746 0.729560
1 0.807692 0.632075 0.846154 0.632075 0.846154 0.694968 0.807692 0.694968
1 0.831361 0.682390 0.869823 0.682390 0.869823 0.735849 0.831361 0.735849
1 0.739646 0.654088 0.807693 0.654088 0.807693 0.732704 0.739646 0.732704
1 0.772189 0.701258 0.816568 0.701258 0.816568 0.754717 0.772189 0.754717
1 0.784023 0.757861 0.822485 0.757861 0.822485 0.792453 0.784023 0.792453
1 0.721893 0.726415 0.772189 0.726415 0.772189 0.789309 0.721893 0.789309
1 0.855030 0.732704 0.905326 0.732704 0.905326 0.795598 0.855030 0.795598
1 0.905325 0.757862 0.964497 0.757862 0.964497 0.805032 0.905325 0.805032
1 0.887574 0.921384 0.940828 0.921384 0.940828 0.977988 0.887574 0.977988
1 0.701183 0.874214 0.742603 0.874214 0.742603 0.911950 0.701183 0.911950
1 0.680474 0.858490 0.713018 0.858490 0.713018 0.896226 0.680474 0.896226
1 0.704142 0.805031 0.754438 0.805031 0.754438 0.861635 0.704142 0.861635
1 0.636095 0.820754 0.686391 0.820754 0.686391 0.883648 0.636095 0.883648
1 0.603550 0.911950 0.644970 0.911950 0.644970 0.965409 0.603550 0.965409
1 0.532544 0.805032 0.573964 0.805032 0.573964 0.855346 0.532544 0.855346
1 0.544379 0.742139 0.597633 0.742139 0.597633 0.776730 0.544379 0.776730
1 0.559172 0.867925 0.585798 0.867925 0.585798 0.918239 0.559172 0.918239
1 0.529585 0.883648 0.565088 0.883648 0.565088 0.924528 0.529585 0.924528
1 0.526627 0.927673 0.568047 0.927673 0.568047 0.984277 0.526627 0.984277
1 0.479290 0.852201 0.520710 0.852201 0.520710 0.918239 0.479290 0.918239
1 0.440828 0.817611 0.479290 0.817611 0.479290 0.871069 0.440828 0.871069
1 0.437870 0.962264 0.488166 0.962264 0.488166 0.996856 0.437870 0.996856
1 0.369822 0.836478 0.426035 0.836478 0.426035 0.886792 0.369822 0.886792
1 0.384615 0.761006 0.428995 0.761006 0.428995 0.830188 0.384615 0.830188
1 0.343195 0.716981 0.396449 0.716981 0.396449 0.764151 0.343195 0.764151
1 0.284023 0.946541 0.343195 0.946541 0.343195 0.996855 0.284023 0.996855
1 0.402367 0.877359 0.443787 0.877359 0.443787 0.927673 0.402367 0.927673
1 0.331361 0.886792 0.402367 0.886792 0.402367 0.952830 0.331361 0.952830
1 0.260356 0.893082 0.307692 0.893082 0.307692 0.952830 0.260356 0.952830
1 0.328402 0.783018 0.378698 0.783018 0.378698 0.855345 0.328402 0.855345
1 0.251480 0.827045 0.325444 0.827045 0.325444 0.880503 0.251480 0.880503
1 0.281065 0.764150 0.340237 0.764150 0.340237 0.827044 0.281065 0.827044
1 0.230769 0.789308 0.275149 0.789308 0.275149 0.852202 0.230769 0.852202
1 0.005918 0.792453 0.053254 0.792453 0.053254 0.836477 0.005918 0.836477
1 0.005917 0.849056 0.047337 0.849056 0.047337 0.883648 0.005917 0.883648
1 0.062130 0.767296 0.139053 0.767296 0.139053 0.827044 0.062130 0.827044
1 0.088757 0.855346 0.118343 0.855346 0.118343 0.915094 0.088757 0.915094
1 0.091716 0.924528 0.121302 0.924528 0.121302 0.955975 0.091716 0.955975
1 0.150887 0.770441 0.198224 0.770441 0.198224 0.823900 0.150887 0.823900
1 0.174557 0.808176 0.230770 0.808176 0.230770 0.871070 0.174557 0.871070
1 0.207101 0.861635 0.257397 0.861635 0.257397 0.933963 0.207101 0.933963
1 0.144970 0.965409 0.186390 0.965409 0.186390 0.996856 0.144970 0.996856
