3 0.076088 0.083124 0.257246 0.083124 0.257246 0.188916 0.076088 0.188916
3 0.445653 0.246851 0.637682 0.246851 0.637682 0.337531 0.445653 0.337531
3 0.731883 0.632242 0.996376 0.632242 0.996376 0.793450 0.731883 0.793450
3 0.456522 0.574307 0.615942 0.574307 0.615942 0.690176 0.456522 0.690176
3 0.449275 0.483627 0.594203 0.483627 0.594203 0.559194 0.449275 0.559194
3 0.826087 0.788413 0.981884 0.788413 0.981884 0.861461 0.826087 0.861461
3 0.460144 0.367758 0.768115 0.367758 0.768115 0.483627 0.460144 0.483627
3 0.340579 0.191436 0.532609 0.191436 0.532609 0.282116 0.340579 0.282116
3 0.601449 0.448362 0.811594 0.448362 0.811594 0.576825 0.601449 0.576825
3 0.297101 0.299749 0.449275 0.299749 0.449275 0.420656 0.297101 0.420656
3 0.358696 0.450881 0.463768 0.450881 0.463768 0.574307 0.358696 0.574307
3 0.681160 0.546599 0.952898 0.546599 0.952898 0.642317 0.681160 0.642317
3 0.177536 0.148614 0.344203 0.148614 0.344203 0.299748 0.177536 0.299748
3 0.855073 0.853905 0.996377 0.853905 0.996377 0.979850 0.855073 0.979850
