0 0.028535 0.100868 0.085603 0.100868 0.085603 0.158352 0.028535 0.158352
0 0.077821 0.061823 0.128405 0.061823 0.128405 0.104122 0.077821 0.104122
0 0.129702 0.034707 0.182880 0.034707 0.182880 0.088937 0.129702 0.088937
0 0.094683 0.199567 0.138782 0.199567 0.138782 0.245120 0.094683 0.245120
0 0.281452 0.137744 0.335928 0.137744 0.335928 0.190889 0.281452 0.190889
0 0.226979 0.281996 0.312582 0.281996 0.312582 0.327548 0.226979 0.327548
0 0.307393 0.221258 0.383917 0.221258 0.383917 0.275488 0.307393 0.275488
0 0.267185 0.046637 0.330739 0.046637 0.330739 0.092191 0.267185 0.092191
0 0.225681 0.004338 0.289235 0.004338 0.289235 0.054230 0.225681 0.054230
0 0.412451 0.096529 0.453956 0.096529 0.453956 0.131237 0.412451 0.131237
0 0.483788 0.129068 0.556420 0.129068 0.556420 0.167029 0.483788 0.167029
0 0.518807 0.057483 0.559015 0.057483 0.559015 0.091107 0.518807 0.091107
0 0.442283 0.028200 0.505837 0.028200 0.505837 0.062907 0.442283 0.062907
0 0.492866 0.024946 0.525291 0.024946 0.525291 0.042300 0.492866 0.042300
0 0.513619 0.249458 0.574579 0.249458 0.574579 0.285250 0.513619 0.285250
0 0.246433 0.383947 0.286641 0.383947 0.286641 0.436009 0.246433 0.436009
0 0.217899 0.434924 0.247730 0.434924 0.247730 0.485900 0.217899 0.485900
0 0.284046 0.483731 0.329442 0.483731 0.329442 0.528200 0.284046 0.528200
0 0.333334 0.372017 0.408561 0.372017 0.408561 0.432755 0.333334 0.432755
0 0.035019 0.337310 0.075227 0.337310 0.075227 0.386118 0.035019 0.386118
0 0.159532 0.450109 0.203631 0.450109 0.203631 0.492407 0.159532 0.492407
0 0.102464 0.558568 0.147860 0.558568 0.147860 0.598698 0.102464 0.598698
0 0.115434 0.497831 0.189364 0.497831 0.189364 0.535791 0.115434 0.535791
0 0.178988 0.522776 0.234760 0.522776 0.234760 0.565076 0.178988 0.565076
0 0.178989 0.573752 0.236058 0.573752 0.236058 0.626897 0.178989 0.626897
0 0.254215 0.555314 0.297017 0.555314 0.297017 0.599784 0.254215 0.599784
0 0.114138 0.739696 0.151751 0.739696 0.151751 0.775488 0.114138 0.775488
0 0.145266 0.805856 0.180286 0.805856 0.180286 0.850326 0.145266 0.850326
0 0.147860 0.872018 0.184176 0.872018 0.184176 0.909978 0.147860 0.909978
0 0.199740 0.795011 0.252918 0.795011 0.252918 0.834057 0.199740 0.834057
0 0.182879 0.681128 0.233463 0.681128 0.233463 0.749458 0.182879 0.749458
0 0.242542 0.736442 0.291828 0.736442 0.291828 0.775488 0.242542 0.775488
0 0.373541 0.787419 0.416343 0.787419 0.416343 0.821041 0.373541 0.821041
0 0.418936 0.841649 0.476006 0.841649 0.476006 0.882864 0.418936 0.882864
0 0.237354 0.925163 0.285344 0.925163 0.285344 0.979393 0.237354 0.979393
0 0.297017 0.934924 0.341116 0.934924 0.341116 0.986984 0.297017 0.986984
0 0.307393 0.894794 0.357977 0.894794 0.357977 0.954446 0.307393 0.954446
0 0.356679 0.865510 0.431907 0.865510 0.431907 0.922994 0.356679 0.922994
0 0.464332 0.928416 0.507134 0.928416 0.507134 0.973969 0.464332 0.973969
0 0.459144 0.895879 0.490272 0.895879 0.490272 0.927331 0.459144 0.927331
0 0.727626 0.864426 0.776914 0.864426 0.776914 0.916486 0.727626 0.916486
0 0.779507 0.849240 0.827497 0.849240 0.827497 0.893710 0.779507 0.893710
0 0.830091 0.838395 0.885863 0.838395 0.885863 0.891540 0.830091 0.891540
0 0.811933 0.772234 0.835279 0.772234 0.835279 0.811280 0.811933 0.811280
0 0.767835 0.760304 0.800260 0.760304 0.800260 0.795011 0.767835 0.795011
0 0.879377 0.727765 0.926071 0.727765 0.926071 0.798265 0.879377 0.798265
0 0.888456 0.703905 0.953307 0.703905 0.953307 0.747289 0.888456 0.747289
0 0.674449 0.574838 0.727627 0.574838 0.727627 0.634490 0.674449 0.634490
0 0.748378 0.637743 0.805447 0.637743 0.805447 0.668112 0.748378 0.668112
0 0.785992 0.528199 0.845656 0.528199 0.845656 0.588937 0.785992 0.588937
0 0.870298 0.625814 0.913100 0.625814 0.913100 0.677874 0.870298 0.677874
0 0.911803 0.607375 0.959793 0.607375 0.959793 0.647505 0.911803 0.647505
0 0.499352 0.477223 0.546045 0.477223 0.546045 0.520607 0.499352 0.520607
0 0.504539 0.526030 0.544747 0.526030 0.544747 0.568330 0.504539 0.568330
0 0.570687 0.509761 0.626459 0.509761 0.626459 0.542299 0.570687 0.542299
0 0.610895 0.417571 0.658885 0.417571 0.658885 0.481562 0.610895 0.481562
0 0.671855 0.385032 0.750973 0.385032 0.750973 0.424078 0.671855 0.424078
0 0.710765 0.331888 0.776913 0.331888 0.776913 0.395879 0.710765 0.395879
0 0.793774 0.354663 0.865110 0.354663 0.865110 0.403471 0.793774 0.403471
0 0.862516 0.405639 0.945526 0.405639 0.945526 0.483731 0.862516 0.483731
0 0.538262 0.298264 0.603113 0.298264 0.603113 0.351409 0.538262 0.351409
0 0.494164 0.330803 0.529183 0.330803 0.529183 0.395879 0.494164 0.395879
0 0.610895 0.180043 0.670558 0.180043 0.670558 0.220173 0.610895 0.220173
0 0.643320 0.007592 0.692608 0.007592 0.692608 0.037961 0.643320 0.037961
0 0.760052 0.191974 0.793774 0.191974 0.793774 0.224512 0.760052 0.224512
0 0.806744 0.447939 0.861220 0.447939 0.861220 0.489154 0.806744 0.489154
0 0.014267 0.797180 0.064851 0.797180 0.064851 0.834056 0.014267 0.834056
0 0.000000 0.682213 0.041504 0.682213 0.041504 0.740781 0.000000 0.740781
0 0.599222 0.111713 0.625162 0.111713 0.625162 0.131237 0.599222 0.131237
0 0.697795 0.131236 0.723735 0.131236 0.723735 0.159436 0.697795 0.159436
0 0.667964 0.281996 0.734112 0.281996 0.734112 0.332972 0.667964 0.332972
0 0.939040 0.501085 0.998703 0.501085 0.998703 0.559653 0.939040 0.559653
0 0.752270 0.428417 0.818418 0.428417 0.818418 0.498916 0.752270 0.498916
0 0.818418 0.901302 0.850842 0.901302 0.850842 0.927332 0.818418 0.927332
0 0.857328 0.891541 0.885862 0.891541 0.885862 0.937094 0.857328 0.937094
0 0.548638 0.934924 0.582360 0.934924 0.582360 0.975054 0.548638 0.975054
0 0.577173 0.896963 0.609598 0.896963 0.609598 0.921909 0.577173 0.921909
0 0.604410 0.864425 0.643320 0.864425 0.643320 0.899133 0.604410 0.899133
0 0.256810 0.206074 0.303503 0.206074 0.303503 0.246204 0.256810 0.246204
0 0.220494 0.126897 0.258107 0.126897 0.258107 0.182212 0.220494 0.182212
0 0.145266 0.175705 0.176394 0.175705 0.176394 0.211497 0.145266 0.211497
0 0.225681 0.210412 0.261997 0.210412 0.261997 0.257050 0.225681 0.257050
0 0.154344 0.260303 0.203632 0.260303 0.203632 0.310195 0.154344 0.310195
0 0.675745 0.255965 0.738003 0.255965 0.738003 0.290673 0.675745 0.290673
0 0.604410 0.218004 0.648508 0.218004 0.648508 0.251628 0.604410 0.251628
0 0.513619 0.408894 0.590143 0.408894 0.590143 0.456616 0.513619 0.456616
0 0.905318 0.569414 0.950714 0.569414 0.950714 0.599784 0.905318 0.599784
0 0.734111 0.599784 0.774319 0.599784 0.774319 0.637744 0.734111 0.637744
0 0.762646 0.708242 0.831388 0.708242 0.831388 0.738612 0.762646 0.738612
0 0.828793 0.773319 0.850842 0.773319 0.850842 0.812365 0.828793 0.812365
0 0.683528 0.684382 0.701686 0.684382 0.701686 0.712582 0.683528 0.712582
0 0.677042 0.710411 0.696497 0.710411 0.696497 0.733189 0.677042 0.733189
0 0.583658 0.148590 0.647212 0.148590 0.647212 0.174620 0.583658 0.174620
0 0.422827 0.682212 0.452659 0.682212 0.452659 0.727765 0.422827 0.727765
0 0.382620 0.592191 0.415046 0.592191 0.415046 0.618221 0.382620 0.618221
0 0.380026 0.567245 0.405966 0.567245 0.405966 0.594360 0.380026 0.594360
0 0.466926 0.568329 0.492866 0.568329 0.492866 0.598699 0.466926 0.598699
0 0.182880 0.187635 0.206226 0.187635 0.206226 0.239697 0.182880 0.239697
0 0.831388 0.627982 0.853437 0.627982 0.853437 0.669198 0.831388 0.669198
0 0.430609 0.077006 0.470817 0.077006 0.470817 0.098698 0.430609 0.098698
0 0.876784 0.797180 0.900130 0.797180 0.900130 0.823210 0.876784 0.823210
0 0.413748 0.339479 0.466926 0.339479 0.466926 0.368763 0.413748 0.368763
0 0.321660 0.585683 0.347600 0.585683 0.347600 0.622559 0.321660 0.622559
0 0.363165 0.744034 0.391699 0.744034 0.391699 0.761388 0.363165 0.761388
0 0.035019 0.618221 0.077821 0.618221 0.077821 0.652929 0.035019 0.652929
0 0.063554 0.645336 0.098573 0.645336 0.098573 0.676789 0.063554 0.676789
1 0.505837 0.841649 0.531777 0.841649 0.531777 0.864426 0.505837 0.864426
1 0.474709 0.834056 0.501946 0.834056 0.501946 0.850326 0.474709 0.850326
1 0.499352 0.810195 0.514916 0.810195 0.514916 0.823210 0.499352 0.823210
1 0.492866 0.821041 0.512321 0.821041 0.512321 0.835141 0.492866 0.835141
1 0.894942 0.073752 0.919585 0.073752 0.919585 0.108460 0.894942 0.108460
1 0.762646 0.138829 0.793774 0.138829 0.793774 0.160521 0.762646 0.160521
1 0.832685 0.159436 0.856031 0.159436 0.856031 0.183298 0.832685 0.183298
1 0.856031 0.206073 0.884565 0.206073 0.884565 0.225597 0.856031 0.225597
1 0.810635 0.195227 0.824902 0.195227 0.824902 0.207159 0.810635 0.207159
1 0.910505 0.257050 0.932554 0.257050 0.932554 0.274404 0.910505 0.274404
1 0.963684 0.252712 0.994812 0.252712 0.994812 0.271150 0.963684 0.271150
1 0.879378 0.314533 0.909208 0.314533 0.909208 0.337311 0.879378 0.337311
1 0.228275 0.079176 0.247730 0.079176 0.247730 0.104122 0.228275 0.104122
1 0.191959 0.073752 0.215305 0.073752 0.215305 0.090022 0.191959 0.090022
1 0.782102 0.968546 0.809338 0.968546 0.809338 0.984816 0.782102 0.984816
1 0.796369 0.983731 0.821012 0.983731 0.821012 0.998915 0.796369 0.998915
1 0.654994 0.989155 0.679636 0.989155 0.679636 0.998915 0.654994 0.998915
1 0.945526 0.856833 0.962387 0.856833 0.962387 0.875271 0.945526 0.875271
1 0.922180 0.847072 0.939041 0.847072 0.939041 0.862256 0.922180 0.862256
1 0.259403 0.476139 0.277561 0.476139 0.277561 0.501085 0.259403 0.501085
1 0.958496 0.024946 0.979248 0.024946 0.979248 0.046638 0.958496 0.046638
1 0.927368 0.000000 0.949416 0.000000 0.949416 0.022776 0.927368 0.022776
1 0.839170 0.001085 0.859922 0.001085 0.859922 0.016269 0.839170 0.016269
1 0.841765 0.309111 0.869001 0.309111 0.869001 0.328633 0.841765 0.328633
1 0.841764 0.280911 0.870298 0.280911 0.870298 0.300433 0.841764 0.300433
1 0.840468 0.233188 0.875486 0.233188 0.875486 0.267896 0.840468 0.267896
1 0.856031 0.139913 0.887159 0.139913 0.887159 0.167028 0.856031 0.167028
