1 0.414453 0.000000 0.431455 0.000000 0.431455 0.039106 0.414453 0.039106
1 0.448459 0.005587 0.467587 0.005587 0.467587 0.055865 0.448459 0.055865
1 0.429330 0.022347 0.447396 0.022347 0.447396 0.072625 0.429330 0.072625
1 0.721572 0.013966 0.741764 0.013966 0.741764 0.086592 0.721572 0.086592
1 0.465463 0.013967 0.485653 0.013967 0.485653 0.083799 0.465463 0.083799
1 0.809777 0.022347 0.827843 0.022347 0.827843 0.083799 0.809777 0.083799
1 0.518597 0.039106 0.531349 0.039106 0.531349 0.072626 0.518597 0.072626
1 0.792774 0.036312 0.810840 0.036312 0.810840 0.097766 0.792774 0.097766
1 0.675876 0.047486 0.695005 0.047486 0.695005 0.092178 0.675876 0.092178
1 0.631243 0.055866 0.655685 0.055866 0.655685 0.111732 0.631243 0.111732
1 0.534538 0.069832 0.555792 0.069832 0.555792 0.122906 0.534538 0.122906
1 0.412328 0.086592 0.428268 0.086592 0.428268 0.134078 0.412328 0.134078
1 0.431456 0.086593 0.447396 0.086593 0.447396 0.136872 0.431456 0.136872
1 0.669501 0.097766 0.688630 0.097766 0.688630 0.139664 0.669501 0.139664
1 0.822529 0.097766 0.842720 0.097766 0.842720 0.148044 0.822529 0.148044
1 0.485654 0.089385 0.503720 0.089385 0.503720 0.153631 0.485654 0.153631
1 0.081828 0.108939 0.109458 0.108939 0.109458 0.145252 0.081828 0.145252
1 0.512221 0.100559 0.532413 0.100559 0.532413 0.156425 0.512221 0.156425
1 0.727949 0.114526 0.748140 0.114526 0.748140 0.159218 0.727949 0.159218
1 0.844846 0.117318 0.868225 0.117318 0.868225 0.164804 0.844846 0.164804
1 0.055260 0.122904 0.072263 0.122904 0.072263 0.159217 0.055260 0.159217
1 0.794899 0.114524 0.821466 0.114524 0.821466 0.175977 0.794899 0.175977
1 0.409139 0.131284 0.425079 0.131284 0.425079 0.198324 0.409139 0.198324
1 0.173220 0.134078 0.190223 0.134078 0.190223 0.201118 0.173220 0.201118
1 0.027630 0.153632 0.044633 0.153632 0.044633 0.206704 0.027630 0.206704
1 0.424016 0.150838 0.446333 0.150838 0.446333 0.209498 0.424016 0.209498
1 0.652497 0.156425 0.675876 0.156425 0.675876 0.209498 0.652497 0.209498
1 0.153029 0.159217 0.170032 0.159217 0.170032 0.217877 0.153029 0.217877
1 0.069075 0.156424 0.090329 0.156424 0.090329 0.220670 0.069075 0.220670
1 0.194474 0.162011 0.208290 0.162011 0.208290 0.217877 0.194474 0.217877
1 0.124336 0.153631 0.140276 0.153631 0.140276 0.223463 0.124336 0.223463
1 0.493092 0.170392 0.507970 0.170392 0.507970 0.212291 0.493092 0.212291
1 0.833156 0.170392 0.856536 0.170392 0.856536 0.237431 0.833156 0.237431
1 0.041445 0.184358 0.061636 0.184358 0.061636 0.237430 0.041445 0.237430
1 0.906482 0.195530 0.924548 0.195530 0.924548 0.270950 0.906482 0.270950
1 0.088204 0.215084 0.109458 0.215084 0.109458 0.259777 0.088204 0.259777
1 0.142402 0.212290 0.158342 0.212290 0.158342 0.262570 0.142402 0.262570
1 0.764081 0.206704 0.778959 0.206704 0.778959 0.270950 0.764081 0.270950
1 0.866100 0.212291 0.885228 0.212291 0.885228 0.265364 0.866100 0.265364
1 0.162593 0.223463 0.181722 0.223463 0.181722 0.273742 0.162593 0.273742
1 0.969182 0.240224 0.988310 0.240224 0.988310 0.279330 0.969182 0.279330
1 0.724761 0.240224 0.743889 0.240224 0.743889 0.284917 0.724761 0.284917
1 0.003187 0.231843 0.022316 0.231843 0.022316 0.296089 0.003187 0.296089
1 0.891605 0.237431 0.907545 0.237431 0.907545 0.287710 0.891605 0.287710
1 0.778958 0.237430 0.799150 0.237430 0.799150 0.293296 0.778958 0.293296
1 0.182785 0.243016 0.205101 0.243016 0.205101 0.296090 0.182785 0.296090
1 0.671626 0.254190 0.692880 0.254190 0.692880 0.287710 0.671626 0.287710
1 0.534537 0.256983 0.557917 0.256983 0.557917 0.315642 0.534537 0.315642
1 0.206163 0.265363 0.226355 0.265363 0.226355 0.312849 0.206163 0.312849
1 0.119023 0.265363 0.136025 0.265363 0.136025 0.318436 0.119023 0.318436
1 0.699256 0.270950 0.716260 0.270950 0.716260 0.312849 0.699256 0.312849
1 0.485654 0.265363 0.501594 0.265363 0.501594 0.321229 0.485654 0.321229
1 0.505845 0.270950 0.521785 0.270950 0.521785 0.315642 0.505845 0.315642
1 0.625930 0.265363 0.648246 0.265363 0.648246 0.324022 0.625930 0.324022
1 0.229543 0.276536 0.251860 0.276536 0.251860 0.324022 0.229543 0.324022
1 0.025504 0.273742 0.048883 0.273742 0.048883 0.326816 0.025504 0.326816
1 0.256111 0.276536 0.276301 0.276536 0.276301 0.329609 0.256111 0.329609
1 0.965994 0.284916 0.988310 0.284916 0.988310 0.337989 0.965994 0.337989
1 0.142401 0.287710 0.161530 0.287710 0.161530 0.335196 0.142401 0.335196
1 0.663125 0.290502 0.685441 0.290502 0.685441 0.340781 0.663125 0.340781
1 0.320935 0.298883 0.343253 0.298883 0.343253 0.337989 0.320935 0.337989
1 0.761956 0.290502 0.781084 0.290502 0.781084 0.349162 0.761956 0.349162
1 0.076514 0.296090 0.097768 0.296090 0.097768 0.346368 0.076514 0.346368
1 0.280552 0.298883 0.303932 0.298883 0.303932 0.346369 0.280552 0.346369
1 0.108396 0.301675 0.125398 0.301675 0.125398 0.346368 0.108396 0.346368
1 0.831031 0.304469 0.850159 0.304469 0.850159 0.360335 0.831031 0.360335
1 0.606801 0.310055 0.631243 0.310055 0.631243 0.371508 0.606801 0.371508
1 0.858661 0.315642 0.885228 0.315642 0.885228 0.371508 0.858661 0.371508
1 0.197662 0.315642 0.222104 0.315642 0.222104 0.371508 0.197662 0.371508
1 0.171095 0.321229 0.187035 0.321229 0.187035 0.365922 0.171095 0.365922
1 0.776833 0.329608 0.795961 0.329608 0.795961 0.382682 0.776833 0.382682
1 0.947928 0.326815 0.970244 0.326815 0.970244 0.385474 0.947928 0.385474
1 0.129650 0.335196 0.149841 0.335196 0.149841 0.385474 0.129650 0.385474
1 0.059510 0.332402 0.078640 0.332402 0.078640 0.393854 0.059510 0.393854
1 0.650371 0.337989 0.669500 0.337989 0.669500 0.388267 0.650371 0.388267
1 0.228480 0.346368 0.249734 0.346368 0.249734 0.388267 0.228480 0.388267
1 0.810840 0.335195 0.832094 0.335195 0.832094 0.393854 0.810840 0.393854
1 0.269925 0.343576 0.296492 0.343576 0.296492 0.393854 0.269925 0.393854
1 0.004250 0.354749 0.023379 0.354749 0.023379 0.393855 0.004250 0.393855
1 0.702444 0.354748 0.719448 0.354748 0.719448 0.413407 0.702444 0.413407
1 0.839533 0.360335 0.859724 0.360335 0.859724 0.413409 0.839533 0.413409
1 0.034006 0.360335 0.060574 0.360335 0.060574 0.421787 0.034006 0.421787
1 0.683316 0.368715 0.701382 0.368715 0.701382 0.413407 0.683316 0.413407
1 0.578108 0.371508 0.595112 0.371508 0.595112 0.413407 0.578108 0.413407
1 0.299681 0.368715 0.321999 0.368715 0.321999 0.421788 0.299681 0.421788
1 0.326248 0.368715 0.346439 0.368715 0.346439 0.427374 0.326248 0.427374
1 0.160468 0.368715 0.178534 0.368715 0.178534 0.424581 0.160468 0.424581
1 0.077576 0.365922 0.096705 0.365922 0.096705 0.438548 0.077576 0.438548
1 0.187036 0.374302 0.210415 0.374302 0.210415 0.444134 0.187036 0.444134
1 0.232731 0.385476 0.250797 0.385476 0.250797 0.435754 0.232731 0.435754
1 0.554729 0.385476 0.573858 0.385476 0.573858 0.435754 0.554729 0.435754
1 0.529224 0.391062 0.550478 0.391062 0.550478 0.444135 0.529224 0.444135
1 0.786398 0.396649 0.811902 0.396649 0.811902 0.446927 0.786398 0.446927
1 0.757705 0.402235 0.776833 0.402235 0.776833 0.449721 0.757705 0.449721
1 0.600425 0.407822 0.623804 0.407822 0.623804 0.460895 0.600425 0.460895
1 0.628055 0.402235 0.647184 0.402235 0.647184 0.466481 0.628055 0.466481
1 0.680128 0.413408 0.701382 0.413408 0.701382 0.469274 0.680128 0.469274
1 0.208289 0.410614 0.230605 0.410614 0.230605 0.477653 0.208289 0.477653
1 0.483528 0.407821 0.506907 0.407821 0.506907 0.477653 0.483528 0.477653
1 0.282678 0.421788 0.311370 0.421788 0.311370 0.472067 0.282678 0.472067
1 0.363444 0.418994 0.380447 0.418994 0.380447 0.480447 0.363444 0.480447
1 0.317746 0.435754 0.343251 0.435754 0.343251 0.500000 0.317746 0.500000
1 0.573858 0.435754 0.595112 0.435754 0.595112 0.491620 0.573858 0.491620
1 0.733263 0.444134 0.759830 0.444134 0.759830 0.491620 0.733263 0.491620
1 0.791712 0.452513 0.818279 0.452513 0.818279 0.505586 0.791712 0.505586
1 0.374070 0.463687 0.388948 0.463687 0.388948 0.519553 0.374070 0.519553
1 0.763018 0.466480 0.783210 0.466480 0.783210 0.519554 0.763018 0.519554
1 0.592986 0.474861 0.612115 0.474861 0.612115 0.519554 0.592986 0.519554
1 0.181721 0.472068 0.210415 0.472068 0.210415 0.522347 0.181721 0.522347
1 0.449521 0.477654 0.471838 0.477654 0.471838 0.525140 0.449521 0.525140
1 0.528161 0.472067 0.551540 0.472067 0.551540 0.530726 0.528161 0.530726
1 0.637619 0.483241 0.654622 0.483241 0.654622 0.533520 0.637619 0.533520
1 0.614240 0.494413 0.631244 0.494413 0.631244 0.533519 0.614240 0.533519
1 0.403826 0.499999 0.425080 0.499999 0.425080 0.544693 0.403826 0.544693
1 0.558980 0.502794 0.580234 0.502794 0.580234 0.544692 0.558980 0.544692
1 0.486716 0.502793 0.503719 0.502793 0.503719 0.550279 0.486716 0.550279
1 0.504782 0.499999 0.521786 0.499999 0.521786 0.553072 0.504782 0.553072
1 0.670563 0.502793 0.690755 0.502793 0.690755 0.550279 0.670563 0.550279
1 0.827843 0.491621 0.849097 0.491621 0.849097 0.575419 0.827843 0.575419
1 0.351753 0.516759 0.373007 0.516759 0.373007 0.561453 0.351753 0.561453
1 0.430393 0.513966 0.447396 0.513966 0.447396 0.569832 0.430393 0.569832
1 0.453773 0.530726 0.475027 0.530726 0.475027 0.575420 0.453773 0.575420
1 0.606801 0.533520 0.623805 0.533520 0.623805 0.583798 0.606801 0.583798
1 0.625930 0.541899 0.640808 0.541899 0.640808 0.589385 0.625930 0.589385
1 0.583421 0.541900 0.600425 0.541900 0.600425 0.594973 0.583421 0.594973
1 0.309245 0.541899 0.330499 0.541899 0.330499 0.600558 0.309245 0.600558
1 0.246546 0.530726 0.280552 0.530726 0.280552 0.620112 0.246546 0.620112
1 0.404888 0.558659 0.429330 0.558659 0.429330 0.606145 0.404888 0.606145
1 0.510096 0.561452 0.529224 0.561452 0.529224 0.606146 0.510096 0.606146
1 0.154092 0.561453 0.177471 0.561453 0.177471 0.600559 0.154092 0.600559
1 0.337939 0.555866 0.357067 0.555866 0.357067 0.608938 0.337939 0.608938
1 0.550478 0.561453 0.569607 0.561453 0.569607 0.611731 0.550478 0.611731
1 0.529224 0.572626 0.546228 0.572626 0.546228 0.631285 0.529224 0.631285
1 0.715197 0.581006 0.735388 0.581006 0.735388 0.631285 0.715197 0.631285
1 0.698194 0.589385 0.717322 0.589385 0.717322 0.636871 0.698194 0.636871
1 0.390011 0.597765 0.405951 0.597765 0.405951 0.642459 0.390011 0.642459
1 0.556855 0.603353 0.580234 0.603353 0.580234 0.645251 0.556855 0.645251
1 0.003187 0.594972 0.022316 0.594972 0.022316 0.659218 0.003187 0.659218
1 0.628055 0.611731 0.649309 0.611731 0.649309 0.664804 0.628055 0.664804
1 0.650372 0.617318 0.665250 0.617318 0.665250 0.667597 0.650372 0.667597
1 0.175345 0.614525 0.194474 0.614525 0.194474 0.675978 0.175345 0.675978
1 0.760892 0.622905 0.787459 0.622905 0.787459 0.670391 0.760892 0.670391
1 0.431455 0.625699 0.456960 0.625699 0.456960 0.675978 0.431455 0.675978
1 0.480341 0.617319 0.503719 0.617319 0.503719 0.687151 0.480341 0.687151
1 0.266737 0.628492 0.290116 0.628492 0.290116 0.684358 0.266737 0.684358
1 0.512221 0.631285 0.534537 0.631285 0.534537 0.687151 0.512221 0.687151
1 0.571733 0.642458 0.594050 0.642458 0.594050 0.703910 0.571733 0.703910
1 0.238045 0.645251 0.259299 0.645251 0.259299 0.706704 0.238045 0.706704
1 0.208288 0.645251 0.227417 0.645251 0.227417 0.712291 0.208288 0.712291
1 0.539851 0.653631 0.561105 0.653631 0.561105 0.709497 0.539851 0.709497
1 0.607864 0.656425 0.623804 0.656425 0.623804 0.703911 0.607864 0.703911
1 0.776833 0.656425 0.802339 0.656425 0.802339 0.709498 0.776833 0.709498
1 0.451647 0.670391 0.476089 0.670391 0.476089 0.731843 0.451647 0.731843
1 0.726886 0.675978 0.747078 0.675978 0.747078 0.734637 0.726886 0.734637
1 0.161530 0.695530 0.179596 0.695530 0.179596 0.731843 0.161530 0.731843
1 0.671626 0.692738 0.692880 0.692738 0.692880 0.745810 0.671626 0.745810
1 0.138152 0.709497 0.161530 0.709497 0.161530 0.743017 0.138152 0.743017
1 0.590861 0.709497 0.613177 0.709497 0.613177 0.756983 0.590861 0.756983
1 0.834219 0.712290 0.855473 0.712290 0.855473 0.756984 0.834219 0.756984
1 0.380446 0.712291 0.395324 0.712291 0.395324 0.765363 0.380446 0.765363
1 0.413389 0.712291 0.435706 0.712291 0.435706 0.762570 0.413389 0.762570
1 0.329437 0.712291 0.349627 0.712291 0.349627 0.773744 0.329437 0.773744
1 0.557917 0.726256 0.579171 0.726256 0.579171 0.770950 0.557917 0.770950
1 0.788523 0.729050 0.809777 0.729050 0.809777 0.773744 0.788523 0.773744
1 0.527099 0.734638 0.550478 0.734638 0.550478 0.776536 0.527099 0.776536
1 0.764081 0.734636 0.785335 0.734636 0.785335 0.779330 0.764081 0.779330
1 0.373007 0.731843 0.384697 0.731843 0.384697 0.782122 0.373007 0.782122
1 0.659937 0.743017 0.679065 0.743017 0.679065 0.790503 0.659937 0.790503
1 0.573858 0.745810 0.595112 0.745810 0.595112 0.793296 0.573858 0.793296
1 0.500532 0.743017 0.522848 0.743017 0.522848 0.807263 0.500532 0.807263
1 0.264612 0.748603 0.287992 0.748603 0.287992 0.810056 0.264612 0.810056
1 0.439958 0.754190 0.460148 0.754190 0.460148 0.812850 0.439958 0.812850
1 0.469713 0.756984 0.494155 0.756984 0.494155 0.810056 0.469713 0.810056
1 0.625930 0.765362 0.647184 0.765362 0.647184 0.810056 0.625930 0.810056
1 0.340064 0.762570 0.365569 0.762570 0.365569 0.812848 0.340064 0.812848
1 0.547290 0.776536 0.569607 0.776536 0.569607 0.815642 0.547290 0.815642
1 0.600425 0.782122 0.624867 0.782122 0.624867 0.826816 0.600425 0.826816
1 0.411264 0.793295 0.434644 0.793295 0.434644 0.837989 0.411264 0.837989
1 0.786397 0.790502 0.805526 0.790502 0.805526 0.849162 0.786397 0.849162
1 0.456961 0.801675 0.472901 0.801675 0.472901 0.837989 0.456961 0.837989
1 0.748140 0.801675 0.763018 0.801675 0.763018 0.846369 0.748140 0.846369
1 0.523911 0.810055 0.543040 0.810055 0.543040 0.854749 0.523911 0.854749
1 0.283741 0.810056 0.302869 0.810056 0.302869 0.865922 0.283741 0.865922
1 0.115834 0.812849 0.137088 0.812849 0.137088 0.865922 0.115834 0.865922
1 0.308183 0.815643 0.328373 0.815643 0.328373 0.865922 0.308183 0.865922
1 0.236981 0.818435 0.256110 0.818435 0.256110 0.863129 0.236981 0.863129
1 0.466525 0.829609 0.484591 0.829609 0.484591 0.860335 0.466525 0.860335
1 0.320935 0.835195 0.351753 0.835195 0.351753 0.907821 0.320935 0.907821
1 0.775771 0.863128 0.798087 0.863128 0.798087 0.924581 0.775771 0.924581
1 0.497344 0.891061 0.516473 0.891061 0.516473 0.924581 0.497344 0.924581
1 0.358130 0.885475 0.382572 0.885475 0.382572 0.938547 0.358130 0.938547
1 0.383635 0.893854 0.403826 0.893854 0.403826 0.955307 0.383635 0.955307
1 0.417641 0.910615 0.446333 0.910615 0.446333 0.949721 0.417641 0.949721
1 0.693943 0.013966 0.715197 0.013966 0.715197 0.069832 0.693943 0.069832
1 0.560043 0.039106 0.584485 0.039106 0.584485 0.122906 0.560043 0.122906
1 0.614240 0.078212 0.634432 0.078212 0.634432 0.134078 0.614240 0.134078
1 0.630181 0.131284 0.649309 0.131284 0.649309 0.184357 0.630181 0.184357
1 0.687566 0.139665 0.708820 0.139665 0.708820 0.203911 0.687566 0.203911
1 0.533475 0.142458 0.554729 0.142458 0.554729 0.206704 0.533475 0.206704
1 0.608927 0.159217 0.631243 0.159217 0.631243 0.217877 0.608927 0.217877
1 0.509033 0.209497 0.533475 0.209497 0.533475 0.256983 0.509033 0.256983
1 0.854410 0.773743 0.885228 0.773743 0.885228 0.843575 0.854410 0.843575
3 0.309246 0.081006 0.358130 0.081006 0.358130 0.175978 0.309246 0.175978
