0 0.017213 0.017738 0.044263 0.017738 0.044263 0.048780 0.017213 0.048780
0 0.077049 0.007761 0.108197 0.007761 0.108197 0.033259 0.077049 0.033259
0 0.145083 0.055433 0.167214 0.055433 0.167214 0.084257 0.145083 0.084257
0 0.145082 0.080931 0.169672 0.080931 0.169672 0.118625 0.145082 0.118625
0 0.130328 0.116408 0.153279 0.116408 0.153279 0.152993 0.130328 0.152993
0 0.096721 0.125278 0.127049 0.125278 0.127049 0.157428 0.096721 0.157428
0 0.031967 0.134147 0.059016 0.134147 0.059016 0.159645 0.031967 0.159645
0 0.026230 0.182928 0.050000 0.182928 0.050000 0.216187 0.026230 0.216187
0 0.045901 0.205100 0.062295 0.205100 0.062295 0.226164 0.045901 0.226164
0 0.001639 0.208426 0.022131 0.208426 0.022131 0.232816 0.001639 0.232816
0 0.139344 0.197339 0.154098 0.197339 0.154098 0.223947 0.139344 0.223947
0 0.139344 0.228381 0.157378 0.228381 0.157378 0.259423 0.139344 0.259423
0 0.125410 0.279379 0.149180 0.279379 0.149180 0.310421 0.125410 0.310421
0 0.144263 0.286031 0.163115 0.286031 0.163115 0.323725 0.144263 0.323725
0 0.001639 0.365853 0.017213 0.365853 0.017213 0.394678 0.001639 0.394678
0 0.034426 0.372505 0.055737 0.372505 0.055737 0.399113 0.034426 0.399113
0 0.066394 0.383592 0.087705 0.383592 0.087705 0.410200 0.066394 0.410200
0 0.066393 0.413525 0.081147 0.413525 0.081147 0.445677 0.066393 0.445677
0 0.081148 0.419068 0.105738 0.419068 0.105738 0.451219 0.081148 0.451219
0 0.046721 0.442350 0.063935 0.442350 0.063935 0.472283 0.046721 0.472283
0 0.103278 0.386918 0.125410 0.386918 0.125410 0.424612 0.103278 0.424612
0 0.139344 0.371397 0.153278 0.371397 0.153278 0.394679 0.139344 0.394679
0 0.146722 0.435698 0.168853 0.435698 0.168853 0.472283 0.146722 0.472283
0 0.172131 0.317074 0.187705 0.317074 0.187705 0.347006 0.172131 0.347006
0 0.181147 0.288249 0.202459 0.288249 0.202459 0.318182 0.181147 0.318182
0 0.150820 0.160754 0.171312 0.160754 0.171312 0.180710 0.150820 0.180710
0 0.169672 0.247228 0.187705 0.247228 0.187705 0.267184 0.169672 0.267184
0 0.192623 0.247228 0.216393 0.247228 0.216393 0.266075 0.192623 0.266075
0 0.241804 0.259424 0.265574 0.259424 0.265574 0.280488 0.241804 0.280488
0 0.276230 0.280488 0.292623 0.280488 0.292623 0.305987 0.276230 0.305987
0 0.288525 0.315964 0.304918 0.315964 0.304918 0.348116 0.288525 0.348116
0 0.290983 0.371397 0.306557 0.371397 0.306557 0.411309 0.290983 0.411309
0 0.252460 0.446785 0.284426 0.446785 0.284426 0.475610 0.252460 0.475610
0 0.201639 0.050998 0.222131 0.050998 0.222131 0.082040 0.201639 0.082040
0 0.183607 0.041020 0.203279 0.041020 0.203279 0.072062 0.183607 0.072062
0 0.190984 0.200665 0.216394 0.200665 0.216394 0.222838 0.190984 0.222838
0 0.215574 0.202882 0.241804 0.202882 0.241804 0.231707 0.215574 0.231707
0 0.246721 0.154102 0.268852 0.154102 0.268852 0.191796 0.246721 0.191796
0 0.268033 0.205100 0.291803 0.205100 0.291803 0.240576 0.268033 0.240576
0 0.263115 0.167406 0.277049 0.167406 0.277049 0.200664 0.263115 0.200664
0 0.247541 0.108647 0.271311 0.108647 0.271311 0.143015 0.247541 0.143015
0 0.263115 0.060976 0.286065 0.060976 0.286065 0.100887 0.263115 0.100887
0 0.291803 0.048780 0.316393 0.048780 0.316393 0.082039 0.291803 0.082039
0 0.290164 0.251663 0.313114 0.251663 0.313114 0.280488 0.290164 0.280488
0 0.327049 0.278270 0.352459 0.278270 0.352459 0.304878 0.327049 0.304878
0 0.325410 0.307095 0.347541 0.307095 0.347541 0.338137 0.325410 0.338137
0 0.327049 0.335920 0.347541 0.335920 0.347541 0.359202 0.327049 0.359202
0 0.314754 0.347007 0.326230 0.347007 0.326230 0.368071 0.314754 0.368071
0 0.292623 0.439024 0.315573 0.439024 0.315573 0.470066 0.292623 0.470066
0 0.364754 0.290466 0.381968 0.290466 0.381968 0.311530 0.364754 0.311530
0 0.395082 0.297117 0.410656 0.297117 0.410656 0.319290 0.395082 0.319290
0 0.413934 0.268292 0.440164 0.268292 0.440164 0.297117 0.413934 0.297117
0 0.354918 0.420177 0.374590 0.420177 0.374590 0.443459 0.354918 0.443459
0 0.440163 0.313747 0.457377 0.313747 0.457377 0.331485 0.440163 0.331485
0 0.459016 0.305987 0.483606 0.305987 0.483606 0.330377 0.459016 0.330377
0 0.452460 0.284922 0.464754 0.284922 0.464754 0.308204 0.452460 0.308204
0 0.467213 0.281596 0.481967 0.281596 0.481967 0.301552 0.467213 0.301552
0 0.438524 0.337029 0.454098 0.337029 0.454098 0.355875 0.438524 0.355875
0 0.454098 0.337029 0.468852 0.337029 0.468852 0.358093 0.454098 0.358093
0 0.354918 0.333703 0.368852 0.333703 0.368852 0.353659 0.354918 0.353659
0 0.326229 0.073170 0.351639 0.073170 0.351639 0.101995 0.326229 0.101995
0 0.401639 0.083149 0.431147 0.083149 0.431147 0.116407 0.401639 0.116407
0 0.431148 0.110864 0.454098 0.110864 0.454098 0.154102 0.431148 0.154102
0 0.453278 0.113081 0.475409 0.113081 0.475409 0.148558 0.453278 0.148558
0 0.457377 0.169623 0.477869 0.169623 0.477869 0.201773 0.457377 0.201773
0 0.473770 0.143016 0.494262 0.143016 0.494262 0.179600 0.473770 0.179600
0 0.455738 0.086475 0.481148 0.086475 0.481148 0.117517 0.455738 0.117517
0 0.197541 0.177383 0.217213 0.177383 0.217213 0.202882 0.197541 0.202882
0 0.132788 0.401330 0.144263 0.401330 0.144263 0.430155 0.132788 0.430155
0 0.150820 0.391352 0.164754 0.391352 0.164754 0.421285 0.150820 0.421285
0 0.131967 0.507761 0.152459 0.507761 0.152459 0.538803 0.131967 0.538803
0 0.154918 0.548781 0.175410 0.548781 0.175410 0.573171 0.154918 0.573171
0 0.177869 0.538803 0.201639 0.538803 0.201639 0.564302 0.177869 0.564302
0 0.215574 0.521064 0.249180 0.521064 0.249180 0.553215 0.215574 0.553215
0 0.230328 0.480044 0.254918 0.480044 0.254918 0.511086 0.230328 0.511086
0 0.289344 0.601995 0.308196 0.601995 0.308196 0.628603 0.289344 0.628603
0 0.283606 0.548781 0.296721 0.548781 0.296721 0.570954 0.283606 0.570954
0 0.319673 0.442350 0.342623 0.442350 0.342623 0.472283 0.319673 0.472283
0 0.427869 0.446785 0.448361 0.446785 0.448361 0.470067 0.427869 0.470067
0 0.109837 0.553215 0.136885 0.553215 0.136885 0.576497 0.109837 0.576497
0 0.097541 0.582040 0.126229 0.582040 0.126229 0.596452 0.097541 0.596452
0 0.014754 0.559867 0.039344 0.559867 0.039344 0.579823 0.014754 0.579823
0 0.048361 0.558759 0.070491 0.558759 0.070491 0.588692 0.048361 0.588692
0 0.333606 0.033259 0.363934 0.033259 0.363934 0.068737 0.333606 0.068737
0 0.324591 0.002217 0.352460 0.002217 0.352460 0.027716 0.324591 0.027716
0 0.299999 0.003326 0.322951 0.003326 0.322951 0.026608 0.299999 0.026608
0 0.378688 0.043237 0.404098 0.043237 0.404098 0.062085 0.378688 0.062085
0 0.409017 0.031043 0.421311 0.031043 0.421311 0.059868 0.409017 0.059868
0 0.420492 0.006652 0.445082 0.006652 0.445082 0.036585 0.420492 0.036585
0 0.419673 0.066519 0.442623 0.066519 0.442623 0.106430 0.419673 0.106430
0 0.527049 0.229490 0.542623 0.229490 0.542623 0.261640 0.527049 0.261640
0 0.516394 0.243902 0.536066 0.243902 0.536066 0.270510 0.516394 0.270510
0 0.504919 0.264966 0.522131 0.264966 0.522131 0.300443 0.504919 0.300443
0 0.469672 0.365854 0.490164 0.365854 0.490164 0.393570 0.469672 0.393570
0 0.492623 0.362528 0.506557 0.362528 0.506557 0.390244 0.492623 0.390244
0 0.528688 0.330376 0.549180 0.330376 0.549180 0.355876 0.528688 0.355876
0 0.560655 0.298226 0.577049 0.298226 0.577049 0.321508 0.560655 0.321508
0 0.445082 0.363636 0.459016 0.363636 0.459016 0.380266 0.445082 0.380266
0 0.591804 0.160753 0.609837 0.160753 0.609837 0.186252 0.591804 0.186252
0 0.599180 0.206208 0.615573 0.206208 0.615573 0.232816 0.599180 0.232816
0 0.588525 0.291575 0.607377 0.291575 0.607377 0.321508 0.588525 0.321508
0 0.599181 0.099778 0.627049 0.099778 0.627049 0.129712 0.599181 0.129712
0 0.562295 0.033259 0.586065 0.033259 0.586065 0.062085 0.562295 0.062085
0 0.673771 0.076496 0.701639 0.076496 0.701639 0.103104 0.673771 0.103104
0 0.705737 0.079823 0.731967 0.079823 0.731967 0.107539 0.705737 0.107539
0 0.745901 0.090910 0.772131 0.090910 0.772131 0.119734 0.745901 0.119734
0 0.667213 0.353659 0.683607 0.353659 0.683607 0.378049 0.667213 0.378049
0 0.726229 0.339246 0.744262 0.339246 0.744262 0.362528 0.726229 0.362528
0 0.740983 0.268293 0.756557 0.268293 0.756557 0.292683 0.740983 0.292683
0 0.793442 0.218404 0.809836 0.218404 0.809836 0.243902 0.793442 0.243902
0 0.827869 0.235034 0.845901 0.235034 0.845901 0.257207 0.827869 0.257207
0 0.772131 0.279380 0.796721 0.279380 0.796721 0.309312 0.772131 0.309312
0 0.819672 0.283814 0.836066 0.283814 0.836066 0.307096 0.819672 0.307096
0 0.805737 0.106430 0.827049 0.106430 0.827049 0.128603 0.805737 0.128603
0 0.865574 0.125277 0.889344 0.125277 0.889344 0.151885 0.865574 0.151885
0 0.620492 0.281596 0.639344 0.281596 0.639344 0.304878 0.620492 0.304878
0 0.950820 0.208426 0.975410 0.208426 0.975410 0.232816 0.950820 0.232816
0 0.942623 0.178492 0.963115 0.178492 0.963115 0.195122 0.942623 0.195122
0 0.854919 0.237251 0.872131 0.237251 0.872131 0.259424 0.854919 0.259424
0 0.913935 0.338138 0.936065 0.338138 0.936065 0.362528 0.913935 0.362528
0 0.986066 0.320399 0.999181 0.320399 0.999181 0.345898 0.986066 0.345898
0 0.959016 0.032151 0.975410 0.032151 0.975410 0.073171 0.959016 0.073171
0 0.975410 0.058758 0.988525 0.058758 0.988525 0.079822 0.975410 0.079822
0 0.931147 0.396896 0.958197 0.396896 0.958197 0.425721 0.931147 0.425721
0 0.948361 0.452328 0.968033 0.452328 0.968033 0.478936 0.948361 0.478936
0 0.853279 0.513305 0.876229 0.513305 0.876229 0.543238 0.853279 0.543238
0 0.967214 0.544346 0.984426 0.544346 0.984426 0.565410 0.967214 0.565410
0 0.961475 0.506651 0.977049 0.506651 0.977049 0.525498 0.961475 0.525498
0 0.839344 0.565410 0.858196 0.565410 0.858196 0.597561 0.839344 0.597561
0 0.739345 0.526608 0.761475 0.526608 0.761475 0.556540 0.739345 0.556540
0 0.960656 0.635254 0.985246 0.635254 0.985246 0.667405 0.960656 0.667405
0 0.831968 0.630820 0.854098 0.630820 0.854098 0.657428 0.831968 0.657428
0 0.779508 0.646342 0.798360 0.646342 0.798360 0.667406 0.779508 0.667406
0 0.713114 0.620842 0.734426 0.620842 0.734426 0.647450 0.713114 0.647450
0 0.850820 0.708425 0.875410 0.708425 0.875410 0.740576 0.850820 0.740576
0 0.842623 0.723947 0.862295 0.723947 0.862295 0.749445 0.842623 0.749445
0 0.898361 0.728381 0.923771 0.728381 0.923771 0.752771 0.898361 0.752771
0 0.677870 0.597561 0.699181 0.597561 0.699181 0.621951 0.677870 0.621951
0 0.744262 0.441242 0.759016 0.441242 0.759016 0.463415 0.744262 0.463415
0 0.661475 0.580931 0.677869 0.580931 0.677869 0.601995 0.661475 0.601995
0 0.686885 0.560975 0.703279 0.560975 0.703279 0.583148 0.686885 0.583148
0 0.692623 0.472283 0.706557 0.472283 0.706557 0.512194 0.692623 0.512194
0 0.680329 0.503325 0.696722 0.503325 0.696722 0.535477 0.680329 0.535477
0 0.698361 0.392462 0.721311 0.392462 0.721311 0.427938 0.698361 0.427938
0 0.686885 0.430156 0.700819 0.430156 0.700819 0.458981 0.686885 0.458981
0 0.653279 0.391352 0.667213 0.391352 0.667213 0.417960 0.653279 0.417960
0 0.649180 0.462307 0.665574 0.462307 0.665574 0.492239 0.649180 0.492239
0 0.607377 0.614190 0.631147 0.614190 0.631147 0.640798 0.607377 0.640798
0 0.633607 0.558758 0.652459 0.558758 0.652459 0.578714 0.633607 0.578714
0 0.583607 0.596452 0.602459 0.596452 0.602459 0.623060 0.583607 0.623060
0 0.984426 0.496674 0.998360 0.496674 0.998360 0.522173 0.984426 0.522173
0 0.917213 0.766075 0.937705 0.766075 0.937705 0.793791 0.917213 0.793791
0 0.856557 0.771618 0.881147 0.771618 0.881147 0.794900 0.856557 0.794900
0 0.982787 0.976718 0.996721 0.976718 0.996721 0.996674 0.982787 0.996674
0 0.950820 0.933481 0.971312 0.933481 0.971312 0.961197 0.950820 0.961197
0 0.834426 0.814856 0.854918 0.814856 0.854918 0.841464 0.834426 0.841464
0 0.798361 0.838137 0.816393 0.838137 0.816393 0.858093 0.798361 0.858093
0 0.773770 0.878049 0.789344 0.878049 0.789344 0.902439 0.773770 0.902439
0 0.786066 0.921287 0.809017 0.921287 0.809017 0.951219 0.786066 0.951219
0 0.731967 0.789357 0.754918 0.789357 0.754918 0.813747 0.731967 0.813747
0 0.721311 0.983371 0.746721 0.983371 0.746721 0.998891 0.721311 0.998891
0 0.742624 0.853659 0.754099 0.853659 0.754099 0.884701 0.742624 0.884701
0 0.699180 0.868071 0.726230 0.868071 0.726230 0.883591 0.699180 0.883591
0 0.696722 0.923504 0.715574 0.923504 0.715574 0.955655 0.696722 0.955655
0 0.661475 0.823724 0.686065 0.823724 0.686065 0.855876 0.661475 0.855876
0 0.921312 0.885809 0.945902 0.885809 0.945902 0.906873 0.921312 0.906873
0 0.881967 0.984479 0.905737 0.984479 0.905737 0.998891 0.881967 0.998891
0 0.664754 0.900222 0.690164 0.900222 0.690164 0.924612 0.664754 0.924612
0 0.645083 0.879158 0.661476 0.879158 0.661476 0.900222 0.645083 0.900222
0 0.750820 0.720621 0.770492 0.720621 0.770492 0.747229 0.750820 0.747229
0 0.768853 0.791574 0.787705 0.791574 0.787705 0.815964 0.768853 0.815964
0 0.634426 0.921287 0.664754 0.921287 0.664754 0.961198 0.634426 0.961198
0 0.605738 0.915742 0.628688 0.915742 0.628688 0.944568 0.605738 0.944568
0 0.623771 0.875831 0.646721 0.875831 0.646721 0.905764 0.623771 0.905764
0 0.636885 0.788249 0.654098 0.788249 0.654098 0.813747 0.636885 0.813747
0 0.604918 0.761642 0.625410 0.761642 0.625410 0.794901 0.604918 0.794901
0 0.594263 0.861419 0.622951 0.861419 0.622951 0.892461 0.594263 0.892461
0 0.577869 0.743903 0.600819 0.743903 0.600819 0.776054 0.577869 0.776054
0 0.587705 0.883592 0.604917 0.883592 0.604917 0.904656 0.587705 0.904656
0 0.556558 0.859202 0.584426 0.859202 0.584426 0.883592 0.556558 0.883592
0 0.578688 0.953438 0.609836 0.953438 0.609836 0.983371 0.578688 0.983371
0 0.543443 0.809312 0.563935 0.809312 0.563935 0.839245 0.543443 0.839245
0 0.518853 0.807095 0.546721 0.807095 0.546721 0.838137 0.518853 0.838137
0 0.541803 0.661863 0.566393 0.661863 0.566393 0.692905 0.541803 0.692905
0 0.550820 0.606430 0.571312 0.606430 0.571312 0.633038 0.550820 0.633038
0 0.532787 0.606430 0.549181 0.606430 0.549181 0.630820 0.532787 0.630820
0 0.490984 0.722838 0.516394 0.722838 0.516394 0.751664 0.490984 0.751664
0 0.498361 0.958981 0.520491 0.958981 0.520491 0.988914 0.498361 0.988914
0 0.469672 0.934589 0.493442 0.934589 0.493442 0.976719 0.469672 0.976719
0 0.402458 0.960089 0.431147 0.960089 0.431147 0.982262 0.402458 0.982262
0 0.569672 0.706208 0.585246 0.706208 0.585246 0.732816 0.569672 0.732816
0 0.438525 0.872505 0.457377 0.872505 0.457377 0.912416 0.438525 0.912416
0 0.431968 0.830377 0.448360 0.830377 0.448360 0.854767 0.431968 0.854767
0 0.374590 0.841463 0.390164 0.841463 0.390164 0.872505 0.374590 0.872505
0 0.496721 0.658536 0.512295 0.658536 0.512295 0.687362 0.496721 0.687362
0 0.479509 0.647451 0.497541 0.647451 0.497541 0.672949 0.479509 0.672949
0 0.472131 0.700665 0.492623 0.700665 0.492623 0.721729 0.472131 0.721729
0 0.352459 0.896896 0.372951 0.896896 0.372951 0.922395 0.352459 0.922395
0 0.312295 0.796009 0.343443 0.796009 0.343443 0.819291 0.312295 0.819291
0 0.245082 0.859202 0.263934 0.859202 0.263934 0.885810 0.245082 0.885810
0 0.279508 0.789357 0.305738 0.789357 0.305738 0.813747 0.279508 0.813747
0 0.226230 0.905765 0.240984 0.905765 0.240984 0.921285 0.226230 0.921285
0 0.218033 0.888027 0.227049 0.888027 0.227049 0.902439 0.218033 0.902439
0 0.322951 0.705099 0.342623 0.705099 0.342623 0.730598 0.322951 0.730598
0 0.340164 0.690688 0.359836 0.690688 0.359836 0.712861 0.340164 0.712861
0 0.359016 0.689579 0.376229 0.689579 0.376229 0.706209 0.359016 0.706209
0 0.440984 0.674058 0.465574 0.674058 0.465574 0.701774 0.440984 0.701774
0 0.396722 0.620842 0.413935 0.620842 0.413935 0.644124 0.396722 0.644124
0 0.318033 0.634146 0.338525 0.634146 0.338525 0.660754 0.318033 0.660754
0 0.282787 0.652993 0.318853 0.652993 0.318853 0.687361 0.282787 0.687361
0 0.298360 0.748337 0.329508 0.748337 0.329508 0.771619 0.298360 0.771619
0 0.168852 0.921287 0.197542 0.921287 0.197542 0.954545 0.168852 0.954545
0 0.155738 0.883593 0.186066 0.883593 0.186066 0.913525 0.155738 0.913525
0 0.157377 0.831486 0.183607 0.831486 0.183607 0.869180 0.157377 0.869180
0 0.177869 0.777162 0.192623 0.777162 0.192623 0.811530 0.177869 0.811530
0 0.186886 0.745012 0.204098 0.745012 0.204098 0.767185 0.186886 0.767185
0 0.228688 0.694013 0.250819 0.694013 0.250819 0.725055 0.228688 0.725055
0 0.249180 0.665188 0.271311 0.665188 0.271311 0.691796 0.249180 0.691796
0 0.233607 0.626385 0.258197 0.626385 0.258197 0.655211 0.233607 0.655211
0 0.089344 0.942350 0.109836 0.942350 0.109836 0.987806 0.089344 0.987806
0 0.218853 0.741685 0.232787 0.741685 0.232787 0.777162 0.218853 0.777162
0 0.001640 0.950111 0.018853 0.950111 0.018853 0.971175 0.001640 0.971175
0 0.006558 0.968958 0.035247 0.968958 0.035247 0.988914 0.006558 0.988914
0 0.035245 0.967849 0.057376 0.967849 0.057376 0.992239 0.035245 0.992239
0 0.024590 0.931265 0.048360 0.931265 0.048360 0.964523 0.024590 0.964523
0 0.213115 0.601996 0.240983 0.601996 0.240983 0.631929 0.213115 0.631929
0 0.064754 0.695122 0.089344 0.695122 0.089344 0.725055 0.064754 0.725055
0 0.055738 0.721730 0.079508 0.721730 0.079508 0.754988 0.055738 0.754988
0 0.176230 0.608648 0.205738 0.608648 0.205738 0.633038 0.176230 0.633038
0 0.142623 0.613081 0.168853 0.613081 0.168853 0.641907 0.142623 0.641907
0 0.034426 0.763858 0.050000 0.763858 0.050000 0.792684 0.034426 0.792684
0 0.092622 0.620843 0.115573 0.620843 0.115573 0.646342 0.092622 0.646342
0 0.076229 0.635255 0.096721 0.635255 0.096721 0.669623 0.076229 0.669623
0 0.001640 0.747228 0.018853 0.747228 0.018853 0.782705 0.001640 0.782705
0 0.048361 0.635255 0.072951 0.635255 0.072951 0.675167 0.048361 0.675167
0 0.018853 0.640798 0.037705 0.640798 0.037705 0.671840 0.018853 0.671840
0 0.124590 0.451220 0.136066 0.451220 0.136066 0.470066 0.124590 0.470066
0 0.054918 0.526608 0.069672 0.526608 0.069672 0.557650 0.054918 0.557650
0 0.048361 0.588691 0.067213 0.588691 0.067213 0.625277 0.048361 0.625277
0 0.447541 0.498891 0.466393 0.498891 0.466393 0.529933 0.447541 0.529933
0 0.510656 0.486696 0.529508 0.486696 0.529508 0.514412 0.510656 0.514412
0 0.508196 0.436808 0.524590 0.436808 0.524590 0.458981 0.508196 0.458981
0 0.502459 0.547672 0.533607 0.547672 0.533607 0.574280 0.502459 0.574280
1 0.205737 0.024391 0.223771 0.024391 0.223771 0.046564 0.205737 0.046564
1 0.174590 0.167406 0.188524 0.167406 0.188524 0.184036 0.174590 0.184036
1 0.153278 0.324834 0.161475 0.324834 0.161475 0.342572 0.153278 0.342572
1 0.119672 0.475610 0.131967 0.475610 0.131967 0.495566 0.119672 0.495566
1 0.389344 0.385809 0.404098 0.385809 0.404098 0.401330 0.389344 0.401330
1 0.637705 0.050998 0.648361 0.050998 0.648361 0.064302 0.637705 0.064302
1 0.894263 0.014412 0.906558 0.014412 0.906558 0.033259 0.894263 0.033259
1 0.918033 0.005543 0.929507 0.005543 0.929507 0.022173 0.918033 0.022173
1 0.412295 0.907982 0.427869 0.907982 0.427869 0.925720 0.412295 0.925720
1 0.235246 0.893570 0.251640 0.893570 0.251640 0.911308 0.235246 0.911308
1 0.197541 0.851442 0.216393 0.851442 0.216393 0.876941 0.197541 0.876941
1 0.305737 0.701774 0.318852 0.701774 0.318852 0.718404 0.305737 0.718404
1 0.035246 0.822617 0.050000 0.822617 0.050000 0.843681 0.035246 0.843681
1 0.031147 0.702883 0.048361 0.702883 0.048361 0.717295 0.031147 0.717295
1 0.019672 0.523281 0.031147 0.523281 0.031147 0.539911 0.019672 0.539911
