0 0.839844 0.041015 0.869140 0.041015 0.869140 0.071289 0.839844 0.071289
0 0.876953 0.286133 0.900391 0.286133 0.900391 0.308593 0.876953 0.308593
0 0.100586 0.291016 0.125977 0.291016 0.125977 0.319336 0.100586 0.319336
0 0.427735 0.418945 0.456055 0.418945 0.456055 0.453125 0.427735 0.453125
0 0.007812 0.510742 0.038086 0.510742 0.038086 0.550781 0.007812 0.550781
0 0.572266 0.916992 0.610352 0.916992 0.610352 0.948242 0.572266 0.948242
0 0.023437 0.877930 0.056640 0.877930 0.056640 0.913086 0.023437 0.913086
0 0.863281 0.363282 0.885742 0.363282 0.885742 0.385742 0.863281 0.385742
0 0.493165 0.029297 0.526368 0.029297 0.526368 0.064453 0.493165 0.064453
0 0.160156 0.581055 0.198242 0.581055 0.198242 0.623047 0.160156 0.623047
0 0.079101 0.067382 0.102539 0.067382 0.102539 0.083007 0.079101 0.083007
0 0.291016 0.171874 0.315430 0.171874 0.315430 0.208008 0.291016 0.208008
0 0.531249 0.042969 0.574218 0.042969 0.574218 0.084961 0.531249 0.084961
0 0.882812 0.658203 0.930664 0.658203 0.930664 0.696289 0.882812 0.696289
0 0.391601 0.309570 0.443359 0.309570 0.443359 0.344726 0.391601 0.344726
0 0.015624 0.365235 0.051757 0.365235 0.051757 0.398438 0.015624 0.398438
0 0.299805 0.196289 0.334961 0.196289 0.334961 0.235351 0.299805 0.235351
0 0.340820 0.136719 0.378906 0.136719 0.378906 0.185547 0.340820 0.185547
0 0.727540 0.486328 0.753907 0.486328 0.753907 0.515625 0.727540 0.515625
0 0.862305 0.743164 0.904297 0.743164 0.904297 0.791992 0.862305 0.791992
0 0.682616 0.078125 0.714843 0.078125 0.714843 0.105469 0.682616 0.105469
0 0.552734 0.887696 0.580078 0.887696 0.580078 0.913087 0.552734 0.913087
0 0.404297 0.515625 0.431641 0.515625 0.431641 0.563477 0.404297 0.563477
0 0.081055 0.141602 0.123047 0.141602 0.123047 0.172852 0.081055 0.172852
0 0.956055 0.581055 0.996093 0.581055 0.996093 0.613282 0.956055 0.613282
0 0.318360 0.761719 0.357422 0.761719 0.357422 0.801758 0.318360 0.801758
0 0.130859 0.572266 0.161132 0.572266 0.161132 0.611328 0.130859 0.611328
0 0.473633 0.402344 0.508789 0.402344 0.508789 0.436524 0.473633 0.436524
0 0.001953 0.470704 0.047851 0.470704 0.047851 0.507812 0.001953 0.507812
0 0.084962 0.114258 0.115235 0.114258 0.115235 0.151367 0.084962 0.151367
0 0.756835 0.152344 0.799805 0.152344 0.799805 0.176758 0.756835 0.176758
0 0.113281 0.462890 0.140625 0.462890 0.140625 0.492188 0.113281 0.492188
0 0.553711 0.965820 0.588867 0.965820 0.588867 0.994140 0.553711 0.994140
0 0.212891 0.417969 0.250977 0.417969 0.250977 0.452149 0.212891 0.452149
0 0.889649 0.955078 0.933593 0.955078 0.933593 0.990234 0.889649 0.990234
0 0.769532 0.531250 0.801759 0.531250 0.801759 0.572266 0.769532 0.572266
0 0.404297 0.199218 0.436524 0.199218 0.436524 0.236327 0.404297 0.236327
0 0.910156 0.469727 0.943360 0.469727 0.943360 0.500977 0.910156 0.500977
0 0.056641 0.416992 0.101563 0.416992 0.101563 0.462890 0.056641 0.462890
0 0.523438 0.239258 0.548828 0.239258 0.548828 0.278320 0.523438 0.278320
0 0.490235 0.761719 0.512696 0.761719 0.512696 0.805663 0.490235 0.805663
0 0.554688 0.754883 0.584960 0.754883 0.584960 0.774413 0.554688 0.774413
0 0.943359 0.001953 0.967773 0.001953 0.967773 0.040039 0.943359 0.040039
0 0.652343 0.641601 0.689453 0.641601 0.689453 0.668945 0.652343 0.668945
0 0.657227 0.264649 0.697265 0.264649 0.697265 0.293946 0.657227 0.293946
0 0.351563 0.632812 0.379883 0.632812 0.379883 0.673828 0.351563 0.673828
0 0.827148 0.432617 0.865234 0.432617 0.865234 0.470703 0.827148 0.470703
0 0.715820 0.898438 0.752930 0.898438 0.752930 0.941407 0.715820 0.941407
0 0.717773 0.373047 0.742187 0.373047 0.742187 0.400391 0.717773 0.400391
0 0.596680 0.232422 0.636718 0.232422 0.636718 0.265624 0.596680 0.265624
0 0.017578 0.171875 0.065430 0.171875 0.065430 0.200195 0.017578 0.200195
0 0.317383 0.656250 0.348633 0.656250 0.348633 0.685546 0.317383 0.685546
0 0.278320 0.453125 0.316406 0.453125 0.316406 0.490235 0.278320 0.490235
0 0.639649 0.371094 0.668945 0.371094 0.668945 0.401367 0.639649 0.401367
0 0.427734 0.069337 0.468750 0.069337 0.468750 0.099610 0.427734 0.099610
0 0.819335 0.591797 0.848632 0.591797 0.848632 0.617188 0.819335 0.617188
0 0.560547 0.800782 0.599609 0.800782 0.599609 0.827149 0.560547 0.827149
0 0.220703 0.376953 0.247071 0.376953 0.247071 0.406251 0.220703 0.406251
0 0.973633 0.000977 0.998047 0.000977 0.998047 0.046875 0.973633 0.046875
0 0.370117 0.833008 0.398437 0.833008 0.398437 0.860352 0.370117 0.860352
0 0.917969 0.059570 0.961913 0.059570 0.961913 0.083008 0.917969 0.083008
0 0.628906 0.410156 0.666992 0.410156 0.666992 0.440429 0.628906 0.440429
0 0.550781 0.240235 0.583985 0.240235 0.583985 0.276367 0.550781 0.276367
0 0.272461 0.412110 0.311523 0.412110 0.311523 0.451172 0.272461 0.451172
0 0.140625 0.457031 0.175781 0.457031 0.175781 0.497071 0.140625 0.497071
0 0.610352 0.194336 0.645508 0.194336 0.645508 0.227539 0.610352 0.227539
0 0.862304 0.079101 0.880860 0.079101 0.880860 0.101562 0.862304 0.101562
0 0.000000 0.749023 0.030274 0.749023 0.030274 0.781250 0.000000 0.781250
0 0.915039 0.018554 0.942383 0.018554 0.942383 0.051757 0.915039 0.051757
0 0.892578 0.302734 0.918945 0.302734 0.918945 0.336914 0.892578 0.336914
0 0.641602 0.347656 0.676758 0.347656 0.676758 0.368164 0.641602 0.368164
0 0.828125 0.079102 0.854492 0.079102 0.854492 0.108398 0.828125 0.108398
0 0.474609 0.734375 0.500976 0.734375 0.500976 0.762695 0.474609 0.762695
0 0.130860 0.620117 0.166992 0.620117 0.166992 0.656250 0.130860 0.656250
0 0.598633 0.463867 0.630860 0.463867 0.630860 0.495117 0.598633 0.495117
0 0.167969 0.452148 0.203125 0.452148 0.203125 0.492188 0.167969 0.492188
0 0.526367 0.876954 0.554687 0.876954 0.554687 0.906250 0.526367 0.906250
0 0.565430 0.016602 0.599610 0.016602 0.599610 0.055664 0.565430 0.055664
0 0.677734 0.942383 0.702148 0.942383 0.702148 0.969727 0.677734 0.969727
0 0.154297 0.113282 0.181641 0.113282 0.181641 0.153320 0.154297 0.153320
0 0.871094 0.498047 0.899414 0.498047 0.899414 0.534180 0.871094 0.534180
0 0.597657 0.179688 0.629884 0.179688 0.629884 0.208985 0.597657 0.208985
0 0.360351 0.519532 0.401367 0.519532 0.401367 0.548828 0.360351 0.548828
0 0.476562 0.672852 0.512695 0.672852 0.512695 0.708985 0.476562 0.708985
0 0.385742 0.079101 0.418945 0.079101 0.418945 0.112305 0.385742 0.112305
0 0.189453 0.476562 0.229492 0.476562 0.229492 0.506835 0.189453 0.506835
0 0.197266 0.928711 0.225586 0.928711 0.225586 0.959961 0.197266 0.959961
0 0.078126 0.293946 0.104493 0.293946 0.104493 0.327149 0.078126 0.327149
0 0.133790 0.221680 0.166992 0.221680 0.166992 0.249024 0.133790 0.249024
0 0.362305 0.224609 0.416015 0.224609 0.416015 0.273437 0.362305 0.273437
0 0.873047 0.413086 0.900391 0.413086 0.900391 0.452148 0.873047 0.452148
0 0.685547 0.416016 0.712891 0.416016 0.712891 0.440430 0.685547 0.440430
0 0.199219 0.577149 0.225585 0.577149 0.225585 0.612305 0.199219 0.612305
0 0.879883 0.088868 0.901367 0.088868 0.901367 0.118164 0.879883 0.118164
0 0.542969 0.721680 0.578125 0.721680 0.578125 0.759766 0.542969 0.759766
0 0.271484 0.752930 0.309570 0.752930 0.309570 0.779297 0.271484 0.779297
0 0.047852 0.720703 0.094727 0.720703 0.094727 0.755859 0.047852 0.755859
0 0.359374 0.084960 0.388672 0.084960 0.388672 0.118164 0.359374 0.118164
0 0.124999 0.782227 0.161133 0.782227 0.161133 0.812500 0.124999 0.812500
0 0.341797 0.292969 0.380859 0.292969 0.380859 0.331055 0.341797 0.331055
0 0.067383 0.562500 0.090821 0.562500 0.090821 0.590820 0.067383 0.590820
0 0.105469 0.531250 0.148438 0.531250 0.148438 0.557617 0.105469 0.557617
0 0.061523 0.333984 0.088867 0.333984 0.088867 0.365234 0.061523 0.365234
0 0.542969 0.000976 0.572265 0.000976 0.572265 0.027343 0.542969 0.027343
0 0.834961 0.377929 0.874023 0.377929 0.874023 0.410156 0.834961 0.410156
0 0.916992 0.641602 0.955078 0.641602 0.955078 0.666992 0.916992 0.666992
0 0.663085 0.151367 0.688476 0.151367 0.688476 0.189453 0.663085 0.189453
0 0.542968 0.914062 0.576172 0.914062 0.576172 0.947266 0.542968 0.947266
0 0.278320 0.675782 0.309570 0.675782 0.309570 0.706055 0.278320 0.706055
0 0.593750 0.493163 0.634766 0.493163 0.634766 0.525390 0.593750 0.525390
0 0.818360 0.018555 0.855469 0.018555 0.855469 0.052735 0.818360 0.052735
0 0.885743 0.340820 0.915040 0.340820 0.915040 0.368164 0.885743 0.368164
0 0.719726 0.967773 0.743164 0.967773 0.743164 0.984375 0.719726 0.984375
0 0.208984 0.452149 0.243164 0.452149 0.243164 0.474609 0.208984 0.474609
0 0.927734 0.604492 0.960938 0.604492 0.960938 0.635742 0.927734 0.635742
0 0.572265 0.842773 0.623046 0.842773 0.623046 0.879883 0.572265 0.879883
0 0.657226 0.456054 0.683593 0.456054 0.683593 0.481446 0.657226 0.481446
0 0.173828 0.114257 0.202148 0.114257 0.202148 0.150390 0.173828 0.150390
0 0.951172 0.075195 0.974610 0.075195 0.974610 0.100586 0.951172 0.100586
0 0.774414 0.425782 0.803710 0.425782 0.803710 0.445312 0.774414 0.445312
0 0.114258 0.673828 0.137696 0.673828 0.137696 0.695312 0.114258 0.695312
0 0.460938 0.778320 0.487305 0.778320 0.487305 0.813476 0.460938 0.813476
0 0.107422 0.855468 0.141602 0.855468 0.141602 0.898438 0.107422 0.898438
0 0.196288 0.535156 0.232422 0.535156 0.232422 0.570312 0.196288 0.570312
0 0.666015 0.375000 0.700195 0.375000 0.700195 0.412110 0.666015 0.412110
0 0.242188 0.831055 0.275390 0.831055 0.275390 0.852539 0.242188 0.852539
0 0.822266 0.134765 0.851562 0.134765 0.851562 0.154297 0.822266 0.154297
0 0.520508 0.492188 0.554688 0.492188 0.554688 0.528320 0.520508 0.528320
0 0.684570 0.352540 0.714843 0.352540 0.714843 0.378907 0.684570 0.378907
0 0.535157 0.412109 0.564453 0.412109 0.564453 0.450195 0.535157 0.450195
0 0.150391 0.531250 0.187500 0.531250 0.187500 0.569336 0.150391 0.569336
0 0.707032 0.511719 0.737305 0.511719 0.737305 0.539063 0.707032 0.539063
0 0.690429 0.773438 0.708985 0.773438 0.708985 0.797852 0.690429 0.797852
0 0.975585 0.509765 0.998047 0.509765 0.998047 0.541992 0.975585 0.541992
0 0.430664 0.792969 0.455078 0.792969 0.455078 0.827149 0.430664 0.827149
0 0.657226 0.482422 0.683593 0.482422 0.683593 0.504883 0.657226 0.504883
0 0.764648 0.088868 0.807617 0.088868 0.807617 0.131836 0.764648 0.131836
0 0.041015 0.325195 0.067382 0.325195 0.067382 0.362305 0.041015 0.362305
0 0.883789 0.561524 0.911133 0.561524 0.911133 0.605468 0.883789 0.605468
0 0.577149 0.503906 0.598633 0.503906 0.598633 0.537110 0.577149 0.537110
0 0.327149 0.598633 0.357422 0.598633 0.357422 0.629883 0.327149 0.629883
0 0.393555 0.479492 0.428711 0.479492 0.428711 0.512695 0.393555 0.512695
0 0.140626 0.855469 0.173828 0.855469 0.173828 0.900391 0.140626 0.900391
0 0.442383 0.298829 0.481445 0.298829 0.481445 0.335938 0.442383 0.335938
0 0.142578 0.958008 0.177734 0.958008 0.177734 0.992188 0.142578 0.992188
0 0.520508 0.793945 0.554688 0.793945 0.554688 0.825195 0.520508 0.825195
0 0.218750 0.341797 0.242188 0.341797 0.242188 0.371094 0.218750 0.371094
0 0.471679 0.553711 0.500976 0.553711 0.500976 0.581055 0.471679 0.581055
0 0.553711 0.204101 0.594727 0.204101 0.594727 0.245117 0.553711 0.245117
0 0.267578 0.090820 0.301758 0.090820 0.301758 0.122070 0.267578 0.122070
0 0.765625 0.729491 0.798829 0.729491 0.798829 0.761718 0.765625 0.761718
0 0.742188 0.445313 0.770508 0.445313 0.770508 0.476563 0.742188 0.476563
0 0.616212 0.971680 0.653321 0.971680 0.653321 0.989258 0.616212 0.989258
0 0.287109 0.642578 0.314453 0.642578 0.314453 0.668945 0.287109 0.668945
0 0.248047 0.395507 0.278320 0.395507 0.278320 0.438476 0.248047 0.438476
0 0.431640 0.472656 0.465820 0.472656 0.465820 0.504883 0.431640 0.504883
0 0.012695 0.296875 0.059570 0.296875 0.059570 0.324219 0.012695 0.324219
0 0.044922 0.606445 0.079102 0.606445 0.079102 0.643555 0.044922 0.643555
0 0.596680 0.672852 0.621094 0.672852 0.621094 0.704102 0.596680 0.704102
0 0.871094 0.000000 0.898438 0.000000 0.898438 0.034180 0.871094 0.034180
0 0.865235 0.322266 0.895508 0.322266 0.895508 0.358399 0.865235 0.358399
0 0.025391 0.079102 0.050782 0.079102 0.050782 0.105469 0.025391 0.105469
0 0.147462 0.254883 0.173828 0.254883 0.173828 0.289063 0.147462 0.289063
0 0.875000 0.050781 0.900390 0.050781 0.900390 0.078125 0.875000 0.078125
0 0.010742 0.148438 0.052734 0.148438 0.052734 0.181640 0.010742 0.181640
0 0.426758 0.610351 0.458985 0.610351 0.458985 0.633789 0.426758 0.633789
0 0.061524 0.202149 0.090820 0.202149 0.090820 0.224610 0.061524 0.224610
0 0.434571 0.725587 0.464844 0.725587 0.464844 0.751954 0.434571 0.751954
0 0.099610 0.225586 0.127930 0.225586 0.127930 0.262695 0.099610 0.262695
0 0.761719 0.348633 0.818360 0.348633 0.818360 0.369141 0.761719 0.369141
0 0.331055 0.719727 0.373047 0.719727 0.373047 0.754883 0.331055 0.754883
0 0.103515 0.414062 0.137695 0.414062 0.137695 0.457032 0.103515 0.457032
0 0.780273 0.385742 0.810546 0.385742 0.810546 0.420898 0.780273 0.420898
0 0.688477 0.151367 0.716797 0.151367 0.716797 0.173828 0.688477 0.173828
0 0.123048 0.128906 0.153320 0.128906 0.153320 0.160156 0.123048 0.160156
0 0.795898 0.877929 0.826171 0.877929 0.826171 0.901367 0.795898 0.901367
0 0.849610 0.132812 0.888672 0.132812 0.888672 0.166992 0.849610 0.166992
0 0.550781 0.829101 0.588867 0.829101 0.588867 0.863281 0.550781 0.863281
0 0.847656 0.681640 0.893554 0.681640 0.893554 0.735352 0.847656 0.735352
0 0.662110 0.290039 0.701172 0.290039 0.701172 0.317383 0.662110 0.317383
0 0.312500 0.695312 0.338867 0.695312 0.338867 0.714843 0.312500 0.714843
0 0.485352 0.496094 0.521485 0.496094 0.521485 0.538086 0.485352 0.538086
0 0.255859 0.709962 0.310547 0.709962 0.310547 0.740235 0.255859 0.740235
0 0.420899 0.244141 0.453126 0.244141 0.453126 0.281250 0.420899 0.281250
0 0.882813 0.032227 0.904297 0.032227 0.904297 0.056641 0.882813 0.056641
0 0.039062 0.132812 0.068360 0.132812 0.068360 0.160156 0.039062 0.160156
0 0.821289 0.477539 0.855469 0.477539 0.855469 0.511719 0.821289 0.511719
0 0.738281 0.850586 0.780273 0.850586 0.780273 0.888672 0.738281 0.888672
0 0.232423 0.504883 0.269532 0.504883 0.269532 0.537110 0.232423 0.537110
0 0.019532 0.325196 0.048829 0.325196 0.048829 0.358399 0.019532 0.358399
0 0.249023 0.033203 0.289062 0.033203 0.289062 0.070312 0.249023 0.070312
0 0.494141 0.294922 0.532227 0.294922 0.532227 0.328124 0.494141 0.328124
0 0.572266 0.422852 0.607422 0.422852 0.607422 0.464844 0.572266 0.464844
0 0.366211 0.591796 0.392578 0.591796 0.392578 0.618163 0.366211 0.618163
0 0.375976 0.793945 0.399414 0.793945 0.399414 0.818359 0.375976 0.818359
0 0.608399 0.268555 0.643555 0.268555 0.643555 0.304688 0.608399 0.304688
0 0.521485 0.454101 0.549805 0.454101 0.549805 0.488281 0.521485 0.488281
0 0.908203 0.086914 0.946289 0.086914 0.946289 0.114258 0.908203 0.114258
0 0.033203 0.262696 0.062501 0.262696 0.062501 0.284180 0.033203 0.284180
0 0.574219 0.400390 0.608399 0.400390 0.608399 0.423828 0.574219 0.423828
1 0.203125 0.749024 0.218750 0.749024 0.218750 0.768555 0.203125 0.768555
1 0.156250 0.804688 0.173828 0.804688 0.173828 0.826172 0.156250 0.826172
1 0.463867 0.840820 0.487305 0.840820 0.487305 0.858398 0.463867 0.858398
1 0.362304 0.904297 0.385742 0.904297 0.385742 0.918945 0.362304 0.918945
1 0.327148 0.928711 0.351562 0.928711 0.351562 0.952149 0.327148 0.952149
1 0.449219 0.923828 0.468749 0.923828 0.468749 0.941406 0.449219 0.941406
1 0.274414 0.945313 0.295898 0.945313 0.295898 0.962891 0.274414 0.962891
1 0.746094 0.310547 0.763672 0.310547 0.763672 0.332031 0.746094 0.332031
1 0.639649 0.056641 0.657227 0.056641 0.657227 0.078125 0.639649 0.078125
1 0.414062 0.957031 0.426758 0.957031 0.426758 0.971679 0.414062 0.971679
1 0.272461 0.880859 0.289063 0.880859 0.289063 0.901367 0.272461 0.901367
1 0.262696 0.928711 0.281251 0.928711 0.281251 0.952149 0.262696 0.952149
1 0.297852 0.950195 0.315430 0.950195 0.315430 0.969726 0.297852 0.969726
1 0.458008 0.396485 0.476562 0.396485 0.476562 0.416015 0.458008 0.416015
1 0.178711 0.662110 0.193359 0.662110 0.193359 0.683594 0.178711 0.683594
1 0.287109 0.559571 0.298828 0.559571 0.298828 0.574219 0.287109 0.574219
2 0.203125 0.883789 0.227539 0.883789 0.227539 0.911133 0.203125 0.911133
3 0.808593 0.237304 0.873047 0.237304 0.873047 0.291992 0.808593 0.291992
3 0.763672 0.281250 0.850586 0.281250 0.850586 0.350586 0.763672 0.350586
