1 0.955078 0.019531 0.986328 0.019531 0.986328 0.058593 0.955078 0.058593
1 0.876953 0.005860 0.910157 0.005860 0.910157 0.041016 0.876953 0.041016
2 0.033203 0.357422 0.091797 0.357422 0.091797 0.410156 0.033203 0.410156
3 0.017579 0.228516 0.140626 0.228516 0.140626 0.339844 0.017579 0.339844
3 0.123047 0.302734 0.210938 0.302734 0.210938 0.396484 0.123047 0.396484
3 0.455078 0.308594 0.542968 0.308594 0.542968 0.384766 0.455078 0.384766
3 0.353515 0.152343 0.427735 0.152343 0.427735 0.244141 0.353515 0.244141
3 0.015625 0.527344 0.091797 0.527344 0.091797 0.603516 0.015625 0.603516
3 0.240234 0.443359 0.343750 0.443359 0.343750 0.546875 0.240234 0.546875
3 0.080078 0.470703 0.162109 0.470703 0.162109 0.537109 0.080078 0.537109
3 0.144531 0.410157 0.236328 0.410157 0.236328 0.505860 0.144531 0.505860
3 0.197266 0.152344 0.277344 0.152344 0.277344 0.246094 0.197266 0.246094
3 0.101562 0.558593 0.179688 0.558593 0.179688 0.632812 0.101562 0.632812
3 0.263672 0.285156 0.337891 0.285156 0.337891 0.357422 0.263672 0.357422
