0 0.001066 0.040989 0.018104 0.040989 0.018104 0.061484 0.001066 0.061484
0 0.025027 0.053003 0.038871 0.053003 0.038871 0.067845 0.025027 0.067845
0 0.028754 0.068551 0.046858 0.068551 0.046858 0.090459 0.028754 0.090459
0 0.004793 0.074911 0.022897 0.074911 0.022897 0.098233 0.004793 0.098233
0 0.045794 0.077032 0.068158 0.077032 0.068158 0.108128 0.045794 0.108128
0 0.027690 0.097526 0.042599 0.097526 0.042599 0.118022 0.027690 0.118022
0 0.031950 0.118021 0.051118 0.118021 0.051118 0.144169 0.031950 0.144169
0 0.057508 0.099646 0.075080 0.099646 0.075080 0.122968 0.057508 0.122968
0 0.078274 0.081272 0.096912 0.081272 0.096912 0.103887 0.078274 0.103887
0 0.110756 0.078445 0.127796 0.078445 0.127796 0.101767 0.110756 0.101767
0 0.117146 0.048056 0.137380 0.048056 0.137380 0.074911 0.117146 0.074911
0 0.140043 0.049469 0.159745 0.049469 0.159745 0.079858 0.140043 0.079858
0 0.163472 0.040990 0.183174 0.040990 0.183174 0.065018 0.163472 0.065018
0 0.206602 0.057951 0.225771 0.057951 0.225771 0.088340 0.206602 0.088340
0 0.070288 0.125089 0.084665 0.125089 0.084665 0.145584 0.070288 0.145584
0 0.046326 0.148409 0.062300 0.148409 0.062300 0.171024 0.046326 0.171024
0 0.064431 0.157597 0.085198 0.157597 0.085198 0.185159 0.064431 0.185159
0 0.046858 0.190812 0.065495 0.190812 0.065495 0.217668 0.046858 0.217668
0 0.175719 0.106714 0.195953 0.106714 0.195953 0.131448 0.175719 0.131448
0 0.176252 0.139222 0.193290 0.139222 0.193290 0.166078 0.176252 0.166078
0 0.337593 0.120141 0.353567 0.120141 0.353567 0.145583 0.337593 0.145583
0 0.320554 0.167492 0.335996 0.167492 0.335996 0.190107 0.320554 0.190107
0 0.298722 0.186572 0.319489 0.186572 0.319489 0.209894 0.298722 0.209894
0 0.274761 0.195053 0.290735 0.195053 0.290735 0.219081 0.274761 0.219081
0 0.326411 0.212014 0.341853 0.212014 0.341853 0.230388 0.326411 0.230388
0 0.308839 0.254417 0.327477 0.254417 0.327477 0.279859 0.308839 0.279859
0 0.285410 0.221908 0.305112 0.221908 0.305112 0.241696 0.285410 0.241696
0 0.283812 0.257950 0.302449 0.257950 0.302449 0.279151 0.283812 0.279151
0 0.259318 0.211308 0.270500 0.211308 0.270500 0.229682 0.259318 0.229682
0 0.220980 0.171732 0.233760 0.171732 0.233760 0.190106 0.220980 0.190106
0 0.219915 0.259364 0.241747 0.259364 0.241747 0.289046 0.219915 0.289046
0 0.194888 0.254417 0.210862 0.254417 0.210862 0.274205 0.194888 0.274205
0 0.098508 0.231095 0.119276 0.231095 0.119276 0.260777 0.098508 0.260777
0 0.087328 0.269258 0.097444 0.269258 0.097444 0.285512 0.087328 0.285512
0 0.034079 0.288339 0.047391 0.288339 0.047391 0.306715 0.034079 0.306715
0 0.042598 0.308127 0.058040 0.308127 0.058040 0.327209 0.042598 0.327209
0 0.062301 0.291166 0.074548 0.291166 0.074548 0.310954 0.062301 0.310954
0 0.075612 0.317315 0.089457 0.317315 0.089457 0.341343 0.075612 0.341343
0 0.033546 0.331449 0.050585 0.331449 0.050585 0.353357 0.033546 0.353357
0 0.007987 0.307421 0.021299 0.307421 0.021299 0.331449 0.007987 0.331449
0 0.264110 0.104594 0.287540 0.104594 0.287540 0.126502 0.264110 0.126502
0 0.190628 0.313780 0.210330 0.313780 0.210330 0.336396 0.190628 0.336396
0 0.160277 0.002120 0.180511 0.002120 0.180511 0.015548 0.160277 0.015548
0 0.134717 0.007067 0.148562 0.007067 0.148562 0.028269 0.134717 0.028269
0 0.076677 0.035336 0.087327 0.035336 0.087327 0.049470 0.076677 0.049470
0 0.231097 0.077032 0.248669 0.077032 0.248669 0.100354 0.231097 0.100354
0 0.270500 0.069964 0.289137 0.069964 0.289137 0.092579 0.270500 0.092579
0 0.254526 0.031096 0.273695 0.031096 0.273695 0.055831 0.254526 0.055831
0 0.264111 0.281272 0.285943 0.281272 0.285943 0.309540 0.264111 0.309540
0 0.410543 0.069258 0.427050 0.069258 0.427050 0.118728 0.410543 0.118728
0 0.398829 0.075618 0.414271 0.075618 0.414271 0.106714 0.398829 0.106714
0 0.388179 0.103181 0.403621 0.103181 0.403621 0.130035 0.388179 0.130035
0 0.395101 0.010601 0.414803 0.010601 0.414803 0.040283 0.395101 0.040283
0 0.390841 0.179505 0.403621 0.179505 0.403621 0.232509 0.390841 0.232509
0 0.383387 0.168904 0.398295 0.168904 0.398295 0.204240 0.383387 0.204240
0 0.411608 0.207068 0.430777 0.207068 0.430777 0.229683 0.411608 0.229683
0 0.432375 0.193639 0.447817 0.193639 0.447817 0.216254 0.432375 0.216254
0 0.455804 0.157598 0.476571 0.157598 0.476571 0.184453 0.455804 0.184453
0 0.464857 0.123675 0.481896 0.123675 0.481896 0.139223 0.464857 0.139223
0 0.510650 0.146290 0.530352 0.146290 0.530352 0.171732 0.510650 0.171732
0 0.490416 0.134983 0.504792 0.134983 0.504792 0.155477 0.490416 0.155477
0 0.523961 0.104593 0.544728 0.104593 0.544728 0.130035 0.523961 0.130035
0 0.489350 0.225442 0.506922 0.225442 0.506922 0.250884 0.489350 0.250884
0 0.414270 0.017667 0.437168 0.017667 0.437168 0.042402 0.414270 0.042402
0 0.422258 0.044523 0.441426 0.044523 0.441426 0.069257 0.422258 0.069257
0 0.443557 0.056537 0.461129 0.056537 0.461129 0.086926 0.443557 0.086926
0 0.448882 0.019082 0.473376 0.019082 0.473376 0.048057 0.448882 0.048057
0 0.466987 0.002827 0.481895 0.002827 0.481895 0.026855 0.466987 0.026855
0 0.517572 0.016254 0.535676 0.016254 0.535676 0.043110 0.517572 0.043110
0 0.541534 0.012721 0.559638 0.012721 0.559638 0.038163 0.541534 0.038163
0 0.535676 0.065725 0.551650 0.065725 0.551650 0.086926 0.535676 0.086926
0 0.591587 0.012014 0.609691 0.012014 0.609691 0.033216 0.591587 0.033216
0 0.573483 0.069965 0.592651 0.069965 0.592651 0.089045 0.573483 0.089045
0 0.575612 0.091873 0.589458 0.091873 0.589458 0.117315 0.575612 0.117315
0 0.544728 0.148411 0.563365 0.148411 0.563365 0.179505 0.544728 0.179505
0 0.577210 0.167491 0.595314 0.167491 0.595314 0.190813 0.577210 0.190813
0 0.429179 0.282686 0.447817 0.282686 0.447817 0.308834 0.429179 0.308834
0 0.458999 0.310954 0.472311 0.310954 0.472311 0.330742 0.458999 0.330742
0 0.467519 0.322262 0.479766 0.322262 0.479766 0.338516 0.467519 0.338516
0 0.441960 0.306713 0.457934 0.306713 0.457934 0.323674 0.441960 0.323674
0 0.586794 0.113074 0.603834 0.113074 0.603834 0.134982 0.586794 0.134982
0 0.639510 0.142049 0.656018 0.142049 0.656018 0.159717 0.639510 0.159717
0 0.683706 0.080566 0.701810 0.080566 0.701810 0.104594 0.683706 0.104594
0 0.584132 0.224028 0.602769 0.224028 0.602769 0.250176 0.584132 0.250176
0 0.575612 0.276325 0.593184 0.276325 0.593184 0.303887 0.575612 0.303887
0 0.547391 0.315195 0.565495 0.315195 0.565495 0.342050 0.547391 0.342050
0 0.510650 0.330742 0.533014 0.330742 0.533014 0.358304 0.510650 0.358304
0 0.740681 0.087633 0.757721 0.087633 0.757721 0.111661 0.740681 0.111661
0 0.723642 0.084805 0.736422 0.084805 0.736422 0.108127 0.723642 0.108127
0 0.618744 0.236749 0.637381 0.236749 0.637381 0.262897 0.618744 0.262897
0 0.648562 0.226148 0.668264 0.226148 0.668264 0.251590 0.648562 0.251590
0 0.656550 0.187279 0.673057 0.187279 0.673057 0.205653 0.656550 0.205653
0 0.687966 0.168905 0.706070 0.168905 0.706070 0.190813 0.687966 0.190813
0 0.714590 0.161131 0.732694 0.161131 0.732694 0.183039 0.714590 0.183039
0 0.738552 0.181626 0.759850 0.181626 0.759850 0.205654 0.738552 0.205654
0 0.654420 0.263604 0.672524 0.263604 0.672524 0.287632 0.654420 0.287632
0 0.683174 0.238162 0.696486 0.238162 0.696486 0.262897 0.683174 0.262897
0 0.722045 0.230388 0.734291 0.230388 0.734291 0.253003 0.722045 0.253003
0 0.657615 0.296114 0.675719 0.296114 0.675719 0.320848 0.657615 0.320848
0 0.426517 0.151237 0.435037 0.151237 0.435037 0.187279 0.426517 0.187279
0 0.725240 0.027562 0.743344 0.027562 0.743344 0.050176 0.725240 0.050176
0 0.776358 0.077738 0.797125 0.077738 0.797125 0.108833 0.776358 0.108833
0 0.809904 0.053004 0.829606 0.053004 0.829606 0.081272 0.809904 0.081272
0 0.769969 0.045229 0.782215 0.045229 0.782215 0.067845 0.769969 0.067845
0 0.826411 0.003534 0.843983 0.003534 0.843983 0.030388 0.826411 0.030388
0 0.937700 0.018375 0.953142 0.018375 0.953142 0.040989 0.937700 0.040989
0 0.887114 0.088339 0.903088 0.088339 0.903088 0.112367 0.887114 0.112367
0 0.793397 0.175972 0.814164 0.175972 0.814164 0.204946 0.793397 0.204946
0 0.838658 0.173146 0.854632 0.173146 0.854632 0.202120 0.838658 0.202120
0 0.817358 0.184452 0.831736 0.184452 0.831736 0.209894 0.817358 0.209894
0 0.900425 0.119434 0.914803 0.119434 0.914803 0.134275 0.900425 0.134275
0 0.913205 0.128622 0.930777 0.128622 0.930777 0.157598 0.913205 0.157598
0 0.935570 0.133569 0.958466 0.133569 0.958466 0.150530 0.935570 0.150530
0 0.965921 0.149824 0.997870 0.149824 0.997870 0.175972 0.965921 0.175972
0 0.920660 0.192932 0.941959 0.192932 0.941959 0.219787 0.920660 0.219787
0 0.978700 0.223322 0.997869 0.223322 0.997869 0.245937 0.978700 0.245937
0 0.955272 0.240990 0.972844 0.240990 0.972844 0.265018 0.955272 0.265018
0 0.931843 0.273498 0.952077 0.273498 0.952077 0.291166 0.931843 0.291166
0 0.860490 0.252297 0.877529 0.252297 0.877529 0.281979 0.860490 0.281979
0 0.755591 0.262191 0.775293 0.262191 0.775293 0.287633 0.755591 0.287633
0 0.874334 0.253003 0.888711 0.253003 0.888711 0.286219 0.874334 0.286219
0 0.844515 0.002826 0.858893 0.002826 0.858893 0.017667 0.844515 0.017667
0 0.956337 0.275618 0.974974 0.275618 0.974974 0.295406 0.956337 0.295406
0 0.976038 0.317314 0.990416 0.317314 0.990416 0.336396 0.976038 0.336396
0 0.955804 0.295407 0.976038 0.295407 0.976038 0.314488 0.955804 0.314488
0 0.903621 0.300353 0.921725 0.300353 0.921725 0.320141 0.903621 0.320141
0 0.911609 0.339222 0.930778 0.339222 0.930778 0.362544 0.911609 0.362544
0 0.915867 0.368198 0.934504 0.368198 0.934504 0.394346 0.915867 0.394346
0 0.913739 0.399293 0.930778 0.399293 0.930778 0.421909 0.913739 0.421909
0 0.878594 0.410601 0.895633 0.410601 0.895633 0.435335 0.878594 0.435335
0 0.882854 0.449470 0.903088 0.449470 0.903088 0.474204 0.882854 0.474204
0 0.842918 0.450883 0.858360 0.450883 0.858360 0.469965 0.842918 0.469965
0 0.798722 0.407774 0.814164 0.407774 0.814164 0.438163 0.798722 0.438163
0 0.935569 0.490459 0.952608 0.490459 0.952608 0.513781 0.935569 0.513781
0 0.972843 0.507420 0.993610 0.507420 0.993610 0.535690 0.972843 0.535690
0 0.967519 0.537102 0.986688 0.537102 0.986688 0.562544 0.967519 0.562544
0 0.949947 0.552650 0.968584 0.552650 0.968584 0.574558 0.949947 0.574558
0 0.917998 0.569611 0.937700 0.569611 0.937700 0.596467 0.917998 0.596467
0 0.944623 0.580212 0.963792 0.580212 0.963792 0.606360 0.944623 0.606360
0 0.957402 0.617668 0.975506 0.617668 0.975506 0.640990 0.957402 0.640990
0 0.920660 0.608480 0.936634 0.608480 0.936634 0.629682 0.920660 0.629682
0 0.822684 0.498940 0.840256 0.498940 0.840256 0.528622 0.822684 0.528622
0 0.775825 0.525794 0.792864 0.525794 0.792864 0.548409 0.775825 0.548409
0 0.742279 0.453003 0.762513 0.453003 0.762513 0.476325 0.742279 0.476325
0 0.808307 0.325089 0.832801 0.325089 0.832801 0.344170 0.808307 0.344170
0 0.753462 0.373145 0.774228 0.373145 0.774228 0.400000 0.753462 0.400000
0 0.739084 0.354771 0.756656 0.354771 0.756656 0.379505 0.739084 0.379505
0 0.711928 0.339929 0.727902 0.339929 0.727902 0.363251 0.711928 0.363251
0 0.691693 0.360425 0.710330 0.360425 0.710330 0.385159 0.691693 0.385159
0 0.677316 0.361131 0.694356 0.361131 0.694356 0.385865 0.677316 0.385865
0 0.692226 0.430389 0.711928 0.430389 0.711928 0.459363 0.692226 0.459363
0 0.774760 0.484099 0.789138 0.484099 0.789138 0.503887 0.774760 0.503887
0 0.691160 0.493993 0.709797 0.493993 0.709797 0.522968 0.691160 0.522968
0 0.710862 0.614841 0.727370 0.614841 0.727370 0.637456 0.710862 0.637456
0 0.979765 0.627562 0.996804 0.627562 0.996804 0.651590 0.979765 0.651590
0 0.858892 0.627562 0.875931 0.627562 0.875931 0.653004 0.858892 0.653004
0 0.832269 0.631095 0.848243 0.631095 0.848243 0.653710 0.832269 0.653710
0 0.811501 0.619788 0.828009 0.619788 0.828009 0.646644 0.811501 0.646644
0 0.895633 0.665018 0.914802 0.665018 0.914802 0.686219 0.895633 0.686219
0 0.875399 0.689752 0.889777 0.689752 0.889777 0.708128 0.875399 0.708128
0 0.898829 0.702474 0.916933 0.702474 0.916933 0.724382 0.898829 0.724382
0 0.823217 0.711661 0.840256 0.711661 0.840256 0.733569 0.823217 0.733569
0 0.882321 0.732155 0.896167 0.732155 0.896167 0.749116 0.882321 0.749116
0 0.842386 0.755477 0.858360 0.755477 0.858360 0.779505 0.842386 0.779505
0 0.846645 0.782332 0.862087 0.782332 0.862087 0.804240 0.846645 0.804240
0 0.865282 0.763251 0.883919 0.763251 0.883919 0.789399 0.865282 0.789399
0 0.898296 0.754063 0.913206 0.754063 0.913206 0.773144 0.898296 0.773144
0 0.929180 0.766077 0.949947 0.766077 0.949947 0.788693 0.929180 0.788693
0 0.933440 0.794346 0.946752 0.794346 0.946752 0.812721 0.933440 0.812721
0 0.911075 0.837456 0.927582 0.837456 0.927582 0.863604 0.911075 0.863604
0 0.960064 0.808480 0.974974 0.808480 0.974974 0.831095 0.960064 0.831095
0 0.944622 0.836042 0.957934 0.836042 0.957934 0.863604 0.944622 0.863604
0 0.961661 0.891873 0.980298 0.891873 0.980298 0.919435 0.961661 0.919435
0 0.974973 0.983039 0.988819 0.983039 0.988819 0.999293 0.974973 0.999293
0 0.946752 0.952650 0.961662 0.952650 0.961662 0.974558 0.946752 0.974558
0 0.929712 0.920848 0.944622 0.920848 0.944622 0.942049 0.929712 0.942049
0 0.879127 0.865724 0.897231 0.865724 0.897231 0.893286 0.879127 0.893286
0 0.912140 0.811307 0.922790 0.811307 0.922790 0.828975 0.912140 0.828975
0 0.862620 0.863604 0.875932 0.863604 0.875932 0.886220 0.862620 0.886220
0 0.781150 0.848056 0.796592 0.848056 0.796592 0.872791 0.781150 0.872791
0 0.748136 0.870672 0.767305 0.870672 0.767305 0.899647 0.748136 0.899647
0 0.782748 0.944170 0.802450 0.944170 0.802450 0.970318 0.782748 0.970318
0 0.757189 0.958303 0.780085 0.958303 0.780085 0.988692 0.757189 0.988692
0 0.694889 0.940636 0.714058 0.940636 0.714058 0.966784 0.694889 0.966784
0 0.638977 0.645230 0.659744 0.645230 0.659744 0.672792 0.638977 0.672792
0 0.648562 0.684099 0.662408 0.684099 0.662408 0.710247 0.648562 0.710247
0 0.708201 0.652297 0.726838 0.652297 0.726838 0.679859 0.708201 0.679859
0 0.626730 0.758303 0.643238 0.758303 0.643238 0.785158 0.626730 0.785158
0 0.620341 0.819081 0.635251 0.819081 0.635251 0.843109 0.620341 0.843109
0 0.634185 0.848056 0.653887 0.848056 0.653887 0.873498 0.634185 0.873498
0 0.652822 0.932862 0.674121 0.932862 0.674121 0.956184 0.652822 0.956184
0 0.660277 0.976679 0.680511 0.976679 0.680511 0.998587 0.660277 0.998587
0 0.642173 0.958305 0.655485 0.958305 0.655485 0.997174 0.642173 0.997174
0 0.580404 0.952650 0.594250 0.952650 0.594250 0.973851 0.580404 0.973851
0 0.589457 0.839576 0.598509 0.839576 0.598509 0.863604 0.589457 0.863604
0 0.595314 0.342050 0.611822 0.342050 0.611822 0.368904 0.595314 0.368904
0 0.587859 0.383039 0.606496 0.383039 0.606496 0.408481 0.587859 0.408481
0 0.600106 0.405654 0.616614 0.405654 0.616614 0.432508 0.600106 0.432508
0 0.491480 0.394346 0.510649 0.394346 0.510649 0.418374 0.491480 0.418374
0 0.479233 0.407774 0.498402 0.407774 0.498402 0.431802 0.479233 0.431802
0 0.522365 0.500354 0.543663 0.500354 0.543663 0.521555 0.522365 0.521555
0 0.504260 0.468551 0.524494 0.468551 0.524494 0.491167 0.504260 0.491167
0 0.495741 0.497527 0.514378 0.497527 0.514378 0.519435 0.495741 0.519435
0 0.485091 0.475618 0.503195 0.475618 0.503195 0.496114 0.485091 0.496114
0 0.706602 0.300354 0.720979 0.300354 0.720979 0.326502 0.706602 0.326502
0 0.655485 0.543463 0.674654 0.543463 0.674654 0.571025 0.655485 0.571025
0 0.649095 0.532862 0.662407 0.532862 0.662407 0.566078 0.649095 0.566078
0 0.593185 0.602827 0.611822 0.602827 0.611822 0.648763 0.593185 0.648763
0 0.616081 0.578798 0.631523 0.578798 0.631523 0.650883 0.616081 0.650883
0 0.649627 0.590107 0.664004 0.590107 0.664004 0.609187 0.649627 0.609187
0 0.726305 0.672085 0.742812 0.672085 0.742812 0.692580 0.726305 0.692580
0 0.561769 0.639575 0.578808 0.639575 0.578808 0.662191 0.561769 0.662191
0 0.537806 0.638870 0.554314 0.638870 0.554314 0.657950 0.537806 0.657950
0 0.553249 0.705300 0.571886 0.705300 0.571886 0.732156 0.553249 0.732156
0 0.528755 0.708835 0.545794 0.708835 0.545794 0.730036 0.528755 0.730036
0 0.506389 0.696113 0.522896 0.696113 0.522896 0.718728 0.506389 0.718728
0 0.505324 0.614135 0.524493 0.614135 0.524493 0.638869 0.505324 0.638869
0 0.555910 0.868551 0.572950 0.868551 0.572950 0.891166 0.555910 0.891166
0 0.558574 0.893993 0.577743 0.893993 0.577743 0.918728 0.558574 0.918728
0 0.526623 0.849469 0.540469 0.849469 0.540469 0.872085 0.526623 0.872085
0 0.509584 0.937809 0.528753 0.937809 0.528753 0.963957 0.509584 0.963957
0 0.504260 0.872792 0.517572 0.872792 0.517572 0.889046 0.504260 0.889046
0 0.515441 0.818374 0.531949 0.818374 0.531949 0.843816 0.515441 0.843816
0 0.453142 0.932156 0.473376 0.932156 0.473376 0.962545 0.453142 0.962545
0 0.469649 0.882685 0.487753 0.882685 0.487753 0.910955 0.469649 0.910955
0 0.408946 0.937102 0.430244 0.937102 0.430244 0.980212 0.408946 0.980212
0 0.420127 0.968198 0.433972 0.968198 0.433972 0.997880 0.420127 0.997880
0 0.393504 0.967491 0.408946 0.967491 0.408946 0.997173 0.393504 0.997173
0 0.359425 0.984452 0.376997 0.984452 0.376997 0.997880 0.359425 0.997880
0 0.366880 0.932862 0.384984 0.932862 0.384984 0.955477 0.366880 0.955477
0 0.383919 0.918728 0.400427 0.918728 0.400427 0.944170 0.383919 0.944170
0 0.494675 0.821202 0.511714 0.821202 0.511714 0.847350 0.494675 0.847350
0 0.481896 0.822615 0.500000 0.822615 0.500000 0.844523 0.481896 0.844523
0 0.461662 0.833922 0.478701 0.833922 0.478701 0.857950 0.461662 0.857950
0 0.443024 0.814134 0.458466 0.814134 0.458466 0.838869 0.443024 0.838869
0 0.424920 0.845936 0.443024 0.845936 0.443024 0.869258 0.424920 0.869258
0 0.411608 0.802121 0.431310 0.802121 0.431310 0.826855 0.411608 0.826855
0 0.461128 0.727208 0.479766 0.727208 0.479766 0.749823 0.461128 0.749823
0 0.356231 0.883392 0.366348 0.883392 0.366348 0.905300 0.356231 0.905300
0 0.247071 0.908834 0.264111 0.908834 0.264111 0.933569 0.247071 0.933569
0 0.260916 0.836043 0.281150 0.836043 0.281150 0.860071 0.260916 0.860071
0 0.280086 0.787279 0.301384 0.787279 0.301384 0.814841 0.280086 0.814841
0 0.259851 0.770317 0.279553 0.770317 0.279553 0.798587 0.259851 0.798587
0 0.389776 0.883393 0.402556 0.883393 0.402556 0.902473 0.389776 0.902473
0 0.434505 0.718728 0.452609 0.718728 0.452609 0.742050 0.434505 0.742050
0 0.436634 0.763957 0.453674 0.763957 0.453674 0.776678 0.436634 0.776678
0 0.373269 0.765371 0.390841 0.765371 0.390841 0.786573 0.373269 0.786573
0 0.395634 0.705300 0.416932 0.705300 0.416932 0.734275 0.395634 0.734275
0 0.451545 0.652297 0.472311 0.652297 0.472311 0.681979 0.451545 0.681979
0 0.390309 0.648056 0.408413 0.648056 0.408413 0.674911 0.390309 0.674911
0 0.356231 0.645937 0.370607 0.645937 0.370607 0.669965 0.356231 0.669965
0 0.273696 0.714487 0.289670 0.714487 0.289670 0.737809 0.273696 0.737809
0 0.264643 0.669965 0.282747 0.669965 0.282747 0.695407 0.264643 0.695407
0 0.259850 0.619788 0.276358 0.619788 0.276358 0.639576 0.259850 0.639576
0 0.252929 0.716608 0.268903 0.716608 0.268903 0.734276 0.252929 0.734276
0 0.230032 0.687632 0.248136 0.687632 0.248136 0.710954 0.230032 0.710954
0 0.225240 0.715194 0.242812 0.715194 0.242812 0.733569 0.225240 0.733569
0 0.226305 0.738515 0.244409 0.738515 0.244409 0.761131 0.226305 0.761131
0 0.219915 0.814134 0.240681 0.814134 0.240681 0.839576 0.219915 0.839576
0 0.241214 0.815547 0.257188 0.815547 0.257188 0.838869 0.241214 0.838869
0 0.212993 0.858657 0.237487 0.858657 0.237487 0.889753 0.212993 0.889753
0 0.178914 0.874206 0.193823 0.874206 0.193823 0.893286 0.178914 0.893286
0 0.163471 0.835335 0.179978 0.835335 0.179978 0.858657 0.163471 0.858657
0 0.157082 0.856537 0.172524 0.856537 0.172524 0.879153 0.157082 0.879153
0 0.129925 0.679859 0.149627 0.679859 0.149627 0.706007 0.129925 0.706007
0 0.120873 0.656537 0.136847 0.656537 0.136847 0.679859 0.120873 0.679859
0 0.054846 0.737103 0.071885 0.737103 0.071885 0.761131 0.054846 0.761131
0 0.034079 0.745583 0.046859 0.745583 0.046859 0.769611 0.034079 0.769611
0 0.032481 0.775972 0.053249 0.775972 0.053249 0.803534 0.032481 0.803534
0 0.007455 0.745583 0.025027 0.745583 0.025027 0.772439 0.007455 0.772439
0 0.328008 0.881979 0.339724 0.881979 0.339724 0.901767 0.328008 0.901767
0 0.188499 0.975971 0.206603 0.975971 0.206603 0.998587 0.188499 0.998587
0 0.179979 0.945583 0.199681 0.945583 0.199681 0.968905 0.179979 0.968905
0 0.133121 0.949117 0.147497 0.949117 0.147497 0.968905 0.133121 0.968905
0 0.117679 0.957597 0.132055 0.957597 0.132055 0.978799 0.117679 0.978799
0 0.095847 0.956184 0.112885 0.956184 0.112885 0.978092 0.095847 0.978092
0 0.095314 0.926501 0.111288 0.926501 0.111288 0.947703 0.095314 0.947703
0 0.085729 0.858657 0.103301 0.858657 0.103301 0.886219 0.085729 0.886219
0 0.069223 0.840989 0.086262 0.840989 0.086262 0.864311 0.069223 0.864311
0 0.075080 0.912368 0.088392 0.912368 0.088392 0.938516 0.075080 0.938516
0 0.025027 0.955477 0.044729 0.955477 0.044729 0.981625 0.025027 0.981625
0 0.005325 0.897526 0.023429 0.897526 0.023429 0.925088 0.005325 0.925088
0 0.040468 0.697526 0.054845 0.697526 0.054845 0.725088 0.040468 0.725088
0 0.056443 0.619081 0.072417 0.619081 0.072417 0.643109 0.056443 0.643109
0 0.055910 0.691873 0.068690 0.691873 0.068690 0.713781 0.055910 0.713781
0 0.018104 0.691873 0.034612 0.691873 0.034612 0.714488 0.018104 0.714488
0 0.067626 0.505301 0.084132 0.505301 0.084132 0.530035 0.067626 0.530035
0 0.037806 0.492580 0.052716 0.492580 0.052716 0.519435 0.037806 0.519435
0 0.104899 0.518728 0.125133 0.518728 0.125133 0.540636 0.104899 0.540636
0 0.101704 0.494699 0.117678 0.494699 0.117678 0.520141 0.101704 0.520141
0 0.141640 0.491167 0.163472 0.491167 0.163472 0.518022 0.141640 0.518022
0 0.209265 0.562545 0.227369 0.562545 0.227369 0.589400 0.209265 0.589400
0 0.242812 0.546997 0.261449 0.546997 0.261449 0.573145 0.242812 0.573145
0 0.232695 0.536396 0.247071 0.536396 0.247071 0.555476 0.232695 0.555476
0 0.222044 0.497527 0.239084 0.497527 0.239084 0.521555 0.222044 0.521555
0 0.226305 0.471378 0.243877 0.471378 0.243877 0.492580 0.226305 0.492580
0 0.206603 0.466431 0.224707 0.466431 0.224707 0.493993 0.206603 0.493993
0 0.200213 0.497526 0.222045 0.497526 0.222045 0.520142 0.200213 0.520142
0 0.288072 0.592226 0.304580 0.592226 0.304580 0.613428 0.288072 0.613428
0 0.339724 0.569612 0.354632 0.569612 0.354632 0.590106 0.339724 0.590106
0 0.328009 0.554770 0.342386 0.554770 0.342386 0.582332 0.328009 0.582332
0 0.275292 0.508833 0.293930 0.508833 0.293930 0.531448 0.275292 0.531448
0 0.126730 0.539929 0.141640 0.539929 0.141640 0.562545 0.126730 0.562545
0 0.043663 0.424028 0.064431 0.424028 0.064431 0.455830 0.043663 0.455830
0 0.132055 0.463604 0.150693 0.463604 0.150693 0.486220 0.132055 0.486220
0 0.093185 0.473498 0.108094 0.473498 0.108094 0.493286 0.093185 0.493286
0 0.121405 0.431802 0.142172 0.431802 0.142172 0.455830 0.121405 0.455830
0 0.075079 0.414841 0.087327 0.414841 0.087327 0.438163 0.075079 0.438163
0 0.184238 0.444523 0.200745 0.444523 0.200745 0.468551 0.184238 0.468551
0 0.225773 0.428268 0.240149 0.428268 0.240149 0.451590 0.225773 0.451590
0 0.133120 0.392933 0.150160 0.392933 0.150160 0.414841 0.133120 0.414841
0 0.115016 0.387279 0.125666 0.387279 0.125666 0.407775 0.115016 0.407775
0 0.008519 0.368198 0.025558 0.368198 0.025558 0.392932 0.008519 0.392932
0 0.266240 0.472085 0.282748 0.472085 0.282748 0.491873 0.266240 0.491873
0 0.284345 0.448763 0.300853 0.448763 0.300853 0.474205 0.284345 0.474205
0 0.307774 0.445936 0.323216 0.445936 0.323216 0.469258 0.307774 0.469258
0 0.267306 0.429682 0.282214 0.429682 0.282214 0.453004 0.267306 0.453004
0 0.266773 0.390106 0.283813 0.390106 0.283813 0.413428 0.266773 0.413428
0 0.337061 0.410600 0.354633 0.410600 0.354633 0.433216 0.337061 0.433216
0 0.361556 0.430389 0.376464 0.430389 0.376464 0.449470 0.361556 0.449470
0 0.341853 0.478445 0.361022 0.478445 0.361022 0.508127 0.341853 0.508127
0 0.371139 0.477032 0.387647 0.477032 0.387647 0.503180 0.371139 0.503180
0 0.372737 0.582332 0.390309 0.582332 0.390309 0.605654 0.372737 0.605654
0 0.426518 0.609187 0.442492 0.609187 0.442492 0.634629 0.426518 0.634629
0 0.480298 0.591519 0.497870 0.591519 0.497870 0.614135 0.480298 0.614135
0 0.506390 0.563250 0.524494 0.563250 0.524494 0.587985 0.506390 0.587985
0 0.447284 0.612015 0.464324 0.612015 0.464324 0.636749 0.447284 0.636749
0 0.435038 0.562544 0.449414 0.562544 0.449414 0.582332 0.435038 0.582332
0 0.462194 0.531448 0.478168 0.531448 0.478168 0.549824 0.462194 0.549824
0 0.337593 0.622615 0.355165 0.622615 0.355165 0.684099 0.337593 0.684099
0 0.405218 0.529328 0.416400 0.529328 0.416400 0.550530 0.405218 0.550530
0 0.456869 0.385159 0.474441 0.385159 0.474441 0.411307 0.456869 0.411307
0 0.464324 0.469258 0.482428 0.469258 0.482428 0.495406 0.464324 0.495406
0 0.433439 0.469257 0.465388 0.469257 0.465388 0.489753 0.433439 0.489753
0 0.404686 0.431095 0.422790 0.431095 0.422790 0.451591 0.404686 0.451591
0 0.410544 0.407067 0.424920 0.407067 0.424920 0.440283 0.410544 0.440283
0 0.446752 0.354770 0.462726 0.354770 0.462726 0.375266 0.446752 0.375266
0 0.426518 0.348410 0.441426 0.348410 0.441426 0.366078 0.426518 0.366078
0 0.403089 0.311661 0.417997 0.311661 0.417997 0.351237 0.403089 0.351237
0 0.404153 0.351237 0.420661 0.351237 0.420661 0.384453 0.404153 0.384453
0 0.393504 0.354063 0.405751 0.354063 0.405751 0.379505 0.393504 0.379505
0 0.367413 0.339223 0.388180 0.339223 0.388180 0.366785 0.367413 0.366785
0 0.354633 0.350530 0.370607 0.350530 0.370607 0.372438 0.354633 0.372438
0 0.339191 0.322261 0.352503 0.322261 0.352503 0.360425 0.339191 0.360425
0 0.277955 0.374559 0.302449 0.374559 0.302449 0.389400 0.277955 0.389400
0 0.253993 0.361131 0.274760 0.361131 0.274760 0.380919 0.253993 0.380919
0 0.227370 0.363251 0.243876 0.363251 0.243876 0.373852 0.227370 0.373852
0 0.205538 0.365372 0.220980 0.365372 0.220980 0.376678 0.205538 0.376678
0 0.514376 0.775265 0.528753 0.775265 0.528753 0.795053 0.514376 0.795053
0 0.556975 0.759011 0.571353 0.759011 0.571353 0.778091 0.556975 0.778091
0 0.505325 0.657951 0.521299 0.657951 0.521299 0.672085 0.505325 0.672085
0 0.501065 0.679859 0.516507 0.679859 0.516507 0.699647 0.501065 0.699647
0 0.507987 0.139929 0.517039 0.139929 0.517039 0.151943 0.507987 0.151943
1 0.005857 0.476324 0.020767 0.476324 0.020767 0.494700 0.005857 0.494700
1 0.023961 0.312367 0.035676 0.312367 0.035676 0.330742 0.023961 0.330742
1 0.215655 0.151237 0.228967 0.151237 0.228967 0.171025 0.215655 0.171025
1 0.212460 0.142757 0.222577 0.142757 0.222577 0.163251 0.212460 0.163251
