0 0.806640 0.226562 0.863281 0.226562 0.863281 0.269531 0.806640 0.269531
0 0.800782 0.128906 0.892578 0.128906 0.892578 0.195312 0.800782 0.195312
0 0.699218 0.087890 0.746093 0.087890 0.746093 0.142578 0.699218 0.142578
0 0.939453 0.013672 0.998047 0.013672 0.998047 0.078124 0.939453 0.078124
0 0.673829 0.031249 0.720704 0.031249 0.720704 0.087890 0.673829 0.087890
1 0.201172 0.029296 0.220703 0.029296 0.220703 0.058593 0.201172 0.058593
1 0.000000 0.054687 0.023438 0.054687 0.023438 0.085937 0.000000 0.085937
1 0.255859 0.214844 0.296875 0.214844 0.296875 0.259766 0.255859 0.259766
1 0.119140 0.236328 0.146484 0.236328 0.146484 0.265626 0.119140 0.265626
1 0.677735 0.248047 0.707031 0.248047 0.707031 0.275391 0.677735 0.275391
1 0.033203 0.318360 0.072265 0.318360 0.072265 0.365235 0.033203 0.365235
1 0.083984 0.328124 0.119140 0.328124 0.119140 0.374999 0.083984 0.374999
1 0.644531 0.423828 0.667969 0.423828 0.667969 0.457031 0.644531 0.457031
1 0.007813 0.443359 0.039063 0.443359 0.039063 0.474609 0.007813 0.474609
1 0.408203 0.445312 0.441406 0.445312 0.441406 0.501954 0.408203 0.501954
1 0.548828 0.470703 0.593750 0.470703 0.593750 0.523437 0.548828 0.523437
1 0.593750 0.498047 0.623046 0.498047 0.623046 0.529297 0.593750 0.529297
1 0.437500 0.494140 0.472656 0.494140 0.472656 0.548828 0.437500 0.548828
1 0.576172 0.521485 0.605468 0.521485 0.605468 0.550781 0.576172 0.550781
1 0.033203 0.541015 0.070312 0.541015 0.070312 0.587890 0.033203 0.587890
1 0.531250 0.591797 0.570312 0.591797 0.570312 0.626953 0.531250 0.626953
1 0.925781 0.640625 0.966797 0.640625 0.966797 0.675781 0.925781 0.675781
1 0.316406 0.640624 0.343750 0.640624 0.343750 0.683593 0.316406 0.683593
1 0.552735 0.734375 0.589844 0.734375 0.589844 0.767579 0.552735 0.767579
1 0.822265 0.837890 0.865235 0.837890 0.865235 0.878906 0.822265 0.878906
1 0.437499 0.958985 0.466797 0.958985 0.466797 0.998047 0.437499 0.998047
1 0.714844 0.966797 0.742188 0.966797 0.742188 0.998047 0.714844 0.998047
1 0.369140 0.000000 0.406250 0.000000 0.406250 0.033203 0.369140 0.033203
1 0.224609 0.001953 0.271485 0.001953 0.271485 0.037109 0.224609 0.037109
1 0.003906 0.003907 0.039062 0.003907 0.039062 0.054688 0.003906 0.054688
1 0.003906 0.105469 0.029297 0.105469 0.029297 0.148438 0.003906 0.148438
1 0.328126 0.130859 0.361328 0.130859 0.361328 0.181641 0.328126 0.181641
1 0.523438 0.138672 0.558594 0.138672 0.558594 0.177734 0.523438 0.177734
1 0.121094 0.156250 0.152344 0.156250 0.152344 0.212891 0.121094 0.212891
1 0.212891 0.171875 0.248047 0.171875 0.248047 0.218750 0.212891 0.218750
1 0.042969 0.171875 0.070313 0.171875 0.070313 0.226563 0.042969 0.226563
1 0.166016 0.189453 0.197266 0.189453 0.197266 0.240235 0.166016 0.240235
1 0.083984 0.199219 0.119140 0.199219 0.119140 0.242188 0.083984 0.242188
1 0.443360 0.228515 0.476562 0.228515 0.476562 0.275390 0.443360 0.275390
1 0.343749 0.234375 0.369141 0.234375 0.369141 0.279297 0.343749 0.279297
1 0.054688 0.242188 0.091797 0.242188 0.091797 0.285157 0.054688 0.285157
1 0.560547 0.253907 0.595703 0.253907 0.595703 0.291015 0.560547 0.291015
1 0.173828 0.261718 0.218750 0.261718 0.218750 0.298828 0.173828 0.298828
1 0.398438 0.263672 0.431640 0.263672 0.431640 0.302734 0.398438 0.302734
1 0.773437 0.267579 0.804687 0.267579 0.804687 0.304688 0.773437 0.304688
1 0.503906 0.273438 0.535156 0.273438 0.535156 0.320312 0.503906 0.320312
1 0.330078 0.285156 0.371094 0.285156 0.371094 0.328126 0.330078 0.328126
1 0.011719 0.292968 0.052735 0.292968 0.052735 0.335938 0.011719 0.335938
1 0.125000 0.294922 0.156250 0.294922 0.156250 0.343750 0.125000 0.343750
1 0.166016 0.316407 0.201172 0.316407 0.201172 0.349610 0.166016 0.349610
1 0.357422 0.326172 0.400391 0.326172 0.400391 0.371094 0.357422 0.371094
1 0.460938 0.330078 0.496094 0.330078 0.496094 0.371094 0.460938 0.371094
1 0.777344 0.345704 0.816406 0.345704 0.816406 0.382812 0.777344 0.382812
1 0.177734 0.353515 0.222656 0.353515 0.222656 0.394531 0.177734 0.394531
1 0.134766 0.355469 0.171875 0.355469 0.171875 0.394531 0.134766 0.394531
1 0.101563 0.388672 0.140625 0.388672 0.140625 0.417969 0.101563 0.417969
1 0.794921 0.386719 0.828125 0.386719 0.828125 0.421875 0.794921 0.421875
1 0.619140 0.388672 0.656250 0.388672 0.656250 0.425782 0.619140 0.425782
1 0.308594 0.390624 0.347656 0.390624 0.347656 0.433594 0.308594 0.433594
1 0.000000 0.392578 0.031250 0.392578 0.031250 0.433594 0.000000 0.433594
1 0.539062 0.412110 0.568359 0.412110 0.568359 0.462890 0.539062 0.462890
1 0.349609 0.425782 0.376953 0.425782 0.376953 0.462890 0.349609 0.462890
1 0.121094 0.431641 0.154297 0.431641 0.154297 0.466797 0.121094 0.466797
1 0.236328 0.441407 0.265626 0.441407 0.265626 0.478515 0.236328 0.478515
1 0.273437 0.439453 0.314453 0.439453 0.314453 0.484375 0.273437 0.484375
1 0.798828 0.451172 0.830078 0.451172 0.830078 0.484374 0.798828 0.484374
1 0.150391 0.445313 0.193359 0.445313 0.193359 0.498047 0.150391 0.498047
1 0.056641 0.470703 0.091797 0.470703 0.091797 0.511719 0.056641 0.511719
1 0.921875 0.476563 0.957031 0.476563 0.957031 0.515625 0.921875 0.515625
1 0.207031 0.476562 0.238281 0.476562 0.238281 0.521484 0.207031 0.521484
1 0.117188 0.480469 0.154297 0.480469 0.154297 0.521485 0.117188 0.521485
1 0.318359 0.478516 0.363281 0.478516 0.363281 0.531250 0.318359 0.531250
1 0.865234 0.484374 0.898438 0.484374 0.898438 0.527343 0.865234 0.527343
1 0.246093 0.490234 0.271485 0.490234 0.271485 0.531250 0.246093 0.531250
1 0.898438 0.513672 0.931641 0.513672 0.931641 0.562500 0.898438 0.562500
1 0.000000 0.529297 0.025390 0.529297 0.025390 0.566407 0.000000 0.566407
1 0.207031 0.525390 0.251953 0.525390 0.251953 0.572265 0.207031 0.572265
1 0.468751 0.531250 0.501954 0.531250 0.501954 0.564454 0.468751 0.564454
1 0.386719 0.544922 0.425781 0.544922 0.425781 0.585938 0.386719 0.585938
1 0.500000 0.550781 0.535156 0.550781 0.535156 0.589843 0.500000 0.589843
1 0.093751 0.562500 0.130860 0.562500 0.130860 0.601562 0.093751 0.601562
1 0.574219 0.572265 0.605469 0.572265 0.605469 0.605469 0.574219 0.605469
1 0.253906 0.572266 0.306640 0.572266 0.306640 0.611328 0.253906 0.611328
1 0.140625 0.578125 0.183593 0.578125 0.183593 0.611329 0.140625 0.611329
1 0.958984 0.611328 0.994140 0.611328 0.994140 0.652344 0.958984 0.652344
1 0.896485 0.619141 0.933594 0.619141 0.933594 0.654297 0.896485 0.654297
1 0.259766 0.628906 0.308594 0.628906 0.308594 0.669922 0.259766 0.669922
1 0.371093 0.634765 0.414062 0.634765 0.414062 0.681640 0.371093 0.681640
1 0.429687 0.648437 0.460937 0.648437 0.460937 0.679687 0.429687 0.679687
1 0.513671 0.662110 0.556640 0.662110 0.556640 0.699219 0.513671 0.699219
1 0.000000 0.671875 0.033203 0.671875 0.033203 0.707031 0.000000 0.707031
1 0.613281 0.681640 0.654297 0.681640 0.654297 0.707031 0.613281 0.707031
1 0.544922 0.699218 0.582032 0.699218 0.582032 0.736328 0.544922 0.736328
1 0.501953 0.718750 0.539062 0.718750 0.539062 0.757812 0.501953 0.757812
1 0.828125 0.720703 0.875000 0.720703 0.875000 0.763672 0.828125 0.763672
1 0.464844 0.728516 0.498047 0.728516 0.498047 0.767578 0.464844 0.767578
1 0.578125 0.763672 0.626953 0.763672 0.626953 0.808594 0.578125 0.808594
1 0.921875 0.771485 0.960937 0.771485 0.960937 0.822265 0.921875 0.822265
1 0.505860 0.779297 0.548829 0.779297 0.548829 0.810547 0.505860 0.810547
1 0.441406 0.781250 0.486328 0.781250 0.486328 0.822266 0.441406 0.822266
1 0.335938 0.802734 0.378907 0.802734 0.378907 0.851562 0.335938 0.851562
1 0.390625 0.814453 0.429687 0.814453 0.429687 0.853515 0.390625 0.853515
1 0.480468 0.824218 0.531249 0.824218 0.531249 0.857422 0.480468 0.857422
1 0.535156 0.833985 0.576172 0.833985 0.576172 0.871094 0.535156 0.871094
1 0.607422 0.867188 0.638672 0.867188 0.638672 0.910157 0.607422 0.910157
1 0.179687 0.875000 0.220703 0.875000 0.220703 0.919922 0.179687 0.919922
1 0.382812 0.888672 0.441406 0.888672 0.441406 0.923828 0.382812 0.923828
1 0.802734 0.890625 0.837890 0.890625 0.837890 0.939453 0.802734 0.939453
1 0.486328 0.900390 0.519532 0.900390 0.519532 0.943360 0.486328 0.943360
1 0.527344 0.912109 0.562500 0.912109 0.562500 0.953125 0.527344 0.953125
1 0.632812 0.906250 0.675782 0.906250 0.675782 0.962890 0.632812 0.962890
1 0.890625 0.916015 0.921875 0.916015 0.921875 0.970703 0.890625 0.970703
1 0.685547 0.923828 0.724609 0.923828 0.724609 0.962890 0.685547 0.962890
1 0.853515 0.927735 0.886719 0.927735 0.886719 0.980469 0.853515 0.980469
1 0.251953 0.939453 0.294923 0.939453 0.294923 0.988281 0.251953 0.988281
1 0.593750 0.943360 0.625000 0.943360 0.625000 0.986329 0.593750 0.986329
1 0.541016 0.953125 0.580078 0.953125 0.580078 0.988281 0.541016 0.988281
1 0.792969 0.953125 0.832031 0.953125 0.832031 1.000000 0.792969 1.000000
1 0.494141 0.968750 0.525391 0.968750 0.525391 0.998046 0.494141 0.998046
1 0.919922 0.398438 0.970703 0.398438 0.970703 0.427735 0.919922 0.427735
1 0.830078 0.320312 0.863282 0.320312 0.863282 0.353515 0.830078 0.353515
1 0.382812 0.757813 0.416015 0.757813 0.416015 0.796875 0.382812 0.796875
1 0.101563 0.792969 0.150391 0.792969 0.150391 0.853515 0.101563 0.853515
1 0.736328 0.896484 0.771484 0.896484 0.771484 0.941406 0.736328 0.941406
1 0.408203 0.689453 0.447265 0.689453 0.447265 0.726562 0.408203 0.726562
1 0.433594 0.681641 0.466797 0.681641 0.466797 0.716797 0.433594 0.716797
1 0.875000 0.367188 0.910156 0.367188 0.910156 0.396485 0.875000 0.396485
1 0.205078 0.433594 0.240234 0.433594 0.240234 0.468750 0.205078 0.468750
1 0.361328 0.050781 0.392578 0.050781 0.392578 0.105469 0.361328 0.105469
1 0.187500 0.921875 0.228516 0.921875 0.228516 0.955079 0.187500 0.955079
