0 0.170712 0.135870 0.198220 0.135870 0.198220 0.179348 0.170712 0.179348
0 0.177185 0.067935 0.205502 0.067935 0.205502 0.111413 0.177185 0.111413
0 0.245955 0.048913 0.271845 0.048913 0.271845 0.096015 0.245955 0.096015
0 0.273462 0.089674 0.298544 0.089674 0.298544 0.128624 0.273462 0.128624
0 0.202265 0.363225 0.241909 0.363225 0.241909 0.396739 0.202265 0.396739
0 0.214401 0.384057 0.244336 0.384057 0.244336 0.424819 0.214401 0.424819
0 0.322006 0.398550 0.344660 0.398550 0.344660 0.430254 0.322006 0.430254
0 0.443365 0.229167 0.466828 0.229167 0.466828 0.264493 0.443365 0.264493
0 0.415858 0.324275 0.444984 0.324275 0.444984 0.355072 0.415858 0.355072
0 0.416666 0.355073 0.440130 0.355073 0.440130 0.394022 0.416666 0.394022
0 0.392394 0.385870 0.414239 0.385870 0.414239 0.410326 0.392394 0.410326
0 0.343851 0.360507 0.378641 0.360507 0.378641 0.401269 0.343851 0.401269
0 0.256473 0.423913 0.288835 0.423913 0.288835 0.451087 0.256473 0.451087
0 0.487864 0.121377 0.503236 0.121377 0.503236 0.156703 0.487864 0.156703
0 0.461974 0.005434 0.496764 0.005434 0.496764 0.037138 0.461974 0.037138
0 0.468446 0.191124 0.489482 0.191124 0.489482 0.230978 0.468446 0.230978
0 0.265372 0.017209 0.296116 0.017209 0.296116 0.058876 0.265372 0.058876
0 0.301779 0.075181 0.316342 0.075181 0.316342 0.105072 0.301779 0.105072
0 0.245146 0.224638 0.271036 0.224638 0.271036 0.243660 0.245146 0.243660
0 0.025891 0.002717 0.054207 0.002717 0.054207 0.038949 0.025891 0.038949
0 0.843851 0.966486 0.860032 0.966486 0.860032 1.000000 0.843851 1.000000
0 0.507282 0.136775 0.523463 0.136775 0.523463 0.154891 0.507282 0.154891
0 0.423139 0.305254 0.444175 0.305254 0.444175 0.321558 0.423139 0.321558
0 0.344660 0.524456 0.362459 0.524456 0.362459 0.545290 0.344660 0.545290
0 0.386732 0.669384 0.405340 0.669384 0.405340 0.696558 0.386732 0.696558
0 0.431229 0.700182 0.449028 0.700182 0.449028 0.730978 0.431229 0.730978
0 0.381877 0.727355 0.404531 0.727355 0.404531 0.748189 0.381877 0.748189
0 0.403721 0.560689 0.424757 0.560689 0.424757 0.602355 0.403721 0.602355
0 0.495955 0.250001 0.524272 0.250001 0.524272 0.270834 0.495955 0.270834
0 0.478155 0.271739 0.504045 0.271739 0.504045 0.289855 0.478155 0.289855
0 0.979774 0.806159 0.997572 0.806159 0.997572 0.829711 0.979774 0.829711
0 0.978964 0.045289 1.000000 0.045289 1.000000 0.085144 0.978964 0.085144
0 0.608414 0.645833 0.624595 0.645833 0.624595 0.674819 0.608414 0.674819
0 0.610842 0.895834 0.627832 0.895834 0.627832 0.920291 0.610842 0.920291
0 0.642395 0.930253 0.656149 0.930253 0.656149 0.953805 0.642395 0.953805
0 0.562298 0.855073 0.577670 0.855073 0.577670 0.879529 0.562298 0.879529
0 0.502427 0.838768 0.519417 0.838768 0.519417 0.867754 0.502427 0.867754
0 0.422330 0.678442 0.442557 0.678442 0.442557 0.693840 0.422330 0.693840
0 0.935275 0.917573 0.949029 0.917573 0.949029 0.931160 0.935275 0.931160
0 0.818770 0.980073 0.830906 0.980073 0.830906 0.996377 0.818770 0.996377
0 0.898058 0.419384 0.910194 0.419384 0.910194 0.459239 0.898058 0.459239
0 0.156957 0.428441 0.178803 0.428441 0.178803 0.451087 0.156957 0.451087
0 0.149676 0.410326 0.167475 0.410326 0.167475 0.429348 0.149676 0.429348
0 0.063917 0.000906 0.095469 0.000906 0.095469 0.032608 0.063917 0.032608
0 0.091424 0.177537 0.108414 0.177537 0.108414 0.192936 0.091424 0.192936
0 0.123787 0.062499 0.157768 0.062499 0.157768 0.104167 0.123787 0.104167
0 0.118124 0.131341 0.146441 0.131341 0.146441 0.173913 0.118124 0.173913
0 0.119741 0.183876 0.152103 0.183876 0.152103 0.224637 0.119741 0.224637
0 0.160194 0.200181 0.186084 0.200181 0.186084 0.234601 0.160194 0.234601
0 0.224111 0.256340 0.267800 0.256340 0.267800 0.278985 0.224111 0.278985
0 0.262135 0.269021 0.288834 0.269021 0.288834 0.307065 0.262135 0.307065
0 0.216020 0.125906 0.245146 0.125906 0.245146 0.165760 0.216020 0.165760
0 0.170712 0.005435 0.210356 0.005435 0.210356 0.046196 0.170712 0.046196
0 0.496764 0.013587 0.516181 0.013587 0.516181 0.048913 0.496764 0.048913
0 0.926375 0.833333 0.950647 0.833333 0.950647 0.863225 0.926375 0.863225
0 0.503236 0.177536 0.526699 0.177536 0.526699 0.200182 0.503236 0.200182
0 0.075242 0.229167 0.115696 0.229167 0.115696 0.245471 0.075242 0.245471
0 0.891586 0.942935 0.901294 0.942935 0.901294 0.961957 0.891586 0.961957
0 0.898867 0.969204 0.913431 0.969204 0.913431 0.999094 0.898867 0.999094
0 0.606796 0.809783 0.627832 0.809783 0.627832 0.835145 0.606796 0.835145
0 0.349514 0.659420 0.385113 0.659420 0.385113 0.697464 0.349514 0.697464
0 0.873787 0.866848 0.897250 0.866848 0.897250 0.901268 0.873787 0.901268
0 0.213593 0.219202 0.243528 0.219202 0.243528 0.234601 0.213593 0.234601
0 0.187702 0.626812 0.244336 0.626812 0.244336 0.653080 0.187702 0.653080
0 0.803398 0.884963 0.825242 0.884963 0.825242 0.908515 0.803398 0.908515
0 0.245146 0.701993 0.269418 0.701993 0.269418 0.717391 0.245146 0.717391
0 0.254045 0.746377 0.271035 0.746377 0.271035 0.762681 0.254045 0.762681
0 0.338188 0.778080 0.365696 0.778080 0.365696 0.794384 0.338188 0.794384
0 0.076860 0.182065 0.091423 0.182065 0.091423 0.198369 0.076860 0.198369
0 0.899676 0.923913 0.909385 0.923913 0.909385 0.950181 0.899676 0.950181
0 0.799353 0.862319 0.815534 0.862319 0.815534 0.888587 0.799353 0.888587
0 0.774272 0.870471 0.788026 0.870471 0.788026 0.897645 0.774272 0.897645
0 0.783172 0.858696 0.796117 0.858696 0.796117 0.884058 0.783172 0.884058
0 0.472492 0.400362 0.487864 0.400362 0.487864 0.428442 0.472492 0.428442
0 0.664239 0.587862 0.676375 0.587862 0.676375 0.615036 0.664239 0.615036
0 0.671521 0.642209 0.686893 0.642209 0.686893 0.666666 0.671521 0.666666
0 0.295308 0.685688 0.336570 0.685688 0.336570 0.712862 0.295308 0.712862
0 0.966828 0.958333 0.976537 0.958333 0.976537 0.987319 0.966828 0.987319
0 0.475728 0.288043 0.502428 0.288043 0.502428 0.307971 0.475728 0.307971
1 0.631877 0.572464 0.648058 0.572464 0.648058 0.591486 0.631877 0.591486
1 0.777508 0.545290 0.791262 0.545290 0.791262 0.561594 0.777508 0.561594
1 0.738673 0.558877 0.754045 0.558877 0.754045 0.577899 0.738673 0.577899
1 0.739482 0.584239 0.754046 0.584239 0.754046 0.601449 0.739482 0.601449
1 0.816343 0.505435 0.832525 0.505435 0.832525 0.520833 0.816343 0.520833
1 0.727346 0.621377 0.741100 0.621377 0.741100 0.638587 0.727346 0.638587
1 0.764563 0.650362 0.780744 0.650362 0.780744 0.663949 0.764563 0.663949
1 0.532362 0.605073 0.546926 0.605073 0.546926 0.621377 0.532362 0.621377
1 0.574434 0.568840 0.589806 0.568840 0.589806 0.589674 0.574434 0.589674
1 0.488673 0.594202 0.503236 0.594202 0.503236 0.617754 0.488673 0.617754
1 0.528317 0.521740 0.544498 0.521740 0.544498 0.543478 0.528317 0.543478
1 0.671521 0.401268 0.690939 0.401268 0.690939 0.417572 0.671521 0.417572
1 0.690129 0.384058 0.702265 0.384058 0.702265 0.396740 0.690129 0.396740
1 0.679611 0.451087 0.694175 0.451087 0.694175 0.466486 0.679611 0.466486
1 0.834143 0.441122 0.847087 0.441122 0.847087 0.456522 0.834143 0.456522
1 0.834142 0.462862 0.849514 0.462862 0.849514 0.479166 0.834142 0.479166
1 0.684466 0.562500 0.696602 0.562500 0.696602 0.582428 0.684466 0.582428
1 0.682039 0.541667 0.695793 0.541667 0.695793 0.557065 0.682039 0.557065
1 0.676375 0.492754 0.690129 0.492754 0.690129 0.509058 0.676375 0.509058
1 0.534790 0.451087 0.550162 0.451087 0.550162 0.470109 0.534790 0.470109
1 0.568770 0.431159 0.585760 0.431159 0.585760 0.446559 0.568770 0.446559
1 0.586570 0.510869 0.601942 0.510869 0.601942 0.530797 0.586570 0.530797
1 0.574434 0.556160 0.592232 0.556160 0.592232 0.569747 0.574434 0.569747
1 0.686084 0.621376 0.701456 0.621376 0.701456 0.636775 0.686084 0.636775
1 0.655340 0.646738 0.667476 0.646738 0.667476 0.670290 0.655340 0.670290
1 0.647249 0.444746 0.657767 0.444746 0.657767 0.462862 0.647249 0.462862
1 0.622169 0.544384 0.635113 0.544384 0.635113 0.559782 0.622169 0.559782
1 0.606796 0.446558 0.619741 0.446558 0.619741 0.466486 0.606796 0.466486
1 0.616505 0.432065 0.627832 0.432065 0.627832 0.444747 0.616505 0.444747
1 0.588997 0.670289 0.598706 0.670289 0.598706 0.683876 0.588997 0.683876
1 0.498381 0.693840 0.512945 0.693840 0.512945 0.708334 0.498381 0.708334
1 0.680421 0.468298 0.694175 0.468298 0.694175 0.480073 0.680421 0.480073
1 0.449838 0.415760 0.467637 0.415760 0.467637 0.431160 0.449838 0.431160
1 0.430420 0.437500 0.448219 0.437500 0.448219 0.453804 0.430420 0.453804
1 0.433657 0.475543 0.459547 0.475543 0.459547 0.490943 0.433657 0.490943
1 0.459547 0.507246 0.471683 0.507246 0.471683 0.526268 0.459547 0.526268
1 0.448220 0.528986 0.461974 0.528986 0.461974 0.545290 0.448220 0.545290
1 0.420712 0.616847 0.436084 0.616847 0.436084 0.631341 0.420712 0.631341
1 0.412621 0.634058 0.424757 0.634058 0.424757 0.652174 0.412621 0.652174
1 0.029126 0.838768 0.046925 0.838768 0.046925 0.855978 0.029126 0.855978
1 0.047734 0.828805 0.071197 0.828805 0.071197 0.853262 0.047734 0.853262
1 0.088188 0.869565 0.105178 0.869565 0.105178 0.892211 0.088188 0.892211
1 0.112460 0.863224 0.128640 0.863224 0.128640 0.877718 0.112460 0.877718
1 0.127832 0.841485 0.144822 0.841485 0.144822 0.856884 0.127832 0.856884
1 0.150485 0.831522 0.169903 0.831522 0.169903 0.847826 0.150485 0.847826
1 0.148867 0.870471 0.168285 0.870471 0.168285 0.887681 0.148867 0.887681
1 0.200647 0.823369 0.216019 0.823369 0.216019 0.846921 0.200647 0.846921
1 0.182848 0.872283 0.199029 0.872283 0.199029 0.888587 0.182848 0.888587
1 0.203883 0.870470 0.224110 0.870470 0.224110 0.884964 0.203883 0.884964
1 0.228156 0.873188 0.241100 0.873188 0.241100 0.890398 0.228156 0.890398
1 0.046926 0.855073 0.064725 0.855073 0.064725 0.871377 0.046926 0.871377
1 0.071197 0.853261 0.086569 0.853261 0.086569 0.870471 0.071197 0.870471
1 0.209546 0.942029 0.224109 0.942029 0.224109 0.962863 0.209546 0.962863
1 0.240291 0.960145 0.258091 0.960145 0.258091 0.976449 0.240291 0.976449
1 0.265372 0.971015 0.280744 0.971015 0.280744 0.986413 0.265372 0.986413
1 0.038836 0.775362 0.056634 0.775362 0.056634 0.792572 0.038836 0.792572
1 0.061488 0.785326 0.074433 0.785326 0.074433 0.805254 0.061488 0.805254
1 0.220874 0.761775 0.235436 0.761775 0.235436 0.782609 0.220874 0.782609
1 0.248382 0.761775 0.260518 0.761775 0.260518 0.779891 0.248382 0.779891
1 0.264563 0.776267 0.281553 0.776267 0.281553 0.790761 0.264563 0.790761
1 0.330906 0.701993 0.344660 0.701993 0.344660 0.720109 0.330906 0.720109
1 0.292880 0.031703 0.306634 0.031703 0.306634 0.048913 0.292880 0.048913
1 0.161003 0.554348 0.175566 0.554348 0.175566 0.570652 0.161003 0.570652
1 0.122978 0.586957 0.137541 0.586957 0.137541 0.604167 0.122978 0.604167
1 0.144822 0.586050 0.161003 0.586050 0.161003 0.605978 0.144822 0.605978
1 0.150486 0.613225 0.165858 0.613225 0.165858 0.631341 0.150486 0.631341
1 0.203884 0.562500 0.219256 0.562500 0.219256 0.578804 0.203884 0.578804
1 0.190130 0.580616 0.204692 0.580616 0.204692 0.597826 0.190130 0.597826
1 0.197411 0.600544 0.213592 0.600544 0.213592 0.616848 0.197411 0.616848
1 0.156148 0.571558 0.169093 0.571558 0.169093 0.589674 0.156148 0.589674
1 0.304208 0.423913 0.320389 0.423913 0.320389 0.442029 0.304208 0.442029
1 0.604368 0.019928 0.617313 0.019928 0.617313 0.037138 0.604368 0.037138
1 0.616505 0.031703 0.628641 0.031703 0.628641 0.050725 0.616505 0.050725
1 0.625405 0.097825 0.638350 0.097825 0.638350 0.113224 0.625405 0.113224
1 0.597896 0.128623 0.610032 0.128623 0.610032 0.145833 0.597896 0.145833
1 0.621359 0.171195 0.635923 0.171195 0.635923 0.191123 0.621359 0.191123
1 0.694984 0.025362 0.708738 0.025362 0.708738 0.042572 0.694984 0.042572
1 0.757282 0.046196 0.775890 0.046196 0.775890 0.062500 0.757282 0.062500
1 0.864887 0.108696 0.881068 0.108696 0.881068 0.125906 0.864887 0.125906
1 0.860841 0.143116 0.874595 0.143116 0.874595 0.158515 0.860841 0.158515
1 0.689320 0.218297 0.703074 0.218297 0.703074 0.236413 0.689320 0.236413
1 0.684466 0.239131 0.696602 0.239131 0.696602 0.255435 0.684466 0.255435
1 0.432848 0.282609 0.448220 0.282609 0.448220 0.298913 0.432848 0.298913
1 0.454692 0.300725 0.472492 0.300725 0.472492 0.315217 0.454692 0.315217
1 0.500809 0.233696 0.515373 0.233696 0.515373 0.250000 0.500809 0.250000
1 0.544498 0.342392 0.565534 0.342392 0.565534 0.356884 0.544498 0.356884
1 0.555826 0.355979 0.573624 0.355979 0.573624 0.367754 0.555826 0.367754
1 0.580906 0.300725 0.594660 0.300725 0.594660 0.318841 0.580906 0.318841
1 0.571197 0.314312 0.584951 0.314312 0.584951 0.331522 0.571197 0.331522
1 0.584142 0.260869 0.599514 0.260869 0.599514 0.273551 0.584142 0.273551
1 0.615696 0.256341 0.631068 0.256341 0.631068 0.274457 0.615696 0.274457
1 0.797735 0.933877 0.814725 0.933877 0.814725 0.950181 0.797735 0.950181
1 0.800971 0.956522 0.813916 0.956522 0.813916 0.974638 0.800971 0.974638
1 0.956311 0.769927 0.970065 0.769927 0.970065 0.790761 0.956311 0.790761
1 0.951456 0.657609 0.965210 0.657609 0.965210 0.673913 0.951456 0.673913
1 0.912621 0.644022 0.927185 0.644022 0.927185 0.663044 0.912621 0.663044
1 0.834952 0.629529 0.850324 0.629529 0.850324 0.650363 0.834952 0.650363
1 0.827669 0.677536 0.842233 0.677536 0.842233 0.693840 0.827669 0.693840
1 0.880260 0.796196 0.898058 0.796196 0.898058 0.812500 0.880260 0.812500
1 0.684466 0.946558 0.699030 0.946558 0.699030 0.961956 0.684466 0.961956
1 0.703884 0.923007 0.720874 0.923007 0.720874 0.940217 0.703884 0.940217
1 0.711165 0.898551 0.725728 0.898551 0.725728 0.917573 0.711165 0.917573
1 0.732201 0.883152 0.745955 0.883152 0.745955 0.903985 0.732201 0.903985
1 0.688511 0.888587 0.700647 0.888587 0.700647 0.907609 0.688511 0.907609
1 0.681230 0.814312 0.699028 0.814312 0.699028 0.830616 0.681230 0.830616
1 0.685275 0.778985 0.699839 0.778985 0.699839 0.794384 0.685275 0.794384
1 0.686893 0.761776 0.701457 0.761776 0.701457 0.777174 0.686893 0.777174
1 0.706310 0.797101 0.717638 0.797101 0.717638 0.815217 0.706310 0.815217
1 0.733009 0.657609 0.744337 0.657609 0.744337 0.676631 0.733009 0.676631
1 0.732200 0.697464 0.746764 0.697464 0.746764 0.715580 0.732200 0.715580
1 0.734628 0.724638 0.750000 0.724638 0.750000 0.742754 0.734628 0.742754
1 0.710356 0.831522 0.719256 0.831522 0.719256 0.847826 0.710356 0.847826
1 0.916667 0.566123 0.929612 0.566123 0.929612 0.585145 0.916667 0.585145
1 0.905340 0.576993 0.919094 0.576993 0.919094 0.596015 0.905340 0.596015
1 0.893203 0.537138 0.904531 0.537138 0.904531 0.556160 0.893203 0.556160
1 0.847087 0.666666 0.860032 0.666666 0.860032 0.680253 0.847087 0.680253
1 0.694983 0.711956 0.706311 0.711956 0.706311 0.730978 0.694983 0.730978
1 0.690939 0.694746 0.702266 0.694746 0.702266 0.706522 0.690939 0.706522
1 0.748381 0.278985 0.762945 0.278985 0.762945 0.298913 0.748381 0.298913
1 0.846278 0.301630 0.860842 0.301630 0.860842 0.317030 0.846278 0.317030
1 0.941747 0.222827 0.949839 0.222827 0.949839 0.234601 0.941747 0.234601
1 0.940130 0.208334 0.953075 0.208334 0.953075 0.221015 0.940130 0.221015
1 0.422330 0.964674 0.435275 0.964674 0.435275 0.981884 0.422330 0.981884
1 0.406149 0.972826 0.419094 0.972826 0.419094 0.989130 0.406149 0.989130
1 0.402913 0.952899 0.416667 0.952899 0.416667 0.969203 0.402913 0.969203
1 0.416667 0.941124 0.432039 0.941124 0.432039 0.955617 0.416667 0.955617
1 0.415048 0.922101 0.427993 0.922101 0.427993 0.936594 0.415048 0.936594
1 0.397249 0.923913 0.411812 0.923913 0.411812 0.939311 0.397249 0.939311
1 0.168285 0.981884 0.182847 0.981884 0.182847 0.998188 0.168285 0.998188
1 0.368932 0.950181 0.383495 0.950181 0.383495 0.964674 0.368932 0.964674
1 0.355988 0.942029 0.368932 0.942029 0.368932 0.958333 0.355988 0.958333
1 0.317962 0.944746 0.335761 0.944746 0.335761 0.961956 0.317962 0.961956
1 0.300162 0.941124 0.314725 0.941124 0.314725 0.963769 0.300162 0.963769
1 0.309870 0.921196 0.331715 0.921196 0.331715 0.942935 0.309870 0.942935
1 0.300162 0.840580 0.316343 0.840580 0.316343 0.853260 0.300162 0.853260
1 0.334142 0.815217 0.349514 0.815217 0.349514 0.838769 0.334142 0.838769
1 0.328479 0.838767 0.342233 0.838767 0.342233 0.854166 0.328479 0.854166
1 0.311489 0.774456 0.326861 0.774456 0.326861 0.787137 0.311489 0.787137
1 0.277508 0.813406 0.292071 0.813406 0.292071 0.827899 0.277508 0.827899
1 0.238673 0.817935 0.259709 0.817935 0.259709 0.839673 0.238673 0.839673
1 0.371359 0.880435 0.385113 0.880435 0.385113 0.897645 0.371359 0.897645
1 0.401295 0.863225 0.416667 0.863225 0.416667 0.880435 0.401295 0.880435
1 0.431230 0.877717 0.444984 0.877717 0.444984 0.895833 0.431230 0.895833
1 0.433657 0.856884 0.444983 0.856884 0.444983 0.876812 0.433657 0.876812
1 0.438511 0.832427 0.451456 0.832427 0.451456 0.854166 0.438511 0.854166
1 0.404531 0.786232 0.419094 0.786232 0.419094 0.805254 0.404531 0.805254
1 0.618932 0.958333 0.640776 0.958333 0.640776 0.981885 0.618932 0.981885
1 0.644012 0.884964 0.658576 0.884964 0.658576 0.904892 0.644012 0.904892
1 0.645632 0.863225 0.658577 0.863225 0.658577 0.880435 0.645632 0.880435
1 0.644012 0.824276 0.658576 0.824276 0.658576 0.857790 0.644012 0.857790
1 0.593851 0.834239 0.620551 0.834239 0.620551 0.852355 0.593851 0.852355
1 0.515373 0.779892 0.540453 0.779892 0.540453 0.801631 0.515373 0.801631
1 0.619741 0.238225 0.636731 0.238225 0.636731 0.250906 0.619741 0.250906
1 0.627023 0.250905 0.640777 0.250905 0.640777 0.266304 0.627023 0.266304
1 0.601942 0.057065 0.612460 0.057065 0.612460 0.072464 0.601942 0.072464
1 0.605986 0.002717 0.617314 0.002717 0.617314 0.013587 0.605986 0.013587
1 0.649676 0.721015 0.669903 0.721015 0.669903 0.736413 0.649676 0.736413
1 0.614078 0.719203 0.624596 0.719203 0.624596 0.744565 0.614078 0.744565
1 0.530744 0.726450 0.541262 0.726450 0.541262 0.741849 0.530744 0.741849
1 0.497572 0.711956 0.513753 0.711956 0.513753 0.724637 0.497572 0.724637
1 0.506473 0.728261 0.525081 0.728261 0.525081 0.746377 0.506473 0.746377
1 0.677184 0.286232 0.689320 0.286232 0.689320 0.302536 0.677184 0.302536
1 0.737864 0.383152 0.745146 0.383152 0.745146 0.392210 0.737864 0.392210
1 0.082525 0.977356 0.095470 0.977356 0.095470 0.990036 0.082525 0.990036
1 0.487056 0.898551 0.500001 0.898551 0.500001 0.917573 0.487056 0.917573
1 0.478964 0.888586 0.491100 0.888586 0.491100 0.903080 0.478964 0.903080
1 0.257281 0.539855 0.273462 0.539855 0.273462 0.557971 0.257281 0.557971
1 0.272654 0.522645 0.289644 0.522645 0.289644 0.538044 0.272654 0.538044
1 0.246764 0.523550 0.268609 0.523550 0.268609 0.538044 0.246764 0.538044
1 0.315534 0.648551 0.333334 0.648551 0.333334 0.665761 0.315534 0.665761
1 0.309061 0.658514 0.322006 0.658514 0.322006 0.677536 0.309061 0.677536
1 0.221683 0.658515 0.237864 0.658515 0.237864 0.673913 0.221683 0.673913
1 0.497573 0.423913 0.511327 0.423913 0.511327 0.441123 0.497573 0.441123
1 0.519417 0.475544 0.532362 0.475544 0.532362 0.492754 0.519417 0.492754
1 0.543689 0.490943 0.558253 0.490943 0.558253 0.512682 0.543689 0.512682
1 0.508900 0.091486 0.524272 0.091486 0.524272 0.112319 0.508900 0.112319
1 0.265373 0.847827 0.276699 0.847827 0.276699 0.860507 0.265373 0.860507
1 0.271845 0.846920 0.288835 0.846920 0.288835 0.870472 0.271845 0.870472
1 0.981392 0.451993 0.993528 0.451993 0.993528 0.469203 0.981392 0.469203
1 0.983819 0.415761 0.993528 0.415761 0.993528 0.430254 0.983819 0.430254
1 0.946601 0.394928 0.957929 0.394928 0.957929 0.412138 0.946601 0.412138
1 0.932039 0.432971 0.942557 0.432971 0.942557 0.460145 0.932039 0.460145
1 0.443366 0.724637 0.456311 0.724637 0.456311 0.747282 0.443366 0.747282
1 0.425567 0.768116 0.441748 0.768116 0.441748 0.784420 0.425567 0.784420
1 0.448220 0.752717 0.458738 0.752717 0.458738 0.773551 0.448220 0.773551
1 0.464401 0.766304 0.476537 0.766304 0.476537 0.785326 0.464401 0.785326
1 0.394013 0.814311 0.403722 0.814311 0.403722 0.837863 0.394013 0.837863
1 0.472492 0.678443 0.488673 0.678443 0.488673 0.700182 0.472492 0.700182
1 0.449029 0.874094 0.464401 0.874094 0.464401 0.889493 0.449029 0.889493
1 0.037216 0.741847 0.059062 0.741847 0.059062 0.764493 0.037216 0.764493
1 0.212783 0.673912 0.229773 0.673912 0.229773 0.688406 0.212783 0.688406
1 0.392394 0.470108 0.406957 0.470108 0.406957 0.485508 0.392394 0.485508
1 0.411812 0.457427 0.425566 0.457427 0.425566 0.471015 0.411812 0.471015
1 0.803398 0.292573 0.820388 0.292573 0.820388 0.313406 0.803398 0.313406
1 0.489482 0.538044 0.502428 0.538044 0.502428 0.553442 0.489482 0.553442
1 0.478964 0.560688 0.489482 0.560688 0.489482 0.577898 0.478964 0.577898
1 0.491100 0.563406 0.500810 0.563406 0.500810 0.577899 0.491100 0.577899
1 0.499190 0.559782 0.508899 0.559782 0.508899 0.569746 0.499190 0.569746
1 0.216020 0.596920 0.233010 0.596920 0.233010 0.611414 0.216020 0.611414
1 0.169095 0.617754 0.186894 0.617754 0.186894 0.642211 0.169095 0.642211
1 0.941748 0.489131 0.953884 0.489131 0.953884 0.509964 0.941748 0.509964
1 0.785599 0.566124 0.797735 0.566124 0.797735 0.579711 0.785599 0.579711
1 0.630259 0.504529 0.639159 0.504529 0.639159 0.514493 0.630259 0.514493
1 0.679611 0.588768 0.694175 0.588768 0.694175 0.607790 0.679611 0.607790
1 0.677994 0.611413 0.693366 0.611413 0.693366 0.625000 0.677994 0.625000
1 0.640776 0.617754 0.655340 0.617754 0.655340 0.647644 0.640776 0.647644
1 0.524272 0.625000 0.540453 0.625000 0.540453 0.642210 0.524272 0.642210
1 0.711974 0.356884 0.723302 0.356884 0.723302 0.380435 0.711974 0.380435
1 0.433658 0.792573 0.448221 0.792573 0.448221 0.808877 0.433658 0.808877
1 0.415857 0.893116 0.427184 0.893116 0.427184 0.910326 0.415857 0.910326
1 0.654531 0.770833 0.665049 0.770833 0.665049 0.790761 0.654531 0.790761
1 0.458738 0.853260 0.478965 0.853260 0.478965 0.868659 0.458738 0.868659
1 0.224919 0.943840 0.241909 0.943840 0.241909 0.966485 0.224919 0.966485
1 0.216829 0.884964 0.237056 0.884964 0.237056 0.916667 0.216829 0.916667
1 0.349515 0.922102 0.363269 0.922102 0.363269 0.939312 0.349515 0.939312
1 0.311489 0.466485 0.336570 0.466485 0.336570 0.481885 0.311489 0.481885
1 0.028318 0.958333 0.046116 0.958333 0.046116 0.980978 0.028318 0.980978
1 0.009709 0.946558 0.021845 0.946558 0.021845 0.966486 0.009709 0.966486
1 0.677184 0.964673 0.690938 0.964673 0.690938 0.979167 0.677184 0.979167
1 0.588997 0.910326 0.597897 0.910326 0.597897 0.931160 0.588997 0.931160
1 0.551781 0.913949 0.567962 0.913949 0.567962 0.932065 0.551781 0.932065
1 0.890776 0.317935 0.906957 0.317935 0.906957 0.335145 0.890776 0.335145
1 0.987864 0.349637 1.000000 0.349637 1.000000 0.370470 0.987864 0.370470
1 0.012136 0.259963 0.029126 0.259963 0.029126 0.275363 0.012136 0.275363
1 0.014564 0.288044 0.032363 0.288044 0.032363 0.304348 0.014564 0.304348
1 0.432848 0.628623 0.449838 0.628623 0.449838 0.646739 0.432848 0.646739
1 0.086570 0.726449 0.105986 0.726449 0.105986 0.744565 0.086570 0.744565
1 0.110033 0.719202 0.128641 0.719202 0.128641 0.733696 0.110033 0.733696
1 0.063916 0.617754 0.080906 0.617754 0.080906 0.635870 0.063916 0.635870
1 0.622977 0.773551 0.642394 0.773551 0.642394 0.807065 0.622977 0.807065
1 0.128640 0.528985 0.146440 0.528985 0.146440 0.544384 0.128640 0.544384
1 0.136732 0.568841 0.151294 0.568841 0.151294 0.586957 0.136732 0.586957
1 0.618932 0.390399 0.633496 0.390399 0.633496 0.404892 0.618932 0.404892
1 0.603560 0.076087 0.615696 0.076087 0.615696 0.093297 0.603560 0.093297
1 0.822006 0.266305 0.834951 0.266305 0.834951 0.282609 0.822006 0.282609
1 0.743528 0.261775 0.754855 0.261775 0.754855 0.280797 0.743528 0.280797
1 0.771035 0.516305 0.782363 0.516305 0.782363 0.528985 0.771035 0.528985
1 0.330097 0.605072 0.347087 0.605072 0.347087 0.619565 0.330097 0.619565
1 0.289644 0.624094 0.309061 0.624094 0.309061 0.647646 0.289644 0.647646
1 0.423139 0.658515 0.435275 0.658515 0.435275 0.671195 0.423139 0.671195
1 0.440129 0.653080 0.452265 0.653080 0.452265 0.665760 0.440129 0.665760
1 0.512944 0.667573 0.521035 0.667573 0.521035 0.683877 0.512944 0.683877
1 0.522653 0.661231 0.537217 0.661231 0.537217 0.683876 0.522653 0.683876
1 0.535598 0.652174 0.546926 0.652174 0.546926 0.670290 0.535598 0.670290
1 0.356796 0.645833 0.372168 0.645833 0.372168 0.660327 0.356796 0.660327
1 0.436084 0.754529 0.446602 0.754529 0.446602 0.768116 0.436084 0.768116
1 0.457929 0.783515 0.474110 0.783515 0.474110 0.798008 0.457929 0.798008
1 0.868932 0.762681 0.882686 0.762681 0.882686 0.783515 0.868932 0.783515
1 0.915048 0.770833 0.925566 0.770833 0.925566 0.790761 0.915048 0.790761
1 0.981391 0.859602 0.991909 0.859602 0.991909 0.882247 0.981391 0.882247
1 0.929612 0.933876 0.942557 0.933876 0.942557 0.954710 0.929612 0.954710
1 0.830906 0.895834 0.845470 0.895834 0.845470 0.917573 0.830906 0.917573
1 0.864887 0.917573 0.881068 0.917573 0.881068 0.933877 0.864887 0.933877
1 0.796117 0.910326 0.813915 0.910326 0.813915 0.924819 0.796117 0.924819
1 0.833333 0.915761 0.854369 0.915761 0.854369 0.932971 0.833333 0.932971
1 0.729773 0.798913 0.745954 0.798913 0.745954 0.817029 0.729773 0.817029
1 0.737055 0.849638 0.747573 0.849638 0.747573 0.865036 0.737055 0.865036
1 0.679611 0.865942 0.694175 0.865942 0.694175 0.882246 0.679611 0.882246
1 0.694175 0.842391 0.701457 0.842391 0.701457 0.859601 0.694175 0.859601
1 0.674757 0.858695 0.683657 0.858695 0.683657 0.870471 0.674757 0.870471
1 0.671521 0.833333 0.686085 0.833333 0.686085 0.855978 0.671521 0.855978
1 0.197411 0.550725 0.210356 0.550725 0.210356 0.567935 0.197411 0.567935
1 0.126214 0.604166 0.142395 0.604166 0.142395 0.615942 0.126214 0.615942
1 0.577669 0.460145 0.588997 0.460145 0.588997 0.477355 0.577669 0.477355
1 0.559871 0.476449 0.576052 0.476449 0.576052 0.491849 0.559871 0.491849
1 0.637541 0.406703 0.654531 0.406703 0.654531 0.435689 0.637541 0.435689
1 0.639968 0.511775 0.652913 0.511775 0.652913 0.523551 0.639968 0.523551
1 0.544498 0.421196 0.553398 0.421196 0.553398 0.437500 0.544498 0.437500
1 0.608414 0.334239 0.621359 0.334239 0.621359 0.346921 0.608414 0.346921
1 0.603560 0.312500 0.622168 0.312500 0.622168 0.332428 0.603560 0.332428
1 0.578480 0.324275 0.594661 0.324275 0.594661 0.339675 0.578480 0.339675
1 0.619741 0.112319 0.631877 0.112319 0.631877 0.138587 0.619741 0.138587
1 0.606796 0.097825 0.620550 0.097825 0.620550 0.113224 0.606796 0.113224
1 0.633495 0.022644 0.648867 0.022644 0.648867 0.038044 0.633495 0.038044
1 0.663430 0.077899 0.674758 0.077899 0.674758 0.095109 0.663430 0.095109
1 0.628641 0.069747 0.641586 0.069747 0.641586 0.082428 0.628641 0.082428
1 0.673948 0.181160 0.692556 0.181160 0.692556 0.201992 0.673948 0.201992
1 0.644822 0.084240 0.654531 0.084240 0.654531 0.122283 0.644822 0.122283
1 0.621359 0.222826 0.647249 0.222826 0.647249 0.236413 0.621359 0.236413
1 0.596278 0.244565 0.610842 0.244565 0.610842 0.260869 0.596278 0.260869
1 0.573624 0.242754 0.584952 0.242754 0.584952 0.259964 0.573624 0.259964
1 0.620551 0.194746 0.633495 0.194746 0.633495 0.219203 0.620551 0.219203
1 0.637540 0.199275 0.646440 0.199275 0.646440 0.211956 0.637540 0.211956
1 0.690939 0.258153 0.707120 0.258153 0.707120 0.281703 0.690939 0.281703
1 0.722491 0.297101 0.737055 0.297101 0.737055 0.317029 0.722491 0.317029
1 0.665857 0.342391 0.675566 0.342391 0.675566 0.361413 0.665857 0.361413
1 0.660194 0.311594 0.674758 0.311594 0.674758 0.339674 0.660194 0.339674
1 0.659385 0.364131 0.673139 0.364131 0.673139 0.387682 0.659385 0.387682
1 0.663431 0.423007 0.676376 0.423007 0.676376 0.440217 0.663431 0.440217
1 0.591424 0.539855 0.603560 0.539855 0.603560 0.559783 0.591424 0.559783
1 0.631068 0.590580 0.645632 0.590580 0.645632 0.608696 0.631068 0.608696
1 0.606796 0.563406 0.617314 0.563406 0.617314 0.576993 0.606796 0.576993
1 0.577670 0.703804 0.590615 0.703804 0.590615 0.724638 0.577670 0.724638
1 0.605178 0.687500 0.617314 0.687500 0.617314 0.707428 0.605178 0.707428
1 0.751618 0.625906 0.764563 0.625906 0.764563 0.644022 0.751618 0.644022
1 0.763755 0.578804 0.776699 0.578804 0.776699 0.599638 0.763755 0.599638
1 0.946601 0.629529 0.959546 0.629529 0.959546 0.649457 0.946601 0.649457
1 0.902103 0.703805 0.916667 0.703805 0.916667 0.720109 0.902103 0.720109
1 0.764563 0.199275 0.783171 0.199275 0.783171 0.219203 0.764563 0.219203
1 0.765372 0.224637 0.777508 0.224637 0.777508 0.235507 0.765372 0.235507
1 0.846278 0.211050 0.860842 0.211050 0.860842 0.233696 0.846278 0.233696
1 0.865696 0.230979 0.878641 0.230979 0.878641 0.245471 0.865696 0.245471
1 0.731391 0.449276 0.744336 0.449276 0.744336 0.473733 0.731391 0.473733
1 0.826860 0.375906 0.839805 0.375906 0.839805 0.394928 0.826860 0.394928
1 0.850324 0.285326 0.863268 0.285326 0.863268 0.301630 0.850324 0.301630
1 0.775890 0.426630 0.788026 0.426630 0.788026 0.445652 0.775890 0.445652
1 0.823624 0.415761 0.839805 0.415761 0.839805 0.426631 0.823624 0.426631
1 0.830906 0.402174 0.844660 0.402174 0.844660 0.416666 0.830906 0.416666
1 0.764563 0.497283 0.775891 0.497283 0.775891 0.514493 0.764563 0.514493
1 0.738673 0.496377 0.750809 0.496377 0.750809 0.512681 0.738673 0.512681
1 0.797734 0.571558 0.806634 0.571558 0.806634 0.588768 0.797734 0.588768
1 0.873786 0.583334 0.888350 0.583334 0.888350 0.598733 0.873786 0.598733
1 0.877022 0.479166 0.888350 0.479166 0.888350 0.509057 0.877022 0.509057
1 0.856796 0.554348 0.872977 0.554348 0.872977 0.580616 0.856796 0.580616
1 0.809061 0.615036 0.825242 0.615036 0.825242 0.641304 0.809061 0.641304
1 0.809870 0.652174 0.829287 0.652174 0.829287 0.671196 0.809870 0.671196
1 0.895631 0.662138 0.911003 0.662138 0.911003 0.679348 0.895631 0.679348
1 0.877023 0.631341 0.895631 0.631341 0.895631 0.647645 0.877023 0.647645
1 0.895631 0.611413 0.906149 0.611413 0.906149 0.627717 0.895631 0.627717
1 0.921521 0.739131 0.932039 0.739131 0.932039 0.752718 0.921521 0.752718
1 0.913430 0.710145 0.927994 0.710145 0.927994 0.740942 0.913430 0.740942
1 0.972492 0.709239 0.984628 0.709239 0.984628 0.725543 0.972492 0.725543
1 0.824434 0.940217 0.844661 0.940217 0.844661 0.968297 0.824434 0.968297
1 0.725728 0.769022 0.736246 0.769022 0.736246 0.781702 0.725728 0.781702
1 0.727347 0.782608 0.740291 0.782608 0.740291 0.797102 0.727347 0.797102
1 0.689321 0.741848 0.709547 0.741848 0.709547 0.759058 0.689321 0.759058
1 0.631877 0.749094 0.641586 0.749094 0.641586 0.770833 0.631877 0.770833
1 0.663430 0.704709 0.677184 0.704709 0.677184 0.720108 0.663430 0.720108
1 0.668285 0.759964 0.682039 0.759964 0.682039 0.798007 0.668285 0.798007
1 0.564725 0.750000 0.583333 0.750000 0.583333 0.777174 0.564725 0.777174
1 0.597897 0.730978 0.607606 0.730978 0.607606 0.744565 0.597897 0.744565
1 0.518609 0.904891 0.531554 0.904891 0.531554 0.931159 0.518609 0.931159
1 0.542880 0.865942 0.557444 0.865942 0.557444 0.884058 0.542880 0.884058
1 0.555825 0.900362 0.567153 0.900362 0.567153 0.912138 0.555825 0.912138
1 0.533980 0.945652 0.542880 0.945652 0.542880 0.965580 0.533980 0.965580
1 0.614078 0.929348 0.627023 0.929348 0.627023 0.949276 0.614078 0.949276
1 0.600324 0.881341 0.611651 0.881341 0.611651 0.897645 0.600324 0.897645
1 0.463593 0.604167 0.474919 0.604167 0.474919 0.619565 0.463593 0.619565
1 0.385113 0.708333 0.398058 0.708333 0.398058 0.721920 0.385113 0.721920
1 0.407768 0.711956 0.423949 0.711956 0.423949 0.727355 0.407768 0.727355
1 0.458738 0.621377 0.467638 0.621377 0.467638 0.632247 0.458738 0.632247
1 0.481392 0.667572 0.493528 0.667572 0.493528 0.676630 0.481392 0.676630
1 0.376214 0.596015 0.391586 0.596015 0.391586 0.610508 0.376214 0.610508
1 0.375404 0.612319 0.387540 0.612319 0.387540 0.630435 0.375404 0.630435
1 0.177994 0.564312 0.193366 0.564312 0.193366 0.580616 0.177994 0.580616
1 0.371359 0.765399 0.386731 0.765399 0.386731 0.781703 0.371359 0.781703
1 0.312298 0.792572 0.335761 0.792572 0.335761 0.810688 0.312298 0.810688
1 0.344660 0.761775 0.372978 0.761775 0.372978 0.771739 0.344660 0.771739
1 0.234628 0.731884 0.245954 0.731884 0.245954 0.741848 0.234628 0.741848
1 0.367314 0.823370 0.381877 0.823370 0.381877 0.840580 0.367314 0.840580
1 0.481391 0.806159 0.499190 0.806159 0.499190 0.826087 0.481391 0.826087
1 0.418285 0.780797 0.430421 0.780797 0.430421 0.789855 0.418285 0.789855
1 0.416666 0.820653 0.431229 0.820653 0.431229 0.842391 0.416666 0.842391
1 0.429611 0.810688 0.444174 0.810688 0.444174 0.828804 0.429611 0.828804
1 0.508091 0.799819 0.522654 0.799819 0.522654 0.816123 0.508091 0.816123
1 0.387540 0.883153 0.396440 0.883153 0.396440 0.895833 0.387540 0.895833
1 0.661003 0.747282 0.675567 0.747282 0.675567 0.760869 0.661003 0.760869
1 0.690129 0.980978 0.698221 0.980978 0.698221 0.990036 0.690129 0.990036
1 0.003236 0.836956 0.021844 0.836956 0.021844 0.851450 0.003236 0.851450
1 0.062298 0.817028 0.078479 0.817028 0.078479 0.831522 0.062298 0.831522
1 0.073624 0.834238 0.084951 0.834238 0.084951 0.849637 0.073624 0.849637
1 0.486246 0.443841 0.504045 0.443841 0.504045 0.471015 0.486246 0.471015
1 0.855178 0.045289 0.879450 0.045289 0.879450 0.068840 0.855178 0.068840
1 0.775081 0.904891 0.791262 0.904891 0.791262 0.934783 0.775081 0.934783
1 0.978155 0.912138 0.992719 0.912138 0.992719 0.937500 0.978155 0.937500
1 0.122168 0.705616 0.135922 0.705616 0.135922 0.717392 0.122168 0.717392
1 0.064725 0.966486 0.079287 0.966486 0.079287 0.982790 0.064725 0.982790
1 0.045308 0.927536 0.058252 0.927536 0.058252 0.943840 0.045308 0.943840
1 0.145631 0.980073 0.163431 0.980073 0.163431 0.995471 0.145631 0.995471
1 0.126214 0.966485 0.138350 0.966485 0.138350 0.980979 0.126214 0.980979
1 0.112459 0.973732 0.135113 0.973732 0.135113 0.991848 0.112459 0.991848
1 0.231392 0.968297 0.245146 0.968297 0.245146 0.980073 0.231392 0.980073
1 0.341423 0.979167 0.352750 0.979167 0.352750 0.995471 0.341423 0.995471
1 0.318770 0.976449 0.332524 0.976449 0.332524 0.990036 0.318770 0.990036
1 0.361650 0.976450 0.372168 0.976450 0.372168 0.991849 0.361650 0.991849
1 0.457120 0.901267 0.470064 0.901267 0.470064 0.916666 0.457120 0.916666
1 0.430420 0.913949 0.444983 0.913949 0.444983 0.934783 0.430420 0.934783
1 0.430420 0.957427 0.452265 0.957427 0.452265 0.978261 0.430420 0.978261
1 0.560679 0.955616 0.573624 0.955616 0.573624 0.975544 0.560679 0.975544
1 0.540453 0.977355 0.552589 0.977355 0.552589 0.985507 0.540453 0.985507
1 0.439321 0.940217 0.464402 0.940217 0.464402 0.963769 0.439321 0.963769
1 0.479774 0.984602 0.492719 0.984602 0.492719 1.000000 0.479774 1.000000
1 0.555016 0.934782 0.567152 0.934782 0.567152 0.946558 0.555016 0.946558
1 0.419903 0.846920 0.429611 0.846920 0.429611 0.861414 0.419903 0.861414
1 0.487865 0.157609 0.500810 0.157609 0.500810 0.175725 0.487865 0.175725
1 0.417476 0.104166 0.431230 0.104166 0.431230 0.119565 0.417476 0.119565
1 0.591424 0.006341 0.603560 0.006341 0.603560 0.022645 0.591424 0.022645
1 0.012945 0.701087 0.046925 0.701087 0.046925 0.722826 0.012945 0.722826
1 0.155340 0.599637 0.170712 0.599637 0.170712 0.611413 0.155340 0.611413
1 0.177184 0.601449 0.186084 0.601449 0.186084 0.615943 0.177184 0.615943
1 0.656958 0.104167 0.670712 0.104167 0.670712 0.139493 0.656958 0.139493
1 0.800162 0.346015 0.813916 0.346015 0.813916 0.362319 0.800162 0.362319
1 0.480583 0.256341 0.494337 0.256341 0.494337 0.272645 0.480583 0.272645
1 0.270226 0.000000 0.289643 0.000000 0.289643 0.014493 0.270226 0.014493
1 0.038835 0.330616 0.059061 0.330616 0.059061 0.346920 0.038835 0.346920
1 0.050162 0.346920 0.067961 0.346920 0.067961 0.365036 0.050162 0.365036
1 0.063106 0.267210 0.076052 0.267210 0.076052 0.283514 0.063106 0.283514
1 0.055017 0.261775 0.067962 0.261775 0.067962 0.275363 0.055017 0.275363
1 0.067152 0.266304 0.082524 0.266304 0.082524 0.278986 0.067152 0.278986
1 0.279126 0.346920 0.292880 0.346920 0.292880 0.369565 0.279126 0.369565
1 0.273463 0.365942 0.283981 0.365942 0.283981 0.391304 0.273463 0.391304
1 0.832524 0.482789 0.844660 0.482789 0.844660 0.495471 0.832524 0.495471
1 0.832524 0.424820 0.844660 0.424820 0.844660 0.436594 0.832524 0.436594
1 0.591425 0.403985 0.609223 0.403985 0.609223 0.416667 0.591425 0.416667
1 0.572816 0.367754 0.588997 0.367754 0.588997 0.384058 0.572816 0.384058
1 0.631877 0.476450 0.641586 0.476450 0.641586 0.488225 0.631877 0.488225
1 0.432848 0.593297 0.446602 0.593297 0.446602 0.617753 0.432848 0.617753
1 0.465210 0.488225 0.477346 0.488225 0.477346 0.502718 0.465210 0.502718
1 0.514563 0.641304 0.529935 0.641304 0.529935 0.654891 0.514563 0.654891
1 0.534790 0.590579 0.550971 0.590579 0.550971 0.602355 0.534790 0.602355
1 0.921520 0.659420 0.932848 0.659420 0.932848 0.675724 0.921520 0.675724
1 0.882686 0.742754 0.892394 0.742754 0.892394 0.755435 0.882686 0.755435
1 0.685275 0.635869 0.700647 0.635869 0.700647 0.651268 0.685275 0.651268
1 0.741909 0.741847 0.755663 0.741847 0.755663 0.754528 0.741909 0.754528
1 0.205502 0.886775 0.216828 0.886775 0.216828 0.901269 0.205502 0.901269
1 0.191748 0.883151 0.204692 0.883151 0.204692 0.898550 0.191748 0.898550
1 0.312298 0.884057 0.325242 0.884057 0.325242 0.897644 0.312298 0.897644
1 0.881068 0.812501 0.893204 0.812501 0.893204 0.825182 0.881068 0.825182
1 0.080097 0.767211 0.092233 0.767211 0.092233 0.788949 0.080097 0.788949
1 0.078479 0.717391 0.086569 0.717391 0.086569 0.728261 0.078479 0.728261
1 0.120551 0.932971 0.135113 0.932971 0.135113 0.952899 0.120551 0.952899
1 0.132686 0.917572 0.146440 0.917572 0.146440 0.935688 0.132686 0.935688
1 0.148867 0.915760 0.164239 0.915760 0.164239 0.937499 0.148867 0.937499
1 0.182039 0.929347 0.203075 0.929347 0.203075 0.943841 0.182039 0.943841
1 0.272654 0.939312 0.286408 0.939312 0.286408 0.957428 0.272654 0.957428
1 0.257281 0.811594 0.271844 0.811594 0.271844 0.824275 0.257281 0.824275
1 0.139968 0.557971 0.156958 0.557971 0.156958 0.568841 0.139968 0.568841
1 0.731391 0.434782 0.739483 0.434782 0.739483 0.445652 0.731391 0.445652
1 0.008900 0.086051 0.019418 0.086051 0.019418 0.102355 0.008900 0.102355
1 0.574433 0.662137 0.583333 0.662137 0.583333 0.673007 0.574433 0.673007
1 0.694983 0.660327 0.706311 0.660327 0.706311 0.673007 0.694983 0.673007
2 0.412621 0.075181 0.433657 0.075181 0.433657 0.097826 0.412621 0.097826
2 0.313915 0.200182 0.343851 0.200182 0.343851 0.232791 0.313915 0.232791
