0 0.131991 0.056684 0.192393 0.056684 0.192393 0.098395 0.131991 0.098395
0 0.004474 0.143315 0.058166 0.143315 0.058166 0.186096 0.004474 0.186096
1 0.742730 0.915508 0.782998 0.915508 0.782998 0.945454 0.742730 0.945454
1 0.519016 0.719786 0.570470 0.719786 0.570470 0.746524 0.519016 0.746524
1 0.601789 0.657754 0.651007 0.657754 0.651007 0.679144 0.601789 0.679144
1 0.326622 0.282353 0.382550 0.282353 0.382550 0.303743 0.326622 0.303743
1 0.474273 0.293048 0.516779 0.293048 0.516779 0.319786 0.474273 0.319786
1 0.310962 0.342247 0.357942 0.342247 0.357942 0.361498 0.310962 0.361498
1 0.946309 0.017113 0.977629 0.017113 0.977629 0.036363 0.946309 0.036363
3 0.259509 0.164706 0.478747 0.164706 0.478747 0.265240 0.259509 0.265240
3 0.704697 0.080214 0.852348 0.080214 0.852348 0.137968 0.704697 0.137968
3 0.561522 0.331550 0.771813 0.331550 0.771813 0.449198 0.561522 0.449198
3 0.029083 0.409625 0.364653 0.409625 0.364653 0.531551 0.029083 0.531551
3 0.243848 0.558289 0.451902 0.558289 0.451902 0.682353 0.243848 0.682353
3 0.523490 0.532620 0.671141 0.532620 0.671141 0.606418 0.523490 0.606418
3 0.219239 0.852407 0.409396 0.852407 0.409396 0.971124 0.219239 0.971124
3 0.519016 0.854546 0.709172 0.854546 0.709172 0.966844 0.519016 0.966844
3 0.554810 0.780749 0.648770 0.780749 0.648770 0.837433 0.554810 0.837433
