0 0.949935 0.697400 0.985508 0.697400 0.985508 0.747045 0.949935 0.747045
1 0.168643 0.510638 0.194993 0.510638 0.194993 0.535462 0.168643 0.535462
1 0.213439 0.541371 0.239789 0.541371 0.239789 0.570922 0.213439 0.570922
1 0.250329 0.546099 0.274045 0.546099 0.274045 0.567376 0.250329 0.567376
1 0.274045 0.620568 0.300395 0.620568 0.300395 0.643027 0.274045 0.643027
1 0.309617 0.605201 0.334650 0.605201 0.334650 0.625296 0.309617 0.625296
1 0.353096 0.563829 0.376812 0.563829 0.376812 0.587471 0.353096 0.587471
1 0.374177 0.514185 0.399209 0.514185 0.399209 0.535462 0.374177 0.535462
1 0.338604 0.513003 0.358366 0.513003 0.358366 0.534280 0.338604 0.534280
1 0.322793 0.476359 0.346508 0.476359 0.346508 0.500000 0.322793 0.500000
1 0.300395 0.425531 0.322793 0.425531 0.322793 0.451537 0.300395 0.451537
1 0.234519 0.444445 0.252964 0.444445 0.252964 0.462175 0.234519 0.462175
1 0.260870 0.462174 0.285903 0.462174 0.285903 0.485816 0.260870 0.485816
1 0.237155 0.484633 0.260870 0.484633 0.260870 0.505911 0.237155 0.505911
1 0.173913 0.469266 0.198947 0.469266 0.198947 0.494090 0.173913 0.494090
1 0.343874 0.361702 0.370224 0.361702 0.370224 0.387706 0.343874 0.387706
1 0.378130 0.313238 0.397892 0.313238 0.397892 0.339244 0.378130 0.339244
1 0.409750 0.332151 0.430830 0.332151 0.430830 0.356975 0.409750 0.356975
1 0.428195 0.373522 0.450593 0.373522 0.450593 0.397164 0.428195 0.397164
1 0.386034 0.434989 0.415020 0.434989 0.415020 0.463357 0.386034 0.463357
1 0.428196 0.614657 0.451911 0.614657 0.451911 0.638298 0.428196 0.638298
1 0.441370 0.581561 0.463768 0.581561 0.463768 0.605202 0.441370 0.605202
1 0.238472 0.379433 0.258234 0.379433 0.258234 0.407801 0.238472 0.407801
1 0.183136 0.604018 0.217392 0.604018 0.217392 0.633570 0.183136 0.633570
1 0.171278 0.738770 0.197628 0.738770 0.197628 0.763594 0.171278 0.763594
1 0.105401 0.777778 0.130435 0.777778 0.130435 0.801419 0.105401 0.801419
1 0.230567 0.696217 0.256917 0.696217 0.256917 0.723405 0.230567 0.723405
1 0.247695 0.729314 0.274045 0.729314 0.274045 0.752955 0.247695 0.752955
1 0.017128 0.829788 0.042161 0.829788 0.042161 0.855793 0.017128 0.855793
1 0.059288 0.631205 0.084321 0.631205 0.084321 0.652482 0.059288 0.652482
1 0.035574 0.608746 0.059289 0.608746 0.059289 0.628841 0.035574 0.628841
1 0.006587 0.695036 0.031620 0.695036 0.031620 0.719859 0.006587 0.719859
1 0.085639 0.639479 0.108037 0.639479 0.108037 0.665485 0.085639 0.665485
1 0.079051 0.684396 0.102767 0.684396 0.102767 0.706855 0.079051 0.706855
1 0.101449 0.518912 0.126482 0.518912 0.126482 0.543736 0.101449 0.543736
1 0.299077 0.722222 0.324110 0.722222 0.324110 0.743499 0.299077 0.743499
1 0.293807 0.760048 0.318840 0.760048 0.318840 0.777778 0.293807 0.777778
1 0.300395 0.793145 0.322793 0.793145 0.322793 0.815604 0.300395 0.815604
1 0.317523 0.742316 0.345191 0.742316 0.345191 0.768321 0.317523 0.768321
1 0.287220 0.673759 0.310936 0.673759 0.310936 0.693854 0.287220 0.693854
1 0.204217 0.734043 0.229249 0.734043 0.229249 0.757684 0.204217 0.757684
1 0.312252 0.856973 0.337285 0.856973 0.337285 0.881796 0.312252 0.881796
1 0.557312 0.708037 0.579710 0.708037 0.579710 0.731679 0.557312 0.731679
1 0.587615 0.712765 0.612649 0.712765 0.612649 0.738770 0.587615 0.738770
1 0.592886 0.674941 0.616600 0.674941 0.616600 0.696218 0.592886 0.696218
1 0.648222 0.672577 0.674572 0.672577 0.674572 0.695036 0.648222 0.695036
1 0.627140 0.568558 0.646903 0.568558 0.646903 0.587471 0.627140 0.587471
1 0.707510 0.578014 0.733860 0.578014 0.733860 0.601656 0.707510 0.601656
1 0.696970 0.507092 0.719368 0.507092 0.719368 0.530733 0.696970 0.530733
1 0.708827 0.475177 0.731225 0.475177 0.731225 0.500000 0.708827 0.500000
1 0.731225 0.547281 0.760211 0.547281 0.760211 0.567376 0.731225 0.567376
1 0.745719 0.481088 0.769433 0.481088 0.769433 0.501182 0.745719 0.501182
1 0.770751 0.494089 0.798419 0.494089 0.798419 0.517730 0.770751 0.517730
1 0.760211 0.522459 0.782609 0.522459 0.782609 0.543736 0.760211 0.543736
1 0.739130 0.516548 0.761528 0.516548 0.761528 0.537825 0.739130 0.537825
1 0.789196 0.576831 0.816864 0.576831 0.816864 0.601654 0.789196 0.601654
1 0.243741 0.158393 0.268774 0.158393 0.268774 0.183216 0.243741 0.183216
1 0.251647 0.094563 0.275363 0.094563 0.275363 0.115839 0.251647 0.115839
1 0.239789 0.052009 0.267457 0.052009 0.267457 0.079196 0.239789 0.079196
1 0.263505 0.027187 0.284585 0.027187 0.284585 0.047282 0.263505 0.047282
1 0.217391 0.239952 0.238471 0.239952 0.238471 0.264775 0.217391 0.264775
1 0.238472 0.121750 0.270093 0.121750 0.270093 0.147755 0.238472 0.147755
1 0.293807 0.138298 0.317523 0.138298 0.317523 0.159575 0.293807 0.159575
1 0.210804 0.198581 0.243742 0.198581 0.243742 0.222223 0.210804 0.222223
1 0.396574 0.125295 0.421607 0.125295 0.421607 0.148936 0.396574 0.148936
1 0.357049 0.187944 0.383399 0.187944 0.383399 0.208038 0.357049 0.208038
1 0.366271 0.271867 0.388669 0.271867 0.388669 0.296691 0.366271 0.296691
1 0.384717 0.256501 0.411067 0.256501 0.411067 0.276595 0.384717 0.276595
1 0.351779 0.243498 0.378129 0.243498 0.378129 0.270685 0.351779 0.270685
1 0.449275 0.075649 0.474308 0.075649 0.474308 0.098109 0.449275 0.098109
1 0.434783 0.209220 0.457181 0.209220 0.457181 0.231679 0.434783 0.231679
1 0.454546 0.252954 0.480896 0.252954 0.480896 0.275413 0.454546 0.275413
1 0.434783 0.276595 0.457181 0.276595 0.457181 0.297872 0.434783 0.297872
1 0.330699 0.187943 0.350461 0.187943 0.350461 0.204491 0.330699 0.204491
1 0.328063 0.127659 0.351778 0.127659 0.351778 0.151301 0.328063 0.151301
1 0.386034 0.170212 0.412384 0.170212 0.412384 0.193854 0.386034 0.193854
1 0.461133 0.119386 0.480895 0.119386 0.480895 0.145391 0.461133 0.145391
1 0.380765 0.080378 0.405797 0.080378 0.405797 0.098108 0.380765 0.098108
1 0.407115 0.061465 0.434783 0.061465 0.434783 0.083924 0.407115 0.083924
1 0.283267 0.256501 0.305665 0.256501 0.305665 0.277778 0.283267 0.277778
1 0.553360 0.131206 0.579710 0.131206 0.579710 0.159574 0.553360 0.159574
1 0.498024 0.261230 0.524374 0.261230 0.524374 0.287234 0.498024 0.287234
1 0.484849 0.186761 0.509881 0.186761 0.509881 0.212766 0.484849 0.212766
1 0.501976 0.222222 0.529644 0.222222 0.529644 0.244681 0.501976 0.244681
1 0.557312 0.187944 0.582346 0.187944 0.582346 0.213949 0.557312 0.213949
1 0.542820 0.283688 0.566534 0.283688 0.566534 0.301418 0.542820 0.301418
1 0.470356 0.296690 0.492754 0.296690 0.492754 0.321514 0.470356 0.321514
1 0.152832 0.007093 0.181818 0.007093 0.181818 0.029552 0.152832 0.029552
1 0.027668 0.020094 0.055336 0.020094 0.055336 0.042553 0.027668 0.042553
1 0.003953 0.178486 0.025033 0.178486 0.025033 0.199763 0.003953 0.199763
1 0.089591 0.096926 0.113307 0.096926 0.113307 0.118203 0.089591 0.118203
1 0.189724 0.135934 0.216074 0.135934 0.216074 0.157211 0.189724 0.157211
1 0.171279 0.070921 0.194993 0.070921 0.194993 0.092198 0.171279 0.092198
1 0.122530 0.134751 0.148880 0.134751 0.148880 0.159574 0.122530 0.159574
1 0.092226 0.171395 0.115942 0.171395 0.115942 0.198582 0.092226 0.198582
1 0.054018 0.146571 0.086956 0.146571 0.086956 0.170213 0.054018 0.170213
1 0.050065 0.094563 0.075098 0.094563 0.075098 0.115839 0.050065 0.115839
1 0.006588 0.098109 0.027668 0.098109 0.027668 0.120568 0.006588 0.120568
1 0.289855 0.028368 0.317523 0.028368 0.317523 0.054373 0.289855 0.054373
1 0.274045 0.154846 0.297761 0.154846 0.297761 0.179669 0.274045 0.179669
1 0.511199 0.171395 0.536232 0.171395 0.536232 0.196217 0.511199 0.196217
1 0.064559 0.322694 0.092227 0.322694 0.092227 0.349881 0.064559 0.349881
1 0.026350 0.302601 0.050065 0.302601 0.050065 0.328605 0.026350 0.328605
1 0.044796 0.250590 0.071146 0.250590 0.071146 0.273050 0.044796 0.273050
1 0.110672 0.384160 0.135705 0.384160 0.135705 0.408983 0.110672 0.408983
1 0.075098 0.387707 0.100131 0.387707 0.100131 0.411348 0.075098 0.411348
1 0.159421 0.375886 0.184453 0.375886 0.184453 0.400709 0.159421 0.400709
1 0.455863 0.406619 0.483531 0.406619 0.483531 0.431443 0.455863 0.431443
1 0.492754 0.373522 0.520422 0.373522 0.520422 0.397164 0.492754 0.397164
1 0.512516 0.444445 0.540184 0.444445 0.540184 0.471631 0.512516 0.471631
1 0.558630 0.414894 0.579710 0.414894 0.579710 0.440898 0.558630 0.440898
1 0.339921 0.430260 0.362319 0.430260 0.362319 0.452719 0.339921 0.452719
1 0.131753 0.495271 0.158103 0.495271 0.158103 0.515366 0.131753 0.515366
1 0.467720 0.348699 0.491436 0.348699 0.491436 0.371159 0.467720 0.371159
1 0.723321 0.271867 0.753624 0.271867 0.753624 0.296691 0.723321 0.296691
1 0.716732 0.340425 0.741766 0.340425 0.741766 0.364067 0.716732 0.364067
1 0.737814 0.321512 0.761528 0.321512 0.761528 0.345154 0.737814 0.345154
1 0.772068 0.289598 0.797102 0.289598 0.797102 0.316784 0.772068 0.316784
1 0.826087 0.171395 0.848485 0.171395 0.848485 0.197400 0.826087 0.197400
1 0.822134 0.206855 0.847168 0.206855 0.847168 0.231678 0.822134 0.231678
1 0.822135 0.254136 0.848485 0.254136 0.848485 0.277778 0.822135 0.277778
1 0.860343 0.232860 0.884057 0.232860 0.884057 0.256501 0.860343 0.256501
1 0.886692 0.186761 0.911726 0.186761 0.911726 0.210403 0.886692 0.210403
1 0.886693 0.222223 0.913043 0.222223 0.913043 0.243500 0.886693 0.243500
1 0.918314 0.189126 0.945982 0.189126 0.945982 0.210402 0.918314 0.210402
1 0.916996 0.115839 0.944664 0.115839 0.944664 0.135934 0.916996 0.135934
1 0.944664 0.092199 0.972332 0.092199 0.972332 0.113475 0.944664 0.113475
1 0.931489 0.151300 0.957839 0.151300 0.957839 0.174941 0.931489 0.174941
1 0.953887 0.180850 0.980237 0.180850 0.980237 0.203310 0.953887 0.203310
1 0.965744 0.137116 0.993412 0.137116 0.993412 0.164303 0.965744 0.164303
1 0.944664 0.242316 0.972332 0.242316 0.972332 0.262411 0.944664 0.262411
1 0.732542 0.372341 0.757576 0.372341 0.757576 0.393618 0.732542 0.393618
1 0.762845 0.358156 0.787879 0.358156 0.787879 0.380615 0.762845 0.380615
1 0.779974 0.334516 0.806324 0.334516 0.806324 0.354610 0.779974 0.354610
1 0.799736 0.301418 0.822134 0.301418 0.822134 0.326242 0.799736 0.326242
1 0.839262 0.354609 0.860342 0.354609 0.860342 0.379433 0.839262 0.379433
1 0.856391 0.381797 0.886694 0.381797 0.886694 0.410166 0.856391 0.410166
1 0.868248 0.353428 0.894598 0.353428 0.894598 0.377069 0.868248 0.377069
1 0.886694 0.333334 0.910408 0.333334 0.910408 0.354610 0.886694 0.354610
1 0.886692 0.304965 0.911726 0.304965 0.911726 0.326242 0.886692 0.326242
1 0.903820 0.276595 0.928853 0.276595 0.928853 0.297872 0.903820 0.297872
1 0.934125 0.269504 0.957839 0.269504 0.957839 0.291963 0.934125 0.291963
1 0.927536 0.301419 0.947299 0.301419 0.947299 0.328605 0.927536 0.328605
1 0.880105 0.262412 0.902503 0.262412 0.902503 0.283689 0.880105 0.283689
1 0.786561 0.385342 0.815547 0.385342 0.815547 0.407801 0.786561 0.407801
1 0.810276 0.346336 0.835310 0.346336 0.835310 0.366430 0.810276 0.366430
1 0.841897 0.140661 0.864295 0.140661 0.864295 0.164303 0.841897 0.164303
1 0.849803 0.195036 0.876153 0.195036 0.876153 0.218677 0.849803 0.218677
1 0.918314 0.219857 0.942028 0.219857 0.942028 0.238770 0.918314 0.238770
1 0.920948 0.381796 0.945982 0.381796 0.945982 0.403073 0.920948 0.403073
1 0.654808 0.445627 0.679841 0.445627 0.679841 0.465722 0.654808 0.465722
1 0.671937 0.464538 0.694335 0.464538 0.694335 0.488179 0.671937 0.488179
1 0.702240 0.443263 0.724638 0.443263 0.724638 0.465722 0.702240 0.465722
1 0.681160 0.424349 0.704874 0.424349 0.704874 0.447991 0.681160 0.447991
1 0.660079 0.395981 0.686429 0.395981 0.686429 0.418440 0.660079 0.418440
1 0.752306 0.421986 0.779974 0.421986 0.779974 0.444445 0.752306 0.444445
1 0.806324 0.470449 0.828722 0.470449 0.828722 0.496455 0.806324 0.496455
1 0.807642 0.535461 0.832675 0.535461 0.832675 0.556737 0.807642 0.556737
1 0.787879 0.443263 0.811593 0.443263 0.811593 0.466904 0.787879 0.466904
1 0.777339 0.468085 0.799737 0.468085 0.799737 0.489362 0.777339 0.489362
1 0.749671 0.449172 0.773385 0.449172 0.773385 0.475178 0.749671 0.475178
1 0.873518 0.438534 0.897232 0.438534 0.897232 0.462176 0.873518 0.462176
1 0.847167 0.482269 0.876153 0.482269 0.876153 0.505910 0.847167 0.505910
1 0.857707 0.417258 0.880105 0.417258 0.880105 0.438534 0.857707 0.438534
1 0.880105 0.511821 0.905139 0.511821 0.905139 0.534280 0.880105 0.534280
1 0.812912 0.604019 0.836626 0.604019 0.836626 0.628842 0.812912 0.628842
1 0.841897 0.604019 0.864295 0.604019 0.864295 0.625296 0.841897 0.625296
1 0.893281 0.478724 0.920949 0.478724 0.920949 0.501182 0.893281 0.501182
1 0.916996 0.507092 0.940711 0.507092 0.940711 0.529551 0.916996 0.529551
1 0.594203 0.817966 0.617918 0.817966 0.617918 0.843971 0.594203 0.843971
1 0.596838 0.851063 0.623188 0.851063 0.623188 0.875887 0.596838 0.875887
1 0.661396 0.867613 0.690382 0.867613 0.690382 0.894800 0.661396 0.894800
1 0.678524 0.793145 0.703558 0.793145 0.703558 0.817968 0.678524 0.817968
1 0.682477 0.756501 0.710145 0.756501 0.710145 0.783689 0.682477 0.783689
1 0.702239 0.717494 0.727272 0.717494 0.727272 0.743499 0.702239 0.743499
1 0.736496 0.713947 0.760211 0.713947 0.760211 0.739953 0.736496 0.739953
1 0.739130 0.748227 0.764163 0.748227 0.764163 0.771868 0.739130 0.771868
1 0.720685 0.786052 0.747035 0.786052 0.747035 0.806146 0.720685 0.806146
1 0.708828 0.815603 0.729908 0.815603 0.729908 0.838062 0.708828 0.838062
1 0.741766 0.683214 0.768116 0.683214 0.768116 0.706855 0.741766 0.706855
1 0.761528 0.664303 0.790514 0.664303 0.790514 0.683215 0.761528 0.683215
1 0.640316 0.790779 0.666666 0.790779 0.666666 0.814420 0.640316 0.814420
1 0.690382 0.639479 0.712780 0.639479 0.712780 0.659574 0.690382 0.659574
1 0.719368 0.644208 0.747036 0.644208 0.747036 0.664303 0.719368 0.664303
1 0.754941 0.639479 0.781291 0.639479 0.781291 0.658392 0.754941 0.658392
1 0.851120 0.789597 0.877470 0.789597 0.877470 0.812056 0.851120 0.812056
1 0.779974 0.898346 0.806324 0.898346 0.806324 0.923169 0.779974 0.923169
1 0.752306 0.892435 0.776021 0.892435 0.776021 0.914894 0.752306 0.914894
1 0.845850 0.678486 0.873518 0.678486 0.873518 0.704492 0.845850 0.704492
1 0.819500 0.691489 0.845850 0.691489 0.845850 0.715131 0.819500 0.715131
1 0.777339 0.695036 0.798419 0.695036 0.798419 0.717495 0.777339 0.717495
1 0.876153 0.670212 0.905139 0.670212 0.905139 0.691489 0.876153 0.691489
1 0.899868 0.615839 0.924902 0.615839 0.924902 0.639481 0.899868 0.639481
1 0.942028 0.600472 0.967062 0.600472 0.967062 0.624113 0.942028 0.624113
1 0.942029 0.562647 0.969697 0.562647 0.969697 0.588653 0.942029 0.588653
1 0.596838 0.884161 0.617918 0.884161 0.617918 0.910166 0.596838 0.910166
1 0.856390 0.734042 0.884058 0.734042 0.884058 0.760047 0.856390 0.760047
1 0.903821 0.751772 0.931489 0.751772 0.931489 0.777778 0.903821 0.777778
1 0.479578 0.968085 0.503293 0.968085 0.503293 0.990544 0.479578 0.990544
1 0.623188 0.908984 0.656126 0.908984 0.656126 0.943263 0.623188 0.943263
1 0.679843 0.963356 0.703557 0.963356 0.703557 0.989362 0.679843 0.989362
1 0.728591 0.936171 0.752305 0.936171 0.752305 0.958630 0.728591 0.958630
1 0.408432 0.803782 0.429512 0.803782 0.429512 0.829788 0.408432 0.829788
1 0.458498 0.895980 0.487484 0.895980 0.487484 0.917257 0.458498 0.917257
1 0.480896 0.765957 0.505929 0.765957 0.505929 0.793145 0.480896 0.793145
1 0.521739 0.820330 0.550725 0.820330 0.550725 0.843971 0.521739 0.843971
1 0.361001 0.929078 0.388669 0.929078 0.388669 0.946808 0.361001 0.946808
1 0.554677 0.917258 0.582345 0.917258 0.582345 0.938535 0.554677 0.938535
1 0.592885 0.970449 0.617919 0.970449 0.617919 0.991726 0.592885 0.991726
1 0.818182 0.283687 0.844532 0.283687 0.844532 0.307329 0.818182 0.307329
1 0.895915 0.364065 0.920949 0.364065 0.920949 0.384160 0.895915 0.384160
1 0.915679 0.339244 0.942029 0.339244 0.942029 0.358156 0.915679 0.358156
1 0.945981 0.328605 0.971015 0.328605 0.971015 0.353429 0.945981 0.353429
1 0.953887 0.288416 0.980237 0.288416 0.980237 0.314420 0.953887 0.314420
1 0.905138 0.140661 0.927536 0.140661 0.927536 0.163121 0.905138 0.163121
1 0.909091 0.236406 0.927536 0.236406 0.927536 0.260047 0.909091 0.260047
1 0.819500 0.332152 0.843214 0.332152 0.843214 0.349882 0.819500 0.349882
1 0.967063 0.366430 0.990777 0.366430 0.990777 0.387707 0.967063 0.387707
1 0.819499 0.394798 0.837944 0.394798 0.837944 0.418440 0.819499 0.418440
1 0.831357 0.449172 0.859025 0.449172 0.859025 0.475178 0.831357 0.475178
1 0.836627 0.406620 0.857707 0.406620 0.857707 0.429079 0.836627 0.429079
1 0.803690 0.503545 0.827404 0.503545 0.827404 0.524822 0.803690 0.524822
1 0.722002 0.420803 0.745717 0.420803 0.745717 0.442080 0.722002 0.442080
1 0.693018 0.390070 0.716732 0.390070 0.716732 0.416076 0.693018 0.416076
1 0.722002 0.613475 0.750988 0.613475 0.750988 0.638298 0.722002 0.638298
1 0.752305 0.601654 0.782608 0.601654 0.782608 0.627660 0.752305 0.627660
1 0.766798 0.544917 0.789196 0.544917 0.789196 0.561465 0.766798 0.561465
1 0.753623 0.574468 0.776021 0.574468 0.776021 0.593380 0.753623 0.593380
1 0.832674 0.508274 0.851120 0.508274 0.851120 0.530733 0.832674 0.530733
1 0.844533 0.524822 0.862978 0.524822 0.862978 0.548463 0.844533 0.548463
1 0.843215 0.576832 0.865613 0.576832 0.865613 0.598109 0.843215 0.598109
1 0.897233 0.401892 0.919631 0.401892 0.919631 0.425533 0.897233 0.425533
1 0.910408 0.444444 0.935442 0.444444 0.935442 0.469268 0.910408 0.469268
1 0.936758 0.429078 0.961792 0.429078 0.961792 0.452719 0.936758 0.452719
1 0.948617 0.457446 0.974967 0.457446 0.974967 0.482270 0.948617 0.482270
1 0.974967 0.419621 0.997365 0.419621 0.997365 0.443263 0.974967 0.443263
1 0.969697 0.546099 0.990777 0.546099 0.990777 0.568558 0.969697 0.568558
1 0.973650 0.513003 1.000000 0.513003 1.000000 0.534280 0.973650 0.534280
1 0.974967 0.341608 0.996047 0.341608 0.996047 0.361702 0.974967 0.361702
1 0.952569 0.407802 0.972332 0.407802 0.972332 0.425532 0.952569 0.425532
1 0.956522 0.390071 0.976284 0.390071 0.976284 0.408983 0.956522 0.408983
1 0.805007 0.859337 0.835310 0.859337 0.835310 0.882978 0.805007 0.882978
1 0.856390 0.878251 0.888010 0.878251 0.888010 0.910165 0.856390 0.910165
1 0.683794 0.921986 0.712780 0.921986 0.712780 0.945627 0.683794 0.945627
1 0.708827 0.903073 0.731225 0.903073 0.731225 0.924350 0.708827 0.924350
1 0.710145 0.861702 0.736495 0.861702 0.736495 0.885343 0.710145 0.885343
1 0.766798 0.806146 0.789196 0.806146 0.789196 0.829788 0.766798 0.829788
1 0.791831 0.807329 0.819499 0.807329 0.819499 0.833334 0.791831 0.833334
1 0.915678 0.667849 0.934123 0.667849 0.934123 0.698581 0.915678 0.698581
1 0.814230 0.764775 0.844533 0.764775 0.844533 0.791963 0.814230 0.791963
1 0.959157 0.757683 0.986825 0.757683 0.986825 0.787235 0.959157 0.787235
1 0.712780 0.968085 0.744400 0.968085 0.744400 0.991726 0.712780 0.991726
1 0.635046 0.724587 0.661396 0.724587 0.661396 0.750592 0.635046 0.750592
1 0.615283 0.751772 0.644269 0.751772 0.644269 0.773049 0.615283 0.773049
1 0.613966 0.710402 0.636364 0.710402 0.636364 0.735225 0.613966 0.735225
1 0.467721 0.641844 0.490119 0.641844 0.490119 0.661938 0.467721 0.661938
1 0.420290 0.903073 0.442688 0.903073 0.442688 0.930261 0.420290 0.930261
1 0.669301 0.906620 0.689064 0.906620 0.689064 0.926714 0.669301 0.926714
1 0.495389 0.609928 0.525691 0.609928 0.525691 0.638298 0.495389 0.638298
1 0.590251 0.529550 0.621871 0.529550 0.621871 0.555555 0.590251 0.555555
1 0.612648 0.593381 0.645586 0.593381 0.645586 0.625296 0.612648 0.625296
1 0.628459 0.633570 0.654809 0.633570 0.654809 0.658393 0.628459 0.658393
1 0.596838 0.423167 0.623188 0.423167 0.623188 0.445626 0.596838 0.445626
1 0.565218 0.676123 0.588932 0.676123 0.588932 0.695036 0.565218 0.695036
1 0.541502 0.661938 0.565217 0.661938 0.565217 0.684397 0.541502 0.684397
1 0.596838 0.352245 0.624506 0.352245 0.624506 0.380614 0.596838 0.380614
1 0.533597 0.239953 0.559947 0.239953 0.559947 0.270686 0.533597 0.270686
1 0.569170 0.238770 0.591568 0.238770 0.591568 0.257684 0.569170 0.257684
1 0.594203 0.224586 0.616601 0.224586 0.616601 0.248228 0.594203 0.248228
1 0.451910 0.312057 0.476943 0.312057 0.476943 0.335698 0.451910 0.335698
1 0.159421 0.874704 0.184453 0.874704 0.184453 0.895981 0.159421 0.895981
1 0.127800 0.866430 0.155468 0.866430 0.155468 0.885343 0.127800 0.885343
1 0.129117 0.819148 0.155467 0.819148 0.155467 0.843971 0.129117 0.843971
1 0.316206 0.973996 0.341239 0.973996 0.341239 0.997637 0.316206 0.997637
1 0.281950 0.951536 0.308300 0.951536 0.308300 0.981088 0.281950 0.981088
1 0.255600 0.977542 0.280633 0.977542 0.280633 0.997637 0.255600 0.997637
1 0.006587 0.880614 0.031620 0.880614 0.031620 0.899527 0.006587 0.899527
1 0.007905 0.585106 0.034255 0.585106 0.034255 0.607565 0.007905 0.607565
1 0.034256 0.565011 0.060606 0.565011 0.060606 0.588653 0.034256 0.588653
1 0.131752 0.539006 0.162056 0.539006 0.162056 0.563829 0.131752 0.563829
1 0.308300 0.651301 0.335968 0.651301 0.335968 0.672578 0.308300 0.672578
1 0.054018 0.509456 0.076416 0.509456 0.076416 0.537826 0.054018 0.537826
1 0.089592 0.430260 0.114625 0.430260 0.114625 0.447990 0.089592 0.447990
1 0.354414 0.322694 0.376812 0.322694 0.376812 0.347518 0.354414 0.347518
1 0.378129 0.356973 0.404479 0.356973 0.404479 0.378250 0.378129 0.378250
1 0.316206 0.373523 0.342556 0.373523 0.342556 0.400709 0.316206 0.400709
1 0.467720 0.517730 0.491436 0.517730 0.491436 0.540189 0.467720 0.540189
1 0.627141 0.526004 0.654809 0.526004 0.654809 0.548463 0.627141 0.548463
1 0.000000 0.133569 0.017128 0.133569 0.017128 0.157211 0.000000 0.157211
1 0.063242 0.009456 0.086956 0.009456 0.086956 0.035461 0.063242 0.035461
1 0.133070 0.244680 0.154150 0.244680 0.154150 0.275413 0.133070 0.275413
1 0.440053 0.491726 0.466403 0.491726 0.466403 0.510638 0.440053 0.510638
1 0.405797 0.528369 0.426877 0.528369 0.426877 0.544917 0.405797 0.544917
1 0.046114 0.412530 0.072464 0.412530 0.072464 0.430260 0.046114 0.430260
1 0.015810 0.386525 0.031620 0.386525 0.031620 0.399527 0.015810 0.399527
1 0.000000 0.425532 0.022398 0.425532 0.022398 0.446808 0.000000 0.446808
1 0.184453 0.222223 0.206851 0.222223 0.206851 0.247046 0.184453 0.247046
1 0.206851 0.284869 0.234519 0.284869 0.234519 0.308511 0.206851 0.308511
1 0.229249 0.793145 0.252964 0.793145 0.252964 0.814422 0.229249 0.814422
1 0.463769 0.842789 0.488801 0.842789 0.488801 0.871159 0.463769 0.871159
1 0.748353 0.838062 0.776021 0.838062 0.776021 0.859339 0.748353 0.859339
1 0.600791 0.780142 0.628459 0.780142 0.628459 0.803783 0.600791 0.803783
1 0.517787 0.939716 0.544137 0.939716 0.544137 0.962175 0.517787 0.962175
1 0.600791 0.943263 0.624505 0.943263 0.624505 0.965722 0.600791 0.965722
1 0.338603 0.768321 0.361001 0.768321 0.361001 0.789598 0.338603 0.789598
1 0.384717 0.572103 0.409749 0.572103 0.409749 0.596927 0.384717 0.596927
1 0.357048 0.617022 0.376811 0.617022 0.376811 0.638298 0.357048 0.638298
1 0.364954 0.672577 0.389987 0.672577 0.389987 0.695036 0.364954 0.695036
1 0.191041 0.566194 0.217391 0.566194 0.217391 0.592199 0.191041 0.592199
1 0.295125 0.531914 0.317523 0.531914 0.317523 0.554373 0.295125 0.554373
1 0.640316 0.366430 0.671936 0.366430 0.671936 0.395981 0.640316 0.395981
2 0.274045 0.186761 0.299077 0.186761 0.299077 0.212766 0.274045 0.212766
2 0.440053 0.143025 0.467721 0.143025 0.467721 0.169031 0.440053 0.169031
2 0.432147 0.105201 0.455863 0.105201 0.455863 0.128841 0.432147 0.128841
2 0.353096 0.470450 0.386034 0.470450 0.386034 0.497636 0.353096 0.497636
2 0.563899 0.501181 0.588933 0.501181 0.588933 0.524822 0.563899 0.524822
2 0.172595 0.656029 0.204216 0.656029 0.204216 0.683216 0.172595 0.683216
2 0.581027 0.573286 0.616600 0.573286 0.616600 0.600473 0.581027 0.600473
2 0.252964 0.348699 0.285902 0.348699 0.285902 0.372341 0.252964 0.372341
2 0.467720 0.559102 0.499341 0.559102 0.499341 0.592198 0.467720 0.592198
2 0.524374 0.566194 0.559948 0.566194 0.559948 0.593381 0.524374 0.593381
2 0.653491 0.574469 0.682477 0.574469 0.682477 0.609930 0.653491 0.609930
2 0.417655 0.156028 0.444005 0.156028 0.444005 0.186761 0.417655 0.186761
2 0.254281 0.208038 0.279314 0.208038 0.279314 0.241135 0.254281 0.241135
2 0.306983 0.193854 0.330699 0.193854 0.330699 0.223405 0.306983 0.223405
2 0.140974 0.172576 0.171277 0.172576 0.171277 0.208038 0.140974 0.208038
2 0.101449 0.731679 0.129117 0.731679 0.129117 0.752955 0.101449 0.752955
2 0.150197 0.682033 0.185771 0.682033 0.185771 0.702128 0.150197 0.702128
