2 0.364616 0.084052 0.432308 0.084052 0.432308 0.151940 0.364616 0.151940
2 0.820000 0.927802 0.886154 0.927802 0.886154 0.969828 0.820000 0.969828
2 0.218461 0.616379 0.267692 0.616379 0.267692 0.665948 0.218461 0.665948
2 0.181538 0.164871 0.236924 0.164871 0.236924 0.201509 0.181538 0.201509
2 0.201539 0.489224 0.289231 0.489224 0.289231 0.556034 0.201539 0.556034
2 0.318461 0.440733 0.355384 0.440733 0.355384 0.470905 0.318461 0.470905
2 0.350769 0.477371 0.396923 0.477371 0.396923 0.506466 0.350769 0.506466
2 0.096923 0.357759 0.136923 0.357759 0.136923 0.383621 0.096923 0.383621
2 0.650769 0.182112 0.690769 0.182112 0.690769 0.218750 0.650769 0.218750
2 0.572308 0.207974 0.652308 0.207974 0.652308 0.258621 0.572308 0.258621
2 0.324616 0.150862 0.380001 0.150862 0.380001 0.185344 0.324616 0.185344
2 0.340000 0.310345 0.406154 0.310345 0.406154 0.373923 0.340000 0.373923
2 0.858462 0.889008 0.912308 0.889008 0.912308 0.923492 0.858462 0.923492
