1 0.697916 0.216081 0.812500 0.216081 0.812500 0.311558 0.697916 0.311558
1 0.546875 0.678392 0.640625 0.678392 0.640625 0.778895 0.546875 0.778895
1 0.093751 0.251256 0.177084 0.251256 0.177084 0.351760 0.093751 0.351760
1 0.161459 0.326633 0.239584 0.326633 0.239584 0.417085 0.161459 0.417085
1 0.531250 0.045226 0.619792 0.045226 0.619792 0.135678 0.531250 0.135678
1 0.421875 0.216081 0.515625 0.216081 0.515625 0.301508 0.421875 0.301508
1 0.744792 0.060302 0.843750 0.060302 0.843750 0.160804 0.744792 0.160804
1 0.302083 0.130653 0.395833 0.130653 0.395833 0.211055 0.302083 0.211055
1 0.380208 0.402009 0.447916 0.402009 0.447916 0.477386 0.380208 0.477386
2 0.687500 0.336683 0.817708 0.336683 0.817708 0.462311 0.687500 0.462311
2 0.234375 0.457287 0.364583 0.457287 0.364583 0.582915 0.234375 0.582915
2 0.114584 0.542714 0.255209 0.542714 0.255209 0.668342 0.114584 0.668342
2 0.526042 0.175880 0.661458 0.175880 0.661458 0.311558 0.526042 0.311558
2 0.494792 0.321608 0.625000 0.321608 0.625000 0.492462 0.494792 0.492462
2 0.427084 0.502513 0.562501 0.502513 0.562501 0.628141 0.427084 0.628141
2 0.286459 0.286432 0.427084 0.286432 0.427084 0.391960 0.286459 0.391960
