1 0.194366 0.011765 0.245070 0.011765 0.245070 0.067647 0.194366 0.067647
1 0.256338 0.047059 0.298592 0.047059 0.298592 0.085293 0.256338 0.085293
1 0.273239 0.005883 0.321126 0.005883 0.321126 0.044118 0.273239 0.044118
1 0.304225 0.064705 0.352112 0.064705 0.352112 0.126471 0.304225 0.126471
1 0.363380 0.105882 0.416902 0.105882 0.416902 0.167648 0.363380 0.167648
1 0.411268 0.161765 0.461972 0.161765 0.461972 0.232353 0.411268 0.232353
1 0.481690 0.141176 0.538028 0.141176 0.538028 0.194117 0.481690 0.194117
1 0.549296 0.152941 0.594366 0.152941 0.594366 0.200000 0.549296 0.200000
1 0.591549 0.129412 0.650705 0.129412 0.650705 0.185294 0.591549 0.185294
1 0.478873 0.085294 0.529577 0.085294 0.529577 0.129412 0.478873 0.129412
1 0.495775 0.032353 0.552113 0.032353 0.552113 0.097059 0.495775 0.097059
1 0.202817 0.188235 0.247887 0.188235 0.247887 0.244117 0.202817 0.244117
1 0.259154 0.270588 0.298592 0.270588 0.298592 0.320588 0.259154 0.320588
1 0.380282 0.305882 0.442254 0.305882 0.442254 0.364706 0.380282 0.364706
1 0.092958 0.288236 0.154930 0.288236 0.154930 0.350000 0.092958 0.350000
1 0.171830 0.282353 0.230986 0.282353 0.230986 0.335294 0.171830 0.335294
1 0.228169 0.338235 0.273239 0.338235 0.273239 0.391176 0.228169 0.391176
1 0.292957 0.352941 0.340844 0.352941 0.340844 0.397059 0.292957 0.397059
1 0.169014 0.335294 0.228169 0.335294 0.228169 0.376470 0.169014 0.376470
1 0.022535 0.270588 0.081690 0.270588 0.081690 0.326470 0.022535 0.326470
1 0.064788 0.194117 0.118310 0.194117 0.118310 0.252941 0.064788 0.252941
1 0.464789 0.238236 0.543662 0.238236 0.543662 0.300001 0.464789 0.300001
1 0.515494 0.320588 0.569014 0.320588 0.569014 0.376470 0.515494 0.376470
1 0.600001 0.311764 0.653521 0.311764 0.653521 0.364706 0.600001 0.364706
1 0.723943 0.338235 0.783099 0.338235 0.783099 0.397059 0.723943 0.397059
1 0.611267 0.388236 0.653521 0.388236 0.653521 0.441177 0.611267 0.441177
1 0.498592 0.388236 0.543662 0.388236 0.543662 0.450000 0.498592 0.450000
1 0.425352 0.388236 0.478874 0.388236 0.478874 0.441177 0.425352 0.441177
1 0.383098 0.441177 0.436619 0.441177 0.436619 0.497059 0.383098 0.497059
1 0.321127 0.455883 0.380281 0.455883 0.380281 0.529412 0.321127 0.529412
1 0.109859 0.400000 0.157747 0.400000 0.157747 0.452941 0.109859 0.452941
1 0.076056 0.432353 0.118310 0.432353 0.118310 0.467647 0.076056 0.467647
1 0.016902 0.888235 0.067606 0.888235 0.067606 0.952941 0.016902 0.952941
1 0.047887 0.941176 0.104225 0.941176 0.104225 1.000000 0.047887 1.000000
1 0.109859 0.900000 0.174648 0.900000 0.174648 0.950000 0.109859 0.950000
1 0.230986 0.870588 0.267606 0.870588 0.267606 0.935294 0.230986 0.935294
1 0.259155 0.917647 0.309859 0.917647 0.309859 0.976471 0.259155 0.976471
1 0.354929 0.917647 0.422535 0.917647 0.422535 0.958823 0.354929 0.958823
1 0.374647 0.850000 0.428169 0.850000 0.428169 0.905882 0.374647 0.905882
1 0.357746 0.750000 0.411268 0.750000 0.411268 0.835294 0.357746 0.835294
1 0.185916 0.788236 0.236620 0.788236 0.236620 0.841176 0.185916 0.841176
1 0.078874 0.770588 0.149296 0.770588 0.149296 0.841176 0.078874 0.841176
1 0.053521 0.738236 0.104225 0.738236 0.104225 0.791176 0.053521 0.791176
1 0.197183 0.723530 0.261972 0.723530 0.261972 0.776470 0.197183 0.776470
1 0.307042 0.705882 0.363380 0.705882 0.363380 0.744117 0.307042 0.744117
1 0.442254 0.808823 0.487324 0.808823 0.487324 0.870588 0.442254 0.870588
1 0.949296 0.952941 1.000000 0.952941 1.000000 1.000000 0.949296 1.000000
1 0.808451 0.935294 0.861972 0.935294 0.861972 0.994118 0.808451 0.994118
1 0.856339 0.823529 0.904226 0.823529 0.904226 0.885294 0.856339 0.885294
1 0.929578 0.814706 0.974648 0.814706 0.974648 0.873530 0.929578 0.873530
1 0.802817 0.791177 0.853521 0.791177 0.853521 0.861765 0.802817 0.861765
1 0.738028 0.785294 0.783098 0.785294 0.783098 0.844118 0.738028 0.844118
1 0.825352 0.755882 0.876056 0.755882 0.876056 0.805882 0.825352 0.805882
1 0.878873 0.744117 0.935211 0.744117 0.935211 0.791176 0.878873 0.791176
1 0.783099 0.661765 0.839437 0.661765 0.839437 0.726471 0.783099 0.726471
1 0.856337 0.658824 0.915493 0.658824 0.915493 0.720589 0.856337 0.720589
1 0.616901 0.867647 0.676057 0.867647 0.676057 0.923529 0.616901 0.923529
1 0.650705 0.932353 0.698592 0.932353 0.698592 0.997059 0.650705 0.997059
1 0.549296 0.829412 0.594366 0.829412 0.594366 0.879412 0.549296 0.879412
1 0.484507 0.826471 0.523944 0.826471 0.523944 0.897059 0.484507 0.897059
1 0.659155 0.729412 0.712676 0.729412 0.712676 0.779412 0.659155 0.779412
1 0.600000 0.711765 0.645070 0.711765 0.645070 0.758823 0.600000 0.758823
1 0.726761 0.685295 0.777465 0.685295 0.777465 0.732353 0.726761 0.732353
1 0.616901 0.647059 0.670422 0.647059 0.670422 0.697059 0.616901 0.697059
1 0.602817 0.588235 0.656338 0.588235 0.656338 0.652941 0.602817 0.652941
1 0.523944 0.623529 0.571831 0.623529 0.571831 0.673529 0.523944 0.673529
1 0.484507 0.573529 0.526761 0.573529 0.526761 0.638235 0.484507 0.638235
1 0.594366 0.499999 0.650704 0.499999 0.650704 0.561764 0.594366 0.561764
1 0.678874 0.491176 0.738029 0.491176 0.738029 0.544117 0.678874 0.544117
1 0.819718 0.585294 0.870422 0.585294 0.870422 0.650000 0.819718 0.650000
1 0.850704 0.500000 0.907042 0.500000 0.907042 0.576470 0.850704 0.576470
1 0.915493 0.632354 0.960563 0.632354 0.960563 0.685294 0.915493 0.685294
1 0.960564 0.602942 1.000000 0.602942 1.000000 0.676470 0.960564 0.676470
1 0.935211 0.547059 0.977465 0.547059 0.977465 0.611765 0.935211 0.611765
1 0.915493 0.505882 0.966197 0.505882 0.966197 0.564706 0.915493 0.564706
1 0.349295 0.617646 0.402817 0.617646 0.402817 0.664705 0.349295 0.664705
1 0.383099 0.655883 0.430986 0.655883 0.430986 0.702941 0.383099 0.702941
1 0.425352 0.550001 0.476056 0.550001 0.476056 0.617648 0.425352 0.617648
1 0.315493 0.538236 0.385916 0.538236 0.385916 0.620588 0.315493 0.620588
1 0.278873 0.623529 0.321127 0.623529 0.321127 0.661764 0.278873 0.661764
1 0.211267 0.529412 0.270423 0.529412 0.270423 0.573530 0.211267 0.573530
1 0.135211 0.517647 0.191549 0.517647 0.191549 0.576471 0.135211 0.576471
1 0.490141 0.479412 0.557747 0.479412 0.557747 0.532353 0.490141 0.532353
1 0.169015 0.670589 0.222535 0.670589 0.222535 0.717647 0.169015 0.717647
1 0.005635 0.605883 0.078873 0.605883 0.078873 0.658824 0.005635 0.658824
1 0.002817 0.720588 0.047887 0.720588 0.047887 0.779412 0.002817 0.779412
1 0.847887 0.276470 0.904225 0.276470 0.904225 0.335294 0.847887 0.335294
1 0.870423 0.350001 0.921127 0.350001 0.921127 0.423530 0.870423 0.423530
1 0.935212 0.329411 0.988733 0.329411 0.988733 0.397058 0.935212 0.397058
1 0.805634 0.338235 0.856338 0.338235 0.856338 0.405882 0.805634 0.405882
1 0.777465 0.397059 0.825352 0.397059 0.825352 0.455883 0.777465 0.455883
1 0.726761 0.435294 0.771831 0.435294 0.771831 0.491176 0.726761 0.491176
1 0.678873 0.391176 0.721127 0.391176 0.721127 0.444117 0.678873 0.444117
1 0.695774 0.223529 0.763380 0.223529 0.763380 0.270589 0.695774 0.270589
1 0.628170 0.232353 0.681690 0.232353 0.681690 0.291177 0.628170 0.291177
1 0.805634 0.158823 0.861972 0.158823 0.861972 0.217647 0.805634 0.217647
1 0.881690 0.167647 0.952112 0.167647 0.952112 0.232353 0.881690 0.232353
1 0.763381 0.238235 0.859155 0.238235 0.859155 0.332353 0.763381 0.332353
1 0.898592 0.038235 0.949296 0.038235 0.949296 0.094117 0.898592 0.094117
1 0.811268 0.058824 0.864788 0.058824 0.864788 0.150000 0.811268 0.150000
1 0.876056 0.094117 0.932394 0.094117 0.932394 0.138235 0.876056 0.138235
1 0.738028 0.105882 0.785915 0.105882 0.785915 0.155882 0.738028 0.155882
1 0.704226 0.076471 0.743663 0.076471 0.743663 0.123530 0.704226 0.123530
1 0.611268 0.017647 0.667606 0.017647 0.667606 0.079411 0.611268 0.079411
1 0.752113 0.167647 0.788733 0.167647 0.788733 0.211765 0.752113 0.211765
1 0.653521 0.120588 0.690141 0.120588 0.690141 0.188236 0.653521 0.188236
1 0.312677 0.147059 0.371831 0.147059 0.371831 0.232353 0.312677 0.232353
1 0.047887 0.123529 0.138028 0.123529 0.138028 0.167647 0.047887 0.167647
1 0.025352 0.055882 0.087324 0.055882 0.087324 0.114706 0.025352 0.114706
1 0.149296 0.458823 0.200000 0.458823 0.200000 0.502941 0.149296 0.502941
1 0.185915 0.426471 0.245070 0.426471 0.245070 0.473529 0.185915 0.473529
1 0.002817 0.338235 0.059155 0.338235 0.059155 0.423529 0.002817 0.423529
