0 0.150485 0.333334 0.203883 0.333334 0.203883 0.377888 0.150485 0.377888
0 0.281553 0.326732 0.347087 0.326732 0.347087 0.376238 0.281553 0.376238
0 0.138350 0.382838 0.262136 0.382838 0.262136 0.432343 0.138350 0.432343
0 0.143204 0.440594 0.252427 0.440594 0.252427 0.478548 0.143204 0.478548
0 0.628641 0.437294 0.703883 0.437294 0.703883 0.516502 0.628641 0.516502
1 0.046116 0.085809 0.082524 0.085809 0.082524 0.127063 0.046116 0.127063
1 0.004854 0.176568 0.041262 0.176568 0.041262 0.204621 0.004854 0.204621
1 0.031553 0.160066 0.094660 0.160066 0.094660 0.184818 0.031553 0.184818
1 0.126213 0.138615 0.174757 0.138615 0.174757 0.171618 0.126213 0.171618
1 0.206311 0.140265 0.249999 0.140265 0.249999 0.169967 0.206311 0.169967
1 0.252428 0.117162 0.291262 0.117162 0.291262 0.150165 0.252428 0.150165
1 0.174758 0.174918 0.218446 0.174918 0.218446 0.206271 0.174758 0.206271
1 0.104369 0.214522 0.152913 0.214522 0.152913 0.247525 0.104369 0.247525
1 0.116505 0.064357 0.157767 0.064357 0.157767 0.089109 0.116505 0.089109
1 0.135923 0.094060 0.174758 0.094060 0.174758 0.125413 0.135923 0.125413
1 0.184467 0.066007 0.228155 0.066007 0.228155 0.090759 0.184467 0.090759
1 0.179611 0.100660 0.225728 0.100660 0.225728 0.133663 0.179611 0.133663
1 0.257281 0.069307 0.300970 0.069307 0.300970 0.100659 0.257281 0.100659
1 0.300971 0.108911 0.342233 0.108911 0.342233 0.130363 0.300971 0.130363
1 0.342232 0.094060 0.393203 0.094060 0.393203 0.125413 0.342232 0.125413
1 0.412622 0.102310 0.456311 0.102310 0.456311 0.132014 0.412622 0.132014
1 0.424758 0.057756 0.463592 0.057756 0.463592 0.089108 0.424758 0.089108
1 0.087378 0.321782 0.138350 0.321782 0.138350 0.351486 0.087378 0.351486
1 0.097087 0.359736 0.133495 0.359736 0.133495 0.379538 0.097087 0.379538
1 0.084951 0.270627 0.123787 0.270627 0.123787 0.297030 0.084951 0.297030
1 0.177185 0.221122 0.220874 0.221122 0.220874 0.244224 0.177185 0.244224
1 0.199029 0.245875 0.254854 0.245875 0.254854 0.270627 0.199029 0.270627
1 0.254854 0.211221 0.298543 0.211221 0.298543 0.242574 0.254854 0.242574
1 0.135923 0.283829 0.186893 0.283829 0.186893 0.315182 0.135923 0.315182
1 0.303398 0.287129 0.344660 0.287129 0.344660 0.316832 0.303398 0.316832
1 0.337379 0.267327 0.378641 0.267327 0.378641 0.292079 0.337379 0.292079
1 0.446602 0.255775 0.485436 0.255775 0.485436 0.285479 0.446602 0.285479
1 0.419903 0.171617 0.458737 0.171617 0.458737 0.202970 0.419903 0.202970
1 0.381068 0.193069 0.419902 0.193069 0.419902 0.224422 0.381068 0.224422
1 0.495146 0.216172 0.541262 0.216172 0.541262 0.239274 0.495146 0.239274
1 0.563107 0.189769 0.599515 0.189769 0.599515 0.212871 0.563107 0.212871
1 0.594660 0.155115 0.643204 0.155115 0.643204 0.191419 0.594660 0.191419
1 0.499999 0.254126 0.533980 0.254126 0.533980 0.280528 0.499999 0.280528
1 0.524272 0.313532 0.575243 0.313532 0.575243 0.339934 0.524272 0.339934
1 0.410195 0.316832 0.453883 0.316832 0.453883 0.359736 0.410195 0.359736
1 0.558253 0.262376 0.589805 0.262376 0.589805 0.283828 0.558253 0.283828
1 0.582525 0.273928 0.614077 0.273928 0.614077 0.298680 0.582525 0.298680
1 0.584952 0.303631 0.623787 0.303631 0.623787 0.334983 0.584952 0.334983
1 0.558253 0.224422 0.604370 0.224422 0.604370 0.250825 0.558253 0.250825
1 0.599515 0.239274 0.645632 0.239274 0.645632 0.265676 0.599515 0.265676
1 0.322816 0.183168 0.364078 0.183168 0.364078 0.214522 0.322816 0.214522
1 0.276699 0.240924 0.325243 0.240924 0.325243 0.277228 0.276699 0.277228
1 0.235436 0.181518 0.286407 0.181518 0.286407 0.206270 0.235436 0.206270
1 0.257281 0.371287 0.293689 0.371287 0.293689 0.397689 0.257281 0.397689
1 0.048543 0.361386 0.087378 0.361386 0.087378 0.382838 0.048543 0.382838
1 0.002427 0.353135 0.050971 0.353135 0.050971 0.386138 0.002427 0.386138
1 0.041261 0.318482 0.075242 0.318482 0.075242 0.354786 0.041261 0.354786
1 0.155340 0.028053 0.203884 0.028053 0.203884 0.061055 0.155340 0.061055
1 0.118932 0.013202 0.165049 0.013202 0.165049 0.042904 0.118932 0.042904
1 0.206311 0.001649 0.249999 0.001649 0.249999 0.028053 0.206311 0.028053
1 0.293689 0.006600 0.339806 0.006600 0.339806 0.041253 0.293689 0.041253
1 0.385922 0.004951 0.415048 0.004951 0.415048 0.029703 0.385922 0.029703
1 0.626213 0.115512 0.674757 0.115512 0.674757 0.146865 0.626213 0.146865
1 0.660193 0.087459 0.694175 0.087459 0.694175 0.115512 0.660193 0.115512
1 0.706311 0.066006 0.745146 0.066006 0.745146 0.092410 0.706311 0.092410
1 0.754854 0.057756 0.796116 0.057756 0.796116 0.089108 0.754854 0.089108
1 0.745146 0.094060 0.783980 0.094060 0.783980 0.122112 0.745146 0.122112
1 0.628641 0.001649 0.682039 0.001649 0.682039 0.028053 0.628641 0.028053
1 0.793689 0.008251 0.834951 0.008251 0.834951 0.039603 0.793689 0.039603
1 0.844660 0.006601 0.888350 0.006601 0.888350 0.037954 0.844660 0.037954
1 0.815534 0.070957 0.849515 0.070957 0.849515 0.099010 0.815534 0.099010
1 0.839805 0.100659 0.883495 0.100659 0.883495 0.128713 0.839805 0.128713
1 0.803398 0.113862 0.844660 0.113862 0.844660 0.138614 0.803398 0.138614
1 0.626213 0.211221 0.669903 0.211221 0.669903 0.242574 0.626213 0.242574
1 0.677184 0.204621 0.711166 0.204621 0.711166 0.239274 0.677184 0.239274
1 0.779126 0.140264 0.830098 0.140264 0.830098 0.168317 0.779126 0.168317
1 0.832524 0.173267 0.868932 0.173267 0.868932 0.199671 0.832524 0.199671
1 0.895630 0.199669 0.941747 0.199669 0.941747 0.226073 0.895630 0.226073
1 0.737864 0.265676 0.788836 0.265676 0.788836 0.293729 0.737864 0.293729
1 0.713592 0.298679 0.754854 0.298679 0.754854 0.328383 0.713592 0.328383
1 0.652913 0.288779 0.696602 0.288779 0.696602 0.325083 0.652913 0.325083
1 0.672330 0.255776 0.708738 0.255776 0.708738 0.275578 0.672330 0.275578
1 0.718446 0.240924 0.752428 0.240924 0.752428 0.260726 0.718446 0.260726
1 0.728155 0.211222 0.769417 0.211222 0.769417 0.240924 0.728155 0.240924
1 0.691748 0.186468 0.723301 0.186468 0.723301 0.202970 0.691748 0.202970
1 0.832525 0.292079 0.888350 0.292079 0.888350 0.326733 0.832525 0.326733
1 0.793689 0.283829 0.834951 0.283829 0.834951 0.308581 0.793689 0.308581
1 0.951456 0.367987 0.985437 0.367987 0.985437 0.386139 0.951456 0.386139
1 0.800971 0.445545 0.837379 0.445545 0.837379 0.475248 0.800971 0.475248
1 0.757282 0.432343 0.798544 0.432343 0.798544 0.462047 0.757282 0.462047
1 0.667476 0.333334 0.703884 0.333334 0.703884 0.359736 0.667476 0.359736
1 0.635923 0.348185 0.667475 0.348185 0.667475 0.371287 0.635923 0.371287
1 0.546117 0.339933 0.589806 0.339933 0.589806 0.366336 0.546117 0.366336
1 0.640776 0.386138 0.684466 0.386138 0.684466 0.412541 0.640776 0.412541
1 0.648058 0.412541 0.694175 0.412541 0.694175 0.433993 0.648058 0.433993
1 0.594660 0.424093 0.631068 0.424093 0.631068 0.448845 0.594660 0.448845
1 0.587379 0.458746 0.618931 0.458746 0.618931 0.478548 0.587379 0.478548
1 0.538835 0.429043 0.587379 0.429043 0.587379 0.453795 0.538835 0.453795
1 0.563106 0.481849 0.597087 0.481849 0.597087 0.508251 0.563106 0.508251
1 0.575242 0.531354 0.618932 0.531354 0.618932 0.564356 0.575242 0.564356
1 0.628640 0.554455 0.672330 0.554455 0.672330 0.582509 0.628640 0.582509
1 0.720874 0.536304 0.757282 0.536304 0.757282 0.561056 0.720874 0.561056
1 0.766991 0.528053 0.798543 0.528053 0.798543 0.552805 0.766991 0.552805
1 0.830097 0.541254 0.871359 0.541254 0.871359 0.579208 0.830097 0.579208
1 0.810679 0.518152 0.849514 0.518152 0.849514 0.537954 0.810679 0.537954
1 0.774272 0.556105 0.820388 0.556105 0.820388 0.592409 0.774272 0.592409
1 0.834952 0.589109 0.876214 0.589109 0.876214 0.610561 0.834952 0.610561
1 0.939320 0.569308 0.987864 0.569308 0.987864 0.602310 0.939320 0.602310
1 0.917476 0.612211 0.958738 0.612211 0.958738 0.648515 0.917476 0.648515
1 0.781553 0.608911 0.834951 0.608911 0.834951 0.638614 0.781553 0.638614
1 0.711166 0.605611 0.754855 0.605611 0.754855 0.632014 0.711166 0.632014
1 0.543689 0.523102 0.570388 0.523102 0.570388 0.542904 0.543689 0.542904
1 0.478155 0.577558 0.514563 0.577558 0.514563 0.602310 0.478155 0.602310
1 0.485437 0.531353 0.526699 0.531353 0.526699 0.559407 0.485437 0.559407
1 0.514564 0.488449 0.553399 0.488449 0.553399 0.511551 0.514564 0.511551
1 0.478156 0.460396 0.524273 0.460396 0.524273 0.486798 0.478156 0.486798
1 0.398059 0.551156 0.441748 0.551156 0.441748 0.582508 0.398059 0.582508
1 0.436893 0.603961 0.463593 0.603961 0.463593 0.627063 0.436893 0.627063
1 0.359224 0.594060 0.390776 0.594060 0.390776 0.618812 0.359224 0.618812
1 0.317961 0.556106 0.359223 0.556106 0.359223 0.585809 0.317961 0.585809
1 0.310679 0.511551 0.342233 0.511551 0.342233 0.539605 0.310679 0.539605
1 0.441747 0.493400 0.478155 0.493400 0.478155 0.521453 0.441747 0.521453
1 0.381068 0.506601 0.436893 0.506601 0.436893 0.541254 0.381068 0.541254
1 0.378641 0.465346 0.415049 0.465346 0.415049 0.491749 0.378641 0.491749
1 0.322816 0.462046 0.361650 0.462046 0.361650 0.495049 0.322816 0.495049
1 0.417475 0.445545 0.473301 0.445545 0.473301 0.466997 0.417475 0.466997
1 0.473301 0.414191 0.509709 0.414191 0.509709 0.448845 0.473301 0.448845
1 0.538836 0.372938 0.594661 0.372938 0.594661 0.397690 0.538836 0.397690
1 0.507282 0.387789 0.548544 0.387789 0.548544 0.414191 0.507282 0.414191
1 0.402912 0.391089 0.451456 0.391089 0.451456 0.417491 0.402912 0.417491
1 0.327670 0.404290 0.368932 0.404290 0.368932 0.433994 0.327670 0.433994
1 0.861650 0.651815 0.907767 0.651815 0.907767 0.686469 0.861650 0.686469
1 0.815534 0.663367 0.844660 0.663367 0.844660 0.688119 0.815534 0.688119
1 0.839805 0.698019 0.885922 0.698019 0.885922 0.726073 0.839805 0.726073
1 0.885923 0.734324 0.924758 0.734324 0.924758 0.759076 0.885923 0.759076
1 0.946603 0.734324 0.978155 0.734324 0.978155 0.760726 0.946603 0.760726
1 0.895631 0.793729 0.936893 0.793729 0.936893 0.821783 0.895631 0.821783
1 0.791262 0.704620 0.827670 0.704620 0.827670 0.742574 0.791262 0.742574
1 0.735437 0.702971 0.776699 0.702971 0.776699 0.734324 0.735437 0.734324
1 0.730582 0.752475 0.781554 0.752475 0.781554 0.782178 0.730582 0.782178
1 0.783981 0.788778 0.825243 0.788778 0.825243 0.816832 0.783981 0.816832
1 0.837379 0.798679 0.876213 0.798679 0.876213 0.830032 0.837379 0.830032
1 0.771845 0.825083 0.813107 0.825083 0.813107 0.851486 0.771845 0.851486
1 0.645630 0.816831 0.691747 0.816831 0.691747 0.846534 0.645630 0.846534
1 0.650486 0.752475 0.689321 0.752475 0.689321 0.772277 0.650486 0.772277
1 0.626213 0.719472 0.677185 0.719472 0.677185 0.745874 0.626213 0.745874
1 0.621359 0.691419 0.662621 0.691419 0.662621 0.717822 0.621359 0.717822
1 0.604368 0.772277 0.643203 0.772277 0.643203 0.793729 0.604368 0.793729
1 0.609224 0.798681 0.655340 0.798681 0.655340 0.833334 0.609224 0.833334
1 0.565534 0.830033 0.611650 0.830033 0.611650 0.864687 0.565534 0.864687
1 0.563107 0.905941 0.604369 0.905941 0.604369 0.927393 0.563107 0.927393
1 0.538834 0.856436 0.572816 0.856436 0.572816 0.891089 0.538834 0.891089
1 0.524272 0.924092 0.565534 0.924092 0.565534 0.952146 0.524272 0.952146
1 0.543689 0.787129 0.584951 0.787129 0.584951 0.820131 0.543689 0.820131
1 0.558252 0.732673 0.611650 0.732673 0.611650 0.755775 0.558252 0.755775
1 0.504854 0.765676 0.553398 0.765676 0.553398 0.800330 0.504854 0.800330
1 0.504854 0.816831 0.546116 0.816831 0.546116 0.846534 0.504854 0.846534
1 0.436892 0.877888 0.470874 0.877888 0.470874 0.899340 0.436892 0.899340
1 0.432038 0.909241 0.512135 0.909241 0.512135 0.938944 0.432038 0.938944
1 0.342233 0.922443 0.381068 0.922443 0.381068 0.948846 0.342233 0.948846
1 0.320389 0.940593 0.364077 0.940593 0.364077 0.966996 0.320389 0.966996
1 0.303397 0.882838 0.337379 0.882838 0.337379 0.912542 0.303397 0.912542
1 0.349515 0.879538 0.376214 0.879538 0.376214 0.900990 0.349515 0.900990
1 0.390777 0.861386 0.419903 0.861386 0.419903 0.884488 0.390777 0.884488
1 0.364077 0.808580 0.398059 0.808580 0.398059 0.836634 0.364077 0.836634
1 0.463592 0.788779 0.497574 0.788779 0.497574 0.815182 0.463592 0.815182
1 0.429612 0.783829 0.461164 0.783829 0.461164 0.810231 0.429612 0.810231
1 0.419903 0.742575 0.466019 0.742575 0.466019 0.773927 0.419903 0.773927
1 0.135922 0.957095 0.177184 0.957095 0.177184 0.983498 0.135922 0.983498
1 0.189321 0.943894 0.233009 0.943894 0.233009 0.971948 0.189321 0.971948
1 0.264563 0.937294 0.305825 0.937294 0.305825 0.965347 0.264563 0.965347
1 0.133495 0.912541 0.162621 0.912541 0.162621 0.940595 0.133495 0.940595
1 0.169902 0.900990 0.216020 0.900990 0.216020 0.937294 0.169902 0.937294
1 0.225728 0.897690 0.264564 0.897690 0.264564 0.919142 0.225728 0.919142
1 0.228155 0.839933 0.264563 0.839933 0.264563 0.869637 0.228155 0.869637
1 0.138349 0.851486 0.174757 0.851486 0.174757 0.881189 0.138349 0.881189
1 0.332525 0.838283 0.371359 0.838283 0.371359 0.867986 0.332525 0.867986
1 0.281554 0.833333 0.327670 0.833333 0.327670 0.861387 0.281554 0.861387
1 0.252428 0.785478 0.291262 0.785478 0.291262 0.816831 0.252428 0.816831
1 0.138350 0.801980 0.182038 0.801980 0.182038 0.830034 0.138350 0.830034
1 0.036408 0.806930 0.077670 0.806930 0.077670 0.841584 0.036408 0.841584
1 0.189321 0.853135 0.228156 0.853135 0.228156 0.887788 0.189321 0.887788
1 0.162621 0.768976 0.203883 0.768976 0.203883 0.798679 0.162621 0.798679
1 0.203883 0.759076 0.240291 0.759076 0.240291 0.778878 0.203883 0.778878
1 0.342234 0.765677 0.385923 0.765677 0.385923 0.798679 0.342234 0.798679
1 0.276699 0.752475 0.322815 0.752475 0.322815 0.782178 0.276699 0.782178
1 0.378640 0.719473 0.424757 0.719473 0.424757 0.752475 0.378640 0.752475
1 0.388350 0.679867 0.429612 0.679867 0.429612 0.709570 0.388350 0.709570
1 0.269418 0.719472 0.315534 0.719472 0.315534 0.745874 0.269418 0.745874
1 0.473301 0.935643 0.514563 0.935643 0.514563 0.965346 0.473301 0.965346
1 0.179611 0.683169 0.235436 0.683169 0.235436 0.707921 0.179611 0.707921
1 0.123786 0.706271 0.160194 0.706271 0.160194 0.740924 0.123786 0.740924
1 0.310680 0.656766 0.364078 0.656766 0.364078 0.689768 0.310680 0.689768
1 0.140776 0.650166 0.179612 0.650166 0.179612 0.681519 0.140776 0.681519
1 0.184467 0.622113 0.228155 0.622113 0.228155 0.653466 0.184467 0.653466
1 0.220874 0.594059 0.262136 0.594059 0.262136 0.622113 0.220874 0.622113
1 0.174758 0.531354 0.218446 0.531354 0.218446 0.562706 0.174758 0.562706
1 0.165049 0.493400 0.206311 0.493400 0.206311 0.521453 0.165049 0.521453
1 0.007282 0.655115 0.048544 0.655115 0.048544 0.683169 0.007282 0.683169
1 0.012135 0.714522 0.050971 0.714522 0.050971 0.745874 0.012135 0.745874
