0 0.011517 0.015422 0.033590 0.015422 0.033590 0.051008 0.011517 0.051008
0 0.071976 0.180308 0.107486 0.180308 0.107486 0.228944 0.071976 0.228944
0 0.174665 0.157770 0.220730 0.157770 0.220730 0.215896 0.174665 0.215896
0 0.225528 0.010676 0.269674 0.010676 0.269674 0.043891 0.225528 0.043891
0 0.189059 0.026097 0.220729 0.026097 0.220729 0.056939 0.189059 0.056939
0 0.107485 0.105575 0.128599 0.105575 0.128599 0.124555 0.107485 0.124555
0 0.107486 0.091340 0.125720 0.091340 0.125720 0.107948 0.107486 0.107948
0 0.095970 0.336892 0.131478 0.336892 0.131478 0.377224 0.095970 0.377224
0 0.052783 0.345195 0.083493 0.345195 0.083493 0.391459 0.052783 0.391459
0 0.125720 0.274021 0.166026 0.274021 0.166026 0.304863 0.125720 0.304863
0 0.065258 0.258601 0.088291 0.258601 0.088291 0.282326 0.065258 0.282326
0 0.329175 0.047450 0.358925 0.047450 0.358925 0.084223 0.329175 0.084223
0 0.379079 0.040332 0.415547 0.040332 0.415547 0.079478 0.379079 0.079478
0 0.341650 0.094899 0.369482 0.094899 0.369482 0.125741 0.341650 0.125741
0 0.469290 0.113878 0.492322 0.113878 0.492322 0.148280 0.469290 0.148280
0 0.549904 0.124555 0.575816 0.124555 0.575816 0.166073 0.549904 0.166073
0 0.449136 0.172005 0.488484 0.172005 0.488484 0.211151 0.449136 0.211151
0 0.337811 0.193357 0.372361 0.193357 0.372361 0.234875 0.337811 0.234875
0 0.004798 0.311981 0.036468 0.311981 0.036468 0.342823 0.004798 0.342823
0 0.097889 0.284697 0.122841 0.284697 0.122841 0.311981 0.097889 0.311981
0 0.151632 0.359431 0.190979 0.359431 0.190979 0.390273 0.151632 0.390273
0 0.065259 0.408066 0.121881 0.408066 0.121881 0.451958 0.065259 0.451958
0 0.129559 0.404508 0.153551 0.404508 0.153551 0.448399 0.129559 0.448399
0 0.161228 0.398577 0.192898 0.398577 0.192898 0.438909 0.161228 0.438909
0 0.113243 0.437723 0.141074 0.437723 0.141074 0.468565 0.113243 0.468565
0 0.103647 0.480428 0.136277 0.480428 0.136277 0.517200 0.103647 0.517200
0 0.174665 0.466193 0.214971 0.466193 0.214971 0.510084 0.174665 0.510084
0 0.445298 0.309609 0.481766 0.309609 0.481766 0.354686 0.445298 0.354686
0 0.491362 0.204033 0.525911 0.204033 0.525911 0.264531 0.491362 0.264531
0 0.507678 0.246738 0.535508 0.246738 0.535508 0.285884 0.507678 0.285884
0 0.437620 0.376038 0.478886 0.376038 0.478886 0.418743 0.437620 0.418743
0 0.355086 0.472123 0.387716 0.472123 0.387716 0.502965 0.355086 0.502965
0 0.277351 0.497035 0.316698 0.497035 0.316698 0.538553 0.277351 0.538553
0 0.219770 0.530249 0.246640 0.530249 0.246640 0.559905 0.219770 0.559905
0 0.245681 0.516015 0.278311 0.516015 0.278311 0.571767 0.245681 0.571767
0 0.323416 0.507711 0.356046 0.507711 0.356046 0.544484 0.323416 0.544484
0 0.404031 0.512455 0.447217 0.512455 0.447217 0.551601 0.404031 0.551601
0 0.462572 0.476868 0.512476 0.476868 0.512476 0.517200 0.462572 0.517200
0 0.585413 0.308423 0.621881 0.308423 0.621881 0.345195 0.585413 0.345195
0 0.315739 0.559905 0.363723 0.559905 0.363723 0.604982 0.315739 0.604982
0 0.149712 0.577699 0.187140 0.577699 0.187140 0.610913 0.149712 0.610913
0 0.428983 0.556347 0.471209 0.556347 0.471209 0.593120 0.428983 0.593120
0 0.415547 0.603796 0.452975 0.603796 0.452975 0.639383 0.415547 0.639383
0 0.487524 0.530249 0.512476 0.530249 0.512476 0.557533 0.487524 0.557533
0 0.274472 0.638197 0.310940 0.638197 0.310940 0.677343 0.274472 0.677343
0 0.310941 0.616845 0.347409 0.616845 0.347409 0.646501 0.310941 0.646501
0 0.252399 0.596679 0.290787 0.596679 0.290787 0.633451 0.252399 0.633451
0 0.296546 0.555160 0.318619 0.555160 0.318619 0.588375 0.296546 0.588375
0 0.347409 0.642942 0.393474 0.642942 0.393474 0.676157 0.347409 0.676157
0 0.382918 0.661922 0.430902 0.661922 0.430902 0.698694 0.382918 0.698694
0 0.490403 0.599051 0.535509 0.599051 0.535509 0.646501 0.490403 0.646501
0 0.533589 0.568209 0.582533 0.568209 0.582533 0.608541 0.533589 0.608541
0 0.237043 0.883749 0.285029 0.883749 0.285029 0.925267 0.237043 0.925267
0 0.232246 0.825623 0.281190 0.825623 0.281190 0.884935 0.232246 0.884935
0 0.312860 0.709371 0.351248 0.709371 0.351248 0.767497 0.312860 0.767497
0 0.026871 0.729537 0.055662 0.729537 0.055662 0.779359 0.026871 0.779359
0 0.113244 0.744958 0.137236 0.744958 0.137236 0.778173 0.113244 0.778173
0 0.142034 0.842231 0.181382 0.842231 0.181382 0.886122 0.142034 0.886122
0 0.175623 0.803084 0.197696 0.803084 0.197696 0.848162 0.175623 0.848162
0 0.313819 0.873073 0.346449 0.873073 0.346449 0.915778 0.313819 0.915778
0 0.382917 0.703439 0.428982 0.703439 0.428982 0.736654 0.382917 0.736654
0 0.441459 0.703440 0.474089 0.703440 0.474089 0.750890 0.441459 0.750890
0 0.475048 0.695137 0.506718 0.695137 0.506718 0.736655 0.475048 0.736655
0 0.507678 0.786477 0.548944 0.786477 0.548944 0.831554 0.507678 0.831554
0 0.434741 0.831554 0.459693 0.831554 0.459693 0.870700 0.434741 0.870700
0 0.417467 0.883749 0.451055 0.883749 0.451055 0.920521 0.417467 0.920521
0 0.346449 0.924080 0.376199 0.924080 0.376199 0.962040 0.346449 0.962040
0 0.596929 0.717675 0.633397 0.717675 0.633397 0.774615 0.596929 0.774615
0 0.572937 0.795967 0.609405 0.795967 0.609405 0.836299 0.572937 0.836299
0 0.559501 0.709372 0.594050 0.709372 0.594050 0.753262 0.559501 0.753262
0 0.633398 0.849348 0.674665 0.849348 0.674665 0.909846 0.633398 0.909846
0 0.824376 0.739028 0.862764 0.739028 0.862764 0.775801 0.824376 0.775801
0 0.870441 0.720048 0.911708 0.720048 0.911708 0.760380 0.870441 0.760380
0 0.944338 0.653618 0.982726 0.653618 0.982726 0.693950 0.944338 0.693950
0 0.950096 0.873073 0.987524 0.873073 0.987524 0.908660 0.950096 0.908660
0 0.785029 0.873073 0.807102 0.873073 0.807102 0.915778 0.785029 0.915778
0 0.860845 0.807829 0.895393 0.807829 0.895393 0.849347 0.860845 0.849347
0 0.689059 0.933570 0.714971 0.933570 0.714971 0.978648 0.689059 0.978648
0 0.656431 0.716489 0.695778 0.716489 0.695778 0.754449 0.656431 0.754449
0 0.707294 0.698695 0.741842 0.698695 0.741842 0.737841 0.707294 0.737841
0 0.736085 0.640570 0.777351 0.640570 0.777351 0.673785 0.736085 0.673785
0 0.933781 0.580071 0.972169 0.580071 0.972169 0.629893 0.933781 0.629893
0 0.609405 0.597865 0.641075 0.597865 0.641075 0.635825 0.609405 0.635825
0 0.713052 0.542112 0.751440 0.542112 0.751440 0.572954 0.713052 0.572954
0 0.751439 0.544484 0.784069 0.544484 0.784069 0.574140 0.751439 0.574140
0 0.778311 0.485171 0.814779 0.485171 0.814779 0.518386 0.778311 0.518386
0 0.809980 0.437722 0.838772 0.437722 0.838772 0.466192 0.809980 0.466192
0 0.676584 0.491104 0.732246 0.491104 0.732246 0.546856 0.676584 0.546856
0 0.577735 0.540926 0.613244 0.540926 0.613244 0.584816 0.577735 0.584816
0 0.622841 0.500593 0.657389 0.500593 0.657389 0.549229 0.622841 0.549229
0 0.551823 0.504152 0.583493 0.504152 0.583493 0.545670 0.551823 0.545670
0 0.571017 0.412811 0.601727 0.412811 0.601727 0.457889 0.571017 0.457889
0 0.853167 0.339264 0.904031 0.339264 0.904031 0.396204 0.853167 0.396204
0 0.590212 0.374852 0.611324 0.374852 0.611324 0.408066 0.590212 0.408066
0 0.613243 0.393832 0.640115 0.393832 0.640115 0.427046 0.613243 0.427046
0 0.765835 0.444840 0.796545 0.444840 0.796545 0.483986 0.765835 0.483986
0 0.712092 0.370107 0.742802 0.370107 0.742802 0.430605 0.712092 0.430605
0 0.912668 0.314353 0.945298 0.314353 0.945298 0.351127 0.912668 0.351127
0 0.903070 0.346383 0.931862 0.346383 0.931862 0.392645 0.903070 0.392645
0 0.932822 0.399762 0.981766 0.399762 0.981766 0.444839 0.932822 0.444839
0 0.375240 0.557533 0.412668 0.557533 0.412668 0.599051 0.375240 0.599051
0 0.431862 0.453144 0.463532 0.453144 0.463532 0.494662 0.431862 0.494662
0 0.776391 0.225386 0.809980 0.225386 0.809980 0.277581 0.776391 0.277581
0 0.880039 0.183867 0.916507 0.183867 0.916507 0.227759 0.880039 0.227759
0 0.902111 0.253856 0.937620 0.253856 0.937620 0.290628 0.902111 0.290628
0 0.849328 0.285884 0.879078 0.285884 0.879078 0.316726 0.849328 0.316726
0 0.855087 0.234875 0.891555 0.234875 0.891555 0.270462 0.855087 0.270462
0 0.838772 0.104389 0.882918 0.104389 0.882918 0.143535 0.838772 0.143535
0 0.897313 0.119810 0.935701 0.119810 0.935701 0.158956 0.897313 0.158956
0 0.561420 0.003559 0.593090 0.003559 0.593090 0.042705 0.561420 0.042705
0 0.751439 0.022538 0.785029 0.022538 0.785029 0.058125 0.751439 0.058125
2 0.394433 0.935944 0.416507 0.935944 0.416507 0.960854 0.394433 0.960854
