0 0.648438 0.244141 0.740234 0.244141 0.740234 0.326172 0.648438 0.326172
0 0.064453 0.605469 0.117187 0.605469 0.117187 0.636719 0.064453 0.636719
0 0.158203 0.554688 0.220703 0.554688 0.220703 0.628907 0.158203 0.628907
0 0.351562 0.123047 0.416015 0.123047 0.416015 0.201172 0.351562 0.201172
0 0.185547 0.277344 0.228515 0.277344 0.228515 0.326172 0.185547 0.326172
0 0.625000 0.652344 0.689454 0.652344 0.689454 0.705078 0.625000 0.705078
0 0.103515 0.707032 0.158203 0.707032 0.158203 0.777344 0.103515 0.777344
0 0.484375 0.912110 0.537109 0.912110 0.537109 0.994140 0.484375 0.994140
0 0.720704 0.607422 0.830079 0.607422 0.830079 0.689453 0.720704 0.689453
0 0.521484 0.478515 0.601562 0.478515 0.601562 0.564453 0.521484 0.564453
0 0.011719 0.361328 0.070313 0.361328 0.070313 0.414062 0.011719 0.414062
0 0.853516 0.361328 0.937500 0.361328 0.937500 0.421876 0.853516 0.421876
0 0.210937 0.617187 0.287109 0.617187 0.287109 0.734375 0.210937 0.734375
0 0.427735 0.216798 0.480469 0.216798 0.480469 0.285157 0.427735 0.285157
0 0.736328 0.357422 0.804688 0.357422 0.804688 0.437500 0.736328 0.437500
0 0.232423 0.390625 0.314453 0.390625 0.314453 0.474609 0.232423 0.474609
0 0.273438 0.806641 0.365235 0.806641 0.365235 0.890625 0.273438 0.890625
0 0.070312 0.496094 0.111328 0.496094 0.111328 0.544922 0.070312 0.544922
0 0.388671 0.037109 0.445312 0.037109 0.445312 0.101562 0.388671 0.101562
0 0.105469 0.207031 0.166016 0.207031 0.166016 0.291015 0.105469 0.291015
0 0.310547 0.726562 0.355469 0.726562 0.355469 0.800782 0.310547 0.800782
0 0.076172 0.363281 0.125000 0.363281 0.125000 0.416015 0.076172 0.416015
0 0.351563 0.722657 0.400391 0.722657 0.400391 0.810547 0.351563 0.810547
0 0.410156 0.873047 0.470703 0.873047 0.470703 0.921875 0.410156 0.921875
0 0.000000 0.062500 0.054688 0.062500 0.054688 0.121094 0.000000 0.121094
0 0.570312 0.693360 0.642578 0.693360 0.642578 0.767579 0.570312 0.767579
0 0.027344 0.933594 0.087890 0.933594 0.087890 0.992188 0.027344 0.992188
0 0.091797 0.511719 0.175781 0.511719 0.175781 0.587891 0.091797 0.587891
0 0.865235 0.417969 0.953125 0.417969 0.953125 0.494141 0.865235 0.494141
0 0.621094 0.503906 0.697266 0.503906 0.697266 0.570312 0.621094 0.570312
0 0.169922 0.751953 0.271484 0.751953 0.271484 0.820312 0.169922 0.820312
0 0.218750 0.494141 0.289062 0.494141 0.289062 0.595703 0.218750 0.595703
0 0.771485 0.751954 0.845704 0.751954 0.845704 0.896485 0.771485 0.896485
0 0.023437 0.126953 0.095703 0.126953 0.095703 0.199219 0.023437 0.199219
0 0.865235 0.681640 0.970704 0.681640 0.970704 0.800781 0.865235 0.800781
0 0.662109 0.539063 0.728515 0.539063 0.728515 0.605469 0.662109 0.605469
0 0.437500 0.285156 0.521484 0.285156 0.521484 0.378906 0.437500 0.378906
0 0.472657 0.091797 0.546876 0.091797 0.546876 0.185547 0.472657 0.185547
0 0.414063 0.166015 0.466797 0.166015 0.466797 0.220703 0.414063 0.220703
0 0.285157 0.150390 0.349610 0.150390 0.349610 0.232422 0.285157 0.232422
0 0.783203 0.031249 0.837891 0.031249 0.837891 0.109374 0.783203 0.109374
0 0.753906 0.898438 0.794922 0.898438 0.794922 0.996094 0.753906 0.996094
0 0.806640 0.285156 0.902344 0.285156 0.902344 0.359376 0.806640 0.359376
0 0.812500 0.130859 0.882812 0.130859 0.882812 0.210937 0.812500 0.210937
0 0.687500 0.728516 0.750000 0.728516 0.750000 0.804688 0.687500 0.804688
0 0.617188 0.814453 0.691407 0.814453 0.691407 0.914062 0.617188 0.914062
0 0.261718 0.285157 0.353515 0.285157 0.353515 0.367188 0.261718 0.367188
0 0.732422 0.531250 0.798828 0.531250 0.798828 0.583984 0.732422 0.583984
0 0.228515 0.156250 0.292968 0.156250 0.292968 0.193359 0.228515 0.193359
0 0.310546 0.000001 0.398438 0.000001 0.398438 0.050782 0.310546 0.050782
0 0.470703 0.605469 0.529297 0.605469 0.529297 0.740235 0.470703 0.740235
0 0.654296 0.933594 0.728515 0.933594 0.728515 0.996094 0.654296 0.996094
0 0.171875 0.679688 0.246093 0.679688 0.246093 0.761718 0.171875 0.761718
0 0.191406 0.228516 0.261718 0.228516 0.261718 0.312500 0.191406 0.312500
0 0.113282 0.316406 0.183594 0.316406 0.183594 0.361328 0.113282 0.361328
0 0.630860 0.361328 0.705079 0.361328 0.705079 0.433594 0.630860 0.433594
0 0.390624 0.794922 0.437499 0.794922 0.437499 0.853516 0.390624 0.853516
0 0.199218 0.054688 0.255860 0.054688 0.255860 0.132812 0.199218 0.132812
0 0.298829 0.566406 0.367188 0.566406 0.367188 0.636718 0.298829 0.636718
0 0.337891 0.394531 0.390625 0.394531 0.390625 0.460937 0.337891 0.460937
0 0.478515 0.433594 0.546875 0.433594 0.546875 0.500000 0.478515 0.500000
1 0.851562 0.046875 0.896484 0.046875 0.896484 0.095703 0.851562 0.095703
1 0.896484 0.095703 0.937500 0.095703 0.937500 0.150391 0.896484 0.150391
1 0.939453 0.160157 0.992187 0.160157 0.992187 0.197266 0.939453 0.197266
