0 0.819858 0.199609 0.863830 0.199609 0.863830 0.266145 0.819858 0.266145
0 0.192908 0.825832 0.225532 0.825832 0.225532 0.908024 0.192908 0.908024
0 0.456738 0.373777 0.502128 0.373777 0.502128 0.414873 0.456738 0.414873
0 0.089362 0.821918 0.120568 0.821918 0.120568 0.915852 0.089362 0.915852
1 0.072340 0.043053 0.103546 0.043053 0.103546 0.070449 0.072340 0.070449
1 0.097873 0.070450 0.120567 0.070450 0.120567 0.115460 0.097873 0.115460
1 0.114893 0.152642 0.143262 0.152642 0.143262 0.199608 0.114893 0.199608
1 0.161702 0.148728 0.184398 0.148728 0.184398 0.185910 0.161702 0.185910
1 0.202838 0.160470 0.226950 0.160470 0.226950 0.193738 0.202838 0.193738
1 0.185816 0.099804 0.214184 0.099804 0.214184 0.146771 0.185816 0.146771
1 0.043971 0.178083 0.080851 0.178083 0.080851 0.221136 0.043971 0.221136
1 0.090781 0.191781 0.119150 0.191781 0.119150 0.228963 0.090781 0.228963
1 0.049645 0.248533 0.079433 0.248533 0.079433 0.287672 0.049645 0.287672
1 0.085107 0.281800 0.124823 0.281800 0.124823 0.334638 0.085107 0.334638
1 0.212766 0.273973 0.245390 0.273973 0.245390 0.309197 0.212766 0.309197
1 0.225531 0.174168 0.259574 0.174168 0.259574 0.219178 0.225531 0.219178
1 0.278013 0.205480 0.312057 0.205480 0.312057 0.236790 0.278013 0.236790
1 0.323405 0.221135 0.358866 0.221135 0.358866 0.258317 0.323405 0.258317
1 0.150355 0.326810 0.182979 0.326810 0.182979 0.367906 0.150355 0.367906
1 0.178724 0.318982 0.207092 0.318982 0.207092 0.352250 0.178724 0.352250
1 0.207092 0.311155 0.238298 0.311155 0.238298 0.352251 0.207092 0.352251
1 0.209929 0.397260 0.242553 0.397260 0.242553 0.446184 0.209929 0.446184
1 0.232624 0.467710 0.265248 0.467710 0.265248 0.508806 0.232624 0.508806
1 0.181561 0.448140 0.205674 0.448140 0.205674 0.491194 0.181561 0.491194
1 0.906384 0.095890 0.936171 0.095890 0.936171 0.136986 0.906384 0.136986
1 0.941844 0.076321 0.973050 0.076321 0.973050 0.113503 0.941844 0.113503
1 0.974468 0.080235 0.998582 0.080235 0.998582 0.129159 0.974468 0.129159
1 0.943262 0.123288 0.975886 0.123288 0.975886 0.160470 0.943262 0.160470
1 0.963121 0.158513 0.992908 0.158513 0.992908 0.193738 0.963121 0.193738
1 0.977305 0.217221 0.999999 0.217221 0.999999 0.242661 0.977305 0.242661
1 0.920567 0.234834 0.946099 0.234834 0.946099 0.281801 0.920567 0.281801
1 0.824113 0.336595 0.852483 0.336595 0.852483 0.373777 0.824113 0.373777
1 0.824114 0.395303 0.856738 0.395303 0.856738 0.434443 0.824114 0.434443
1 0.797162 0.348336 0.818439 0.348336 0.818439 0.393346 0.797162 0.393346
1 0.778723 0.409002 0.815603 0.409002 0.815603 0.446184 0.778723 0.446184
1 0.828369 0.502935 0.865249 0.502935 0.865249 0.545988 0.828369 0.545988
1 0.791489 0.463797 0.828369 0.463797 0.828369 0.497065 0.791489 0.497065
1 0.787234 0.497065 0.818440 0.497065 0.818440 0.534247 0.787234 0.534247
1 0.824113 0.544031 0.858156 0.544031 0.858156 0.581213 0.824113 0.581213
1 0.865248 0.542075 0.893618 0.542075 0.893618 0.585128 0.865248 0.585128
1 0.899291 0.561644 0.931915 0.561644 0.931915 0.602740 0.899291 0.602740
1 0.763121 0.322896 0.788653 0.322896 0.788653 0.360078 0.763121 0.360078
1 0.879432 0.315069 0.916312 0.315069 0.916312 0.344423 0.879432 0.344423
1 0.982978 0.892368 0.999999 0.892368 0.999999 0.929550 0.982978 0.929550
1 0.957447 0.890410 0.977305 0.890410 0.977305 0.933464 0.957447 0.933464
1 0.940426 0.855186 0.961703 0.855186 0.961703 0.902153 0.940426 0.902153
1 0.907801 0.876713 0.931914 0.876713 0.931914 0.919766 0.907801 0.919766
1 0.862411 0.870841 0.899291 0.870841 0.899291 0.909980 0.862411 0.909980
1 0.848227 0.906067 0.880851 0.906067 0.880851 0.939335 0.848227 0.939335
1 0.858156 0.949120 0.889362 0.949120 0.889362 0.980431 0.858156 0.980431
1 0.937589 0.939335 0.970213 0.939335 0.970213 0.972603 0.937589 0.972603
1 0.964539 0.964774 0.988653 0.964774 0.988653 1.000000 0.964539 1.000000
1 0.801418 0.939334 0.843971 0.939334 0.843971 0.970646 0.801418 0.970646
1 0.781560 0.884540 0.814184 0.884540 0.814184 0.919766 0.781560 0.919766
1 0.815603 0.898238 0.842553 0.898238 0.842553 0.929550 0.815603 0.929550
1 0.780141 0.917808 0.814184 0.917808 0.814184 0.953033 0.780141 0.953033
1 0.814184 0.819960 0.848228 0.819960 0.848228 0.870841 0.814184 0.870841
1 0.848226 0.835617 0.870921 0.835617 0.870921 0.861057 0.848226 0.861057
1 0.971632 0.829746 0.994327 0.829746 0.994327 0.866928 0.971632 0.866928
1 0.933333 0.806262 0.961703 0.806262 0.961703 0.853229 0.933333 0.853229
1 0.916312 0.851272 0.940426 0.851272 0.940426 0.886498 0.916312 0.886498
1 0.964539 0.747553 0.991489 0.747553 0.991489 0.778865 0.964539 0.778865
1 0.784397 0.810176 0.812767 0.810176 0.812767 0.843444 0.784397 0.843444
1 0.804255 0.755381 0.835461 0.755381 0.835461 0.790606 0.804255 0.790606
1 0.765957 0.765166 0.797163 0.765166 0.797163 0.804306 0.765957 0.804306
1 0.737588 0.810176 0.774468 0.810176 0.774468 0.839530 0.737588 0.839530
1 0.703545 0.816047 0.731915 0.816047 0.731915 0.845401 0.703545 0.845401
1 0.740425 0.753425 0.771631 0.753425 0.771631 0.786693 0.740425 0.786693
1 0.767375 0.714286 0.802836 0.714286 0.802836 0.749511 0.767375 0.749511
1 0.858155 0.745596 0.892199 0.745596 0.892199 0.780822 0.858155 0.780822
1 0.703546 0.735812 0.736170 0.735812 0.736170 0.778865 0.703546 0.778865
1 0.683688 0.772994 0.714894 0.772994 0.714894 0.808219 0.683688 0.808219
1 0.656737 0.814090 0.687943 0.814090 0.687943 0.855186 0.656737 0.855186
1 0.696454 0.863013 0.726241 0.863013 0.726241 0.906066 0.696454 0.906066
1 0.723405 0.886497 0.765958 0.886497 0.765958 0.919765 0.723405 0.919765
1 0.757447 0.866928 0.787234 0.866928 0.787234 0.890410 0.757447 0.890410
1 0.634042 0.857142 0.663829 0.857142 0.663829 0.892367 0.634042 0.892367
1 0.669504 0.886497 0.696454 0.886497 0.696454 0.915851 0.669504 0.915851
1 0.628369 0.913894 0.660993 0.913894 0.660993 0.947162 0.628369 0.947162
1 0.656737 0.927593 0.685107 0.927593 0.685107 0.956947 0.656737 0.956947
1 0.592908 0.909980 0.618440 0.909980 0.618440 0.949120 0.592908 0.949120
1 0.595745 0.841488 0.629788 0.841488 0.629788 0.892369 0.595745 0.892369
1 0.556028 0.849314 0.587234 0.849314 0.587234 0.892367 0.556028 0.892367
1 0.730496 0.385519 0.761702 0.385519 0.761702 0.420743 0.730496 0.420743
1 0.739007 0.438356 0.771631 0.438356 0.771631 0.467710 0.739007 0.467710
1 0.713475 0.467710 0.741845 0.467710 0.741845 0.491194 0.713475 0.491194
1 0.672341 0.473581 0.706384 0.473581 0.706384 0.502935 0.672341 0.502935
1 0.617021 0.438356 0.662411 0.438356 0.662411 0.491194 0.617021 0.491194
1 0.700709 0.500978 0.737589 0.500978 0.737589 0.544032 0.700709 0.544032
1 0.785816 0.561643 0.814185 0.561643 0.814185 0.592955 0.785816 0.592955
1 0.645390 0.577299 0.676596 0.577299 0.676596 0.614481 0.645390 0.614481
1 0.679432 0.567514 0.709220 0.567514 0.709220 0.620352 0.679432 0.620352
1 0.710639 0.608611 0.733333 0.608611 0.733333 0.649707 0.710639 0.649707
1 0.741845 0.620352 0.771632 0.620352 0.771632 0.649706 0.741845 0.649706
1 0.778724 0.620352 0.801418 0.620352 0.801418 0.655578 0.778724 0.655578
1 0.818440 0.616439 0.856738 0.616439 0.856738 0.641879 0.818440 0.641879
1 0.605673 0.559686 0.634043 0.559686 0.634043 0.602739 0.605673 0.602739
1 0.602836 0.616439 0.632624 0.616439 0.632624 0.651664 0.602836 0.651664
1 0.548936 0.542074 0.577306 0.542074 0.577306 0.571428 0.548936 0.571428
1 0.544681 0.500979 0.574468 0.500979 0.574468 0.534247 0.544681 0.534247
1 0.590070 0.493150 0.618440 0.493150 0.618440 0.520547 0.590070 0.520547
1 0.584397 0.452055 0.611347 0.452055 0.611347 0.489237 0.584397 0.489237
1 0.539007 0.454012 0.564539 0.454012 0.564539 0.491194 0.539007 0.491194
1 0.660993 0.385519 0.687943 0.385519 0.687943 0.420743 0.660993 0.420743
1 0.700708 0.426615 0.734752 0.426615 0.734752 0.452055 0.700708 0.452055
1 0.696454 0.377691 0.721986 0.377691 0.721986 0.410959 0.696454 0.410959
1 0.655320 0.671233 0.678014 0.671233 0.678014 0.702544 0.655320 0.702544
1 0.670921 0.706457 0.699291 0.706457 0.699291 0.745596 0.670921 0.745596
1 0.685106 0.665362 0.714893 0.665362 0.714893 0.706458 0.685106 0.706458
1 0.727660 0.679061 0.751773 0.679061 0.751773 0.708415 0.727660 0.708415
1 0.624114 0.710371 0.651064 0.710371 0.651064 0.749510 0.624114 0.749510
1 0.648227 0.724071 0.672341 0.724071 0.672341 0.757339 0.648227 0.757339
1 0.624113 0.788650 0.660993 0.788650 0.660993 0.825832 0.624113 0.825832
1 0.581560 0.714286 0.614184 0.714286 0.614184 0.747554 0.581560 0.747554
1 0.551772 0.735812 0.580142 0.735812 0.580142 0.771038 0.551772 0.771038
1 0.550354 0.784736 0.578724 0.784736 0.578724 0.825832 0.550354 0.825832
1 0.469503 0.941292 0.503547 0.941292 0.503547 0.974560 0.469503 0.974560
1 0.394326 0.882583 0.419858 0.882583 0.419858 0.925636 0.394326 0.925636
1 0.394326 0.829746 0.417021 0.829746 0.417021 0.876713 0.394326 0.876713
1 0.364540 0.839530 0.394327 0.839530 0.394327 0.882583 0.364540 0.882583
1 0.462411 0.821918 0.496455 0.821918 0.496455 0.855186 0.462411 0.855186
1 0.470921 0.757339 0.492198 0.757339 0.492198 0.796478 0.470921 0.796478
1 0.443972 0.731899 0.472340 0.731899 0.472340 0.759295 0.443972 0.759295
1 0.428369 0.947162 0.459575 0.947162 0.459575 0.988258 0.428369 0.988258
1 0.428369 0.921723 0.445389 0.921723 0.445389 0.945205 0.428369 0.945205
1 0.422695 0.847359 0.453901 0.847359 0.453901 0.890412 0.422695 0.890412
1 0.456737 0.868885 0.480851 0.868885 0.480851 0.906067 0.456737 0.906067
1 0.373049 0.951076 0.397163 0.951076 0.397163 0.984344 0.373049 0.984344
1 0.333333 0.915851 0.364539 0.915851 0.364539 0.947163 0.333333 0.947163
1 0.343262 0.876712 0.375886 0.876712 0.375886 0.917808 0.343262 0.917808
1 0.520567 0.953033 0.548937 0.953033 0.548937 0.992173 0.520567 0.992173
1 0.948936 0.677103 0.975886 0.677103 0.975886 0.716243 0.948936 0.716243
1 0.930496 0.712329 0.958866 0.712329 0.958866 0.737769 0.930496 0.737769
1 0.895035 0.684932 0.926241 0.684932 0.926241 0.722114 0.895035 0.722114
1 0.882270 0.669277 0.909220 0.669277 0.909220 0.688845 0.882270 0.688845
1 0.910639 0.639922 0.953192 0.639922 0.953192 0.684932 0.910639 0.684932
1 0.856737 0.639922 0.885107 0.639922 0.885107 0.667318 0.856737 0.667318
1 0.805674 0.647749 0.835461 0.647749 0.835461 0.700587 0.805674 0.700587
1 0.878015 0.602739 0.907802 0.602739 0.907802 0.634051 0.878015 0.634051
1 0.981561 0.702544 0.998582 0.702544 0.998582 0.739726 0.981561 0.739726
1 0.913475 0.602740 0.937589 0.602740 0.937589 0.630136 0.913475 0.630136
1 0.756029 0.671233 0.782979 0.671233 0.782979 0.710372 0.756029 0.710372
1 0.712057 0.647750 0.739007 0.647750 0.739007 0.684932 0.712057 0.684932
1 0.679432 0.630137 0.707802 0.630137 0.707802 0.655577 0.679432 0.655577
1 0.578724 0.634050 0.605674 0.634050 0.605674 0.665362 0.578724 0.665362
1 0.537589 0.622309 0.564539 0.622309 0.564539 0.655577 0.537589 0.655577
1 0.500709 0.665362 0.533333 0.665362 0.533333 0.704502 0.500709 0.704502
1 0.489362 0.716243 0.529078 0.716243 0.529078 0.753425 0.489362 0.753425
1 0.431206 0.677104 0.458156 0.677104 0.458156 0.718200 0.431206 0.718200
1 0.462411 0.702544 0.487943 0.702544 0.487943 0.724070 0.462411 0.724070
1 0.441135 0.653620 0.479433 0.653620 0.479433 0.686888 0.441135 0.686888
1 0.026950 0.861057 0.059574 0.861057 0.059574 0.902153 0.026950 0.902153
1 0.109220 0.929550 0.133333 0.929550 0.133333 0.974560 0.109220 0.974560
1 0.136170 0.892367 0.158866 0.892367 0.158866 0.935420 0.136170 0.935420
1 0.131915 0.806262 0.156028 0.806262 0.156028 0.843444 0.131915 0.843444
1 0.259574 0.837573 0.287943 0.837573 0.287943 0.874755 0.259574 0.874755
1 0.280851 0.904110 0.310638 0.904110 0.310638 0.941292 0.280851 0.941292
1 0.310638 0.833659 0.331915 0.833659 0.331915 0.876713 0.310638 0.876713
1 0.339007 0.808219 0.363121 0.808219 0.363121 0.853229 0.339007 0.853229
1 0.364538 0.782778 0.398582 0.782778 0.398582 0.818003 0.364538 0.818003
1 0.312057 0.765166 0.337589 0.765166 0.337589 0.800392 0.312057 0.800392
1 0.295036 0.800392 0.323404 0.800392 0.323404 0.839531 0.295036 0.839531
1 0.747518 0.003914 0.785816 0.003914 0.785816 0.046967 0.747518 0.046967
1 0.770213 0.056751 0.802837 0.056751 0.802837 0.101761 0.770213 0.101761
1 0.719149 0.107632 0.743263 0.107632 0.743263 0.136986 0.719149 0.136986
1 0.666667 0.027398 0.699291 0.027398 0.699291 0.062622 0.666667 0.062622
1 0.652482 0.080235 0.678014 0.080235 0.678014 0.105675 0.652482 0.105675
1 0.608510 0.009784 0.636880 0.009784 0.636880 0.060665 0.608510 0.060665
1 0.617022 0.152642 0.639716 0.152642 0.639716 0.197652 0.617022 0.197652
1 0.527660 0.048924 0.563121 0.048924 0.563121 0.086106 0.527660 0.086106
1 0.573049 0.031311 0.594326 0.031311 0.594326 0.080235 0.573049 0.080235
1 0.531915 0.093933 0.554609 0.093933 0.554609 0.138943 0.531915 0.138943
1 0.560284 0.164383 0.581561 0.164383 0.581561 0.213307 0.560284 0.213307
1 0.506383 0.088063 0.529077 0.088063 0.529077 0.131115 0.506383 0.131115
1 0.635461 0.268102 0.666667 0.268102 0.666667 0.305284 0.635461 0.305284
1 0.592908 0.350294 0.617022 0.350294 0.617022 0.387476 0.592908 0.387476
1 0.612766 0.260273 0.631206 0.260273 0.631206 0.299413 0.612766 0.299413
1 0.619858 0.358122 0.651064 0.358122 0.651064 0.393346 0.619858 0.393346
1 0.456738 0.033268 0.489362 0.033268 0.489362 0.070450 0.456738 0.070450
1 0.330496 0.019570 0.356028 0.019570 0.356028 0.041096 0.330496 0.041096
1 0.280851 0.064579 0.313475 0.064579 0.313475 0.115461 0.280851 0.115461
1 0.242554 0.054794 0.270923 0.054794 0.270923 0.099804 0.242554 0.099804
1 0.333334 0.144814 0.370212 0.144814 0.370212 0.187867 0.333334 0.187867
1 0.421276 0.142857 0.455320 0.142857 0.455320 0.170255 0.421276 0.170255
1 0.442553 0.097847 0.472340 0.097847 0.472340 0.131115 0.442553 0.131115
1 0.575886 0.203523 0.600000 0.203523 0.600000 0.228963 0.575886 0.228963
1 0.561702 0.279843 0.601418 0.279843 0.601418 0.320939 0.561702 0.320939
1 0.614185 0.303326 0.641135 0.303326 0.641135 0.330724 0.614185 0.330724
1 0.553192 0.246576 0.588653 0.246576 0.588653 0.285715 0.553192 0.285715
1 0.509220 0.273973 0.534752 0.273973 0.534752 0.313112 0.509220 0.313112
1 0.476595 0.287671 0.500709 0.287671 0.500709 0.311155 0.476595 0.311155
1 0.451064 0.299413 0.470922 0.299413 0.470922 0.346380 0.451064 0.346380
1 0.418440 0.232877 0.443972 0.232877 0.443972 0.268101 0.418440 0.268101
1 0.455320 0.234834 0.490781 0.234834 0.490781 0.273973 0.455320 0.273973
1 0.495035 0.170255 0.520567 0.170255 0.520567 0.199609 0.495035 0.199609
1 0.510638 0.146771 0.529078 0.146771 0.529078 0.176125 0.510638 0.176125
1 0.529078 0.164383 0.556028 0.164383 0.556028 0.199608 0.529078 0.199608
1 0.526241 0.197652 0.557447 0.197652 0.557447 0.227006 0.526241 0.227006
1 0.236879 0.874756 0.270923 0.874756 0.270923 0.921723 0.236879 0.921723
1 0.252482 0.921723 0.278014 0.921723 0.278014 0.964776 0.252482 0.964776
1 0.204255 0.970646 0.231205 0.970646 0.231205 0.998042 0.204255 0.998042
1 0.024113 0.909980 0.053901 0.909980 0.053901 0.954990 0.024113 0.954990
1 0.024114 0.962818 0.051064 0.962818 0.051064 1.000000 0.024114 1.000000
1 0.014185 0.804305 0.035461 0.804305 0.035461 0.841487 0.014185 0.841487
1 0.113476 0.763209 0.136170 0.763209 0.136170 0.804305 0.113476 0.804305
1 0.059575 0.743640 0.076596 0.743640 0.076596 0.788650 0.059575 0.788650
1 0.187234 0.751467 0.211347 0.751467 0.211347 0.786693 0.187234 0.786693
1 0.225532 0.747554 0.251064 0.747554 0.251064 0.772994 0.225532 0.772994
1 0.153191 0.763209 0.184397 0.763209 0.184397 0.800391 0.153191 0.800391
1 0.160284 0.718199 0.187234 0.718199 0.187234 0.757339 0.160284 0.757339
1 0.245390 0.686889 0.269504 0.686889 0.269504 0.729942 0.245390 0.729942
1 0.280851 0.657534 0.302127 0.657534 0.302127 0.690802 0.280851 0.690802
1 0.302127 0.661448 0.323404 0.661448 0.323404 0.696674 0.302127 0.696674
1 0.263829 0.665362 0.286525 0.665362 0.286525 0.702544 0.263829 0.702544
1 0.251063 0.637965 0.273759 0.637965 0.273759 0.667319 0.251063 0.667319
1 0.331915 0.637965 0.358865 0.637965 0.358865 0.659491 0.331915 0.659491
1 0.341844 0.698630 0.365958 0.698630 0.365958 0.737769 0.341844 0.737769
1 0.204256 0.696673 0.225532 0.696673 0.225532 0.729941 0.204256 0.729941
1 0.226950 0.594912 0.251063 0.594912 0.251063 0.632094 0.226950 0.632094
1 0.321986 0.600783 0.346100 0.600783 0.346100 0.630137 0.321986 0.630137
1 0.451064 0.499022 0.493616 0.499022 0.493616 0.538161 0.451064 0.538161
1 0.502127 0.540118 0.531914 0.540118 0.531914 0.594912 0.502127 0.594912
1 0.466667 0.553817 0.493617 0.553817 0.493617 0.622309 0.466667 0.622309
1 0.417021 0.551859 0.449645 0.551859 0.449645 0.598826 0.417021 0.598826
1 0.415603 0.639922 0.429787 0.639922 0.429787 0.665362 0.415603 0.665362
1 0.421277 0.606654 0.448227 0.606654 0.448227 0.639922 0.421277 0.639922
1 0.367376 0.573385 0.397164 0.573385 0.397164 0.616439 0.367376 0.616439
1 0.384397 0.508806 0.405674 0.508806 0.405674 0.549902 0.384397 0.549902
1 0.365957 0.485324 0.390071 0.485324 0.390071 0.512721 0.365957 0.512721
1 0.373050 0.438356 0.391490 0.438356 0.391490 0.481409 0.373050 0.481409
1 0.426951 0.409002 0.448228 0.409002 0.448228 0.450098 0.426951 0.450098
1 0.453901 0.426615 0.479433 0.426615 0.479433 0.452055 0.453901 0.452055
1 0.489362 0.457925 0.520568 0.457925 0.520568 0.485322 0.489362 0.485322
1 0.409929 0.393346 0.428369 0.393346 0.428369 0.432486 0.409929 0.432486
1 0.384397 0.414873 0.404255 0.414873 0.404255 0.446184 0.384397 0.446184
1 0.340425 0.432485 0.363121 0.432485 0.363121 0.461839 0.340425 0.461839
1 0.320567 0.442271 0.344681 0.442271 0.344681 0.469668 0.320567 0.469668
1 0.329078 0.526419 0.360284 0.526419 0.360284 0.555773 0.329078 0.555773
1 0.333333 0.324853 0.358865 0.324853 0.358865 0.354207 0.333333 0.354207
1 0.367376 0.318982 0.388653 0.318982 0.388653 0.348336 0.367376 0.348336
1 0.363120 0.301370 0.381560 0.301370 0.381560 0.322896 0.363120 0.322896
1 0.378723 0.272016 0.408510 0.272016 0.408510 0.301370 0.378723 0.301370
1 0.110638 0.506849 0.137588 0.506849 0.137588 0.547945 0.110638 0.547945
1 0.165957 0.598826 0.188653 0.598826 0.188653 0.636008 0.165957 0.636008
1 0.246808 0.542075 0.275177 0.542075 0.275177 0.581214 0.246808 0.581214
1 0.053901 0.669276 0.080851 0.669276 0.080851 0.704501 0.053901 0.704501
1 0.087943 0.594912 0.117731 0.594912 0.117731 0.637965 0.087943 0.637965
1 0.173049 0.534246 0.195745 0.534246 0.195745 0.583170 0.173049 0.583170
1 0.219858 0.528375 0.246808 0.528375 0.246808 0.579256 0.219858 0.579256
1 0.260993 0.598826 0.290780 0.598826 0.290780 0.632094 0.260993 0.632094
1 0.285106 0.614482 0.300710 0.614482 0.300710 0.639922 0.285106 0.639922
1 0.117730 0.334638 0.143262 0.334638 0.143262 0.385518 0.117730 0.385518
1 0.086525 0.379648 0.109219 0.379648 0.109219 0.424658 0.086525 0.424658
1 0.127660 0.485323 0.153192 0.485323 0.153192 0.516634 0.127660 0.516634
1 0.070922 0.502935 0.095035 0.502935 0.095035 0.544031 0.070922 0.544031
1 0.025531 0.385519 0.046809 0.385519 0.046809 0.420743 0.025531 0.420743
1 0.226950 0.360078 0.249646 0.360078 0.249646 0.389432 0.226950 0.389432
1 0.299291 0.367907 0.321986 0.367907 0.321986 0.395304 0.299291 0.395304
1 0.269504 0.303326 0.296454 0.303326 0.296454 0.338551 0.269504 0.338551
1 0.302127 0.258318 0.336171 0.258318 0.336171 0.289629 0.302127 0.289629
1 0.260993 0.442270 0.283688 0.442270 0.283688 0.467710 0.260993 0.467710
1 0.707801 0.246575 0.740425 0.246575 0.740425 0.287671 0.707801 0.287671
1 0.682269 0.234834 0.706383 0.234834 0.706383 0.279844 0.682269 0.279844
1 0.819858 0.273973 0.846808 0.273973 0.846808 0.313112 0.819858 0.313112
1 0.733334 0.191781 0.756028 0.191781 0.756028 0.228963 0.733334 0.228963
1 0.729079 0.338552 0.746100 0.338552 0.746100 0.365949 0.729079 0.365949
1 0.519149 0.403131 0.543262 0.403131 0.543262 0.440313 0.519149 0.440313
1 0.541844 0.348337 0.565958 0.348337 0.565958 0.383561 0.541844 0.383561
1 0.563121 0.381604 0.585815 0.381604 0.585815 0.420743 0.563121 0.420743
1 0.180142 0.898238 0.198582 0.898238 0.198582 0.937377 0.180142 0.937377
1 0.187234 0.921722 0.215603 0.921722 0.215603 0.954990 0.187234 0.954990
1 0.167376 0.945206 0.188653 0.945206 0.188653 0.972602 0.167376 0.972602
1 0.140426 0.843444 0.167376 0.843444 0.167376 0.884540 0.140426 0.884540
1 0.099291 0.708415 0.120567 0.708415 0.120567 0.755382 0.099291 0.755382
1 0.000001 0.677103 0.022696 0.677103 0.022696 0.724070 0.000001 0.724070
1 0.303546 0.536204 0.326242 0.536204 0.326242 0.583171 0.303546 0.583171
1 0.283688 0.450098 0.310638 0.450098 0.310638 0.491194 0.283688 0.491194
1 0.411347 0.767123 0.435461 0.767123 0.435461 0.804305 0.411347 0.804305
1 0.391489 0.720157 0.414185 0.720157 0.414185 0.757339 0.391489 0.757339
1 0.370213 0.207437 0.401419 0.207437 0.401419 0.246576 0.370213 0.246576
1 0.434042 0.187868 0.468086 0.187868 0.468086 0.219178 0.434042 0.219178
1 0.170212 0.019570 0.199999 0.019570 0.199999 0.050880 0.170212 0.050880
1 0.242553 0.001957 0.269503 0.001957 0.269503 0.027397 0.242553 0.027397
1 0.387234 0.138943 0.407092 0.138943 0.407092 0.172211 0.387234 0.172211
1 0.560284 0.919766 0.592908 0.919766 0.592908 0.947162 0.560284 0.947162
1 0.536170 0.900196 0.571631 0.900196 0.571631 0.937378 0.536170 0.937378
1 0.609930 0.514678 0.639717 0.514678 0.639717 0.549903 0.609930 0.549903
1 0.750354 0.483366 0.774467 0.483366 0.774467 0.516634 0.750354 0.516634
1 0.870921 0.446184 0.899290 0.446184 0.899290 0.477495 0.870921 0.477495
1 0.880851 0.467710 0.912057 0.467710 0.912057 0.497064 0.880851 0.497064
1 0.965958 0.497065 0.998582 0.497065 0.998582 0.536204 0.965958 0.536204
1 0.134752 0.436399 0.158865 0.436399 0.158865 0.457925 0.134752 0.457925
1 0.130497 0.410959 0.158865 0.410959 0.158865 0.438356 0.130497 0.438356
1 0.134752 0.575342 0.154610 0.575342 0.154610 0.616438 0.134752 0.616438
1 0.144680 0.679061 0.167376 0.679061 0.167376 0.706457 0.144680 0.706457
1 0.873758 0.193738 0.896453 0.193738 0.896453 0.242662 0.873758 0.242662
1 0.903547 0.219178 0.920567 0.219178 0.920567 0.260274 0.903547 0.260274
1 0.892199 0.250489 0.921986 0.250489 0.921986 0.283757 0.892199 0.283757
1 0.954610 0.225049 0.973050 0.225049 0.973050 0.279844 0.954610 0.279844
1 0.848226 0.062622 0.876596 0.062622 0.876596 0.103718 0.848226 0.103718
1 0.875177 0.068493 0.907801 0.068493 0.907801 0.107633 0.875177 0.107633
1 0.411348 0.293542 0.438298 0.293542 0.438298 0.344422 0.411348 0.344422
1 0.890780 0.761252 0.920567 0.761252 0.920567 0.806262 0.890780 0.806262
1 0.859574 0.688845 0.887943 0.688845 0.887943 0.743640 0.859574 0.743640
1 0.713475 0.960861 0.750355 0.960861 0.750355 0.992173 0.713475 0.992173
1 0.575886 0.796477 0.597163 0.796477 0.597163 0.827789 0.575886 0.827789
1 0.184397 0.624266 0.222695 0.624266 0.222695 0.682974 0.184397 0.682974
1 0.046809 0.714286 0.070921 0.714286 0.070921 0.751468 0.046809 0.751468
1 0.055319 0.639922 0.080851 0.639922 0.080851 0.663404 0.055319 0.663404
1 0.056737 0.577299 0.080850 0.577299 0.080850 0.618395 0.056737 0.618395
1 0.043972 0.594912 0.063830 0.594912 0.063830 0.628180 0.043972 0.628180
1 0.001418 0.516634 0.026950 0.516634 0.026950 0.569472 0.001418 0.569472
1 0.170213 0.810176 0.201419 0.810176 0.201419 0.843444 0.170213 0.843444
1 0.241135 0.780822 0.268085 0.780822 0.268085 0.814090 0.241135 0.814090
1 0.148936 0.195695 0.178724 0.195695 0.178724 0.242662 0.148936 0.242662
1 0.262411 0.281800 0.295035 0.281800 0.295035 0.311154 0.262411 0.311154
1 0.160284 0.270059 0.188653 0.270059 0.188653 0.305283 0.160284 0.305283
1 0.076596 0.080235 0.095036 0.080235 0.095036 0.129159 0.076596 0.129159
1 0.034042 0.287671 0.052482 0.287671 0.052482 0.326811 0.034042 0.326811
1 0.026951 0.324853 0.051063 0.324853 0.051063 0.354207 0.026951 0.354207
1 0.018440 0.418787 0.051064 0.418787 0.051064 0.475538 0.018440 0.475538
1 0.273759 0.708415 0.317731 0.708415 0.317731 0.771037 0.273759 0.771037
1 0.897873 0.346380 0.924823 0.346380 0.924823 0.397260 0.897873 0.397260
1 0.917730 0.322896 0.956028 0.322896 0.956028 0.365949 0.917730 0.365949
1 0.510638 0.225049 0.541844 0.225049 0.541844 0.258317 0.510638 0.258317
1 0.473760 0.117417 0.497873 0.117417 0.497873 0.162427 0.473760 0.162427
1 0.414185 0.101761 0.442553 0.101761 0.442553 0.140900 0.414185 0.140900
1 0.377305 0.103718 0.408511 0.103718 0.408511 0.140900 0.377305 0.140900
1 0.411347 0.502935 0.445391 0.502935 0.445391 0.553816 0.411347 0.553816
1 0.124823 0.694717 0.146099 0.694717 0.146099 0.755382 0.124823 0.755382
1 0.082270 0.436400 0.104965 0.436400 0.104965 0.471625 0.082270 0.471625
1 0.095036 0.469668 0.116312 0.469668 0.116312 0.500978 0.095036 0.500978
1 0.191489 0.362035 0.209929 0.362035 0.209929 0.399217 0.191489 0.399217
1 0.163120 0.385519 0.194326 0.385519 0.194326 0.414873 0.163120 0.414873
1 0.175887 0.414873 0.198582 0.414873 0.198582 0.452055 0.175887 0.452055
