1 0.117857 0.560732 0.153571 0.560732 0.153571 0.592346 0.117857 0.592346
1 0.125000 0.520799 0.164286 0.520799 0.164286 0.549085 0.125000 0.549085
1 0.064285 0.540765 0.098215 0.540765 0.098215 0.569051 0.064285 0.569051
1 0.116072 0.595674 0.158929 0.595674 0.158929 0.623960 0.116072 0.623960
1 0.133929 0.645590 0.166071 0.645590 0.166071 0.683860 0.133929 0.683860
1 0.176786 0.653910 0.219642 0.653910 0.219642 0.683860 0.176786 0.683860
1 0.126785 0.349417 0.160714 0.349417 0.160714 0.386023 0.126785 0.386023
1 0.098214 0.372712 0.125000 0.372712 0.125000 0.400998 0.098214 0.400998
1 0.128572 0.281198 0.157143 0.281198 0.157143 0.309484 0.128572 0.309484
1 0.012501 0.108153 0.055358 0.108153 0.055358 0.138103 0.012501 0.138103
1 0.100000 0.053245 0.135714 0.053245 0.135714 0.083195 0.100000 0.083195
1 0.051786 0.297837 0.080356 0.297837 0.080356 0.334443 0.051786 0.334443
1 0.121429 0.153078 0.157143 0.153078 0.157143 0.179700 0.121429 0.179700
1 0.166071 0.296173 0.205357 0.296173 0.205357 0.327787 0.166071 0.327787
1 0.053572 0.361065 0.087501 0.361065 0.087501 0.391015 0.053572 0.391015
1 0.116071 0.314476 0.142857 0.314476 0.142857 0.346090 0.116071 0.346090
1 0.021429 0.327787 0.051785 0.327787 0.051785 0.364393 0.021429 0.364393
1 0.023214 0.367721 0.053571 0.367721 0.053571 0.397671 0.023214 0.397671
1 0.128572 0.189684 0.157143 0.189684 0.157143 0.214642 0.128572 0.214642
1 0.023214 0.484193 0.057143 0.484193 0.057143 0.512479 0.023214 0.512479
1 0.014286 0.522463 0.044643 0.522463 0.044643 0.550749 0.014286 0.550749
1 0.019643 0.585691 0.062499 0.585691 0.062499 0.612313 0.019643 0.612313
1 0.007142 0.728786 0.041071 0.728786 0.041071 0.755408 0.007142 0.755408
1 0.042857 0.702163 0.080357 0.702163 0.080357 0.730449 0.042857 0.730449
1 0.039286 0.752081 0.069642 0.752081 0.069642 0.792014 0.039286 0.792014
1 0.078572 0.713810 0.114286 0.713810 0.114286 0.743760 0.078572 0.743760
1 0.028572 0.557404 0.071429 0.557404 0.071429 0.587354 0.028572 0.587354
1 0.158929 0.708819 0.191071 0.708819 0.191071 0.740433 0.158929 0.740433
1 0.016072 0.933444 0.051786 0.933444 0.051786 0.965058 0.016072 0.965058
1 0.123214 0.966722 0.166071 0.966722 0.166071 0.991680 0.123214 0.991680
1 0.132143 0.833611 0.164286 0.833611 0.164286 0.860233 0.132143 0.860233
1 0.148214 0.747088 0.191071 0.747088 0.191071 0.777038 0.148214 0.777038
1 0.155357 0.936772 0.191071 0.936772 0.191071 0.966722 0.155357 0.966722
1 0.037500 0.968386 0.075000 0.968386 0.075000 0.993344 0.037500 0.993344
1 0.594642 0.089850 0.626785 0.089850 0.626785 0.126456 0.594642 0.126456
1 0.642857 0.134775 0.673214 0.134775 0.673214 0.164725 0.642857 0.164725
1 0.623215 0.194676 0.657144 0.194676 0.657144 0.226290 0.623215 0.226290
1 0.567857 0.214642 0.603571 0.214642 0.603571 0.241264 0.567857 0.241264
1 0.717857 0.058236 0.753571 0.058236 0.753571 0.093178 0.717857 0.093178
1 0.692856 0.161398 0.739286 0.161398 0.739286 0.196340 0.692856 0.196340
1 0.719643 0.129784 0.755357 0.129784 0.755357 0.159734 0.719643 0.159734
1 0.671429 0.237937 0.707143 0.237937 0.707143 0.262895 0.671429 0.262895
1 0.612500 0.302829 0.648214 0.302829 0.648214 0.332779 0.612500 0.332779
1 0.589286 0.189684 0.621429 0.189684 0.621429 0.219634 0.589286 0.219634
1 0.710715 0.229617 0.739285 0.229617 0.739285 0.261231 0.710715 0.261231
1 0.728571 0.199667 0.766071 0.199667 0.766071 0.229617 0.728571 0.229617
1 0.726786 0.261231 0.764286 0.261231 0.764286 0.287853 0.726786 0.287853
1 0.750001 0.168053 0.778571 0.168053 0.778571 0.194675 0.750001 0.194675
1 0.783928 0.158070 0.817858 0.158070 0.817858 0.188020 0.783928 0.188020
1 0.792857 0.024958 0.833929 0.024958 0.833929 0.054908 0.792857 0.054908
1 0.757142 0.073211 0.789285 0.073211 0.789285 0.101497 0.757142 0.101497
1 0.633929 0.088186 0.671429 0.088186 0.671429 0.126456 0.633929 0.126456
1 0.173215 0.494176 0.205357 0.494176 0.205357 0.525790 0.173215 0.525790
1 0.260715 0.450915 0.291071 0.450915 0.291071 0.485857 0.260715 0.485857
1 0.300000 0.469218 0.333929 0.469218 0.333929 0.507488 0.300000 0.507488
1 0.308928 0.349418 0.341072 0.349418 0.341072 0.377704 0.308928 0.377704
1 0.301786 0.269551 0.332143 0.269551 0.332143 0.302829 0.301786 0.302829
1 0.301786 0.314476 0.332143 0.314476 0.332143 0.344426 0.301786 0.344426
1 0.376786 0.410981 0.401786 0.410981 0.401786 0.450914 0.376786 0.450914
1 0.423214 0.432612 0.460714 0.432612 0.460714 0.464226 0.423214 0.464226
1 0.298214 0.599001 0.332143 0.599001 0.332143 0.638934 0.298214 0.638934
1 0.275000 0.524126 0.301786 0.524126 0.301786 0.562396 0.275000 0.562396
1 0.369643 0.515807 0.400000 0.515807 0.400000 0.542429 0.369643 0.542429
1 0.203571 0.517471 0.232143 0.517471 0.232143 0.550749 0.203571 0.550749
1 0.241072 0.356073 0.273215 0.356073 0.273215 0.384359 0.241072 0.384359
1 0.223214 0.241265 0.251785 0.241265 0.251785 0.272879 0.223214 0.272879
1 0.233929 0.402662 0.257143 0.402662 0.257143 0.432612 0.233929 0.432612
1 0.280358 0.695507 0.321429 0.695507 0.321429 0.728785 0.280358 0.728785
1 0.389286 0.452579 0.421429 0.452579 0.421429 0.484193 0.389286 0.484193
1 0.374999 0.347754 0.407143 0.347754 0.407143 0.371049 0.374999 0.371049
1 0.337500 0.326123 0.366071 0.326123 0.366071 0.351081 0.337500 0.351081
1 0.291071 0.389351 0.323215 0.389351 0.323215 0.424293 0.291071 0.424293
1 0.314285 0.420965 0.344642 0.420965 0.344642 0.457571 0.314285 0.457571
1 0.180357 0.256239 0.207143 0.256239 0.207143 0.292845 0.180357 0.292845
1 0.246428 0.316140 0.273214 0.316140 0.273214 0.352746 0.246428 0.352746
1 0.392857 0.311148 0.430357 0.311148 0.430357 0.332778 0.392857 0.332778
1 0.417857 0.342762 0.453571 0.342762 0.453571 0.379368 0.417857 0.379368
1 0.476785 0.266224 0.505356 0.266224 0.505356 0.307820 0.476785 0.307820
1 0.683929 0.344426 0.714286 0.344426 0.714286 0.374376 0.683929 0.374376
1 0.601786 0.329451 0.628572 0.329451 0.628572 0.364393 0.601786 0.364393
1 0.533929 0.344426 0.562499 0.344426 0.562499 0.376040 0.533929 0.376040
1 0.460714 0.392679 0.489285 0.392679 0.489285 0.429285 0.460714 0.429285
1 0.591071 0.377704 0.623215 0.377704 0.623215 0.404326 0.591071 0.404326
1 0.655358 0.399334 0.687501 0.399334 0.687501 0.430948 0.655358 0.430948
1 0.807142 0.286190 0.837499 0.286190 0.837499 0.316140 0.807142 0.316140
1 0.762499 0.291182 0.796429 0.291182 0.796429 0.314476 0.762499 0.314476
1 0.741071 0.322795 0.778571 0.322795 0.778571 0.352745 0.741071 0.352745
1 0.780358 0.356073 0.810715 0.356073 0.810715 0.391015 0.780358 0.391015
1 0.730358 0.405990 0.758929 0.405990 0.758929 0.432612 0.730358 0.432612
1 0.719644 0.440932 0.748215 0.440932 0.748215 0.475874 0.719644 0.475874
1 0.558929 0.452579 0.594643 0.452579 0.594643 0.482529 0.558929 0.482529
1 0.569644 0.489185 0.598214 0.489185 0.598214 0.522463 0.569644 0.522463
1 0.496429 0.477537 0.526786 0.477537 0.526786 0.510815 0.496429 0.510815
1 0.433928 0.465890 0.464285 0.465890 0.464285 0.500832 0.433928 0.500832
1 0.416071 0.399334 0.453571 0.399334 0.453571 0.434276 0.416071 0.434276
1 0.435714 0.296173 0.473214 0.296173 0.473214 0.326123 0.435714 0.326123
1 0.698215 0.400998 0.726785 0.400998 0.726785 0.434276 0.698215 0.434276
1 0.744642 0.371048 0.774999 0.371048 0.774999 0.404326 0.744642 0.404326
1 0.846428 0.252912 0.880358 0.252912 0.880358 0.284526 0.846428 0.284526
1 0.841071 0.291182 0.873215 0.291182 0.873215 0.317804 0.841071 0.317804
1 0.889286 0.291182 0.925000 0.291182 0.925000 0.317804 0.889286 0.317804
1 0.887500 0.247920 0.912500 0.247920 0.912500 0.282862 0.887500 0.282862
1 0.435715 0.577371 0.464286 0.577371 0.464286 0.610649 0.435715 0.610649
1 0.469643 0.580699 0.505357 0.580699 0.505357 0.612313 0.469643 0.612313
1 0.378571 0.653910 0.425001 0.653910 0.425001 0.680532 0.378571 0.680532
1 0.462500 0.623960 0.489286 0.623960 0.489286 0.650582 0.462500 0.650582
1 0.457143 0.702163 0.485714 0.702163 0.485714 0.730449 0.457143 0.730449
1 0.391072 0.725458 0.419643 0.725458 0.419643 0.753744 0.391072 0.753744
1 0.580357 0.610649 0.616071 0.610649 0.616071 0.638935 0.580357 0.638935
1 0.592857 0.567388 0.630357 0.567388 0.630357 0.603994 0.592857 0.603994
1 0.600000 0.505823 0.635714 0.505823 0.635714 0.529119 0.600000 0.529119
1 0.544643 0.552413 0.580357 0.552413 0.580357 0.587355 0.544643 0.587355
1 0.526785 0.594010 0.567856 0.594010 0.567856 0.622296 0.526785 0.622296
1 0.528571 0.507488 0.567857 0.507488 0.567857 0.537438 0.528571 0.537438
1 0.651786 0.569052 0.675000 0.569052 0.675000 0.602330 0.651786 0.602330
1 0.682143 0.552412 0.708929 0.552412 0.708929 0.592345 0.682143 0.592345
1 0.705358 0.519135 0.733928 0.519135 0.733928 0.549085 0.705358 0.549085
1 0.569643 0.773711 0.607143 0.773711 0.607143 0.801997 0.569643 0.801997
1 0.601785 0.464226 0.633929 0.464226 0.633929 0.495840 0.601785 0.495840
1 0.587501 0.532446 0.616071 0.532446 0.616071 0.562396 0.587501 0.562396
1 0.546429 0.635607 0.574999 0.635607 0.574999 0.667221 0.546429 0.667221
1 0.641071 0.334442 0.678571 0.334442 0.678571 0.371048 0.641071 0.371048
1 0.673214 0.449251 0.708928 0.449251 0.708928 0.477537 0.673214 0.477537
1 0.703572 0.487521 0.735715 0.487521 0.735715 0.512479 0.703572 0.512479
1 0.696429 0.743760 0.733929 0.743760 0.733929 0.775374 0.696429 0.775374
1 0.655358 0.735441 0.687501 0.735441 0.687501 0.767055 0.655358 0.767055
1 0.612499 0.732113 0.646429 0.732113 0.646429 0.763727 0.612499 0.763727
1 0.573214 0.717138 0.600000 0.717138 0.600000 0.743760 0.573214 0.743760
1 0.503572 0.352745 0.533929 0.352745 0.533929 0.386023 0.503572 0.386023
1 0.321429 0.184692 0.367857 0.184692 0.367857 0.214642 0.321429 0.214642
1 0.283928 0.169717 0.316072 0.169717 0.316072 0.199667 0.283928 0.199667
1 0.358929 0.074875 0.394643 0.074875 0.394643 0.111481 0.358929 0.111481
1 0.801785 0.103161 0.842857 0.103161 0.842857 0.136439 0.801785 0.136439
1 0.860715 0.136439 0.891072 0.136439 0.891072 0.178036 0.860715 0.178036
1 0.841071 0.204659 0.873215 0.204659 0.873215 0.232945 0.841071 0.232945
1 0.796428 0.231281 0.828572 0.231281 0.828572 0.264559 0.796428 0.264559
1 0.764286 0.217970 0.792856 0.217970 0.792856 0.254576 0.764286 0.254576
1 0.867857 0.099834 0.903571 0.099834 0.903571 0.129784 0.867857 0.129784
1 0.758929 0.001664 0.796429 0.001664 0.796429 0.034942 0.758929 0.034942
1 0.898215 0.019967 0.930358 0.019967 0.930358 0.053245 0.898215 0.053245
1 0.912500 0.209651 0.950000 0.209651 0.950000 0.237937 0.912500 0.237937
1 0.924999 0.164726 0.957143 0.164726 0.957143 0.193012 0.924999 0.193012
1 0.925001 0.329451 0.953571 0.329451 0.953571 0.364393 0.925001 0.364393
1 0.923214 0.252912 0.957144 0.252912 0.957144 0.284526 0.923214 0.284526
1 0.969644 0.254576 0.998215 0.254576 0.998215 0.296173 0.969644 0.296173
1 0.685715 0.901830 0.728571 0.901830 0.728571 0.935108 0.685715 0.935108
1 0.739285 0.788686 0.785714 0.788686 0.785714 0.818636 0.739285 0.818636
1 0.778572 0.673877 0.814286 0.673877 0.814286 0.698835 0.778572 0.698835
1 0.560714 0.895175 0.598214 0.895175 0.598214 0.928453 0.560714 0.928453
1 0.648215 0.950083 0.691071 0.950083 0.691071 0.978369 0.648215 0.978369
1 0.769643 0.930117 0.812499 0.930117 0.812499 0.958403 0.769643 0.958403
1 0.853572 0.670549 0.882142 0.670549 0.882142 0.705491 0.853572 0.705491
1 0.242858 0.740433 0.275001 0.740433 0.275001 0.773711 0.242858 0.773711
1 0.239286 0.966722 0.266072 0.966722 0.266072 0.996672 0.239286 0.996672
1 0.292857 0.966722 0.323214 0.966722 0.323214 0.995008 0.292857 0.995008
1 0.332143 0.880200 0.357143 0.880200 0.357143 0.905158 0.332143 0.905158
1 0.369643 0.896839 0.407143 0.896839 0.407143 0.923461 0.369643 0.923461
1 0.437500 0.928453 0.475000 0.928453 0.475000 0.960067 0.437500 0.960067
1 0.407143 0.790349 0.433929 0.790349 0.433929 0.828619 0.407143 0.828619
1 0.273214 0.785357 0.308928 0.785357 0.308928 0.830283 0.273214 0.830283
1 0.460714 0.831947 0.489285 0.831947 0.489285 0.868553 0.460714 0.868553
1 0.492857 0.848586 0.525000 0.848586 0.525000 0.875208 0.492857 0.875208
1 0.432144 0.888519 0.473214 0.888519 0.473214 0.923461 0.432144 0.923461
1 0.303571 0.720466 0.357143 0.720466 0.357143 0.748752 0.303571 0.748752
1 0.191071 0.737105 0.216071 0.737105 0.216071 0.767055 0.191071 0.767055
1 0.832143 0.134776 0.858929 0.134776 0.858929 0.159734 0.832143 0.159734
1 0.876786 0.179701 0.901786 0.179701 0.901786 0.226290 0.876786 0.226290
1 0.466071 0.224626 0.494642 0.224626 0.494642 0.256240 0.466071 0.256240
1 0.523214 0.765391 0.558928 0.765391 0.558928 0.795341 0.523214 0.795341
1 0.546429 0.673877 0.583929 0.673877 0.583929 0.705491 0.546429 0.705491
1 0.616071 0.783694 0.648215 0.783694 0.648215 0.811980 0.616071 0.811980
1 0.871428 0.940100 0.903571 0.940100 0.903571 0.966722 0.871428 0.966722
1 0.807144 0.708819 0.835714 0.708819 0.835714 0.742097 0.807144 0.742097
1 0.717858 0.821963 0.760714 0.821963 0.760714 0.853577 0.717858 0.853577
1 0.598214 0.811980 0.657143 0.811980 0.657143 0.846922 0.598214 0.846922
1 0.641071 0.707155 0.667857 0.707155 0.667857 0.737105 0.641071 0.737105
1 0.773214 0.763727 0.807144 0.763727 0.807144 0.797005 0.773214 0.797005
1 0.662500 0.672213 0.707143 0.672213 0.707143 0.700499 0.662500 0.700499
1 0.394643 0.680532 0.441071 0.680532 0.441071 0.703828 0.394643 0.703828
1 0.514285 0.622296 0.548215 0.622296 0.548215 0.652246 0.514285 0.652246
1 0.526786 0.720466 0.558929 0.720466 0.558929 0.755408 0.526786 0.755408
1 0.325000 0.757071 0.353571 0.757071 0.353571 0.793677 0.325000 0.793677
1 0.155357 0.798669 0.183928 0.798669 0.183928 0.823627 0.155357 0.823627
1 0.158928 0.853577 0.198214 0.853577 0.198214 0.881863 0.158928 0.881863
1 0.196429 0.970050 0.233929 0.970050 0.233929 1.000000 0.196429 1.000000
1 0.048214 0.896839 0.091071 0.896839 0.091071 0.925125 0.048214 0.925125
1 0.087500 0.923461 0.114286 0.923461 0.114286 0.945091 0.087500 0.945091
1 0.223214 0.790349 0.251785 0.790349 0.251785 0.821963 0.223214 0.821963
1 0.189286 0.808652 0.216072 0.808652 0.216072 0.831948 0.189286 0.831948
1 0.091072 0.948420 0.126786 0.948420 0.126786 0.973378 0.091072 0.973378
1 0.275000 0.960067 0.300000 0.960067 0.300000 0.991681 0.275000 0.991681
1 0.960714 0.046589 0.996428 0.046589 0.996428 0.081531 0.960714 0.081531
1 0.925001 0.106489 0.953571 0.106489 0.953571 0.134775 0.925001 0.134775
1 0.866071 0.061564 0.908928 0.061564 0.908928 0.094842 0.866071 0.094842
1 0.841071 0.174709 0.873215 0.174709 0.873215 0.207987 0.841071 0.207987
1 0.939285 0.141431 0.973215 0.141431 0.973215 0.179701 0.939285 0.179701
1 0.966071 0.391015 0.992857 0.391015 0.992857 0.429285 0.966071 0.429285
1 0.935715 0.382696 0.967858 0.382696 0.967858 0.409318 0.935715 0.409318
1 0.767857 0.264559 0.798214 0.264559 0.798214 0.292845 0.767857 0.292845
1 0.603571 0.146422 0.637501 0.146422 0.637501 0.183028 0.603571 0.183028
1 0.792857 0.399334 0.823214 0.399334 0.823214 0.429284 0.792857 0.429284
1 0.874999 0.417637 0.908929 0.417637 0.908929 0.449251 0.874999 0.449251
1 0.816071 0.480865 0.848214 0.480865 0.848214 0.514143 0.816071 0.514143
1 0.946429 0.680532 0.982143 0.680532 0.982143 0.715474 0.946429 0.715474
1 0.966071 0.534110 0.996428 0.534110 0.996428 0.570716 0.966071 0.570716
1 0.882143 0.693844 0.912500 0.693844 0.912500 0.718802 0.882143 0.718802
1 0.467857 0.660566 0.505357 0.660566 0.505357 0.700499 0.467857 0.700499
1 0.626786 0.530782 0.650000 0.530782 0.650000 0.559068 0.626786 0.559068
1 0.519643 0.384359 0.564285 0.384359 0.564285 0.417637 0.519643 0.417637
1 0.782143 0.332779 0.819643 0.332779 0.819643 0.361065 0.782143 0.361065
1 0.764285 0.457571 0.796428 0.457571 0.796428 0.487521 0.764285 0.487521
1 0.744643 0.515807 0.771429 0.515807 0.771429 0.545757 0.744643 0.545757
1 0.816071 0.655574 0.848214 0.655574 0.848214 0.680532 0.816071 0.680532
1 0.508929 0.690516 0.537499 0.690516 0.537499 0.725458 0.508929 0.725458
1 0.357143 0.881864 0.383929 0.881864 0.383929 0.908486 0.357143 0.908486
1 0.412500 0.708819 0.442857 0.708819 0.442857 0.743761 0.412500 0.743761
1 0.180357 0.417637 0.219643 0.417637 0.219643 0.455907 0.180357 0.455907
1 0.112500 0.417637 0.160714 0.417637 0.160714 0.447587 0.112500 0.447587
1 0.233928 0.515807 0.267857 0.515807 0.267857 0.550749 0.233928 0.550749
1 0.216071 0.484193 0.250001 0.484193 0.250001 0.512479 0.216071 0.512479
1 0.298214 0.552413 0.342857 0.552413 0.342857 0.587355 0.298214 0.587355
1 0.423214 0.509151 0.462500 0.509151 0.462500 0.542429 0.423214 0.542429
1 0.373214 0.612313 0.398214 0.612313 0.398214 0.647255 0.373214 0.647255
1 0.328572 0.261231 0.358928 0.261231 0.358928 0.287853 0.328572 0.287853
1 0.064286 0.517471 0.101786 0.517471 0.101786 0.542429 0.064286 0.542429
1 0.110715 0.668885 0.141072 0.668885 0.141072 0.713811 0.110715 0.713811
1 0.512500 0.259567 0.539286 0.259567 0.539286 0.297837 0.512500 0.297837
1 0.553571 0.309484 0.591071 0.309484 0.591071 0.341098 0.553571 0.341098
1 0.212500 0.186357 0.244642 0.186357 0.244642 0.226290 0.212500 0.226290
1 0.135714 0.078202 0.164286 0.078202 0.164286 0.101498 0.135714 0.101498
1 0.037500 0.222962 0.075000 0.222962 0.075000 0.252912 0.037500 0.252912
1 0.060714 0.183029 0.092857 0.183029 0.092857 0.222962 0.060714 0.222962
1 0.169643 0.044925 0.205357 0.044925 0.205357 0.083195 0.169643 0.083195
1 0.203571 0.048254 0.241071 0.048254 0.241071 0.088187 0.203571 0.088187
1 0.250001 0.096506 0.278572 0.096506 0.278572 0.134776 0.250001 0.134776
1 0.308928 0.081531 0.339285 0.081531 0.339285 0.111481 0.308928 0.111481
1 0.119643 0.116472 0.153571 0.116472 0.153571 0.153078 0.119643 0.153078
1 0.541071 0.061564 0.578571 0.061564 0.578571 0.093178 0.541071 0.093178
1 0.494642 0.078203 0.526786 0.078203 0.526786 0.106489 0.494642 0.106489
1 0.508929 0.309484 0.544643 0.309484 0.544643 0.344426 0.508929 0.344426
1 0.305358 0.212978 0.333929 0.212978 0.333929 0.247920 0.305358 0.247920
1 0.237501 0.382696 0.266072 0.382696 0.266072 0.412646 0.237501 0.412646
1 0.366071 0.201331 0.398215 0.201331 0.398215 0.227953 0.366071 0.227953
1 0.335715 0.226290 0.369644 0.226290 0.369644 0.256240 0.335715 0.256240
1 0.373214 0.169717 0.410714 0.169717 0.410714 0.198003 0.373214 0.198003
1 0.314286 0.113145 0.350000 0.113145 0.350000 0.138103 0.314286 0.138103
1 0.417857 0.026622 0.448214 0.026622 0.448214 0.058236 0.417857 0.058236
1 0.510714 0.019967 0.544644 0.019967 0.544644 0.051581 0.510714 0.051581
1 0.476786 0.164725 0.503572 0.164725 0.503572 0.198003 0.476786 0.198003
1 0.551786 0.006655 0.587500 0.006655 0.587500 0.043261 0.551786 0.043261
1 0.598214 0.001664 0.637500 0.001664 0.637500 0.029950 0.598214 0.029950
1 0.362500 0.008320 0.398214 0.008320 0.398214 0.038270 0.362500 0.038270
1 0.312501 0.141431 0.342857 0.141431 0.342857 0.176373 0.312501 0.176373
1 0.394643 0.281198 0.437500 0.281198 0.437500 0.304492 0.394643 0.304492
1 0.519642 0.153078 0.553571 0.153078 0.553571 0.188020 0.519642 0.188020
1 0.514286 0.183028 0.539286 0.183028 0.539286 0.217970 0.514286 0.217970
1 0.442857 0.261231 0.475000 0.261231 0.475000 0.289517 0.442857 0.289517
1 0.494642 0.209651 0.524999 0.209651 0.524999 0.241265 0.494642 0.241265
1 0.414286 0.211315 0.450000 0.211315 0.450000 0.241265 0.414286 0.241265
1 0.651786 0.262895 0.691072 0.262895 0.691072 0.291181 0.651786 0.291181
1 0.673214 0.108153 0.700000 0.108153 0.700000 0.138103 0.673214 0.138103
1 0.635715 0.439268 0.666072 0.439268 0.666072 0.475874 0.635715 0.475874
1 0.576786 0.407654 0.601786 0.407654 0.601786 0.442596 0.576786 0.442596
1 0.605357 0.417637 0.637501 0.417637 0.637501 0.452579 0.605357 0.452579
1 0.633929 0.369384 0.658929 0.369384 0.658929 0.397670 0.633929 0.397670
1 0.667858 0.514143 0.696429 0.514143 0.696429 0.547421 0.667858 0.547421
1 0.658928 0.196340 0.692858 0.196340 0.692858 0.217971 0.658928 0.217971
1 0.633929 0.277870 0.669643 0.277870 0.669643 0.302828 0.633929 0.302828
1 0.817857 0.389351 0.855357 0.389351 0.855357 0.425957 0.817857 0.425957
1 0.742856 0.484193 0.776786 0.484193 0.776786 0.510815 0.742856 0.510815
1 0.716071 0.364393 0.746428 0.364393 0.746428 0.392679 0.716071 0.392679
1 0.801786 0.444259 0.841072 0.444259 0.841072 0.480865 0.801786 0.480865
1 0.962500 0.329450 1.000000 0.329450 1.000000 0.376039 0.962500 0.376039
1 0.942858 0.304492 0.973214 0.304492 0.973214 0.339434 0.942858 0.339434
1 0.875000 0.327787 0.916072 0.327787 0.916072 0.352745 0.875000 0.352745
1 0.758929 0.139767 0.782143 0.139767 0.782143 0.168053 0.758929 0.168053
1 0.639285 0.479201 0.671428 0.479201 0.671428 0.507487 0.639285 0.507487
1 0.776785 0.193012 0.817856 0.193012 0.817856 0.216307 0.776785 0.216307
1 0.026786 0.141432 0.066072 0.141432 0.066072 0.183029 0.026786 0.183029
1 0.098215 0.267887 0.126785 0.267887 0.126785 0.314476 0.098215 0.314476
1 0.191072 0.382696 0.214286 0.382696 0.214286 0.407654 0.191072 0.407654
1 0.092857 0.450915 0.132143 0.450915 0.132143 0.477537 0.092857 0.477537
1 0.133928 0.479201 0.164286 0.479201 0.164286 0.515807 0.133928 0.515807
1 0.267857 0.870216 0.319643 0.870216 0.319643 0.908486 0.267857 0.908486
1 0.569642 0.810316 0.601785 0.810316 0.601785 0.841930 0.569642 0.841930
1 0.419642 0.757072 0.451786 0.757072 0.451786 0.783694 0.419642 0.783694
1 0.555356 0.941764 0.589286 0.941764 0.589286 0.973378 0.555356 0.973378
1 0.533929 0.472546 0.566072 0.472546 0.566072 0.499168 0.533929 0.499168
1 0.644643 0.038269 0.685715 0.038269 0.685715 0.071547 0.644643 0.071547
1 0.489285 0.732113 0.523215 0.732113 0.523215 0.762063 0.489285 0.762063
1 0.410714 0.625624 0.453572 0.625624 0.453572 0.653910 0.410714 0.653910
1 0.341072 0.554076 0.375001 0.554076 0.375001 0.592346 0.341072 0.592346
1 0.539285 0.816972 0.573215 0.816972 0.573215 0.843594 0.539285 0.843594
1 0.221429 0.713810 0.250000 0.713810 0.250000 0.745424 0.221429 0.745424
1 0.180357 0.780366 0.214285 0.780366 0.214285 0.806988 0.180357 0.806988
1 0.805357 0.843594 0.837500 0.843594 0.837500 0.875208 0.805357 0.875208
1 0.894642 0.640599 0.928571 0.640599 0.928571 0.682197 0.894642 0.682197
1 0.844643 0.785358 0.880357 0.785358 0.880357 0.813644 0.844643 0.813644
1 0.348214 0.467554 0.382143 0.467554 0.382143 0.509151 0.348214 0.509151
1 0.325000 0.517471 0.362500 0.517471 0.362500 0.547421 0.325000 0.547421
1 0.294644 0.517471 0.323215 0.517471 0.323215 0.554077 0.294644 0.554077
1 0.471429 0.500833 0.505358 0.500833 0.505358 0.544094 0.471429 0.544094
1 0.507143 0.567388 0.537500 0.567388 0.537500 0.597338 0.507143 0.597338
1 0.816071 0.941764 0.862501 0.941764 0.862501 0.971714 0.816071 0.971714
1 0.771429 0.831947 0.807143 0.831947 0.807143 0.868553 0.771429 0.868553
1 0.642857 0.612313 0.673214 0.612313 0.673214 0.643927 0.642857 0.643927
1 0.673214 0.628952 0.705357 0.628952 0.705357 0.658902 0.673214 0.658902
1 0.453572 0.808652 0.487501 0.808652 0.487501 0.840266 0.453572 0.840266
1 0.914285 0.888519 0.946429 0.888519 0.946429 0.918469 0.914285 0.918469
1 0.971428 0.965058 0.998214 0.965058 0.998214 0.993344 0.971428 0.993344
1 0.569642 0.748752 0.601785 0.748752 0.601785 0.773710 0.569642 0.773710
1 0.712501 0.552413 0.741071 0.552413 0.741071 0.584027 0.712501 0.584027
1 0.869643 0.861897 0.892857 0.861897 0.892857 0.890183 0.869643 0.890183
1 0.892857 0.871880 0.914285 0.871880 0.914285 0.900166 0.892857 0.900166
1 0.526786 0.975042 0.562500 0.975042 0.562500 0.996672 0.526786 0.996672
1 0.721428 0.281198 0.755358 0.281198 0.755358 0.314476 0.721428 0.314476
