0 0.261236 0.477438 0.304775 0.477438 0.304775 0.547307 0.261236 0.547307
0 0.200843 0.489083 0.252809 0.489083 0.252809 0.554585 0.200843 0.554585
0 0.171348 0.535662 0.226124 0.535662 0.226124 0.586608 0.171348 0.586608
0 0.389045 0.510916 0.432584 0.510916 0.432584 0.567686 0.389045 0.567686
0 0.567416 0.583698 0.613764 0.583698 0.613764 0.630277 0.567416 0.630277
0 0.623596 0.590975 0.669944 0.590975 0.669944 0.636099 0.623596 0.636099
0 0.616572 0.641922 0.658708 0.641922 0.658708 0.688500 0.616572 0.688500
0 0.283708 0.593887 0.342696 0.593887 0.342696 0.644833 0.283708 0.644833
0 0.306179 0.483260 0.337079 0.483260 0.337079 0.529839 0.306179 0.529839
0 0.227528 0.427947 0.282303 0.427947 0.282303 0.467249 0.227528 0.467249
0 0.469102 0.666667 0.511236 0.666667 0.511236 0.707423 0.469102 0.707423
0 0.408708 0.606987 0.469101 0.606987 0.469101 0.643377 0.408708 0.643377
0 0.629213 0.701601 0.657303 0.701601 0.657303 0.735081 0.629213 0.735081
0 0.366573 0.624454 0.407303 0.624454 0.407303 0.676856 0.366573 0.676856
1 0.117977 0.264921 0.144662 0.264921 0.144662 0.296944 0.117977 0.296944
1 0.255618 0.334788 0.289326 0.334788 0.289326 0.360990 0.255618 0.360990
1 0.183988 0.285298 0.214888 0.285298 0.214888 0.315866 0.183988 0.315866
1 0.012641 0.301310 0.042135 0.301310 0.042135 0.327511 0.012641 0.327511
1 0.089888 0.347889 0.112360 0.347889 0.112360 0.377001 0.089888 0.377001
1 0.394664 0.413391 0.421348 0.413391 0.421348 0.439592 0.394664 0.439592
1 0.664326 0.621543 0.688202 0.621543 0.688202 0.649199 0.664326 0.649199
1 0.171349 0.321688 0.195225 0.321688 0.195225 0.344978 0.171349 0.344978
2 0.070225 0.218341 0.106742 0.218341 0.106742 0.254731 0.070225 0.254731
3 0.780899 0.863173 0.882023 0.863173 0.882023 0.973799 0.780899 0.973799
3 0.712079 0.588064 0.821630 0.588064 0.821630 0.685590 0.712079 0.685590
3 0.568821 0.465793 0.703651 0.465793 0.703651 0.588064 0.568821 0.588064
3 0.209270 0.200873 0.335674 0.200873 0.335674 0.321688 0.209270 0.321688
3 0.046349 0.062591 0.168540 0.062591 0.168540 0.187773 0.046349 0.187773
3 0.707866 0.799126 0.813203 0.799126 0.813203 0.906841 0.707866 0.906841
3 0.675562 0.101892 0.797752 0.101892 0.797752 0.203784 0.675562 0.203784
3 0.459269 0.390102 0.557584 0.390102 0.557584 0.491994 0.459269 0.491994
