2 0.945774 0.217489 0.990430 0.217489 0.990430 0.278027 0.945774 0.278027
2 0.872408 0.253363 0.918660 0.253363 0.918660 0.316143 0.872408 0.316143
2 0.842106 0.331839 0.883572 0.331839 0.883572 0.392377 0.842106 0.392377
2 0.791068 0.369955 0.829346 0.369955 0.829346 0.428251 0.791068 0.428251
2 0.513557 0.773543 0.556619 0.773543 0.556619 0.822869 0.513557 0.822869
2 0.465710 0.917040 0.505582 0.917040 0.505582 0.970852 0.465710 0.970852
2 0.561404 0.134529 0.606061 0.134529 0.606061 0.195067 0.561404 0.195067
2 0.290271 0.423766 0.331738 0.423766 0.331738 0.493273 0.290271 0.493273
2 0.232854 0.486547 0.277512 0.486547 0.277512 0.551569 0.232854 0.551569
2 0.015950 0.715247 0.057416 0.715247 0.057416 0.780269 0.015950 0.780269
2 0.073365 0.645740 0.111643 0.645740 0.111643 0.704036 0.073365 0.704036
