0 0.050058 0.015581 0.096624 0.015581 0.096624 0.093485 0.050058 0.093485
0 0.025611 0.128895 0.060535 0.128895 0.060535 0.211049 0.025611 0.211049
0 0.199069 0.032578 0.238649 0.032578 0.238649 0.084986 0.199069 0.084986
0 0.136205 0.083569 0.206054 0.083569 0.206054 0.138811 0.136205 0.138811
0 0.182771 0.116147 0.221187 0.116147 0.221187 0.158640 0.182771 0.158640
0 0.107101 0.154391 0.167637 0.154391 0.167637 0.208215 0.107101 0.208215
0 0.093132 0.195468 0.146682 0.195468 0.146682 0.250709 0.093132 0.250709
0 0.118743 0.252125 0.166473 0.252125 0.166473 0.304533 0.118743 0.304533
0 0.194412 0.205382 0.239814 0.205382 0.239814 0.276204 0.194412 0.276204
0 0.246798 0.096317 0.300349 0.096317 0.300349 0.148725 0.246798 0.148725
0 0.251455 0.151558 0.301513 0.151558 0.301513 0.228046 0.251455 0.228046
0 0.242142 0.239377 0.298021 0.239377 0.298021 0.288952 0.242142 0.288952
0 0.293365 0.094900 0.352735 0.094900 0.352735 0.151558 0.293365 0.151558
0 0.330618 0.133145 0.372526 0.133145 0.372526 0.179887 0.330618 0.179887
0 0.370198 0.073654 0.401630 0.073654 0.401630 0.116148 0.370198 0.116148
0 0.393481 0.016997 0.449360 0.016997 0.449360 0.103399 0.393481 0.103399
0 0.398138 0.096318 0.440047 0.096318 0.440047 0.131728 0.398138 0.131728
0 0.442375 0.067989 0.485449 0.067989 0.485449 0.104816 0.442375 0.104816
0 0.467986 0.101983 0.495926 0.101983 0.495926 0.147309 0.467986 0.147309
0 0.476135 0.014164 0.534342 0.014164 0.534342 0.067988 0.476135 0.067988
0 0.435389 0.179887 0.474970 0.179887 0.474970 0.252125 0.435389 0.252125
0 0.434225 0.137394 0.473806 0.137394 0.473806 0.189802 0.434225 0.189802
0 0.294529 0.218131 0.331782 0.218131 0.331782 0.259207 0.294529 0.259207
0 0.335274 0.228045 0.385332 0.228045 0.385332 0.294617 0.335274 0.294617
0 0.305006 0.274788 0.352736 0.274788 0.352736 0.347026 0.305006 0.347026
0 0.324796 0.203966 0.358556 0.203966 0.358556 0.267705 0.324796 0.267705
0 0.259605 0.300283 0.296857 0.300283 0.296857 0.359773 0.259605 0.359773
0 0.291036 0.344192 0.343422 0.344192 0.343422 0.402266 0.291036 0.402266
0 0.250291 0.405099 0.296857 0.405099 0.296857 0.457507 0.250291 0.457507
0 0.240978 0.545326 0.284052 0.545326 0.284052 0.594900 0.240978 0.594900
0 0.161817 0.516997 0.221188 0.516997 0.221188 0.567989 0.161817 0.567989
0 0.011641 0.264873 0.067520 0.264873 0.067520 0.324363 0.011641 0.324363
0 0.065191 0.307365 0.102445 0.307365 0.102445 0.339943 0.065191 0.339943
0 0.109429 0.331445 0.150174 0.331445 0.150174 0.365439 0.109429 0.365439
0 0.086147 0.424929 0.129219 0.424929 0.129219 0.473087 0.086147 0.473087
0 0.038416 0.566572 0.091968 0.566572 0.091968 0.600566 0.038416 0.600566
0 0.018627 0.624645 0.062864 0.624645 0.062864 0.685553 0.018627 0.685553
0 0.055878 0.607649 0.096624 0.607649 0.096624 0.650141 0.055878 0.650141
0 0.116414 0.559491 0.178114 0.559491 0.178114 0.616147 0.116414 0.616147
0 0.098952 0.607648 0.155996 0.607648 0.155996 0.678470 0.098952 0.678470
0 0.154831 0.657223 0.204889 0.657223 0.204889 0.720962 0.154831 0.720962
0 0.289873 0.481587 0.349243 0.481587 0.349243 0.555241 0.289873 0.555241
0 0.307334 0.531162 0.367870 0.531162 0.367870 0.580736 0.307334 0.580736
0 0.327125 0.643060 0.381839 0.643060 0.381839 0.699716 0.327125 0.699716
0 0.348080 0.702550 0.392317 0.702550 0.392317 0.759207 0.348080 0.759207
0 0.342259 0.781870 0.392317 0.781870 0.392317 0.848442 0.342259 0.848442
0 0.274738 0.841360 0.332946 0.841360 0.332946 0.912182 0.274738 0.912182
0 0.256112 0.896600 0.308498 0.896600 0.308498 0.967422 0.256112 0.967422
0 0.201398 0.849858 0.243306 0.849858 0.243306 0.905100 0.201398 0.905100
0 0.165309 0.866856 0.214203 0.866856 0.214203 0.929178 0.165309 0.929178
0 0.367870 0.873937 0.407450 0.873937 0.407450 0.929179 0.367870 0.929179
0 0.421420 0.831445 0.462166 0.831445 0.462166 0.900849 0.421420 0.900849
0 0.476135 0.815864 0.522701 0.815864 0.522701 0.886686 0.476135 0.886686
0 0.456345 0.912181 0.507567 0.912181 0.507567 0.967423 0.456345 0.967423
0 0.551805 0.849858 0.587893 0.849858 0.587893 0.909348 0.551805 0.909348
0 0.568103 0.922096 0.601863 0.922096 0.601863 0.973088 0.568103 0.973088
0 0.607683 0.910764 0.653085 0.910764 0.653085 0.958924 0.607683 0.958924
0 0.651921 0.865439 0.690337 0.865439 0.690337 0.916431 0.651921 0.916431
0 0.718278 0.815863 0.774157 0.815863 0.774157 0.871105 0.718278 0.871105
0 0.746217 0.858356 0.788126 0.858356 0.788126 0.919264 0.746217 0.919264
0 0.790454 0.903683 0.825378 0.903683 0.825378 0.967422 0.790454 0.967422
0 0.821885 0.868272 0.861467 0.868272 0.861467 0.930594 0.821885 0.930594
0 0.860303 0.872522 0.896391 0.872522 0.896391 0.934844 0.860303 0.934844
0 0.875436 0.770538 0.922002 0.770538 0.922002 0.837110 0.875436 0.837110
0 0.909196 0.801700 0.953434 0.801700 0.953434 0.866856 0.909196 0.866856
0 0.789290 0.733711 0.838184 0.733711 0.838184 0.784703 0.789290 0.784703
0 0.720606 0.740793 0.774156 0.740793 0.774156 0.794617 0.720606 0.794617
0 0.898720 0.932011 0.938301 0.932011 0.938301 0.980171 0.898720 0.980171
0 0.901048 0.882436 0.944120 0.882436 0.944120 0.930596 0.901048 0.930596
0 0.830035 0.927762 0.887077 0.927762 0.887077 1.000000 0.830035 1.000000
0 0.700815 0.917846 0.732247 0.917846 0.732247 0.973087 0.700815 0.973087
0 0.658906 0.927762 0.685681 0.927762 0.685681 0.980170 0.658906 0.980170
0 0.767172 0.667138 0.811409 0.667138 0.811409 0.722380 0.767172 0.722380
0 0.750873 0.637394 0.796275 0.637394 0.796275 0.696884 0.750873 0.696884
0 0.710128 0.611898 0.745052 0.611898 0.745052 0.658640 0.710128 0.658640
0 0.621653 0.597734 0.697322 0.597734 0.697322 0.681303 0.621653 0.681303
0 0.677532 0.550992 0.712456 0.550992 0.712456 0.593484 0.677532 0.593484
0 0.686845 0.478754 0.720605 0.478754 0.720605 0.542493 0.686845 0.542493
0 0.860302 0.590651 0.901048 0.590651 0.901048 0.651559 0.860302 0.651559
0 0.810244 0.643060 0.871944 0.643060 0.871944 0.702550 0.810244 0.702550
0 0.949942 0.491501 0.998836 0.491501 0.998836 0.553824 0.949942 0.553824
0 0.897555 0.318697 0.945285 0.318697 0.945285 0.385269 0.897555 0.385269
0 0.877765 0.382437 0.926659 0.382437 0.926659 0.439093 0.877765 0.439093
0 0.873109 0.443342 0.915018 0.443342 0.915018 0.492918 0.873109 0.492918
0 0.909196 0.423512 0.949941 0.423512 0.949941 0.474504 0.909196 0.474504
0 0.748545 0.388101 0.784633 0.388101 0.784633 0.443342 0.748545 0.443342
0 0.776484 0.304533 0.809080 0.304533 0.809080 0.348442 0.776484 0.348442
0 0.735739 0.230878 0.775321 0.230878 0.775321 0.277620 0.735739 0.277620
0 0.877765 0.257791 0.912689 0.257791 0.912689 0.305949 0.877765 0.305949
0 0.720606 0.004249 0.764843 0.004249 0.764843 0.063739 0.720606 0.063739
0 0.654250 0.009914 0.692666 0.009914 0.692666 0.065156 0.654250 0.065156
0 0.675203 0.058074 0.735739 0.058074 0.735739 0.111898 0.675203 0.111898
0 0.660069 0.109065 0.697322 0.109065 0.697322 0.160057 0.660069 0.160057
0 0.610012 0.069404 0.653084 0.069404 0.653084 0.117564 0.610012 0.117564
0 0.515716 0.077904 0.568102 0.077904 0.568102 0.137394 0.515716 0.137394
0 0.528522 0.148725 0.566939 0.148725 0.566939 0.205382 0.528522 0.205382
0 0.587893 0.033995 0.620489 0.033995 0.620489 0.089235 0.587893 0.089235
0 0.570430 0.101983 0.610012 0.101983 0.610012 0.172805 0.570430 0.172805
0 0.598370 0.165722 0.634458 0.165722 0.634458 0.233712 0.598370 0.233712
0 0.620490 0.222379 0.662399 0.222379 0.662399 0.279036 0.620490 0.279036
0 0.580908 0.266289 0.621653 0.266289 0.621653 0.307365 0.580908 0.307365
0 0.632130 0.154391 0.681024 0.154391 0.681024 0.226629 0.632130 0.226629
0 0.572759 0.311615 0.633295 0.311615 0.633295 0.368271 0.572759 0.368271
0 0.514551 0.433428 0.555296 0.433428 0.555296 0.481586 0.514551 0.481586
0 0.480792 0.169972 0.529686 0.169972 0.529686 0.242210 0.480792 0.242210
0 0.474971 0.281870 0.532014 0.281870 0.532014 0.361190 0.474971 0.361190
0 0.463329 0.383852 0.528521 0.383852 0.528521 0.446176 0.463329 0.446176
0 0.409779 0.304533 0.474971 0.304533 0.474971 0.378187 0.409779 0.378187
0 0.421420 0.246459 0.459838 0.246459 0.459838 0.291785 0.421420 0.291785
0 0.378347 0.395184 0.427241 0.395184 0.427241 0.444760 0.378347 0.444760
0 0.408615 0.433428 0.458673 0.433428 0.458673 0.474504 0.408615 0.474504
0 0.350407 0.464589 0.379511 0.464589 0.379511 0.497167 0.350407 0.497167
0 0.378347 0.473087 0.413271 0.473087 0.413271 0.515580 0.378347 0.515580
0 0.464494 0.487253 0.505239 0.487253 0.505239 0.549575 0.464494 0.549575
0 0.406286 0.470255 0.461001 0.470255 0.461001 0.542493 0.406286 0.542493
0 0.420256 0.570821 0.472642 0.570821 0.472642 0.628895 0.420256 0.628895
0 0.416764 0.650142 0.459837 0.650142 0.459837 0.702550 0.416764 0.702550
0 0.481956 0.550991 0.535506 0.550991 0.535506 0.601983 0.481956 0.601983
0 0.477299 0.711048 0.522701 0.711048 0.522701 0.752124 0.477299 0.752124
0 0.516880 0.616148 0.569266 0.616148 0.569266 0.678470 0.516880 0.678470
0 0.463329 0.665722 0.508731 0.665722 0.508731 0.711048 0.463329 0.711048
0 0.586728 0.497168 0.625145 0.497168 0.625145 0.552409 0.586728 0.552409
0 0.636788 0.473088 0.679860 0.473088 0.679860 0.524080 0.636788 0.524080
0 0.671711 0.361189 0.733411 0.361189 0.733411 0.405098 0.671711 0.405098
0 0.620490 0.354108 0.663562 0.354108 0.663562 0.427762 0.620490 0.427762
0 0.669383 0.305950 0.720605 0.305950 0.720605 0.362606 0.669383 0.362606
0 0.667055 0.229461 0.699651 0.229461 0.699651 0.284702 0.667055 0.284702
0 0.688009 0.167139 0.717113 0.167139 0.717113 0.218131 0.688009 0.218131
0 0.713620 0.283286 0.743888 0.283286 0.743888 0.318697 0.713620 0.318697
0 0.848661 0.178470 0.890570 0.178470 0.890570 0.218130 0.848661 0.218130
0 0.939465 0.264873 0.988359 0.264873 0.988359 0.321529 0.939465 0.321529
0 0.538999 0.701133 0.585565 0.701133 0.585565 0.779037 0.538999 0.779037
0 0.565774 0.601982 0.601862 0.601982 0.601862 0.702550 0.565774 0.702550
0 0.619325 0.715297 0.653085 0.715297 0.653085 0.750709 0.619325 0.750709
0 0.213039 0.705383 0.256111 0.705383 0.256111 0.746459 0.213039 0.746459
0 0.316647 0.820113 0.349243 0.820113 0.349243 0.871105 0.316647 0.871105
0 0.279395 0.787535 0.311991 0.787535 0.311991 0.838527 0.279395 0.838527
0 0.095461 0.845610 0.139698 0.845610 0.139698 0.922096 0.095461 0.922096
0 0.102444 0.934844 0.158324 0.934844 0.158324 0.987252 0.102444 0.987252
0 0.040745 0.869689 0.082654 0.869689 0.082654 0.951842 0.040745 0.951842
0 0.034924 0.939093 0.076833 0.939093 0.076833 0.997167 0.034924 0.997167
0 0.542492 0.192635 0.578580 0.192635 0.578580 0.245043 0.542492 0.245043
0 0.162980 0.338528 0.197904 0.338528 0.197904 0.382437 0.162980 0.382437
0 0.155995 0.218130 0.186263 0.218130 0.186263 0.264872 0.155995 0.264872
0 0.342258 0.077904 0.371362 0.077904 0.371362 0.126062 0.342258 0.126062
0 0.335274 0.000000 0.373691 0.000000 0.373691 0.025496 0.335274 0.025496
0 0.715948 0.686969 0.753201 0.686969 0.753201 0.720963 0.715948 0.720963
0 0.082654 0.691218 0.118742 0.691218 0.118742 0.736544 0.082654 0.736544
0 0.364377 0.273371 0.407450 0.273371 0.407450 0.337110 0.364377 0.337110
0 0.793946 0.579320 0.849826 0.579320 0.849826 0.644476 0.793946 0.644476
0 0.218860 0.138811 0.245635 0.138811 0.245635 0.174221 0.218860 0.174221
0 0.000000 0.791784 0.032596 0.791784 0.032596 0.862606 0.000000 0.862606
0 0.001164 0.872521 0.024448 0.872521 0.024448 0.946175 0.001164 0.946175
0 0.183935 0.960340 0.218859 0.960340 0.218859 0.998584 0.183935 0.998584
0 0.144354 0.956090 0.188592 0.956090 0.188592 0.991502 0.144354 0.991502
0 0.518044 0.929178 0.552968 0.929178 0.552968 0.968838 0.518044 0.968838
0 0.444703 0.807365 0.478463 0.807365 0.478463 0.838526 0.444703 0.838526
0 0.521536 0.954674 0.548311 0.954674 0.548311 0.998583 0.521536 0.998583
0 0.665890 0.686969 0.711292 0.686969 0.711292 0.737961 0.665890 0.737961
0 0.894063 0.529744 0.930151 0.529744 0.930151 0.565156 0.894063 0.565156
0 0.967404 0.752124 1.000000 0.752124 1.000000 0.800284 0.967404 0.800284
0 0.370198 0.648725 0.413272 0.648725 0.413272 0.703967 0.370198 0.703967
0 0.360885 0.590652 0.395809 0.590652 0.395809 0.644476 0.360885 0.644476
0 0.386496 0.218131 0.420256 0.218131 0.420256 0.253541 0.386496 0.253541
0 0.572759 0.216715 0.608847 0.216715 0.608847 0.260624 0.572759 0.260624
0 0.731082 0.182719 0.756694 0.182719 0.756694 0.215297 0.731082 0.215297
0 0.694994 0.138811 0.726426 0.138811 0.726426 0.182719 0.694994 0.182719
0 0.783469 0.226629 0.816065 0.226629 0.816065 0.253541 0.783469 0.253541
0 0.615832 0.005666 0.649592 0.005666 0.649592 0.046742 0.615832 0.046742
0 0.776485 0.000000 0.832364 0.000000 0.832364 0.031162 0.776485 0.031162
0 0.958091 0.111898 1.000000 0.111898 1.000000 0.161473 0.958091 0.161473
0 0.974388 0.208215 1.000000 0.208215 1.000000 0.239376 0.974388 0.239376
0 0.720606 0.158640 0.742725 0.158640 0.742725 0.186969 0.720606 0.186969
0 0.662398 0.393767 0.696158 0.393767 0.696158 0.424928 0.662398 0.424928
0 0.178114 0.560906 0.213038 0.560906 0.213038 0.599150 0.178114 0.599150
0 0.778813 0.245042 0.819558 0.245042 0.819558 0.297450 0.778813 0.297450
0 0.675203 0.856940 0.699651 0.856940 0.699651 0.893767 0.675203 0.893767
0 0.536671 0.475921 0.593714 0.475921 0.593714 0.524080 0.536671 0.524080
0 0.720605 0.522663 0.753201 0.522663 0.753201 0.563739 0.720605 0.563739
0 0.747381 0.478753 0.790453 0.478753 0.790453 0.536827 0.747381 0.536827
0 0.031432 0.378188 0.084983 0.378188 0.084983 0.461757 0.031432 0.461757
0 0.530850 0.519830 0.576252 0.519830 0.576252 0.556657 0.530850 0.556657
