3 0.208334 0.664430 0.354166 0.664430 0.354166 0.959732 0.208334 0.959732
3 0.385416 0.617450 0.524305 0.617450 0.524305 0.892618 0.385416 0.892618
3 0.572917 0.604027 0.708333 0.604027 0.708333 0.832215 0.572917 0.832215
3 0.131945 0.516779 0.263889 0.516779 0.263889 0.718121 0.131945 0.718121
3 0.638889 0.020134 0.791667 0.020134 0.791667 0.308725 0.638889 0.308725
3 0.736112 0.228188 0.881944 0.228188 0.881944 0.496644 0.736112 0.496644
3 0.729167 0.530201 0.857639 0.530201 0.857639 0.765100 0.729167 0.765100
3 0.607639 0.335570 0.739583 0.335570 0.739583 0.590604 0.607639 0.590604
3 0.378472 0.322148 0.517362 0.322148 0.517362 0.590604 0.378472 0.590604
3 0.868056 0.409396 0.996528 0.409396 0.996528 0.724832 0.868056 0.724832
3 0.003472 0.583893 0.187500 0.583893 0.187500 0.993289 0.003472 0.993289
