0 0.007213 0.034956 0.025573 0.034956 0.025573 0.052434 0.007213 0.052434
0 0.020984 0.013109 0.037377 0.013109 0.037377 0.030587 0.020984 0.030587
0 0.062295 0.008738 0.083279 0.008738 0.083279 0.027466 0.062295 0.027466
0 0.097049 0.014982 0.119345 0.014982 0.119345 0.036205 0.097049 0.036205
0 0.136393 0.002497 0.157377 0.002497 0.157377 0.022471 0.136393 0.022471
0 0.163934 0.017479 0.186229 0.017479 0.186229 0.038078 0.163934 0.038078
0 0.120656 0.031835 0.142295 0.031835 0.142295 0.049937 0.120656 0.049937
0 0.081967 0.063047 0.110164 0.063047 0.110164 0.089263 0.081967 0.089263
0 0.066229 0.094881 0.088525 0.094881 0.088525 0.112359 0.066229 0.112359
0 0.053770 0.073034 0.076721 0.073034 0.076721 0.091136 0.053770 0.091136
0 0.035410 0.055556 0.051148 0.055556 0.051148 0.068040 0.035410 0.068040
0 0.019016 0.092385 0.038688 0.092385 0.038688 0.109863 0.019016 0.109863
0 0.037378 0.146692 0.055082 0.146692 0.055082 0.163546 0.037378 0.163546
0 0.064919 0.142322 0.086557 0.142322 0.086557 0.160424 0.064919 0.160424
0 0.102951 0.138576 0.122623 0.138576 0.122623 0.158552 0.102951 0.158552
0 0.121312 0.115481 0.137705 0.115481 0.137705 0.132335 0.121312 0.132335
0 0.135081 0.121722 0.148196 0.121722 0.148196 0.136079 0.135081 0.136079
0 0.146885 0.087390 0.161311 0.087390 0.161311 0.101748 0.146885 0.101748
0 0.146229 0.103621 0.164591 0.103621 0.164591 0.117353 0.146229 0.117353
0 0.175082 0.083645 0.192786 0.083645 0.192786 0.099251 0.175082 0.099251
0 0.211148 0.119850 0.227541 0.119850 0.227541 0.135455 0.211148 0.135455
0 0.241968 0.107990 0.259016 0.107990 0.259016 0.121099 0.241968 0.121099
0 0.219017 0.089887 0.238033 0.089887 0.238033 0.109239 0.219017 0.109239
0 0.217705 0.135456 0.236721 0.135456 0.236721 0.152934 0.217705 0.152934
0 0.242623 0.094257 0.257705 0.094257 0.257705 0.104245 0.242623 0.104245
0 0.215082 0.071786 0.234098 0.071786 0.234098 0.086766 0.215082 0.086766
0 0.001967 0.127341 0.018361 0.127341 0.018361 0.145443 0.001967 0.145443
0 0.001967 0.071786 0.017705 0.071786 0.017705 0.086766 0.001967 0.086766
0 0.223607 0.164169 0.242623 0.164169 0.242623 0.182896 0.223607 0.182896
0 0.244590 0.143571 0.262295 0.143571 0.262295 0.161673 0.244590 0.161673
0 0.259017 0.166042 0.273443 0.166042 0.273443 0.182896 0.259017 0.182896
0 0.204590 0.004994 0.224918 0.004994 0.224918 0.026217 0.204590 0.026217
0 0.277377 0.154182 0.296393 0.154182 0.296393 0.166042 0.277377 0.166042
0 0.289181 0.106117 0.306229 0.106117 0.306229 0.122971 0.289181 0.122971
0 0.310164 0.116729 0.327869 0.116729 0.327869 0.134207 0.310164 0.134207
0 0.348852 0.098627 0.369180 0.098627 0.369180 0.117353 0.348852 0.117353
0 0.311476 0.051810 0.334426 0.051810 0.334426 0.064294 0.311476 0.064294
0 0.335082 0.049314 0.356066 0.049314 0.356066 0.063047 0.335082 0.063047
0 0.323279 0.031210 0.354099 0.031210 0.354099 0.044319 0.323279 0.044319
0 0.308197 0.022471 0.322623 0.022471 0.322623 0.036205 0.308197 0.036205
0 0.348197 0.139201 0.367213 0.139201 0.367213 0.157303 0.348197 0.157303
0 0.395410 0.126092 0.410492 0.126092 0.410492 0.139825 0.395410 0.139825
0 0.416394 0.112360 0.434098 0.112360 0.434098 0.129214 0.416394 0.129214
0 0.444590 0.152933 0.458360 0.152933 0.458360 0.167915 0.444590 0.167915
0 0.305573 0.190387 0.323278 0.190387 0.323278 0.203495 0.305573 0.203495
0 0.384263 0.154806 0.402623 0.154806 0.402623 0.174157 0.384263 0.174157
0 0.411148 0.008739 0.430820 0.008739 0.430820 0.026841 0.411148 0.026841
0 0.435410 0.018727 0.455738 0.018727 0.455738 0.039325 0.435410 0.039325
0 0.468853 0.008115 0.486557 0.008115 0.486557 0.023096 0.468853 0.023096
0 0.495082 0.005618 0.510820 0.005618 0.510820 0.021848 0.495082 0.021848
0 0.489837 0.024345 0.501640 0.024345 0.501640 0.036205 0.489837 0.036205
0 0.447869 0.082397 0.462295 0.082397 0.462295 0.102372 0.447869 0.102372
0 0.460328 0.124220 0.471476 0.124220 0.471476 0.145443 0.460328 0.145443
0 0.384918 0.203495 0.403278 0.203495 0.403278 0.219725 0.384918 0.219725
0 0.406557 0.187890 0.427541 0.187890 0.427541 0.206617 0.406557 0.206617
0 0.470164 0.172909 0.487213 0.172909 0.487213 0.191011 0.470164 0.191011
0 0.493115 0.153558 0.510820 0.153558 0.510820 0.172285 0.493115 0.172285
0 0.540327 0.010611 0.558689 0.010611 0.558689 0.031835 0.540327 0.031835
0 0.529836 0.065543 0.546886 0.065543 0.546886 0.084269 0.529836 0.084269
0 0.488525 0.043071 0.506229 0.043071 0.506229 0.059301 0.488525 0.059301
0 0.533771 0.127340 0.547541 0.127340 0.547541 0.147316 0.533771 0.147316
0 0.548853 0.174157 0.563279 0.174157 0.563279 0.193508 0.548853 0.193508
0 0.566557 0.167915 0.581639 0.167915 0.581639 0.184145 0.566557 0.184145
0 0.569836 0.109863 0.585574 0.109863 0.585574 0.128589 0.569836 0.128589
0 0.612458 0.129214 0.630163 0.129214 0.630163 0.147316 0.612458 0.147316
0 0.595409 0.114232 0.613770 0.114232 0.613770 0.131086 0.595409 0.131086
0 0.637377 0.144195 0.658361 0.144195 0.658361 0.162921 0.637377 0.162921
0 0.555410 0.049938 0.575082 0.049938 0.575082 0.063047 0.555410 0.063047
0 0.575082 0.028090 0.595410 0.028090 0.595410 0.045568 0.575082 0.045568
0 0.592131 0.066168 0.607213 0.066168 0.607213 0.091136 0.592131 0.091136
0 0.582295 0.182897 0.598689 0.182897 0.598689 0.200999 0.582295 0.200999
0 0.643934 0.115481 0.662296 0.115481 0.662296 0.133583 0.643934 0.133583
0 0.631475 0.066167 0.653114 0.066167 0.653114 0.084269 0.631475 0.084269
0 0.623606 0.044319 0.640656 0.044319 0.640656 0.059925 0.623606 0.059925
0 0.620984 0.015606 0.632787 0.015606 0.632787 0.034333 0.620984 0.034333
0 0.697705 0.022472 0.718689 0.022472 0.718689 0.041198 0.697705 0.041198
0 0.723279 0.012484 0.742295 0.012484 0.742295 0.029962 0.723279 0.029962
0 0.687869 0.094881 0.707541 0.094881 0.707541 0.112359 0.687869 0.112359
0 0.691148 0.072409 0.699016 0.072409 0.699016 0.094257 0.691148 0.094257
0 0.617705 0.082397 0.625574 0.082397 0.625574 0.102372 0.617705 0.102372
0 0.675410 0.215980 0.695738 0.215980 0.695738 0.234082 0.675410 0.234082
0 0.626229 0.178527 0.646557 0.178527 0.646557 0.194757 0.626229 0.194757
0 0.681967 0.195381 0.698361 0.195381 0.698361 0.213483 0.681967 0.213483
0 0.708197 0.164794 0.726558 0.164794 0.726558 0.183521 0.708197 0.183521
0 0.748852 0.167915 0.765902 0.167915 0.765902 0.182897 0.748852 0.182897
0 0.736394 0.152934 0.748853 0.152934 0.748853 0.170412 0.736394 0.170412
0 0.722623 0.205992 0.731147 0.205992 0.731147 0.216604 0.722623 0.216604
0 0.787540 0.141073 0.805246 0.141073 0.805246 0.155430 0.787540 0.155430
0 0.805901 0.128589 0.823607 0.128589 0.823607 0.148565 0.805901 0.148565
0 0.786229 0.115480 0.802623 0.115480 0.802623 0.131085 0.786229 0.131085
0 0.773771 0.088639 0.788197 0.088639 0.788197 0.104869 0.773771 0.104869
0 0.720656 0.144195 0.735082 0.144195 0.735082 0.161049 0.720656 0.161049
0 0.738361 0.118602 0.748853 0.118602 0.748853 0.129214 0.738361 0.129214
0 0.733115 0.196005 0.740983 0.196005 0.740983 0.206617 0.733115 0.206617
0 0.748197 0.025593 0.769181 0.025593 0.769181 0.044319 0.748197 0.044319
0 0.753443 0.048065 0.771804 0.048065 0.771804 0.066167 0.753443 0.066167
0 0.754099 0.072409 0.771804 0.072409 0.771804 0.089263 0.754099 0.089263
0 0.739672 0.080525 0.754098 0.080525 0.754098 0.098627 0.739672 0.098627
0 0.794098 0.050562 0.813770 0.050562 0.813770 0.073034 0.794098 0.073034
0 0.812459 0.041823 0.826885 0.041823 0.826885 0.052435 0.812459 0.052435
0 0.828197 0.023096 0.844590 0.023096 0.844590 0.038701 0.828197 0.038701
0 0.830820 0.106117 0.844590 0.106117 0.844590 0.120474 0.830820 0.120474
0 0.844590 0.122347 0.863606 0.122347 0.863606 0.139825 0.844590 0.139825
0 0.851803 0.061798 0.868853 0.061798 0.868853 0.081772 0.851803 0.081772
0 0.876721 0.049313 0.891147 0.049313 0.891147 0.065543 0.876721 0.065543
0 0.900328 0.019974 0.919344 0.019974 0.919344 0.039325 0.900328 0.039325
0 0.900328 0.109239 0.930492 0.109239 0.930492 0.132335 0.900328 0.132335
0 0.921967 0.069913 0.939017 0.069913 0.939017 0.084893 0.921967 0.084893
0 0.900328 0.069288 0.909508 0.069288 0.909508 0.081148 0.900328 0.081148
0 0.921967 0.084269 0.932459 0.084269 0.932459 0.093633 0.921967 0.093633
0 0.881312 0.122347 0.893115 0.122347 0.893115 0.139201 0.881312 0.139201
0 0.935082 0.133582 0.953443 0.133582 0.953443 0.147315 0.935082 0.147315
0 0.933770 0.167291 0.954754 0.167291 0.954754 0.182273 0.933770 0.182273
0 0.971147 0.142946 0.982295 0.142946 0.982295 0.159176 0.971147 0.159176
0 0.961967 0.008115 0.977705 0.008115 0.977705 0.022471 0.961967 0.022471
0 0.918688 0.199751 0.939672 0.199751 0.939672 0.212235 0.918688 0.212235
0 0.928525 0.230337 0.948853 0.230337 0.948853 0.247191 0.928525 0.247191
0 0.904918 0.225968 0.921312 0.225968 0.921312 0.242822 0.904918 0.242822
0 0.872131 0.241573 0.889837 0.241573 0.889837 0.257803 0.872131 0.257803
0 0.909508 0.264670 0.923278 0.264670 0.923278 0.279651 0.909508 0.279651
0 0.809180 0.196629 0.826230 0.196629 0.826230 0.214731 0.809180 0.214731
0 0.762623 0.191636 0.782295 0.191636 0.782295 0.209114 0.762623 0.209114
0 0.780984 0.217853 0.800656 0.217853 0.800656 0.234083 0.780984 0.234083
0 0.754099 0.223471 0.776393 0.223471 0.776393 0.244069 0.754099 0.244069
0 0.710164 0.237203 0.727214 0.237203 0.727214 0.256554 0.710164 0.256554
0 0.716722 0.312734 0.735083 0.312734 0.735083 0.327715 0.716722 0.327715
0 0.793443 0.234706 0.812459 0.234706 0.812459 0.254682 0.793443 0.254682
0 0.803279 0.260924 0.823607 0.260924 0.823607 0.280898 0.803279 0.280898
0 0.832787 0.227216 0.851803 0.227216 0.851803 0.245943 0.832787 0.245943
0 0.835410 0.243446 0.855738 0.243446 0.855738 0.265294 0.835410 0.265294
0 0.866229 0.264045 0.886557 0.264045 0.886557 0.282147 0.866229 0.282147
0 0.887868 0.294007 0.904918 0.294007 0.904918 0.310861 0.887868 0.310861
0 0.849836 0.285893 0.865574 0.285893 0.865574 0.297753 0.849836 0.297753
0 0.862950 0.300874 0.880656 0.300874 0.880656 0.314607 0.862950 0.314607
0 0.835409 0.300874 0.852459 0.300874 0.852459 0.310862 0.835409 0.310862
0 0.887213 0.189139 0.901639 0.189139 0.901639 0.202247 0.887213 0.202247
0 0.956065 0.262173 0.972459 0.262173 0.972459 0.277778 0.956065 0.277778
0 0.968525 0.289638 0.986886 0.289638 0.986886 0.306492 0.968525 0.306492
0 0.943606 0.295256 0.960655 0.295256 0.960655 0.312110 0.943606 0.312110
0 0.850492 0.344569 0.869508 0.344569 0.869508 0.362671 0.850492 0.362671
0 0.946229 0.342073 0.964591 0.342073 0.964591 0.357677 0.946229 0.357677
0 0.897050 0.349562 0.910165 0.349562 0.910165 0.362672 0.897050 0.362672
0 0.975081 0.433833 0.993443 0.433833 0.993443 0.449437 0.975081 0.449437
0 0.967870 0.465044 0.989509 0.465044 0.989509 0.486892 0.967870 0.486892
0 0.943607 0.481897 0.958689 0.481897 0.958689 0.502497 0.943607 0.502497
0 0.932459 0.465043 0.951475 0.465043 0.951475 0.484395 0.932459 0.484395
0 0.986885 0.482522 0.999344 0.482522 0.999344 0.499376 0.986885 0.499376
0 0.956721 0.503746 0.972459 0.503746 0.972459 0.521848 0.956721 0.521848
0 0.879344 0.463795 0.894426 0.463795 0.894426 0.481897 0.879344 0.481897
0 0.869509 0.444444 0.881968 0.444444 0.881968 0.461298 0.869509 0.461298
0 0.897705 0.415106 0.917377 0.415106 0.917377 0.426966 0.897705 0.426966
0 0.859673 0.412610 0.872788 0.412610 0.872788 0.426966 0.859673 0.426966
0 0.806558 0.386392 0.820328 0.386392 0.820328 0.401373 0.806558 0.401373
0 0.803934 0.404495 0.824918 0.404495 0.824918 0.424469 0.803934 0.424469
0 0.820983 0.424469 0.837377 0.424469 0.837377 0.443821 0.820983 0.443821
0 0.846557 0.438202 0.862295 0.438202 0.862295 0.455680 0.846557 0.455680
0 0.791475 0.418227 0.806557 0.418227 0.806557 0.435705 0.791475 0.435705
0 0.797377 0.454432 0.817049 0.454432 0.817049 0.472534 0.797377 0.472534
0 0.775737 0.429463 0.788852 0.429463 0.788852 0.441323 0.775737 0.441323
0 0.723279 0.421348 0.742295 0.421348 0.742295 0.440076 0.723279 0.440076
0 0.700328 0.428215 0.715410 0.428215 0.715410 0.440699 0.700328 0.440699
0 0.851147 0.473782 0.866885 0.473782 0.866885 0.487515 0.851147 0.487515
0 0.817049 0.481898 0.836721 0.481898 0.836721 0.500000 0.817049 0.500000
0 0.826230 0.493758 0.847869 0.493758 0.847869 0.513108 0.826230 0.513108
0 0.784262 0.487516 0.803278 0.487516 0.803278 0.504994 0.784262 0.504994
0 0.847869 0.378902 0.863607 0.378902 0.863607 0.393883 0.847869 0.393883
0 0.743607 0.488764 0.763279 0.488764 0.763279 0.508115 0.743607 0.508115
0 0.729836 0.431336 0.754098 0.431336 0.754098 0.447566 0.729836 0.447566
0 0.725245 0.485644 0.742951 0.485644 0.742951 0.500625 0.725245 0.500625
0 0.839344 0.533084 0.858360 0.533084 0.858360 0.551810 0.839344 0.551810
0 0.916721 0.506866 0.932459 0.506866 0.932459 0.522472 0.916721 0.522472
0 0.801311 0.524345 0.814426 0.524345 0.814426 0.543695 0.801311 0.543695
0 0.690492 0.543696 0.706886 0.543696 0.706886 0.561798 0.690492 0.561798
0 0.718689 0.547441 0.733771 0.547441 0.733771 0.564295 0.718689 0.564295
0 0.857049 0.490012 0.872787 0.490012 0.872787 0.506866 0.857049 0.506866
0 0.742951 0.584894 0.761967 0.584894 0.761967 0.602372 0.742951 0.602372
0 0.831475 0.568664 0.846557 0.568664 0.846557 0.581148 0.831475 0.581148
0 0.853770 0.567415 0.870164 0.567415 0.870164 0.580524 0.853770 0.580524
0 0.855082 0.588016 0.869508 0.588016 0.869508 0.602372 0.855082 0.602372
0 0.841967 0.607366 0.868197 0.607366 0.868197 0.625468 0.841967 0.625468
0 0.864263 0.609238 0.887869 0.609238 0.887869 0.624843 0.864263 0.624843
0 0.885902 0.617978 0.907540 0.617978 0.907540 0.636705 0.885902 0.636705
0 0.914099 0.586142 0.933115 0.586142 0.933115 0.601747 0.914099 0.601747
0 0.829508 0.634832 0.847870 0.634832 0.847870 0.654183 0.829508 0.654183
0 0.769836 0.646068 0.788852 0.646068 0.788852 0.664170 0.769836 0.664170
0 0.801312 0.675406 0.815082 0.675406 0.815082 0.693508 0.801312 0.693508
0 0.834098 0.660424 0.854426 0.660424 0.854426 0.680400 0.834098 0.680400
0 0.921967 0.623595 0.940329 0.623595 0.940329 0.637952 0.921967 0.637952
0 0.928524 0.650436 0.945574 0.650436 0.945574 0.664169 0.928524 0.664169
0 0.944918 0.663546 0.963934 0.663546 0.963934 0.683521 0.944918 0.683521
0 0.887213 0.671036 0.908197 0.671036 0.908197 0.689138 0.887213 0.689138
0 0.841967 0.692885 0.860983 0.692885 0.860983 0.714108 0.841967 0.714108
0 0.824918 0.713483 0.846557 0.713483 0.846557 0.732209 0.824918 0.732209
0 0.900328 0.692260 0.923279 0.692260 0.923279 0.710986 0.900328 0.710986
0 0.708197 0.611735 0.729835 0.611735 0.729835 0.631711 0.708197 0.631711
0 0.975738 0.730337 0.997376 0.730337 0.997376 0.751560 0.975738 0.751560
0 0.944918 0.699750 0.963934 0.699750 0.963934 0.716604 0.944918 0.716604
0 0.930491 0.736579 0.948852 0.736579 0.948852 0.757178 0.930491 0.757178
0 0.752130 0.748439 0.770491 0.748439 0.770491 0.764669 0.752130 0.764669
0 0.817705 0.779651 0.843279 0.779651 0.843279 0.797753 0.817705 0.797753
0 0.779017 0.794632 0.797378 0.794632 0.797378 0.810862 0.779017 0.810862
0 0.735738 0.789638 0.754754 0.789638 0.754754 0.805244 0.735738 0.805244
0 0.799344 0.832709 0.818360 0.832709 0.818360 0.847066 0.799344 0.847066
0 0.825573 0.875157 0.842623 0.875157 0.842623 0.890762 0.825573 0.890762
0 0.841967 0.829588 0.863606 0.829588 0.863606 0.848314 0.841967 0.848314
0 0.829508 0.845194 0.847870 0.845194 0.847870 0.857054 0.829508 0.857054
0 0.845901 0.747815 0.864263 0.747815 0.864263 0.765917 0.845901 0.765917
0 0.887213 0.767166 0.904919 0.767166 0.904919 0.785268 0.887213 0.785268
0 0.864918 0.763421 0.888524 0.763421 0.888524 0.778401 0.864918 0.778401
0 0.924590 0.787765 0.939672 0.787765 0.939672 0.805243 0.924590 0.805243
0 0.908853 0.790262 0.923279 0.790262 0.923279 0.806492 0.908853 0.806492
0 0.935083 0.810237 0.941639 0.810237 0.941639 0.822721 0.935083 0.822721
0 0.943606 0.830213 0.961311 0.830213 0.961311 0.849563 0.943606 0.849563
0 0.971803 0.817727 0.990819 0.817727 0.990819 0.830836 0.971803 0.830836
0 0.909508 0.835206 0.933114 0.835206 0.933114 0.853932 0.909508 0.853932
0 0.909508 0.862047 0.925902 0.862047 0.925902 0.877653 0.909508 0.877653
0 0.963934 0.946941 0.983606 0.946941 0.983606 0.963795 0.963934 0.963795
0 0.811147 0.867666 0.831475 0.867666 0.831475 0.882647 0.811147 0.882647
0 0.820984 0.895131 0.840000 0.895131 0.840000 0.909488 0.820984 0.909488
0 0.808524 0.915730 0.829508 0.915730 0.829508 0.927590 0.808524 0.927590
0 0.859016 0.911985 0.876722 0.911985 0.876722 0.929463 0.859016 0.929463
0 0.936393 0.862672 0.954755 0.862672 0.954755 0.878902 0.936393 0.878902
0 0.809836 0.940075 0.824918 0.940075 0.824918 0.956929 0.809836 0.956929
0 0.746229 0.923846 0.764591 0.923846 0.764591 0.938827 0.746229 0.938827
0 0.788196 0.847066 0.801311 0.847066 0.801311 0.862672 0.788196 0.862672
0 0.707541 0.885143 0.730491 0.885143 0.730491 0.905743 0.707541 0.905743
0 0.710164 0.904494 0.731148 0.904494 0.731148 0.920100 0.710164 0.920100
0 0.721312 0.933208 0.740328 0.933208 0.740328 0.947565 0.721312 0.947565
0 0.723935 0.971286 0.738361 0.971286 0.738361 0.988140 0.723935 0.988140
0 0.676721 0.956305 0.696393 0.956305 0.696393 0.973159 0.676721 0.973159
0 0.640000 0.946941 0.659672 0.946941 0.659672 0.968789 0.640000 0.968789
0 0.625574 0.923222 0.645902 0.923222 0.645902 0.938202 0.625574 0.938202
0 0.683934 0.866417 0.704918 0.866417 0.704918 0.887016 0.683934 0.887016
0 0.660328 0.813983 0.681312 0.813983 0.681312 0.826467 0.660328 0.826467
0 0.655082 0.831461 0.672131 0.831461 0.672131 0.850187 0.655082 0.850187
0 0.602623 0.897628 0.623607 0.897628 0.623607 0.915730 0.602623 0.915730
0 0.611147 0.865793 0.631475 0.865793 0.631475 0.885143 0.611147 0.885143
0 0.608524 0.832709 0.624262 0.832709 0.624262 0.847690 0.608524 0.847690
0 0.636721 0.822098 0.651147 0.822098 0.651147 0.835831 0.636721 0.835831
0 0.563278 0.933209 0.580983 0.933209 0.580983 0.950687 0.563278 0.950687
0 0.521967 0.940700 0.539017 0.940700 0.539017 0.960050 0.521967 0.960050
0 0.493770 0.963795 0.509508 0.963795 0.509508 0.981273 0.493770 0.981273
0 0.508853 0.977528 0.523279 0.977528 0.523279 0.995630 0.508853 0.995630
0 0.447214 0.971910 0.464919 0.971910 0.464919 0.988764 0.447214 0.988764
0 0.441967 0.948814 0.460983 0.948814 0.460983 0.965044 0.441967 0.965044
0 0.468853 0.918852 0.486557 0.918852 0.486557 0.933208 0.468853 0.933208
0 0.482623 0.889513 0.500984 0.889513 0.500984 0.909489 0.482623 0.909489
0 0.455082 0.910112 0.468852 0.910112 0.468852 0.923222 0.455082 0.923222
0 0.526558 0.860175 0.545574 0.860175 0.545574 0.881398 0.526558 0.881398
0 0.583606 0.820849 0.600656 0.820849 0.600656 0.837079 0.583606 0.837079
0 0.532459 0.827091 0.549509 0.827091 0.549509 0.845193 0.532459 0.845193
0 0.516065 0.843945 0.526557 0.843945 0.526557 0.860799 0.516065 0.860799
0 0.444590 0.879525 0.460983 0.879525 0.460983 0.895131 0.444590 0.895131
0 0.443934 0.863920 0.455082 0.863920 0.455082 0.881398 0.443934 0.881398
0 0.462950 0.842697 0.479999 0.842697 0.479999 0.857677 0.462950 0.857677
0 0.581639 0.843321 0.594098 0.843321 0.594098 0.857054 0.581639 0.857054
0 0.410492 0.906366 0.424262 0.906366 0.424262 0.920099 0.410492 0.920099
0 0.401967 0.887016 0.418360 0.887016 0.418360 0.904494 0.401967 0.904494
0 0.607213 0.790262 0.622295 0.790262 0.622295 0.828964 0.607213 0.828964
0 0.234098 0.979401 0.249180 0.979401 0.249180 0.997503 0.234098 0.997503
0 0.209180 0.948814 0.225573 0.948814 0.225573 0.965044 0.209180 0.965044
0 0.241968 0.938826 0.254426 0.938826 0.254426 0.955680 0.241968 0.955680
0 0.262296 0.915106 0.280000 0.915106 0.280000 0.931336 0.262296 0.931336
0 0.280656 0.895755 0.297704 0.895755 0.297704 0.911361 0.280656 0.911361
0 0.299016 0.911985 0.318688 0.911985 0.318688 0.930087 0.299016 0.930087
0 0.272787 0.950062 0.287213 0.950062 0.287213 0.965668 0.272787 0.965668
0 0.249181 0.970662 0.261640 0.970662 0.261640 0.985642 0.249181 0.985642
0 0.260328 0.983146 0.274098 0.983146 0.274098 0.999376 0.260328 0.999376
0 0.333770 0.895132 0.349508 0.895132 0.349508 0.910112 0.333770 0.910112
0 0.371148 0.894506 0.389508 0.894506 0.389508 0.913233 0.371148 0.913233
0 0.439999 0.829588 0.457704 0.829588 0.457704 0.846442 0.439999 0.846442
0 0.460984 0.813358 0.479345 0.813358 0.479345 0.829588 0.460984 0.829588
0 0.366558 0.838952 0.385574 0.838952 0.385574 0.858302 0.366558 0.858302
0 0.326557 0.865169 0.346885 0.865169 0.346885 0.882647 0.326557 0.882647
0 0.420328 0.831460 0.438032 0.831460 0.438032 0.847066 0.420328 0.847066
0 0.405902 0.836454 0.419672 0.836454 0.419672 0.846442 0.405902 0.846442
0 0.205902 0.910112 0.224918 0.910112 0.224918 0.926966 0.205902 0.926966
0 0.241967 0.861423 0.260328 0.861423 0.260328 0.878901 0.241967 0.878901
0 0.274099 0.867665 0.290492 0.867665 0.290492 0.882022 0.274099 0.882022
0 0.422951 0.789014 0.438689 0.789014 0.438689 0.806492 0.422951 0.806492
0 0.367868 0.809612 0.380983 0.809612 0.380983 0.822721 0.367868 0.822721
0 0.069509 0.965044 0.085901 0.965044 0.085901 0.981274 0.069509 0.981274
0 0.123279 0.959426 0.139017 0.959426 0.139017 0.977528 0.123279 0.977528
0 0.140983 0.930712 0.161967 0.930712 0.161967 0.951311 0.140983 0.951311
0 0.171803 0.923222 0.188852 0.923222 0.188852 0.938202 0.171803 0.938202
0 0.189508 0.924470 0.201967 0.924470 0.201967 0.950686 0.189508 0.950686
0 0.070820 0.938203 0.086558 0.938203 0.086558 0.953183 0.070820 0.953183
0 0.091148 0.921348 0.112786 0.921348 0.112786 0.937578 0.091148 0.937578
0 0.111475 0.935705 0.121967 0.935705 0.121967 0.953183 0.111475 0.953183
0 0.104262 0.891385 0.121967 0.891385 0.121967 0.904494 0.104262 0.904494
0 0.050492 0.937578 0.064918 0.937578 0.064918 0.950062 0.050492 0.950062
0 0.014427 0.905118 0.026885 0.905118 0.026885 0.920724 0.014427 0.920724
0 0.049181 0.865169 0.067542 0.865169 0.067542 0.882647 0.049181 0.882647
0 0.189508 0.846441 0.209836 0.846441 0.209836 0.866417 0.189508 0.866417
0 0.236721 0.834582 0.254426 0.834582 0.254426 0.849562 0.236721 0.849562
0 0.173115 0.857054 0.186885 0.857054 0.186885 0.873284 0.173115 0.873284
0 0.186229 0.833958 0.202622 0.833958 0.202622 0.848938 0.186229 0.848938
0 0.104262 0.831461 0.120000 0.831461 0.120000 0.857677 0.104262 0.857677
0 0.083934 0.831461 0.100984 0.831461 0.100984 0.848315 0.083934 0.848315
0 0.179672 0.799625 0.199344 0.799625 0.199344 0.813358 0.179672 0.813358
0 0.159345 0.794008 0.181640 0.794008 0.181640 0.812110 0.159345 0.812110
0 0.018361 0.954431 0.034753 0.954431 0.034753 0.979401 0.018361 0.979401
0 0.028196 0.838327 0.045901 0.838327 0.045901 0.856429 0.028196 0.856429
0 0.119344 0.770912 0.138360 0.770912 0.138360 0.789639 0.119344 0.789639
0 0.058361 0.774033 0.073443 0.774033 0.073443 0.789013 0.058361 0.789013
0 0.185574 0.777778 0.200656 0.777778 0.200656 0.794008 0.185574 0.794008
0 0.204591 0.781523 0.217705 0.781523 0.217705 0.797753 0.204591 0.797753
0 0.027541 0.787141 0.036721 0.787141 0.036721 0.803371 0.027541 0.803371
0 0.044590 0.746567 0.060328 0.746567 0.060328 0.758427 0.044590 0.758427
0 0.035410 0.714107 0.050492 0.714107 0.050492 0.741573 0.035410 0.741573
0 0.020328 0.719725 0.032132 0.719725 0.032132 0.735955 0.020328 0.735955
0 0.051147 0.724719 0.068852 0.724719 0.068852 0.740949 0.051147 0.740949
0 0.068197 0.719101 0.081311 0.719101 0.081311 0.734707 0.068197 0.734707
0 0.152132 0.724719 0.168524 0.724719 0.168524 0.743445 0.152132 0.743445
0 0.173115 0.707241 0.189507 0.707241 0.189507 0.728464 0.173115 0.728464
0 0.127869 0.707865 0.149509 0.707865 0.149509 0.725343 0.127869 0.725343
0 0.173771 0.744070 0.183607 0.744070 0.183607 0.762796 0.173771 0.762796
0 0.119344 0.696005 0.144262 0.696005 0.144262 0.709114 0.119344 0.709114
0 0.228197 0.715980 0.247213 0.715980 0.247213 0.733458 0.228197 0.733458
0 0.213114 0.705993 0.230820 0.705993 0.230820 0.719102 0.213114 0.719102
0 0.151476 0.675406 0.167869 0.675406 0.167869 0.693508 0.151476 0.693508
0 0.127869 0.661673 0.147541 0.661673 0.147541 0.677279 0.127869 0.677279
0 0.188853 0.683520 0.207869 0.683520 0.207869 0.697253 0.188853 0.697253
0 0.177049 0.667915 0.192787 0.667915 0.192787 0.690387 0.177049 0.690387
0 0.031475 0.652934 0.047869 0.652934 0.047869 0.671036 0.031475 0.671036
0 0.013115 0.603620 0.028197 0.603620 0.028197 0.625468 0.013115 0.625468
0 0.076066 0.635456 0.092458 0.635456 0.092458 0.652934 0.076066 0.652934
0 0.093771 0.640449 0.106885 0.640449 0.106885 0.657303 0.093771 0.657303
0 0.109508 0.639201 0.121967 0.639201 0.121967 0.650437 0.109508 0.650437
0 0.193443 0.637329 0.207869 0.637329 0.207869 0.656679 0.193443 0.656679
0 0.145574 0.624843 0.162623 0.624843 0.162623 0.643570 0.145574 0.643570
0 0.128525 0.634207 0.148197 0.634207 0.148197 0.649813 0.128525 0.649813
0 0.083935 0.609863 0.102951 0.609863 0.102951 0.624843 0.083935 0.624843
0 0.070164 0.611735 0.085246 0.611735 0.085246 0.627965 0.070164 0.627965
0 0.058361 0.588639 0.074754 0.588639 0.074754 0.607366 0.058361 0.607366
0 0.030164 0.551186 0.052458 0.551186 0.052458 0.574906 0.030164 0.574906
0 0.033442 0.574282 0.049180 0.574282 0.049180 0.591136 0.033442 0.591136
0 0.003934 0.546817 0.020984 0.546817 0.020984 0.560550 0.003934 0.560550
0 0.087213 0.551810 0.108852 0.551810 0.108852 0.568040 0.087213 0.568040
0 0.091148 0.578028 0.110820 0.578028 0.110820 0.595506 0.091148 0.595506
0 0.076066 0.574282 0.090492 0.574282 0.090492 0.593008 0.076066 0.593008
0 0.152787 0.568664 0.172459 0.568664 0.172459 0.585518 0.152787 0.585518
0 0.157377 0.588639 0.175738 0.588639 0.175738 0.605493 0.157377 0.605493
0 0.056393 0.508115 0.066885 0.508115 0.066885 0.531835 0.056393 0.531835
0 0.078689 0.476279 0.097049 0.476279 0.097049 0.495007 0.078689 0.495007
0 0.051803 0.473158 0.066229 0.473158 0.066229 0.494381 0.051803 0.494381
0 0.087869 0.515606 0.107541 0.515606 0.107541 0.534332 0.087869 0.534332
0 0.137049 0.531212 0.152787 0.531212 0.152787 0.546192 0.137049 0.546192
0 0.163934 0.529963 0.181640 0.529963 0.181640 0.542447 0.163934 0.542447
0 0.163279 0.544944 0.182295 0.544944 0.182295 0.563670 0.163279 0.563670
0 0.205901 0.543695 0.221639 0.543695 0.221639 0.561173 0.205901 0.561173
0 0.247869 0.562422 0.267541 0.562422 0.267541 0.580524 0.247869 0.580524
0 0.173771 0.602996 0.190820 0.602996 0.190820 0.619226 0.173771 0.619226
0 0.191476 0.574282 0.208525 0.574282 0.208525 0.592384 0.191476 0.592384
0 0.152787 0.503121 0.172459 0.503121 0.172459 0.518102 0.152787 0.518102
0 0.167213 0.485642 0.187541 0.485642 0.187541 0.504993 0.167213 0.504993
0 0.144262 0.448814 0.166557 0.448814 0.166557 0.466292 0.144262 0.466292
0 0.116066 0.472534 0.129181 0.472534 0.129181 0.494382 0.116066 0.494382
0 0.129836 0.466917 0.144262 0.466917 0.144262 0.479401 0.129836 0.479401
0 0.246558 0.521847 0.264919 0.521847 0.264919 0.537452 0.246558 0.537452
0 0.245902 0.500000 0.266230 0.500000 0.266230 0.515606 0.245902 0.515606
0 0.017049 0.422596 0.036721 0.422596 0.036721 0.441324 0.017049 0.441324
0 0.042623 0.416979 0.063607 0.416979 0.063607 0.436953 0.042623 0.436953
0 0.140983 0.413857 0.161967 0.413857 0.161967 0.435080 0.140983 0.435080
0 0.118033 0.409487 0.138361 0.409487 0.138361 0.428214 0.118033 0.428214
0 0.094426 0.402622 0.110164 0.402622 0.110164 0.418852 0.094426 0.418852
0 0.045901 0.379526 0.062295 0.379526 0.062295 0.397628 0.045901 0.397628
0 0.076722 0.398253 0.089836 0.398253 0.089836 0.413234 0.076722 0.413234
0 0.062951 0.387017 0.075410 0.387017 0.075410 0.401373 0.062951 0.401373
0 0.011148 0.340824 0.028852 0.340824 0.028852 0.359551 0.011148 0.359551
0 0.008524 0.310237 0.024918 0.310237 0.024918 0.330837 0.008524 0.330837
0 0.034098 0.314607 0.048524 0.314607 0.048524 0.335830 0.034098 0.335830
0 0.002623 0.273408 0.018361 0.273408 0.018361 0.294631 0.002623 0.294631
0 0.039345 0.289639 0.051804 0.289639 0.051804 0.305244 0.039345 0.305244
0 0.060984 0.297128 0.083279 0.297128 0.083279 0.313358 0.060984 0.313358
0 0.102295 0.292135 0.121311 0.292135 0.121311 0.313358 0.102295 0.313358
0 0.125901 0.340824 0.144263 0.340824 0.144263 0.358926 0.125901 0.358926
0 0.127213 0.310237 0.144919 0.310237 0.144919 0.327091 0.127213 0.327091
0 0.154098 0.300874 0.174426 0.300874 0.174426 0.317104 0.154098 0.317104
0 0.172460 0.319601 0.189508 0.319601 0.189508 0.335205 0.172460 0.335205
0 0.146886 0.358302 0.164590 0.358302 0.164590 0.370162 0.146886 0.370162
0 0.194098 0.379526 0.214426 0.379526 0.214426 0.398877 0.194098 0.398877
0 0.225573 0.382647 0.243279 0.382647 0.243279 0.399501 0.225573 0.399501
0 0.245902 0.393882 0.268197 0.393882 0.268197 0.413233 0.245902 0.413233
0 0.239345 0.368914 0.256393 0.368914 0.256393 0.375780 0.239345 0.375780
0 0.230163 0.356430 0.242622 0.356430 0.242622 0.368914 0.230163 0.368914
0 0.216393 0.368290 0.232131 0.368290 0.232131 0.378902 0.216393 0.378902
0 0.211147 0.343945 0.231475 0.343945 0.231475 0.364544 0.211147 0.364544
0 0.253115 0.335830 0.272131 0.335830 0.272131 0.352060 0.253115 0.352060
0 0.005246 0.195380 0.028853 0.195380 0.028853 0.209737 0.005246 0.209737
0 0.055738 0.244695 0.076066 0.244695 0.076066 0.264670 0.055738 0.264670
0 0.081311 0.244694 0.099016 0.244694 0.099016 0.261548 0.081311 0.261548
0 0.055082 0.187266 0.071475 0.187266 0.071475 0.200374 0.055082 0.200374
0 0.092458 0.217853 0.110819 0.217853 0.110819 0.233457 0.092458 0.233457
0 0.133771 0.236579 0.153443 0.236579 0.153443 0.254057 0.133771 0.254057
0 0.146229 0.247192 0.166557 0.247192 0.166557 0.262796 0.146229 0.262796
0 0.237377 0.314607 0.253771 0.314607 0.253771 0.329588 0.237377 0.329588
0 0.219016 0.318976 0.234098 0.318976 0.234098 0.330212 0.219016 0.330212
0 0.210492 0.291510 0.230820 0.291510 0.230820 0.310237 0.210492 0.310237
0 0.237377 0.218477 0.253115 0.218477 0.253115 0.234707 0.237377 0.234707
0 0.251148 0.189763 0.267541 0.189763 0.267541 0.204744 0.251148 0.204744
0 0.329180 0.231585 0.346885 0.231585 0.346885 0.251561 0.329180 0.251561
0 0.331804 0.272160 0.350164 0.272160 0.350164 0.289638 0.331804 0.289638
0 0.302295 0.324595 0.314754 0.324595 0.314754 0.338951 0.302295 0.338951
0 0.296394 0.384520 0.312787 0.384520 0.312787 0.397004 0.296394 0.397004
0 0.325246 0.324595 0.341639 0.324595 0.341639 0.338951 0.325246 0.338951
0 0.358034 0.352060 0.374426 0.352060 0.374426 0.367042 0.358034 0.367042
0 0.365901 0.375780 0.383606 0.375780 0.383606 0.393882 0.365901 0.393882
0 0.409836 0.273408 0.431475 0.273408 0.431475 0.292760 0.409836 0.292760
0 0.428853 0.292134 0.450491 0.292134 0.450491 0.318352 0.428853 0.318352
0 0.464262 0.285892 0.480000 0.285892 0.480000 0.301497 0.464262 0.301497
0 0.384263 0.382647 0.401967 0.382647 0.401967 0.401374 0.384263 0.401374
0 0.344918 0.447565 0.365246 0.447565 0.365246 0.458177 0.344918 0.458177
0 0.414426 0.463795 0.434098 0.463795 0.434098 0.484395 0.414426 0.484395
0 0.478033 0.457553 0.491803 0.457553 0.491803 0.474407 0.478033 0.474407
0 0.495082 0.458178 0.514098 0.458178 0.514098 0.478152 0.495082 0.478152
0 0.444590 0.347067 0.460328 0.347067 0.460328 0.362048 0.444590 0.362048
0 0.474754 0.297129 0.494426 0.297129 0.494426 0.315231 0.474754 0.315231
0 0.472786 0.352684 0.489835 0.352684 0.489835 0.370162 0.472786 0.370162
0 0.521968 0.343321 0.543606 0.343321 0.543606 0.363295 0.521968 0.363295
0 0.506885 0.406991 0.529180 0.406991 0.529180 0.428839 0.506885 0.428839
0 0.543606 0.388264 0.561968 0.388264 0.561968 0.406992 0.543606 0.406992
0 0.565245 0.397627 0.583607 0.397627 0.583607 0.416355 0.565245 0.416355
0 0.561967 0.440075 0.582295 0.440075 0.582295 0.458177 0.561967 0.458177
0 0.548853 0.362048 0.563279 0.362048 0.563279 0.375781 0.548853 0.375781
0 0.628196 0.390137 0.645902 0.390137 0.645902 0.406367 0.628196 0.406367
0 0.611147 0.343945 0.628197 0.343945 0.628197 0.362047 0.611147 0.362047
0 0.571147 0.351436 0.586885 0.351436 0.586885 0.367040 0.571147 0.367040
0 0.565246 0.420725 0.584918 0.420725 0.584918 0.435706 0.565246 0.435706
0 0.571803 0.480649 0.589508 0.480649 0.589508 0.498751 0.571803 0.498751
0 0.621639 0.471910 0.642623 0.471910 0.642623 0.490012 0.621639 0.490012
0 0.656394 0.494382 0.676066 0.494382 0.676066 0.510612 0.656394 0.510612
0 0.641967 0.420725 0.660328 0.420725 0.660328 0.436329 0.641967 0.436329
0 0.680656 0.413233 0.695082 0.413233 0.695082 0.426343 0.680656 0.426343
0 0.749508 0.398252 0.765902 0.398252 0.765902 0.415730 0.749508 0.415730
0 0.756065 0.371411 0.773771 0.371411 0.773771 0.388889 0.756065 0.388889
0 0.729836 0.387016 0.749508 0.387016 0.749508 0.404494 0.729836 0.404494
0 0.673442 0.359551 0.691148 0.359551 0.691148 0.376405 0.673442 0.376405
0 0.739016 0.351435 0.754754 0.351435 0.754754 0.364544 0.739016 0.364544
0 0.718032 0.354557 0.736394 0.354557 0.736394 0.371411 0.718032 0.371411
0 0.699672 0.330212 0.716066 0.330212 0.716066 0.347066 0.699672 0.347066
0 0.684589 0.322098 0.702951 0.322098 0.702951 0.337703 0.684589 0.337703
0 0.661640 0.327715 0.680656 0.327715 0.680656 0.345193 0.661640 0.345193
0 0.651803 0.308364 0.672787 0.308364 0.672787 0.327715 0.651803 0.327715
0 0.636066 0.290263 0.656394 0.290263 0.656394 0.310237 0.636066 0.310237
0 0.612459 0.226592 0.627541 0.226592 0.627541 0.245943 0.612459 0.245943
0 0.602623 0.279027 0.621639 0.279027 0.621639 0.300250 0.602623 0.300250
0 0.577705 0.272160 0.598033 0.272160 0.598033 0.290262 0.577705 0.290262
0 0.540983 0.267791 0.558689 0.267791 0.558689 0.282147 0.540983 0.282147
0 0.427541 0.220349 0.447869 0.220349 0.447869 0.236579 0.427541 0.236579
0 0.455738 0.215356 0.474098 0.215356 0.474098 0.234082 0.455738 0.234082
0 0.445902 0.236579 0.456394 0.236579 0.456394 0.255306 0.445902 0.255306
0 0.464262 0.239701 0.480000 0.239701 0.480000 0.252810 0.464262 0.252810
0 0.484590 0.245942 0.502950 0.245942 0.502950 0.262172 0.484590 0.262172
0 0.277377 0.403245 0.295737 0.403245 0.295737 0.416355 0.277377 0.416355
0 0.238034 0.487515 0.254426 0.487515 0.254426 0.500625 0.238034 0.500625
0 0.295082 0.506243 0.314754 0.506243 0.314754 0.520599 0.295082 0.520599
0 0.280656 0.552435 0.295082 0.552435 0.295082 0.581149 0.280656 0.581149
0 0.222950 0.602996 0.239999 0.602996 0.239999 0.614232 0.222950 0.614232
0 0.241967 0.604245 0.256393 0.604245 0.256393 0.621099 0.241967 0.621099
0 0.298361 0.532460 0.317377 0.532460 0.317377 0.550562 0.298361 0.550562
0 0.260984 0.599251 0.274754 0.599251 0.274754 0.613607 0.260984 0.613607
0 0.280656 0.588639 0.297048 0.588639 0.297048 0.609862 0.280656 0.609862
0 0.245246 0.628589 0.257705 0.628589 0.257705 0.644195 0.245246 0.644195
0 0.255082 0.635456 0.276066 0.635456 0.276066 0.654183 0.255082 0.654183
0 0.285245 0.481274 0.302294 0.481274 0.302294 0.493758 0.285245 0.493758
0 0.356066 0.502497 0.375738 0.502497 0.375738 0.521223 0.356066 0.521223
0 0.369836 0.519351 0.385574 0.519351 0.385574 0.533084 0.369836 0.533084
0 0.392787 0.524344 0.411803 0.524344 0.411803 0.537454 0.392787 0.537454
0 0.415082 0.375780 0.426230 0.375780 0.426230 0.392634 0.415082 0.392634
0 0.320000 0.537453 0.335738 0.537453 0.335738 0.553059 0.320000 0.553059
0 0.346885 0.534332 0.371147 0.534332 0.371147 0.546192 0.346885 0.546192
0 0.326558 0.574907 0.344262 0.574907 0.344262 0.593009 0.326558 0.593009
0 0.317377 0.602996 0.333115 0.602996 0.333115 0.619226 0.317377 0.619226
0 0.345574 0.588016 0.359344 0.588016 0.359344 0.602372 0.345574 0.602372
0 0.352788 0.561798 0.374426 0.561798 0.374426 0.578652 0.352788 0.578652
0 0.390163 0.599876 0.407868 0.599876 0.407868 0.615481 0.390163 0.615481
0 0.379672 0.588639 0.394754 0.588639 0.394754 0.604245 0.379672 0.604245
0 0.413115 0.606742 0.433443 0.606742 0.433443 0.620475 0.413115 0.620475
0 0.428197 0.536829 0.438689 0.536829 0.438689 0.556179 0.428197 0.556179
0 0.452459 0.521223 0.466885 0.521223 0.466885 0.536829 0.452459 0.536829
0 0.493771 0.513733 0.512787 0.513733 0.512787 0.531211 0.493771 0.531211
0 0.515409 0.504994 0.533771 0.504994 0.533771 0.519975 0.515409 0.519975
0 0.516722 0.523720 0.538361 0.523720 0.538361 0.539326 0.516722 0.539326
0 0.540984 0.514982 0.561312 0.514982 0.561312 0.529963 0.540984 0.529963
0 0.533771 0.538701 0.556721 0.538701 0.556721 0.554307 0.533771 0.554307
0 0.434754 0.556180 0.445246 0.556180 0.445246 0.572410 0.434754 0.572410
0 0.447869 0.596130 0.470163 0.596130 0.470163 0.606742 0.447869 0.606742
0 0.465574 0.575530 0.483278 0.575530 0.483278 0.591760 0.465574 0.591760
0 0.574426 0.572409 0.592132 0.572409 0.592132 0.588014 0.574426 0.588014
0 0.613771 0.548689 0.627541 0.548689 0.627541 0.567415 0.613771 0.567415
0 0.576394 0.501248 0.590820 0.501248 0.590820 0.512484 0.576394 0.512484
0 0.554754 0.571785 0.571148 0.571785 0.571148 0.589887 0.554754 0.589887
0 0.518033 0.590511 0.534427 0.590511 0.534427 0.603621 0.518033 0.603621
0 0.512131 0.579900 0.529837 0.579900 0.529837 0.591136 0.512131 0.591136
0 0.485247 0.609239 0.506885 0.609239 0.506885 0.627341 0.485247 0.627341
0 0.476065 0.516230 0.487868 0.516230 0.487868 0.528714 0.476065 0.528714
0 0.443935 0.635456 0.462295 0.635456 0.462295 0.652310 0.443935 0.652310
0 0.570492 0.592385 0.591476 0.592385 0.591476 0.609863 0.570492 0.609863
0 0.453115 0.686017 0.471475 0.686017 0.471475 0.702247 0.453115 0.702247
0 0.426229 0.650437 0.438688 0.650437 0.438688 0.668539 0.426229 0.668539
0 0.403278 0.694132 0.419671 0.694132 0.419671 0.710362 0.403278 0.710362
0 0.474099 0.641074 0.491804 0.641074 0.491804 0.655431 0.474099 0.655431
0 0.521311 0.669788 0.539017 0.669788 0.539017 0.687890 0.521311 0.687890
0 0.533770 0.699126 0.554098 0.699126 0.554098 0.719102 0.533770 0.719102
0 0.474755 0.724095 0.496393 0.724095 0.496393 0.742822 0.474755 0.742822
0 0.401311 0.720974 0.417049 0.720974 0.417049 0.737204 0.401311 0.737204
0 0.598688 0.607366 0.615738 0.607366 0.615738 0.621722 0.598688 0.621722
0 0.601967 0.692884 0.622951 0.692884 0.622951 0.712234 0.601967 0.712234
0 0.579672 0.707241 0.598033 0.707241 0.598033 0.724719 0.579672 0.724719
0 0.501640 0.730961 0.523278 0.730961 0.523278 0.746567 0.501640 0.746567
0 0.210491 0.758427 0.228197 0.758427 0.228197 0.778402 0.210491 0.778402
0 0.239344 0.754057 0.264918 0.754057 0.264918 0.776529 0.239344 0.776529
0 0.240000 0.731585 0.260328 0.731585 0.260328 0.747191 0.240000 0.747191
0 0.286558 0.705993 0.302951 0.705993 0.302951 0.724095 0.286558 0.724095
0 0.276721 0.656679 0.296393 0.656679 0.296393 0.674781 0.276721 0.674781
0 0.308197 0.718477 0.321967 0.718477 0.321967 0.729713 0.308197 0.729713
0 0.311476 0.745943 0.334426 0.745943 0.334426 0.760300 0.311476 0.760300
0 0.323279 0.725967 0.340328 0.725967 0.340328 0.742197 0.323279 0.742197
0 0.343607 0.765294 0.363279 0.765294 0.363279 0.780274 0.343607 0.780274
0 0.342296 0.714107 0.360001 0.714107 0.360001 0.731585 0.342296 0.731585
0 0.366557 0.715980 0.386885 0.715980 0.386885 0.732834 0.366557 0.732834
0 0.390819 0.684769 0.402622 0.684769 0.402622 0.696005 0.390819 0.696005
0 0.436721 0.722222 0.447869 0.722222 0.447869 0.734082 0.436721 0.734082
0 0.346885 0.677279 0.367213 0.677279 0.367213 0.695381 0.346885 0.695381
0 0.337049 0.669787 0.352131 0.669787 0.352131 0.683520 0.337049 0.683520
0 0.268852 0.693508 0.277377 0.693508 0.277377 0.705368 0.268852 0.705368
0 0.242623 0.658552 0.259016 0.658552 0.259016 0.668540 0.242623 0.668540
0 0.305573 0.680400 0.318688 0.680400 0.318688 0.694133 0.305573 0.694133
0 0.354098 0.615481 0.366557 0.615481 0.366557 0.627965 0.354098 0.627965
0 0.375738 0.670412 0.394754 0.670412 0.394754 0.686642 0.375738 0.686642
0 0.469508 0.674782 0.483934 0.674782 0.483934 0.686018 0.469508 0.686018
0 0.478689 0.784644 0.493115 0.784644 0.493115 0.797754 0.478689 0.797754
0 0.507541 0.774032 0.521967 0.774032 0.521967 0.790262 0.507541 0.790262
0 0.493771 0.794007 0.508197 0.794007 0.508197 0.807740 0.493771 0.807740
0 0.592131 0.746567 0.612459 0.746567 0.612459 0.763421 0.592131 0.763421
0 0.632787 0.750937 0.653771 0.750937 0.653771 0.766542 0.632787 0.766542
0 0.642623 0.704744 0.659672 0.704744 0.659672 0.719725 0.642623 0.719725
0 0.626885 0.699127 0.643935 0.699127 0.643935 0.714108 0.626885 0.714108
0 0.561967 0.737204 0.576393 0.737204 0.576393 0.749064 0.561967 0.749064
0 0.634754 0.551187 0.655082 0.551187 0.655082 0.571786 0.634754 0.571786
0 0.654426 0.519975 0.668196 0.519975 0.668196 0.535581 0.654426 0.535581
0 0.665574 0.508115 0.687213 0.508115 0.687213 0.524345 0.665574 0.524345
0 0.688525 0.656679 0.707541 0.656679 0.707541 0.676655 0.688525 0.676655
0 0.751475 0.549938 0.767869 0.549938 0.767869 0.568665 0.751475 0.568665
0 0.800000 0.656055 0.814426 0.656055 0.814426 0.668539 0.800000 0.668539
0 0.540328 0.599251 0.559344 0.599251 0.559344 0.621099 0.540328 0.621099
0 0.545574 0.641698 0.558689 0.641698 0.558689 0.654807 0.545574 0.654807
0 0.676722 0.709114 0.695738 0.709114 0.695738 0.727841 0.676722 0.727841
0 0.741639 0.677903 0.756065 0.677903 0.756065 0.692260 0.741639 0.692260
0 0.590820 0.674782 0.606558 0.674782 0.606558 0.689138 0.590820 0.689138
0 0.566558 0.664170 0.579017 0.664170 0.579017 0.681648 0.566558 0.681648
0 0.571148 0.622971 0.582951 0.622971 0.582951 0.633583 0.571148 0.633583
0 0.614426 0.632958 0.626885 0.632958 0.626885 0.653558 0.614426 0.653558
0 0.651803 0.654183 0.668853 0.654183 0.668853 0.672909 0.651803 0.672909
0 0.627541 0.663546 0.643935 0.663546 0.643935 0.681024 0.627541 0.681024
0 0.669508 0.593008 0.683934 0.593008 0.683934 0.606117 0.669508 0.606117
0 0.799344 0.561173 0.816393 0.561173 0.816393 0.576779 0.799344 0.576779
0 0.821639 0.548689 0.837377 0.548689 0.837377 0.564295 0.821639 0.564295
2 0.055737 0.712859 0.064263 0.712859 0.064263 0.722222 0.055737 0.722222
