0 0.911564 0.803192 0.961452 0.803192 0.961452 0.952128 0.911564 0.952128
1 0.040817 0.031915 0.077097 0.031915 0.077097 0.159575 0.040817 0.159575
1 0.002267 0.143616 0.036281 0.143616 0.036281 0.239362 0.002267 0.239362
1 0.027211 0.340426 0.058957 0.340426 0.058957 0.425532 0.027211 0.425532
1 0.061225 0.303192 0.099774 0.303192 0.099774 0.356382 0.061225 0.356382
1 0.083901 0.223404 0.129252 0.223404 0.129252 0.308510 0.083901 0.308510
1 0.136054 0.132978 0.167800 0.132978 0.167800 0.239362 0.136054 0.239362
1 0.136055 0.255319 0.176871 0.255319 0.176871 0.345745 0.136055 0.345745
1 0.124717 0.340425 0.160998 0.340425 0.160998 0.430851 0.124717 0.430851
1 0.072563 0.388298 0.122449 0.388298 0.122449 0.484042 0.072563 0.484042
1 0.045351 0.489362 0.088435 0.489362 0.088435 0.585106 0.045351 0.585106
1 0.097505 0.505320 0.131519 0.505320 0.131519 0.574468 0.097505 0.574468
1 0.065760 0.569149 0.095238 0.569149 0.095238 0.664894 0.065760 0.664894
1 0.038549 0.654255 0.072563 0.654255 0.072563 0.787234 0.038549 0.787234
1 0.024944 0.558511 0.054422 0.558511 0.054422 0.627659 0.024944 0.627659
1 0.009071 0.664894 0.038549 0.664894 0.038549 0.750000 0.009071 0.750000
1 0.004535 0.771276 0.047619 0.771276 0.047619 0.898936 0.004535 0.898936
1 0.126984 0.569149 0.181406 0.569149 0.181406 0.659575 0.126984 0.659575
1 0.151928 0.489362 0.204082 0.489362 0.204082 0.569149 0.151928 0.569149
1 0.204081 0.478724 0.242630 0.478724 0.242630 0.563830 0.204081 0.563830
1 0.183673 0.356383 0.226757 0.356383 0.226757 0.457447 0.183673 0.457447
1 0.183673 0.212765 0.226757 0.212765 0.226757 0.308510 0.183673 0.308510
1 0.165533 0.686170 0.208617 0.686170 0.208617 0.787234 0.165533 0.787234
1 0.217688 0.574468 0.253968 0.574468 0.253968 0.664894 0.217688 0.664894
1 0.301588 0.473405 0.351475 0.473405 0.351475 0.569149 0.301588 0.569149
1 0.231292 0.244681 0.274376 0.244681 0.274376 0.345745 0.231292 0.345745
1 0.215420 0.021277 0.256236 0.021277 0.256236 0.127660 0.215420 0.127660
1 0.224490 0.117021 0.251700 0.117021 0.251700 0.207447 0.224490 0.207447
1 0.158730 0.063830 0.185941 0.063830 0.185941 0.148936 0.158730 0.148936
1 0.260771 0.143616 0.297052 0.143616 0.297052 0.239362 0.260771 0.239362
1 0.281179 0.069149 0.321995 0.069149 0.321995 0.159575 0.281179 0.159575
1 0.317460 0.021277 0.358276 0.021277 0.358276 0.117022 0.317460 0.117022
1 0.337868 0.132979 0.383219 0.132979 0.383219 0.244681 0.337868 0.244681
1 0.312925 0.223404 0.351475 0.223404 0.351475 0.324468 0.312925 0.324468
1 0.283447 0.276596 0.324263 0.276596 0.324263 0.388298 0.283447 0.388298
1 0.265306 0.367021 0.306122 0.367021 0.306122 0.441489 0.265306 0.441489
1 0.390023 0.101064 0.430839 0.101064 0.430839 0.175532 0.390023 0.175532
1 0.371881 0.292554 0.410431 0.292554 0.410431 0.398937 0.371881 0.398937
1 0.340137 0.335107 0.385488 0.335107 0.385488 0.494681 0.340137 0.494681
1 0.242630 0.473405 0.292517 0.473405 0.292517 0.606383 0.242630 0.606383
1 0.079365 0.856383 0.117914 0.856383 0.117914 0.957447 0.079365 0.957447
1 0.163265 0.808511 0.206349 0.808511 0.206349 0.946809 0.163265 0.946809
1 0.217687 0.696808 0.251701 0.696808 0.251701 0.840426 0.217687 0.840426
1 0.253969 0.664894 0.301588 0.664894 0.301588 0.744681 0.253969 0.744681
1 0.278911 0.734042 0.317461 0.734042 0.317461 0.824468 0.278911 0.824468
1 0.285714 0.882978 0.321995 0.882978 0.321995 0.941489 0.285714 0.941489
1 0.405896 0.212766 0.446712 0.212766 0.446712 0.297872 0.405896 0.297872
1 0.297052 0.638298 0.333334 0.638298 0.333334 0.712766 0.297052 0.712766
1 0.331066 0.632979 0.369614 0.632979 0.369614 0.696809 0.331066 0.696809
1 0.340136 0.585106 0.365080 0.585106 0.365080 0.638297 0.340136 0.638297
1 0.385488 0.648936 0.426304 0.648936 0.426304 0.734042 0.385488 0.734042
1 0.421768 0.702128 0.460318 0.702128 0.460318 0.797872 0.421768 0.797872
1 0.458049 0.648936 0.485260 0.648936 0.485260 0.734042 0.458049 0.734042
1 0.424036 0.574468 0.455782 0.574468 0.455782 0.675532 0.424036 0.675532
1 0.412699 0.457446 0.442177 0.457446 0.442177 0.537234 0.412699 0.537234
1 0.446712 0.441489 0.485260 0.441489 0.485260 0.558511 0.446712 0.558511
1 0.410431 0.367021 0.442177 0.367021 0.442177 0.441489 0.410431 0.441489
1 0.476190 0.313829 0.530612 0.313829 0.530612 0.382978 0.476190 0.382978
1 0.503402 0.223404 0.541951 0.223404 0.541951 0.308510 0.503402 0.308510
1 0.485261 0.085107 0.519275 0.085107 0.519275 0.180851 0.485261 0.180851
1 0.448979 0.090425 0.485260 0.090425 0.485260 0.180851 0.448979 0.180851
1 0.517007 0.117022 0.571429 0.117022 0.571429 0.186171 0.517007 0.186171
1 0.546485 0.234043 0.589569 0.234043 0.589569 0.276595 0.546485 0.276595
1 0.566894 0.186170 0.596372 0.186170 0.596372 0.265957 0.566894 0.265957
1 0.496598 0.643617 0.523810 0.643617 0.523810 0.707447 0.496598 0.707447
1 0.485260 0.585107 0.512471 0.585107 0.512471 0.670213 0.485260 0.670213
1 0.501134 0.537234 0.519274 0.537234 0.519274 0.617022 0.501134 0.617022
1 0.478457 0.781915 0.528344 0.781915 0.528344 0.872341 0.478457 0.872341
1 0.487528 0.877660 0.521542 0.877660 0.521542 0.973405 0.487528 0.973405
1 0.560091 0.893617 0.603175 0.893617 0.603175 0.994681 0.560091 0.994681
1 0.598640 0.851064 0.639456 0.851064 0.639456 0.952128 0.598640 0.952128
1 0.544217 0.787234 0.591836 0.787234 0.591836 0.872340 0.544217 0.872340
1 0.523810 0.659574 0.569160 0.659574 0.569160 0.750000 0.523810 0.750000
1 0.573696 0.670213 0.621316 0.670213 0.621316 0.755319 0.573696 0.755319
1 0.605442 0.579787 0.653062 0.579787 0.653062 0.691489 0.605442 0.691489
1 0.557824 0.547872 0.594105 0.547872 0.594105 0.648936 0.557824 0.648936
1 0.594104 0.457446 0.628118 0.457446 0.628118 0.537234 0.594104 0.537234
1 0.634921 0.425532 0.675737 0.425532 0.675737 0.515958 0.634921 0.515958
1 0.641724 0.542553 0.680272 0.542553 0.680272 0.632979 0.641724 0.632979
1 0.662131 0.760638 0.712018 0.760638 0.712018 0.872340 0.662131 0.872340
1 0.712018 0.723405 0.750567 0.723405 0.750567 0.792553 0.712018 0.792553
1 0.712018 0.622340 0.752834 0.622340 0.752834 0.718085 0.712018 0.718085
1 0.693878 0.500000 0.739228 0.500000 0.739228 0.579788 0.693878 0.579788
1 0.664399 0.324468 0.712018 0.324468 0.712018 0.430851 0.664399 0.430851
1 0.541950 0.015957 0.573696 0.015957 0.573696 0.106383 0.541950 0.106383
1 0.575963 0.005319 0.612244 0.005319 0.612244 0.079787 0.575963 0.079787
1 0.616780 0.015957 0.648526 0.015957 0.648526 0.106383 0.616780 0.106383
1 0.655329 0.031915 0.696145 0.031915 0.696145 0.111702 0.655329 0.111702
1 0.637188 0.117021 0.666666 0.117021 0.666666 0.191489 0.637188 0.191489
1 0.693878 0.239361 0.743765 0.239361 0.743765 0.329787 0.693878 0.329787
1 0.721089 0.180851 0.757370 0.180851 0.757370 0.255319 0.721089 0.255319
1 0.718821 0.079787 0.761905 0.079787 0.761905 0.159575 0.718821 0.159575
1 0.716553 0.367021 0.759637 0.367021 0.759637 0.468085 0.716553 0.468085
1 0.757370 0.319149 0.800454 0.319149 0.800454 0.420213 0.757370 0.420213
1 0.746032 0.441489 0.791382 0.441489 0.791382 0.547872 0.746032 0.547872
1 0.750567 0.537234 0.793651 0.537234 0.793651 0.627660 0.750567 0.627660
1 0.768707 0.622340 0.814058 0.622340 0.814058 0.718085 0.768707 0.718085
1 0.770976 0.765958 0.816326 0.765958 0.816326 0.861703 0.770976 0.861703
1 0.814060 0.638298 0.850341 0.638298 0.850341 0.755320 0.814060 0.755320
1 0.718820 0.835106 0.755101 0.835106 0.755101 0.946808 0.718820 0.946808
1 0.680273 0.893617 0.725623 0.893617 0.725623 0.962765 0.680273 0.962765
1 0.857143 0.739362 0.895691 0.739362 0.895691 0.803192 0.857143 0.803192
1 0.843537 0.861702 0.886621 0.861702 0.886621 0.952128 0.843537 0.952128
1 0.895691 0.707446 0.952380 0.707446 0.952380 0.787234 0.895691 0.787234
1 0.861678 0.617021 0.902494 0.617021 0.902494 0.702127 0.861678 0.702127
1 0.936508 0.643617 0.979592 0.643617 0.979592 0.739362 0.936508 0.739362
1 0.952381 0.526595 0.988662 0.526595 0.988662 0.622340 0.952381 0.622340
1 0.820862 0.515957 0.852608 0.515957 0.852608 0.595745 0.820862 0.595745
1 0.800454 0.425532 0.832200 0.425532 0.832200 0.542554 0.800454 0.542554
1 0.902494 0.478724 0.945578 0.478724 0.945578 0.601064 0.902494 0.601064
1 0.861679 0.478723 0.909298 0.478723 0.909298 0.553191 0.861679 0.553191
1 0.850340 0.356382 0.893424 0.356382 0.893424 0.462765 0.850340 0.462765
1 0.852608 0.250000 0.886622 0.250000 0.886622 0.340426 0.852608 0.340426
1 0.952381 0.420213 0.997732 0.420213 0.997732 0.521277 0.952381 0.521277
1 0.954649 0.164893 0.990930 0.164893 0.990930 0.255319 0.954649 0.255319
1 0.807257 0.148936 0.843538 0.148936 0.843538 0.255320 0.807257 0.255320
1 0.857143 0.138298 0.900227 0.138298 0.900227 0.239362 0.857143 0.239362
1 0.891157 0.079788 0.936507 0.079788 0.936507 0.196808 0.891157 0.196808
1 0.904762 0.010639 0.945578 0.010639 0.945578 0.063830 0.904762 0.063830
1 0.786849 0.010638 0.832199 0.010638 0.832199 0.058510 0.786849 0.058510
1 0.408163 0.010639 0.439909 0.010639 0.439909 0.090425 0.408163 0.090425
