1 0.473684 0.915698 0.511278 0.915698 0.511278 0.950582 0.473684 0.950582
1 0.060151 0.613372 0.105264 0.613372 0.105264 0.659884 0.060151 0.659884
1 0.704261 0.723836 0.754386 0.723836 0.754386 0.784884 0.704261 0.784884
1 0.914787 0.619186 0.952381 0.619186 0.952381 0.654070 0.914787 0.654070
1 0.195488 0.616279 0.223057 0.616279 0.223057 0.648255 0.195488 0.648255
1 0.508772 0.066861 0.543860 0.066861 0.543860 0.104651 0.508772 0.104651
1 0.100251 0.561047 0.122807 0.561047 0.122807 0.587209 0.100251 0.587209
2 0.085213 0.040698 0.157895 0.040698 0.157895 0.151163 0.085213 0.151163
2 0.135338 0.156977 0.213032 0.156977 0.213032 0.270349 0.135338 0.270349
2 0.075187 0.151163 0.137845 0.151163 0.137845 0.279069 0.075187 0.279069
2 0.130325 0.409883 0.213033 0.409883 0.213033 0.520348 0.130325 0.520348
2 0.248121 0.758721 0.333334 0.758721 0.333334 0.875000 0.248121 0.875000
2 0.508772 0.534883 0.598998 0.534883 0.598998 0.633721 0.508772 0.633721
2 0.699249 0.581395 0.784462 0.581395 0.784462 0.677325 0.699249 0.677325
2 0.776942 0.502907 0.869674 0.502907 0.869674 0.604651 0.776942 0.604651
2 0.506266 0.218023 0.578948 0.218023 0.578948 0.299418 0.506266 0.299418
2 0.255640 0.061047 0.320802 0.061047 0.320802 0.127907 0.255640 0.127907
2 0.904762 0.061047 0.974938 0.061047 0.974938 0.133721 0.904762 0.133721
2 0.105264 0.720930 0.175438 0.720930 0.175438 0.808140 0.105264 0.808140
2 0.443609 0.662790 0.508772 0.662790 0.508772 0.767441 0.443609 0.767441
2 0.421052 0.203489 0.488721 0.203489 0.488721 0.273255 0.421052 0.273255
3 0.208020 0.223837 0.436090 0.223837 0.436090 0.514535 0.208020 0.514535
3 0.027569 0.831395 0.152883 0.831395 0.152883 0.956395 0.027569 0.956395
3 0.220551 0.860465 0.295739 0.860465 0.295739 0.947675 0.220551 0.947675
