0 0.013544 0.021953 0.032731 0.021953 0.032731 0.040439 0.013544 0.040439
0 0.023702 0.038706 0.040632 0.038706 0.040632 0.056037 0.023702 0.056037
0 0.023138 0.056615 0.044018 0.056615 0.044018 0.075679 0.023138 0.075679
0 0.019751 0.092431 0.038374 0.092431 0.038374 0.114385 0.019751 0.114385
0 0.027088 0.112652 0.045147 0.112652 0.045147 0.131138 0.027088 0.131138
0 0.040068 0.132871 0.056998 0.132871 0.056998 0.152513 0.040068 0.152513
0 0.056998 0.144425 0.075056 0.144425 0.075056 0.164645 0.056998 0.164645
0 0.071106 0.131716 0.091422 0.131716 0.091422 0.150780 0.071106 0.150780
0 0.072234 0.114962 0.094808 0.114962 0.094808 0.131138 0.072234 0.131138
0 0.124154 0.094165 0.141648 0.094165 0.141648 0.120739 0.124154 0.120739
0 0.140519 0.080878 0.155192 0.080878 0.155192 0.096476 0.140519 0.096476
0 0.160835 0.116695 0.172686 0.116695 0.172686 0.131138 0.160835 0.131138
0 0.178330 0.055460 0.195260 0.055460 0.195260 0.076257 0.178330 0.076257
0 0.177765 0.029463 0.198081 0.029463 0.198081 0.049683 0.177765 0.049683
0 0.174944 0.013865 0.193567 0.013865 0.193567 0.031196 0.174944 0.031196
0 0.186230 0.001732 0.202596 0.001732 0.202596 0.019641 0.186230 0.019641
0 0.230248 0.061814 0.250000 0.061814 0.250000 0.076257 0.230248 0.076257
0 0.216140 0.091277 0.232506 0.091277 0.232506 0.106297 0.216140 0.106297
0 0.247178 0.077990 0.260722 0.077990 0.260722 0.091276 0.247178 0.091276
0 0.030474 0.157135 0.051354 0.157135 0.051354 0.176777 0.030474 0.176777
0 0.050790 0.185442 0.071670 0.185442 0.071670 0.209128 0.050790 0.209128
0 0.063769 0.218949 0.079571 0.218949 0.079571 0.240323 0.063769 0.240323
0 0.037247 0.262854 0.055870 0.262854 0.055870 0.281918 0.037247 0.281918
0 0.047404 0.319468 0.067720 0.319468 0.067720 0.341421 0.047404 0.341421
0 0.059819 0.292894 0.081264 0.292894 0.081264 0.315424 0.059819 0.315424
0 0.073363 0.272097 0.091986 0.272097 0.091986 0.292317 0.073363 0.292317
0 0.090858 0.269208 0.107224 0.269208 0.107224 0.289428 0.090858 0.289428
0 0.097629 0.235124 0.116252 0.235124 0.116252 0.258232 0.097629 0.258232
0 0.113995 0.206817 0.133183 0.206817 0.133183 0.225303 0.113995 0.225303
0 0.123025 0.186597 0.141084 0.186597 0.141084 0.207972 0.123025 0.207972
0 0.140519 0.168110 0.160271 0.168110 0.160271 0.190063 0.140519 0.190063
0 0.163093 0.146736 0.180023 0.146736 0.180023 0.166956 0.163093 0.166956
0 0.178330 0.134604 0.197517 0.134604 0.197517 0.157712 0.178330 0.157712
0 0.076749 0.367417 0.096501 0.367417 0.096501 0.393415 0.076749 0.393415
0 0.097065 0.369728 0.113995 0.369728 0.113995 0.392836 0.097065 0.392836
0 0.124153 0.356441 0.142212 0.356441 0.142212 0.375505 0.124153 0.375505
0 0.137133 0.343154 0.156321 0.343154 0.156321 0.363374 0.137133 0.363374
0 0.165350 0.313114 0.183409 0.313114 0.183409 0.335644 0.165350 0.335644
0 0.177765 0.285384 0.196953 0.285384 0.196953 0.307337 0.177765 0.307337
0 0.173251 0.266898 0.191309 0.266898 0.191309 0.285962 0.173251 0.285962
0 0.176072 0.238013 0.190745 0.238013 0.190745 0.261699 0.176072 0.261699
0 0.197517 0.233969 0.213318 0.233969 0.213318 0.253033 0.197517 0.253033
0 0.226862 0.240902 0.243228 0.240902 0.243228 0.261699 0.226862 0.261699
0 0.246050 0.222993 0.265802 0.222993 0.265802 0.244367 0.246050 0.244367
0 0.243228 0.188908 0.261852 0.188908 0.261852 0.212016 0.243228 0.212016
0 0.225734 0.172732 0.240971 0.172732 0.240971 0.193529 0.225734 0.193529
0 0.207111 0.151358 0.225169 0.151358 0.225169 0.170422 0.207111 0.170422
0 0.212189 0.172155 0.225169 0.172155 0.225169 0.192375 0.212189 0.192375
0 0.056434 0.876372 0.072235 0.876372 0.072235 0.900635 0.056434 0.900635
0 0.077314 0.891392 0.095372 0.891392 0.095372 0.910456 0.077314 0.910456
0 0.097065 0.880994 0.115688 0.880994 0.115688 0.899480 0.097065 0.899480
0 0.118510 0.898324 0.139390 0.898324 0.139390 0.915077 0.118510 0.915077
0 0.125847 0.880416 0.141084 0.880416 0.141084 0.898324 0.125847 0.898324
0 0.105531 0.853842 0.119639 0.853842 0.119639 0.872328 0.105531 0.872328
0 0.102144 0.827846 0.119074 0.827846 0.119074 0.852686 0.102144 0.852686
0 0.082392 0.826690 0.101580 0.826690 0.101580 0.848064 0.082392 0.848064
0 0.078442 0.809359 0.091422 0.809359 0.091422 0.829001 0.078442 0.829001
0 0.058691 0.814558 0.076749 0.814558 0.076749 0.837088 0.058691 0.837088
0 0.050226 0.849220 0.067720 0.849220 0.067720 0.868284 0.050226 0.868284
0 0.036681 0.837088 0.055868 0.837088 0.055868 0.860196 0.036681 0.860196
0 0.028217 0.814558 0.047404 0.814558 0.047404 0.834200 0.028217 0.834200
0 0.040067 0.866552 0.059254 0.866552 0.059254 0.887926 0.040067 0.887926
0 0.060383 0.787407 0.079571 0.787407 0.079571 0.811669 0.060383 0.811669
0 0.040068 0.783362 0.060384 0.783362 0.060384 0.803582 0.040068 0.803582
0 0.178894 0.926632 0.198081 0.926632 0.198081 0.950318 0.178894 0.950318
0 0.226298 0.934720 0.245485 0.934720 0.245485 0.955516 0.226298 0.955516
0 0.195260 0.888504 0.216140 0.888504 0.216140 0.914501 0.195260 0.914501
0 0.242664 0.707684 0.265236 0.707684 0.265236 0.737147 0.242664 0.737147
0 0.270316 0.706528 0.287246 0.706528 0.287246 0.733680 0.270316 0.733680
0 0.287246 0.710573 0.307562 0.710573 0.307562 0.734835 0.287246 0.734835
0 0.309255 0.720970 0.326185 0.720970 0.326185 0.742924 0.309255 0.742924
0 0.314334 0.756210 0.332958 0.756210 0.332958 0.778740 0.314334 0.778740
0 0.335214 0.760255 0.355530 0.760255 0.355530 0.781629 0.335214 0.781629
0 0.336907 0.782207 0.354967 0.782207 0.354967 0.803581 0.336907 0.803581
0 0.343679 0.807048 0.361739 0.807048 0.361739 0.827268 0.343679 0.827268
0 0.257337 0.738302 0.273137 0.738302 0.273137 0.759099 0.257337 0.759099
0 0.225169 0.746390 0.243792 0.746390 0.243792 0.767186 0.225169 0.767186
0 0.233634 0.777008 0.255080 0.777008 0.255080 0.801270 0.233634 0.801270
0 0.256772 0.812247 0.276524 0.812247 0.276524 0.831311 0.256772 0.831311
0 0.270881 0.822646 0.288375 0.822646 0.288375 0.842866 0.270881 0.842866
0 0.281038 0.816869 0.297404 0.816869 0.297404 0.836511 0.281038 0.836511
0 0.293454 0.841711 0.312076 0.841711 0.312076 0.866551 0.293454 0.866551
0 0.309820 0.852108 0.327314 0.852108 0.327314 0.874062 0.309820 0.874062
0 0.379796 0.946273 0.401242 0.946273 0.401242 0.968227 0.379796 0.968227
0 0.359481 0.946273 0.379797 0.946273 0.379797 0.967648 0.359481 0.967648
0 0.373589 0.924899 0.391649 0.924899 0.391649 0.948585 0.373589 0.948585
0 0.340293 0.936453 0.360045 0.936453 0.360045 0.958983 0.340293 0.958983
0 0.343115 0.918544 0.360609 0.918544 0.360609 0.939341 0.343115 0.939341
0 0.327313 0.920278 0.345373 0.920278 0.345373 0.944541 0.327313 0.944541
0 0.396727 0.926055 0.414221 0.926055 0.414221 0.944541 0.396727 0.944541
0 0.392777 0.906413 0.410271 0.906413 0.410271 0.927210 0.392777 0.927210
0 0.368510 0.904679 0.387134 0.904679 0.387134 0.925476 0.368510 0.925476
0 0.376411 0.885615 0.396163 0.885615 0.396163 0.904679 0.376411 0.904679
0 0.351015 0.862507 0.369075 0.862507 0.369075 0.882149 0.351015 0.882149
0 0.357788 0.880416 0.376974 0.880416 0.376974 0.899480 0.357788 0.899480
0 0.336344 0.878683 0.355530 0.878683 0.355530 0.901791 0.336344 0.901791
0 0.307562 0.880993 0.325056 0.880993 0.325056 0.901213 0.307562 0.901213
0 0.323927 0.902369 0.341987 0.902369 0.341987 0.920277 0.323927 0.920277
0 0.328442 0.854420 0.348194 0.854420 0.348194 0.872906 0.328442 0.872906
0 0.434537 0.038706 0.455417 0.038706 0.455417 0.063547 0.434537 0.063547
0 0.403500 0.041016 0.422686 0.041016 0.422686 0.065280 0.403500 0.065280
0 0.389955 0.054304 0.409707 0.054304 0.409707 0.078567 0.389955 0.078567
0 0.376975 0.072213 0.394469 0.072213 0.394469 0.091855 0.376975 0.091855
0 0.363431 0.113229 0.380361 0.113229 0.380361 0.135182 0.363431 0.135182
0 0.485327 0.004044 0.505079 0.004044 0.505079 0.024264 0.485327 0.024264
0 0.503386 0.003466 0.526524 0.003466 0.526524 0.025996 0.503386 0.025996
0 0.506772 0.025419 0.529910 0.025419 0.529910 0.043328 0.506772 0.043328
0 0.524266 0.035239 0.546839 0.035239 0.546839 0.057193 0.524266 0.057193
0 0.534425 0.053725 0.555305 0.053725 0.555305 0.075678 0.534425 0.075678
0 0.534424 0.076257 0.554176 0.076257 0.554176 0.095321 0.534424 0.095321
0 0.525960 0.115540 0.547404 0.115540 0.547404 0.141537 0.525960 0.141537
0 0.518059 0.152513 0.535553 0.152513 0.535553 0.172155 0.518059 0.172155
0 0.499436 0.154246 0.519752 0.154246 0.519752 0.170999 0.499436 0.170999
0 0.486456 0.172154 0.507336 0.172154 0.507336 0.192951 0.486456 0.192951
0 0.482506 0.196418 0.499436 0.196418 0.499436 0.221838 0.482506 0.221838
0 0.459368 0.220103 0.477990 0.220103 0.477990 0.245523 0.459368 0.245523
0 0.431151 0.222993 0.452597 0.222993 0.452597 0.242057 0.431151 0.242057
0 0.414222 0.229347 0.430022 0.229347 0.430022 0.246100 0.414222 0.246100
0 0.393340 0.196418 0.411964 0.196418 0.411964 0.218948 0.393340 0.218948
0 0.402370 0.162334 0.418736 0.162334 0.418736 0.183132 0.402370 0.183132
0 0.356094 0.137492 0.371332 0.137492 0.371332 0.159445 0.356094 0.159445
0 0.953160 0.069902 0.974040 0.069902 0.974040 0.097054 0.953160 0.097054
0 0.975169 0.072790 0.988713 0.072790 0.988713 0.090700 0.975169 0.090700
0 0.976298 0.087233 0.993792 0.087233 0.993792 0.116695 0.976298 0.116695
0 0.972912 0.125361 0.983634 0.125361 0.983634 0.151935 0.972912 0.151935
0 0.919864 0.035817 0.938488 0.035817 0.938488 0.058925 0.919864 0.058925
0 0.915349 0.058347 0.933408 0.058347 0.933408 0.083188 0.915349 0.083188
0 0.932280 0.101098 0.952032 0.101098 0.952032 0.126517 0.932280 0.126517
0 0.924379 0.136337 0.944695 0.136337 0.944695 0.162911 0.924379 0.162911
0 0.923250 0.164644 0.942438 0.164644 0.942438 0.186019 0.923250 0.186019
0 0.910835 0.188330 0.931151 0.188330 0.931151 0.209127 0.910835 0.209127
0 0.877540 0.177931 0.899548 0.177931 0.899548 0.203351 0.877540 0.203351
0 0.662528 0.049682 0.683408 0.049682 0.683408 0.068746 0.662528 0.068746
0 0.672686 0.063546 0.693566 0.063546 0.693566 0.081456 0.672686 0.081456
0 0.685666 0.110919 0.704854 0.110919 0.704854 0.129405 0.685666 0.129405
0 0.739277 0.112074 0.757900 0.112074 0.757900 0.131138 0.739277 0.131138
0 0.761287 0.115539 0.778781 0.115539 0.778781 0.137492 0.761287 0.137492
0 0.790632 0.108608 0.806998 0.108608 0.806998 0.127094 0.790632 0.127094
0 0.783295 0.082611 0.802482 0.082611 0.802482 0.102253 0.783295 0.102253
0 0.869639 0.009821 0.886569 0.009821 0.886569 0.036395 0.869639 0.036395
0 0.821107 0.033507 0.843680 0.033507 0.843680 0.054303 0.821107 0.054303
0 0.826749 0.058347 0.846501 0.058347 0.846501 0.076257 0.826749 0.076257
0 0.799097 0.067013 0.818849 0.067013 0.818849 0.084922 0.799097 0.084922
0 0.829006 0.083188 0.844807 0.083188 0.844807 0.101098 0.829006 0.101098
0 0.844244 0.078567 0.860610 0.078567 0.860610 0.098787 0.844244 0.098787
0 0.839729 0.098787 0.853273 0.098787 0.853273 0.117273 0.839729 0.117273
0 0.816027 0.091277 0.833521 0.091277 0.833521 0.108030 0.816027 0.108030
0 0.828443 0.108608 0.843116 0.108608 0.843116 0.122472 0.828443 0.122472
0 0.813206 0.111496 0.829006 0.111496 0.829006 0.129982 0.813206 0.129982
0 0.805868 0.131138 0.820541 0.131138 0.820541 0.153668 0.805868 0.153668
0 0.825621 0.134604 0.839165 0.134604 0.839165 0.154824 0.825621 0.154824
0 0.793454 0.135760 0.806434 0.135760 0.806434 0.159446 0.793454 0.159446
0 0.784424 0.156557 0.802484 0.156557 0.802484 0.177931 0.784424 0.177931
0 0.773138 0.166956 0.788938 0.166956 0.788938 0.188909 0.773138 0.188909
0 0.812077 0.150202 0.828443 0.150202 0.828443 0.168111 0.812077 0.168111
0 0.647292 0.049682 0.663092 0.049682 0.663092 0.069324 0.647292 0.069324
0 0.631491 0.049105 0.647292 0.049105 0.647292 0.069902 0.631491 0.069902
0 0.616818 0.062392 0.635441 0.062392 0.635441 0.083767 0.616818 0.083767
0 0.605530 0.081456 0.621331 0.081456 0.621331 0.101676 0.605530 0.101676
0 0.583521 0.099364 0.602708 0.099364 0.602708 0.120162 0.583521 0.120162
0 0.588036 0.121895 0.604402 0.121895 0.604402 0.140959 0.588036 0.140959
0 0.587472 0.142114 0.602708 0.142114 0.602708 0.161178 0.587472 0.161178
0 0.562076 0.120162 0.577877 0.120162 0.577877 0.136338 0.562076 0.136338
0 0.558691 0.132294 0.585779 0.132294 0.585779 0.153091 0.558691 0.153091
0 0.566028 0.150202 0.585215 0.150202 0.585215 0.169266 0.566028 0.169266
0 0.582393 0.166955 0.599323 0.166955 0.599323 0.186597 0.582393 0.186597
0 0.550226 0.172732 0.564334 0.172732 0.564334 0.193529 0.550226 0.193529
0 0.569414 0.228192 0.584650 0.228192 0.584650 0.248412 0.569414 0.248412
0 0.571107 0.247833 0.586908 0.247833 0.586908 0.269786 0.571107 0.269786
0 0.544583 0.251300 0.566592 0.251300 0.566592 0.275564 0.544583 0.275564
0 0.531038 0.231658 0.550226 0.231658 0.550226 0.254188 0.531038 0.254188
0 0.546275 0.217794 0.562641 0.217794 0.562641 0.242056 0.546275 0.242056
0 0.536682 0.198152 0.552482 0.198152 0.552482 0.224149 0.536682 0.224149
0 0.727427 0.151358 0.742100 0.151358 0.742100 0.172732 0.727427 0.172732
0 0.720655 0.169845 0.735328 0.169845 0.735328 0.194107 0.720655 0.194107
0 0.708239 0.151935 0.727991 0.151935 0.727991 0.179665 0.708239 0.179665
0 0.697517 0.170422 0.710497 0.170422 0.710497 0.194684 0.697517 0.194684
0 0.680586 0.195841 0.698646 0.195841 0.698646 0.217794 0.680586 0.217794
0 0.867382 0.061813 0.884312 0.061813 0.884312 0.083766 0.867382 0.083766
0 0.860044 0.090700 0.874717 0.090700 0.874717 0.114963 0.860044 0.114963
0 0.839164 0.118429 0.854965 0.118429 0.854965 0.135182 0.839164 0.135182
0 0.450902 0.775275 0.468962 0.775275 0.468962 0.797227 0.450902 0.797227
0 0.459368 0.813981 0.479684 0.813981 0.479684 0.836511 0.459368 0.836511
0 0.474040 0.804737 0.492664 0.804737 0.492664 0.826112 0.474040 0.826112
0 0.472912 0.832466 0.492664 0.832466 0.492664 0.854420 0.472912 0.854420
0 0.496050 0.822646 0.516930 0.822646 0.516930 0.843442 0.496050 0.843442
0 0.497178 0.844021 0.515802 0.844021 0.515802 0.864818 0.497178 0.864818
0 0.516930 0.812825 0.534424 0.812825 0.534424 0.833622 0.516930 0.833622
0 0.555869 0.807626 0.579007 0.807626 0.579007 0.826690 0.555869 0.826690
0 0.567720 0.826690 0.585214 0.826690 0.585214 0.849220 0.567720 0.849220
0 0.580700 0.787406 0.601580 0.787406 0.601580 0.811092 0.580700 0.811092
0 0.562640 0.770075 0.584085 0.770075 0.584085 0.793761 0.562640 0.793761
0 0.549098 0.759677 0.568285 0.759677 0.568285 0.778741 0.549098 0.778741
0 0.531603 0.732524 0.549097 0.732524 0.549097 0.752166 0.531603 0.752166
0 0.515802 0.725015 0.531038 0.725015 0.531038 0.744079 0.515802 0.744079
0 0.490971 0.704218 0.506772 0.704218 0.506772 0.725592 0.490971 0.725592
0 0.472912 0.707106 0.491534 0.707106 0.491534 0.730792 0.472912 0.730792
0 0.457110 0.705372 0.473476 0.705372 0.473476 0.729058 0.457110 0.729058
0 0.443566 0.719815 0.463318 0.719815 0.463318 0.739457 0.443566 0.739457
0 0.439052 0.742345 0.455982 0.742345 0.455982 0.762565 0.439052 0.762565
0 0.628104 0.722704 0.648984 0.722704 0.648984 0.745234 0.628104 0.745234
0 0.646727 0.735990 0.667607 0.735990 0.667607 0.757365 0.646727 0.757365
0 0.657450 0.759677 0.678894 0.759677 0.678894 0.786251 0.657450 0.786251
0 0.678329 0.749856 0.697516 0.749856 0.697516 0.771230 0.678329 0.771230
0 0.683972 0.769497 0.702596 0.769497 0.702596 0.795494 0.683972 0.795494
0 0.700903 0.766031 0.721219 0.766031 0.721219 0.786251 0.700903 0.786251
0 0.726297 0.752744 0.744920 0.752744 0.744920 0.776430 0.726297 0.776430
0 0.741536 0.765453 0.760159 0.765453 0.760159 0.785673 0.741536 0.785673
0 0.745485 0.746390 0.761851 0.746390 0.761851 0.763143 0.745485 0.763143
0 0.757901 0.749856 0.781603 0.749856 0.781603 0.772964 0.757901 0.772964
0 0.769751 0.764876 0.788374 0.764876 0.788374 0.781052 0.769751 0.781052
0 0.781603 0.725015 0.808127 0.725015 0.808127 0.747545 0.781603 0.747545
0 0.823928 0.731369 0.845372 0.731369 0.845372 0.753899 0.823928 0.753899
0 0.809820 0.716926 0.828443 0.716926 0.828443 0.737146 0.809820 0.737146
0 0.828443 0.709417 0.850452 0.709417 0.850452 0.731947 0.828443 0.731947
0 0.848194 0.715194 0.865688 0.715194 0.865688 0.737146 0.848194 0.737146
0 0.606094 0.714038 0.627539 0.714038 0.627539 0.737724 0.606094 0.737724
0 0.597066 0.693241 0.615125 0.693241 0.615125 0.718081 0.597066 0.718081
0 0.579007 0.691509 0.596501 0.691509 0.596501 0.715772 0.579007 0.715772
0 0.558690 0.657423 0.576750 0.657423 0.576750 0.679377 0.558690 0.679377
0 0.551354 0.642404 0.567155 0.642404 0.567155 0.671867 0.551354 0.671867
0 0.537246 0.654535 0.551354 0.654535 0.551354 0.678221 0.537246 0.678221
0 0.539503 0.605430 0.558690 0.605430 0.558690 0.631428 0.539503 0.631428
0 0.522009 0.617563 0.538939 0.617563 0.538939 0.642982 0.522009 0.642982
0 0.527088 0.592721 0.543454 0.592721 0.543454 0.614096 0.527088 0.614096
0 0.470654 0.555170 0.490406 0.555170 0.490406 0.578856 0.470654 0.578856
0 0.486457 0.589255 0.505644 0.589255 0.505644 0.612941 0.486457 0.612941
0 0.488713 0.610051 0.508465 0.610051 0.508465 0.635471 0.488713 0.635471
0 0.504514 0.607741 0.523702 0.607741 0.523702 0.633738 0.504514 0.633738
0 0.790068 0.745233 0.811512 0.745233 0.811512 0.778162 0.790068 0.778162
0 0.809254 0.734835 0.823927 0.734835 0.823927 0.755055 0.809254 0.755055
0 0.836343 0.693242 0.857223 0.693242 0.857223 0.714039 0.836343 0.714039
0 0.829571 0.672443 0.857223 0.672443 0.857223 0.693240 0.829571 0.693240
0 0.806998 0.669556 0.827878 0.669556 0.827878 0.690931 0.806998 0.690931
0 0.796275 0.638359 0.816027 0.638359 0.816027 0.660313 0.796275 0.660313
0 0.797968 0.658579 0.814898 0.658579 0.814898 0.678221 0.797968 0.678221
0 0.751693 0.621606 0.768623 0.621606 0.768623 0.643558 0.751693 0.643558
0 0.765802 0.633160 0.780474 0.633160 0.780474 0.652802 0.765802 0.652802
0 0.773702 0.612363 0.788374 0.612363 0.788374 0.631427 0.773702 0.631427
0 0.785554 0.627383 0.800790 0.627383 0.800790 0.658001 0.785554 0.658001
0 0.745485 0.597343 0.764672 0.597343 0.764672 0.620451 0.745485 0.620451
0 0.717268 0.597920 0.735892 0.597920 0.735892 0.621028 0.717268 0.621028
0 0.718398 0.638359 0.733070 0.638359 0.733070 0.654535 0.718398 0.654535
0 0.695823 0.638937 0.714446 0.638937 0.714446 0.659157 0.695823 0.659157
0 0.704854 0.616985 0.719526 0.616985 0.719526 0.641825 0.704854 0.641825
0 0.689051 0.607164 0.707110 0.607164 0.707110 0.632004 0.689051 0.632004
0 0.680587 0.622762 0.694131 0.622762 0.694131 0.640671 0.680587 0.640671
0 0.648420 0.610052 0.669864 0.610052 0.669864 0.630849 0.648420 0.630849
0 0.652934 0.592144 0.675507 0.592144 0.675507 0.613518 0.652934 0.613518
0 0.636005 0.558059 0.653499 0.558059 0.653499 0.575967 0.636005 0.575967
0 0.624154 0.544194 0.645034 0.544194 0.645034 0.559792 0.624154 0.559792
0 0.647855 0.534952 0.670993 0.534952 0.670993 0.555748 0.647855 0.555748
0 0.645034 0.518197 0.666478 0.518197 0.666478 0.535528 0.645034 0.535528
0 0.623589 0.515887 0.643905 0.515887 0.643905 0.533795 0.623589 0.533795
0 0.620204 0.532062 0.642212 0.532062 0.642212 0.546505 0.620204 0.546505
0 0.635441 0.497978 0.656886 0.497978 0.656886 0.518775 0.635441 0.518775
0 0.467834 0.381860 0.487020 0.381860 0.487020 0.404968 0.467834 0.404968
0 0.500565 0.395724 0.522574 0.395724 0.522574 0.417100 0.500565 0.417100
0 0.519752 0.408435 0.539504 0.408435 0.539504 0.426343 0.519752 0.426343
0 0.525394 0.424033 0.543454 0.424033 0.543454 0.446563 0.525394 0.446563
0 0.549097 0.428076 0.566591 0.428076 0.566591 0.449452 0.549097 0.449452
0 0.563769 0.433854 0.581828 0.433854 0.581828 0.454650 0.563769 0.454650
0 0.576186 0.445985 0.594809 0.445985 0.594809 0.464471 0.576186 0.464471
0 0.592550 0.452339 0.611738 0.452339 0.611738 0.468515 0.592550 0.468515
0 0.620203 0.465626 0.641083 0.465626 0.641083 0.486423 0.620203 0.486423
0 0.445824 0.404390 0.466140 0.404390 0.466140 0.428076 0.445824 0.428076
0 0.427202 0.429232 0.446388 0.429232 0.446388 0.452918 0.427202 0.452918
0 0.449774 0.554593 0.471220 0.554593 0.471220 0.575389 0.449774 0.575389
0 0.439617 0.537840 0.462189 0.537840 0.462189 0.560370 0.439617 0.560370
0 0.457110 0.518197 0.478556 0.518197 0.478556 0.538994 0.457110 0.538994
0 0.431151 0.498556 0.452031 0.498556 0.452031 0.521664 0.431151 0.521664
0 0.439616 0.519930 0.459368 0.519930 0.459368 0.536683 0.439616 0.536683
0 0.425508 0.478915 0.447516 0.478915 0.447516 0.499711 0.425508 0.499711
0 0.424944 0.452918 0.447516 0.452918 0.447516 0.475448 0.424944 0.475448
0 0.655192 0.564414 0.676636 0.564414 0.676636 0.589254 0.655192 0.589254
0 0.901242 0.667245 0.923250 0.667245 0.923250 0.689775 0.901242 0.689775
0 0.913093 0.685731 0.933409 0.685731 0.933409 0.701907 0.913093 0.701907
0 0.959932 0.679954 0.980248 0.679954 0.980248 0.699596 0.959932 0.699596
0 0.959368 0.619873 0.976862 0.619873 0.976862 0.642403 0.959368 0.642403
0 0.933973 0.619295 0.954289 0.619295 0.954289 0.642981 0.933973 0.642981
0 0.943002 0.600231 0.962190 0.600231 0.962190 0.623339 0.943002 0.623339
0 0.918172 0.600808 0.935666 0.600808 0.935666 0.621605 0.918172 0.621605
0 0.906886 0.595032 0.919301 0.595032 0.919301 0.616406 0.906886 0.616406
0 0.888262 0.601965 0.901806 0.601965 0.901806 0.626805 0.888262 0.626805
0 0.871331 0.625072 0.889390 0.625072 0.889390 0.647602 0.871331 0.647602
0 0.876411 0.603697 0.890519 0.603697 0.890519 0.625651 0.876411 0.625651
0 0.860045 0.607164 0.877539 0.607164 0.877539 0.632004 0.860045 0.632004
0 0.840293 0.612941 0.860045 0.612941 0.860045 0.635471 0.840293 0.635471
0 0.822234 0.604853 0.840858 0.604853 0.840858 0.627961 0.822234 0.627961
0 0.950338 0.517042 0.966704 0.517042 0.966704 0.540150 0.950338 0.540150
0 0.965575 0.540728 0.991534 0.540728 0.991534 0.560370 0.965575 0.560370
0 0.980248 0.402658 0.991536 0.402658 0.991536 0.424033 0.980248 0.424033
0 0.981942 0.421722 1.000000 0.421722 1.000000 0.444830 0.981942 0.444830
0 0.955982 0.424032 0.969526 0.424032 0.969526 0.445408 0.955982 0.445408
0 0.967833 0.426343 0.978555 0.426343 0.978555 0.444829 0.967833 0.444829
0 0.800226 0.573080 0.817156 0.573080 0.817156 0.590989 0.800226 0.590989
0 0.781038 0.542461 0.797404 0.542461 0.797404 0.561525 0.781038 0.561525
0 0.761286 0.530330 0.779910 0.530330 0.779910 0.551126 0.761286 0.551126
0 0.746613 0.523975 0.764672 0.523975 0.764672 0.546505 0.746613 0.546505
0 0.731377 0.519931 0.748307 0.519931 0.748307 0.540728 0.731377 0.540728
0 0.711060 0.507221 0.729684 0.507221 0.729684 0.531484 0.711060 0.531484
0 0.722912 0.454073 0.742664 0.454073 0.742664 0.477181 0.722912 0.477181
0 0.520315 0.273253 0.538374 0.273253 0.538374 0.297516 0.520315 0.297516
0 0.498306 0.313691 0.523138 0.313691 0.523138 0.339689 0.498306 0.339689
0 0.506207 0.336800 0.525394 0.336800 0.525394 0.359330 0.506207 0.359330
0 0.524266 0.354708 0.544018 0.354708 0.544018 0.377238 0.524266 0.377238
0 0.535554 0.367418 0.554177 0.367418 0.554177 0.392259 0.535554 0.392259
0 0.593116 0.370885 0.611739 0.370885 0.611739 0.395148 0.593116 0.395148
0 0.614560 0.370306 0.631490 0.370306 0.631490 0.396880 0.614560 0.396880
0 0.632054 0.380705 0.648984 0.380705 0.648984 0.404391 0.632054 0.404391
0 0.871896 0.455805 0.888262 0.455805 0.888262 0.477758 0.871896 0.477758
0 0.893341 0.436165 0.902935 0.436165 0.902935 0.461006 0.893341 0.461006
0 0.878104 0.417678 0.892212 0.417678 0.892212 0.438474 0.878104 0.438474
0 0.910835 0.413056 0.924379 0.413056 0.924379 0.432698 0.910835 0.432698
0 0.923251 0.427499 0.937359 0.427499 0.937359 0.453496 0.923251 0.453496
0 0.936231 0.428076 0.950904 0.428076 0.950904 0.455806 0.936231 0.455806
0 0.892776 0.387637 0.908013 0.387637 0.908013 0.406701 0.892776 0.406701
0 0.943002 0.377816 0.953160 0.377816 0.953160 0.394570 0.943002 0.394570
0 0.968398 0.381860 0.979685 0.381860 0.979685 0.396303 0.968398 0.396303
0 0.935101 0.367418 0.951467 0.367418 0.951467 0.378972 0.935101 0.378972
0 0.871332 0.372617 0.888826 0.372617 0.888826 0.394570 0.871332 0.394570
0 0.853838 0.400924 0.867946 0.400924 0.867946 0.419988 0.853838 0.419988
0 0.865124 0.395147 0.878104 0.395147 0.878104 0.418255 0.865124 0.418255
0 0.837471 0.389370 0.856094 0.389370 0.856094 0.409012 0.837471 0.409012
0 0.820541 0.392836 0.838600 0.392836 0.838600 0.417100 0.820541 0.417100
0 0.838601 0.414212 0.856095 0.414212 0.856095 0.435008 0.838601 0.435008
0 0.786682 0.420567 0.803612 0.420567 0.803612 0.441363 0.786682 0.441363
0 0.775959 0.403235 0.792889 0.403235 0.792889 0.426921 0.775959 0.426921
0 0.760158 0.424033 0.777088 0.424033 0.777088 0.444829 0.760158 0.444829
0 0.795712 0.399191 0.814899 0.399191 0.814899 0.421721 0.795712 0.421721
0 0.687358 0.347776 0.705418 0.347776 0.705418 0.369729 0.687358 0.369729
0 0.701467 0.322357 0.717833 0.322357 0.717833 0.346620 0.701467 0.346620
0 0.713318 0.352398 0.730812 0.352398 0.730812 0.377816 0.713318 0.377816
0 0.729684 0.360486 0.748872 0.360486 0.748872 0.377239 0.729684 0.377239
0 0.757337 0.331022 0.774831 0.331022 0.774831 0.352975 0.757337 0.352975
0 0.770316 0.343154 0.790068 0.343154 0.790068 0.362796 0.770316 0.362796
0 0.782732 0.322356 0.808127 0.322356 0.808127 0.344309 0.782732 0.344309
0 0.801354 0.311381 0.820542 0.311381 0.820542 0.332177 0.801354 0.332177
0 0.560383 0.373773 0.579006 0.373773 0.579006 0.400347 0.560383 0.400347
0 0.579006 0.377816 0.591422 0.377816 0.591422 0.392259 0.579006 0.392259
0 0.800789 0.281340 0.818848 0.281340 0.818848 0.307914 0.800789 0.307914
0 0.820541 0.255343 0.838600 0.255343 0.838600 0.275563 0.820541 0.275563
0 0.826750 0.275563 0.848194 0.275563 0.848194 0.299826 0.826750 0.299826
0 0.841986 0.264587 0.861174 0.264587 0.861174 0.287117 0.841986 0.287117
0 0.032731 0.634893 0.046275 0.634893 0.046275 0.655690 0.032731 0.655690
0 0.061512 0.839399 0.083521 0.839399 0.083521 0.859041 0.061512 0.859041
0 0.208804 0.524552 0.225734 0.524552 0.225734 0.542461 0.208804 0.542461
0 0.211061 0.538995 0.229120 0.538995 0.229120 0.554015 0.211061 0.554015
0 0.204289 0.554015 0.224041 0.554015 0.224041 0.571924 0.204289 0.571924
0 0.220090 0.567302 0.234763 0.567302 0.234763 0.587522 0.220090 0.587522
0 0.248307 0.567879 0.263544 0.567879 0.263544 0.581744 0.248307 0.581744
0 0.260722 0.582322 0.277652 0.582322 0.277652 0.597920 0.260722 0.597920
0 0.448645 0.853842 0.466705 0.853842 0.466705 0.877528 0.448645 0.877528
0 0.453160 0.891392 0.477992 0.891392 0.477992 0.913922 0.453160 0.913922
0 0.877540 0.236280 0.900112 0.236280 0.900112 0.258232 0.877540 0.258232
0 0.875846 0.211439 0.894470 0.211439 0.894470 0.233392 0.875846 0.233392
0 0.893342 0.221837 0.915914 0.221837 0.915914 0.244367 0.893342 0.244367
0 0.895598 0.199884 0.914222 0.199884 0.914222 0.221837 0.895598 0.221837
0 0.910270 0.214327 0.924943 0.214327 0.924943 0.229347 0.910270 0.229347
0 0.861174 0.210861 0.875846 0.210861 0.875846 0.228770 0.861174 0.228770
0 0.773703 0.006932 0.789504 0.006932 0.789504 0.024841 0.773703 0.024841
0 0.743228 0.342577 0.762416 0.342577 0.762416 0.367418 0.743228 0.367418
0 0.663657 0.151936 0.680023 0.151936 0.680023 0.170422 0.663657 0.170422
0 0.673814 0.154823 0.695259 0.154823 0.695259 0.180242 0.673814 0.180242
0 0.680022 0.129983 0.698082 0.129983 0.698082 0.149625 0.680022 0.149625
0 0.655192 0.176777 0.675508 0.176777 0.675508 0.199307 0.655192 0.199307
0 0.656320 0.198152 0.674944 0.198152 0.674944 0.220682 0.656320 0.220682
0 0.551918 0.193530 0.573363 0.193530 0.573363 0.210861 0.551918 0.210861
0 0.566592 0.181976 0.581264 0.181976 0.581264 0.200462 0.566592 0.200462
0 0.378668 0.157713 0.396162 0.157713 0.396162 0.181975 0.378668 0.181975
1 0.267495 0.047949 0.279909 0.047949 0.279909 0.060081 0.267495 0.060081
1 0.270316 0.086655 0.280474 0.086655 0.280474 0.099364 0.270316 0.099364
1 0.279346 0.088389 0.290068 0.088389 0.290068 0.101676 0.279346 0.101676
1 0.479119 0.671288 0.493793 0.671288 0.493793 0.681688 0.479119 0.681688
1 0.497742 0.665511 0.509594 0.665511 0.509594 0.674177 0.497742 0.674177
1 0.511286 0.674177 0.523702 0.674177 0.523702 0.685153 0.511286 0.685153
1 0.528217 0.681687 0.538939 0.681687 0.538939 0.693819 0.528217 0.693819
1 0.529910 0.694974 0.539504 0.694974 0.539504 0.707684 0.529910 0.707684
1 0.546839 0.685731 0.558690 0.685731 0.558690 0.696707 0.546839 0.696707
1 0.547968 0.700751 0.559256 0.700751 0.559256 0.712883 0.547968 0.712883
1 0.552483 0.717504 0.562077 0.717504 0.562077 0.726170 0.552483 0.726170
1 0.599888 0.742346 0.611739 0.742346 0.611739 0.753322 0.599888 0.753322
1 0.597630 0.766609 0.610610 0.766609 0.610610 0.777585 0.597630 0.777585
1 0.466705 0.631427 0.475733 0.631427 0.475733 0.643559 0.466705 0.643559
1 0.452596 0.691507 0.465576 0.691507 0.465576 0.701329 0.452596 0.701329
1 0.432844 0.704217 0.441310 0.704217 0.441310 0.717504 0.432844 0.717504
1 0.424379 0.720392 0.435101 0.720392 0.435101 0.733680 0.424379 0.733680
1 0.411400 0.705372 0.423250 0.705372 0.423250 0.719237 0.411400 0.719237
1 0.410270 0.689197 0.425508 0.689197 0.425508 0.701329 0.410270 0.701329
1 0.423251 0.685153 0.433973 0.685153 0.433973 0.696707 0.423251 0.696707
1 0.433974 0.688041 0.443002 0.688041 0.443002 0.696129 0.433974 0.696129
1 0.423816 0.660890 0.436230 0.660890 0.436230 0.674755 0.423816 0.674755
1 0.415351 0.670711 0.427765 0.670711 0.427765 0.682265 0.415351 0.682265
1 0.544018 0.004621 0.557562 0.004621 0.557562 0.020797 0.544018 0.020797
1 0.562076 0.015020 0.577313 0.015020 0.577313 0.028307 0.562076 0.028307
1 0.576749 0.023685 0.586343 0.023685 0.586343 0.037551 0.576749 0.037551
1 0.613996 0.012131 0.625847 0.012131 0.625847 0.022530 0.613996 0.022530
1 0.569977 0.000578 0.586907 0.000578 0.586907 0.011554 0.569977 0.011554
1 0.590294 0.001156 0.608917 0.001156 0.608917 0.012132 0.590294 0.012132
1 0.375283 0.037551 0.387697 0.037551 0.387697 0.051993 0.375283 0.051993
1 0.362866 0.045061 0.374154 0.045061 0.374154 0.056615 0.362866 0.056615
1 0.353838 0.054304 0.364560 0.054304 0.364560 0.067590 0.353838 0.067590
1 0.318849 0.098210 0.328443 0.098210 0.328443 0.111496 0.318849 0.111496
1 0.310948 0.142115 0.324492 0.142115 0.324492 0.153091 0.310948 0.153091
1 0.316592 0.113229 0.328442 0.113229 0.328442 0.129405 0.316592 0.129405
1 0.318848 0.061813 0.330136 0.061813 0.330136 0.079723 0.318848 0.079723
1 0.307561 0.082033 0.318849 0.082033 0.318849 0.098209 0.307561 0.098209
1 0.325621 0.088388 0.335779 0.088388 0.335779 0.099942 0.325621 0.099942
1 0.448082 0.809359 0.457110 0.809359 0.457110 0.817447 0.448082 0.817447
1 0.450902 0.820913 0.459368 0.820913 0.459368 0.835933 0.450902 0.835933
1 0.428330 0.794338 0.439052 0.794338 0.439052 0.808203 0.428330 0.808203
1 0.391647 0.826112 0.402935 0.826112 0.402935 0.837088 0.391647 0.837088
1 0.428330 0.562681 0.439052 0.562681 0.439052 0.577124 0.428330 0.577124
1 0.442438 0.578279 0.452596 0.578279 0.452596 0.592722 0.442438 0.592722
1 0.432279 0.582322 0.443567 0.582322 0.443567 0.595032 0.432279 0.595032
1 0.436230 0.596187 0.449210 0.596187 0.449210 0.608319 0.436230 0.608319
1 0.455982 0.615251 0.466704 0.615251 0.466704 0.627961 0.455982 0.627961
1 0.447517 0.629116 0.461625 0.629116 0.461625 0.641826 0.447517 0.641826
1 0.439616 0.638937 0.453724 0.638937 0.453724 0.650491 0.439616 0.650491
1 0.426072 0.608897 0.437924 0.608897 0.437924 0.618139 0.426072 0.618139
1 0.433408 0.625072 0.446388 0.625072 0.446388 0.636048 0.433408 0.636048
1 0.424944 0.642981 0.437358 0.642981 0.437358 0.655691 0.424944 0.655691
1 0.436794 0.649336 0.448646 0.649336 0.448646 0.658578 0.436794 0.658578
1 0.371332 0.694396 0.383182 0.694396 0.383182 0.711149 0.371332 0.711149
1 0.384876 0.697862 0.396726 0.697862 0.396726 0.709994 0.384876 0.709994
1 0.391648 0.690931 0.405192 0.690931 0.405192 0.700752 0.391648 0.700752
1 0.393905 0.680531 0.407449 0.680531 0.407449 0.690931 0.393905 0.690931
1 0.385440 0.677065 0.395598 0.677065 0.395598 0.684575 0.385440 0.684575
1 0.378668 0.679954 0.389956 0.679954 0.389956 0.691508 0.378668 0.691508
1 0.391083 0.730791 0.402371 0.730791 0.402371 0.742345 0.391083 0.742345
1 0.393340 0.719815 0.405192 0.719815 0.405192 0.730791 0.393340 0.730791
1 0.403499 0.715193 0.414221 0.715193 0.414221 0.725592 0.403499 0.725592
1 0.361174 0.720393 0.373588 0.720393 0.373588 0.732525 0.361174 0.732525
1 0.382618 0.709416 0.392212 0.709416 0.392212 0.725014 0.382618 0.725014
1 0.352709 0.707106 0.363431 0.707106 0.363431 0.721549 0.352709 0.721549
1 0.363996 0.709417 0.376410 0.709417 0.376410 0.720971 0.363996 0.720971
1 0.376411 0.636626 0.386005 0.636626 0.386005 0.649336 0.376411 0.649336
1 0.387698 0.644715 0.396162 0.644715 0.396162 0.653957 0.387698 0.653957
1 0.414786 0.638937 0.424944 0.638937 0.424944 0.647603 0.414786 0.647603
1 0.403499 0.628538 0.413657 0.628538 0.413657 0.642981 0.403499 0.642981
1 0.410835 0.621606 0.420993 0.621606 0.420993 0.634316 0.410835 0.634316
1 0.365688 0.627383 0.378668 0.627383 0.378668 0.636049 0.365688 0.636049
1 0.357223 0.612363 0.368511 0.612363 0.368511 0.625073 0.357223 0.625073
1 0.367945 0.414212 0.379233 0.414212 0.379233 0.429232 0.367945 0.429232
1 0.367382 0.430387 0.378104 0.430387 0.378104 0.442519 0.367382 0.442519
1 0.384311 0.448295 0.395599 0.448295 0.395599 0.461583 0.384311 0.461583
1 0.393342 0.271519 0.405756 0.271519 0.405756 0.285384 0.393342 0.285384
1 0.379797 0.279607 0.390519 0.279607 0.390519 0.295783 0.379797 0.295783
1 0.429459 0.290584 0.445259 0.290584 0.445259 0.301560 0.429459 0.301560
1 0.478556 0.307336 0.487584 0.307336 0.487584 0.320624 0.478556 0.320624
1 0.477990 0.291160 0.489278 0.291160 0.489278 0.305603 0.477990 0.305603
1 0.491535 0.285384 0.501693 0.285384 0.501693 0.300404 0.491535 0.300404
1 0.489841 0.306760 0.497743 0.306760 0.497743 0.324091 0.489841 0.324091
1 0.464447 0.924321 0.480813 0.924321 0.480813 0.937030 0.464447 0.937030
1 0.430587 0.940497 0.447517 0.940497 0.447517 0.951473 0.430587 0.951473
1 0.497742 0.932987 0.512415 0.932987 0.512415 0.941075 0.497742 0.941075
1 0.544583 0.912767 0.559820 0.912767 0.559820 0.923743 0.544583 0.923743
1 0.395034 0.594453 0.404628 0.594453 0.404628 0.608896 0.395034 0.608896
1 0.406884 0.599653 0.418736 0.599653 0.418736 0.609475 0.406884 0.609475
1 0.401242 0.590988 0.413092 0.590988 0.413092 0.600231 0.401242 0.600231
1 0.378103 0.582900 0.389391 0.582900 0.389391 0.596187 0.378103 0.596187
1 0.384876 0.608319 0.394470 0.608319 0.394470 0.619873 0.384876 0.619873
1 0.353838 0.587521 0.365688 0.587521 0.365688 0.600231 0.353838 0.600231
1 0.343116 0.591565 0.354966 0.591565 0.354966 0.603697 0.343116 0.603697
1 0.343679 0.573657 0.354967 0.573657 0.354967 0.584056 0.343679 0.584056
1 0.354401 0.567302 0.365689 0.567302 0.365689 0.578856 0.354401 0.578856
1 0.366818 0.563836 0.375282 0.563836 0.375282 0.575968 0.366818 0.575968
1 0.328443 0.583477 0.339165 0.583477 0.339165 0.596187 0.328443 0.596187
1 0.330136 0.597343 0.345372 0.597343 0.345372 0.608319 0.330136 0.608319
1 0.331829 0.569612 0.344243 0.569612 0.344243 0.582900 0.331829 0.582900
1 0.376410 0.262277 0.388262 0.262277 0.388262 0.274985 0.376410 0.274985
1 0.353838 0.305026 0.369074 0.305026 0.369074 0.317158 0.353838 0.317158
1 0.358916 0.291161 0.372460 0.291161 0.372460 0.306181 0.358916 0.306181
1 0.365688 0.275564 0.373590 0.275564 0.373590 0.290007 0.365688 0.290007
1 0.329006 0.309069 0.337472 0.309069 0.337472 0.322935 0.329006 0.322935
1 0.460496 0.322935 0.472348 0.322935 0.472348 0.340843 0.460496 0.340843
1 0.468397 0.337377 0.479119 0.337377 0.479119 0.351243 0.468397 0.351243
1 0.461061 0.348353 0.471783 0.348353 0.471783 0.361641 0.461061 0.361641
1 0.441874 0.367996 0.452032 0.367996 0.452032 0.385327 0.441874 0.385327
1 0.455982 0.362218 0.465576 0.362218 0.465576 0.378394 0.455982 0.378394
1 0.468397 0.362218 0.481941 0.362218 0.481941 0.374927 0.468397 0.374927
1 0.432844 0.384171 0.444132 0.384171 0.444132 0.397459 0.432844 0.397459
1 0.408014 0.409012 0.421558 0.409012 0.421558 0.424610 0.408014 0.424610
1 0.424944 0.398036 0.438488 0.398036 0.438488 0.413056 0.424944 0.413056
1 0.419300 0.388215 0.430022 0.388215 0.430022 0.404391 0.419300 0.404391
1 0.407449 0.395147 0.418737 0.395147 0.418737 0.408435 0.407449 0.408435
1 0.397291 0.408434 0.410271 0.408434 0.410271 0.422299 0.397291 0.422299
1 0.394469 0.388792 0.405757 0.388792 0.405757 0.405546 0.394469 0.405546
1 0.387133 0.396880 0.396727 0.396880 0.396727 0.410745 0.387133 0.410745
1 0.387698 0.411324 0.394470 0.411324 0.394470 0.420567 0.387698 0.420567
1 0.390519 0.422299 0.401807 0.422299 0.401807 0.437897 0.390519 0.437897
1 0.402370 0.425188 0.410836 0.425188 0.410836 0.436164 0.402370 0.436164
1 0.386004 0.467938 0.397292 0.467938 0.397292 0.481803 0.386004 0.481803
1 0.389954 0.484113 0.401806 0.484113 0.401806 0.499133 0.389954 0.499133
1 0.397856 0.460427 0.408578 0.460427 0.408578 0.477758 0.397856 0.477758
1 0.374718 0.480069 0.384876 0.480069 0.384876 0.492201 0.374718 0.492201
1 0.363995 0.488735 0.373589 0.488735 0.373589 0.501444 0.363995 0.501444
1 0.309255 0.387637 0.319977 0.387637 0.319977 0.401502 0.309255 0.401502
1 0.332957 0.384171 0.347065 0.384171 0.347065 0.401502 0.332957 0.401502
1 0.343680 0.407280 0.354402 0.407280 0.354402 0.419988 0.343680 0.419988
1 0.318849 0.407857 0.331829 0.407857 0.331829 0.419989 0.318849 0.419989
1 0.318284 0.419411 0.329572 0.419411 0.329572 0.429231 0.318284 0.429231
1 0.313770 0.426921 0.327878 0.426921 0.327878 0.437897 0.313770 0.437897
1 0.332393 0.439052 0.341987 0.439052 0.341987 0.452340 0.332393 0.452340
1 0.342551 0.435008 0.354965 0.435008 0.354965 0.448296 0.342551 0.448296
1 0.292325 0.436742 0.303047 0.436742 0.303047 0.449450 0.292325 0.449450
1 0.308126 0.407857 0.317720 0.407857 0.317720 0.422877 0.308126 0.422877
1 0.296840 0.411322 0.308690 0.411322 0.308690 0.425187 0.296840 0.425187
1 0.303612 0.426920 0.312076 0.426920 0.312076 0.437320 0.303612 0.437320
1 0.291761 0.392836 0.301919 0.392836 0.301919 0.406701 0.291761 0.406701
1 0.279346 0.390526 0.290068 0.390526 0.290068 0.403234 0.279346 0.403234
1 0.259594 0.419410 0.269752 0.419410 0.269752 0.432698 0.259594 0.432698
1 0.351016 0.515309 0.363996 0.515309 0.363996 0.526285 0.351016 0.526285
1 0.365124 0.528018 0.376976 0.528018 0.376976 0.540150 0.365124 0.540150
1 0.377539 0.542461 0.387133 0.542461 0.387133 0.552860 0.377539 0.552860
1 0.366817 0.544194 0.377539 0.544194 0.377539 0.556326 0.366817 0.556326
1 0.391083 0.552282 0.400677 0.552282 0.400677 0.563258 0.391083 0.563258
1 0.406321 0.549971 0.418735 0.549971 0.418735 0.560947 0.406321 0.560947
1 0.418736 0.548815 0.428330 0.548815 0.428330 0.557481 0.418736 0.557481
1 0.410835 0.565569 0.420993 0.565569 0.420993 0.579434 0.410835 0.579434
1 0.400677 0.564991 0.411399 0.564991 0.411399 0.575391 0.400677 0.575391
1 0.426636 0.596764 0.435102 0.596764 0.435102 0.606585 0.426636 0.606585
1 0.313770 0.163490 0.323364 0.163490 0.323364 0.177932 0.313770 0.177932
1 0.329007 0.157712 0.335779 0.157712 0.335779 0.173310 0.329007 0.173310
1 0.332958 0.140959 0.341422 0.140959 0.341422 0.153091 0.332958 0.153091
1 0.203160 0.604853 0.213318 0.604853 0.213318 0.619873 0.203160 0.619873
1 0.212190 0.611208 0.222912 0.611208 0.222912 0.622184 0.212190 0.622184
1 0.221219 0.621028 0.231941 0.621028 0.231941 0.632582 0.221219 0.632582
1 0.208804 0.622761 0.220655 0.622761 0.220655 0.632583 0.208804 0.632583
1 0.236456 0.615251 0.248307 0.615251 0.248307 0.628538 0.236456 0.628538
1 0.235327 0.640670 0.246049 0.640670 0.246049 0.653380 0.235327 0.653380
1 0.246614 0.644137 0.260158 0.644137 0.260158 0.654536 0.246614 0.654536
1 0.279345 0.614096 0.289503 0.614096 0.289503 0.625072 0.279345 0.625072
1 0.264673 0.648180 0.278217 0.648180 0.278217 0.659156 0.264673 0.659156
1 0.281603 0.645292 0.291761 0.645292 0.291761 0.657424 0.281603 0.657424
1 0.250565 0.661467 0.262979 0.661467 0.262979 0.671867 0.250565 0.671867
1 0.233070 0.664356 0.246050 0.664356 0.246050 0.677065 0.233070 0.677065
1 0.248307 0.689197 0.260722 0.689197 0.260722 0.697285 0.248307 0.697285
1 0.272008 0.674754 0.283296 0.674754 0.283296 0.688041 0.272008 0.688041
1 0.229119 0.687464 0.242099 0.687464 0.242099 0.699018 0.229119 0.699018
1 0.218397 0.673599 0.230813 0.673599 0.230813 0.681687 0.218397 0.681687
1 0.213318 0.715193 0.227426 0.715193 0.227426 0.725015 0.213318 0.725015
1 0.202032 0.747544 0.212190 0.747544 0.212190 0.761409 0.202032 0.761409
1 0.015237 0.875795 0.025395 0.875795 0.025395 0.889660 0.015237 0.889660
1 0.024830 0.880993 0.033860 0.880993 0.033860 0.894859 0.024830 0.894859
1 0.049097 0.755633 0.065463 0.755633 0.065463 0.767187 0.049097 0.767187
1 0.072235 0.763721 0.085215 0.763721 0.085215 0.774120 0.072235 0.774120
1 0.066027 0.746968 0.076185 0.746968 0.076185 0.756789 0.066027 0.756789
1 0.066592 0.760255 0.073928 0.760255 0.073928 0.766031 0.066592 0.766031
1 0.080700 0.735991 0.094808 0.735991 0.094808 0.748123 0.080700 0.748123
1 0.097629 0.729636 0.106659 0.729636 0.106659 0.741190 0.097629 0.741190
1 0.106095 0.726170 0.120203 0.726170 0.120203 0.738880 0.106095 0.738880
1 0.068284 0.729635 0.081828 0.729635 0.081828 0.743501 0.068284 0.743501
1 0.050791 0.744656 0.066028 0.744656 0.066028 0.755632 0.050791 0.755632
1 0.056997 0.727903 0.068284 0.727903 0.068284 0.742345 0.056997 0.742345
1 0.044018 0.707684 0.054740 0.707684 0.054740 0.721549 0.044018 0.721549
1 0.047968 0.720970 0.060948 0.720970 0.060948 0.734835 0.047968 0.734835
1 0.034989 0.718660 0.045147 0.718660 0.045147 0.734258 0.034989 0.734258
1 0.120767 0.727903 0.133183 0.727903 0.133183 0.740613 0.120767 0.740613
1 0.134876 0.727903 0.145598 0.727903 0.145598 0.740035 0.134876 0.740035
1 0.144470 0.729636 0.155192 0.729636 0.155192 0.745234 0.144470 0.745234
1 0.155756 0.731947 0.167043 0.731947 0.167043 0.744657 0.155756 0.744657
1 0.164221 0.727903 0.178894 0.727903 0.178894 0.740035 0.164221 0.740035
1 0.159706 0.748122 0.169300 0.748122 0.169300 0.763720 0.159706 0.763720
1 0.149549 0.751589 0.158578 0.751589 0.158578 0.763721 0.149549 0.763721
1 0.136005 0.743501 0.147856 0.743501 0.147856 0.755633 0.136005 0.755633
1 0.227427 0.813403 0.239278 0.813403 0.239278 0.825535 0.227427 0.825535
1 0.217833 0.805315 0.226298 0.805315 0.226298 0.816291 0.217833 0.816291
1 0.169300 0.711727 0.181716 0.711727 0.181716 0.726170 0.169300 0.726170
1 0.178330 0.699596 0.190181 0.699596 0.190181 0.710572 0.178330 0.710572
1 0.199210 0.714616 0.211625 0.714616 0.211625 0.727326 0.199210 0.727326
1 0.418737 0.852686 0.427765 0.852686 0.427765 0.864240 0.418737 0.864240
1 0.394470 0.839977 0.406884 0.839977 0.406884 0.853264 0.394470 0.853264
1 0.433973 0.840554 0.443567 0.840554 0.443567 0.853264 0.433973 0.853264
1 0.419864 0.815136 0.432844 0.815136 0.432844 0.827845 0.419864 0.827845
1 0.417043 0.738879 0.427765 0.738879 0.427765 0.751011 0.417043 0.751011
1 0.405757 0.749277 0.418171 0.749277 0.418171 0.762564 0.405757 0.762564
1 0.395034 0.748122 0.403498 0.748122 0.403498 0.759676 0.395034 0.759676
1 0.363432 0.756210 0.375846 0.756210 0.375846 0.768342 0.363432 0.768342
1 0.361738 0.740035 0.372460 0.740035 0.372460 0.754478 0.361738 0.754478
1 0.375282 0.750433 0.384876 0.750433 0.384876 0.763143 0.375282 0.763143
1 0.384876 0.741768 0.394470 0.741768 0.394470 0.755055 0.384876 0.755055
1 0.382054 0.731946 0.392212 0.731946 0.392212 0.742345 0.382054 0.742345
1 0.371897 0.732525 0.380925 0.732525 0.380925 0.744079 0.371897 0.744079
1 0.374717 0.780474 0.386005 0.780474 0.386005 0.796072 0.374717 0.796072
1 0.382054 0.812247 0.393342 0.812247 0.393342 0.823801 0.382054 0.823801
1 0.331264 0.610052 0.344244 0.610052 0.344244 0.622762 0.331264 0.622762
1 0.338600 0.624494 0.348758 0.624494 0.348758 0.640092 0.338600 0.640092
1 0.349322 0.639515 0.357788 0.639515 0.357788 0.648757 0.349322 0.648757
1 0.369638 0.662044 0.378104 0.662044 0.378104 0.672443 0.369638 0.672443
1 0.327878 0.641826 0.339730 0.641826 0.339730 0.653380 0.327878 0.653380
1 0.315463 0.632582 0.325057 0.632582 0.325057 0.641248 0.315463 0.641248
1 0.321670 0.619295 0.331828 0.619295 0.331828 0.630849 0.321670 0.630849
1 0.361174 0.685153 0.370202 0.685153 0.370202 0.698441 0.361174 0.698441
1 0.329572 0.686886 0.341986 0.686886 0.341986 0.695552 0.329572 0.695552
1 0.314334 0.680532 0.325056 0.680532 0.325056 0.691508 0.314334 0.691508
1 0.281039 0.665511 0.293453 0.665511 0.293453 0.675910 0.281039 0.675910
1 0.294583 0.667244 0.306997 0.667244 0.306997 0.682842 0.294583 0.682842
1 0.262980 0.686308 0.273702 0.686308 0.273702 0.694396 0.262980 0.694396
1 0.335215 0.710571 0.349323 0.710571 0.349323 0.720392 0.335215 0.720392
1 0.376976 0.658579 0.386004 0.658579 0.386004 0.667245 0.376976 0.667245
1 0.354965 0.681109 0.362867 0.681109 0.362867 0.689197 0.354965 0.689197
1 0.338601 0.676488 0.349323 0.676488 0.349323 0.683420 0.338601 0.683420
1 0.382054 0.514153 0.393342 0.514153 0.393342 0.530329 0.382054 0.530329
1 0.387698 0.507799 0.399548 0.507799 0.399548 0.518775 0.387698 0.518775
1 0.402370 0.514154 0.415350 0.514154 0.415350 0.529752 0.402370 0.529752
1 0.414786 0.507221 0.424944 0.507221 0.424944 0.523975 0.414786 0.523975
1 0.409706 0.490468 0.419300 0.490468 0.419300 0.505488 0.409706 0.505488
1 0.365689 0.510687 0.378103 0.510687 0.378103 0.521087 0.365689 0.521087
1 0.360610 0.502599 0.373024 0.502599 0.373024 0.511265 0.360610 0.511265
1 0.381489 0.492202 0.392777 0.492202 0.392777 0.504911 0.381489 0.504911
1 0.339164 0.545927 0.351016 0.545927 0.351016 0.556903 0.339164 0.556903
1 0.353274 0.546504 0.365124 0.546504 0.365124 0.556903 0.353274 0.556903
1 0.360044 0.555171 0.371332 0.555171 0.371332 0.565570 0.360044 0.565570
1 0.354966 0.533218 0.367946 0.533218 0.367946 0.545928 0.354966 0.545928
1 0.336344 0.525708 0.348758 0.525708 0.348758 0.540728 0.336344 0.540728
1 0.325056 0.530907 0.336344 0.530907 0.336344 0.543039 0.325056 0.543039
1 0.327879 0.517042 0.340293 0.517042 0.340293 0.526864 0.327879 0.526864
1 0.313770 0.511842 0.326750 0.511842 0.326750 0.525130 0.313770 0.525130
1 0.301919 0.518198 0.314899 0.518198 0.314899 0.529752 0.301919 0.529752
1 0.316028 0.559792 0.325056 0.559792 0.325056 0.571346 0.316028 0.571346
1 0.297403 0.552859 0.308691 0.552859 0.308691 0.564991 0.297403 0.564991
1 0.301354 0.570769 0.311512 0.570769 0.311512 0.583478 0.301354 0.583478
1 0.290632 0.566147 0.297968 0.566147 0.297968 0.573079 0.290632 0.573079
1 0.284425 0.559792 0.293453 0.559792 0.293453 0.568458 0.284425 0.568458
1 0.272008 0.544194 0.283296 0.544194 0.283296 0.555748 0.272008 0.555748
1 0.259030 0.538994 0.270880 0.538994 0.270880 0.549393 0.259030 0.549393
1 0.304176 0.504910 0.314898 0.504910 0.314898 0.516464 0.304176 0.516464
1 0.291761 0.477180 0.304741 0.477180 0.304741 0.490468 0.291761 0.490468
1 0.287810 0.464472 0.297968 0.464472 0.297968 0.475448 0.287810 0.475448
1 0.283859 0.456383 0.295147 0.456383 0.295147 0.466783 0.283859 0.466783
1 0.278781 0.446563 0.289503 0.446563 0.289503 0.459271 0.278781 0.459271
1 0.273702 0.436742 0.283860 0.436742 0.283860 0.449450 0.273702 0.449450
1 0.660835 0.466204 0.677201 0.466204 0.677201 0.481802 0.660835 0.481802
1 0.688487 0.470249 0.698081 0.470249 0.698081 0.485269 0.688487 0.485269
1 0.676636 0.488156 0.686230 0.488156 0.686230 0.502599 0.676636 0.502599
1 0.661963 0.483535 0.673250 0.483535 0.673250 0.495667 0.661963 0.495667
1 0.639390 0.450029 0.652370 0.450029 0.652370 0.458117 0.639390 0.458117
1 0.672122 0.452917 0.680586 0.452917 0.680586 0.462160 0.672122 0.462160
1 0.680023 0.453495 0.686795 0.453495 0.686795 0.463316 0.680023 0.463316
1 0.681151 0.444252 0.688487 0.444252 0.688487 0.450607 0.681151 0.450607
1 0.659143 0.458695 0.667608 0.458695 0.667608 0.465627 0.659143 0.465627
1 0.681716 0.573079 0.693003 0.573079 0.693003 0.589255 0.681716 0.589255
1 0.731941 0.576545 0.742663 0.576545 0.742663 0.584055 0.731941 0.584055
1 0.743792 0.582323 0.753386 0.582323 0.753386 0.588099 0.743792 0.588099
1 0.693567 0.583478 0.703725 0.583478 0.703725 0.592144 0.693567 0.592144
1 0.694131 0.573657 0.700903 0.573657 0.700903 0.580589 0.694131 0.580589
1 0.953160 0.822646 0.970090 0.822646 0.970090 0.834778 0.953160 0.834778
1 0.973476 0.843443 0.986456 0.843443 0.986456 0.858463 0.973476 0.858463
1 0.624154 0.911611 0.633182 0.911611 0.633182 0.917967 0.624154 0.917967
1 0.346502 0.723858 0.358916 0.723858 0.358916 0.734258 0.346502 0.734258
1 0.346500 0.733102 0.361174 0.733102 0.361174 0.743502 0.346500 0.743502
1 0.323928 0.671866 0.334650 0.671866 0.334650 0.682265 0.323928 0.682265
1 0.296840 0.622184 0.309254 0.622184 0.309254 0.633738 0.296840 0.633738
1 0.212190 0.586944 0.222912 0.586944 0.222912 0.601964 0.212190 0.601964
1 0.181716 0.604275 0.193567 0.604275 0.193567 0.615251 0.181716 0.615251
1 0.193002 0.595610 0.204853 0.595610 0.204853 0.606586 0.193002 0.606586
1 0.190181 0.616406 0.198081 0.616406 0.198081 0.626806 0.190181 0.626806
1 0.185666 0.586367 0.193002 0.586367 0.193002 0.599654 0.185666 0.599654
1 0.179458 0.572501 0.190180 0.572501 0.190180 0.584633 0.179458 0.584633
1 0.185666 0.566724 0.194131 0.566724 0.194131 0.574812 0.185666 0.574812
1 0.179458 0.558059 0.193002 0.558059 0.193002 0.566725 0.179458 0.566725
1 0.147291 0.647025 0.161399 0.647025 0.161399 0.658001 0.147291 0.658001
1 0.194131 0.669555 0.205982 0.669555 0.205982 0.675911 0.194131 0.675911
1 0.358916 0.444829 0.370768 0.444829 0.370768 0.458695 0.358916 0.458695
1 0.353273 0.471403 0.363431 0.471403 0.363431 0.484691 0.353273 0.484691
1 0.351016 0.459850 0.360610 0.459850 0.360610 0.471982 0.351016 0.471982
1 0.385440 0.366262 0.399548 0.366262 0.399548 0.381282 0.385440 0.381282
1 0.401242 0.362218 0.415350 0.362218 0.415350 0.374350 0.401242 0.374350
1 0.365689 0.366840 0.378103 0.366840 0.378103 0.378972 0.365689 0.378972
1 0.347630 0.365684 0.358352 0.365684 0.358352 0.378972 0.347630 0.378972
1 0.355530 0.347198 0.365688 0.347198 0.365688 0.362218 0.355530 0.362218
1 0.338036 0.356441 0.351580 0.356441 0.351580 0.371461 0.338036 0.371461
1 0.318284 0.369728 0.331828 0.369728 0.331828 0.381282 0.318284 0.381282
1 0.347630 0.339110 0.359480 0.339110 0.359480 0.355863 0.347630 0.355863
1 0.339729 0.337377 0.349323 0.337377 0.349323 0.347777 0.339729 0.347777
1 0.325621 0.345465 0.335215 0.345465 0.335215 0.357597 0.325621 0.357597
1 0.313206 0.353553 0.322234 0.353553 0.322234 0.362219 0.313206 0.362219
1 0.317720 0.339110 0.327314 0.339110 0.327314 0.350086 0.317720 0.350086
1 0.297403 0.368573 0.312077 0.368573 0.312077 0.381861 0.297403 0.381861
1 0.300790 0.360485 0.312642 0.360485 0.312642 0.369151 0.300790 0.369151
1 0.320542 0.278452 0.334086 0.278452 0.334086 0.292895 0.320542 0.292895
1 0.310383 0.288850 0.325057 0.288850 0.325057 0.305026 0.310383 0.305026
1 0.315463 0.305604 0.325057 0.305604 0.325057 0.320624 0.315463 0.320624
1 0.294019 0.274408 0.306433 0.274408 0.306433 0.289428 0.294019 0.289428
1 0.295711 0.290006 0.306433 0.290006 0.306433 0.309648 0.295711 0.309648
1 0.310384 0.318313 0.319412 0.318313 0.319412 0.332178 0.310384 0.332178
1 0.296276 0.329867 0.306998 0.329867 0.306998 0.343155 0.296276 0.343155
1 0.287245 0.344887 0.298533 0.344887 0.298533 0.355287 0.287245 0.355287
1 0.271445 0.306759 0.283859 0.306759 0.283859 0.320047 0.271445 0.320047
1 0.409706 0.296938 0.420994 0.296938 0.420994 0.309070 0.409706 0.309070
1 0.246614 0.458117 0.257901 0.458117 0.257901 0.469671 0.246614 0.469671
1 0.225169 0.476602 0.235891 0.476602 0.235891 0.491045 0.225169 0.491045
1 0.233634 0.467938 0.244356 0.467938 0.244356 0.479492 0.233634 0.479492
1 0.219526 0.465628 0.230813 0.465628 0.230813 0.478336 0.219526 0.478336
1 0.222348 0.447717 0.231377 0.447717 0.231377 0.458117 0.222348 0.458117
1 0.235327 0.439630 0.247743 0.439630 0.247743 0.451184 0.235327 0.451184
1 0.235327 0.451762 0.247178 0.451762 0.247178 0.462738 0.235327 0.462738
1 0.230248 0.516464 0.239842 0.516464 0.239842 0.529752 0.230248 0.529752
1 0.207111 0.495667 0.218962 0.495667 0.218962 0.505489 0.207111 0.505489
1 0.263544 0.525130 0.270880 0.525130 0.270880 0.535529 0.263544 0.535529
1 0.311512 0.527440 0.321670 0.527440 0.321670 0.540150 0.311512 0.540150
1 0.309820 0.444252 0.321670 0.444252 0.321670 0.451762 0.309820 0.451762
1 0.212754 0.432698 0.224041 0.432698 0.224041 0.447140 0.212754 0.447140
1 0.249436 0.392836 0.264109 0.392836 0.264109 0.406124 0.249436 0.406124
1 0.255078 0.406701 0.266366 0.406701 0.266366 0.419410 0.255078 0.419410
1 0.237585 0.409012 0.251129 0.409012 0.251129 0.429232 0.237585 0.429232
1 0.227991 0.410167 0.237585 0.410167 0.237585 0.423455 0.227991 0.423455
1 0.191309 0.437897 0.207675 0.437897 0.207675 0.450606 0.191309 0.450606
1 0.173251 0.465048 0.184537 0.465048 0.184537 0.475448 0.173251 0.475448
1 0.169300 0.485268 0.185102 0.485268 0.185102 0.499134 0.169300 0.499134
1 0.170429 0.437897 0.181151 0.437897 0.181151 0.447718 0.170429 0.447718
1 0.155192 0.482957 0.164221 0.482957 0.164221 0.493357 0.155192 0.493357
1 0.146727 0.489890 0.155756 0.489890 0.155756 0.498556 0.146727 0.498556
1 0.132619 0.496823 0.142777 0.496823 0.142777 0.508377 0.132619 0.508377
1 0.144470 0.508377 0.152935 0.508377 0.152935 0.519931 0.144470 0.519931
1 0.153499 0.501444 0.163093 0.501444 0.163093 0.511844 0.153499 0.511844
1 0.157449 0.541305 0.168171 0.541305 0.168171 0.551705 0.157449 0.551705
1 0.147291 0.534373 0.156321 0.534373 0.156321 0.544195 0.147291 0.544195
1 0.158014 0.558636 0.170429 0.558636 0.170429 0.567302 0.158014 0.567302
1 0.155756 0.569612 0.165350 0.569612 0.165350 0.579434 0.155756 0.579434
1 0.144469 0.567880 0.154063 0.567880 0.154063 0.578856 0.144469 0.578856
1 0.136569 0.562681 0.146727 0.562681 0.146727 0.574235 0.136569 0.574235
1 0.119639 0.562103 0.131490 0.562103 0.131490 0.571345 0.119639 0.571345
1 0.125847 0.571346 0.134312 0.571346 0.134312 0.582322 0.125847 0.582322
1 0.120204 0.543616 0.128669 0.543616 0.128669 0.555748 0.120204 0.555748
1 0.130926 0.515886 0.138826 0.515886 0.138826 0.528595 0.130926 0.528595
1 0.123025 0.507221 0.133183 0.507221 0.133183 0.515887 0.123025 0.515887
1 0.106659 0.526863 0.119639 0.526863 0.119639 0.537839 0.106659 0.537839
1 0.089165 0.494511 0.100451 0.494511 0.100451 0.504911 0.089165 0.504911
1 0.091423 0.519352 0.103274 0.519352 0.103274 0.533795 0.091423 0.533795
1 0.096501 0.529173 0.106659 0.529173 0.106659 0.539573 0.096501 0.539573
1 0.071670 0.523396 0.083521 0.523396 0.083521 0.533218 0.071670 0.533218
1 0.085214 0.517620 0.093679 0.517620 0.093679 0.525130 0.085214 0.525130
1 0.055305 0.536106 0.068849 0.536106 0.068849 0.549393 0.055305 0.549393
1 0.046839 0.479492 0.055868 0.479492 0.055868 0.487580 0.046839 0.487580
1 0.055305 0.477180 0.065463 0.477180 0.065463 0.487579 0.055305 0.487579
1 0.051354 0.495667 0.059256 0.495667 0.059256 0.502023 0.051354 0.502023
1 0.513544 0.222992 0.525396 0.222992 0.525396 0.234546 0.513544 0.234546
1 0.524266 0.183131 0.533860 0.183131 0.533860 0.195263 0.524266 0.195263
1 0.018059 0.659156 0.032732 0.659156 0.032732 0.671288 0.018059 0.671288
1 0.053612 0.620451 0.067156 0.620451 0.067156 0.633738 0.053612 0.633738
1 0.050225 0.634893 0.061513 0.634893 0.061513 0.642981 0.050225 0.642981
1 0.273702 0.161179 0.283296 0.161179 0.283296 0.190642 0.273702 0.190642
1 0.396727 0.876372 0.406885 0.876372 0.406885 0.893126 0.396727 0.893126
1 0.384876 0.857885 0.396726 0.857885 0.396726 0.871750 0.384876 0.871750
1 0.402370 0.855575 0.413092 0.855575 0.413092 0.873483 0.402370 0.873483
1 0.429458 0.864818 0.443002 0.864818 0.443002 0.879261 0.429458 0.879261
1 0.456546 0.920277 0.463882 0.920277 0.463882 0.930099 0.456546 0.930099
1 0.431716 0.892547 0.440744 0.892547 0.440744 0.902946 0.431716 0.902946
1 0.433408 0.882150 0.443002 0.882150 0.443002 0.891392 0.433408 0.891392
1 0.470090 0.863085 0.485328 0.863085 0.485328 0.874061 0.470090 0.874061
1 0.487584 0.874638 0.498872 0.874638 0.498872 0.892547 0.487584 0.892547
1 0.506773 0.900058 0.522574 0.900058 0.522574 0.916234 0.506773 0.916234
1 0.511850 0.919122 0.529910 0.919122 0.529910 0.935875 0.511850 0.935875
1 0.445260 0.880994 0.457674 0.880994 0.457674 0.892548 0.445260 0.892548
1 0.294018 0.582322 0.302484 0.582322 0.302484 0.596765 0.294018 0.596765
1 0.685102 0.521664 0.692438 0.521664 0.692438 0.538995 0.685102 0.538995
1 0.676072 0.532063 0.683408 0.532063 0.683408 0.538995 0.676072 0.538995
1 0.676073 0.538994 0.684538 0.538994 0.684538 0.545350 0.676073 0.545350
1 0.401807 0.439630 0.410835 0.439630 0.410835 0.458116 0.401807 0.458116
1 0.352709 0.413633 0.362303 0.413633 0.362303 0.424033 0.352709 0.424033
1 0.287245 0.421144 0.298533 0.421144 0.298533 0.435586 0.287245 0.435586
1 0.374154 0.435009 0.388262 0.435009 0.388262 0.454651 0.374154 0.454651
1 0.379797 0.569035 0.389955 0.569035 0.389955 0.580011 0.379797 0.580011
1 0.273702 0.931831 0.285554 0.931831 0.285554 0.948007 0.273702 0.948007
1 0.283296 0.913345 0.292324 0.913345 0.292324 0.927210 0.283296 0.927210
1 0.273702 0.897748 0.283860 0.897748 0.283860 0.906990 0.273702 0.906990
1 0.269752 0.891392 0.278216 0.891392 0.278216 0.899480 0.269752 0.899480
2 0.317156 0.465049 0.330136 0.465049 0.330136 0.480647 0.317156 0.480647
