0 0.897436 0.123729 0.943320 0.123729 0.943320 0.177965 0.897436 0.177965
0 0.871795 0.098305 0.909582 0.098305 0.909582 0.154237 0.871795 0.154237
0 0.817814 0.040678 0.852902 0.040678 0.852902 0.086441 0.817814 0.086441
0 0.784076 0.061017 0.821863 0.061017 0.821863 0.110170 0.784076 0.110170
0 0.886640 0.203390 0.925776 0.203390 0.925776 0.249152 0.886640 0.249152
0 0.860998 0.164407 0.897436 0.164407 0.897436 0.210170 0.860998 0.210170
0 0.839406 0.211865 0.881242 0.211865 0.881242 0.262711 0.839406 0.262711
0 0.804318 0.159322 0.844804 0.159322 0.844804 0.210170 0.804318 0.210170
0 0.813765 0.113560 0.848853 0.113560 0.848853 0.162713 0.813765 0.162713
0 0.792173 0.205085 0.832659 0.205085 0.832659 0.249153 0.792173 0.249153
0 0.744939 0.101694 0.784075 0.101694 0.784075 0.150847 0.744939 0.150847
0 0.715250 0.055932 0.761134 0.055932 0.761134 0.103390 0.715250 0.103390
0 0.693657 0.083051 0.730094 0.083051 0.730094 0.130509 0.693657 0.130509
0 0.658569 0.133899 0.693657 0.133899 0.693657 0.179662 0.658569 0.179662
0 0.639676 0.072882 0.674764 0.072882 0.674764 0.115254 0.639676 0.115254
0 0.597840 0.125424 0.647774 0.125424 0.647774 0.184746 0.597840 0.184746
0 0.587044 0.083051 0.624831 0.083051 0.624831 0.127119 0.587044 0.127119
0 0.932523 0.022033 0.967611 0.022033 0.967611 0.071186 0.932523 0.071186
0 0.948717 0.291525 0.981106 0.291525 0.981106 0.345762 0.948717 0.345762
0 0.954116 0.376271 0.982456 0.376271 0.982456 0.422034 0.954116 0.422034
0 0.968961 0.450848 1.000000 0.450848 1.000000 0.496611 0.968961 0.496611
0 0.916330 0.454237 0.947369 0.454237 0.947369 0.491525 0.916330 0.491525
0 0.862348 0.462711 0.909582 0.462711 0.909582 0.511864 0.862348 0.511864
0 0.817814 0.442373 0.856950 0.442373 0.856950 0.481355 0.817814 0.481355
0 0.732793 0.433898 0.757085 0.433898 0.757085 0.474576 0.732793 0.474576
0 0.684210 0.394915 0.719298 0.394915 0.719298 0.432203 0.684210 0.432203
0 0.670716 0.432203 0.701755 0.432203 0.701755 0.476271 0.670716 0.476271
0 0.700405 0.461017 0.734143 0.461017 0.734143 0.491525 0.700405 0.491525
0 0.638327 0.457627 0.670716 0.457627 0.670716 0.505085 0.638327 0.505085
0 0.676114 0.613560 0.708503 0.613560 0.708503 0.649153 0.676114 0.649153
0 0.646424 0.577966 0.680162 0.577966 0.680162 0.623729 0.646424 0.623729
0 0.727395 0.586441 0.755735 0.586441 0.755735 0.649153 0.727395 0.649153
0 0.597841 0.394916 0.631579 0.394916 0.631579 0.437289 0.597841 0.437289
0 0.484480 0.349152 0.520918 0.349152 0.520918 0.393220 0.484480 0.393220
0 0.442645 0.345763 0.481781 0.345763 0.481781 0.393221 0.442645 0.393221
0 0.735492 0.218644 0.771930 0.218644 0.771930 0.261018 0.735492 0.261018
0 0.626181 0.225424 0.655871 0.225424 0.655871 0.269492 0.626181 0.269492
0 0.623482 0.281356 0.661269 0.281356 0.661269 0.355932 0.623482 0.355932
0 0.561403 0.238982 0.591093 0.238982 0.591093 0.288135 0.561403 0.288135
0 0.492578 0.220338 0.523617 0.220338 0.523617 0.269491 0.492578 0.269491
0 0.398110 0.352543 0.435897 0.352543 0.435897 0.384746 0.398110 0.384746
0 0.342780 0.403390 0.380567 0.403390 0.380567 0.455932 0.342780 0.455932
0 0.321188 0.447458 0.360324 0.447458 0.360324 0.500000 0.321188 0.500000
0 0.326586 0.496611 0.360324 0.496611 0.360324 0.550848 0.326586 0.550848
0 0.412956 0.259322 0.460189 0.259322 0.460189 0.311864 0.412956 0.311864
0 0.398111 0.186441 0.433199 0.186441 0.433199 0.244067 0.398111 0.244067
0 0.369771 0.301695 0.408907 0.301695 0.408907 0.338983 0.369771 0.338983
0 0.307693 0.322034 0.352227 0.322034 0.352227 0.362712 0.307693 0.362712
0 0.272604 0.330509 0.303644 0.330509 0.303644 0.364407 0.272604 0.364407
0 0.201079 0.359322 0.236167 0.359322 0.236167 0.401695 0.201079 0.401695
0 0.282051 0.400000 0.333333 0.400000 0.333333 0.445763 0.282051 0.445763
0 0.275303 0.452543 0.313090 0.452543 0.313090 0.505085 0.275303 0.505085
0 0.236167 0.416950 0.282051 0.416950 0.282051 0.462713 0.236167 0.462713
0 0.213225 0.428814 0.238867 0.428814 0.238867 0.466102 0.213225 0.466102
0 0.144400 0.423729 0.178138 0.423729 0.178138 0.484745 0.144400 0.484745
0 0.191633 0.505085 0.226721 0.505085 0.226721 0.535593 0.191633 0.535593
0 0.226721 0.528814 0.249663 0.528814 0.249663 0.571187 0.226721 0.571187
0 0.421052 0.618644 0.453441 0.618644 0.453441 0.659322 0.421052 0.659322
0 0.477733 0.623729 0.515520 0.623729 0.515520 0.659322 0.477733 0.659322
0 0.460189 0.650848 0.500675 0.650848 0.500675 0.684746 0.460189 0.684746
0 0.001349 0.508475 0.059379 0.508475 0.059379 0.564407 0.001349 0.564407
0 0.099865 0.438984 0.129555 0.438984 0.129555 0.493221 0.099865 0.493221
0 0.110661 0.498305 0.147098 0.498305 0.147098 0.542373 0.110661 0.542373
0 0.195682 0.544068 0.232119 0.544068 0.232119 0.591526 0.195682 0.591526
0 0.071524 0.728813 0.109312 0.728813 0.109312 0.776271 0.071524 0.776271
0 0.010797 0.701695 0.047233 0.701695 0.047233 0.738983 0.010797 0.738983
0 0.110661 0.757627 0.148449 0.757627 0.148449 0.798305 0.110661 0.798305
0 0.171391 0.771186 0.213226 0.771186 0.213226 0.810169 0.171391 0.810169
0 0.211876 0.754237 0.251012 0.754237 0.251012 0.798305 0.211876 0.798305
0 0.232119 0.718645 0.255061 0.718645 0.255061 0.757628 0.232119 0.757628
0 0.130904 0.828813 0.168691 0.828813 0.168691 0.854237 0.130904 0.854237
0 0.228070 0.827119 0.253711 0.827119 0.253711 0.864407 0.228070 0.864407
0 0.163292 0.852543 0.201079 0.852543 0.201079 0.879661 0.163292 0.879661
0 0.279352 0.796610 0.309042 0.796610 0.309042 0.823728 0.279352 0.823728
0 0.310391 0.779662 0.356275 0.779662 0.356275 0.811864 0.310391 0.811864
0 0.669366 0.686441 0.704454 0.686441 0.704454 0.740678 0.669366 0.740678
0 0.605938 0.749153 0.649123 0.749153 0.649123 0.805085 0.605938 0.805085
0 0.646424 0.759322 0.672065 0.759322 0.672065 0.796610 0.646424 0.796610
0 0.554656 0.742372 0.593792 0.742372 0.593792 0.800000 0.554656 0.800000
0 0.519567 0.776272 0.551956 0.776272 0.551956 0.818644 0.519567 0.818644
0 0.480432 0.759321 0.518219 0.759321 0.518219 0.801694 0.480432 0.801694
0 0.476383 0.815254 0.506073 0.815254 0.506073 0.864407 0.476383 0.864407
0 0.585695 0.830508 0.620783 0.830508 0.620783 0.881356 0.585695 0.881356
0 0.647773 0.811864 0.686909 0.811864 0.686909 0.855932 0.647773 0.855932
0 0.742240 0.866101 0.790824 0.866101 0.790824 0.911864 0.742240 0.911864
0 0.807017 0.884745 0.843454 0.884745 0.843454 0.916948 0.807017 0.916948
0 0.843455 0.825424 0.887989 0.825424 0.887989 0.866102 0.843455 0.866102
0 0.944670 0.755932 0.977059 0.755932 0.977059 0.796610 0.944670 0.796610
0 0.936572 0.827119 0.958164 0.827119 0.958164 0.871187 0.936572 0.871187
0 0.908232 0.933898 0.944670 0.933898 0.944670 0.984746 0.908232 0.984746
0 0.941971 0.959322 0.979758 0.959322 0.979758 0.998305 0.941971 0.998305
0 0.840756 0.952542 0.875844 0.952542 0.875844 0.998305 0.840756 0.998305
0 0.906883 0.784745 0.946019 0.784745 0.946019 0.823728 0.906883 0.823728
0 0.908231 0.820339 0.935222 0.820339 0.935222 0.867797 0.908231 0.867797
0 0.697705 0.838983 0.751687 0.838983 0.751687 0.893221 0.697705 0.893221
0 0.705803 0.950847 0.744939 0.950847 0.744939 0.996610 0.705803 0.996610
0 0.543860 0.881355 0.582996 0.881355 0.582996 0.923728 0.543860 0.923728
0 0.395411 0.854237 0.433198 0.854237 0.433198 0.905085 0.395411 0.905085
0 0.387315 0.947458 0.431849 0.947458 0.431849 1.000000 0.387315 1.000000
0 0.323886 0.872881 0.358974 0.872881 0.358974 0.910169 0.323886 0.910169
0 0.387314 0.772882 0.417004 0.772882 0.417004 0.806780 0.387314 0.806780
0 0.407557 0.722034 0.435897 0.722034 0.435897 0.759322 0.407557 0.759322
0 0.029689 0.967797 0.053981 0.967797 0.053981 1.000000 0.029689 1.000000
0 0.020242 0.352542 0.058029 0.352542 0.058029 0.396610 0.020242 0.396610
0 0.047234 0.316949 0.068826 0.316949 0.068826 0.359322 0.047234 0.359322
0 0.055330 0.210170 0.086370 0.210170 0.086370 0.266102 0.055330 0.266102
0 0.002699 0.186441 0.041835 0.186441 0.041835 0.216949 0.002699 0.216949
0 0.147099 0.350847 0.180837 0.350847 0.180837 0.396610 0.147099 0.396610
0 0.153845 0.296610 0.180836 0.296610 0.180836 0.357627 0.153845 0.357627
0 0.145749 0.242373 0.172739 0.242373 0.172739 0.294915 0.145749 0.294915
0 0.134953 0.194915 0.167342 0.194915 0.167342 0.250847 0.134953 0.250847
0 0.155196 0.164407 0.188934 0.164407 0.188934 0.211865 0.155196 0.211865
0 0.165991 0.133898 0.191633 0.133898 0.191633 0.167796 0.165991 0.167796
0 0.188935 0.098306 0.230770 0.098306 0.230770 0.159323 0.188935 0.159323
0 0.233468 0.079660 0.276653 0.079660 0.276653 0.128813 0.233468 0.128813
0 0.082321 0.100000 0.174089 0.100000 0.174089 0.132204 0.082321 0.132204
0 0.002699 0.061017 0.025641 0.061017 0.025641 0.101695 0.002699 0.101695
0 0.043185 0.032203 0.064777 0.032203 0.064777 0.061017 0.043185 0.061017
0 0.040486 0.059322 0.074224 0.059322 0.074224 0.103390 0.040486 0.103390
0 0.133603 0.020339 0.156545 0.020339 0.156545 0.057627 0.133603 0.057627
0 0.155196 0.005085 0.186234 0.005085 0.186234 0.052543 0.155196 0.052543
0 0.317140 0.055932 0.353576 0.055932 0.353576 0.096610 0.317140 0.096610
0 0.302294 0.001695 0.340081 0.001695 0.340081 0.047457 0.302294 0.047457
0 0.379217 0.076272 0.410257 0.076272 0.410257 0.118644 0.379217 0.118644
0 0.406207 0.123729 0.437247 0.123729 0.437247 0.167797 0.406207 0.167797
0 0.368421 0.001695 0.396761 0.001695 0.396761 0.030509 0.368421 0.030509
0 0.499325 0.125424 0.568151 0.125424 0.568151 0.225424 0.499325 0.225424
0 0.932524 0.591526 0.973010 0.591526 0.973010 0.644068 0.932524 0.644068
0 0.775979 0.910169 0.809717 0.910169 0.809717 0.952542 0.775979 0.952542
0 0.670715 0.250848 0.700405 0.250848 0.700405 0.301694 0.670715 0.301694
0 0.665317 0.220339 0.688259 0.220339 0.688259 0.250847 0.665317 0.250847
1 0.284750 0.594915 0.314440 0.594915 0.314440 0.635593 0.284750 0.635593
1 0.391363 0.674576 0.421053 0.674576 0.421053 0.718644 0.391363 0.718644
1 0.576248 0.661017 0.609986 0.661017 0.609986 0.698305 0.576248 0.698305
