0 0.548872 0.115384 0.599624 0.115384 0.599624 0.170940 0.548872 0.170940
0 0.479323 0.205128 0.530075 0.205128 0.530075 0.264958 0.479323 0.264958
1 0.065790 0.000000 0.109022 0.000000 0.109022 0.023504 0.065790 0.023504
1 0.402256 0.000000 0.436090 0.000000 0.436090 0.036325 0.402256 0.036325
1 0.629699 0.002137 0.659775 0.002137 0.659775 0.032052 0.629699 0.032052
1 0.140978 0.000001 0.176692 0.000001 0.176692 0.042736 0.140978 0.042736
1 0.240601 0.002137 0.268796 0.002137 0.268796 0.036325 0.240601 0.036325
1 0.834587 0.014957 0.870301 0.014957 0.870301 0.038461 0.834587 0.038461
1 0.360903 0.008547 0.389097 0.008547 0.389097 0.047009 0.360903 0.047009
1 0.308271 0.014958 0.342105 0.014958 0.342105 0.044873 0.308271 0.044873
1 0.740602 0.021367 0.774437 0.021367 0.774437 0.049145 0.740602 0.049145
1 0.812030 0.021368 0.838346 0.021368 0.838346 0.053419 0.812030 0.053419
1 0.114662 0.021368 0.156015 0.021368 0.156015 0.053419 0.114662 0.053419
1 0.028195 0.021368 0.058271 0.021368 0.058271 0.064103 0.028195 0.064103
1 0.477444 0.040598 0.505638 0.040598 0.505638 0.074786 0.477444 0.074786
1 0.263159 0.036324 0.291353 0.036324 0.291353 0.072650 0.263159 0.072650
1 0.610903 0.036324 0.652255 0.036324 0.652255 0.072650 0.610903 0.072650
1 0.065789 0.040598 0.116541 0.040598 0.116541 0.076924 0.065789 0.076924
1 0.515037 0.042735 0.548872 0.042735 0.548872 0.081197 0.515037 0.081197
1 0.298872 0.051282 0.349624 0.051282 0.349624 0.091880 0.298872 0.091880
1 0.449248 0.059830 0.475564 0.059830 0.475564 0.091881 0.449248 0.091881
1 0.874060 0.059830 0.909774 0.059830 0.909774 0.091881 0.874060 0.091881
1 0.214286 0.061966 0.250000 0.061966 0.250000 0.094017 0.214286 0.094017
1 0.409775 0.061966 0.437970 0.061966 0.437970 0.104701 0.409775 0.104701
1 0.144737 0.059830 0.180451 0.059830 0.180451 0.108975 0.144737 0.108975
1 0.377820 0.066239 0.406015 0.066239 0.406015 0.106837 0.377820 0.106837
1 0.821429 0.070513 0.855264 0.070513 0.855264 0.102564 0.821429 0.102564
1 0.003760 0.070513 0.031955 0.070513 0.031955 0.111111 0.003760 0.111111
1 0.691729 0.072650 0.729323 0.072650 0.729323 0.119659 0.691729 0.119659
1 0.481204 0.076924 0.511278 0.076924 0.511278 0.119659 0.481204 0.119659
1 0.248120 0.083334 0.281955 0.083334 0.281955 0.119659 0.248120 0.119659
1 0.783834 0.089744 0.817670 0.089744 0.817670 0.119659 0.783834 0.119659
1 0.646617 0.089744 0.682331 0.089744 0.682331 0.126069 0.646617 0.126069
1 0.740601 0.091880 0.780075 0.091880 0.780075 0.130342 0.740601 0.130342
1 0.515037 0.094017 0.548872 0.094017 0.548872 0.130341 0.515037 0.130341
1 0.866541 0.091880 0.896617 0.091880 0.896617 0.130342 0.866541 0.130342
1 0.203007 0.104701 0.233082 0.104701 0.233082 0.136751 0.203007 0.136751
1 0.332707 0.111111 0.364661 0.111111 0.364661 0.145299 0.332707 0.145299
1 0.022556 0.111112 0.060150 0.111112 0.060150 0.147436 0.022556 0.147436
1 0.167293 0.108974 0.195489 0.108974 0.195489 0.153846 0.167293 0.153846
1 0.291354 0.117522 0.321429 0.117522 0.321429 0.153846 0.291354 0.153846
1 0.387218 0.128206 0.421052 0.128206 0.421052 0.164530 0.387218 0.164530
1 0.127820 0.132478 0.161655 0.132478 0.161655 0.164529 0.127820 0.164529
1 0.796992 0.134615 0.823308 0.134615 0.823308 0.166666 0.796992 0.166666
1 0.240601 0.134615 0.274436 0.134615 0.274436 0.170940 0.240601 0.170940
1 0.678571 0.141025 0.716165 0.141025 0.716165 0.173076 0.678571 0.173076
1 0.731202 0.138888 0.765038 0.138888 0.765038 0.175213 0.731202 0.175213
1 0.000000 0.141026 0.033835 0.141026 0.033835 0.185898 0.000000 0.185898
1 0.456767 0.143162 0.492481 0.143162 0.492481 0.179487 0.456767 0.179487
1 0.349624 0.151709 0.385338 0.151709 0.385338 0.190171 0.349624 0.190171
1 0.199248 0.149573 0.231204 0.149573 0.231204 0.190171 0.199248 0.190171
1 0.494361 0.143162 0.530075 0.143162 0.530075 0.198718 0.494361 0.198718
1 0.853383 0.151709 0.887219 0.151709 0.887219 0.202991 0.853383 0.202991
1 0.545112 0.155983 0.586465 0.155983 0.586465 0.196581 0.545112 0.196581
1 0.607143 0.166666 0.644737 0.166666 0.644737 0.198717 0.607143 0.198717
1 0.274437 0.168803 0.304511 0.168803 0.304511 0.200854 0.274437 0.200854
1 0.110903 0.173077 0.139098 0.173077 0.139098 0.205128 0.110903 0.205128
1 0.383459 0.185897 0.430451 0.185897 0.430451 0.213675 0.383459 0.213675
1 0.975564 0.177350 1.000000 0.177350 1.000000 0.224360 0.975564 0.224360
1 0.659775 0.179487 0.695489 0.179487 0.695489 0.220085 0.659775 0.220085
1 0.729324 0.192307 0.761278 0.192307 0.761278 0.224358 0.729324 0.224358
1 0.437970 0.185897 0.471804 0.185897 0.471804 0.232907 0.437970 0.232907
1 0.137218 0.198717 0.165414 0.198717 0.165414 0.228633 0.137218 0.228633
1 0.315789 0.200855 0.355263 0.200855 0.355263 0.252137 0.315789 0.252137
1 0.546992 0.205128 0.580828 0.205128 0.580828 0.241453 0.546992 0.241453
1 0.941729 0.205128 0.966165 0.205128 0.966165 0.243590 0.941729 0.243590
1 0.167293 0.198717 0.199248 0.198717 0.199248 0.245727 0.167293 0.245727
1 0.234962 0.211538 0.274436 0.211538 0.274436 0.239316 0.234962 0.239316
1 0.806391 0.209402 0.842105 0.209402 0.842105 0.243590 0.806391 0.243590
1 0.355264 0.217948 0.387218 0.217948 0.387218 0.256410 0.355264 0.256410
1 0.092105 0.217948 0.125940 0.217948 0.125940 0.256410 0.092105 0.256410
1 0.699248 0.220085 0.734962 0.220085 0.734962 0.254273 0.699248 0.254273
1 0.398497 0.222222 0.430451 0.222222 0.430451 0.258547 0.398497 0.258547
1 0.052631 0.226495 0.086467 0.226495 0.086467 0.264957 0.052631 0.264957
1 0.281954 0.226495 0.313909 0.226495 0.313909 0.264957 0.281954 0.264957
1 0.650376 0.228632 0.680451 0.228632 0.680451 0.267094 0.650376 0.267094
1 0.120301 0.241453 0.154136 0.241453 0.154136 0.275641 0.120301 0.275641
1 0.000000 0.245726 0.028195 0.245726 0.028195 0.282052 0.000000 0.282052
1 0.616541 0.245726 0.646617 0.245726 0.646617 0.282052 0.616541 0.282052
1 0.238722 0.254274 0.272556 0.254274 0.272556 0.288462 0.238722 0.288462
1 0.447369 0.256410 0.475563 0.256410 0.475563 0.290598 0.447369 0.290598
1 0.554512 0.256410 0.582707 0.256410 0.582707 0.290598 0.554512 0.290598
1 0.937970 0.262820 0.968046 0.262820 0.968046 0.299146 0.937970 0.299146
1 0.330827 0.260684 0.370301 0.260684 0.370301 0.303418 0.330827 0.303418
1 0.781955 0.262821 0.817669 0.262821 0.817669 0.303419 0.781955 0.303419
1 0.973684 0.264957 1.000000 0.264957 1.000000 0.309829 0.973684 0.309829
1 0.851503 0.277778 0.883458 0.277778 0.883458 0.311966 0.851503 0.311966
1 0.885338 0.273505 0.915413 0.273505 0.915413 0.320514 0.885338 0.320514
1 0.672932 0.282051 0.712406 0.282051 0.712406 0.318377 0.672932 0.318377
1 0.580827 0.284188 0.610903 0.284188 0.610903 0.318376 0.580827 0.318376
1 0.099625 0.299145 0.131579 0.299145 0.131579 0.337607 0.099625 0.337607
1 0.515038 0.303419 0.552632 0.303419 0.552632 0.337607 0.515038 0.337607
1 0.734962 0.305555 0.768798 0.305555 0.768798 0.341881 0.734962 0.341881
1 0.560150 0.307692 0.584586 0.307692 0.584586 0.337608 0.560150 0.337608
1 0.469925 0.309829 0.499999 0.309829 0.499999 0.350427 0.469925 0.350427
1 0.218045 0.301283 0.253759 0.301283 0.253759 0.361112 0.218045 0.361112
1 0.270677 0.318375 0.315790 0.318375 0.315790 0.354701 0.270677 0.354701
1 0.330827 0.318376 0.366541 0.318376 0.366541 0.356838 0.330827 0.356838
1 0.930450 0.314103 0.964286 0.314103 0.964286 0.356837 0.930450 0.356837
1 0.394737 0.318377 0.426692 0.318377 0.426692 0.361111 0.394737 0.361111
1 0.629699 0.318377 0.665413 0.318377 0.665413 0.367522 0.629699 0.367522
1 0.048872 0.329060 0.084586 0.329060 0.084586 0.363248 0.048872 0.363248
1 0.703008 0.333333 0.734962 0.333333 0.734962 0.378205 0.703008 0.378205
1 0.813910 0.346154 0.849624 0.346154 0.849624 0.388888 0.813910 0.388888
1 0.152256 0.350427 0.176692 0.350427 0.176692 0.395299 0.152256 0.395299
1 0.101504 0.354701 0.140978 0.354701 0.140978 0.399573 0.101504 0.399573
1 0.753760 0.348291 0.795112 0.348291 0.795112 0.410257 0.753760 0.410257
1 0.417293 0.361111 0.443609 0.361111 0.443609 0.395299 0.417293 0.395299
1 0.184210 0.358975 0.212406 0.358975 0.212406 0.399573 0.184210 0.399573
1 0.663533 0.354702 0.695488 0.354702 0.695488 0.403846 0.663533 0.403846
1 0.246241 0.365385 0.276315 0.365385 0.276315 0.405983 0.246241 0.405983
1 0.355263 0.356837 0.407895 0.356837 0.407895 0.412393 0.355263 0.412393
1 0.306391 0.367521 0.342105 0.367521 0.342105 0.405983 0.306391 0.405983
1 0.592106 0.367521 0.639098 0.367521 0.639098 0.405983 0.592106 0.405983
1 0.496240 0.371795 0.535714 0.371795 0.535714 0.414529 0.496240 0.414529
1 0.039473 0.376068 0.073308 0.376068 0.073308 0.412394 0.039473 0.412394
1 0.843985 0.378205 0.874061 0.378205 0.874061 0.416667 0.843985 0.416667
1 0.212406 0.382479 0.240602 0.382479 0.240602 0.416667 0.212406 0.416667
1 0.776316 0.386752 0.815790 0.386752 0.815790 0.433760 0.776316 0.433760
1 0.071429 0.395299 0.109023 0.395299 0.109023 0.431625 0.071429 0.431625
1 0.000000 0.388889 0.028195 0.388889 0.028195 0.438034 0.000000 0.438034
1 0.962406 0.410256 0.998120 0.410256 0.998120 0.448718 0.962406 0.448718
1 0.259399 0.410257 0.293233 0.410257 0.293233 0.457265 0.259399 0.457265
1 0.719925 0.414529 0.742481 0.414529 0.742481 0.450855 0.719925 0.450855
1 0.825188 0.418803 0.849624 0.418803 0.849624 0.450855 0.825188 0.450855
1 0.176692 0.420940 0.208647 0.420940 0.208647 0.452992 0.176692 0.452992
1 0.375940 0.416667 0.419173 0.416667 0.419173 0.457265 0.375940 0.457265
1 0.590226 0.418804 0.622181 0.418804 0.622181 0.459402 0.590226 0.459402
1 0.022557 0.427350 0.050751 0.427350 0.050751 0.455128 0.022557 0.455128
1 0.524436 0.412393 0.554512 0.412393 0.554512 0.474359 0.524436 0.474359
1 0.479324 0.438034 0.509398 0.438034 0.509398 0.476496 0.479324 0.476496
1 0.672932 0.431624 0.703008 0.431624 0.703008 0.476496 0.672932 0.476496
1 0.744362 0.433761 0.772556 0.433761 0.772556 0.478633 0.744362 0.478633
1 0.894737 0.440171 0.922932 0.440171 0.922932 0.491453 0.894737 0.491453
1 0.851504 0.446581 0.887218 0.446581 0.887218 0.491453 0.851504 0.491453
1 0.204888 0.455128 0.234963 0.455128 0.234963 0.489316 0.204888 0.489316
1 0.614662 0.450854 0.652256 0.450854 0.652256 0.497863 0.614662 0.497863
1 0.000000 0.459402 0.020677 0.459402 0.020677 0.493590 0.000000 0.493590
1 0.327068 0.459402 0.357142 0.459402 0.357142 0.504274 0.327068 0.504274
1 0.409775 0.472221 0.437970 0.472221 0.437970 0.502136 0.409775 0.502136
1 0.556391 0.455128 0.592105 0.455128 0.592105 0.517094 0.556391 0.517094
1 0.971804 0.470085 0.998120 0.470085 0.998120 0.512821 0.971804 0.512821
1 0.274436 0.470086 0.312030 0.470086 0.312030 0.510684 0.274436 0.510684
1 0.223684 0.482906 0.253759 0.482906 0.253759 0.517094 0.223684 0.517094
1 0.484963 0.482906 0.520677 0.482906 0.520677 0.523504 0.484963 0.523504
1 0.917293 0.487179 0.954887 0.487179 0.954887 0.523504 0.917293 0.523504
1 0.765038 0.487179 0.800752 0.487179 0.800752 0.525641 0.765038 0.525641
1 0.725565 0.493590 0.753760 0.493590 0.753760 0.525641 0.725565 0.525641
1 0.171052 0.491453 0.204888 0.491453 0.204888 0.532051 0.171052 0.532051
1 0.810151 0.497863 0.832707 0.497863 0.832707 0.532051 0.810151 0.532051
1 0.028195 0.497863 0.065789 0.497863 0.065789 0.536325 0.028195 0.536325
1 0.390978 0.493590 0.424812 0.493590 0.424812 0.540599 0.390978 0.540599
1 0.516918 0.500001 0.548872 0.500001 0.548872 0.542736 0.516918 0.542736
1 0.097744 0.506410 0.124060 0.506410 0.124060 0.544872 0.097744 0.544872
1 0.347745 0.506410 0.379699 0.506410 0.379699 0.542735 0.347745 0.542735
1 0.689849 0.510684 0.729323 0.510684 0.729323 0.547009 0.689849 0.547009
1 0.244361 0.519231 0.278195 0.519231 0.278195 0.547009 0.244361 0.547009
1 0.954887 0.508547 0.977443 0.508547 0.977443 0.564103 0.954887 0.564103
1 0.060151 0.517095 0.092106 0.517095 0.092106 0.566240 0.060151 0.566240
1 0.000000 0.525641 0.020677 0.525641 0.020677 0.559829 0.000000 0.559829
1 0.281955 0.532051 0.315790 0.532051 0.315790 0.566239 0.281955 0.566239
1 0.742482 0.534188 0.772557 0.534188 0.772557 0.559829 0.742482 0.559829
1 0.849625 0.523504 0.877819 0.523504 0.877819 0.576924 0.849625 0.576924
1 0.127820 0.536324 0.159775 0.536324 0.159775 0.568376 0.127820 0.568376
1 0.466166 0.536325 0.511278 0.536325 0.511278 0.570513 0.466166 0.570513
1 0.571429 0.523505 0.612781 0.523505 0.612781 0.583333 0.571429 0.583333
1 0.171052 0.536325 0.201128 0.536325 0.201128 0.570513 0.171052 0.570513
1 0.616541 0.540598 0.674812 0.540598 0.674812 0.574786 0.616541 0.574786
1 0.364662 0.544872 0.398496 0.544872 0.398496 0.589744 0.364662 0.589744
1 0.325188 0.547009 0.357142 0.547009 0.357142 0.594018 0.325188 0.594018
1 0.791354 0.553418 0.823308 0.553418 0.823308 0.585469 0.791354 0.585469
1 0.922932 0.534189 0.956767 0.534189 0.956767 0.600428 0.922932 0.600428
1 0.298873 0.553419 0.327068 0.553419 0.327068 0.591881 0.298873 0.591881
1 0.080827 0.557692 0.109022 0.557692 0.109022 0.591880 0.080827 0.591880
1 0.248120 0.557693 0.281955 0.557693 0.281955 0.600428 0.248120 0.600428
1 0.424812 0.561965 0.471804 0.561965 0.471804 0.615385 0.424812 0.615385
1 0.695489 0.564103 0.721805 0.564103 0.721805 0.598291 0.695489 0.598291
1 0.742482 0.564103 0.774436 0.564103 0.774436 0.600428 0.742482 0.600428
1 0.199248 0.566240 0.231204 0.566240 0.231204 0.608974 0.199248 0.608974
1 0.960527 0.566240 0.988722 0.566240 0.988722 0.615385 0.960527 0.615385
1 0.144737 0.579060 0.167293 0.579060 0.167293 0.617522 0.144737 0.617522
1 0.874060 0.579060 0.911654 0.579060 0.911654 0.619658 0.874060 0.619658
1 0.105264 0.583333 0.135339 0.583333 0.135339 0.621795 0.105264 0.621795
1 0.481203 0.585469 0.515038 0.585469 0.515038 0.621794 0.481203 0.621794
1 0.661654 0.589744 0.691729 0.589744 0.691729 0.630342 0.661654 0.630342
1 0.171052 0.591880 0.204888 0.591880 0.204888 0.630342 0.171052 0.630342
1 0.795113 0.591880 0.832707 0.591880 0.832707 0.636752 0.795113 0.636752
1 0.347744 0.596154 0.385338 0.596154 0.385338 0.632478 0.347744 0.632478
1 0.404136 0.602564 0.436090 0.602564 0.436090 0.636752 0.404136 0.636752
1 0.276316 0.604701 0.308271 0.604701 0.308271 0.634615 0.276316 0.634615
1 0.975564 0.602564 1.000000 0.602564 1.000000 0.641026 0.975564 0.641026
1 0.054511 0.613248 0.092105 0.613248 0.092105 0.647436 0.054511 0.647436
1 0.701128 0.613248 0.738722 0.613248 0.738722 0.653846 0.701128 0.653846
1 0.456767 0.621795 0.479323 0.621795 0.479323 0.653846 0.456767 0.653846
1 0.644737 0.615385 0.684211 0.615385 0.684211 0.664529 0.644737 0.664529
1 0.580827 0.626068 0.627819 0.626068 0.627819 0.673077 0.580827 0.673077
1 0.930451 0.628205 0.969925 0.628205 0.969925 0.660257 0.930451 0.660257
1 0.114662 0.632478 0.157895 0.632478 0.157895 0.670940 0.114662 0.670940
1 0.351504 0.634615 0.385338 0.634615 0.385338 0.683760 0.351504 0.683760
1 0.520676 0.636752 0.562029 0.636752 0.562029 0.675214 0.520676 0.675214
1 0.868421 0.634615 0.900375 0.634615 0.900375 0.681625 0.868421 0.681625
1 0.475564 0.636752 0.511278 0.636752 0.511278 0.677350 0.475564 0.677350
1 0.261279 0.643162 0.293233 0.643162 0.293233 0.675214 0.261279 0.675214
1 0.304512 0.645300 0.336467 0.645300 0.336467 0.681624 0.304512 0.681624
1 0.041353 0.651709 0.067669 0.651709 0.067669 0.690171 0.041353 0.690171
1 0.001880 0.649573 0.031955 0.649573 0.031955 0.690171 0.001880 0.690171
1 0.394737 0.655983 0.426692 0.655983 0.426692 0.690171 0.394737 0.690171
1 0.078948 0.662394 0.112783 0.662394 0.112783 0.698719 0.078948 0.698719
1 0.424813 0.666667 0.453008 0.666667 0.453008 0.700855 0.424813 0.700855
1 0.744362 0.666667 0.772556 0.666667 0.772556 0.696581 0.744362 0.696581
1 0.691729 0.662393 0.721805 0.662393 0.721805 0.705128 0.691729 0.705128
1 0.966166 0.675214 1.000000 0.675214 1.000000 0.711538 0.966166 0.711538
1 0.898496 0.677351 0.934210 0.677351 0.934210 0.717949 0.898496 0.717949
1 0.236842 0.679487 0.259398 0.679487 0.259398 0.717949 0.236842 0.717949
1 0.847745 0.685897 0.889097 0.685897 0.889097 0.717948 0.847745 0.717948
1 0.325188 0.681624 0.353383 0.681624 0.353383 0.724359 0.325188 0.724359
1 0.206767 0.685897 0.236843 0.685897 0.236843 0.720085 0.206767 0.720085
1 0.366542 0.683761 0.396616 0.683761 0.396616 0.724359 0.366542 0.724359
1 0.563909 0.683761 0.593985 0.683761 0.593985 0.724359 0.563909 0.724359
1 0.456767 0.685898 0.486842 0.685898 0.486842 0.722222 0.456767 0.722222
1 0.719925 0.692308 0.757519 0.692308 0.757519 0.722222 0.719925 0.722222
1 0.605264 0.690171 0.646617 0.690171 0.646617 0.747863 0.605264 0.747863
1 0.293234 0.696581 0.321429 0.696581 0.321429 0.726495 0.293234 0.726495
1 0.652256 0.698718 0.687970 0.698718 0.687970 0.743590 0.652256 0.743590
1 0.394737 0.707265 0.453008 0.707265 0.453008 0.745727 0.394737 0.745727
1 0.768798 0.696582 0.810150 0.696582 0.810150 0.756410 0.768798 0.756410
1 0.144736 0.713674 0.174812 0.713674 0.174812 0.743589 0.144736 0.743589
1 0.828947 0.715812 0.868421 0.715812 0.868421 0.750000 0.828947 0.750000
1 0.934211 0.720086 0.969925 0.720086 0.969925 0.750000 0.934211 0.750000
1 0.037593 0.722221 0.095864 0.722221 0.095864 0.769231 0.037593 0.769231
1 0.180452 0.726495 0.234962 0.726495 0.234962 0.773505 0.180452 0.773505
1 0.889097 0.741453 0.921052 0.741453 0.921052 0.773505 0.889097 0.773505
1 0.312031 0.737180 0.343985 0.737180 0.343985 0.777778 0.312031 0.777778
1 0.620301 0.743590 0.656015 0.743590 0.656015 0.777778 0.620301 0.777778
1 0.703008 0.743590 0.731202 0.743590 0.731202 0.782052 0.703008 0.782052
1 0.109022 0.745727 0.137217 0.745727 0.137217 0.786325 0.109022 0.786325
1 0.565789 0.743590 0.599625 0.743590 0.599625 0.788462 0.565789 0.788462
1 0.851503 0.752136 0.881579 0.752136 0.881579 0.788461 0.851503 0.788461
1 0.949249 0.756410 0.981204 0.756410 0.981204 0.790598 0.949249 0.790598
1 0.661654 0.756410 0.691729 0.756410 0.691729 0.797008 0.661654 0.797008
1 0.800751 0.762821 0.830827 0.762821 0.830827 0.797009 0.800751 0.797009
1 0.033834 0.767095 0.060150 0.767095 0.060150 0.799146 0.033834 0.799146
1 0.362783 0.762820 0.404135 0.762820 0.404135 0.801282 0.362783 0.801282
1 0.144736 0.762821 0.178571 0.762821 0.178571 0.809830 0.144736 0.809830
1 0.281955 0.779914 0.315790 0.779914 0.315790 0.811966 0.281955 0.811966
1 0.086466 0.782051 0.120301 0.782051 0.120301 0.822649 0.086466 0.822649
1 0.875939 0.788461 0.907894 0.788461 0.907894 0.820512 0.875939 0.820512
1 0.590225 0.792735 0.624061 0.792735 0.624061 0.826923 0.590225 0.826923
1 0.328948 0.790598 0.357142 0.790598 0.357142 0.826923 0.328948 0.826923
1 0.954888 0.794872 0.984963 0.794872 0.984963 0.822650 0.954888 0.822650
1 0.422933 0.790598 0.466166 0.790598 0.466166 0.833333 0.422933 0.833333
1 0.000000 0.790598 0.024436 0.790598 0.024436 0.839743 0.000000 0.839743
1 0.644737 0.801282 0.676692 0.801282 0.676692 0.835470 0.644737 0.835470
1 0.909775 0.799145 0.937970 0.799145 0.937970 0.837607 0.909775 0.837607
1 0.484962 0.799145 0.526315 0.799145 0.526315 0.839743 0.484962 0.839743
1 0.537594 0.797009 0.577068 0.797009 0.577068 0.856837 0.537594 0.856837
1 0.597745 0.822649 0.633459 0.822649 0.633459 0.854700 0.597745 0.854700
1 0.392858 0.818375 0.424812 0.818375 0.424812 0.865385 0.392858 0.865385
1 0.676692 0.824786 0.704886 0.824786 0.704886 0.861111 0.676692 0.861111
1 0.723684 0.833333 0.753760 0.833333 0.753760 0.861111 0.723684 0.861111
1 0.943609 0.835471 0.971804 0.835471 0.971804 0.861112 0.943609 0.861112
1 0.860902 0.833333 0.896616 0.833333 0.896616 0.865385 0.860902 0.865385
1 0.157894 0.835469 0.186090 0.835469 0.186090 0.871794 0.157894 0.871794
1 0.919173 0.846154 0.951128 0.846154 0.951128 0.876068 0.919173 0.876068
1 0.763158 0.846154 0.791353 0.846154 0.791353 0.873932 0.763158 0.873932
1 0.033835 0.848290 0.067669 0.848290 0.067669 0.893162 0.033835 0.893162
1 0.296993 0.846154 0.343985 0.846154 0.343985 0.886752 0.296993 0.886752
1 0.471805 0.850428 0.503760 0.850428 0.503760 0.893162 0.471805 0.893162
1 0.103384 0.854701 0.139098 0.854701 0.139098 0.893163 0.103384 0.893163
1 0.140977 0.858974 0.167293 0.858974 0.167293 0.895299 0.140977 0.895299
1 0.563910 0.861112 0.599624 0.861112 0.599624 0.897436 0.563910 0.897436
1 0.650375 0.863248 0.684211 0.863248 0.684211 0.901710 0.650375 0.901710
1 0.511278 0.858974 0.543233 0.858974 0.543233 0.901709 0.511278 0.901709
1 0.857143 0.863248 0.906015 0.863248 0.906015 0.897436 0.857143 0.897436
1 0.434210 0.863248 0.464285 0.863248 0.464285 0.905983 0.434210 0.905983
1 0.000000 0.867522 0.016918 0.867522 0.016918 0.908120 0.000000 0.908120
1 0.943608 0.873932 0.977444 0.873932 0.977444 0.903846 0.943608 0.903846
1 0.731203 0.871795 0.768797 0.871795 0.768797 0.910257 0.731203 0.910257
1 0.398497 0.878205 0.428571 0.878205 0.428571 0.927350 0.398497 0.927350
1 0.159775 0.893163 0.195489 0.893163 0.195489 0.923077 0.159775 0.923077
1 0.612782 0.886752 0.648496 0.886752 0.648496 0.931624 0.612782 0.931624
1 0.221804 0.895300 0.265037 0.895300 0.265037 0.931624 0.221804 0.931624
1 0.483083 0.901709 0.513158 0.901709 0.513158 0.933760 0.483083 0.933760
1 0.533835 0.903846 0.571429 0.903846 0.571429 0.935898 0.533835 0.935898
1 0.838346 0.903846 0.860902 0.903846 0.860902 0.940171 0.838346 0.940171
1 0.766918 0.901710 0.808271 0.901710 0.808271 0.942308 0.766918 0.942308
1 0.870301 0.908119 0.896617 0.908119 0.896617 0.940171 0.870301 0.940171
1 0.960526 0.908120 0.996240 0.908120 0.996240 0.944445 0.960526 0.944445
1 0.278196 0.905983 0.312030 0.905983 0.312030 0.948717 0.278196 0.948717
1 0.449248 0.918803 0.479323 0.918803 0.479323 0.950855 0.449248 0.950855
1 0.340226 0.918803 0.374060 0.918803 0.374060 0.955128 0.340226 0.955128
1 0.689850 0.923077 0.731202 0.923077 0.731202 0.967949 0.689850 0.967949
1 0.900376 0.929488 0.949248 0.929488 0.949248 0.965812 0.900376 0.965812
1 0.071429 0.925213 0.101503 0.925213 0.101503 0.972222 0.071429 0.972222
1 0.571429 0.925213 0.603383 0.925213 0.603383 0.978633 0.571429 0.978633
1 0.000000 0.931624 0.022556 0.931624 0.022556 0.976496 0.000000 0.976496
1 0.033834 0.933760 0.063909 0.933760 0.063909 0.976495 0.033834 0.976495
1 0.859023 0.952991 0.894737 0.952991 0.894737 0.982906 0.859023 0.982906
1 0.501880 0.957265 0.533834 0.957265 0.533834 0.987179 0.501880 0.987179
1 0.374060 0.955128 0.413534 0.955128 0.413534 0.987179 0.374060 0.987179
1 0.776315 0.950855 0.810150 0.950855 0.810150 0.993590 0.776315 0.993590
1 0.468046 0.955129 0.500000 0.955129 0.500000 0.997864 0.468046 0.997864
1 0.436090 0.961538 0.466165 0.961538 0.466165 1.000000 0.436090 1.000000
1 0.312030 0.959402 0.359022 0.959402 0.359022 1.000000 0.312030 1.000000
1 0.669173 0.965812 0.697368 0.965812 0.697368 0.997864 0.669173 0.997864
1 0.727444 0.965812 0.761279 0.965812 0.761279 1.000000 0.727444 1.000000
1 0.533835 0.978632 0.569549 0.978632 0.569549 1.000000 0.533835 1.000000
1 0.090226 0.089744 0.133459 0.089744 0.133459 0.123932 0.090226 0.123932
1 0.067670 0.275641 0.097744 0.275641 0.097744 0.324786 0.067670 0.324786
1 0.031955 0.294872 0.067669 0.294872 0.067669 0.337606 0.031955 0.337606
1 0.306391 0.822650 0.332707 0.822650 0.332707 0.856838 0.306391 0.856838
1 0.268798 0.822650 0.298872 0.822650 0.298872 0.858974 0.268798 0.858974
1 0.915413 0.891026 0.945489 0.891026 0.945489 0.920940 0.915413 0.920940
1 0.924812 0.754273 0.947368 0.754273 0.947368 0.801283 0.924812 0.801283
1 0.751880 0.617522 0.789474 0.617522 0.789474 0.647436 0.751880 0.647436
1 0.785714 0.525641 0.813909 0.525641 0.813909 0.555555 0.785714 0.555555
1 0.689850 0.395299 0.718044 0.395299 0.718044 0.433761 0.689850 0.433761
1 0.520676 0.264957 0.550752 0.264957 0.550752 0.299145 0.520676 0.299145
1 0.492481 0.271367 0.518797 0.271367 0.518797 0.307693 0.492481 0.307693
1 0.274435 0.277778 0.308270 0.277778 0.308270 0.316240 0.274435 0.316240
1 0.144736 0.470085 0.176692 0.470085 0.176692 0.495727 0.144736 0.495727
1 0.133459 0.491453 0.167294 0.491453 0.167294 0.527778 0.133459 0.527778
1 0.210527 0.034188 0.242482 0.034188 0.242482 0.064103 0.210527 0.064103
1 0.178571 0.036325 0.206767 0.036325 0.206767 0.070513 0.178571 0.070513
1 0.595865 0.117521 0.620301 0.117521 0.620301 0.151709 0.595865 0.151709
1 0.625940 0.147435 0.650376 0.147435 0.650376 0.173077 0.625940 0.173077
1 0.661654 0.066239 0.691729 0.066239 0.691729 0.100427 0.661654 0.100427
1 0.537594 0.367522 0.575188 0.367522 0.575188 0.416666 0.537594 0.416666
1 0.137217 0.318376 0.169173 0.318376 0.169173 0.346154 0.137217 0.346154
1 0.317669 0.604701 0.342105 0.604701 0.342105 0.641026 0.317669 0.641026
1 0.244361 0.604701 0.270677 0.604701 0.270677 0.638889 0.244361 0.638889
1 0.212406 0.632478 0.250000 0.632478 0.250000 0.670940 0.212406 0.670940
1 0.184210 0.632478 0.212406 0.632478 0.212406 0.658119 0.184210 0.658119
1 0.204887 0.517095 0.227443 0.517095 0.227443 0.549146 0.204887 0.549146
1 0.849624 0.596154 0.874060 0.596154 0.874060 0.645298 0.849624 0.645298
1 0.203008 0.839743 0.236843 0.839743 0.236843 0.876068 0.203008 0.876068
1 0.191729 0.002137 0.225565 0.002137 0.225565 0.025641 0.191729 0.025641
1 0.368421 0.467949 0.394737 0.467949 0.394737 0.502137 0.368421 0.502137
1 0.843985 0.121795 0.866541 0.121795 0.866541 0.149573 0.843985 0.149573
1 0.796993 0.170939 0.819549 0.170939 0.819549 0.200855 0.796993 0.200855
1 0.770676 0.170940 0.791354 0.170940 0.791354 0.198718 0.770676 0.198718
1 0.706767 0.179487 0.723685 0.179487 0.723685 0.205129 0.706767 0.205129
1 0.939850 0.363248 0.962406 0.363248 0.962406 0.384616 0.939850 0.384616
1 0.875939 0.423077 0.892857 0.423077 0.892857 0.446581 0.875939 0.446581
1 0.084587 0.132479 0.114661 0.132479 0.114661 0.160257 0.084587 0.160257
1 0.443609 0.115385 0.469925 0.115385 0.469925 0.143163 0.443609 0.143163
1 0.421053 0.916666 0.445489 0.916666 0.445489 0.948717 0.421053 0.948717
1 0.584586 0.230769 0.610902 0.230769 0.610902 0.273504 0.584586 0.273504
1 0.793233 0.322650 0.813910 0.322650 0.813910 0.346154 0.793233 0.346154
1 0.827067 0.465812 0.843985 0.465812 0.843985 0.487180 0.827067 0.487180
1 0.945488 0.435897 0.962406 0.435897 0.962406 0.452991 0.945488 0.452991
1 0.197369 0.237180 0.227444 0.237180 0.227444 0.269231 0.197369 0.269231
1 0.039474 0.200854 0.063910 0.200854 0.063910 0.237179 0.039474 0.237179
1 0.031955 0.164529 0.058271 0.164529 0.058271 0.200854 0.031955 0.200854
1 0.969925 0.382479 0.994361 0.382479 0.994361 0.405983 0.969925 0.405983
1 0.432331 0.326923 0.454887 0.326923 0.454887 0.354701 0.432331 0.354701
1 0.336466 0.408120 0.359022 0.408120 0.359022 0.435898 0.336466 0.435898
1 0.530076 0.784188 0.558271 0.784188 0.558271 0.814102 0.530076 0.814102
1 0.345865 0.717949 0.372181 0.717949 0.372181 0.758547 0.345865 0.758547
