1 0.277344 0.009765 0.322266 0.009765 0.322266 0.046874 0.277344 0.046874
1 0.332031 0.021484 0.371093 0.021484 0.371093 0.048828 0.332031 0.048828
1 0.337891 0.148438 0.369141 0.148438 0.369141 0.197266 0.337891 0.197266
1 0.671875 0.156250 0.699219 0.156250 0.699219 0.193359 0.671875 0.193359
1 0.333985 0.416016 0.367188 0.416016 0.367188 0.443360 0.333985 0.443360
1 0.291016 0.439453 0.318360 0.439453 0.318360 0.482423 0.291016 0.482423
1 0.246094 0.578125 0.292969 0.578125 0.292969 0.623047 0.246094 0.623047
1 0.125000 0.921874 0.164062 0.921874 0.164062 0.964843 0.125000 0.964843
1 0.830078 0.126953 0.865234 0.126953 0.865234 0.158203 0.830078 0.158203
1 0.400390 0.185547 0.433593 0.185547 0.433593 0.234375 0.400390 0.234375
1 0.437500 0.287110 0.476562 0.287110 0.476562 0.326172 0.437500 0.326172
1 0.234375 0.201172 0.279297 0.201172 0.279297 0.236328 0.234375 0.236328
1 0.386719 0.396484 0.417969 0.396484 0.417969 0.419922 0.386719 0.419922
1 0.703125 0.125000 0.730469 0.125000 0.730469 0.156250 0.703125 0.156250
1 0.630860 0.197266 0.677735 0.197266 0.677735 0.242188 0.630860 0.242188
1 0.292968 0.300781 0.322265 0.300781 0.322265 0.332031 0.292968 0.332031
1 0.314453 0.316406 0.335937 0.316406 0.335937 0.339844 0.314453 0.339844
2 0.078125 0.224610 0.119141 0.224610 0.119141 0.277344 0.078125 0.277344
2 0.527344 0.248047 0.576172 0.248047 0.576172 0.292969 0.527344 0.292969
2 0.121094 0.298828 0.169922 0.298828 0.169922 0.351562 0.121094 0.351562
2 0.154297 0.205078 0.203125 0.205078 0.203125 0.257812 0.154297 0.257812
2 0.376953 0.294922 0.421875 0.294922 0.421875 0.343750 0.376953 0.343750
2 0.566406 0.164062 0.611328 0.164062 0.611328 0.208984 0.566406 0.208984
2 0.253906 0.263672 0.294922 0.263672 0.294922 0.304688 0.253906 0.304688
2 0.736328 0.171875 0.785156 0.171875 0.785156 0.218750 0.736328 0.218750
2 0.351562 0.244140 0.402343 0.244140 0.402343 0.291015 0.351562 0.291015
2 0.179687 0.257812 0.220703 0.257812 0.220703 0.304688 0.179687 0.304688
2 0.162110 0.353515 0.205078 0.353515 0.205078 0.396485 0.162110 0.396485
2 0.421874 0.232422 0.464844 0.232422 0.464844 0.279297 0.421874 0.279297
2 0.183594 0.175781 0.246094 0.175781 0.246094 0.216797 0.183594 0.216797
