1 0.028401 0.214830 0.056801 0.214830 0.056801 0.247148 0.028401 0.247148
1 0.067264 0.211026 0.097159 0.211026 0.097159 0.260456 0.067264 0.260456
1 0.029895 0.047528 0.056801 0.047528 0.056801 0.083650 0.029895 0.083650
1 0.008969 0.081749 0.035875 0.081749 0.035875 0.112167 0.008969 0.112167
1 0.056800 0.087452 0.085201 0.087452 0.085201 0.127376 0.056800 0.127376
1 0.067264 0.041826 0.094170 0.041826 0.094170 0.083651 0.067264 0.083651
1 0.079223 0.140685 0.109118 0.140685 0.109118 0.165400 0.079223 0.165400
1 0.113603 0.216729 0.137519 0.216729 0.137519 0.268060 0.113603 0.268060
1 0.101644 0.296578 0.137518 0.296578 0.137518 0.325095 0.101644 0.325095
1 0.118087 0.319391 0.149477 0.319391 0.149477 0.351710 0.118087 0.351710
1 0.116592 0.074144 0.143498 0.074144 0.143498 0.114068 0.116592 0.114068
1 0.134529 0.119771 0.164425 0.119771 0.164425 0.157795 0.134529 0.157795
1 0.144992 0.235741 0.171898 0.235741 0.171898 0.281368 0.144992 0.281368
1 0.016442 0.133079 0.041854 0.133079 0.041854 0.167300 0.016442 0.167300
1 0.085201 0.091254 0.106129 0.091254 0.106129 0.123574 0.085201 0.123574
1 0.156950 0.199620 0.177878 0.199620 0.177878 0.231938 0.156950 0.231938
1 0.131540 0.184411 0.150972 0.184411 0.150972 0.214829 0.131540 0.214829
1 0.140509 0.167300 0.170404 0.167300 0.170404 0.193916 0.140509 0.193916
1 0.131540 0.030419 0.156951 0.030419 0.156951 0.058936 0.131540 0.058936
1 0.159940 0.079848 0.183856 0.079848 0.183856 0.123574 0.159940 0.123574
1 0.180867 0.119772 0.212257 0.119772 0.212257 0.153993 0.180867 0.153993
1 0.161435 0.019012 0.189836 0.019012 0.189836 0.049430 0.161435 0.049430
1 0.201794 0.064639 0.228700 0.064639 0.228700 0.095057 0.201794 0.095057
1 0.183856 0.039925 0.206278 0.039925 0.206278 0.072244 0.183856 0.072244
1 0.094170 0.233840 0.113602 0.233840 0.113602 0.269962 0.094170 0.269962
1 0.189835 0.216730 0.216741 0.216730 0.216741 0.245248 0.189835 0.245248
1 0.185352 0.262357 0.210763 0.262357 0.210763 0.300380 0.185352 0.300380
1 0.201794 0.355513 0.234679 0.355513 0.234679 0.403043 0.201794 0.403043
1 0.207773 0.323194 0.231689 0.323194 0.231689 0.353612 0.207773 0.353612
1 0.183857 0.321293 0.207773 0.321293 0.207773 0.357415 0.183857 0.357415
1 0.177877 0.406844 0.200299 0.406844 0.200299 0.461977 0.177877 0.461977
1 0.225710 0.176806 0.264574 0.176806 0.264574 0.222434 0.225710 0.222434
1 0.228700 0.287072 0.254111 0.287072 0.254111 0.321294 0.228700 0.321294
1 0.222720 0.093156 0.251121 0.093156 0.251121 0.123574 0.222720 0.123574
1 0.252615 0.057034 0.273543 0.057034 0.273543 0.093156 0.252615 0.093156
1 0.266069 0.133079 0.289985 0.133079 0.289985 0.167300 0.266069 0.167300
1 0.278027 0.199620 0.303437 0.199620 0.303437 0.231938 0.278027 0.231938
1 0.281016 0.277567 0.307922 0.277567 0.307922 0.317491 0.281016 0.317491
1 0.258595 0.328897 0.284005 0.328897 0.284005 0.368821 0.258595 0.368821
1 0.228700 0.258555 0.257101 0.258555 0.257101 0.279467 0.228700 0.279467
1 0.215247 0.212927 0.245142 0.212927 0.245142 0.250951 0.215247 0.250951
1 0.316891 0.296578 0.348281 0.296578 0.348281 0.340304 0.316891 0.340304
1 0.331839 0.338404 0.357249 0.338404 0.357249 0.370723 0.331839 0.370723
1 0.322870 0.211027 0.346786 0.211027 0.346786 0.241445 0.322870 0.241445
1 0.367713 0.334601 0.411061 0.334601 0.411061 0.401141 0.367713 0.401141
1 0.333333 0.140684 0.357249 0.140684 0.357249 0.174905 0.333333 0.174905
1 0.328848 0.066540 0.357249 0.066540 0.357249 0.110266 0.328848 0.110266
1 0.322870 0.026616 0.346786 0.026616 0.346786 0.057034 0.322870 0.057034
1 0.354260 0.030419 0.382661 0.030419 0.382661 0.062738 0.354260 0.062738
1 0.370703 0.077947 0.394619 0.077947 0.394619 0.110265 0.370703 0.110265
1 0.378176 0.119772 0.397608 0.119772 0.397608 0.142586 0.378176 0.142586
1 0.221226 0.041825 0.248132 0.041825 0.248132 0.076046 0.221226 0.076046
1 0.198804 0.013308 0.225710 0.013308 0.225710 0.049430 0.198804 0.049430
1 0.289986 0.243346 0.307922 0.243346 0.307922 0.271863 0.289986 0.271863
1 0.297459 0.190115 0.319881 0.190115 0.319881 0.222434 0.297459 0.222434
1 0.322870 0.176807 0.346786 0.176807 0.346786 0.209125 0.322870 0.209125
1 0.387145 0.243346 0.411061 0.243346 0.411061 0.271863 0.387145 0.271863
1 0.387146 0.279468 0.412556 0.279468 0.412556 0.306084 0.387146 0.306084
1 0.364723 0.207225 0.394618 0.207225 0.394618 0.239543 0.364723 0.239543
1 0.406577 0.188213 0.437967 0.188213 0.437967 0.212927 0.406577 0.212927
1 0.400599 0.123575 0.430494 0.123575 0.430494 0.165400 0.400599 0.165400
1 0.436472 0.159696 0.463378 0.159696 0.463378 0.203422 0.436472 0.203422
1 0.461883 0.150190 0.488789 0.150190 0.488789 0.186312 0.461883 0.186312
1 0.427504 0.095057 0.451420 0.095057 0.451420 0.129277 0.427504 0.129277
1 0.400599 0.085551 0.430494 0.085551 0.430494 0.115969 0.400599 0.115969
1 0.396114 0.041825 0.420030 0.041825 0.420030 0.076046 0.396114 0.076046
1 0.437967 0.051331 0.460389 0.051331 0.460389 0.081749 0.437967 0.081749
1 0.514200 0.159695 0.539612 0.159695 0.539612 0.188213 0.514200 0.188213
1 0.532137 0.228137 0.554559 0.228137 0.554559 0.266159 0.532137 0.266159
1 0.559043 0.250950 0.584454 0.250950 0.584454 0.279467 0.559043 0.279467
1 0.538116 0.180609 0.566517 0.180609 0.566517 0.214830 0.538116 0.214830
1 0.372197 0.311787 0.393124 0.311787 0.393124 0.334601 0.372197 0.334601
1 0.047833 0.152091 0.067265 0.152091 0.067265 0.174905 0.047833 0.174905
1 0.047833 0.178708 0.061286 0.178708 0.061286 0.203423 0.047833 0.203423
1 0.136024 0.515209 0.159940 0.515209 0.159940 0.558935 0.136024 0.558935
1 0.177877 0.513307 0.204783 0.513307 0.204783 0.547528 0.177877 0.547528
1 0.082212 0.450570 0.104634 0.450570 0.104634 0.488594 0.082212 0.488594
1 0.195815 0.596959 0.221226 0.596959 0.221226 0.629278 0.195815 0.629278
1 0.186846 0.695817 0.216742 0.695817 0.216742 0.737642 0.186846 0.737642
1 0.227205 0.538023 0.261585 0.538023 0.261585 0.570342 0.227205 0.570342
1 0.264574 0.555132 0.297458 0.555132 0.297458 0.589353 0.264574 0.589353
1 0.297459 0.572244 0.325860 0.572244 0.325860 0.606465 0.297459 0.606465
1 0.327354 0.693917 0.361734 0.693917 0.361734 0.735742 0.327354 0.735742
1 0.279522 0.669202 0.306428 0.669202 0.306428 0.703423 0.279522 0.703423
1 0.246637 0.634981 0.273543 0.634981 0.273543 0.674905 0.246637 0.674905
1 0.322870 0.640684 0.345292 0.640684 0.345292 0.673003 0.322870 0.673003
1 0.366219 0.648289 0.391629 0.648289 0.391629 0.678707 0.366219 0.678707
1 0.346786 0.526616 0.375188 0.526616 0.375188 0.579848 0.346786 0.579848
1 0.369208 0.574145 0.405082 0.574145 0.405082 0.606464 0.369208 0.606464
1 0.369207 0.608364 0.390134 0.608364 0.390134 0.629277 0.369207 0.629277
1 0.143498 0.568441 0.167414 0.568441 0.167414 0.598859 0.143498 0.598859
1 0.174888 0.551330 0.197310 0.551330 0.197310 0.602661 0.174888 0.602661
1 0.159940 0.589353 0.183856 0.589353 0.183856 0.621672 0.159940 0.621672
1 0.258595 0.802281 0.281017 0.802281 0.281017 0.836503 0.258595 0.836503
1 0.273543 0.887833 0.297459 0.887833 0.297459 0.920152 0.273543 0.920152
1 0.231689 0.904943 0.264574 0.904943 0.264574 0.941065 0.231689 0.941065
1 0.330344 0.842206 0.363228 0.842206 0.363228 0.870722 0.330344 0.870722
1 0.355755 0.870722 0.382661 0.870722 0.382661 0.904944 0.355755 0.904944
1 0.366219 0.910646 0.387146 0.910646 0.387146 0.946768 0.366219 0.946768
1 0.286995 0.758555 0.319881 0.758555 0.319881 0.788973 0.286995 0.788973
1 0.348281 0.773764 0.375187 0.773764 0.375187 0.807986 0.348281 0.807986
1 0.373692 0.722434 0.402093 0.722434 0.402093 0.750950 0.373692 0.750950
1 0.415546 0.735741 0.445441 0.735741 0.445441 0.771863 0.415546 0.771863
1 0.458894 0.777567 0.497758 0.777567 0.497758 0.806083 0.458894 0.806083
1 0.506726 0.874525 0.539612 0.874525 0.539612 0.927757 0.506726 0.927757
1 0.562032 0.859316 0.587444 0.859316 0.587444 0.891634 0.562032 0.891634
1 0.545590 0.817490 0.582959 0.817490 0.582959 0.853612 0.545590 0.853612
1 0.455904 0.676805 0.484305 0.676805 0.484305 0.711027 0.455904 0.711027
1 0.406577 0.657794 0.452915 0.657794 0.452915 0.709125 0.406577 0.709125
1 0.651719 0.728137 0.680119 0.728137 0.680119 0.764259 0.651719 0.764259
1 0.617339 0.750951 0.642751 0.750951 0.642751 0.781369 0.617339 0.781369
1 0.594918 0.802281 0.621824 0.802281 0.621824 0.838403 0.594918 0.838403
1 0.541106 0.773764 0.566518 0.773764 0.566518 0.806083 0.541106 0.806083
1 0.554559 0.730039 0.584454 0.730039 0.584454 0.758555 0.554559 0.758555
1 0.514200 0.731939 0.545590 0.731939 0.545590 0.758555 0.514200 0.758555
1 0.585950 0.671102 0.611361 0.671102 0.611361 0.705323 0.585950 0.705323
1 0.617339 0.674905 0.650224 0.674905 0.650224 0.711027 0.617339 0.711027
1 0.523169 0.684411 0.551569 0.684411 0.551569 0.711027 0.523169 0.711027
1 0.508221 0.653993 0.526159 0.653993 0.526159 0.682509 0.508221 0.682509
1 0.527653 0.648288 0.556054 0.648288 0.556054 0.673003 0.527653 0.673003
1 0.458894 0.524715 0.499253 0.524715 0.499253 0.562738 0.458894 0.562738
1 0.493274 0.564639 0.523169 0.564639 0.523169 0.585552 0.493274 0.585552
1 0.548581 0.600761 0.578476 0.600761 0.578476 0.633080 0.548581 0.633080
1 0.454409 0.604563 0.488789 0.604563 0.488789 0.627377 0.454409 0.627377
1 0.630793 0.595058 0.659193 0.595058 0.659193 0.623574 0.630793 0.623574
1 0.675635 0.570342 0.711509 0.570342 0.711509 0.615970 0.675635 0.615970
1 0.535127 0.543727 0.557549 0.543727 0.557549 0.581749 0.535127 0.581749
1 0.597907 0.515209 0.621823 0.515209 0.621823 0.558935 0.597907 0.558935
1 0.582959 0.568441 0.605381 0.568441 0.605381 0.593156 0.582959 0.593156
1 0.554558 0.480988 0.594917 0.480988 0.594917 0.526616 0.554558 0.526616
1 0.505231 0.463878 0.535126 0.463878 0.535126 0.494296 0.505231 0.494296
1 0.503736 0.522814 0.529147 0.522814 0.529147 0.551330 0.503736 0.551330
1 0.633782 0.488594 0.657698 0.488594 0.657698 0.520913 0.633782 0.520913
1 0.659193 0.509505 0.687593 0.509505 0.687593 0.543727 0.659193 0.543727
1 0.629297 0.528516 0.656203 0.528516 0.656203 0.562738 0.629297 0.562738
1 0.632287 0.452471 0.659193 0.452471 0.659193 0.480988 0.632287 0.480988
1 0.668161 0.465780 0.687593 0.465780 0.687593 0.507605 0.668161 0.507605
1 0.726457 0.494296 0.753363 0.494296 0.753363 0.543726 0.726457 0.543726
1 0.796712 0.595057 0.828102 0.595057 0.828102 0.621673 0.796712 0.621673
1 0.807175 0.543727 0.834081 0.543727 0.834081 0.576045 0.807175 0.576045
1 0.751868 0.581749 0.777280 0.581749 0.777280 0.612167 0.751868 0.612167
1 0.769805 0.557034 0.795216 0.557034 0.795216 0.587452 0.769805 0.587452
1 0.857997 0.568441 0.886397 0.568441 0.886397 0.602662 0.857997 0.602662
1 0.832586 0.501902 0.855008 0.501902 0.855008 0.543727 0.832586 0.543727
1 0.796711 0.461977 0.819133 0.461977 0.819133 0.498099 0.796711 0.498099
1 0.729448 0.454373 0.759343 0.454373 0.759343 0.482890 0.729448 0.482890
1 0.659193 0.669201 0.689088 0.669201 0.689088 0.692015 0.659193 0.692015
1 0.629297 0.773764 0.656203 0.773764 0.656203 0.807986 0.629297 0.807986
1 0.566517 0.777567 0.594917 0.777567 0.594917 0.807985 0.566517 0.807985
1 0.520179 0.577946 0.547085 0.577946 0.547085 0.612167 0.520179 0.612167
1 0.379671 0.517110 0.405082 0.517110 0.405082 0.547528 0.379671 0.547528
1 0.411061 0.403042 0.430493 0.403042 0.430493 0.437262 0.411061 0.437262
1 0.409567 0.439163 0.428999 0.439163 0.428999 0.467680 0.409567 0.467680
1 0.402093 0.467681 0.428999 0.467681 0.428999 0.511407 0.402093 0.511407
1 0.469357 0.357414 0.500747 0.357414 0.500747 0.391636 0.469357 0.391636
1 0.523169 0.380228 0.560538 0.380228 0.560538 0.423954 0.523169 0.423954
1 0.545590 0.098860 0.572496 0.098860 0.572496 0.133080 0.545590 0.133080
1 0.596413 0.127377 0.621824 0.127377 0.621824 0.157795 0.596413 0.157795
1 0.623318 0.153993 0.650224 0.153993 0.650224 0.186311 0.623318 0.186311
1 0.575486 0.127376 0.602392 0.127376 0.602392 0.163498 0.575486 0.163498
1 0.680119 0.218631 0.710014 0.218631 0.710014 0.254753 0.680119 0.254753
1 0.566517 0.205323 0.590433 0.205323 0.590433 0.243347 0.566517 0.243347
1 0.686099 0.347909 0.710015 0.347909 0.710015 0.376426 0.686099 0.376426
1 0.723468 0.230038 0.747384 0.230038 0.747384 0.264259 0.723468 0.264259
1 0.765322 0.304182 0.793722 0.304182 0.793722 0.344106 0.765322 0.344106
1 0.808669 0.309886 0.834081 0.309886 0.834081 0.346008 0.808669 0.346008
1 0.781764 0.271863 0.813154 0.271863 0.813154 0.302281 0.781764 0.302281
1 0.748879 0.163498 0.769805 0.163498 0.769805 0.193916 0.748879 0.193916
1 0.735426 0.199620 0.760838 0.199620 0.760838 0.233841 0.735426 0.233841
1 0.639760 0.325095 0.665172 0.325095 0.665172 0.351711 0.639760 0.351711
1 0.663677 0.326996 0.687593 0.326996 0.687593 0.353612 0.663677 0.353612
1 0.572496 0.173004 0.602391 0.173004 0.602391 0.207225 0.572496 0.207225
1 0.846039 0.336502 0.872945 0.336502 0.872945 0.365019 0.846039 0.365019
1 0.790732 0.357414 0.816144 0.357414 0.816144 0.391636 0.790732 0.391636
1 0.869955 0.365019 0.895367 0.365019 0.895367 0.397338 0.869955 0.397338
1 0.970104 0.406844 0.995515 0.406844 0.995515 0.437262 0.970104 0.437262
1 0.869955 0.212928 0.895367 0.212928 0.895367 0.249050 0.869955 0.249050
1 0.855008 0.171103 0.878924 0.171103 0.878924 0.201521 0.855008 0.201521
1 0.799701 0.195818 0.820627 0.195818 0.820627 0.237643 0.799701 0.237643
1 0.760837 0.351711 0.781763 0.351711 0.781763 0.387833 0.760837 0.387833
1 0.753363 0.055133 0.786249 0.055133 0.786249 0.115970 0.753363 0.115970
1 0.798206 0.077947 0.841554 0.077947 0.841554 0.129277 0.798206 0.129277
1 0.017937 0.171103 0.047833 0.171103 0.047833 0.203422 0.017937 0.203422
1 0.907325 0.431558 0.928252 0.431558 0.928252 0.465780 0.907325 0.465780
1 0.754858 0.404943 0.781764 0.404943 0.781764 0.431559 0.754858 0.431559
1 0.760837 0.439163 0.787743 0.439163 0.787743 0.479087 0.760837 0.479087
1 0.683109 0.277566 0.702541 0.277566 0.702541 0.328898 0.683109 0.328898
1 0.665172 0.422054 0.683110 0.422054 0.683110 0.463879 0.665172 0.463879
1 0.701046 0.095058 0.723468 0.095058 0.723468 0.136883 0.701046 0.136883
1 0.680120 0.378327 0.708520 0.378327 0.708520 0.404943 0.680120 0.404943
1 0.496262 0.058935 0.524663 0.058935 0.524663 0.083650 0.496262 0.083650
1 0.469357 0.045628 0.487294 0.045628 0.487294 0.087453 0.469357 0.087453
1 0.792227 0.216730 0.822122 0.216730 0.822122 0.254752 0.792227 0.254752
1 0.832586 0.034220 0.852018 0.034220 0.852018 0.070342 0.832586 0.070342
1 0.875934 0.066540 0.905829 0.066540 0.905829 0.102662 0.875934 0.102662
1 0.005979 0.028517 0.028401 0.028517 0.028401 0.062738 0.005979 0.062738
1 0.309417 0.256653 0.333333 0.256653 0.333333 0.290875 0.309417 0.290875
1 0.488789 0.393536 0.509717 0.393536 0.509717 0.423954 0.488789 0.423954
1 0.596413 0.218631 0.626308 0.218631 0.626308 0.266159 0.596413 0.266159
1 0.636772 0.283270 0.672646 0.283270 0.672646 0.315589 0.636772 0.315589
1 0.660687 0.144487 0.698056 0.144487 0.698056 0.182509 0.660687 0.182509
1 0.783258 0.389735 0.813153 0.389735 0.813153 0.435362 0.783258 0.435362
1 0.591928 0.488594 0.617340 0.488594 0.617340 0.520913 0.591928 0.520913
1 0.089687 0.262358 0.122571 0.262358 0.122571 0.294677 0.089687 0.294677
1 0.173394 0.294677 0.206279 0.294677 0.206279 0.332700 0.173394 0.332700
1 0.038864 0.089354 0.055306 0.089354 0.055306 0.131179 0.038864 0.131179
1 0.098655 0.167301 0.124065 0.167301 0.124065 0.214830 0.098655 0.214830
1 0.261584 0.271863 0.279521 0.271863 0.279521 0.313688 0.261584 0.313688
1 0.491778 0.328898 0.520179 0.328898 0.520179 0.366921 0.491778 0.366921
1 0.505231 0.250951 0.530643 0.250951 0.530643 0.294677 0.505231 0.294677
1 0.559043 0.304182 0.582959 0.304182 0.582959 0.328898 0.559043 0.328898
1 0.559043 0.321292 0.593423 0.321292 0.593423 0.346008 0.559043 0.346008
1 0.397608 0.612167 0.439462 0.612167 0.439462 0.648289 0.397608 0.648289
1 0.427504 0.566541 0.445441 0.566541 0.445441 0.598859 0.427504 0.598859
1 0.375186 0.482890 0.396114 0.482890 0.396114 0.509506 0.375186 0.509506
1 0.847534 0.461977 0.868460 0.461977 0.868460 0.482889 0.847534 0.482889
1 0.859492 0.429658 0.898356 0.429658 0.898356 0.463878 0.859492 0.463878
1 0.847533 0.395437 0.869955 0.395437 0.869955 0.448669 0.847533 0.448669
1 0.600897 0.593156 0.627803 0.593156 0.627803 0.614069 0.600897 0.614069
1 0.551570 0.703422 0.581465 0.703422 0.581465 0.726236 0.551570 0.726236
1 0.227205 0.395437 0.252615 0.395437 0.252615 0.437262 0.227205 0.437262
1 0.331839 0.479087 0.355755 0.479087 0.355755 0.513308 0.331839 0.513308
1 0.306427 0.494296 0.345291 0.494296 0.345291 0.517110 0.306427 0.517110
1 0.109118 0.015209 0.131540 0.015209 0.131540 0.045627 0.109118 0.045627
1 0.076233 0.009506 0.103139 0.009506 0.103139 0.043727 0.076233 0.043727
1 0.001495 0.104563 0.023917 0.104563 0.023917 0.138784 0.001495 0.138784
1 0.237668 0.017111 0.260090 0.017111 0.260090 0.058936 0.237668 0.058936
1 0.001495 0.463879 0.017937 0.463879 0.017937 0.509506 0.001495 0.509506
1 0.001495 0.387833 0.020927 0.387833 0.020927 0.423955 0.001495 0.423955
1 0.118087 0.385932 0.156951 0.385932 0.156951 0.439164 0.118087 0.439164
1 0.119582 0.275665 0.149477 0.275665 0.149477 0.300380 0.119582 0.300380
1 0.488789 0.676806 0.506726 0.676806 0.506726 0.703422 0.488789 0.703422
1 0.576981 0.874525 0.593423 0.874525 0.593423 0.914449 0.576981 0.914449
1 0.588938 0.844106 0.606876 0.844106 0.606876 0.868822 0.588938 0.868822
1 0.049327 0.406844 0.082212 0.406844 0.082212 0.446768 0.049327 0.446768
1 0.781763 0.178707 0.799701 0.178707 0.799701 0.207225 0.781763 0.207225
1 0.144992 0.062737 0.171898 0.062737 0.171898 0.085551 0.144992 0.085551
1 0.775785 0.479087 0.798207 0.479087 0.798207 0.505703 0.775785 0.505703
1 0.935725 0.334601 0.982063 0.334601 0.982063 0.380227 0.935725 0.380227
1 0.448431 0.566539 0.479821 0.566539 0.479821 0.600761 0.448431 0.600761
1 0.464873 0.486692 0.497757 0.486692 0.497757 0.513308 0.464873 0.513308
1 0.524664 0.330798 0.553064 0.330798 0.553064 0.370722 0.524664 0.370722
1 0.487295 0.102661 0.518685 0.102661 0.518685 0.127377 0.487295 0.127377
1 0.826607 0.134982 0.855007 0.134982 0.855007 0.176807 0.826607 0.176807
1 0.690582 0.389733 0.711509 0.389733 0.711509 0.423955 0.690582 0.423955
1 0.198804 0.134981 0.221226 0.134981 0.221226 0.165399 0.198804 0.165399
1 0.180867 0.192015 0.197309 0.192015 0.197309 0.212928 0.180867 0.212928
1 0.165919 0.167301 0.189835 0.167301 0.189835 0.197719 0.165919 0.197719
1 0.466368 0.406844 0.490284 0.406844 0.490284 0.444868 0.466368 0.444868
1 0.195815 0.828897 0.236173 0.828897 0.236173 0.870722 0.195815 0.870722
1 0.170404 0.874525 0.203289 0.874525 0.203289 0.901141 0.170404 0.901141
1 0.088191 0.728137 0.106129 0.728137 0.106129 0.768061 0.088191 0.768061
1 0.541106 0.882129 0.565022 0.882129 0.565022 0.931559 0.541106 0.931559
1 0.349776 0.271863 0.379671 0.271863 0.379671 0.296579 0.349776 0.296579
1 0.440956 0.256654 0.463378 0.256654 0.463378 0.279468 0.440956 0.279468
1 0.547086 0.001902 0.572497 0.001902 0.572497 0.030419 0.547086 0.030419
1 0.790732 0.011406 0.816144 0.011406 0.816144 0.036122 0.790732 0.036122
1 0.297459 0.020913 0.316891 0.020913 0.316891 0.053232 0.297459 0.053232
1 0.000000 0.155893 0.011959 0.155893 0.011959 0.190114 0.000000 0.190114
1 0.005979 0.517110 0.023917 0.517110 0.023917 0.547528 0.005979 0.547528
1 0.004485 0.615970 0.029895 0.615970 0.029895 0.655894 0.004485 0.655894
