0 0.279662 0.752381 0.337288 0.752381 0.337288 0.826191 0.279662 0.826191
0 0.303389 0.892858 0.345762 0.892858 0.345762 0.950001 0.303389 0.950001
0 0.262711 0.911905 0.298304 0.911905 0.298304 0.947619 0.262711 0.947619
0 0.244068 0.854762 0.269492 0.854762 0.269492 0.888096 0.244068 0.888096
0 0.106780 0.942857 0.150848 0.942857 0.150848 0.997619 0.106780 0.997619
0 0.488135 0.950000 0.538983 0.950000 0.538983 0.954762 0.488135 0.954762
0 0.188136 0.866667 0.240678 0.866667 0.240678 0.954762 0.188136 0.954762
0 0.061017 0.942858 0.098305 0.942858 0.098305 0.995239 0.061017 0.995239
3 0.401695 0.435715 0.555933 0.435715 0.555933 0.661905 0.401695 0.661905
3 0.325424 0.238096 0.471187 0.238096 0.471187 0.504763 0.325424 0.504763
3 0.501694 0.233333 0.610170 0.233333 0.610170 0.423809 0.501694 0.423809
3 0.206780 0.190476 0.315254 0.190476 0.315254 0.373809 0.206780 0.373809
3 0.269492 0.533334 0.422034 0.533334 0.422034 0.759524 0.269492 0.759524
3 0.425424 0.838095 0.535593 0.838095 0.535593 1.000000 0.425424 1.000000
3 0.538983 0.604762 0.657627 0.604762 0.657627 0.800000 0.538983 0.800000
3 0.657628 0.657143 0.808474 0.657143 0.808474 0.885715 0.657628 0.885715
3 0.816949 0.695238 0.994915 0.695238 0.994915 0.873810 0.816949 0.873810
3 0.696611 0.276191 0.901695 0.276191 0.901695 0.621429 0.696611 0.621429
3 0.745762 0.090477 0.913559 0.090477 0.913559 0.333334 0.745762 0.333334
3 0.523728 0.004762 0.662712 0.004762 0.662712 0.207143 0.523728 0.207143
3 0.664407 0.042857 0.747457 0.042857 0.747457 0.185715 0.664407 0.185715
3 0.138983 0.321428 0.274577 0.321428 0.274577 0.585714 0.138983 0.585714
3 0.879661 0.011904 0.972881 0.011904 0.972881 0.190476 0.879661 0.190476
3 0.901695 0.314286 0.974576 0.314286 0.974576 0.473810 0.901695 0.473810
3 0.883050 0.550000 0.988136 0.550000 0.988136 0.680952 0.883050 0.680952
