1 0.016706 0.097950 0.062052 0.097950 0.062052 0.152620 0.016706 0.152620
1 0.109785 0.109339 0.159905 0.109339 0.159905 0.164009 0.109785 0.164009
1 0.090692 0.086560 0.119332 0.086560 0.119332 0.136674 0.090692 0.136674
1 0.145585 0.068337 0.190931 0.068337 0.190931 0.113895 0.145585 0.113895
1 0.229117 0.018223 0.267303 0.018223 0.267303 0.061503 0.229117 0.061503
1 0.138425 0.013668 0.174225 0.013668 0.174225 0.047837 0.138425 0.047837
1 0.226730 0.054670 0.272076 0.054670 0.272076 0.097950 0.226730 0.097950
1 0.212410 0.091116 0.248210 0.091116 0.248210 0.136674 0.212410 0.136674
1 0.128879 0.168565 0.176611 0.168565 0.176611 0.211845 0.128879 0.211845
1 0.193317 0.013668 0.226731 0.013668 0.226731 0.050114 0.193317 0.050114
1 0.276850 0.018223 0.322196 0.018223 0.322196 0.047836 0.276850 0.047836
1 0.307876 0.036446 0.343676 0.036446 0.343676 0.063782 0.307876 0.063782
1 0.353222 0.029613 0.396181 0.029613 0.396181 0.068337 0.353222 0.068337
1 0.369928 0.066059 0.422434 0.066059 0.422434 0.107061 0.369928 0.107061
1 0.057279 0.234624 0.109785 0.234624 0.109785 0.284738 0.057279 0.284738
1 0.007159 0.328018 0.026252 0.328018 0.026252 0.384966 0.007159 0.384966
1 0.033413 0.316629 0.057279 0.316629 0.057279 0.362187 0.033413 0.362187
1 0.114558 0.257403 0.162291 0.257403 0.162291 0.298405 0.114558 0.298405
1 0.171837 0.268793 0.219571 0.268793 0.219571 0.309795 0.171837 0.309795
1 0.035799 0.400911 0.078758 0.400911 0.078758 0.446469 0.035799 0.446469
1 0.085919 0.384966 0.131265 0.384966 0.131265 0.425968 0.085919 0.425968
1 0.126492 0.321185 0.178998 0.321185 0.178998 0.369021 0.126492 0.369021
1 0.205251 0.193622 0.245823 0.193622 0.245823 0.234624 0.205251 0.234624
1 0.272076 0.111617 0.310262 0.111617 0.310262 0.161731 0.272076 0.161731
1 0.303103 0.095672 0.341289 0.095672 0.341289 0.138952 0.303103 0.138952
1 0.310262 0.143508 0.360382 0.143508 0.360382 0.184510 0.310262 0.184510
1 0.241051 0.234624 0.291170 0.234624 0.291170 0.275626 0.241051 0.275626
1 0.295942 0.227791 0.343676 0.227791 0.343676 0.264237 0.295942 0.264237
1 0.353221 0.173121 0.400954 0.173121 0.400954 0.214123 0.353221 0.214123
1 0.403342 0.136674 0.443914 0.136674 0.443914 0.184510 0.403342 0.184510
1 0.455847 0.123007 0.503580 0.123007 0.503580 0.166287 0.455847 0.166287
1 0.424821 0.086561 0.460621 0.086561 0.460621 0.125285 0.424821 0.125285
1 0.443914 0.056948 0.474940 0.056948 0.474940 0.097950 0.443914 0.097950
1 0.489260 0.052392 0.532219 0.052392 0.532219 0.088838 0.489260 0.088838
1 0.510740 0.091116 0.558473 0.091116 0.558473 0.129840 0.510740 0.129840
1 0.556087 0.100228 0.599046 0.100228 0.599046 0.148064 0.556087 0.148064
1 0.613366 0.113895 0.656324 0.113895 0.656324 0.154897 0.613366 0.154897
1 0.568019 0.029613 0.606205 0.029613 0.606205 0.075171 0.568019 0.075171
1 0.379475 0.004555 0.415275 0.004555 0.415275 0.029612 0.379475 0.029612
1 0.613365 0.004556 0.651551 0.004556 0.651551 0.038724 0.613365 0.038724
1 0.579952 0.004556 0.610978 0.004556 0.610978 0.027335 0.579952 0.027335
1 0.651552 0.047836 0.694511 0.047836 0.694511 0.082005 0.651552 0.082005
1 0.706444 0.027335 0.744630 0.027335 0.744630 0.066059 0.706444 0.066059
1 0.730310 0.070615 0.785204 0.070615 0.785204 0.109339 0.730310 0.109339
1 0.651551 0.102506 0.689737 0.102506 0.689737 0.145786 0.651551 0.145786
1 0.692124 0.109340 0.739857 0.109340 0.739857 0.150342 0.692124 0.150342
1 0.756563 0.125285 0.787589 0.125285 0.787589 0.182233 0.756563 0.182233
1 0.832935 0.198178 0.868735 0.198178 0.868735 0.246014 0.832935 0.246014
1 0.883055 0.200456 0.904535 0.200456 0.904535 0.234625 0.883055 0.234625
1 0.902148 0.157175 0.940334 0.157175 0.940334 0.191345 0.902148 0.191345
1 0.840095 0.154897 0.883054 0.154897 0.883054 0.184510 0.840095 0.184510
1 0.954654 0.193622 0.990454 0.193622 0.990454 0.236902 0.954654 0.236902
1 0.906921 0.207289 0.933175 0.207289 0.933175 0.234624 0.906921 0.234624
1 0.952267 0.252847 0.980907 0.252847 0.980907 0.305239 0.952267 0.305239
1 0.930787 0.316629 0.971360 0.316629 0.971360 0.369021 0.930787 0.369021
1 0.904534 0.255126 0.933174 0.255126 0.933174 0.289295 0.904534 0.289295
1 0.859189 0.248292 0.897375 0.248292 0.897375 0.289294 0.859189 0.289294
1 0.878282 0.298406 0.916468 0.298406 0.916468 0.334852 0.878282 0.334852
1 0.863962 0.346242 0.899762 0.346242 0.899762 0.387244 0.863962 0.387244
1 0.837709 0.282460 0.861575 0.282460 0.861575 0.328018 0.837709 0.328018
1 0.773269 0.179955 0.801909 0.179955 0.801909 0.218679 0.773269 0.218679
1 0.718378 0.207289 0.768497 0.207289 0.768497 0.255125 0.718378 0.255125
1 0.739857 0.271071 0.787590 0.271071 0.787590 0.314351 0.739857 0.314351
1 0.677805 0.191344 0.725538 0.191344 0.725538 0.227790 0.677805 0.227790
1 0.673030 0.227791 0.713603 0.227791 0.713603 0.266515 0.673030 0.266515
1 0.622912 0.200456 0.665871 0.200456 0.665871 0.246014 0.622912 0.246014
1 0.572793 0.193622 0.620526 0.193622 0.620526 0.239180 0.572793 0.239180
1 0.517900 0.184510 0.560859 0.184510 0.560859 0.220956 0.517900 0.220956
1 0.460621 0.189065 0.513127 0.189065 0.513127 0.220957 0.460621 0.220957
1 0.403341 0.227791 0.436754 0.227791 0.436754 0.271071 0.403341 0.271071
1 0.360382 0.225513 0.410502 0.225513 0.410502 0.302961 0.360382 0.302961
1 0.322196 0.273349 0.360382 0.273349 0.360382 0.316629 0.322196 0.316629
1 0.341288 0.325741 0.381861 0.325741 0.381861 0.364465 0.341288 0.364465
1 0.252983 0.287016 0.300716 0.287016 0.300716 0.337130 0.252983 0.337130
1 0.238663 0.332574 0.274463 0.332574 0.274463 0.380410 0.238663 0.380410
1 0.207637 0.318907 0.238663 0.318907 0.238663 0.362187 0.207637 0.362187
1 0.174224 0.343964 0.205250 0.343964 0.205250 0.380410 0.174224 0.380410
1 0.105012 0.421413 0.136038 0.421413 0.136038 0.455582 0.105012 0.455582
1 0.200477 0.398633 0.238663 0.398633 0.238663 0.437357 0.200477 0.437357
1 0.262530 0.400911 0.300716 0.400911 0.300716 0.441913 0.262530 0.441913
1 0.298329 0.353075 0.336515 0.353075 0.336515 0.391799 0.298329 0.391799
1 0.014320 0.455581 0.050120 0.455581 0.050120 0.498861 0.014320 0.498861
1 0.028640 0.492027 0.066826 0.492027 0.066826 0.535307 0.028640 0.535307
1 0.119331 0.462415 0.169451 0.462415 0.169451 0.489750 0.119331 0.489750
1 0.167065 0.453302 0.205251 0.453302 0.205251 0.478359 0.167065 0.478359
1 0.183771 0.478360 0.241051 0.478360 0.241051 0.523918 0.183771 0.523918
1 0.233891 0.464693 0.274463 0.464693 0.274463 0.498862 0.233891 0.498862
1 0.279236 0.466970 0.319809 0.466970 0.319809 0.512528 0.279236 0.512528
1 0.329356 0.441914 0.389022 0.441914 0.389022 0.476083 0.329356 0.476083
1 0.312650 0.496583 0.353222 0.496583 0.353222 0.542141 0.312650 0.542141
1 0.463008 0.243735 0.505966 0.243735 0.505966 0.277904 0.463008 0.277904
1 0.517900 0.243735 0.558473 0.243735 0.558473 0.277904 0.517900 0.277904
1 0.577566 0.268793 0.622912 0.268793 0.622912 0.309795 0.577566 0.309795
1 0.630072 0.261959 0.682578 0.261959 0.682578 0.302961 0.630072 0.302961
1 0.687350 0.307517 0.742244 0.307517 0.742244 0.355353 0.687350 0.355353
1 0.618138 0.323463 0.670644 0.323463 0.670644 0.364465 0.618138 0.364465
1 0.534606 0.312073 0.577565 0.312073 0.577565 0.355353 0.534606 0.355353
1 0.489260 0.350797 0.532219 0.350797 0.532219 0.394077 0.489260 0.394077
1 0.591885 0.366743 0.639618 0.366743 0.639618 0.412301 0.591885 0.412301
1 0.513127 0.396355 0.560860 0.396355 0.560860 0.430524 0.513127 0.430524
1 0.568019 0.373576 0.599045 0.373576 0.599045 0.412300 0.568019 0.412300
1 0.467780 0.414579 0.510740 0.414579 0.510740 0.455581 0.467780 0.455581
1 0.405728 0.482915 0.448687 0.482915 0.448687 0.544419 0.405728 0.544419
1 0.551312 0.487472 0.599046 0.487472 0.599046 0.526196 0.551312 0.526196
1 0.603818 0.501139 0.658712 0.501139 0.658712 0.539863 0.603818 0.539863
1 0.548925 0.432802 0.603819 0.432802 0.603819 0.480638 0.548925 0.480638
1 0.658711 0.453303 0.696897 0.453303 0.696897 0.492027 0.658711 0.492027
1 0.661099 0.412301 0.704058 0.412301 0.704058 0.453303 0.661099 0.453303
1 0.704057 0.416856 0.749403 0.416856 0.749403 0.466970 0.704057 0.466970
1 0.778042 0.350797 0.825775 0.350797 0.825775 0.398633 0.778042 0.398633
1 0.785203 0.305239 0.830549 0.305239 0.830549 0.353075 0.785203 0.353075
1 0.806683 0.084282 0.859189 0.084282 0.859189 0.148064 0.806683 0.148064
1 0.937948 0.104784 0.971360 0.104784 0.971360 0.154898 0.937948 0.154898
1 0.880668 0.113895 0.916468 0.113895 0.916468 0.152619 0.880668 0.152619
1 0.875895 0.066059 0.921241 0.066059 0.921241 0.107061 0.875895 0.107061
1 0.966587 0.038724 0.997613 0.038724 0.997613 0.082004 0.966587 0.082004
1 0.811457 0.038724 0.861576 0.038724 0.861576 0.095672 0.811457 0.095672
1 0.859189 0.410023 0.906922 0.410023 0.906922 0.451025 0.859189 0.451025
1 0.921241 0.394077 0.954653 0.394077 0.954653 0.444191 0.921241 0.444191
1 0.806683 0.403189 0.852029 0.403189 0.852029 0.448747 0.806683 0.448747
1 0.756563 0.441913 0.809069 0.441913 0.809069 0.487471 0.756563 0.487471
1 0.711216 0.480638 0.766109 0.480638 0.766109 0.528474 0.711216 0.528474
1 0.854415 0.469248 0.904535 0.469248 0.904535 0.519362 0.854415 0.519362
1 0.875895 0.521640 0.926014 0.521640 0.926014 0.562642 0.875895 0.562642
1 0.945107 0.555809 0.988066 0.555809 0.988066 0.608201 0.945107 0.608201
1 0.835322 0.560365 0.866348 0.560365 0.866348 0.605923 0.835322 0.605923
1 0.768497 0.537586 0.799523 0.537586 0.799523 0.576310 0.768497 0.576310
1 0.732696 0.576310 0.773269 0.576310 0.773269 0.637814 0.732696 0.637814
1 0.830549 0.615034 0.866349 0.615034 0.866349 0.660592 0.830549 0.660592
1 0.873508 0.635535 0.918854 0.635535 0.918854 0.674259 0.873508 0.674259
1 0.933174 0.646925 0.990453 0.646925 0.990453 0.694761 0.933174 0.694761
1 0.861575 0.676538 0.899761 0.676538 0.899761 0.715262 0.861575 0.715262
1 0.887829 0.719818 0.928401 0.719818 0.928401 0.776766 0.887829 0.776766
1 0.806682 0.692483 0.854415 0.692483 0.854415 0.735763 0.806682 0.735763
1 0.758950 0.658314 0.801909 0.658314 0.801909 0.699316 0.758950 0.699316
1 0.661098 0.546697 0.699284 0.546697 0.699284 0.596811 0.661098 0.596811
1 0.570406 0.537586 0.620525 0.537586 0.620525 0.580866 0.570406 0.580866
1 0.649164 0.621868 0.706444 0.621868 0.706444 0.676538 0.649164 0.676538
1 0.634845 0.596811 0.668257 0.596811 0.668257 0.642369 0.634845 0.642369
1 0.584726 0.592255 0.625298 0.592255 0.625298 0.630979 0.584726 0.630979
1 0.968974 0.799545 0.997614 0.799545 0.997614 0.840547 0.968974 0.840547
1 0.894988 0.799545 0.957040 0.799545 0.957040 0.842825 0.894988 0.842825
1 0.794749 0.815490 0.837708 0.815490 0.837708 0.856492 0.794749 0.856492
1 0.749404 0.769932 0.804297 0.769932 0.804297 0.815490 0.749404 0.815490
1 0.687350 0.722096 0.727923 0.722096 0.727923 0.756264 0.687350 0.756264
1 0.639618 0.694761 0.675418 0.694761 0.675418 0.742597 0.639618 0.742597
1 0.582339 0.656037 0.627685 0.656037 0.627685 0.694761 0.582339 0.694761
1 0.572792 0.717540 0.610978 0.717540 0.610978 0.756264 0.572792 0.756264
1 0.587112 0.769932 0.632458 0.769932 0.632458 0.804100 0.587112 0.804100
1 0.515513 0.772210 0.560859 0.772210 0.560859 0.813212 0.515513 0.813212
1 0.503580 0.699317 0.556086 0.699317 0.556086 0.733485 0.503580 0.733485
1 0.465394 0.747153 0.505966 0.747153 0.505966 0.783599 0.465394 0.783599
1 0.443914 0.799545 0.489260 0.799545 0.489260 0.842825 0.443914 0.842825
1 0.503580 0.599089 0.539380 0.599089 0.539380 0.651481 0.503580 0.651481
1 0.455847 0.608200 0.494033 0.608200 0.494033 0.658314 0.455847 0.658314
1 0.420048 0.708428 0.465394 0.708428 0.465394 0.751708 0.420048 0.751708
1 0.424820 0.669704 0.458234 0.669704 0.458234 0.708428 0.424820 0.708428
1 0.384248 0.660592 0.431982 0.660592 0.431982 0.708428 0.384248 0.708428
1 0.384248 0.571754 0.424821 0.571754 0.424821 0.615034 0.384248 0.615034
1 0.326968 0.587699 0.374702 0.587699 0.374702 0.635535 0.326968 0.635535
1 0.386636 0.756264 0.429594 0.756264 0.429594 0.806378 0.386636 0.806378
1 0.322195 0.715262 0.372314 0.715262 0.372314 0.751708 0.322195 0.751708
1 0.343675 0.767653 0.379475 0.767653 0.379475 0.792711 0.343675 0.792711
1 0.971361 0.915718 0.995227 0.915718 0.995227 0.952164 0.971361 0.952164
1 0.873509 0.847380 0.914081 0.847380 0.914081 0.895216 0.873509 0.895216
1 0.835322 0.890661 0.885441 0.890661 0.885441 0.931663 0.835322 0.931663
1 0.794749 0.902049 0.835322 0.902049 0.835322 0.931663 0.794749 0.931663
1 0.761337 0.890661 0.794749 0.890661 0.794749 0.922551 0.761337 0.922551
1 0.708831 0.851936 0.754177 0.851936 0.754177 0.892938 0.708831 0.892938
1 0.630072 0.940774 0.689738 0.940774 0.689738 0.988610 0.630072 0.988610
1 0.615752 0.895216 0.687350 0.895216 0.687350 0.922552 0.615752 0.922552
1 0.608592 0.847380 0.670644 0.847380 0.670644 0.895216 0.608592 0.895216
1 0.584726 0.936219 0.627684 0.936219 0.627684 0.988611 0.584726 0.988611
1 0.429594 0.888383 0.474940 0.888383 0.474940 0.933941 0.429594 0.933941
1 0.405728 0.842825 0.451074 0.842825 0.451074 0.886105 0.405728 0.886105
1 0.448688 0.974943 0.491646 0.974943 0.491646 0.997723 0.448688 0.997723
1 0.391408 0.977221 0.434367 0.977221 0.434367 0.997723 0.391408 0.997723
1 0.408114 0.947608 0.448687 0.947608 0.448687 0.984054 0.408114 0.984054
1 0.324582 0.956720 0.367541 0.956720 0.367541 0.993166 0.324582 0.993166
1 0.326968 0.902050 0.381861 0.902050 0.381861 0.952164 0.326968 0.952164
1 0.362768 0.813211 0.410502 0.813211 0.410502 0.842825 0.362768 0.842825
1 0.315036 0.820046 0.355608 0.820046 0.355608 0.861048 0.315036 0.861048
1 0.353222 0.888383 0.405728 0.888383 0.405728 0.922551 0.353222 0.922551
1 0.284010 0.940775 0.326968 0.940775 0.326968 0.981777 0.284010 0.981777
1 0.243437 0.954442 0.284009 0.954442 0.284009 0.995444 0.243437 0.995444
1 0.214797 0.920273 0.264916 0.920273 0.264916 0.952165 0.214797 0.952165
1 0.243437 0.867882 0.286395 0.867882 0.286395 0.911162 0.243437 0.911162
1 0.310263 0.756265 0.348449 0.756265 0.348449 0.790433 0.310263 0.790433
1 0.233891 0.797267 0.284010 0.797267 0.284010 0.840547 0.233891 0.840547
1 0.241050 0.724374 0.286396 0.724374 0.286396 0.767654 0.241050 0.767654
1 0.202863 0.676538 0.257756 0.676538 0.257756 0.712984 0.202863 0.712984
1 0.178997 0.815490 0.221957 0.815490 0.221957 0.854214 0.178997 0.854214
1 0.174225 0.886105 0.214797 0.886105 0.214797 0.922551 0.174225 0.922551
1 0.281623 0.612756 0.319809 0.612756 0.319809 0.660592 0.281623 0.660592
1 0.195704 0.537585 0.241050 0.537585 0.241050 0.583143 0.195704 0.583143
1 0.202865 0.596811 0.252983 0.596811 0.252983 0.633257 0.202865 0.633257
1 0.138425 0.849658 0.200477 0.849658 0.200477 0.895216 0.138425 0.895216
1 0.183771 0.747153 0.219571 0.747153 0.219571 0.790433 0.183771 0.790433
1 0.138425 0.735763 0.186157 0.735763 0.186157 0.772209 0.138425 0.772209
1 0.107398 0.706151 0.162291 0.706151 0.162291 0.742597 0.107398 0.742597
1 0.169451 0.633257 0.210023 0.633257 0.210023 0.687927 0.169451 0.687927
1 0.050119 0.633257 0.090692 0.633257 0.090692 0.683371 0.050119 0.683371
1 0.064439 0.697038 0.105012 0.697038 0.105012 0.756264 0.064439 0.756264
1 0.021480 0.751709 0.066826 0.751709 0.066826 0.788155 0.021480 0.788155
1 0.116944 0.567198 0.171837 0.567198 0.171837 0.608200 0.116944 0.608200
1 0.095466 0.601366 0.126492 0.601366 0.126492 0.630980 0.095466 0.630980
1 0.040573 0.569476 0.076373 0.569476 0.076373 0.628702 0.040573 0.628702
1 0.073985 0.535308 0.107398 0.535308 0.107398 0.583144 0.073985 0.583144
1 0.155131 0.519362 0.183771 0.519362 0.183771 0.548976 0.155131 0.548976
1 0.019093 0.820045 0.047733 0.820045 0.047733 0.886105 0.019093 0.886105
1 0.009547 0.906606 0.062053 0.906606 0.062053 0.958998 0.009547 0.958998
1 0.136038 0.911162 0.171838 0.911162 0.171838 0.949886 0.136038 0.949886
1 0.107398 0.961275 0.157517 0.961275 0.157517 0.993167 0.107398 0.993167
1 0.267304 0.842824 0.310262 0.842824 0.310262 0.867882 0.267304 0.867882
1 0.238663 0.551252 0.274463 0.551252 0.274463 0.583144 0.238663 0.583144
