3 0.116737 0.295328 0.171589 0.295328 0.171589 0.381308 0.116737 0.381308
3 0.135021 0.489719 0.233475 0.489719 0.233475 0.646728 0.135021 0.646728
3 0.014065 0.700935 0.088608 0.700935 0.088608 0.798131 0.014065 0.798131
3 0.327707 0.400000 0.423347 0.400000 0.423347 0.525234 0.327707 0.525234
3 0.390998 0.308412 0.473980 0.308412 0.473980 0.413085 0.390998 0.413085
3 0.472574 0.405608 0.562588 0.405608 0.562588 0.536448 0.472574 0.536448
3 0.334740 0.106542 0.407876 0.106542 0.407876 0.222430 0.334740 0.222430
3 0.587905 0.016822 0.666667 0.016822 0.666667 0.145794 0.587905 0.145794
3 0.781998 0.228037 0.869199 0.228037 0.869199 0.323364 0.781998 0.323364
3 0.824191 0.327103 0.912799 0.327103 0.912799 0.437383 0.824191 0.437383
3 0.911393 0.357009 0.991561 0.357009 0.991561 0.472897 0.911393 0.472897
3 0.572433 0.859813 0.651195 0.859813 0.651195 0.970093 0.572433 0.970093
3 0.396624 0.614954 0.458509 0.614954 0.458509 0.736448 0.396624 0.736448
3 0.493671 0.728971 0.596343 0.728971 0.596343 0.856074 0.493671 0.856074
3 0.530239 0.616823 0.599157 0.616823 0.599157 0.712149 0.530239 0.712149
3 0.270042 0.377570 0.330520 0.377570 0.330520 0.482243 0.270042 0.482243
3 0.890296 0.082243 0.970464 0.082243 0.970464 0.177570 0.890296 0.177570
