0 0.829897 0.849712 1.000000 0.849712 1.000000 0.971098 0.829897 0.971098
1 0.020619 0.745665 0.103093 0.745665 0.103093 0.843931 0.020619 0.843931
1 0.309279 0.745665 0.396907 0.745665 0.396907 0.867051 0.309279 0.867051
1 0.515464 0.757225 0.597938 0.757225 0.597938 0.872833 0.515464 0.872833
1 0.458762 0.872832 0.530927 0.872832 0.530927 0.976878 0.458762 0.976878
1 0.365979 0.606936 0.438144 0.606936 0.438144 0.705202 0.365979 0.705202
1 0.618556 0.514451 0.695876 0.514451 0.695876 0.624277 0.618556 0.624277
1 0.469072 0.566474 0.582474 0.566474 0.582474 0.653180 0.469072 0.653180
1 0.788660 0.664740 0.865980 0.664740 0.865980 0.774566 0.788660 0.774566
1 0.654639 0.624277 0.768041 0.624277 0.768041 0.710982 0.654639 0.710982
1 0.613402 0.757225 0.695876 0.757225 0.695876 0.884393 0.613402 0.884393
1 0.690722 0.115607 0.757732 0.115607 0.757732 0.202313 0.690722 0.202313
1 0.773196 0.127167 0.835052 0.127167 0.835052 0.208093 0.773196 0.208093
1 0.675257 0.265896 0.768041 0.265896 0.768041 0.364162 0.675257 0.364162
1 0.850515 0.543353 0.943299 0.543353 0.943299 0.664739 0.850515 0.664739
1 0.783505 0.063584 0.850515 0.063584 0.850515 0.144508 0.783505 0.144508
1 0.876289 0.023121 0.958763 0.023121 0.958763 0.115607 0.876289 0.115607
1 0.829897 0.000000 0.902062 0.000000 0.902062 0.069364 0.829897 0.069364
2 0.319588 0.156069 0.479382 0.156069 0.479382 0.306358 0.319588 0.306358
