0 0.365497 0.627359 0.402047 0.627359 0.402047 0.688679 0.365497 0.688679
0 0.371345 0.851415 0.425439 0.851415 0.425439 0.922169 0.371345 0.922169
1 0.269006 0.832547 0.295322 0.832547 0.295322 0.872641 0.269006 0.872641
1 0.295322 0.801886 0.323100 0.801886 0.323100 0.844340 0.295322 0.844340
1 0.065789 0.818397 0.095029 0.818397 0.095029 0.863208 0.065789 0.863208
1 0.116959 0.766509 0.150585 0.766509 0.150585 0.820755 0.116959 0.820755
1 0.105263 0.910377 0.143275 0.910377 0.143275 0.957547 0.105263 0.957547
1 0.179824 0.851414 0.210526 0.851414 0.210526 0.903301 0.179824 0.903301
1 0.222222 0.844340 0.250000 0.844340 0.250000 0.896227 0.222222 0.896227
1 0.188596 0.941038 0.220760 0.941038 0.220760 0.990566 0.188596 0.990566
1 0.229532 0.950472 0.258772 0.950472 0.258772 0.997642 0.229532 0.997642
1 0.204678 0.775944 0.225146 0.775944 0.225146 0.818397 0.204678 0.818397
1 0.235380 0.750001 0.267544 0.750001 0.267544 0.794812 0.235380 0.794812
1 0.277778 0.747642 0.307018 0.747642 0.307018 0.797170 0.277778 0.797170
1 0.264620 0.787736 0.289474 0.787736 0.289474 0.825472 0.264620 0.825472
1 0.331871 0.801887 0.358187 0.801887 0.358187 0.841981 0.331871 0.841981
1 0.296783 0.889151 0.337719 0.889151 0.337719 0.938679 0.296783 0.938679
1 0.345029 0.915095 0.372807 0.915095 0.372807 0.959905 0.345029 0.959905
1 0.406433 0.783019 0.431287 0.783019 0.431287 0.823113 0.406433 0.823113
1 0.440058 0.785378 0.467836 0.785378 0.467836 0.825472 0.440058 0.825472
1 0.445906 0.827830 0.473684 0.827830 0.473684 0.867924 0.445906 0.867924
1 0.422515 0.858490 0.444445 0.858490 0.444445 0.900944 0.422515 0.900944
1 0.288012 0.639151 0.317252 0.639151 0.317252 0.702831 0.288012 0.702831
1 0.298246 0.698114 0.323100 0.698114 0.323100 0.731132 0.298246 0.731132
1 0.323099 0.726415 0.349415 0.726415 0.349415 0.773585 0.323099 0.773585
1 0.343567 0.761793 0.372807 0.761793 0.372807 0.801887 0.343567 0.801887
1 0.165205 0.705188 0.192983 0.705188 0.192983 0.757076 0.165205 0.757076
1 0.219298 0.719340 0.247076 0.719340 0.247076 0.766510 0.219298 0.766510
1 0.209064 0.658019 0.235380 0.658019 0.235380 0.702830 0.209064 0.702830
1 0.257310 0.648586 0.285088 0.648586 0.285088 0.693396 0.257310 0.693396
1 0.257310 0.693396 0.283626 0.693396 0.283626 0.733490 0.257310 0.733490
1 0.378655 0.700472 0.409357 0.700472 0.409357 0.752359 0.378655 0.752359
1 0.428362 0.731133 0.454678 0.731133 0.454678 0.775944 0.428362 0.775944
1 0.347953 0.688679 0.374269 0.688679 0.374269 0.735849 0.347953 0.735849
1 0.336257 0.639150 0.365497 0.639150 0.365497 0.681604 0.336257 0.681604
1 0.228070 0.490566 0.260234 0.490566 0.260234 0.537736 0.228070 0.537736
1 0.251462 0.459906 0.276316 0.459906 0.276316 0.500000 0.251462 0.500000
1 0.266082 0.507075 0.290936 0.507075 0.290936 0.544811 0.266082 0.544811
1 0.293860 0.492924 0.318714 0.492924 0.318714 0.530660 0.293860 0.530660
1 0.314327 0.452830 0.339181 0.452830 0.339181 0.492924 0.314327 0.492924
1 0.307017 0.403302 0.337719 0.403302 0.337719 0.445754 0.307017 0.445754
1 0.288012 0.438679 0.312866 0.438679 0.312866 0.474056 0.288012 0.474056
1 0.372807 0.410377 0.406433 0.410377 0.406433 0.457547 0.372807 0.457547
1 0.345029 0.403302 0.374269 0.403302 0.374269 0.462264 0.345029 0.462264
1 0.416667 0.426887 0.440059 0.426887 0.440059 0.466981 0.416667 0.466981
1 0.447368 0.403302 0.472222 0.403302 0.472222 0.450472 0.447368 0.450472
1 0.459064 0.443397 0.483918 0.443397 0.483918 0.485849 0.459064 0.485849
1 0.535088 0.431604 0.564328 0.431604 0.564328 0.471698 0.535088 0.471698
1 0.568713 0.429246 0.593567 0.429246 0.593567 0.471698 0.568713 0.471698
1 0.374269 0.266509 0.400585 0.266509 0.400585 0.311321 0.374269 0.311321
1 0.406433 0.257076 0.434211 0.257076 0.434211 0.311321 0.406433 0.311321
1 0.428362 0.283019 0.457602 0.283019 0.457602 0.334906 0.428362 0.334906
1 0.445906 0.231132 0.473684 0.231132 0.473684 0.273585 0.445906 0.273585
1 0.378655 0.313679 0.406433 0.313679 0.406433 0.363207 0.378655 0.363207
1 0.391813 0.363208 0.421053 0.363208 0.421053 0.405660 0.391813 0.405660
1 0.350877 0.301887 0.378655 0.301887 0.378655 0.351415 0.350877 0.351415
1 0.336257 0.351415 0.364035 0.351415 0.364035 0.396227 0.336257 0.396227
1 0.008772 0.259433 0.033626 0.259433 0.033626 0.311321 0.008772 0.311321
1 0.057017 0.238207 0.083333 0.238207 0.083333 0.275943 0.057017 0.275943
1 0.071637 0.337264 0.100877 0.337264 0.100877 0.386792 0.071637 0.386792
1 0.127193 0.299528 0.154971 0.299528 0.154971 0.346698 0.127193 0.346698
1 0.160819 0.283019 0.188597 0.283019 0.188597 0.318396 0.160819 0.318396
1 0.156433 0.339622 0.184211 0.339622 0.184211 0.384434 0.156433 0.384434
1 0.122807 0.365566 0.150585 0.365566 0.150585 0.412736 0.122807 0.412736
1 0.116959 0.426887 0.140351 0.426887 0.140351 0.478774 0.116959 0.478774
1 0.013158 0.400943 0.038012 0.400943 0.038012 0.445754 0.013158 0.445754
1 0.021930 0.504717 0.046784 0.504717 0.046784 0.554245 0.021930 0.554245
1 0.046784 0.511792 0.076024 0.511792 0.076024 0.568396 0.046784 0.568396
1 0.068713 0.537736 0.095029 0.537736 0.095029 0.594340 0.068713 0.594340
1 0.084795 0.471699 0.112573 0.471699 0.112573 0.525944 0.084795 0.525944
1 0.007310 0.000000 0.038012 0.000000 0.038012 0.030660 0.007310 0.030660
1 0.005848 0.094340 0.032164 0.094340 0.032164 0.139151 0.005848 0.139151
1 0.175438 0.061321 0.201754 0.061321 0.201754 0.099057 0.175438 0.099057
1 0.125731 0.191037 0.150585 0.191037 0.150585 0.233491 0.125731 0.233491
1 0.153509 0.167453 0.179825 0.167453 0.179825 0.209906 0.153509 0.209906
1 0.099415 0.245283 0.122807 0.245283 0.122807 0.285377 0.099415 0.285377
1 0.200292 0.235848 0.223684 0.235848 0.223684 0.278301 0.200292 0.278301
1 0.121345 0.693396 0.147661 0.693396 0.147661 0.742924 0.121345 0.742924
1 0.157895 0.655660 0.173977 0.655660 0.173977 0.691037 0.157895 0.691037
1 0.146199 0.608491 0.171053 0.608491 0.171053 0.643868 0.146199 0.643868
1 0.124269 0.625001 0.153509 0.625001 0.153509 0.669812 0.124269 0.669812
1 0.131579 0.547170 0.159357 0.547170 0.159357 0.596698 0.131579 0.596698
1 0.156433 0.551887 0.184211 0.551887 0.184211 0.599057 0.156433 0.599057
1 0.195906 0.518868 0.222222 0.518868 0.222222 0.566038 0.195906 0.566038
1 0.173976 0.537736 0.203216 0.537736 0.203216 0.587264 0.173976 0.587264
1 0.494152 0.655660 0.516082 0.655660 0.516082 0.707547 0.494152 0.707547
1 0.517544 0.669812 0.545322 0.669812 0.545322 0.712265 0.517544 0.712265
1 0.511696 0.613208 0.552632 0.613208 0.552632 0.665095 0.511696 0.665095
1 0.551169 0.648585 0.581871 0.648585 0.581871 0.698113 0.551169 0.698113
1 0.540936 0.728774 0.568714 0.728774 0.568714 0.778302 0.540936 0.778302
1 0.590643 0.691037 0.618421 0.691037 0.618421 0.742924 0.590643 0.742924
1 0.631579 0.726415 0.657895 0.726415 0.657895 0.773585 0.631579 0.773585
1 0.672515 0.733491 0.695907 0.733491 0.695907 0.778301 0.672515 0.778301
1 0.568713 0.766510 0.597953 0.766510 0.597953 0.811321 0.568713 0.811321
1 0.565789 0.700472 0.583333 0.700472 0.583333 0.740566 0.565789 0.740566
1 0.599415 0.757075 0.625731 0.757075 0.625731 0.813679 0.599415 0.813679
1 0.647661 0.797170 0.673977 0.797170 0.673977 0.841981 0.647661 0.841981
1 0.678362 0.785377 0.701754 0.785377 0.701754 0.820754 0.678362 0.820754
1 0.374269 0.485849 0.399123 0.485849 0.399123 0.530660 0.374269 0.530660
1 0.407895 0.469340 0.432749 0.469340 0.432749 0.518868 0.407895 0.518868
1 0.337719 0.500001 0.365497 0.500001 0.365497 0.544812 0.337719 0.544812
1 0.390351 0.535377 0.413743 0.535377 0.413743 0.582547 0.390351 0.582547
1 0.342105 0.558962 0.368421 0.558962 0.368421 0.599056 0.342105 0.599056
1 0.334795 0.601415 0.366959 0.601415 0.366959 0.632075 0.334795 0.632075
1 0.399123 0.641510 0.423977 0.641510 0.423977 0.686321 0.399123 0.686321
1 0.425439 0.603774 0.447369 0.603774 0.447369 0.643868 0.425439 0.643868
1 0.409357 0.594340 0.423977 0.594340 0.423977 0.629717 0.409357 0.629717
1 0.454678 0.601415 0.486842 0.601415 0.486842 0.646226 0.454678 0.646226
1 0.438596 0.653301 0.469298 0.653301 0.469298 0.695755 0.438596 0.695755
1 0.470760 0.700471 0.494152 0.700471 0.494152 0.742924 0.470760 0.742924
1 0.459064 0.745283 0.485380 0.745283 0.485380 0.785377 0.459064 0.785377
1 0.478070 0.775944 0.504386 0.775944 0.504386 0.818397 0.478070 0.818397
1 0.473684 0.528302 0.502924 0.528302 0.502924 0.587264 0.473684 0.587264
1 0.431286 0.483491 0.461988 0.483491 0.461988 0.551887 0.431286 0.551887
1 0.540936 0.528303 0.565790 0.528303 0.565790 0.573113 0.540936 0.573113
1 0.581871 0.551886 0.611111 0.551886 0.611111 0.594340 0.581871 0.594340
1 0.540936 0.478774 0.567252 0.478774 0.567252 0.518868 0.540936 0.518868
1 0.480994 0.375000 0.501462 0.375000 0.501462 0.419812 0.480994 0.419812
1 0.459064 0.356132 0.485380 0.356132 0.485380 0.400944 0.459064 0.400944
1 0.478070 0.306603 0.514620 0.306603 0.514620 0.351415 0.478070 0.351415
1 0.516082 0.301887 0.542398 0.301887 0.542398 0.349057 0.516082 0.349057
1 0.561403 0.313679 0.584795 0.313679 0.584795 0.356132 0.561403 0.356132
1 0.600877 0.365566 0.624269 0.365566 0.624269 0.415094 0.600877 0.415094
1 0.340643 0.209906 0.364035 0.209906 0.364035 0.247642 0.340643 0.247642
1 0.346491 0.242925 0.377193 0.242925 0.377193 0.273585 0.346491 0.273585
1 0.371345 0.193396 0.394737 0.193396 0.394737 0.240566 0.371345 0.240566
1 0.409357 0.200472 0.442983 0.200472 0.442983 0.247642 0.409357 0.247642
1 0.526316 0.250000 0.552632 0.250000 0.552632 0.292453 0.526316 0.292453
1 0.586257 0.273585 0.608187 0.273585 0.608187 0.318397 0.586257 0.318397
1 0.600877 0.316038 0.630117 0.316038 0.630117 0.358490 0.600877 0.358490
1 0.633041 0.349057 0.663743 0.349057 0.663743 0.410378 0.633041 0.410378
1 0.504386 0.224056 0.529240 0.224056 0.529240 0.257076 0.504386 0.257076
1 0.480994 0.247642 0.510234 0.247642 0.510234 0.283019 0.480994 0.283019
1 0.466374 0.124999 0.494152 0.124999 0.494152 0.176887 0.466374 0.176887
1 0.415205 0.155661 0.440059 0.155661 0.440059 0.200471 0.415205 0.200471
1 0.385965 0.150943 0.410819 0.150943 0.410819 0.202830 0.385965 0.202830
1 0.396199 0.094340 0.423977 0.094340 0.423977 0.139151 0.396199 0.139151
1 0.419591 0.106132 0.442983 0.106132 0.442983 0.153302 0.419591 0.153302
1 0.959064 0.183962 0.983918 0.183962 0.983918 0.224056 0.959064 0.224056
1 0.938596 0.297170 0.964912 0.297170 0.964912 0.351415 0.938596 0.351415
1 0.891813 0.287735 0.919591 0.287735 0.919591 0.339622 0.891813 0.339622
1 0.912281 0.346698 0.945907 0.346698 0.945907 0.391510 0.912281 0.391510
1 0.881579 0.356132 0.907895 0.356132 0.907895 0.403302 0.881579 0.403302
1 0.861111 0.311321 0.888889 0.311321 0.888889 0.351415 0.861111 0.351415
1 0.861111 0.268868 0.888889 0.268868 0.888889 0.308962 0.861111 0.308962
1 0.881579 0.231132 0.900585 0.231132 0.900585 0.273585 0.881579 0.273585
1 0.899123 0.247641 0.915205 0.247641 0.915205 0.275943 0.899123 0.275943
1 0.880117 0.179246 0.903509 0.179246 0.903509 0.221699 0.880117 0.221699
1 0.897661 0.129717 0.925439 0.129717 0.925439 0.188679 0.897661 0.188679
1 0.931286 0.139151 0.953216 0.139151 0.953216 0.176887 0.931286 0.176887
1 0.923976 0.091981 0.951754 0.091981 0.951754 0.132075 0.923976 0.132075
1 0.062865 0.617924 0.090643 0.617924 0.090643 0.653301 0.062865 0.653301
1 0.026316 0.596698 0.054094 0.596698 0.054094 0.636792 0.026316 0.636792
1 0.084795 0.750000 0.109649 0.750000 0.109649 0.790094 0.084795 0.790094
1 0.042397 0.688679 0.084795 0.688679 0.084795 0.738207 0.042397 0.738207
1 0.119883 0.507076 0.146199 0.507076 0.146199 0.530660 0.119883 0.530660
1 0.153509 0.424528 0.182749 0.424528 0.182749 0.490566 0.153509 0.490566
1 0.194444 0.311321 0.220760 0.311321 0.220760 0.356132 0.194444 0.356132
1 0.187134 0.358491 0.210526 0.358491 0.210526 0.389151 0.187134 0.389151
1 0.220760 0.280660 0.245614 0.280660 0.245614 0.318396 0.220760 0.318396
1 0.233918 0.323113 0.258772 0.323113 0.258772 0.375001 0.233918 0.375001
1 0.283626 0.356132 0.308480 0.356132 0.308480 0.396226 0.283626 0.396226
1 0.258772 0.396227 0.286550 0.396227 0.286550 0.436321 0.258772 0.436321
1 0.258772 0.316037 0.282164 0.316037 0.282164 0.360849 0.258772 0.360849
1 0.250000 0.240566 0.269006 0.240566 0.269006 0.285378 0.250000 0.285378
1 0.270468 0.214622 0.299708 0.214622 0.299708 0.249999 0.270468 0.249999
1 0.333333 0.136792 0.361111 0.136792 0.361111 0.183962 0.333333 0.183962
1 0.299708 0.063679 0.320176 0.063679 0.320176 0.120283 0.299708 0.120283
1 0.331871 0.037735 0.355263 0.037735 0.355263 0.091980 0.331871 0.091980
1 0.374269 0.002359 0.403509 0.002359 0.403509 0.061321 0.374269 0.061321
1 0.407895 0.002358 0.434211 0.002358 0.434211 0.044811 0.407895 0.044811
1 0.418129 0.056604 0.451755 0.056604 0.451755 0.094340 0.418129 0.094340
1 0.456140 0.084906 0.483918 0.084906 0.483918 0.132076 0.456140 0.132076
1 0.511696 0.070755 0.538012 0.070755 0.538012 0.110849 0.511696 0.110849
1 0.483918 0.051887 0.511696 0.051887 0.511696 0.089623 0.483918 0.089623
1 0.492690 0.002359 0.521930 0.002359 0.521930 0.042453 0.492690 0.042453
1 0.533626 0.023585 0.562866 0.023585 0.562866 0.070755 0.533626 0.070755
1 0.536550 0.132076 0.558480 0.132076 0.558480 0.176887 0.536550 0.176887
1 0.554093 0.087264 0.580409 0.087264 0.580409 0.134434 0.554093 0.134434
1 0.576023 0.110849 0.606725 0.110849 0.606725 0.158019 0.576023 0.158019
1 0.482456 0.209906 0.501462 0.209906 0.501462 0.238208 0.482456 0.238208
1 0.540936 0.195754 0.567252 0.195754 0.567252 0.240565 0.540936 0.240565
1 0.570175 0.160377 0.597953 0.160377 0.597953 0.207547 0.570175 0.207547
1 0.599415 0.141509 0.625731 0.141509 0.625731 0.183963 0.599415 0.183963
1 0.631579 0.120283 0.663743 0.120283 0.663743 0.162736 0.631579 0.162736
1 0.691520 0.091981 0.722222 0.091981 0.722222 0.141509 0.691520 0.141509
1 0.665205 0.047170 0.691521 0.047170 0.691521 0.091980 0.665205 0.091980
1 0.583333 0.042453 0.608187 0.042453 0.608187 0.084905 0.583333 0.084905
1 0.580409 0.002358 0.603801 0.002358 0.603801 0.044811 0.580409 0.044811
1 0.691520 0.004717 0.714912 0.004717 0.714912 0.047170 0.691520 0.047170
1 0.722222 0.007076 0.748538 0.007076 0.748538 0.047170 0.722222 0.047170
1 0.592105 0.214623 0.624269 0.214623 0.624269 0.254717 0.592105 0.254717
1 0.711988 0.054245 0.738304 0.054245 0.738304 0.094339 0.711988 0.094339
1 0.760234 0.058963 0.786550 0.058963 0.786550 0.103773 0.760234 0.103773
1 0.780702 0.080189 0.812866 0.080189 0.812866 0.127359 0.780702 0.127359
1 0.801169 0.002358 0.828947 0.002358 0.828947 0.037735 0.801169 0.037735
1 0.821637 0.068396 0.852339 0.068396 0.852339 0.106132 0.821637 0.106132
1 0.820175 0.099057 0.855263 0.099057 0.855263 0.139151 0.820175 0.139151
1 0.888889 0.058962 0.919591 0.058962 0.919591 0.117924 0.888889 0.117924
1 0.921053 0.049529 0.942983 0.049529 0.942983 0.084905 0.921053 0.084905
1 0.840643 0.009435 0.868421 0.009435 0.868421 0.054246 0.840643 0.054246
1 0.878655 0.002358 0.913743 0.002358 0.913743 0.030660 0.878655 0.030660
1 0.954678 0.047170 0.980994 0.047170 0.980994 0.082546 0.954678 0.082546
1 0.956140 0.082548 0.980994 0.082548 0.980994 0.115567 0.956140 0.115567
1 0.957602 0.122642 0.983918 0.122642 0.983918 0.165095 0.957602 0.165095
1 0.957602 0.002358 0.985380 0.002358 0.985380 0.035377 0.957602 0.035377
1 0.972222 0.323113 0.992690 0.323113 0.992690 0.356133 0.972222 0.356133
1 0.985380 0.304245 1.000000 0.304245 1.000000 0.344339 0.985380 0.344339
1 0.831871 0.146227 0.862573 0.146227 0.862573 0.195755 0.831871 0.195755
1 0.789474 0.193396 0.818714 0.193396 0.818714 0.238207 0.789474 0.238207
1 0.808479 0.247642 0.837719 0.247642 0.837719 0.278302 0.808479 0.278302
1 0.793860 0.283019 0.820176 0.283019 0.820176 0.323113 0.793860 0.323113
1 0.823099 0.294811 0.847953 0.294811 0.847953 0.334905 0.823099 0.334905
1 0.815789 0.365567 0.837719 0.365567 0.837719 0.400944 0.815789 0.400944
1 0.849415 0.353774 0.874269 0.353774 0.874269 0.391510 0.849415 0.391510
1 0.842105 0.393868 0.871345 0.393868 0.871345 0.431604 0.842105 0.431604
1 0.904971 0.400944 0.932749 0.400944 0.932749 0.443396 0.904971 0.443396
1 0.950292 0.422169 0.976608 0.422169 0.976608 0.474056 0.950292 0.474056
1 0.982456 0.429246 1.000000 0.429246 1.000000 0.462265 0.982456 0.462265
1 0.961988 0.469339 0.985380 0.469339 0.985380 0.502358 0.961988 0.502358
1 0.921053 0.478774 0.944445 0.478774 0.944445 0.509434 0.921053 0.509434
1 0.856725 0.445755 0.883041 0.445755 0.883041 0.483491 0.856725 0.483491
1 0.755848 0.306603 0.786550 0.306603 0.786550 0.351415 0.755848 0.351415
1 0.809941 0.415095 0.834795 0.415095 0.834795 0.455189 0.809941 0.455189
1 0.793860 0.459906 0.818714 0.459906 0.818714 0.502359 0.793860 0.502359
1 0.774854 0.471698 0.795322 0.471698 0.795322 0.509434 0.774854 0.509434
1 0.755848 0.426887 0.783626 0.426887 0.783626 0.474057 0.755848 0.474057
1 0.788012 0.334906 0.811404 0.334906 0.811404 0.372642 0.788012 0.372642
1 0.739766 0.370283 0.771930 0.370283 0.771930 0.410377 0.739766 0.410377
1 0.711988 0.278302 0.742690 0.278302 0.742690 0.320754 0.711988 0.320754
1 0.720760 0.198113 0.744152 0.198113 0.744152 0.245283 0.720760 0.245283
1 0.742690 0.160377 0.764620 0.160377 0.764620 0.212264 0.742690 0.212264
1 0.666667 0.294811 0.695907 0.294811 0.695907 0.341981 0.666667 0.341981
1 0.692982 0.372641 0.717836 0.372641 0.717836 0.417453 0.692982 0.417453
1 0.600877 0.433962 0.628655 0.433962 0.628655 0.462264 0.600877 0.462264
1 0.694444 0.457547 0.717836 0.457547 0.717836 0.495283 0.694444 0.495283
1 0.720760 0.452830 0.747076 0.452830 0.747076 0.492924 0.720760 0.492924
1 0.612573 0.573114 0.640351 0.573114 0.640351 0.617924 0.612573 0.617924
1 0.638889 0.610849 0.665205 0.610849 0.665205 0.650943 0.638889 0.650943
1 0.606725 0.648585 0.633041 0.648585 0.633041 0.688679 0.606725 0.688679
1 0.657895 0.686321 0.684211 0.686321 0.684211 0.735849 0.657895 0.735849
1 0.685672 0.658019 0.707602 0.658019 0.707602 0.716981 0.685672 0.716981
1 0.711988 0.620283 0.738304 0.620283 0.738304 0.665094 0.711988 0.665094
1 0.738304 0.646226 0.767544 0.646226 0.767544 0.688679 0.738304 0.688679
1 0.774854 0.615566 0.798246 0.615566 0.798246 0.662736 0.774854 0.662736
1 0.826023 0.568396 0.849415 0.568396 0.849415 0.608490 0.826023 0.608490
1 0.850877 0.509435 0.878655 0.509435 0.878655 0.554245 0.850877 0.554245
1 0.795322 0.535377 0.823100 0.535377 0.823100 0.573113 0.795322 0.573113
1 0.739766 0.533019 0.761696 0.533019 0.761696 0.577830 0.739766 0.577830
1 0.754386 0.580188 0.779240 0.580188 0.779240 0.615565 0.754386 0.615565
1 0.707602 0.561321 0.729532 0.561321 0.729532 0.601415 0.707602 0.601415
1 0.684210 0.533019 0.709064 0.533019 0.709064 0.573113 0.684210 0.573113
1 0.713450 0.497642 0.736842 0.497642 0.736842 0.537736 0.713450 0.537736
1 0.656433 0.490566 0.687135 0.490566 0.687135 0.528302 0.656433 0.528302
1 0.647661 0.558962 0.675439 0.558962 0.675439 0.601415 0.647661 0.601415
1 0.671053 0.584905 0.698831 0.584905 0.698831 0.620282 0.671053 0.620282
1 0.779240 0.681604 0.804094 0.681604 0.804094 0.719340 0.779240 0.719340
1 0.843567 0.636792 0.866959 0.636792 0.866959 0.679246 0.843567 0.679246
1 0.928362 0.580189 0.953216 0.580189 0.953216 0.617925 0.928362 0.617925
1 0.956140 0.530660 0.978070 0.530660 0.978070 0.573114 0.956140 0.573114
1 0.932748 0.511792 0.957602 0.511792 0.957602 0.563679 0.932748 0.563679
1 0.906433 0.606131 0.931287 0.606131 0.931287 0.648585 0.906433 0.648585
1 0.938596 0.641510 0.967836 0.641510 0.967836 0.681604 0.938596 0.681604
1 0.878655 0.632075 0.903509 0.632075 0.903509 0.669811 0.878655 0.669811
1 0.866959 0.705188 0.894737 0.705188 0.894737 0.747642 0.866959 0.747642
1 0.893275 0.514150 0.923977 0.514150 0.923977 0.556604 0.893275 0.556604
1 0.770468 0.516509 0.792398 0.516509 0.792398 0.554245 0.770468 0.554245
1 0.801169 0.603774 0.827485 0.603774 0.827485 0.648585 0.801169 0.648585
1 0.821637 0.632076 0.840643 0.632076 0.840643 0.674529 0.821637 0.674529
1 0.973684 0.875001 0.998538 0.875001 0.998538 0.919812 0.973684 0.919812
1 0.937134 0.898585 0.959064 0.898585 0.959064 0.941038 0.937134 0.941038
1 0.871345 0.839623 0.896199 0.839623 0.896199 0.889151 0.871345 0.889151
1 0.834795 0.853774 0.862573 0.853774 0.862573 0.891510 0.834795 0.891510
1 0.796784 0.875000 0.821638 0.875000 0.821638 0.915094 0.796784 0.915094
1 0.763158 0.893869 0.786550 0.893869 0.786550 0.938679 0.763158 0.938679
1 0.736842 0.929245 0.760234 0.929245 0.760234 0.971699 0.736842 0.971699
1 0.820175 0.804245 0.843567 0.804245 0.843567 0.844339 0.820175 0.844339
1 0.864035 0.801887 0.887427 0.801887 0.887427 0.832547 0.864035 0.832547
1 0.890351 0.759434 0.913743 0.759434 0.913743 0.799528 0.890351 0.799528
1 0.916667 0.778303 0.945907 0.778303 0.945907 0.813679 0.916667 0.813679
1 0.942982 0.799528 0.973684 0.799528 0.973684 0.851415 0.942982 0.851415
1 0.948830 0.728774 0.972222 0.728774 0.972222 0.768868 0.948830 0.768868
1 0.748538 0.714623 0.774854 0.714623 0.774854 0.761793 0.748538 0.761793
1 0.747076 0.761792 0.773392 0.761792 0.773392 0.799528 0.747076 0.799528
1 0.717836 0.721698 0.741228 0.721698 0.741228 0.759434 0.717836 0.759434
1 0.698830 0.742924 0.719298 0.742924 0.719298 0.787735 0.698830 0.787735
1 0.710526 0.801887 0.730994 0.801887 0.730994 0.839623 0.710526 0.839623
1 0.684210 0.851414 0.719298 0.851414 0.719298 0.903301 0.684210 0.903301
1 0.665205 0.917453 0.695907 0.917453 0.695907 0.962263 0.665205 0.962263
1 0.633041 0.926886 0.660819 0.926886 0.660819 0.969340 0.633041 0.969340
1 0.615497 0.872642 0.638889 0.872642 0.638889 0.917453 0.615497 0.917453
1 0.625731 0.834906 0.652047 0.834906 0.652047 0.872642 0.625731 0.872642
1 0.584795 0.856132 0.608187 0.856132 0.608187 0.910378 0.584795 0.910378
1 0.561403 0.900944 0.584795 0.900944 0.584795 0.943397 0.561403 0.943397
1 0.552631 0.813679 0.578947 0.813679 0.578947 0.853773 0.552631 0.853773
1 0.511696 0.846698 0.536550 0.846698 0.536550 0.893868 0.511696 0.893868
1 0.605263 0.959905 0.630117 0.959905 0.630117 0.995282 0.605263 0.995282
1 0.527778 0.917453 0.555556 0.917453 0.555556 0.976415 0.527778 0.976415
1 0.497076 0.950472 0.523392 0.950472 0.523392 0.990566 0.497076 0.990566
1 0.453216 0.870283 0.476608 0.870283 0.476608 0.915094 0.453216 0.915094
1 0.442982 0.917453 0.463450 0.917453 0.463450 0.957547 0.442982 0.957547
1 0.416667 0.912737 0.438597 0.912737 0.438597 0.957547 0.416667 0.957547
1 0.391813 0.952831 0.421053 0.952831 0.421053 0.997641 0.391813 0.997641
1 0.466374 0.962264 0.492690 0.962264 0.492690 1.000000 0.466374 1.000000
1 0.270468 0.936321 0.290936 0.936321 0.290936 0.969339 0.270468 0.969339
1 0.263158 0.886792 0.288012 0.886792 0.288012 0.929246 0.263158 0.929246
1 0.298246 0.950472 0.323100 0.950472 0.323100 1.000000 0.298246 1.000000
1 0.361111 0.966981 0.374269 0.966981 0.374269 0.995283 0.361111 0.995283
1 0.346491 0.966981 0.362573 0.966981 0.362573 0.995283 0.346491 0.995283
1 0.359649 0.860849 0.377193 0.860849 0.377193 0.900943 0.359649 0.900943
1 0.257310 0.952830 0.269006 0.952830 0.269006 0.957547 0.257310 0.957547
1 0.258772 0.959905 0.277778 0.959905 0.277778 0.983490 0.258772 0.983490
1 0.238304 0.797170 0.263158 0.797170 0.263158 0.841981 0.238304 0.841981
1 0.033626 0.849057 0.061404 0.849057 0.061404 0.879717 0.033626 0.879717
1 0.017544 0.820755 0.046784 0.820755 0.046784 0.860849 0.017544 0.860849
1 0.054093 0.783018 0.078947 0.783018 0.078947 0.825472 0.054093 0.825472
1 0.035088 0.771227 0.049708 0.771227 0.049708 0.804245 0.035088 0.804245
1 0.067251 0.410378 0.090643 0.410378 0.090643 0.452830 0.067251 0.452830
1 0.169591 0.389151 0.197369 0.389151 0.197369 0.424528 0.169591 0.424528
1 0.210526 0.389151 0.230994 0.389151 0.230994 0.429245 0.210526 0.429245
