1 0.129101 0.644680 0.152381 0.644680 0.152381 0.687234 0.129101 0.687234
3 0.013757 0.676596 0.111111 0.676596 0.111111 0.897872 0.013757 0.897872
3 0.171429 0.736170 0.267725 0.736170 0.267725 0.938298 0.171429 0.938298
3 0.264551 0.840426 0.340741 0.840426 0.340741 1.000000 0.264551 1.000000
3 0.175661 0.395745 0.278307 0.395745 0.278307 0.582979 0.175661 0.582979
3 0.076191 0.308511 0.175662 0.308511 0.175662 0.514894 0.076191 0.514894
3 0.168254 0.131914 0.250794 0.131914 0.250794 0.340425 0.168254 0.340425
3 0.252910 0.221276 0.349206 0.221276 0.349206 0.412766 0.252910 0.412766
3 0.634921 0.195745 0.731217 0.195745 0.731217 0.374468 0.634921 0.374468
3 0.629630 0.374467 0.692064 0.374467 0.692064 0.544681 0.629630 0.544681
3 0.652910 0.500000 0.782010 0.500000 0.782010 0.757447 0.652910 0.757447
3 0.780953 0.106383 0.873016 0.106383 0.873016 0.342553 0.780953 0.342553
3 0.769312 0.342554 0.842328 0.342554 0.842328 0.472340 0.769312 0.472340
3 0.856085 0.302127 0.964021 0.302127 0.964021 0.534042 0.856085 0.534042
3 0.559789 0.676595 0.627514 0.676595 0.627514 0.834043 0.559789 0.834043
3 0.393651 0.214894 0.477249 0.214894 0.477249 0.444680 0.393651 0.444680
3 0.644444 0.742554 0.713228 0.742554 0.713228 0.900000 0.644444 0.900000
