1 0.437837 0.477707 0.556756 0.477707 0.556756 0.605096 0.437837 0.605096
1 0.264865 0.414013 0.394595 0.414013 0.394595 0.566879 0.264865 0.566879
2 0.329730 0.732484 0.470271 0.732484 0.470271 0.910828 0.329730 0.910828
2 0.497297 0.592357 0.621621 0.592357 0.621621 0.745223 0.497297 0.745223
2 0.567568 0.757962 0.670270 0.757962 0.670270 0.910828 0.567568 0.910828
2 0.848649 0.496815 0.972973 0.496815 0.972973 0.656051 0.848649 0.656051
2 0.627027 0.484077 0.810811 0.484077 0.810811 0.649682 0.627027 0.649682
2 0.567567 0.038217 0.681081 0.038217 0.681081 0.184713 0.567567 0.184713
2 0.432432 0.280255 0.551351 0.280255 0.551351 0.420382 0.432432 0.420382
2 0.362162 0.082803 0.513513 0.082803 0.513513 0.229299 0.362162 0.229299
2 0.210811 0.070064 0.318919 0.070064 0.318919 0.229300 0.210811 0.229300
2 0.140541 0.439490 0.264865 0.439490 0.264865 0.585987 0.140541 0.585987
