0 0.002181 0.009464 0.034896 0.009464 0.034896 0.041010 0.002181 0.041010
0 0.023991 0.036804 0.040349 0.036804 0.040349 0.060989 0.023991 0.060989
0 0.044711 0.009464 0.067612 0.009464 0.067612 0.045216 0.044711 0.045216
0 0.070883 0.090431 0.109051 0.090431 0.109051 0.120925 0.070883 0.120925
0 0.121048 0.041009 0.149401 0.041009 0.149401 0.069401 0.121048 0.069401
0 0.141766 0.002103 0.174481 0.002103 0.174481 0.024185 0.141766 0.024185
0 0.214831 0.032598 0.252999 0.032598 0.252999 0.066246 0.214831 0.066246
0 0.127589 0.105152 0.159215 0.105152 0.159215 0.128286 0.127589 0.128286
0 0.098146 0.138801 0.136314 0.138801 0.136314 0.172450 0.098146 0.172450
0 0.039259 0.134595 0.067612 0.134595 0.067612 0.172451 0.039259 0.172451
0 0.018538 0.207151 0.041439 0.207151 0.041439 0.240799 0.018538 0.240799
0 0.055616 0.230285 0.083969 0.230285 0.083969 0.267087 0.055616 0.267087
0 0.027263 0.261829 0.054525 0.261829 0.054525 0.294426 0.027263 0.294426
0 0.166848 0.187172 0.200654 0.187172 0.200654 0.217666 0.166848 0.217666
0 0.188659 0.173502 0.215921 0.173502 0.215921 0.197687 0.188659 0.197687
0 0.193021 0.134596 0.223555 0.134596 0.223555 0.158781 0.193021 0.158781
0 0.231189 0.111461 0.266085 0.111461 0.266085 0.136699 0.231189 0.136699
0 0.264995 0.082019 0.295529 0.082019 0.295529 0.104101 0.264995 0.104101
0 0.314067 0.050473 0.355507 0.050473 0.355507 0.072555 0.314067 0.072555
0 0.324972 0.002103 0.369684 0.002103 0.369684 0.027339 0.324972 0.027339
0 0.321701 0.073607 0.359869 0.073607 0.359869 0.099895 0.321701 0.099895
0 0.231188 0.197687 0.263904 0.197687 0.263904 0.230284 0.231188 0.230284
0 0.245366 0.232387 0.286805 0.232387 0.286805 0.264985 0.245366 0.264985
0 0.293347 0.214512 0.324972 0.214512 0.324972 0.233438 0.293347 0.233438
0 0.340241 0.227129 0.368593 0.227129 0.368593 0.254469 0.340241 0.254469
0 0.193021 0.267088 0.227917 0.267088 0.227917 0.292324 0.193021 0.292324
0 0.197382 0.302839 0.229008 0.302839 0.229008 0.320715 0.197382 0.320715
0 0.279171 0.291272 0.300981 0.291272 0.300981 0.324922 0.279171 0.324922
0 0.412214 0.166141 0.440566 0.166141 0.440566 0.210305 0.412214 0.210305
0 0.450382 0.161935 0.467830 0.161935 0.467830 0.196635 0.450382 0.196635
0 0.468920 0.141956 0.489640 0.141956 0.489640 0.186120 0.468920 0.186120
0 0.080699 0.331230 0.113414 0.331230 0.113414 0.354364 0.080699 0.354364
0 0.139586 0.328076 0.179935 0.328076 0.179935 0.355416 0.139586 0.355416
0 0.309705 0.242902 0.334787 0.242902 0.334787 0.261829 0.309705 0.261829
0 0.056706 0.359621 0.076336 0.359621 0.076336 0.383806 0.056706 0.383806
0 0.079607 0.358570 0.111233 0.358570 0.111233 0.381704 0.079607 0.381704
0 0.044711 0.398528 0.063250 0.398528 0.063250 0.423764 0.044711 0.423764
0 0.023991 0.412197 0.051254 0.412197 0.051254 0.441640 0.023991 0.441640
0 0.041439 0.446898 0.066521 0.446898 0.066521 0.470032 0.041439 0.470032
0 0.066521 0.439537 0.099236 0.439537 0.099236 0.458464 0.066521 0.458464
0 0.031624 0.470032 0.058887 0.470032 0.058887 0.486856 0.031624 0.486856
0 0.073065 0.492114 0.105779 0.492114 0.105779 0.511041 0.073065 0.511041
0 0.116685 0.487907 0.149400 0.487907 0.149400 0.505783 0.116685 0.505783
0 0.211559 0.354364 0.251908 0.354364 0.251908 0.385910 0.211559 0.385910
0 0.260632 0.347003 0.293348 0.347003 0.293348 0.383806 0.260632 0.383806
0 0.275900 0.376446 0.300982 0.376446 0.300982 0.411146 0.275900 0.411146
0 0.250818 0.392219 0.274809 0.392219 0.274809 0.419559 0.250818 0.419559
0 0.249727 0.420610 0.274809 0.420610 0.274809 0.456362 0.249727 0.456362
0 0.209378 0.445847 0.243184 0.445847 0.243184 0.476341 0.209378 0.476341
0 0.316248 0.393270 0.347874 0.393270 0.347874 0.432176 0.316248 0.432176
0 0.351145 0.378549 0.387132 0.378549 0.387132 0.415353 0.351145 0.415353
0 0.124318 0.520505 0.157033 0.520505 0.157033 0.544689 0.124318 0.544689
0 0.071973 0.524711 0.091603 0.524711 0.091603 0.542587 0.071973 0.542587
0 0.103599 0.552050 0.131951 0.552050 0.131951 0.584647 0.103599 0.584647
0 0.079607 0.575184 0.103599 0.575184 0.103599 0.607781 0.079607 0.607781
0 0.039258 0.588854 0.073064 0.588854 0.073064 0.619348 0.039258 0.619348
0 0.242093 0.466877 0.279170 0.466877 0.279170 0.505783 0.242093 0.505783
0 0.239913 0.502628 0.267176 0.502628 0.267176 0.532072 0.239913 0.532072
0 0.291168 0.457413 0.319520 0.457413 0.319520 0.499474 0.291168 0.499474
0 0.326064 0.456362 0.353327 0.456362 0.353327 0.491062 0.326064 0.491062
0 0.347874 0.433228 0.382770 0.433228 0.382770 0.467928 0.347874 0.467928
0 0.294438 0.514196 0.338060 0.514196 0.338060 0.558360 0.294438 0.558360
0 0.260632 0.569927 0.297710 0.569927 0.297710 0.602523 0.260632 0.602523
0 0.384951 0.485804 0.423119 0.485804 0.423119 0.525762 0.384951 0.525762
0 0.461287 0.468981 0.491821 0.468981 0.491821 0.515247 0.461287 0.515247
0 0.475464 0.434280 0.505998 0.434280 0.505998 0.475289 0.475464 0.475289
0 0.444929 0.383806 0.479825 0.383806 0.479825 0.419558 0.444929 0.419558
0 0.411123 0.370137 0.450381 0.370137 0.450381 0.409043 0.411123 0.409043
0 0.413304 0.425868 0.446020 0.425868 0.446020 0.462671 0.413304 0.462671
0 0.138495 0.359621 0.173391 0.359621 0.173391 0.377497 0.138495 0.377497
0 0.080698 0.470031 0.110142 0.470031 0.110142 0.484752 0.080698 0.484752
0 0.346783 0.545741 0.376227 0.545741 0.376227 0.573081 0.346783 0.573081
0 0.353326 0.584647 0.386042 0.584647 0.386042 0.621450 0.353326 0.621450
0 0.027262 0.606730 0.050163 0.606730 0.050163 0.637224 0.027262 0.637224
0 0.009815 0.647739 0.037077 0.647739 0.037077 0.682439 0.009815 0.682439
0 0.081789 0.622503 0.100328 0.622503 0.100328 0.659305 0.081789 0.659305
0 0.111232 0.627761 0.140676 0.627761 0.140676 0.670874 0.111232 0.670874
0 0.089423 0.670872 0.109052 0.670872 0.109052 0.704522 0.089423 0.704522
0 0.110142 0.683492 0.122138 0.683492 0.122138 0.703470 0.110142 0.703470
0 0.010905 0.696110 0.037077 0.696110 0.037077 0.735016 0.010905 0.735016
0 0.083970 0.716088 0.119956 0.716088 0.119956 0.761304 0.083970 0.761304
0 0.124319 0.704522 0.142858 0.704522 0.142858 0.751840 0.124319 0.751840
0 0.105780 0.751840 0.135224 0.751840 0.135224 0.779180 0.105780 0.779180
0 0.089422 0.778128 0.116685 0.778128 0.116685 0.808622 0.089422 0.808622
0 0.166849 0.751840 0.203925 0.751840 0.203925 0.779180 0.166849 0.779180
0 0.184297 0.703470 0.214831 0.703470 0.214831 0.738170 0.184297 0.738170
0 0.205017 0.683491 0.229008 0.683491 0.229008 0.711882 0.205017 0.711882
0 0.207198 0.758149 0.243184 0.758149 0.243184 0.792849 0.207198 0.792849
0 0.255180 0.700315 0.288986 0.700315 0.288986 0.733965 0.255180 0.733965
0 0.237731 0.610936 0.273718 0.610936 0.273718 0.647739 0.237731 0.647739
0 0.290077 0.622502 0.324973 0.622502 0.324973 0.663512 0.290077 0.663512
0 0.314068 0.668770 0.347874 0.668770 0.347874 0.697161 0.314068 0.697161
0 0.384951 0.628812 0.425299 0.628812 0.425299 0.669822 0.384951 0.669822
0 0.383860 0.685594 0.412213 0.685594 0.412213 0.717140 0.383860 0.717140
0 0.346783 0.737119 0.381679 0.737119 0.381679 0.763407 0.346783 0.763407
0 0.341330 0.761304 0.375136 0.761304 0.375136 0.791798 0.341330 0.791798
0 0.437296 0.562565 0.476554 0.562565 0.476554 0.596214 0.437296 0.596214
0 0.411123 0.561515 0.437295 0.561515 0.437295 0.594112 0.411123 0.594112
0 0.462377 0.624605 0.488549 0.624605 0.488549 0.658254 0.462377 0.658254
0 0.479825 0.664564 0.504907 0.664564 0.504907 0.690852 0.479825 0.690852
0 0.311886 0.727655 0.336968 0.727655 0.336968 0.750789 0.311886 0.750789
0 0.186477 0.641430 0.219192 0.641430 0.219192 0.671924 0.186477 0.671924
0 0.232279 0.716089 0.257361 0.716089 0.257361 0.754995 0.232279 0.754995
0 0.219193 0.802314 0.254089 0.802314 0.254089 0.837014 0.219193 0.837014
0 0.178844 0.830705 0.217012 0.830705 0.217012 0.861199 0.178844 0.861199
0 0.124318 0.817035 0.151581 0.817035 0.151581 0.847529 0.124318 0.847529
0 0.063250 0.810725 0.083970 0.810725 0.083970 0.839117 0.063250 0.839117
0 0.042530 0.801262 0.067612 0.801262 0.067612 0.831756 0.042530 0.831756
0 0.027263 0.885383 0.047983 0.885383 0.047983 0.910620 0.027263 0.910620
0 0.101417 0.880127 0.113413 0.880127 0.113413 0.904311 0.101417 0.904311
0 0.067611 0.924290 0.099237 0.924290 0.099237 0.947424 0.067611 0.947424
0 0.109051 0.917981 0.139585 0.917981 0.139585 0.949527 0.109051 0.949527
0 0.098146 0.954784 0.124318 0.954784 0.124318 0.981072 0.098146 0.981072
0 0.039259 0.931651 0.057798 0.931651 0.057798 0.956888 0.039259 0.956888
0 0.214831 0.859096 0.252999 0.859096 0.252999 0.896950 0.214831 0.896950
0 0.005452 0.935857 0.021810 0.935857 0.021810 0.952681 0.005452 0.952681
0 0.004363 0.958990 0.023991 0.958990 0.023991 0.987382 0.004363 0.987382
0 0.149400 0.934806 0.163577 0.934806 0.163577 0.961094 0.149400 0.961094
0 0.249728 0.888539 0.284624 0.888539 0.284624 0.913775 0.249728 0.913775
0 0.340239 0.815983 0.367503 0.815983 0.367503 0.842271 0.340239 0.842271
0 0.310796 0.830705 0.347874 0.830705 0.347874 0.868560 0.310796 0.868560
0 0.309706 0.885384 0.351145 0.885384 0.351145 0.916930 0.309706 0.916930
0 0.292258 0.939011 0.328244 0.939011 0.328244 0.976866 0.292258 0.976866
0 0.386042 0.822292 0.426391 0.822292 0.426391 0.856992 0.386042 0.856992
0 0.427481 0.756046 0.453653 0.756046 0.453653 0.797056 0.427481 0.797056
0 0.484187 0.745531 0.512540 0.745531 0.512540 0.777077 0.484187 0.777077
0 0.411123 0.868559 0.441657 0.868559 0.441657 0.900105 0.411123 0.900105
0 0.374046 0.964249 0.395856 0.964249 0.395856 0.983175 0.374046 0.983175
0 0.418757 0.971609 0.444929 0.971609 0.444929 0.998949 0.418757 0.998949
0 0.407852 0.932703 0.436204 0.932703 0.436204 0.963197 0.407852 0.963197
0 0.351145 0.930599 0.374045 0.930599 0.374045 0.948475 0.351145 0.948475
0 0.413305 0.904311 0.444930 0.904311 0.444930 0.935857 0.413305 0.935857
0 0.444929 0.893796 0.484187 0.893796 0.484187 0.924290 0.444929 0.924290
0 0.521265 0.931651 0.548528 0.931651 0.548528 0.964248 0.521265 0.964248
0 0.549619 0.926394 0.568158 0.926394 0.568158 0.963197 0.549619 0.963197
0 0.569248 0.923239 0.595420 0.923239 0.595420 0.963197 0.569248 0.963197
0 0.636859 0.913775 0.661941 0.913775 0.661941 0.946372 0.636859 0.946372
0 0.551799 0.871714 0.573609 0.871714 0.573609 0.911672 0.551799 0.911672
0 0.519084 0.851735 0.545256 0.851735 0.545256 0.882229 0.519084 0.882229
0 0.540894 0.843323 0.561614 0.843323 0.561614 0.867507 0.540894 0.867507
0 0.512541 0.811777 0.551799 0.811777 0.551799 0.845426 0.512541 0.845426
0 0.610687 0.808623 0.639041 0.808623 0.639041 0.841220 0.610687 0.841220
0 0.576880 0.806520 0.595419 0.806520 0.595419 0.841220 0.576880 0.841220
0 0.556162 0.733965 0.586696 0.733965 0.586696 0.766562 0.556162 0.766562
0 0.570338 0.689800 0.595420 0.689800 0.595420 0.718191 0.570338 0.718191
0 0.606325 0.695057 0.632497 0.695057 0.632497 0.723449 0.606325 0.723449
0 0.704470 0.875920 0.748091 0.875920 0.748091 0.907466 0.704470 0.907466
0 0.703381 0.805468 0.745911 0.805468 0.745911 0.840168 0.703381 0.840168
0 0.745910 0.905363 0.774263 0.905363 0.774263 0.923239 0.745910 0.923239
0 0.621592 0.758150 0.656488 0.758150 0.656488 0.783386 0.621592 0.783386
0 0.639041 0.735016 0.670666 0.735016 0.670666 0.766562 0.639041 0.766562
0 0.653217 0.713986 0.679389 0.713986 0.679389 0.735016 0.653217 0.735016
0 0.669574 0.742377 0.705561 0.742377 0.705561 0.768665 0.669574 0.768665
0 0.788440 0.787592 0.813522 0.787592 0.813522 0.818086 0.788440 0.818086
0 0.804798 0.742377 0.837514 0.742377 0.837514 0.772871 0.804798 0.772871
0 0.755726 0.975815 0.791713 0.975815 0.791713 0.997897 0.755726 0.997897
0 0.791713 0.924290 0.832062 0.924290 0.832062 0.954784 0.791713 0.954784
0 0.857143 0.960042 0.894220 0.960042 0.894220 0.981072 0.857143 0.981072
0 0.887677 0.853838 0.918211 0.853838 0.918211 0.894848 0.887677 0.894848
0 0.911668 0.829654 0.956379 0.829654 0.956379 0.866456 0.911668 0.866456
0 0.741548 0.742376 0.775354 0.742376 0.775354 0.758150 0.741548 0.758150
0 0.871320 0.799159 0.893130 0.799159 0.893130 0.839117 0.871320 0.839117
0 0.740457 0.674028 0.776444 0.674028 0.776444 0.694006 0.740457 0.694006
0 0.713195 0.661409 0.742639 0.661409 0.742639 0.692955 0.713195 0.692955
0 0.966194 0.958990 0.997819 0.958990 0.997819 0.987382 0.966194 0.987382
0 0.895311 0.932703 0.929117 0.932703 0.929117 0.967403 0.895311 0.967403
0 0.972737 0.715037 0.994547 0.715037 0.994547 0.732913 0.972737 0.732913
0 0.946565 0.565720 0.977099 0.565720 0.977099 0.599369 0.946565 0.599369
0 0.904035 0.657203 0.928027 0.657203 0.928027 0.681387 0.904035 0.681387
0 0.936750 0.631966 0.969465 0.631966 0.969465 0.649842 0.936750 0.649842
0 0.979280 0.594111 0.997820 0.594111 0.997820 0.621451 0.979280 0.621451
0 0.900763 0.618296 0.934569 0.618296 0.934569 0.645636 0.900763 0.645636
0 0.878953 0.597267 0.917121 0.597267 0.917121 0.634069 0.878953 0.634069
0 0.852780 0.603575 0.880043 0.603575 0.880043 0.631966 0.852780 0.631966
0 0.840785 0.573082 0.874591 0.573082 0.874591 0.609884 0.840785 0.609884
0 0.608507 0.552051 0.653218 0.552051 0.653218 0.590957 0.608507 0.590957
0 0.657579 0.535226 0.694657 0.535226 0.694657 0.574132 0.657579 0.574132
0 0.764449 0.583596 0.793893 0.583596 0.793893 0.616193 0.764449 0.616193
0 0.792803 0.579390 0.812431 0.579390 0.812431 0.607781 0.792803 0.607781
0 0.784079 0.544689 0.820066 0.544689 0.820066 0.574133 0.784079 0.574133
0 0.899673 0.418507 0.934569 0.418507 0.934569 0.454259 0.899673 0.454259
0 0.758997 0.490010 0.797165 0.490010 0.797165 0.519454 0.758997 0.519454
0 0.840785 0.484752 0.869139 0.484752 0.869139 0.514196 0.840785 0.514196
0 0.824427 0.471083 0.847329 0.471083 0.847329 0.497371 0.824427 0.497371
0 0.801527 0.472135 0.822247 0.472135 0.822247 0.501578 0.801527 0.501578
0 0.809160 0.639327 0.856052 0.639327 0.856052 0.666667 0.809160 0.666667
0 0.725190 0.472135 0.752453 0.472135 0.752453 0.498423 0.725190 0.498423
0 0.775355 0.449001 0.818975 0.449001 0.818975 0.467929 0.775355 0.467929
0 0.755726 0.452155 0.775354 0.452155 0.775354 0.472134 0.755726 0.472134
0 0.785169 0.396425 0.816794 0.396425 0.816794 0.435331 0.785169 0.435331
0 0.567066 0.526814 0.595419 0.526814 0.595419 0.552050 0.567066 0.552050
0 0.561614 0.504733 0.585606 0.504733 0.585606 0.523659 0.561614 0.523659
0 0.687023 0.451105 0.707743 0.451105 0.707743 0.488959 0.687023 0.488959
0 0.620502 0.449001 0.658670 0.449001 0.658670 0.485805 0.620502 0.485805
0 0.936750 0.355415 0.969465 0.355415 0.969465 0.386961 0.936750 0.386961
0 0.853871 0.343849 0.887677 0.343849 0.887677 0.376445 0.853871 0.376445
0 0.739367 0.386961 0.776444 0.386961 0.776444 0.421661 0.739367 0.421661
0 0.610687 0.391168 0.649945 0.391168 0.649945 0.424817 0.610687 0.424817
0 0.599782 0.412197 0.624864 0.412197 0.624864 0.450052 0.599782 0.450052
0 0.546346 0.423764 0.579062 0.423764 0.579062 0.457414 0.546346 0.457414
0 0.563796 0.372240 0.596511 0.372240 0.596511 0.412198 0.563796 0.412198
0 0.532170 0.385910 0.557252 0.385910 0.557252 0.414300 0.532170 0.414300
0 0.508178 0.344900 0.532170 0.344900 0.532170 0.375394 0.508178 0.375394
0 0.640130 0.343849 0.667393 0.343849 0.667393 0.382755 0.640130 0.382755
0 0.655397 0.325972 0.682661 0.325972 0.682661 0.362776 0.655397 0.362776
0 0.773173 0.313354 0.797165 0.313354 0.797165 0.349106 0.773173 0.349106
0 0.896401 0.304942 0.932388 0.304942 0.932388 0.343848 0.896401 0.343848
0 0.934569 0.287066 0.968375 0.287066 0.968375 0.321766 0.934569 0.321766
0 0.907307 0.283912 0.933479 0.283912 0.933479 0.304942 0.907307 0.304942
0 0.950927 0.255521 0.978190 0.255521 0.978190 0.280757 0.950927 0.280757
0 0.953107 0.225026 0.984733 0.225026 0.984733 0.256572 0.953107 0.256572
0 0.834242 0.260779 0.874591 0.260779 0.874591 0.293376 0.834242 0.293376
0 0.821156 0.344900 0.854962 0.344900 0.854962 0.383806 0.821156 0.383806
0 0.684842 0.406939 0.714286 0.406939 0.714286 0.440588 0.684842 0.440588
0 0.583424 0.340694 0.604144 0.340694 0.604144 0.360673 0.583424 0.360673
0 0.797165 0.276551 0.830971 0.276551 0.830971 0.302839 0.797165 0.302839
0 0.898582 0.247108 0.931298 0.247108 0.931298 0.274448 0.898582 0.274448
0 0.858233 0.218716 0.900763 0.218716 0.900763 0.261829 0.858233 0.261829
0 0.684842 0.256572 0.713195 0.256572 0.713195 0.291272 0.684842 0.291272
0 0.693566 0.236593 0.718648 0.236593 0.718648 0.267087 0.693566 0.267087
0 0.743729 0.280757 0.768811 0.280757 0.768811 0.300736 0.743729 0.300736
0 0.731734 0.237644 0.758997 0.237644 0.758997 0.270241 0.731734 0.270241
0 0.793893 0.242902 0.824427 0.242902 0.824427 0.268139 0.793893 0.268139
0 0.758996 0.205047 0.796073 0.205047 0.796073 0.237644 0.758996 0.237644
0 0.652126 0.217666 0.684841 0.217666 0.684841 0.257624 0.652126 0.257624
0 0.582333 0.286015 0.610687 0.286015 0.610687 0.322818 0.582333 0.322818
0 0.668484 0.190326 0.699018 0.190326 0.699018 0.225026 0.668484 0.225026
0 0.705561 0.173502 0.747000 0.173502 0.747000 0.214511 0.705561 0.214511
0 0.817884 0.186119 0.860414 0.186119 0.860414 0.211357 0.817884 0.211357
0 0.793894 0.141956 0.829881 0.141956 0.829881 0.173502 0.793894 0.173502
0 0.809160 0.128285 0.841875 0.128285 0.841875 0.153523 0.809160 0.153523
0 0.952017 0.065195 0.992366 0.065195 0.992366 0.105153 0.952017 0.105153
0 0.854962 0.118822 0.893130 0.118822 0.893130 0.143008 0.854962 0.143008
0 0.631407 0.148265 0.661941 0.148265 0.661941 0.187171 0.631407 0.187171
0 0.568156 0.190326 0.591058 0.190326 0.591058 0.237645 0.568156 0.237645
0 0.512541 0.170347 0.540895 0.170347 0.540895 0.207151 0.512541 0.207151
0 0.563795 0.150368 0.588877 0.150368 0.588877 0.181914 0.563795 0.181914
0 0.576881 0.101998 0.599782 0.101998 0.599782 0.137750 0.576881 0.137750
0 0.738277 0.131441 0.756816 0.131441 0.756816 0.150367 0.738277 0.150367
0 0.756815 0.085173 0.802617 0.085173 0.802617 0.112513 0.756815 0.112513
0 0.528899 0.125132 0.562705 0.125132 0.562705 0.158780 0.528899 0.158780
0 0.606324 0.090431 0.629225 0.090431 0.629225 0.107255 0.606324 0.107255
0 0.507088 0.099895 0.529990 0.099895 0.529990 0.126183 0.507088 0.126183
0 0.543075 0.106204 0.560523 0.106204 0.560523 0.123028 0.543075 0.123028
0 0.738277 0.068349 0.762269 0.068349 0.762269 0.086225 0.738277 0.086225
0 0.706652 0.046268 0.741548 0.046268 0.741548 0.074659 0.706652 0.074659
0 0.749182 0.048370 0.787350 0.048370 0.787350 0.070452 0.749182 0.070452
0 0.841876 0.024185 0.875682 0.024185 0.875682 0.059937 0.841876 0.059937
0 0.979280 0.002103 0.998909 0.002103 0.998909 0.035751 0.979280 0.035751
0 0.787350 0.024185 0.826608 0.024185 0.826608 0.052576 0.787350 0.052576
0 0.869138 0.094637 0.894220 0.094637 0.894220 0.106204 0.869138 0.106204
0 0.678299 0.060989 0.708833 0.060989 0.708833 0.080967 0.678299 0.080967
0 0.670665 0.016824 0.708833 0.016824 0.708833 0.045215 0.670665 0.045215
0 0.637950 0.023134 0.676118 0.023134 0.676118 0.053628 0.637950 0.053628
0 0.627045 0.048370 0.656489 0.048370 0.656489 0.070452 0.627045 0.070452
0 0.393675 0.148265 0.414395 0.148265 0.414395 0.176656 0.393675 0.176656
0 0.429663 0.072555 0.471102 0.072555 0.471102 0.107255 0.429663 0.107255
0 0.362050 0.079916 0.395856 0.079916 0.395856 0.105153 0.362050 0.105153
0 0.371864 0.056783 0.424209 0.056783 0.424209 0.073607 0.371864 0.073607
0 0.592148 0.004207 0.615050 0.004207 0.615050 0.024185 0.592148 0.024185
0 0.562705 0.022082 0.584515 0.022082 0.584515 0.049422 0.562705 0.049422
0 0.549618 0.034700 0.563796 0.034700 0.563796 0.060988 0.549618 0.060988
0 0.536532 0.062040 0.555072 0.062040 0.555072 0.074658 0.536532 0.074658
0 0.429662 0.003155 0.447110 0.003155 0.447110 0.042061 0.429662 0.042061
0 0.381680 0.004206 0.403490 0.004206 0.403490 0.018927 0.381680 0.018927
0 0.570338 0.059937 0.594330 0.059937 0.594330 0.072555 0.570338 0.072555
0 0.652126 0.106204 0.681570 0.106204 0.681570 0.129338 0.652126 0.129338
0 0.496183 0.227129 0.526717 0.227129 0.526717 0.264985 0.496183 0.264985
0 0.505998 0.271294 0.548528 0.271294 0.548528 0.295479 0.505998 0.295479
0 0.490731 0.313355 0.525627 0.313355 0.525627 0.333334 0.490731 0.333334
0 0.502726 0.388012 0.526718 0.388012 0.526718 0.412197 0.502726 0.412197
0 0.427481 0.294427 0.453653 0.294427 0.453653 0.325973 0.427481 0.325973
0 0.528899 0.569927 0.562705 0.569927 0.562705 0.603576 0.528899 0.603576
0 0.525627 0.641430 0.564885 0.641430 0.564885 0.681388 0.525627 0.681388
0 0.537623 0.609884 0.572519 0.609884 0.572519 0.638275 0.537623 0.638275
0 0.572519 0.596214 0.596511 0.596214 0.596511 0.625658 0.572519 0.625658
0 0.162486 0.887487 0.206107 0.887487 0.206107 0.922187 0.162486 0.922187
0 0.252999 0.969506 0.273719 0.969506 0.273719 0.995794 0.252999 0.995794
0 0.317339 0.919033 0.341330 0.919033 0.341330 0.943217 0.317339 0.943217
0 0.381679 0.885384 0.402399 0.885384 0.402399 0.907466 0.381679 0.907466
0 0.540894 0.788644 0.570338 0.788644 0.570338 0.812828 0.540894 0.812828
0 0.009815 0.555204 0.037077 0.555204 0.037077 0.580441 0.009815 0.580441
2 0.664122 0.889590 0.690294 0.889590 0.690294 0.911672 0.664122 0.911672
