0 0.142540 0.267326 0.165925 0.267326 0.165925 0.299229 0.142540 0.299229
0 0.173719 0.271727 0.201559 0.271727 0.201559 0.312431 0.173719 0.312431
0 0.220490 0.155115 0.248330 0.155115 0.248330 0.193619 0.220490 0.193619
0 0.249443 0.201320 0.292873 0.201320 0.292873 0.243124 0.249443 0.243124
0 0.248330 0.244224 0.288419 0.244224 0.288419 0.280528 0.248330 0.280528
0 0.210467 0.271727 0.249443 0.271727 0.249443 0.315731 0.210467 0.315731
0 0.217149 0.066006 0.258352 0.066006 0.258352 0.095710 0.217149 0.095710
0 0.224944 0.096810 0.258352 0.096810 0.258352 0.127613 0.224944 0.127613
0 0.195991 0.101210 0.231625 0.101210 0.231625 0.141914 0.195991 0.141914
0 0.263919 0.046205 0.316258 0.046205 0.316258 0.085809 0.263919 0.085809
0 0.262806 0.089109 0.291760 0.089109 0.291760 0.113311 0.262806 0.113311
0 0.265034 0.115512 0.295100 0.115512 0.295100 0.146315 0.265034 0.146315
0 0.241649 0.128713 0.271715 0.128713 0.271715 0.168317 0.241649 0.168317
0 0.152561 0.169417 0.184855 0.169417 0.184855 0.206821 0.152561 0.206821
0 0.279510 0.181518 0.317372 0.181518 0.317372 0.211221 0.279510 0.211221
0 0.321826 0.165017 0.361916 0.165017 0.361916 0.205721 0.321826 0.205721
0 0.332962 0.202420 0.366370 0.202420 0.366370 0.240924 0.332962 0.240924
0 0.327394 0.239824 0.364142 0.239824 0.364142 0.275028 0.327394 0.275028
0 0.321826 0.036303 0.360802 0.036303 0.360802 0.072607 0.321826 0.072607
0 0.345212 0.073707 0.368596 0.073707 0.368596 0.112211 0.345212 0.112211
0 0.319599 0.067106 0.344099 0.067106 0.344099 0.113311 0.319599 0.113311
0 0.342984 0.126513 0.375278 0.126513 0.375278 0.168317 0.342984 0.168317
0 0.367483 0.178219 0.395323 0.178219 0.395323 0.212321 0.367483 0.212321
0 0.364143 0.051705 0.399778 0.051705 0.399778 0.090209 0.364143 0.090209
0 0.390869 0.083609 0.419822 0.083609 0.419822 0.107811 0.390869 0.107811
0 0.385301 0.139714 0.428731 0.139714 0.428731 0.172717 0.385301 0.172717
0 0.453229 0.132013 0.481069 0.132013 0.481069 0.167217 0.453229 0.167217
0 0.422049 0.161716 0.461025 0.161716 0.461025 0.202420 0.422049 0.202420
0 0.447661 0.089109 0.483296 0.089109 0.483296 0.125413 0.447661 0.125413
0 0.488864 0.091309 0.528953 0.091309 0.528953 0.123213 0.488864 0.123213
0 0.432071 0.243124 0.465479 0.243124 0.465479 0.278328 0.432071 0.278328
0 0.420935 0.290430 0.474387 0.290430 0.474387 0.320133 0.420935 0.320133
0 0.400891 0.180418 0.438753 0.180418 0.438753 0.218922 0.400891 0.218922
0 0.349666 0.333334 0.399778 0.333334 0.399778 0.365237 0.349666 0.365237
0 0.365256 0.360837 0.409799 0.360837 0.409799 0.390540 0.365256 0.390540
0 0.359687 0.392739 0.412027 0.392739 0.412027 0.430143 0.359687 0.430143
0 0.413140 0.427942 0.449888 0.427942 0.449888 0.474147 0.413140 0.474147
0 0.248330 0.424642 0.288419 0.424642 0.288419 0.464246 0.248330 0.464246
0 0.208240 0.360836 0.236080 0.360836 0.236080 0.403740 0.208240 0.403740
0 0.183742 0.422442 0.224944 0.422442 0.224944 0.453246 0.183742 0.453246
0 0.142539 0.404840 0.163697 0.404840 0.163697 0.451046 0.142539 0.451046
0 0.155901 0.382838 0.185969 0.382838 0.185969 0.423542 0.155901 0.423542
0 0.178174 0.365237 0.211582 0.365237 0.211582 0.418042 0.178174 0.418042
0 0.181514 0.310231 0.213808 0.310231 0.213808 0.353135 0.181514 0.353135
0 0.149221 0.302531 0.179288 0.302531 0.179288 0.356436 0.149221 0.356436
0 0.052338 0.579757 0.091314 0.579757 0.091314 0.625962 0.052338 0.625962
0 0.050111 0.630364 0.082405 0.630364 0.082405 0.661166 0.050111 0.661166
0 0.047884 0.504950 0.081292 0.504950 0.081292 0.536853 0.047884 0.536853
0 0.042316 0.541254 0.077952 0.541254 0.077952 0.563256 0.042316 0.563256
0 0.073496 0.553356 0.101336 0.553356 0.101336 0.584158 0.073496 0.584158
0 0.089086 0.444444 0.141425 0.444444 0.141425 0.479648 0.089086 0.479648
0 0.122495 0.463146 0.163697 0.463146 0.163697 0.503850 0.122495 0.503850
0 0.096881 0.561056 0.126948 0.561056 0.126948 0.611661 0.096881 0.611661
0 0.105791 0.642464 0.132517 0.642464 0.132517 0.682068 0.105791 0.682068
0 0.136971 0.651265 0.171493 0.651265 0.171493 0.693069 0.136971 0.693069
0 0.143653 0.708471 0.180401 0.708471 0.180401 0.746975 0.143653 0.746975
0 0.163697 0.742575 0.207127 0.742575 0.207127 0.772278 0.163697 0.772278
0 0.197105 0.779977 0.217149 0.779977 0.217149 0.808580 0.197105 0.808580
0 0.221603 0.779978 0.256124 0.779978 0.256124 0.819582 0.221603 0.819582
0 0.132516 0.564357 0.162583 0.564357 0.162583 0.606161 0.132516 0.606161
0 0.167038 0.555555 0.204900 0.555555 0.204900 0.587458 0.167038 0.587458
0 0.177060 0.650166 0.216036 0.650166 0.216036 0.680968 0.177060 0.680968
0 0.168151 0.469747 0.200445 0.469747 0.200445 0.493949 0.168151 0.493949
0 0.162583 0.111112 0.207126 0.111112 0.207126 0.162817 0.162583 0.162817
0 0.532294 0.181518 0.580178 0.181518 0.580178 0.210121 0.532294 0.210121
0 0.544544 0.137514 0.586860 0.137514 0.586860 0.177118 0.544544 0.177118
0 0.526726 0.089109 0.563474 0.089109 0.563474 0.132013 0.526726 0.132013
0 0.551225 0.242024 0.581292 0.242024 0.581292 0.273927 0.551225 0.273927
0 0.622494 0.336634 0.649220 0.336634 0.649220 0.389439 0.622494 0.389439
0 0.633630 0.269527 0.670378 0.269527 0.670378 0.302530 0.633630 0.302530
0 0.630290 0.165016 0.667038 0.165016 0.667038 0.201320 0.630290 0.201320
0 0.643652 0.200221 0.679288 0.200221 0.679288 0.229924 0.643652 0.229924
0 0.463252 0.387239 0.500000 0.387239 0.500000 0.423543 0.463252 0.423543
0 0.487751 0.352035 0.520045 0.352035 0.520045 0.390539 0.487751 0.390539
0 0.462138 0.320132 0.489978 0.320132 0.489978 0.369637 0.462138 0.369637
0 0.265034 0.513751 0.300669 0.513751 0.300669 0.553355 0.265034 0.553355
0 0.213809 0.534654 0.255012 0.534654 0.255012 0.575358 0.213809 0.575358
0 0.239421 0.570958 0.285077 0.570958 0.285077 0.623762 0.239421 0.623762
0 0.218262 0.628163 0.258352 0.628163 0.258352 0.669967 0.218262 0.669967
0 0.256125 0.723872 0.292873 0.723872 0.292873 0.760176 0.256125 0.760176
0 0.296214 0.699670 0.334076 0.699670 0.334076 0.738174 0.296214 0.738174
0 0.270601 0.831684 0.315144 0.831684 0.315144 0.864686 0.270601 0.864686
0 0.220490 0.830583 0.267261 0.830583 0.267261 0.871287 0.220490 0.871287
0 0.320712 0.854786 0.360801 0.854786 0.360801 0.887788 0.320712 0.887788
0 0.374165 0.865786 0.419821 0.865786 0.419821 0.900990 0.374165 0.900990
0 0.407573 0.909791 0.444321 0.909791 0.444321 0.944995 0.407573 0.944995
0 0.420936 0.861386 0.457684 0.861386 0.457684 0.907591 0.420936 0.907591
0 0.455457 0.861386 0.497773 0.861386 0.497773 0.907591 0.455457 0.907591
0 0.349666 0.693069 0.390869 0.693069 0.390869 0.730473 0.349666 0.730473
0 0.344098 0.632564 0.375278 0.632564 0.375278 0.677669 0.344098 0.677669
0 0.359688 0.581958 0.391982 0.581958 0.391982 0.618262 0.359688 0.618262
0 0.345212 0.545655 0.376392 0.545655 0.376392 0.577558 0.345212 0.577558
0 0.395323 0.606160 0.436526 0.606160 0.436526 0.654566 0.395323 0.654566
0 0.414254 0.636964 0.453230 0.636964 0.453230 0.682068 0.414254 0.682068
0 0.377505 0.547855 0.410913 0.547855 0.410913 0.579758 0.377505 0.579758
0 0.393096 0.488448 0.426504 0.488448 0.426504 0.518151 0.393096 0.518151
0 0.397550 0.519252 0.434298 0.519252 0.434298 0.555556 0.397550 0.555556
0 0.447662 0.592959 0.493318 0.592959 0.493318 0.627062 0.447662 0.627062
0 0.438753 0.524752 0.468820 0.524752 0.468820 0.563256 0.438753 0.563256
0 0.448775 0.459845 0.482183 0.459845 0.482183 0.488449 0.448775 0.488449
0 0.455456 0.426843 0.495546 0.426843 0.495546 0.458746 0.455456 0.458746
0 0.677060 0.315731 0.712696 0.315731 0.712696 0.346535 0.677060 0.346535
0 0.653675 0.341034 0.695991 0.341034 0.695991 0.369638 0.653675 0.369638
0 0.658129 0.378437 0.693765 0.378437 0.693765 0.410340 0.658129 0.410340
0 0.631403 0.390539 0.663697 0.390539 0.663697 0.425743 0.631403 0.425743
0 0.596882 0.380638 0.625835 0.380638 0.625835 0.402640 0.596882 0.402640
0 0.674832 0.260726 0.710468 0.260726 0.710468 0.288228 0.674832 0.288228
0 0.695991 0.279427 0.732739 0.279427 0.732739 0.310231 0.695991 0.310231
0 0.717149 0.299230 0.747217 0.299230 0.747217 0.334434 0.717149 0.334434
0 0.734967 0.337734 0.771715 0.337734 0.771715 0.365236 0.734967 0.365236
0 0.730512 0.368537 0.779510 0.368537 0.779510 0.404841 0.730512 0.404841
0 0.699331 0.352036 0.733853 0.352036 0.733853 0.385039 0.699331 0.385039
0 0.697105 0.388340 0.733853 0.388340 0.733853 0.422442 0.697105 0.422442
0 0.721603 0.407040 0.761692 0.407040 0.761692 0.442244 0.721603 0.442244
0 0.673719 0.457645 0.707127 0.457645 0.707127 0.489548 0.673719 0.489548
0 0.633630 0.446644 0.661470 0.446644 0.661470 0.479648 0.633630 0.479648
0 0.755011 0.463146 0.793987 0.463146 0.793987 0.499450 0.755011 0.499450
0 0.801781 0.465346 0.841870 0.465346 0.841870 0.493950 0.801781 0.493950
0 0.796214 0.432343 0.830735 0.432343 0.830735 0.463147 0.796214 0.463147
0 0.799555 0.404841 0.841871 0.404841 0.841871 0.432343 0.799555 0.432343
0 0.831848 0.436744 0.866370 0.436744 0.866370 0.477448 0.831848 0.477448
0 0.855235 0.471947 0.899778 0.471947 0.899778 0.512651 0.855235 0.512651
0 0.778396 0.490649 0.819600 0.490649 0.819600 0.529153 0.778396 0.529153
0 0.796214 0.521452 0.836303 0.521452 0.836303 0.550055 0.796214 0.550055
0 0.793986 0.545654 0.832962 0.545654 0.832962 0.584158 0.793986 0.584158
0 0.844098 0.523653 0.891982 0.523653 0.891982 0.556655 0.844098 0.556655
0 0.890869 0.522552 0.933185 0.522552 0.933185 0.563256 0.890869 0.563256
0 0.747216 0.523652 0.793986 0.523652 0.793986 0.561056 0.747216 0.561056
0 0.719376 0.562156 0.760580 0.562156 0.760580 0.600660 0.719376 0.600660
0 0.736081 0.587459 0.776170 0.587459 0.776170 0.625963 0.736081 0.625963
0 0.766147 0.559956 0.797327 0.559956 0.797327 0.597360 0.766147 0.597360
0 0.596882 0.559957 0.636972 0.559957 0.636972 0.590759 0.596882 0.590759
0 0.677060 0.574257 0.713808 0.574257 0.713808 0.614961 0.677060 0.614961
0 0.547884 0.576458 0.594654 0.576458 0.594654 0.613862 0.547884 0.613862
0 0.517817 0.607260 0.569043 0.607260 0.569043 0.636964 0.517817 0.636964
0 0.513363 0.636964 0.553453 0.636964 0.553453 0.676568 0.513363 0.676568
0 0.569042 0.687569 0.602450 0.687569 0.602450 0.729373 0.569042 0.729373
0 0.587973 0.635864 0.621381 0.635864 0.621381 0.684269 0.587973 0.684269
0 0.609131 0.476347 0.643652 0.476347 0.643652 0.523652 0.609131 0.523652
0 0.653675 0.528053 0.701559 0.528053 0.701559 0.565457 0.653675 0.565457
0 0.706013 0.535753 0.736081 0.535753 0.736081 0.562156 0.706013 0.562156
0 0.580178 0.411441 0.625835 0.411441 0.625835 0.451045 0.580178 0.451045
0 0.567929 0.458745 0.595769 0.458745 0.595769 0.490648 0.567929 0.490648
0 0.580179 0.489549 0.609132 0.489549 0.609132 0.534654 0.580179 0.534654
0 0.526725 0.416942 0.556793 0.416942 0.556793 0.451045 0.526725 0.451045
0 0.652561 0.495049 0.693765 0.495049 0.693765 0.528052 0.652561 0.528052
0 0.483296 0.776678 0.525612 0.776678 0.525612 0.818482 0.483296 0.818482
0 0.489978 0.737074 0.526726 0.737074 0.526726 0.771177 0.489978 0.771177
0 0.503341 0.676567 0.555679 0.676567 0.555679 0.727172 0.503341 0.727172
0 0.562361 0.732674 0.594655 0.732674 0.594655 0.763477 0.562361 0.763477
0 0.521158 0.829483 0.555679 0.829483 0.555679 0.864687 0.521158 0.864687
0 0.524500 0.875687 0.569043 0.875687 0.569043 0.913091 0.524500 0.913091
0 0.566815 0.845984 0.599109 0.845984 0.599109 0.883388 0.566815 0.883388
0 0.240535 0.686469 0.288419 0.686469 0.288419 0.726073 0.240535 0.726073
0 0.134744 0.523652 0.179287 0.523652 0.179287 0.548956 0.134744 0.548956
0 0.298441 0.423542 0.331849 0.423542 0.331849 0.462046 0.298441 0.462046
0 0.315145 0.497250 0.345212 0.497250 0.345212 0.550055 0.315145 0.550055
0 0.307349 0.322332 0.341871 0.322332 0.341871 0.368538 0.307349 0.368538
0 0.255012 0.293729 0.279511 0.293729 0.279511 0.333333 0.255012 0.333333
0 0.406459 0.030803 0.432071 0.030803 0.432071 0.073707 0.406459 0.073707
0 0.457683 0.064906 0.507794 0.064906 0.507794 0.097909 0.457683 0.097909
0 0.591314 0.218922 0.629176 0.218922 0.629176 0.251925 0.591314 0.251925
0 0.330735 0.388339 0.361915 0.388339 0.361915 0.430143 0.330735 0.430143
0 0.438753 0.822882 0.476615 0.822882 0.476615 0.850386 0.438753 0.850386
0 0.547884 0.759076 0.583520 0.759076 0.583520 0.797580 0.547884 0.797580
0 0.589086 0.765676 0.629175 0.765676 0.629175 0.800880 0.589086 0.800880
0 0.620267 0.689769 0.640313 0.689769 0.640313 0.735974 0.620267 0.735974
0 0.591313 0.729373 0.626949 0.729373 0.626949 0.770077 0.591313 0.770077
0 0.691537 0.642464 0.718263 0.642464 0.718263 0.694170 0.691537 0.694170
0 0.661470 0.658965 0.692650 0.658965 0.692650 0.707371 0.661470 0.707371
0 0.657015 0.619362 0.685968 0.619362 0.685968 0.650164 0.657015 0.650164
0 0.695991 0.590759 0.723831 0.590759 0.723831 0.629263 0.695991 0.629263
0 0.142539 0.201320 0.170379 0.201320 0.170379 0.236524 0.142539 0.236524
0 0.133631 0.234324 0.159243 0.234324 0.159243 0.257426 0.133631 0.257426
0 0.793987 0.744774 0.838530 0.744774 0.838530 0.782178 0.793987 0.782178
0 0.600223 0.938394 0.638085 0.938394 0.638085 0.975798 0.600223 0.975798
0 0.462138 0.707371 0.494432 0.707371 0.494432 0.745875 0.462138 0.745875
0 0.516704 0.529153 0.553452 0.529153 0.553452 0.558856 0.516704 0.558856
0 0.209354 0.201320 0.241648 0.201320 0.241648 0.232124 0.209354 0.232124
0 0.001114 0.382838 0.042316 0.382838 0.042316 0.411442 0.001114 0.411442
0 0.003341 0.408141 0.056793 0.408141 0.056793 0.442244 0.003341 0.442244
0 0.237193 0.341035 0.267260 0.341035 0.267260 0.372938 0.237193 0.372938
0 0.159243 0.433443 0.185969 0.433443 0.185969 0.466446 0.159243 0.466446
0 0.095769 0.519251 0.131404 0.519251 0.131404 0.544555 0.095769 0.544555
0 0.648107 0.694169 0.672606 0.694169 0.672606 0.731573 0.648107 0.731573
0 0.684855 0.206821 0.712695 0.206821 0.712695 0.229923 0.684855 0.229923
0 0.249443 0.762377 0.277283 0.762377 0.277283 0.792080 0.249443 0.792080
0 0.262806 0.790979 0.296214 0.790979 0.296214 0.820682 0.262806 0.820682
0 0.466592 0.222222 0.504454 0.222222 0.504454 0.253026 0.466592 0.253026
0 0.420936 0.220022 0.449889 0.220022 0.449889 0.239824 0.420936 0.239824
0 0.177061 0.206821 0.206014 0.206821 0.206014 0.229923 0.177061 0.229923
0 0.287305 0.462046 0.325167 0.462046 0.325167 0.481848 0.287305 0.481848
0 0.223831 0.485149 0.256125 0.485149 0.256125 0.507151 0.223831 0.507151
0 0.258352 0.473047 0.278396 0.473047 0.278396 0.490649 0.258352 0.490649
0 0.393096 0.433443 0.418708 0.433443 0.418708 0.456545 0.393096 0.456545
0 0.059020 0.075908 0.083518 0.075908 0.083518 0.105611 0.059020 0.105611
0 0.593541 0.189219 0.624721 0.189219 0.624721 0.209021 0.593541 0.209021
0 0.596882 0.170517 0.628062 0.170517 0.628062 0.189219 0.596882 0.189219
0 0.376392 0.114411 0.410913 0.114411 0.410913 0.140815 0.376392 0.140815
0 0.314031 0.378437 0.345211 0.378437 0.345211 0.410340 0.314031 0.410340
0 0.555679 0.431243 0.577951 0.431243 0.577951 0.456545 0.555679 0.456545
0 0.603564 0.596259 0.632517 0.596259 0.632517 0.631463 0.603564 0.631463
0 0.624722 0.621561 0.653675 0.621561 0.653675 0.646865 0.624722 0.646865
0 0.044544 0.799779 0.081292 0.799779 0.081292 0.825083 0.044544 0.825083
0 0.435412 0.045105 0.462138 0.045105 0.462138 0.068207 0.435412 0.068207
0 0.468820 0.519252 0.494432 0.519252 0.494432 0.540154 0.468820 0.540154
0 0.336303 0.523652 0.366369 0.523652 0.366369 0.548956 0.336303 0.548956
0 0.348552 0.727172 0.381960 0.727172 0.381960 0.760175 0.348552 0.760175
0 0.577951 0.817382 0.603563 0.817382 0.603563 0.838284 0.577951 0.838284
0 0.325167 0.119913 0.354121 0.119913 0.354121 0.152916 0.325167 0.152916
0 0.535635 0.204620 0.563475 0.204620 0.563475 0.229924 0.535635 0.229924
0 0.771715 0.611662 0.808463 0.611662 0.808463 0.642464 0.771715 0.642464
0 0.836303 0.567657 0.868597 0.567657 0.868597 0.597360 0.836303 0.597360
0 0.812917 0.597359 0.841870 0.597359 0.841870 0.622663 0.812917 0.622663
0 0.368597 0.897689 0.402005 0.897689 0.402005 0.922992 0.368597 0.922992
0 0.557906 0.645764 0.575723 0.645764 0.575723 0.682068 0.557906 0.682068
0 0.565701 0.551155 0.589086 0.551155 0.589086 0.569857 0.565701 0.569857
1 0.131403 0.005501 0.157015 0.005501 0.157015 0.019801 0.131403 0.019801
1 0.944321 0.588559 0.961025 0.588559 0.961025 0.608361 0.944321 0.608361
1 0.726058 0.259626 0.744989 0.259626 0.744989 0.278328 0.726058 0.278328
1 0.793987 0.242025 0.817372 0.242025 0.817372 0.269528 0.793987 0.269528
1 0.814031 0.174918 0.840757 0.174918 0.840757 0.199120 0.814031 0.199120
1 0.835189 0.188119 0.856347 0.188119 0.856347 0.210121 0.835189 0.210121
1 0.839643 0.258526 0.863028 0.258526 0.863028 0.281628 0.839643 0.281628
1 0.891983 0.128713 0.909799 0.128713 0.909799 0.156216 0.891983 0.156216
1 0.924277 0.181518 0.942094 0.181518 0.942094 0.202420 0.924277 0.202420
1 0.925389 0.209021 0.954342 0.209021 0.954342 0.232123 0.925389 0.232123
1 0.908686 0.138614 0.934298 0.138614 0.934298 0.159516 0.908686 0.159516
1 0.828508 0.017601 0.855234 0.017601 0.855234 0.046205 0.828508 0.046205
1 0.820712 0.000000 0.840758 0.000000 0.840758 0.028602 0.820712 0.028602
1 0.149220 0.948295 0.165924 0.948295 0.165924 0.972497 0.149220 0.972497
1 0.075723 0.968097 0.105791 0.968097 0.105791 0.985699 0.075723 0.985699
1 0.679287 0.908691 0.718263 0.908691 0.718263 0.927393 0.679287 0.927393
1 0.702673 0.851486 0.750557 0.851486 0.750557 0.883389 0.702673 0.883389
1 0.775056 0.804180 0.805123 0.804180 0.805123 0.825082 0.775056 0.825082
1 0.762806 0.694169 0.787305 0.694169 0.787305 0.730473 0.762806 0.730473
1 0.979956 0.438944 1.000000 0.438944 1.000000 0.462046 0.979956 0.462046
1 0.975500 0.386139 0.995546 0.386139 0.995546 0.407041 0.975500 0.407041
1 0.812918 0.264026 0.838530 0.264026 0.838530 0.284928 0.812918 0.284928
1 0.814032 0.201320 0.831848 0.201320 0.831848 0.225522 0.814032 0.225522
1 0.831848 0.160616 0.849665 0.160616 0.849665 0.173818 0.831848 0.173818
1 0.152561 0.860286 0.169265 0.860286 0.169265 0.878988 0.152561 0.878988
1 0.223831 0.973597 0.239421 0.973597 0.239421 0.993399 0.223831 0.993399
1 0.782851 0.000000 0.804009 0.000000 0.804009 0.023102 0.782851 0.023102
