0 0.287390 0.661632 0.343108 0.661632 0.343108 0.749244 0.287390 0.749244
0 0.252199 0.767372 0.334311 0.767372 0.334311 0.836858 0.252199 0.836858
0 0.706744 0.682779 0.797653 0.682779 0.797653 0.776435 0.706744 0.776435
0 0.577713 0.302115 0.653959 0.302115 0.653959 0.374623 0.577713 0.374623
1 0.387097 0.335347 0.451613 0.335347 0.451613 0.407855 0.387097 0.407855
1 0.463343 0.338369 0.507331 0.338369 0.507331 0.401813 0.463343 0.401813
1 0.530792 0.341390 0.583578 0.341390 0.583578 0.404834 0.530792 0.404834
1 0.548387 0.456194 0.592375 0.456194 0.592375 0.537764 0.548387 0.537764
1 0.595307 0.462236 0.642228 0.462236 0.642228 0.525680 0.595307 0.525680
1 0.639296 0.519637 0.692082 0.519637 0.692082 0.561933 0.639296 0.561933
1 0.727273 0.471299 0.782991 0.471299 0.782991 0.513595 0.727273 0.513595
1 0.709677 0.380665 0.762463 0.380665 0.762463 0.441088 0.709677 0.441088
1 0.378299 0.525680 0.431085 0.525680 0.431085 0.567976 0.378299 0.567976
1 0.457477 0.471299 0.536656 0.471299 0.536656 0.519637 0.457477 0.519637
1 0.381232 0.471299 0.448680 0.471299 0.448680 0.519637 0.381232 0.519637
1 0.431085 0.404834 0.480938 0.404834 0.480938 0.477342 0.431085 0.477342
1 0.398826 0.217522 0.457477 0.217522 0.457477 0.268882 0.398826 0.268882
1 0.451613 0.175227 0.516129 0.175227 0.516129 0.244713 0.451613 0.244713
1 0.451613 0.120846 0.507331 0.120846 0.507331 0.172206 0.451613 0.172206
1 0.501467 0.072507 0.551319 0.072507 0.551319 0.123867 0.501467 0.123867
1 0.539590 0.220544 0.586511 0.220544 0.586511 0.277946 0.539590 0.277946
1 0.598241 0.226586 0.642229 0.226586 0.642229 0.274924 0.598241 0.274924
1 0.360704 0.166163 0.407625 0.166163 0.407625 0.229607 0.360704 0.229607
1 0.398827 0.087613 0.460411 0.087613 0.460411 0.160121 0.398827 0.160121
1 0.310850 0.178248 0.351906 0.178248 0.351906 0.244712 0.310850 0.244712
1 0.346041 0.256797 0.390029 0.256797 0.390029 0.302115 0.346041 0.302115
1 0.366569 0.283988 0.419355 0.283988 0.419355 0.332326 0.366569 0.332326
1 0.454545 0.271904 0.504398 0.271904 0.504398 0.326285 0.454545 0.326285
1 0.513197 0.280967 0.563049 0.280967 0.563049 0.329305 0.513197 0.329305
1 0.697947 0.241692 0.753665 0.241692 0.753665 0.311178 0.697947 0.311178
1 0.589444 0.658610 0.639296 0.658610 0.639296 0.703928 0.589444 0.703928
1 0.656891 0.688821 0.697947 0.688821 0.697947 0.734139 0.656891 0.734139
1 0.689150 0.770393 0.741936 0.770393 0.741936 0.824774 0.689150 0.824774
1 0.750733 0.773413 0.809384 0.773413 0.809384 0.827794 0.750733 0.827794
1 0.815250 0.746224 0.870968 0.746224 0.870968 0.788520 0.815250 0.788520
1 0.609970 0.743202 0.668621 0.743202 0.668621 0.830815 0.609970 0.830815
1 0.574780 0.827795 0.627566 0.827795 0.627566 0.891239 0.574780 0.891239
1 0.557185 0.743202 0.607038 0.743202 0.607038 0.806646 0.557185 0.806646
1 0.457478 0.646525 0.507331 0.646525 0.507331 0.697885 0.457478 0.697885
1 0.542522 0.601209 0.595308 0.601209 0.595308 0.649547 0.542522 0.649547
1 0.501467 0.540786 0.551319 0.540786 0.551319 0.610272 0.501467 0.610272
1 0.524926 0.682780 0.571847 0.682780 0.571847 0.746224 0.524926 0.746224
1 0.472141 0.746224 0.527859 0.746224 0.527859 0.800605 0.472141 0.800605
1 0.513197 0.842901 0.568915 0.842901 0.568915 0.912387 0.513197 0.912387
1 0.539589 0.924471 0.609970 0.924471 0.609970 0.972809 0.539589 0.972809
1 0.621700 0.906344 0.680351 0.906344 0.680351 0.969788 0.621700 0.969788
1 0.700880 0.833836 0.756598 0.833836 0.756598 0.900301 0.700880 0.900301
1 0.653958 0.830816 0.712610 0.830816 0.712610 0.879154 0.653958 0.879154
1 0.782991 0.836858 0.841642 0.836858 0.841642 0.885196 0.782991 0.885196
1 0.821115 0.812689 0.876833 0.812689 0.876833 0.851963 0.821115 0.851963
1 0.835777 0.876133 0.906158 0.876133 0.906158 0.933535 0.835777 0.933535
1 0.753665 0.894260 0.803518 0.894260 0.803518 0.942598 0.753665 0.942598
1 0.844575 0.329305 0.897361 0.329305 0.897361 0.386707 0.844575 0.386707
1 0.868035 0.280967 0.920821 0.280967 0.920821 0.338369 0.868035 0.338369
1 0.912024 0.317220 0.967742 0.317220 0.967742 0.374622 0.912024 0.374622
1 0.944282 0.362538 1.000000 0.362538 1.000000 0.404834 0.944282 0.404834
1 0.947214 0.265861 0.994135 0.265861 0.994135 0.311179 0.947214 0.311179
1 0.812316 0.268883 0.862169 0.268883 0.862169 0.329306 0.812316 0.329306
1 0.762463 0.190332 0.821114 0.190332 0.821114 0.247734 0.762463 0.247734
1 0.768328 0.401813 0.826979 0.401813 0.826979 0.459215 0.768328 0.459215
1 0.832845 0.462236 0.888563 0.462236 0.888563 0.528701 0.832845 0.528701
1 0.870968 0.392749 0.923754 0.392749 0.923754 0.453172 0.870968 0.453172
1 0.935484 0.468278 0.994135 0.468278 0.994135 0.522659 0.935484 0.522659
1 0.897361 0.519637 0.953079 0.519637 0.953079 0.577039 0.897361 0.577039
1 0.868035 0.589124 0.991202 0.589124 0.991202 0.652568 0.868035 0.652568
1 0.785924 0.540785 0.850440 0.540785 0.850440 0.592145 0.785924 0.592145
1 0.768328 0.601208 0.841642 0.601208 0.841642 0.652568 0.768328 0.652568
1 0.853372 0.628398 0.906158 0.628398 0.906158 0.673716 0.853372 0.673716
1 0.351906 0.646526 0.404692 0.646526 0.404692 0.703928 0.351906 0.703928
1 0.434017 0.601209 0.495601 0.601209 0.495601 0.664653 0.434017 0.664653
1 0.410557 0.658611 0.451613 0.658611 0.451613 0.719033 0.410557 0.719033
1 0.346042 0.755287 0.404693 0.755287 0.404693 0.812689 0.346042 0.812689
1 0.454546 0.703927 0.510264 0.703927 0.510264 0.755287 0.454546 0.755287
1 0.413490 0.876133 0.460411 0.876133 0.460411 0.936555 0.413490 0.936555
1 0.378300 0.945619 0.448681 0.945619 0.448681 0.990936 0.378300 0.990936
1 0.457479 0.954682 0.516130 0.954682 0.516130 1.000000 0.457479 1.000000
1 0.319648 0.939577 0.372434 0.939577 0.372434 0.990937 0.319648 0.990937
1 0.334311 0.885196 0.390029 0.885196 0.390029 0.942598 0.334311 0.942598
1 0.322581 0.824773 0.387097 0.824773 0.387097 0.876133 0.322581 0.876133
1 0.246334 0.873112 0.307918 0.873112 0.307918 0.930514 0.246334 0.930514
1 0.187683 0.842901 0.240469 0.842901 0.240469 0.909366 0.187683 0.909366
1 0.131965 0.912386 0.184751 0.912386 0.184751 0.966768 0.131965 0.966768
1 0.102639 0.933534 0.143695 0.933534 0.143695 0.978851 0.102639 0.978851
1 0.046921 0.833837 0.108505 0.833837 0.108505 0.894259 0.046921 0.894259
1 0.108505 0.818731 0.167156 0.818731 0.167156 0.873112 0.108505 0.873112
1 0.108504 0.779456 0.158357 0.779456 0.158357 0.821752 0.108504 0.821752
1 0.158358 0.788520 0.211144 0.788520 0.211144 0.830816 0.158358 0.830816
1 0.173021 0.734139 0.217009 0.734139 0.217009 0.788520 0.173021 0.788520
1 0.217009 0.697885 0.278593 0.697885 0.278593 0.749245 0.217009 0.749245
1 0.222874 0.755286 0.287390 0.755286 0.287390 0.794561 0.222874 0.794561
1 0.005865 0.885197 0.064517 0.885197 0.064517 0.945619 0.005865 0.945619
1 0.067449 0.691843 0.173021 0.691843 0.173021 0.749245 0.067449 0.749245
1 0.219942 0.637462 0.299121 0.637462 0.299121 0.685800 0.219942 0.685800
1 0.187684 0.477341 0.246335 0.477341 0.246335 0.540785 0.187684 0.540785
1 0.161290 0.561934 0.214076 0.561934 0.214076 0.610272 0.161290 0.610272
1 0.269795 0.060423 0.334311 0.060423 0.334311 0.123867 0.269795 0.123867
1 0.225807 0.253777 0.281525 0.253777 0.281525 0.308158 0.225807 0.308158
1 0.243402 0.314200 0.296188 0.314200 0.296188 0.353474 0.243402 0.353474
1 0.167156 0.075528 0.222874 0.075528 0.222874 0.126888 0.167156 0.126888
1 0.134898 0.141994 0.184750 0.141994 0.184750 0.208459 0.134898 0.208459
1 0.090909 0.181268 0.143695 0.181268 0.143695 0.235650 0.090909 0.235650
1 0.108504 0.265861 0.161290 0.265861 0.161290 0.329305 0.108504 0.329305
1 0.173020 0.241692 0.219941 0.241692 0.219941 0.305136 0.173020 0.305136
1 0.208211 0.163142 0.266863 0.163142 0.266863 0.214502 0.208211 0.214502
1 0.158358 0.326284 0.214076 0.326284 0.214076 0.386707 0.158358 0.386707
1 0.131965 0.383686 0.178886 0.383686 0.178886 0.435046 0.131965 0.435046
1 0.269795 0.410876 0.325513 0.410876 0.325513 0.468278 0.269795 0.468278
1 0.293255 0.341390 0.348973 0.341390 0.348973 0.401813 0.293255 0.401813
1 0.052786 0.383686 0.114370 0.383686 0.114370 0.447130 0.052786 0.447130
1 0.070381 0.326284 0.129032 0.326284 0.129032 0.377644 0.070381 0.377644
1 0.105572 0.477341 0.170088 0.477341 0.170088 0.531722 0.105572 0.531722
1 0.076247 0.564955 0.131965 0.564955 0.131965 0.613293 0.076247 0.613293
1 0.038124 0.595167 0.085044 0.595167 0.085044 0.655589 0.038124 0.655589
1 0.131965 0.634440 0.196481 0.634440 0.196481 0.688821 0.131965 0.688821
1 0.246335 0.549848 0.304986 0.549848 0.304986 0.604229 0.246335 0.604229
1 0.219942 0.425982 0.266863 0.425982 0.266863 0.474320 0.219942 0.474320
1 0.231672 0.371601 0.278593 0.371601 0.278593 0.429003 0.231672 0.429003
1 0.093842 0.051360 0.149560 0.051360 0.149560 0.111783 0.093842 0.111783
1 0.205279 0.009063 0.255132 0.009063 0.255132 0.060423 0.205279 0.060423
1 0.366569 0.033232 0.416423 0.033232 0.416423 0.078550 0.366569 0.078550
1 0.008797 0.320242 0.058650 0.320242 0.058650 0.380665 0.008797 0.380665
1 0.061583 0.235650 0.099706 0.235650 0.099706 0.290031 0.061583 0.290031
1 0.366569 0.404834 0.419355 0.404834 0.419355 0.456194 0.366569 0.456194
1 0.645161 0.404834 0.697947 0.404834 0.697947 0.447130 0.645161 0.447130
1 0.668622 0.456193 0.718475 0.456193 0.718475 0.498489 0.668622 0.498489
1 0.741935 0.305136 0.794721 0.305136 0.794721 0.389728 0.741935 0.389728
1 0.903226 0.737160 0.958944 0.737160 0.958944 0.788520 0.903226 0.788520
1 0.926686 0.803625 0.991202 0.803625 0.991202 0.858007 0.926686 0.858007
1 0.953079 0.879154 1.000000 0.879154 1.000000 0.942598 0.953079 0.942598
1 0.926686 0.939577 0.973607 0.939577 0.973607 0.990937 0.926686 0.990937
1 0.847507 0.951662 0.900293 0.951662 0.900293 1.000000 0.847507 1.000000
1 0.853372 0.009064 0.900293 0.009064 0.900293 0.057402 0.853372 0.057402
1 0.885630 0.099698 0.935483 0.099698 0.935483 0.157100 0.885630 0.157100
1 0.932551 0.132931 0.979472 0.132931 0.979472 0.202417 0.932551 0.202417
1 0.876833 0.169184 0.923754 0.169184 0.923754 0.202418 0.876833 0.202418
1 0.803519 0.117824 0.859237 0.117824 0.859237 0.178248 0.803519 0.178248
1 0.686217 0.114804 0.741935 0.114804 0.741935 0.190333 0.686217 0.190333
1 0.662756 0.021148 0.721407 0.021148 0.721407 0.078550 0.662756 0.078550
1 0.604105 0.135952 0.662756 0.135952 0.662756 0.184290 0.604105 0.184290
1 0.656891 0.214502 0.697947 0.214502 0.697947 0.274925 0.656891 0.274925
1 0.715542 0.202417 0.756598 0.202417 0.756598 0.244713 0.715542 0.244713
1 0.777126 0.063445 0.838710 0.063445 0.838710 0.108761 0.777126 0.108761
1 0.419355 0.815710 0.483871 0.815710 0.483871 0.864048 0.419355 0.864048
1 0.178885 0.924472 0.266863 0.924472 0.266863 0.990936 0.178885 0.990936
1 0.070381 0.882176 0.126099 0.882176 0.126099 0.927493 0.070381 0.927493
1 0.002932 0.676737 0.064516 0.676737 0.064516 0.728097 0.002932 0.728097
1 0.020529 0.534744 0.070381 0.534744 0.070381 0.595166 0.020529 0.595166
1 0.070381 0.516617 0.108504 0.516617 0.108504 0.555891 0.070381 0.555891
1 0.381232 0.577040 0.439883 0.577040 0.439883 0.637462 0.381232 0.637462
1 0.240469 0.114804 0.325513 0.114804 0.325513 0.172206 0.240469 0.172206
1 0.571847 0.063444 0.639297 0.063444 0.639297 0.148036 0.571847 0.148036
