1 0.008529 0.046316 0.036248 0.046316 0.036248 0.073684 0.008529 0.073684
1 0.023455 0.014736 0.055438 0.014736 0.055438 0.040000 0.023455 0.040000
1 0.055437 0.107369 0.102345 0.107369 0.102345 0.141053 0.055437 0.141053
1 0.095948 0.267369 0.130063 0.267369 0.130063 0.301053 0.095948 0.301053
1 0.179104 0.347368 0.221748 0.347368 0.221748 0.385263 0.179104 0.385263
1 0.260128 0.160000 0.294243 0.160000 0.294243 0.200000 0.260128 0.200000
1 0.861407 0.602105 0.901919 0.602105 0.901919 0.642105 0.861407 0.642105
1 0.912579 0.581052 0.944563 0.581052 0.944563 0.610526 0.912579 0.610526
1 0.946696 0.553685 0.980810 0.553685 0.980810 0.585264 0.946696 0.585264
1 0.961620 0.578947 1.000000 0.578947 1.000000 0.621053 0.961620 0.621053
1 0.795310 0.644211 0.831556 0.644211 0.831556 0.675790 0.795310 0.675790
1 0.872068 0.692632 0.901919 0.692632 0.901919 0.726316 0.872068 0.726316
1 0.786780 0.734737 0.827292 0.734737 0.827292 0.778948 0.786780 0.778948
1 0.697228 0.673684 0.729212 0.673684 0.729212 0.724210 0.697228 0.724210
1 0.837952 0.760000 0.867804 0.760000 0.867804 0.795790 0.837952 0.795790
1 0.656716 0.732632 0.686567 0.732632 0.686567 0.772632 0.656716 0.772632
1 0.639659 0.684210 0.680171 0.684210 0.680171 0.726316 0.639659 0.726316
1 0.631130 0.766316 0.660981 0.766316 0.660981 0.804211 0.631130 0.804211
1 0.601279 0.734737 0.639659 0.734737 0.639659 0.778948 0.601279 0.778948
1 0.571428 0.762105 0.609808 0.762105 0.609808 0.791579 0.571428 0.791579
1 0.492537 0.812631 0.530917 0.812631 0.530917 0.848421 0.492537 0.848421
1 0.541578 0.812631 0.582090 0.812631 0.582090 0.854737 0.541578 0.854737
1 0.443497 0.751579 0.509595 0.751579 0.509595 0.776842 0.443497 0.776842
1 0.394456 0.821052 0.443497 0.821052 0.443497 0.856842 0.394456 0.856842
1 0.341151 0.785263 0.377399 0.785263 0.377399 0.818947 0.341151 0.818947
1 0.437101 0.869474 0.469083 0.869474 0.469083 0.896842 0.437101 0.896842
1 0.492538 0.896842 0.528784 0.896842 0.528784 0.930526 0.492538 0.930526
1 0.569296 0.926315 0.626865 0.926315 0.626865 0.957894 0.569296 0.957894
1 0.609808 0.850526 0.641792 0.850526 0.641792 0.884210 0.609808 0.884210
1 0.731344 0.829474 0.786780 0.829474 0.786780 0.869474 0.731344 0.869474
1 0.714285 0.894736 0.746269 0.894736 0.746269 0.926315 0.714285 0.926315
1 0.750532 0.926316 0.780384 0.926316 0.780384 0.953684 0.750532 0.953684
1 0.390192 0.730526 0.426440 0.730526 0.426440 0.772632 0.390192 0.772632
1 0.328357 0.692632 0.356077 0.692632 0.356077 0.715790 0.328357 0.715790
1 0.358209 0.694736 0.381663 0.694736 0.381663 0.715789 0.358209 0.715789
1 0.432835 0.656842 0.469083 0.656842 0.469083 0.680000 0.432835 0.680000
1 0.417910 0.673685 0.456290 0.673685 0.456290 0.694738 0.417910 0.694738
1 0.356077 0.745263 0.381663 0.745263 0.381663 0.772631 0.356077 0.772631
1 0.168443 0.797894 0.206823 0.797894 0.206823 0.829473 0.168443 0.829473
1 0.228145 0.776842 0.260128 0.776842 0.260128 0.812632 0.228145 0.812632
1 0.255864 0.816842 0.285714 0.816842 0.285714 0.840000 0.255864 0.840000
1 0.279317 0.802106 0.311300 0.802106 0.311300 0.827369 0.279317 0.827369
1 0.249467 0.743158 0.279317 0.743158 0.279317 0.762105 0.249467 0.762105
1 0.063966 0.875789 0.093816 0.875789 0.093816 0.911579 0.063966 0.911579
1 0.157782 0.901052 0.211087 0.901052 0.211087 0.943157 0.157782 0.943157
1 0.153518 0.856842 0.183369 0.856842 0.183369 0.886316 0.153518 0.886316
1 0.223881 0.869474 0.255864 0.869474 0.255864 0.911579 0.223881 0.911579
1 0.275054 0.949474 0.309169 0.949474 0.309169 0.989474 0.275054 0.989474
1 0.309169 0.926315 0.341151 0.926315 0.341151 0.970526 0.309169 0.970526
1 0.379531 0.875790 0.405117 0.875790 0.405117 0.903158 0.379531 0.903158
1 0.275053 0.890526 0.302772 0.890526 0.302772 0.924210 0.275053 0.924210
1 0.611940 0.576842 0.639660 0.576842 0.639660 0.612631 0.611940 0.612631
1 0.737741 0.587368 0.773987 0.587368 0.773987 0.610526 0.737741 0.610526
1 0.750534 0.503158 0.784648 0.503158 0.784648 0.536842 0.750534 0.536842
1 0.688699 0.566316 0.718550 0.566316 0.718550 0.595790 0.688699 0.595790
1 0.460554 0.600000 0.494669 0.600000 0.494669 0.625263 0.460554 0.625263
1 0.422175 0.625263 0.447761 0.625263 0.447761 0.650527 0.422175 0.650527
1 0.569296 0.589474 0.597016 0.589474 0.597016 0.616842 0.569296 0.616842
1 0.605544 0.604211 0.633263 0.604211 0.633263 0.631579 0.605544 0.631579
1 0.215352 0.635789 0.247334 0.635789 0.247334 0.675789 0.215352 0.675789
1 0.253731 0.621053 0.296375 0.621053 0.296375 0.644211 0.253731 0.644211
1 0.140725 0.680000 0.172707 0.680000 0.172707 0.713684 0.140725 0.713684
1 0.110875 0.711579 0.142857 0.711579 0.142857 0.743158 0.110875 0.743158
1 0.104478 0.602105 0.138593 0.602105 0.138593 0.631579 0.104478 0.631579
1 0.136461 0.555790 0.164180 0.555790 0.164180 0.593685 0.136461 0.593685
1 0.083156 0.526316 0.127932 0.526316 0.127932 0.560000 0.083156 0.560000
1 0.002131 0.536842 0.051172 0.536842 0.051172 0.570526 0.002131 0.570526
1 0.002132 0.572632 0.036248 0.572632 0.036248 0.623158 0.002132 0.623158
1 0.437100 0.018947 0.484008 0.018947 0.484008 0.054737 0.437100 0.054737
1 0.616204 0.012632 0.643923 0.012632 0.643923 0.063158 0.616204 0.063158
1 0.761194 0.025263 0.810234 0.025263 0.810234 0.082105 0.761194 0.082105
1 0.823028 0.006316 0.863540 0.006316 0.863540 0.052632 0.823028 0.052632
1 0.652451 0.075790 0.682303 0.075790 0.682303 0.103158 0.652451 0.103158
1 0.665246 0.077895 0.699360 0.077895 0.699360 0.130527 0.665246 0.130527
1 0.571429 0.197895 0.614073 0.197895 0.614073 0.244211 0.571429 0.244211
1 0.699360 0.197895 0.744136 0.197895 0.744136 0.240000 0.699360 0.240000
1 0.690832 0.244210 0.724946 0.244210 0.724946 0.275790 0.690832 0.275790
1 0.654585 0.212632 0.688699 0.212632 0.688699 0.254736 0.654585 0.254736
1 0.528784 0.282106 0.577826 0.282106 0.577826 0.324210 0.528784 0.324210
1 0.460554 0.265263 0.496802 0.265263 0.496802 0.305263 0.460554 0.305263
1 0.289979 0.204210 0.315565 0.204210 0.315565 0.235790 0.289979 0.235790
1 0.345415 0.206316 0.373135 0.206316 0.373135 0.240000 0.345415 0.240000
1 0.332622 0.151579 0.364605 0.151579 0.364605 0.191579 0.332622 0.191579
1 0.002133 0.280000 0.034115 0.280000 0.034115 0.320000 0.002133 0.320000
1 0.014925 0.658948 0.057569 0.658948 0.057569 0.690527 0.014925 0.690527
1 0.002132 0.705263 0.044776 0.705263 0.044776 0.732631 0.002132 0.732631
1 0.002131 0.810526 0.029850 0.810526 0.029850 0.840000 0.002131 0.840000
1 0.142857 0.738947 0.168443 0.738947 0.168443 0.762105 0.142857 0.762105
1 0.633262 0.814737 0.663114 0.814737 0.663114 0.842105 0.633262 0.842105
1 0.707890 0.389474 0.744136 0.389474 0.744136 0.410527 0.707890 0.410527
1 0.739873 0.343158 0.776119 0.343158 0.776119 0.387369 0.739873 0.387369
1 0.671642 0.349473 0.714286 0.349473 0.714286 0.385262 0.671642 0.385262
1 0.695096 0.322105 0.737740 0.322105 0.737740 0.351579 0.695096 0.351579
1 0.643923 0.309474 0.686567 0.309474 0.686567 0.345262 0.643923 0.345262
1 0.754797 0.227369 0.793177 0.227369 0.793177 0.275790 0.754797 0.275790
1 0.703624 0.271579 0.733476 0.271579 0.733476 0.301053 0.703624 0.301053
1 0.507463 0.347368 0.547975 0.347368 0.547975 0.378947 0.507463 0.378947
1 0.447762 0.366316 0.479745 0.366316 0.479745 0.393684 0.447762 0.393684
1 0.507462 0.389474 0.537313 0.389474 0.537313 0.418948 0.507462 0.418948
1 0.407250 0.471579 0.437101 0.471579 0.437101 0.505263 0.407250 0.505263
1 0.550106 0.446315 0.590618 0.446315 0.590618 0.484210 0.550106 0.484210
1 0.475480 0.570526 0.520256 0.570526 0.520256 0.589473 0.475480 0.589473
1 0.528785 0.553685 0.552239 0.553685 0.552239 0.578948 0.528785 0.578948
1 0.164179 0.974737 0.200427 0.974737 0.200427 1.000000 0.164179 1.000000
1 0.439232 0.810526 0.477612 0.810526 0.477612 0.833684 0.439232 0.833684
1 0.716418 0.762105 0.754798 0.762105 0.754798 0.800001 0.716418 0.800001
1 0.155650 0.393684 0.196162 0.393684 0.196162 0.425264 0.155650 0.425264
1 0.797441 0.214736 0.829425 0.214736 0.829425 0.256842 0.797441 0.256842
1 0.759063 0.155790 0.795310 0.155790 0.795310 0.206316 0.759063 0.206316
1 0.341151 0.652631 0.385927 0.652631 0.385927 0.682105 0.341151 0.682105
1 0.496802 0.644211 0.541578 0.644211 0.541578 0.680000 0.496802 0.680000
1 0.492537 0.631579 0.518123 0.631579 0.518123 0.656842 0.492537 0.656842
1 0.104478 0.193684 0.127932 0.193684 0.127932 0.216842 0.104478 0.216842
1 0.637526 0.557895 0.675906 0.557895 0.675906 0.587369 0.637526 0.587369
1 0.368870 0.938948 0.392324 0.938948 0.392324 0.966316 0.368870 0.966316
1 0.460554 0.833684 0.479744 0.833684 0.479744 0.852631 0.460554 0.852631
1 0.208955 0.418948 0.253731 0.418948 0.253731 0.446316 0.208955 0.446316
1 0.206823 0.450526 0.247335 0.450526 0.247335 0.475790 0.206823 0.475790
1 0.313433 0.473685 0.353945 0.473685 0.353945 0.509474 0.313433 0.509474
