0 0.172987 0.050632 0.189176 0.050632 0.189176 0.070323 0.172987 0.070323
0 0.177614 0.405766 0.196114 0.405766 0.196114 0.437412 0.177614 0.437412
0 0.453746 0.544304 0.465309 0.544304 0.465309 0.568214 0.453746 0.568214
0 0.326549 0.092827 0.345050 0.092827 0.345050 0.110407 0.326549 0.110407
0 0.512488 0.578059 0.524514 0.578059 0.524514 0.594233 0.512488 0.594233
0 0.297410 0.116738 0.318224 0.116738 0.318224 0.137834 0.297410 0.137834
0 0.337188 0.035865 0.351064 0.035865 0.351064 0.054852 0.337188 0.054852
0 0.724329 0.615330 0.734043 0.615330 0.734043 0.630098 0.724329 0.630098
0 0.950971 0.623066 0.967160 0.623066 0.967160 0.637131 0.950971 0.637131
0 0.504162 0.069620 0.518964 0.069620 0.518964 0.085794 0.504162 0.085794
0 0.959760 0.576653 0.973636 0.576653 0.973636 0.590718 0.959760 0.590718
0 0.827475 0.286217 0.839501 0.286217 0.839501 0.306611 0.827475 0.306611
0 0.369565 0.151898 0.382979 0.151898 0.382979 0.169480 0.369565 0.169480
0 0.393617 0.168074 0.403793 0.168074 0.403793 0.189170 0.393617 0.189170
0 0.166513 0.207454 0.189177 0.207454 0.189177 0.242616 0.166513 0.242616
0 0.876041 0.594233 0.891767 0.594233 0.891767 0.629395 0.876041 0.629395
0 0.838575 0.620253 0.850601 0.620253 0.850601 0.639240 0.838575 0.639240
0 0.500463 0.448664 0.516189 0.448664 0.516189 0.469058 0.500463 0.469058
0 0.203053 0.098452 0.215079 0.098452 0.215079 0.121660 0.203053 0.121660
0 0.344126 0.224332 0.358926 0.224332 0.358926 0.242616 0.344126 0.242616
0 0.919982 0.788327 0.933858 0.788327 0.933858 0.808017 0.919982 0.808017
0 0.065680 0.079465 0.075856 0.079465 0.075856 0.098452 0.065680 0.098452
0 0.371877 0.038678 0.382978 0.038678 0.382978 0.054852 0.371877 0.054852
0 0.478724 0.297469 0.493524 0.297469 0.493524 0.310829 0.478724 0.310829
0 0.678538 0.483122 0.690564 0.483122 0.690564 0.503516 0.678538 0.503516
0 0.636911 0.004922 0.653562 0.004922 0.653562 0.033756 0.636911 0.033756
0 0.270120 0.784810 0.284459 0.784810 0.284459 0.804500 0.270120 0.804500
0 0.694265 0.639241 0.708141 0.639241 0.708141 0.661041 0.694265 0.661041
0 0.721554 0.232770 0.735430 0.232770 0.735430 0.250352 0.721554 0.250352
0 0.230342 0.265823 0.240518 0.265823 0.240518 0.295359 0.230342 0.295359
0 0.463460 0.783404 0.478260 0.783404 0.478260 0.810830 0.463460 0.810830
0 0.462072 0.207454 0.471324 0.207454 0.471324 0.222222 0.462072 0.222222
0 0.789547 0.556962 0.806198 0.556962 0.806198 0.573840 0.789547 0.573840
0 0.963460 0.362167 0.980110 0.362167 0.980110 0.390295 0.963460 0.390295
0 0.460685 0.616737 0.476411 0.616737 0.476411 0.635725 0.460685 0.635725
0 0.148011 0.238397 0.156337 0.238397 0.156337 0.272856 0.148011 0.272856
0 0.254394 0.476793 0.269658 0.476793 0.269658 0.507735 0.254394 0.507735
0 0.082331 0.787623 0.096207 0.787623 0.096207 0.810127 0.082331 0.810127
0 0.880666 0.683544 0.898242 0.683544 0.898242 0.707454 0.880666 0.707454
0 0.757169 0.274261 0.775671 0.274261 0.775671 0.291139 0.757169 0.291139
0 0.522664 0.000704 0.533302 0.000704 0.533302 0.014769 0.522664 0.014769
0 0.409343 0.305204 0.418131 0.305204 0.418131 0.327004 0.409343 0.327004
0 0.343201 0.593530 0.354764 0.593530 0.354764 0.628692 0.343201 0.628692
0 0.495374 0.002813 0.515263 0.002813 0.515263 0.024613 0.495374 0.024613
0 0.324700 0.809424 0.335338 0.809424 0.335338 0.829114 0.324700 0.829114
0 0.282146 0.083685 0.293247 0.083685 0.293247 0.109001 0.282146 0.109001
0 0.094357 0.575246 0.109621 0.575246 0.109621 0.596343 0.094357 0.596343
0 0.112395 0.043601 0.121647 0.043601 0.121647 0.057665 0.112395 0.057665
0 0.100833 0.201828 0.118409 0.201828 0.118409 0.227848 0.100833 0.227848
0 0.266421 0.107595 0.274283 0.107595 0.274283 0.127989 0.266421 0.127989
0 0.738206 0.160338 0.764570 0.160338 0.764570 0.184248 0.738206 0.184248
0 0.106383 0.071730 0.123497 0.071730 0.123497 0.097750 0.106383 0.097750
0 0.535616 0.061885 0.548566 0.061885 0.548566 0.076653 0.535616 0.076653
0 0.854764 0.412798 0.874653 0.412798 0.874653 0.439522 0.854764 0.439522
0 0.025902 0.011252 0.039778 0.011252 0.039778 0.049930 0.025902 0.049930
0 0.277983 0.398734 0.290009 0.398734 0.290009 0.434600 0.277983 0.434600
0 0.636448 0.559775 0.653099 0.559775 0.653099 0.579465 0.636448 0.579465
0 0.748843 0.253165 0.761794 0.253165 0.761794 0.268636 0.748843 0.268636
0 0.015264 0.179325 0.032378 0.179325 0.032378 0.198312 0.015264 0.198312
0 0.698890 0.696202 0.722016 0.696202 0.722016 0.718706 0.698890 0.718706
0 0.489361 0.257384 0.502775 0.257384 0.502775 0.273558 0.489361 0.273558
0 0.085107 0.393812 0.104533 0.393812 0.104533 0.421238 0.085107 0.421238
0 0.229879 0.196202 0.239130 0.196202 0.239130 0.213080 0.229879 0.213080
0 0.487511 0.367088 0.500925 0.367088 0.500925 0.383966 0.487511 0.383966
0 0.338576 0.000000 0.350139 0.000000 0.350139 0.016878 0.338576 0.016878
0 0.430157 0.085794 0.445883 0.085794 0.445883 0.112517 0.430157 0.112517
0 0.788159 0.466245 0.803423 0.466245 0.803423 0.483123 0.788159 0.483123
0 0.606845 0.711674 0.615171 0.711674 0.615171 0.728552 0.606845 0.728552
0 0.059205 0.414909 0.069843 0.414909 0.069843 0.443742 0.059205 0.443742
0 0.715542 0.182841 0.733580 0.182841 0.733580 0.201125 0.715542 0.201125
0 0.367252 0.392405 0.381591 0.392405 0.381591 0.413502 0.367252 0.413502
0 0.916744 0.444445 0.937558 0.444445 0.937558 0.476793 0.916744 0.476793
0 0.002775 0.479606 0.014801 0.479606 0.014801 0.494374 0.002775 0.494374
0 0.889916 0.327707 0.902867 0.327707 0.902867 0.341772 0.889916 0.341772
0 0.653561 0.789733 0.672063 0.789733 0.672063 0.815049 0.653561 0.815049
0 0.821461 0.056259 0.842738 0.056259 0.842738 0.074543 0.821461 0.074543
0 0.229417 0.549929 0.242368 0.549929 0.242368 0.573136 0.229417 0.573136
0 0.258556 0.294655 0.276595 0.294655 0.276595 0.312939 0.258556 0.312939
0 0.908881 0.566808 0.921369 0.566808 0.921369 0.586498 0.908881 0.586498
0 0.435708 0.230661 0.457910 0.230661 0.457910 0.248945 0.435708 0.248945
0 0.918131 0.108298 0.940795 0.108298 0.940795 0.129395 0.918131 0.129395
0 0.205365 0.597750 0.217391 0.597750 0.217391 0.623066 0.205365 0.623066
0 0.331637 0.122363 0.346901 0.122363 0.346901 0.142757 0.331637 0.142757
0 0.470398 0.255275 0.480574 0.255275 0.480574 0.272855 0.470398 0.272855
0 0.482886 0.779888 0.495374 0.779888 0.495374 0.799578 0.482886 0.799578
0 0.234043 0.037975 0.248382 0.037975 0.248382 0.067511 0.234043 0.067511
0 0.275208 0.041491 0.288160 0.041491 0.288160 0.059775 0.275208 0.059775
0 0.474560 0.445147 0.494450 0.445147 0.494450 0.464838 0.474560 0.464838
0 0.116559 0.171590 0.129509 0.171590 0.129509 0.191281 0.116559 0.191281
0 0.296023 0.033052 0.307586 0.033052 0.307586 0.046413 0.296023 0.046413
0 0.956060 0.303094 0.972711 0.303094 0.972711 0.329114 0.956060 0.329114
0 0.954672 0.736287 0.978724 0.736287 0.978724 0.761603 0.954672 0.761603
0 0.651711 0.778482 0.665125 0.778482 0.665125 0.793953 0.651711 0.793953
0 0.840888 0.649789 0.856614 0.649789 0.856614 0.668073 0.840888 0.668073
0 0.311286 0.550633 0.333025 0.550633 0.333025 0.572433 0.311286 0.572433
0 0.883441 0.615331 0.903793 0.615331 0.903793 0.640647 0.883441 0.640647
0 0.467161 0.000000 0.481961 0.000000 0.481961 0.012658 0.467161 0.012658
0 0.393155 0.026723 0.409805 0.026723 0.409805 0.047117 0.393155 0.047117
0 0.247457 0.578059 0.259020 0.578059 0.259020 0.593530 0.247457 0.593530
0 0.196115 0.038678 0.211379 0.038678 0.211379 0.061884 0.196115 0.061884
0 0.555042 0.639944 0.562905 0.639944 0.562905 0.663854 0.555042 0.663854
0 0.108696 0.499297 0.121184 0.499297 0.121184 0.530943 0.108696 0.530943
0 0.073542 0.331224 0.089732 0.331224 0.089732 0.344584 0.073542 0.344584
0 0.729880 0.644163 0.741906 0.644163 0.741906 0.659635 0.729880 0.659635
0 0.404718 0.309423 0.411656 0.309423 0.411656 0.331927 0.404718 0.331927
0 0.261332 0.503516 0.271508 0.503516 0.271508 0.530239 0.261332 0.530239
0 0.320537 0.043601 0.330249 0.043601 0.330249 0.063292 0.320537 0.063292
0 0.370953 0.246132 0.380665 0.246132 0.380665 0.268636 0.370953 0.268636
0 0.116559 0.258790 0.130435 0.258790 0.130435 0.285514 0.116559 0.285514
0 0.089270 0.059775 0.100371 0.059775 0.100371 0.079465 0.089270 0.079465
0 0.958835 0.191983 0.971785 0.191983 0.971785 0.218003 0.958835 0.218003
0 0.868640 0.305204 0.883441 0.305204 0.883441 0.319972 0.868640 0.319972
0 0.667899 0.232068 0.682239 0.232068 0.682239 0.253868 0.667899 0.253868
0 0.707215 0.581575 0.725254 0.581575 0.725254 0.599156 0.707215 0.599156
0 0.987049 0.724332 0.996762 0.724332 0.996762 0.746132 0.987049 0.746132
0 0.129972 0.795358 0.140610 0.795358 0.140610 0.819971 0.129972 0.819971
0 0.399168 0.535865 0.414894 0.535865 0.414894 0.558369 0.399168 0.558369
0 0.144311 0.154008 0.157261 0.154008 0.157261 0.186358 0.144311 0.186358
0 0.842739 0.479606 0.859390 0.479606 0.859390 0.500000 0.842739 0.500000
0 0.205828 0.349508 0.216004 0.349508 0.216004 0.374121 0.205828 0.374121
0 0.227104 0.393812 0.239130 0.393812 0.239130 0.426160 0.227104 0.426160
0 0.425069 0.145570 0.441258 0.145570 0.441258 0.160338 0.425069 0.160338
0 0.298335 0.000703 0.311749 0.000703 0.311749 0.021097 0.298335 0.021097
0 0.583256 0.729255 0.599445 0.729255 0.599445 0.754571 0.583256 0.754571
0 0.525439 0.176512 0.535153 0.176512 0.535153 0.206048 0.525439 0.206048
0 0.644773 0.717299 0.654487 0.717299 0.654487 0.731364 0.644773 0.731364
0 0.971785 0.270745 0.995837 0.270745 0.995837 0.309423 0.971785 0.309423
0 0.809898 0.317159 0.826549 0.317159 0.826549 0.348101 0.809898 0.348101
0 0.698889 0.092827 0.713229 0.092827 0.713229 0.127989 0.698889 0.127989
0 0.403330 0.106189 0.421831 0.106189 0.421831 0.137131 0.403330 0.137131
0 0.201202 0.761603 0.221554 0.761603 0.221554 0.788327 0.201202 0.788327
0 0.239592 0.302391 0.250694 0.302391 0.250694 0.324895 0.239592 0.324895
0 0.425532 0.178621 0.438020 0.178621 0.438020 0.195499 0.425532 0.195499
0 0.828399 0.351618 0.846901 0.351618 0.846901 0.373418 0.828399 0.373418
0 0.775208 0.324191 0.789084 0.324191 0.789084 0.353727 0.775208 0.353727
0 0.304810 0.426160 0.318224 0.426160 0.318224 0.450773 0.304810 0.450773
0 0.264570 0.568917 0.273358 0.568917 0.273358 0.584388 0.264570 0.584388
0 0.253931 0.669480 0.265033 0.669480 0.265033 0.683544 0.253931 0.683544
0 0.505088 0.422644 0.525440 0.422644 0.525440 0.448664 0.505088 0.448664
0 0.716466 0.625879 0.726642 0.625879 0.726642 0.644867 0.716466 0.644867
0 0.641073 0.227848 0.658187 0.227848 0.658187 0.244022 0.641073 0.244022
0 0.148474 0.322082 0.158650 0.322082 0.158650 0.351618 0.148474 0.351618
0 0.301573 0.690577 0.317762 0.690577 0.317762 0.712377 0.301573 0.712377
0 0.830712 0.453586 0.846438 0.453586 0.846438 0.476090 0.830712 0.476090
0 0.797409 0.491561 0.812211 0.491561 0.812211 0.506329 0.797409 0.506329
0 0.309436 0.476090 0.321462 0.476090 0.321462 0.501406 0.309436 0.501406
0 0.912118 0.313643 0.927844 0.313643 0.927844 0.343179 0.912118 0.343179
0 0.290472 0.227848 0.302960 0.227848 0.302960 0.244726 0.290472 0.244726
0 0.265032 0.596343 0.278446 0.596343 0.278446 0.611111 0.265032 0.611111
0 0.365402 0.152602 0.372340 0.152602 0.372340 0.163150 0.365402 0.163150
0 0.042091 0.476090 0.058742 0.476090 0.058742 0.488748 0.042091 0.488748
0 0.284921 0.718002 0.298335 0.718002 0.298335 0.742615 0.284921 0.742615
0 0.630897 0.175809 0.647087 0.175809 0.647087 0.200422 0.630897 0.200422
0 0.192415 0.521800 0.204903 0.521800 0.204903 0.542194 0.192415 0.542194
0 0.370952 0.297468 0.382053 0.297468 0.382053 0.323488 0.370952 0.323488
0 0.798334 0.268636 0.812674 0.268636 0.812674 0.287623 0.798334 0.287623
0 0.695189 0.783403 0.710453 0.783403 0.710453 0.812237 0.695189 0.812237
0 0.695190 0.295359 0.704440 0.295359 0.704440 0.314345 0.695190 0.314345
0 0.172525 0.077356 0.187327 0.077356 0.187327 0.110408 0.172525 0.110408
0 0.711379 0.426864 0.723867 0.426864 0.723867 0.455697 0.711379 0.455697
0 0.651711 0.673700 0.661425 0.673700 0.661425 0.687060 0.651711 0.687060
0 0.036077 0.649086 0.054579 0.649086 0.054579 0.676512 0.036077 0.676512
0 0.235430 0.106892 0.247918 0.106892 0.247918 0.118144 0.235430 0.118144
0 0.046716 0.000703 0.059667 0.000703 0.059667 0.023207 0.046716 0.023207
0 0.674838 0.677918 0.687326 0.677918 0.687326 0.713080 0.674838 0.713080
0 0.722016 0.311533 0.738205 0.311533 0.738205 0.328411 0.722016 0.328411
0 0.567993 0.545007 0.580481 0.545007 0.580481 0.558368 0.567993 0.558368
0 0.424144 0.023206 0.447271 0.023206 0.447271 0.044304 0.424144 0.044304
0 0.800648 0.638537 0.822387 0.638537 0.822387 0.664557 0.800648 0.664557
0 0.009713 0.060478 0.021739 0.060478 0.021739 0.088608 0.009713 0.088608
0 0.293710 0.376231 0.307586 0.376231 0.307586 0.405767 0.293710 0.405767
0 0.680851 0.177918 0.701203 0.177918 0.701203 0.206047 0.680851 0.206047
0 0.849214 0.229255 0.865865 0.229255 0.865865 0.254571 0.849214 0.254571
0 0.050879 0.045007 0.062905 0.045007 0.062905 0.061885 0.050879 0.061885
0 0.162350 0.766526 0.182238 0.766526 0.182238 0.797468 0.162350 0.797468
0 0.452821 0.179325 0.466697 0.179325 0.466697 0.196203 0.452821 0.196203
0 0.562442 0.011251 0.576318 0.011251 0.576318 0.032349 0.562442 0.032349
0 0.617946 0.635021 0.626272 0.635021 0.626272 0.658931 0.617946 0.658931
0 0.054579 0.304501 0.067530 0.304501 0.067530 0.321379 0.054579 0.321379
0 0.357540 0.069620 0.378817 0.069620 0.378817 0.091420 0.357540 0.091420
0 0.765032 0.178622 0.780758 0.178622 0.780758 0.187764 0.765032 0.187764
0 0.272433 0.137834 0.292785 0.137834 0.292785 0.160338 0.272433 0.160338
0 0.941720 0.483826 0.952821 0.483826 0.952821 0.502110 0.941720 0.502110
0 0.981961 0.547117 0.993987 0.547117 0.993987 0.576653 0.981961 0.576653
0 0.506938 0.471167 0.520814 0.471167 0.520814 0.485935 0.506938 0.485935
0 0.141072 0.578060 0.152174 0.578060 0.152174 0.599156 0.141072 0.599156
0 0.044866 0.261603 0.062905 0.261603 0.062905 0.280590 0.044866 0.280590
0 0.371878 0.502813 0.387604 0.502813 0.387604 0.528833 0.371878 0.528833
0 0.573543 0.091421 0.584181 0.091421 0.584181 0.100563 0.573543 0.100563
0 0.151249 0.408579 0.163737 0.408579 0.163737 0.432489 0.151249 0.432489
0 0.566142 0.454290 0.586032 0.454290 0.586032 0.478903 0.566142 0.478903
0 0.195190 0.442335 0.216467 0.442335 0.216467 0.464135 0.195190 0.464135
0 0.235893 0.135021 0.245144 0.135021 0.245144 0.164557 0.235893 0.164557
0 0.249306 0.507736 0.259482 0.507736 0.259482 0.535865 0.249306 0.535865
0 0.078630 0.455697 0.093432 0.455697 0.093432 0.476794 0.078630 0.476794
0 0.072619 0.341772 0.087420 0.341772 0.087420 0.356540 0.072619 0.356540
0 0.384829 0.592827 0.398243 0.592827 0.398243 0.614627 0.384829 0.614627
0 0.668362 0.737693 0.681776 0.737693 0.681776 0.766526 0.668362 0.766526
0 0.339963 0.170183 0.359852 0.170183 0.359852 0.182841 0.339963 0.182841
0 0.257632 0.279888 0.267808 0.279888 0.267808 0.290437 0.257632 0.290437
0 0.879278 0.183544 0.901480 0.183544 0.901480 0.218004 0.879278 0.218004
0 0.477798 0.144867 0.488436 0.144867 0.488436 0.166667 0.477798 0.166667
0 0.758095 0.542194 0.768733 0.542194 0.768733 0.569620 0.758095 0.569620
0 0.532840 0.535865 0.548104 0.535865 0.548104 0.552743 0.532840 0.552743
0 0.925069 0.725035 0.949121 0.725035 0.949121 0.747539 0.925069 0.747539
0 0.264107 0.177918 0.287696 0.177918 0.287696 0.194796 0.264107 0.194796
0 0.478723 0.212377 0.490749 0.212377 0.490749 0.234177 0.478723 0.234177
0 0.763182 0.459916 0.778446 0.459916 0.778446 0.483826 0.763182 0.483826
0 0.427845 0.692686 0.445421 0.692686 0.445421 0.722222 0.427845 0.722222
0 0.170675 0.381856 0.188715 0.381856 0.188715 0.407876 0.170675 0.407876
0 0.436170 0.761603 0.455596 0.761603 0.455596 0.781997 0.436170 0.781997
0 0.333950 0.192686 0.345051 0.192686 0.345051 0.207454 0.333950 0.207454
0 0.449122 0.431083 0.467161 0.431083 0.467161 0.457103 0.449122 0.457103
0 0.730804 0.272153 0.747455 0.272153 0.747455 0.285513 0.730804 0.285513
0 0.644311 0.253164 0.661887 0.253164 0.661887 0.274261 0.644311 0.274261
0 0.201202 0.469057 0.216466 0.469057 0.216466 0.490154 0.201202 0.490154
0 0.392692 0.324191 0.402405 0.324191 0.402405 0.344585 0.392692 0.344585
0 0.542553 0.441632 0.556429 0.441632 0.556429 0.457103 0.542553 0.457103
0 0.473636 0.592124 0.488436 0.592124 0.488436 0.616034 0.473636 0.616034
0 0.279834 0.018284 0.295560 0.018284 0.295560 0.034458 0.279834 0.034458
0 0.494450 0.696906 0.513876 0.696906 0.513876 0.728552 0.494450 0.728552
0 0.659111 0.485232 0.670212 0.485232 0.670212 0.507736 0.659111 0.507736
0 0.908418 0.659635 0.925994 0.659635 0.925994 0.679325 0.908418 0.679325
0 0.059204 0.004923 0.069380 0.004923 0.069380 0.021097 0.059204 0.021097
0 0.027290 0.078762 0.039778 0.078762 0.039778 0.105485 0.027290 0.105485
0 0.475023 0.327004 0.495375 0.327004 0.495375 0.349508 0.475023 0.349508
0 0.183626 0.503516 0.197040 0.503516 0.197040 0.525316 0.183626 0.525316
0 0.513414 0.750351 0.527290 0.750351 0.527290 0.767933 0.513414 0.767933
0 0.467622 0.425458 0.482886 0.425458 0.482886 0.443039 0.467622 0.443039
0 0.411193 0.449367 0.422295 0.449367 0.422295 0.471871 0.411193 0.471871
0 0.505551 0.146272 0.515264 0.146272 0.515264 0.165964 0.505551 0.165964
0 0.024977 0.566105 0.043941 0.566105 0.043941 0.587201 0.024977 0.587201
0 0.525902 0.644163 0.536540 0.644163 0.536540 0.663151 0.525902 0.663151
0 0.947270 0.799578 0.961610 0.799578 0.961610 0.825598 0.947270 0.825598
0 0.429694 0.282701 0.445883 0.282701 0.445883 0.311534 0.429694 0.311534
0 0.444958 0.665964 0.455134 0.665964 0.455134 0.689171 0.444958 0.689171
0 0.296484 0.156821 0.316836 0.156821 0.316836 0.177215 0.296484 0.177215
0 0.192878 0.239803 0.199353 0.239803 0.199353 0.263713 0.192878 0.263713
0 0.393154 0.246836 0.405180 0.246836 0.405180 0.274965 0.393154 0.274965
0 0.331637 0.568214 0.345051 0.568214 0.345051 0.584388 0.331637 0.584388
0 0.966234 0.453586 0.982424 0.453586 0.982424 0.479606 0.966234 0.479606
0 0.515263 0.794655 0.526365 0.794655 0.526365 0.818565 0.515263 0.818565
0 0.895467 0.352320 0.910731 0.352320 0.910731 0.366385 0.895467 0.366385
0 0.544403 0.146976 0.555041 0.146976 0.555041 0.161041 0.544403 0.161041
0 0.259482 0.367792 0.273821 0.367792 0.273821 0.383966 0.259482 0.383966
0 0.679001 0.010548 0.692415 0.010548 0.692415 0.045710 0.679001 0.045710
0 0.585106 0.672996 0.600832 0.672996 0.600832 0.689170 0.585106 0.689170
0 0.947271 0.267933 0.965309 0.267933 0.965309 0.293249 0.947271 0.293249
0 0.653099 0.123066 0.666975 0.123066 0.666975 0.154712 0.653099 0.154712
0 0.224329 0.616034 0.241905 0.616034 0.241905 0.642757 0.224329 0.642757
0 0.754856 0.364276 0.768270 0.364276 0.768270 0.390296 0.754856 0.390296
0 0.169287 0.556258 0.182701 0.556258 0.182701 0.573840 0.169287 0.573840
0 0.226180 0.789029 0.241906 0.789029 0.241906 0.808017 0.226180 0.808017
0 0.743756 0.762307 0.757632 0.762307 0.757632 0.786217 0.743756 0.786217
0 0.230804 0.222222 0.252082 0.222222 0.252082 0.241914 0.230804 0.241914
0 0.520814 0.392404 0.534228 0.392404 0.534228 0.415611 0.520814 0.415611
0 0.382054 0.452180 0.401018 0.452180 0.401018 0.478200 0.382054 0.478200
0 0.054117 0.692686 0.067993 0.692686 0.067993 0.710970 0.054117 0.710970
0 0.732192 0.357243 0.747456 0.357243 0.747456 0.371308 0.732192 0.371308
0 0.599908 0.491561 0.612396 0.491561 0.612396 0.511251 0.599908 0.511251
0 0.163275 0.170183 0.177151 0.170183 0.177151 0.197609 0.163275 0.197609
0 0.814061 0.123066 0.833487 0.123066 0.833487 0.139944 0.814061 0.139944
0 0.424606 0.205345 0.445883 0.205345 0.445883 0.228551 0.424606 0.228551
0 0.553654 0.748945 0.573080 0.748945 0.573080 0.769339 0.553654 0.769339
0 0.014801 0.406470 0.028215 0.406470 0.028215 0.431786 0.014801 0.431786
0 0.320537 0.401547 0.341813 0.401547 0.341813 0.426863 0.320537 0.426863
0 0.826549 0.682138 0.843663 0.682138 0.843663 0.704642 0.826549 0.704642
0 0.979649 0.094233 0.990750 0.094233 0.990750 0.115331 0.979649 0.115331
0 0.160500 0.722222 0.177150 0.722222 0.177150 0.746835 0.160500 0.746835
0 0.889916 0.111111 0.916743 0.111111 0.916743 0.134318 0.889916 0.134318
0 0.921368 0.515471 0.935708 0.515471 0.935708 0.539381 0.921368 0.539381
0 0.701665 0.225034 0.720167 0.225034 0.720167 0.244726 0.701665 0.244726
0 0.545328 0.267229 0.557354 0.267229 0.557354 0.283403 0.545328 0.283403
0 0.086494 0.236990 0.106382 0.236990 0.106382 0.255274 0.086494 0.255274
0 0.896393 0.402954 0.912582 0.402954 0.912582 0.426160 0.896393 0.426160
0 0.358927 0.361463 0.374653 0.361463 0.374653 0.381857 0.358927 0.381857
0 0.276133 0.661040 0.296023 0.661040 0.296023 0.689169 0.276133 0.689169
0 0.352451 0.707454 0.365403 0.707454 0.365403 0.736288 0.352451 0.736288
0 0.164200 0.452883 0.177614 0.452883 0.177614 0.472575 0.164200 0.472575
0 0.504163 0.227848 0.514801 0.227848 0.514801 0.248242 0.504163 0.248242
0 0.702590 0.540085 0.713228 0.540085 0.713228 0.561885 0.702590 0.561885
0 0.792322 0.793952 0.805736 0.793952 0.805736 0.811534 0.792322 0.811534
0 0.029602 0.755275 0.045328 0.755275 0.045328 0.776371 0.029602 0.776371
0 0.000462 0.355838 0.020352 0.355838 0.020352 0.374825 0.000462 0.374825
0 0.945883 0.666667 0.962534 0.666667 0.962534 0.691983 0.945883 0.691983
0 0.305736 0.258087 0.314524 0.258087 0.314524 0.288326 0.305736 0.288326
0 0.630897 0.661744 0.641999 0.661744 0.641999 0.684951 0.630897 0.684951
0 0.485661 0.104078 0.505551 0.104078 0.505551 0.136428 0.485661 0.136428
0 0.167901 0.597750 0.179463 0.597750 0.179463 0.617440 0.167901 0.617440
0 0.614709 0.783403 0.626735 0.783403 0.626735 0.810126 0.614709 0.810126
0 0.215079 0.649789 0.228029 0.649789 0.228029 0.675809 0.215079 0.675809
0 0.436170 0.549930 0.446808 0.549930 0.446808 0.577356 0.436170 0.577356
0 0.566142 0.069621 0.583256 0.069621 0.583256 0.083685 0.566142 0.083685
0 0.485198 0.428973 0.503238 0.428973 0.503238 0.443741 0.485198 0.443741
0 0.623497 0.074543 0.645235 0.074543 0.645235 0.099156 0.623497 0.099156
0 0.503238 0.254571 0.516188 0.254571 0.516188 0.277075 0.503238 0.277075
0 0.972248 0.360760 0.993986 0.360760 0.993986 0.394514 0.972248 0.394514
0 0.706290 0.522504 0.720166 0.522504 0.720166 0.538678 0.706290 0.538678
0 0.034228 0.349508 0.049028 0.349508 0.049028 0.366386 0.034228 0.366386
0 0.407493 0.718003 0.422757 0.718003 0.422757 0.745429 0.407493 0.745429
0 0.665587 0.566105 0.679463 0.566105 0.679463 0.581576 0.665587 0.581576
0 0.843201 0.513361 0.858927 0.513361 0.858927 0.535865 0.843201 0.535865
0 0.932932 0.641351 0.947272 0.641351 0.947272 0.671589 0.932932 0.671589
0 0.791859 0.725738 0.814523 0.725738 0.814523 0.748242 0.791859 0.748242
0 0.206290 0.221519 0.224330 0.221519 0.224330 0.239100 0.206290 0.239100
0 0.950047 0.538678 0.969936 0.538678 0.969936 0.556962 0.950047 0.556962
0 0.635059 0.613221 0.651249 0.613221 0.651249 0.634317 0.635059 0.634317
0 0.759945 0.161744 0.779371 0.161744 0.779371 0.175809 0.759945 0.175809
0 0.134135 0.062588 0.148474 0.062588 0.148474 0.091421 0.134135 0.091421
0 0.705365 0.666667 0.721554 0.666667 0.721554 0.684951 0.705365 0.684951
0 0.734043 0.379746 0.746993 0.379746 0.746993 0.414206 0.734043 0.414206
0 0.771970 0.574543 0.787234 0.574543 0.787234 0.596343 0.771970 0.596343
0 0.185476 0.071730 0.206290 0.071730 0.206290 0.090014 0.185476 0.090014
0 0.075393 0.176511 0.089269 0.176511 0.089269 0.203234 0.075393 0.203234
0 0.837651 0.523207 0.850139 0.523207 0.850139 0.544303 0.837651 0.544303
0 0.372341 0.747539 0.387141 0.747539 0.387141 0.767933 0.372341 0.767933
0 0.371416 0.139943 0.381128 0.139943 0.381128 0.154008 0.371416 0.154008
0 0.338576 0.244726 0.357077 0.244726 0.357077 0.265120 0.338576 0.265120
0 0.071692 0.656821 0.080944 0.656821 0.080944 0.669479 0.071692 0.669479
0 0.080018 0.604079 0.089270 0.604079 0.089270 0.625175 0.080018 0.625175
0 0.117484 0.926863 0.140148 0.926863 0.140148 0.970464 0.117484 0.970464
0 0.054579 0.893812 0.068455 0.893812 0.068455 0.906470 0.054579 0.906470
0 0.133210 0.878341 0.142461 0.878341 0.142461 0.898031 0.133210 0.898031
0 0.160499 0.881856 0.179463 0.881856 0.179463 0.920534 0.160499 0.920534
0 0.184551 0.954290 0.195189 0.954290 0.195189 0.971168 0.184551 0.971168
0 0.055967 0.962025 0.069843 0.962025 0.069843 0.986638 0.055967 0.986638
0 0.261333 0.917721 0.272896 0.917721 0.272896 0.954993 0.261333 0.954993
0 0.332100 0.860759 0.346901 0.860759 0.346901 0.890295 0.332100 0.890295
0 0.215079 0.937412 0.227105 0.937412 0.227105 0.965542 0.215079 0.965542
0 0.235430 0.938819 0.250231 0.938819 0.250231 0.962025 0.235430 0.962025
0 0.211379 0.983826 0.222479 0.983826 0.222479 0.997891 0.211379 0.997891
0 0.219704 0.827004 0.231267 0.827004 0.231267 0.848804 0.219704 0.848804
0 0.248844 0.837552 0.267808 0.837552 0.267808 0.856540 0.248844 0.856540
0 0.456060 0.951477 0.470860 0.951477 0.470860 0.977497 0.456060 0.977497
0 0.467160 0.824191 0.476411 0.824191 0.476411 0.838959 0.467160 0.838959
0 0.368640 0.967651 0.384366 0.967651 0.384366 0.992264 0.368640 0.992264
0 0.361702 0.933193 0.377891 0.933193 0.377891 0.957103 0.361702 0.957103
0 0.446809 0.883966 0.462535 0.883966 0.462535 0.911392 0.446809 0.911392
0 0.566142 0.902251 0.583256 0.902251 0.583256 0.933193 0.566142 0.933193
0 0.580481 0.843881 0.604995 0.843881 0.604995 0.870605 0.580481 0.870605
0 0.641073 0.858649 0.653561 0.858649 0.653561 0.877637 0.641073 0.877637
0 0.630435 0.829113 0.641997 0.829113 0.641997 0.846695 0.630435 0.846695
0 0.632285 0.935302 0.650787 0.935302 0.650787 0.963431 0.632285 0.963431
0 0.598519 0.959915 0.618409 0.959915 0.618409 0.985935 0.598519 0.985935
0 0.512950 0.931786 0.532840 0.931786 0.532840 0.953586 0.512950 0.953586
0 0.544403 0.872012 0.554579 0.872012 0.554579 0.893108 0.544403 0.893108
0 0.729880 0.917018 0.749769 0.917018 0.749769 0.940225 0.729880 0.940225
0 0.745606 0.892405 0.768270 0.892405 0.768270 0.917721 0.745606 0.917721
0 0.758557 0.840365 0.777059 0.840365 0.777059 0.864978 0.758557 0.864978
0 0.700277 0.849508 0.713691 0.849508 0.713691 0.875528 0.700277 0.875528
0 0.677613 0.854430 0.690564 0.854430 0.690564 0.878340 0.677613 0.878340
0 0.663275 0.959212 0.677151 0.959212 0.677151 0.988046 0.663275 0.988046
0 0.801110 0.886076 0.819612 0.886076 0.819612 0.921238 0.801110 0.921238
0 0.863552 0.905767 0.879741 0.905767 0.879741 0.933193 0.863552 0.933193
0 0.896855 0.835443 0.915819 0.835443 0.915819 0.852321 0.896855 0.852321
0 0.870028 0.862166 0.883442 0.862166 0.883442 0.886076 0.870028 0.886076
0 0.923219 0.828410 0.942645 0.828410 0.942645 0.847398 0.923219 0.847398
0 0.958834 0.864979 0.977336 0.864979 0.977336 0.895217 0.958834 0.895217
0 0.921369 0.940225 0.937095 0.940225 0.937095 0.973277 0.921369 0.973277
0 0.934319 0.971871 0.955596 0.971871 0.955596 0.997187 0.934319 0.997187
0 0.323775 0.920534 0.340425 0.920534 0.340425 0.939522 0.323775 0.939522
0 0.404718 0.971167 0.416744 0.971167 0.416744 0.999297 0.404718 0.999297
0 0.958372 0.018987 0.977798 0.018987 0.977798 0.062588 0.958372 0.062588
0 0.608696 0.207455 0.617946 0.207455 0.617946 0.226441 0.608696 0.226441
0 0.615170 0.156822 0.622571 0.156822 0.622571 0.182138 0.615170 0.182138
0 0.312212 0.594936 0.330713 0.594936 0.330713 0.613924 0.312212 0.613924
0 0.412581 0.568917 0.425995 0.568917 0.425995 0.598453 0.412581 0.598453
0 0.745606 0.691280 0.764108 0.691280 0.764108 0.713784 0.745606 0.713784
0 0.380204 0.838959 0.390842 0.838959 0.390842 0.862869 0.380204 0.862869
0 0.894543 0.973278 0.905644 0.973278 0.905644 0.997891 0.894543 0.997891
1 0.765495 0.074543 0.777058 0.074543 0.777058 0.092123 0.765495 0.092123
1 0.777521 0.056962 0.786771 0.056962 0.786771 0.071730 0.777521 0.071730
1 0.777520 0.009846 0.788621 0.009846 0.788621 0.023911 0.777520 0.023911
1 0.761795 0.046414 0.769657 0.046414 0.769657 0.059072 0.761795 0.059072
1 0.751618 0.068214 0.761332 0.068214 0.761332 0.087904 0.751618 0.087904
1 0.739593 0.050633 0.748381 0.050633 0.748381 0.066104 0.739593 0.066104
1 0.748381 0.026724 0.757631 0.026724 0.757631 0.040085 0.748381 0.040085
1 0.827475 0.003516 0.839037 0.003516 0.839037 0.016878 0.827475 0.016878
1 0.810823 0.059775 0.820537 0.059775 0.820537 0.071027 0.810823 0.071027
1 0.989362 0.686357 0.997224 0.686357 0.997224 0.697609 0.989362 0.697609
1 0.987974 0.919832 0.997224 0.919832 0.997224 0.933192 0.987974 0.933192
1 0.806198 0.002813 0.815448 0.002813 0.815448 0.018987 0.806198 0.018987
2 0.411193 0.895219 0.420444 0.895219 0.420444 0.908579 0.411193 0.908579
2 0.411656 0.871309 0.430157 0.871309 0.430157 0.895922 0.411656 0.895922
