0 0.166134 0.006441 0.218850 0.006441 0.218850 0.059581 0.166134 0.059581
0 0.169329 0.096618 0.210863 0.096618 0.210863 0.161030 0.169329 0.161030
0 0.091054 0.173913 0.134186 0.173913 0.134186 0.215781 0.091054 0.215781
0 0.038339 0.338164 0.084665 0.338164 0.084665 0.392914 0.038339 0.392914
0 0.201277 0.188406 0.257188 0.188406 0.257188 0.230274 0.201277 0.230274
0 0.274760 0.101449 0.317891 0.101449 0.317891 0.156199 0.274760 0.156199
0 0.261981 0.024155 0.319489 0.024155 0.319489 0.078905 0.261981 0.078905
0 0.226837 0.049919 0.266773 0.049919 0.266773 0.086956 0.226837 0.086956
0 0.343450 0.098228 0.402555 0.098228 0.402555 0.138486 0.343450 0.138486
0 0.338659 0.035427 0.399361 0.035427 0.399361 0.075685 0.338659 0.075685
0 0.429713 0.040258 0.480831 0.040258 0.480831 0.085346 0.429713 0.085346
0 0.476038 0.140097 0.527156 0.140097 0.527156 0.194847 0.476038 0.194847
0 0.231629 0.115942 0.263578 0.115942 0.263578 0.157810 0.231629 0.157810
0 0.498403 0.078905 0.538339 0.078905 0.538339 0.123993 0.498403 0.123993
0 0.533546 0.019324 0.575080 0.019324 0.575080 0.064412 0.533546 0.064412
0 0.610224 0.037036 0.654952 0.037036 0.654952 0.093397 0.610224 0.093397
0 0.568690 0.115943 0.632588 0.115943 0.632588 0.165861 0.568690 0.165861
0 0.650160 0.082126 0.698082 0.082126 0.698082 0.141707 0.650160 0.141707
0 0.710862 0.072464 0.763578 0.072464 0.763578 0.119162 0.710862 0.119162
0 0.889777 0.032206 0.937700 0.032206 0.937700 0.062802 0.889777 0.062802
0 0.872205 0.078905 0.931310 0.078905 0.931310 0.117553 0.872205 0.117553
0 0.940895 0.135266 0.980831 0.135266 0.980831 0.173912 0.940895 0.173912
0 0.904153 0.180355 0.944089 0.180355 0.944089 0.217391 0.904153 0.217391
0 0.876997 0.127214 0.912141 0.127214 0.912141 0.170692 0.876997 0.170692
0 0.829074 0.172303 0.884985 0.172303 0.884985 0.215781 0.829074 0.215781
0 0.835463 0.230274 0.888179 0.230274 0.888179 0.268921 0.835463 0.268921
0 0.685304 0.246377 0.734824 0.246377 0.734824 0.314010 0.685304 0.314010
0 0.522364 0.293076 0.579872 0.293076 0.579872 0.336554 0.522364 0.336554
0 0.624601 0.252818 0.670927 0.252818 0.670927 0.293076 0.624601 0.293076
0 0.447284 0.270531 0.495208 0.270531 0.495208 0.310789 0.447284 0.310789
0 0.437700 0.194848 0.472844 0.194848 0.472844 0.243156 0.437700 0.243156
0 0.496806 0.241546 0.527157 0.241546 0.527157 0.264090 0.496806 0.264090
0 0.693291 0.143318 0.736422 0.143318 0.736422 0.180355 0.693291 0.180355
0 0.656550 0.169082 0.693290 0.169082 0.693290 0.198068 0.656550 0.198068
0 0.643769 0.214171 0.675718 0.214171 0.675718 0.246377 0.643769 0.246377
0 0.758787 0.185185 0.795527 0.185185 0.795527 0.228663 0.758787 0.228663
0 0.862619 0.009662 0.881788 0.009662 0.881788 0.030596 0.862619 0.030596
0 0.039936 0.388084 0.076677 0.388084 0.076677 0.439614 0.039936 0.439614
0 0.046326 0.520128 0.089457 0.520128 0.089457 0.565217 0.046326 0.565217
0 0.051118 0.602254 0.097444 0.602254 0.097444 0.653784 0.051118 0.653784
0 0.100639 0.636071 0.146965 0.636071 0.146965 0.687601 0.100639 0.687601
0 0.100640 0.479871 0.148563 0.479871 0.148563 0.533011 0.100640 0.533011
0 0.100638 0.557166 0.127796 0.557166 0.127796 0.600644 0.100638 0.600644
0 0.084664 0.410628 0.130990 0.410628 0.130990 0.465378 0.084664 0.465378
0 0.153355 0.425121 0.193291 0.425121 0.193291 0.478261 0.153355 0.478261
0 0.185303 0.331722 0.226837 0.331722 0.226837 0.378422 0.185303 0.378422
0 0.209265 0.475040 0.249201 0.475040 0.249201 0.515298 0.209265 0.515298
0 0.340255 0.362319 0.388179 0.362319 0.388179 0.425121 0.340255 0.425121
0 0.290735 0.371980 0.321086 0.371980 0.321086 0.418680 0.290735 0.418680
0 0.375399 0.515298 0.429713 0.515298 0.429713 0.547504 0.375399 0.547504
0 0.420129 0.446055 0.450480 0.446055 0.450480 0.510467 0.420129 0.510467
0 0.456868 0.428341 0.506389 0.428341 0.506389 0.484702 0.456868 0.484702
0 0.482428 0.349436 0.547924 0.349436 0.547924 0.394526 0.482428 0.394526
0 0.643770 0.388084 0.683706 0.388084 0.683706 0.429952 0.643770 0.429952
0 0.568690 0.389694 0.626198 0.389694 0.626198 0.439614 0.568690 0.439614
0 0.605431 0.310789 0.645367 0.310789 0.645367 0.352657 0.605431 0.352657
0 0.666134 0.325282 0.720448 0.325282 0.720448 0.365540 0.666134 0.365540
0 0.907349 0.359098 0.945687 0.359098 0.945687 0.394525 0.907349 0.394525
0 0.789138 0.494365 0.827476 0.494365 0.827476 0.553946 0.789138 0.553946
0 0.821086 0.433172 0.864217 0.433172 0.864217 0.473430 0.821086 0.473430
0 0.637380 0.534621 0.678914 0.534621 0.678914 0.573269 0.637380 0.573269
0 0.638977 0.599034 0.670926 0.599034 0.670926 0.663446 0.638977 0.663446
0 0.586262 0.590982 0.624601 0.590982 0.624601 0.637682 0.586262 0.637682
0 0.525559 0.547503 0.579873 0.547503 0.579873 0.582931 0.525559 0.582931
0 0.747604 0.605475 0.785942 0.605475 0.785942 0.657005 0.747604 0.657005
0 0.790735 0.663446 0.822684 0.663446 0.822684 0.708534 0.790735 0.708534
0 0.739617 0.690821 0.785943 0.690821 0.785943 0.750403 0.739617 0.750403
0 0.043131 0.782609 0.075079 0.782609 0.075079 0.827697 0.043131 0.827697
0 0.123003 0.798712 0.174121 0.798712 0.174121 0.861514 0.123003 0.861514
0 0.375399 0.254428 0.428115 0.254428 0.428115 0.305958 0.375399 0.305958
0 0.376997 0.177134 0.418531 0.177134 0.418531 0.219002 0.376997 0.219002
0 0.309903 0.175524 0.348243 0.175524 0.348243 0.230274 0.309903 0.230274
0 0.290735 0.502416 0.325879 0.502416 0.325879 0.555556 0.290735 0.555556
0 0.210862 0.589372 0.249201 0.589372 0.249201 0.639292 0.210862 0.639292
0 0.156550 0.578099 0.199680 0.578099 0.199680 0.634461 0.156550 0.634461
0 0.164536 0.515298 0.201277 0.515298 0.201277 0.549114 0.164536 0.549114
0 0.431310 0.095008 0.474441 0.095008 0.474441 0.151369 0.431310 0.151369
0 0.428115 0.375201 0.476039 0.375201 0.476039 0.421901 0.428115 0.421901
0 0.645367 0.779389 0.704472 0.779389 0.704472 0.858294 0.645367 0.858294
0 0.613418 0.700483 0.666134 0.700483 0.666134 0.750402 0.613418 0.750402
0 0.536741 0.832528 0.586262 0.832528 0.586262 0.884058 0.536741 0.884058
0 0.506390 0.599035 0.539936 0.599035 0.539936 0.648954 0.506390 0.648954
0 0.495207 0.677938 0.536741 0.677938 0.536741 0.726247 0.495207 0.726247
0 0.421725 0.660226 0.464857 0.660226 0.464857 0.706925 0.421725 0.706925
0 0.400959 0.789050 0.445687 0.789050 0.445687 0.848632 0.400959 0.848632
0 0.369009 0.671498 0.405751 0.671498 0.405751 0.735910 0.369009 0.735910
0 0.353035 0.801933 0.392971 0.801933 0.392971 0.867955 0.353035 0.867955
0 0.359424 0.895330 0.408946 0.895330 0.408946 0.933978 0.359424 0.933978
0 0.044729 0.917875 0.095847 0.917875 0.095847 0.954912 0.044729 0.954912
0 0.138977 0.879227 0.180511 0.879227 0.180511 0.924315 0.138977 0.924315
0 0.206070 0.850241 0.244410 0.850241 0.244410 0.895330 0.206070 0.895330
0 0.263578 0.906602 0.303514 0.906602 0.303514 0.946860 0.263578 0.946860
0 0.301916 0.864734 0.351438 0.864734 0.351438 0.911434 0.301916 0.911434
0 0.252396 0.806764 0.295527 0.806764 0.295527 0.851853 0.252396 0.851853
0 0.249201 0.718196 0.285942 0.718196 0.285942 0.779388 0.249201 0.779388
0 0.319488 0.729468 0.373802 0.729468 0.373802 0.785830 0.319488 0.785830
0 0.297125 0.677938 0.330671 0.677938 0.330671 0.716586 0.297125 0.716586
0 0.468051 0.888889 0.530351 0.888889 0.530351 0.916264 0.468051 0.916264
0 0.787540 0.732689 0.822684 0.732689 0.822684 0.789051 0.787540 0.789051
0 0.720448 0.766505 0.763579 0.766505 0.763579 0.813204 0.720448 0.813204
0 0.950479 0.677938 0.996805 0.677938 0.996805 0.734300 0.950479 0.734300
0 0.568690 0.771337 0.613418 0.771337 0.613418 0.814815 0.568690 0.814815
0 0.853035 0.621578 0.896166 0.621578 0.896166 0.661836 0.853035 0.661836
0 0.892971 0.932367 0.947284 0.932367 0.947284 0.971015 0.892971 0.971015
0 0.777956 0.951690 0.821087 0.951690 0.821087 0.979065 0.777956 0.979065
0 0.178914 0.911433 0.218850 0.911433 0.218850 0.962963 0.178914 0.962963
0 0.354633 0.605475 0.381790 0.605475 0.381790 0.644123 0.354633 0.644123
0 0.341853 0.555555 0.373802 0.555555 0.373802 0.584541 0.341853 0.584541
0 0.198083 0.417069 0.239617 0.417069 0.239617 0.452496 0.198083 0.452496
0 0.945687 0.243156 0.980831 0.243156 0.980831 0.273752 0.945687 0.273752
0 0.899360 0.578099 0.926517 0.578099 0.926517 0.605474 0.899360 0.605474
0 0.915335 0.608696 0.958466 0.608696 0.958466 0.653784 0.915335 0.653784
0 0.872205 0.971014 0.916933 0.971014 0.916933 1.000000 0.872205 1.000000
0 0.202876 0.681160 0.228435 0.681160 0.228435 0.705314 0.202876 0.705314
0 0.963259 0.320450 0.998403 0.320450 0.998403 0.388084 0.963259 0.388084
0 0.956870 0.566828 0.987221 0.566828 0.987221 0.607086 0.956870 0.607086
0 0.001598 0.669887 0.035144 0.669887 0.035144 0.719807 0.001598 0.719807
0 0.000000 0.429951 0.023962 0.429951 0.023962 0.466988 0.000000 0.466988
0 0.325878 0.001610 0.381790 0.001610 0.381790 0.032206 0.325878 0.032206
0 0.753993 0.334944 0.784345 0.334944 0.784345 0.373590 0.753993 0.373590
0 0.100639 0.380032 0.180511 0.380032 0.180511 0.428342 0.100639 0.428342
0 0.388179 0.595813 0.410543 0.595813 0.410543 0.629629 0.388179 0.629629
0 0.001597 0.256039 0.049520 0.256039 0.049520 0.293075 0.001597 0.293075
0 0.076677 0.230274 0.130991 0.230274 0.130991 0.283414 0.076677 0.283414
0 0.250798 0.254428 0.287540 0.254428 0.287540 0.297906 0.250798 0.297906
0 0.137380 0.037036 0.174122 0.037036 0.174122 0.083736 0.137380 0.083736
0 0.357827 0.450885 0.413739 0.450885 0.413739 0.489532 0.357827 0.489532
0 0.324282 0.312399 0.383386 0.312399 0.383386 0.351046 0.324282 0.351046
0 0.646965 0.447665 0.688499 0.447665 0.688499 0.487923 0.646965 0.487923
0 0.694889 0.386474 0.733227 0.386474 0.733227 0.429952 0.694889 0.429952
0 0.813099 0.104670 0.853035 0.104670 0.853035 0.143317 0.813099 0.143317
0 0.052716 0.043478 0.110224 0.043478 0.110224 0.083736 0.052716 0.083736
0 0.805112 0.582931 0.854633 0.582931 0.854633 0.632850 0.805112 0.632850
0 0.263578 0.438003 0.321086 0.438003 0.321086 0.479871 0.263578 0.479871
0 0.769968 0.122384 0.798722 0.122384 0.798722 0.167472 0.769968 0.167472
0 0.947284 0.500806 0.988818 0.500806 0.988818 0.549114 0.947284 0.549114
0 0.506390 0.734299 0.563898 0.734299 0.563898 0.797101 0.506390 0.797101
0 0.047924 0.117553 0.086262 0.117553 0.086262 0.172303 0.047924 0.172303
0 0.001597 0.072464 0.031948 0.072464 0.031948 0.120772 0.001597 0.120772
0 0.961661 0.078905 0.987221 0.078905 0.987221 0.099839 0.961661 0.099839
0 0.862620 0.734299 0.900958 0.734299 0.900958 0.769727 0.862620 0.769727
0 0.095847 0.315620 0.123003 0.315620 0.123003 0.344606 0.095847 0.344606
0 0.551118 0.077294 0.581469 0.077294 0.581469 0.103059 0.551118 0.103059
