1 0.622406 0.488636 0.717842 0.488636 0.717842 0.560606 0.622406 0.560606
2 0.004150 0.140152 0.116182 0.140152 0.116182 0.253788 0.004150 0.253788
2 0.004149 0.253788 0.099585 0.253788 0.099585 0.363636 0.004149 0.363636
2 0.157677 0.147728 0.261411 0.147728 0.261411 0.257576 0.157677 0.257576
2 0.170125 0.261364 0.282158 0.261364 0.282158 0.378788 0.170125 0.378788
2 0.257262 0.303030 0.402490 0.303030 0.402490 0.428030 0.257262 0.428030
2 0.165975 0.397728 0.286307 0.397728 0.286307 0.500000 0.165975 0.500000
2 0.352697 0.181818 0.456431 0.181818 0.456431 0.303030 0.352697 0.303030
2 0.414937 0.291667 0.556017 0.291667 0.556017 0.412879 0.414937 0.412879
2 0.493775 0.416667 0.609958 0.416667 0.609958 0.545455 0.493775 0.545455
2 0.211618 0.541667 0.311204 0.541667 0.311204 0.606061 0.211618 0.606061
2 0.211618 0.606061 0.319502 0.606061 0.319502 0.700758 0.211618 0.700758
2 0.340249 0.602272 0.410789 0.602272 0.410789 0.700757 0.340249 0.700757
2 0.439835 0.545455 0.551867 0.545455 0.551867 0.651516 0.439835 0.651516
2 0.406640 0.643939 0.518672 0.643939 0.518672 0.765151 0.406640 0.765151
2 0.244813 0.719697 0.377593 0.719697 0.377593 0.844697 0.244813 0.844697
2 0.423236 0.768940 0.543568 0.768940 0.543568 0.882576 0.423236 0.882576
2 0.556016 0.196970 0.692945 0.196970 0.692945 0.314394 0.556016 0.314394
2 0.614108 0.094697 0.730290 0.094697 0.730290 0.208333 0.614108 0.208333
2 0.742738 0.193182 0.854772 0.193182 0.854772 0.291666 0.742738 0.291666
2 0.875519 0.454545 0.991702 0.454545 0.991702 0.545454 0.875519 0.545454
2 0.730290 0.511363 0.854772 0.511363 0.854772 0.606061 0.730290 0.606061
2 0.423237 0.079546 0.535269 0.079546 0.535269 0.193182 0.423237 0.193182
2 0.556017 0.037879 0.634855 0.037879 0.634855 0.113637 0.556017 0.113637
2 0.539419 0.821970 0.634855 0.821970 0.634855 0.924243 0.539419 0.924243
2 0.867220 0.837122 0.983402 0.837122 0.983402 0.935607 0.867220 0.935607
2 0.742738 0.833334 0.829875 0.833334 0.829875 0.912879 0.742738 0.912879
2 0.539420 0.712121 0.609958 0.712121 0.609958 0.799242 0.539420 0.799242
2 0.473029 0.897727 0.568465 0.897727 0.568465 0.973485 0.473029 0.973485
