1 0.123530 0.005780 0.145589 0.005780 0.145589 0.033237 0.123530 0.033237
1 0.083823 0.008670 0.117647 0.008670 0.117647 0.034682 0.083823 0.034682
1 0.064706 0.021676 0.094118 0.021676 0.094118 0.043352 0.064706 0.043352
1 0.288235 0.034682 0.319117 0.034682 0.319117 0.076590 0.288235 0.076590
1 0.257353 0.034682 0.289706 0.034682 0.289706 0.076590 0.257353 0.076590
1 0.425000 0.040462 0.450000 0.040462 0.450000 0.076590 0.425000 0.076590
1 0.463235 0.070809 0.483823 0.070809 0.483823 0.095375 0.463235 0.095375
1 0.148529 0.078035 0.166177 0.078035 0.166177 0.096821 0.148529 0.096821
1 0.072058 0.088150 0.108823 0.088150 0.108823 0.111271 0.072058 0.111271
1 0.116177 0.088151 0.147059 0.088151 0.147059 0.112717 0.116177 0.112717
1 0.675000 0.092486 0.700000 0.092486 0.700000 0.117052 0.675000 0.117052
1 0.348530 0.096821 0.379412 0.096821 0.379412 0.128613 0.348530 0.128613
1 0.004412 0.102600 0.033824 0.102600 0.033824 0.130057 0.004412 0.130057
1 0.039706 0.108381 0.067646 0.108381 0.067646 0.137283 0.039706 0.137283
1 0.163235 0.112716 0.195588 0.112716 0.195588 0.140174 0.163235 0.140174
1 0.116176 0.124277 0.141176 0.124277 0.141176 0.151734 0.116176 0.151734
1 0.327941 0.121387 0.350001 0.121387 0.350001 0.157515 0.327941 0.157515
1 0.072058 0.127167 0.104411 0.127167 0.104411 0.157515 0.072058 0.157515
1 0.344118 0.156069 0.379412 0.156069 0.379412 0.195087 0.344118 0.195087
1 0.392647 0.164740 0.416177 0.164740 0.416177 0.190752 0.392647 0.190752
1 0.282353 0.170520 0.308824 0.170520 0.308824 0.192196 0.282353 0.192196
1 0.201470 0.173410 0.227942 0.173410 0.227942 0.205202 0.201470 0.205202
1 0.295588 0.195086 0.326470 0.195086 0.326470 0.222544 0.295588 0.222544
1 0.151471 0.221098 0.173530 0.221098 0.173530 0.239884 0.151471 0.239884
1 0.230882 0.219653 0.251470 0.219653 0.251470 0.245665 0.230882 0.245665
1 0.172059 0.222544 0.188235 0.222544 0.188235 0.242775 0.172059 0.242775
1 0.477942 0.229769 0.505883 0.229769 0.505883 0.248555 0.477942 0.248555
1 0.302941 0.238439 0.339707 0.238439 0.339707 0.264451 0.302941 0.264451
1 0.463235 0.251445 0.485295 0.251445 0.485295 0.271676 0.463235 0.271676
1 0.510294 0.261561 0.529412 0.261561 0.529412 0.284681 0.510294 0.284681
1 0.155882 0.264451 0.179412 0.264451 0.179412 0.286127 0.155882 0.286127
1 0.010294 0.264451 0.033823 0.264451 0.033823 0.290463 0.010294 0.290463
1 0.416177 0.274566 0.444117 0.274566 0.444117 0.306358 0.416177 0.306358
1 0.141177 0.278902 0.169118 0.278902 0.169118 0.306358 0.141177 0.306358
1 0.057353 0.283238 0.083823 0.283238 0.083823 0.306358 0.057353 0.306358
1 0.547059 0.286127 0.576471 0.286127 0.576471 0.306358 0.547059 0.306358
1 0.830882 0.293353 0.866176 0.293353 0.866176 0.325145 0.830882 0.325145
1 0.023529 0.310694 0.042647 0.310694 0.042647 0.329480 0.023529 0.329480
1 0.455882 0.307803 0.480882 0.307803 0.480882 0.333815 0.455882 0.333815
1 0.007353 0.313584 0.026471 0.313584 0.026471 0.332370 0.007353 0.332370
1 0.926470 0.315029 0.955882 0.315029 0.955882 0.342485 0.926470 0.342485
1 0.479412 0.319364 0.500000 0.319364 0.500000 0.346820 0.479412 0.346820
1 0.363235 0.320809 0.392647 0.320809 0.392647 0.355491 0.363235 0.355491
1 0.094117 0.329479 0.145589 0.329479 0.145589 0.359826 0.094117 0.359826
1 0.402941 0.329480 0.433823 0.329480 0.433823 0.362716 0.402941 0.362716
1 0.067646 0.345376 0.089705 0.345376 0.089705 0.369942 0.067646 0.369942
1 0.501471 0.346821 0.527941 0.346821 0.527941 0.378613 0.501471 0.378613
1 0.942647 0.358381 0.977941 0.358381 0.977941 0.390173 0.942647 0.390173
1 0.120589 0.359827 0.148530 0.359827 0.148530 0.391619 0.120589 0.391619
1 0.629412 0.384393 0.655882 0.384393 0.655882 0.413295 0.629412 0.413295
1 0.927941 0.390174 0.958823 0.390174 0.958823 0.413294 0.927941 0.413294
1 0.105882 0.390174 0.126470 0.390174 0.126470 0.414740 0.105882 0.414740
1 0.055882 0.403180 0.080882 0.403180 0.080882 0.426300 0.055882 0.426300
1 0.279412 0.403179 0.308824 0.403179 0.308824 0.424855 0.279412 0.424855
1 0.864706 0.398844 0.900000 0.398844 0.900000 0.430636 0.864706 0.430636
1 0.413235 0.407515 0.433823 0.407515 0.433823 0.432081 0.413235 0.432081
1 0.497059 0.407514 0.526471 0.407514 0.526471 0.439306 0.497059 0.439306
1 0.651470 0.410405 0.680882 0.410405 0.680882 0.437861 0.651470 0.437861
1 0.589707 0.417631 0.613235 0.417631 0.613235 0.437862 0.589707 0.437862
1 0.725000 0.416186 0.755882 0.416186 0.755882 0.439306 0.725000 0.439306
1 0.001470 0.419075 0.019117 0.419075 0.019117 0.437861 0.001470 0.437861
1 0.072059 0.421965 0.101471 0.421965 0.101471 0.440751 0.072059 0.440751
1 0.230882 0.417631 0.263236 0.417631 0.263236 0.450867 0.230882 0.450867
1 0.905883 0.420520 0.936765 0.420520 0.936765 0.458092 0.905883 0.458092
1 0.014706 0.446531 0.029412 0.446531 0.029412 0.463873 0.014706 0.463873
1 0.267648 0.440751 0.300001 0.440751 0.300001 0.472543 0.267648 0.472543
1 0.542647 0.443642 0.569117 0.443642 0.569117 0.471098 0.542647 0.471098
1 0.117648 0.450867 0.141177 0.450867 0.141177 0.471098 0.117648 0.471098
1 0.751470 0.453757 0.785294 0.453757 0.785294 0.479769 0.751470 0.479769
1 0.866177 0.456648 0.898530 0.456648 0.898530 0.484104 0.866177 0.484104
1 0.625000 0.459538 0.652941 0.459538 0.652941 0.482658 0.625000 0.482658
1 0.573530 0.462428 0.601471 0.462428 0.601471 0.494220 0.573530 0.494220
1 0.507354 0.473989 0.535295 0.473989 0.535295 0.497109 0.507354 0.497109
1 0.708824 0.481215 0.733824 0.481215 0.733824 0.504336 0.708824 0.504336
1 0.623529 0.485549 0.645589 0.485549 0.645589 0.507225 0.623529 0.507225
1 0.394118 0.482659 0.425000 0.482659 0.425000 0.510116 0.394118 0.510116
1 0.355883 0.488440 0.386765 0.488440 0.386765 0.513006 0.355883 0.513006
1 0.666176 0.485549 0.694117 0.485549 0.694117 0.517341 0.666176 0.517341
1 0.180882 0.485549 0.205882 0.485549 0.205882 0.514451 0.180882 0.514451
1 0.097059 0.491329 0.113235 0.491329 0.113235 0.514450 0.097059 0.514450
1 0.772059 0.486994 0.802941 0.486994 0.802941 0.520231 0.772059 0.520231
1 0.860294 0.492775 0.886764 0.492775 0.886764 0.524567 0.860294 0.524567
1 0.020588 0.498555 0.050000 0.498555 0.050000 0.527457 0.020588 0.527457
1 0.300000 0.507225 0.319118 0.507225 0.319118 0.533237 0.300000 0.533237
1 0.685295 0.510116 0.707354 0.510116 0.707354 0.534682 0.685295 0.534682
1 0.594118 0.513006 0.619118 0.513006 0.619118 0.540463 0.594118 0.540463
1 0.074999 0.527456 0.101470 0.527456 0.101470 0.554914 0.074999 0.554914
1 0.642648 0.543353 0.666176 0.543353 0.666176 0.570810 0.642648 0.570810
1 0.327941 0.557804 0.347059 0.557804 0.347059 0.575145 0.327941 0.575145
1 0.398530 0.550578 0.430883 0.550578 0.430883 0.585260 0.398530 0.585260
1 0.619117 0.550578 0.641177 0.550578 0.641177 0.589596 0.619117 0.589596
1 0.211765 0.566474 0.241177 0.566474 0.241177 0.595376 0.211765 0.595376
1 0.664706 0.562139 0.695588 0.562139 0.695588 0.596821 0.664706 0.596821
1 0.789706 0.566474 0.814706 0.566474 0.814706 0.598266 0.789706 0.598266
1 0.075000 0.569365 0.104412 0.569365 0.104412 0.602602 0.075000 0.602602
1 0.748529 0.579479 0.783823 0.579479 0.783823 0.606936 0.748529 0.606936
1 0.108824 0.582369 0.135295 0.582369 0.135295 0.609827 0.108824 0.609827
1 0.511765 0.583815 0.532353 0.583815 0.532353 0.614161 0.511765 0.614161
1 0.029412 0.601156 0.051470 0.601156 0.051470 0.619942 0.029412 0.619942
1 0.163235 0.622833 0.183823 0.622833 0.183823 0.644509 0.163235 0.644509
1 0.705883 0.618498 0.732353 0.618498 0.732353 0.648844 0.705883 0.648844
1 0.355882 0.622833 0.382354 0.622833 0.382354 0.650290 0.355882 0.650290
1 0.239705 0.631503 0.261765 0.631503 0.261765 0.650289 0.239705 0.650289
1 0.910294 0.635839 0.941176 0.635839 0.941176 0.666185 0.910294 0.666185
1 0.530883 0.637283 0.569118 0.637283 0.569118 0.663295 0.530883 0.663295
1 0.102942 0.641618 0.130883 0.641618 0.130883 0.664739 0.102942 0.664739
1 0.585294 0.643064 0.610294 0.643064 0.610294 0.667630 0.585294 0.667630
1 0.476470 0.644508 0.505882 0.644508 0.505882 0.671965 0.476470 0.671965
1 0.133824 0.651735 0.161765 0.651735 0.161765 0.671965 0.133824 0.671965
1 0.694118 0.653180 0.719118 0.653180 0.719118 0.676300 0.694118 0.676300
1 0.602942 0.651734 0.625001 0.651734 0.625001 0.680636 0.602942 0.680636
1 0.260294 0.666185 0.289706 0.666185 0.289706 0.692197 0.260294 0.692197
1 0.789705 0.674856 0.817646 0.674856 0.817646 0.697976 0.789705 0.697976
1 0.655883 0.667630 0.683824 0.667630 0.683824 0.702312 0.655883 0.702312
1 0.041176 0.676300 0.070588 0.676300 0.070588 0.705202 0.041176 0.705202
1 0.848530 0.683526 0.872058 0.683526 0.872058 0.708092 0.848530 0.708092
1 0.472058 0.683526 0.498530 0.683526 0.498530 0.713872 0.472058 0.713872
1 0.010294 0.686416 0.029412 0.686416 0.029412 0.712428 0.010294 0.712428
1 0.558823 0.692197 0.591176 0.692197 0.591176 0.722544 0.558823 0.722544
1 0.266177 0.702312 0.313236 0.702312 0.313236 0.734104 0.266177 0.734104
1 0.813235 0.706647 0.844117 0.706647 0.844117 0.738439 0.813235 0.738439
1 0.376470 0.706647 0.404411 0.706647 0.404411 0.738439 0.376470 0.738439
1 0.026470 0.709537 0.055882 0.709537 0.055882 0.736994 0.026470 0.736994
1 0.507353 0.716763 0.536765 0.716763 0.536765 0.742775 0.507353 0.742775
1 0.602941 0.718209 0.632353 0.718209 0.632353 0.748555 0.602941 0.748555
1 0.398529 0.718208 0.422059 0.718208 0.422059 0.750000 0.398529 0.750000
1 0.542647 0.729769 0.570588 0.729769 0.570588 0.754335 0.542647 0.754335
1 0.191177 0.736994 0.211765 0.736994 0.211765 0.760115 0.191177 0.760115
1 0.845588 0.738439 0.875000 0.738439 0.875000 0.767341 0.845588 0.767341
1 0.142647 0.750000 0.173529 0.750000 0.173529 0.781792 0.142647 0.781792
1 0.767647 0.760116 0.794117 0.760116 0.794117 0.784682 0.767647 0.784682
1 0.654412 0.763006 0.683824 0.763006 0.683824 0.789018 0.654412 0.789018
1 0.955882 0.761561 0.995588 0.761561 0.995588 0.793353 0.955882 0.793353
1 0.922059 0.761560 0.944118 0.761560 0.944118 0.794797 0.922059 0.794797
1 0.329412 0.774567 0.360294 0.774567 0.360294 0.799133 0.329412 0.799133
1 0.810295 0.774566 0.832354 0.774566 0.832354 0.806358 0.810295 0.806358
1 0.491177 0.789017 0.513236 0.789017 0.513236 0.816474 0.491177 0.816474
1 0.467646 0.799133 0.489706 0.799133 0.489706 0.825145 0.467646 0.825145
1 0.673530 0.797687 0.701470 0.797687 0.701470 0.828034 0.673530 0.828034
1 0.299999 0.809248 0.326470 0.809248 0.326470 0.836705 0.299999 0.836705
1 0.360295 0.816474 0.388236 0.816474 0.388236 0.841040 0.360295 0.841040
1 0.202941 0.815029 0.227941 0.815029 0.227941 0.845375 0.202941 0.845375
1 0.776470 0.823699 0.804411 0.823699 0.804411 0.851156 0.776470 0.851156
1 0.854411 0.830925 0.876471 0.830925 0.876471 0.854046 0.854411 0.854046
1 0.541177 0.829480 0.572059 0.829480 0.572059 0.855492 0.541177 0.855492
1 0.510295 0.833815 0.533824 0.833815 0.533824 0.862717 0.510295 0.862717
1 0.667647 0.835260 0.700001 0.835260 0.700001 0.871387 0.667647 0.871387
1 0.233823 0.842485 0.260294 0.842485 0.260294 0.878613 0.233823 0.878613
1 0.529412 0.856936 0.555882 0.856936 0.555882 0.877168 0.529412 0.877168
1 0.567647 0.855491 0.598529 0.855491 0.598529 0.881503 0.567647 0.881503
1 0.276471 0.859827 0.300000 0.859827 0.300000 0.880057 0.276471 0.880057
1 0.791177 0.864161 0.822059 0.864161 0.822059 0.891618 0.791177 0.891618
1 0.332353 0.871387 0.357353 0.871387 0.357353 0.890173 0.332353 0.890173
1 0.404412 0.878613 0.423530 0.878613 0.423530 0.897399 0.404412 0.897399
1 0.577941 0.878613 0.600001 0.878613 0.600001 0.901733 0.577941 0.901733
1 0.429412 0.894509 0.460294 0.894509 0.460294 0.908960 0.429412 0.908960
1 0.320588 0.901734 0.338235 0.901734 0.338235 0.933526 0.320588 0.933526
1 0.227941 0.906070 0.255883 0.906070 0.255883 0.936416 0.227941 0.936416
1 0.655882 0.914740 0.685294 0.914740 0.685294 0.934970 0.655882 0.934970
1 0.498530 0.914740 0.525000 0.914740 0.525000 0.940752 0.498530 0.940752
1 0.825001 0.913295 0.848529 0.913295 0.848529 0.943641 0.825001 0.943641
1 0.555882 0.926300 0.585294 0.926300 0.585294 0.952312 0.555882 0.952312
1 0.397059 0.932081 0.427941 0.932081 0.427941 0.962427 0.397059 0.962427
1 0.254411 0.939307 0.276471 0.939307 0.276471 0.960983 0.254411 0.960983
1 0.708824 0.940751 0.733824 0.940751 0.733824 0.960983 0.708824 0.960983
1 0.536765 0.939306 0.563236 0.939306 0.563236 0.965318 0.536765 0.965318
1 0.585295 0.966762 0.613236 0.966762 0.613236 0.994220 0.585295 0.994220
1 0.029412 0.026011 0.054412 0.026011 0.054412 0.054913 0.029412 0.054913
1 0.702941 0.028902 0.735295 0.028902 0.735295 0.059249 0.702941 0.059249
1 0.044117 0.054913 0.077941 0.054913 0.077941 0.086705 0.044117 0.086705
1 0.400000 0.072254 0.420588 0.072254 0.420588 0.104046 0.400000 0.104046
1 0.419118 0.118497 0.450000 0.118497 0.450000 0.150289 0.419118 0.150289
1 0.372059 0.125722 0.404411 0.125722 0.404411 0.154624 0.372059 0.154624
1 0.161765 0.140174 0.180883 0.140174 0.180883 0.164740 0.161765 0.164740
1 0.407352 0.145953 0.429412 0.145953 0.429412 0.169074 0.407352 0.169074
1 0.480882 0.144508 0.508823 0.144508 0.508823 0.177746 0.480882 0.177746
1 0.445588 0.161850 0.473529 0.161850 0.473529 0.189307 0.445588 0.189307
1 0.239706 0.171965 0.269118 0.171965 0.269118 0.206647 0.239706 0.206647
1 0.170589 0.174856 0.192647 0.174856 0.192647 0.209538 0.170589 0.209538
1 0.507352 0.177746 0.529412 0.177746 0.529412 0.210983 0.507352 0.210983
1 0.923530 0.183526 0.951470 0.183526 0.951470 0.210983 0.923530 0.210983
1 0.830882 0.189307 0.860294 0.189307 0.860294 0.213873 0.830882 0.213873
1 0.425000 0.189306 0.455882 0.189306 0.455882 0.215318 0.425000 0.215318
1 0.100000 0.190752 0.133824 0.190752 0.133824 0.212428 0.100000 0.212428
1 0.397058 0.205202 0.423530 0.205202 0.423530 0.232659 0.397058 0.232659
1 0.457354 0.203757 0.485295 0.203757 0.485295 0.235549 0.457354 0.235549
1 0.358823 0.212427 0.385294 0.212427 0.385294 0.239885 0.358823 0.239885
1 0.107353 0.221098 0.141177 0.221098 0.141177 0.252890 0.107353 0.252890
1 0.035295 0.223989 0.063236 0.223989 0.063236 0.254335 0.035295 0.254335
1 0.950000 0.228324 0.975000 0.228324 0.975000 0.263006 0.950000 0.263006
1 0.194118 0.242775 0.225000 0.242775 0.225000 0.267341 0.194118 0.267341
1 0.267647 0.250000 0.294118 0.250000 0.294118 0.276012 0.267647 0.276012
1 0.227941 0.252890 0.258823 0.252890 0.258823 0.277456 0.227941 0.277456
1 0.385294 0.258671 0.411765 0.258671 0.411765 0.286127 0.385294 0.286127
1 0.108824 0.260115 0.144118 0.260115 0.144118 0.287572 0.108824 0.287572
1 0.348529 0.264451 0.375001 0.264451 0.375001 0.290463 0.348529 0.290463
1 0.204412 0.291908 0.238236 0.291908 0.238236 0.319364 0.204412 0.319364
1 0.117647 0.296243 0.139706 0.296243 0.139706 0.320809 0.117647 0.320809
1 0.083824 0.303468 0.108824 0.303468 0.108824 0.328034 0.083824 0.328034
1 0.158824 0.306359 0.186764 0.306359 0.186764 0.329479 0.158824 0.329479
1 0.238235 0.316474 0.263235 0.316474 0.263235 0.346821 0.238235 0.346821
1 0.880883 0.315029 0.919118 0.315029 0.919118 0.352601 0.880883 0.352601
1 0.210294 0.326589 0.238235 0.326589 0.238235 0.356936 0.210294 0.356936
1 0.161765 0.332370 0.189705 0.332370 0.189705 0.359826 0.161765 0.359826
1 0.798530 0.358381 0.830883 0.358381 0.830883 0.390173 0.798530 0.390173
1 0.545588 0.364162 0.575000 0.364162 0.575000 0.393064 0.545588 0.393064
1 0.333824 0.368497 0.364706 0.368497 0.364706 0.400289 0.333824 0.400289
1 0.179412 0.380057 0.216176 0.380057 0.216176 0.410405 0.179412 0.410405
1 0.135294 0.398845 0.158824 0.398845 0.158824 0.421965 0.135294 0.421965
1 0.170588 0.410405 0.202941 0.410405 0.202941 0.434971 0.170588 0.434971
1 0.551470 0.410405 0.579411 0.410405 0.579411 0.440752 0.551470 0.440752
1 0.023529 0.411850 0.050001 0.411850 0.050001 0.439306 0.023529 0.439306
1 0.397058 0.423410 0.423530 0.423410 0.423530 0.455202 0.397058 0.455202
1 0.200000 0.430636 0.219118 0.430636 0.219118 0.456648 0.200000 0.456648
1 0.319118 0.445086 0.350000 0.445086 0.350000 0.472543 0.319118 0.472543
1 0.689705 0.452313 0.722059 0.452313 0.722059 0.488440 0.689705 0.488440
1 0.077941 0.452313 0.102941 0.452313 0.102941 0.485549 0.077941 0.485549
1 0.051471 0.456647 0.076471 0.456647 0.076471 0.488439 0.051471 0.488439
1 0.025000 0.468208 0.047058 0.468208 0.047058 0.494220 0.025000 0.494220
1 0.222059 0.473989 0.252941 0.473989 0.252941 0.501445 0.222059 0.501445
1 0.292646 0.472544 0.319117 0.472544 0.319117 0.502891 0.292646 0.502891
1 0.544118 0.497110 0.569118 0.497110 0.569118 0.531792 0.544118 0.531792
1 0.425000 0.502890 0.454412 0.502890 0.454412 0.531792 0.425000 0.531792
1 0.117648 0.526011 0.145589 0.526011 0.145589 0.553469 0.117648 0.553469
1 0.261765 0.526011 0.286765 0.526011 0.286765 0.553469 0.261765 0.553469
1 0.341177 0.527456 0.372059 0.527456 0.372059 0.554914 0.341177 0.554914
1 0.813235 0.528902 0.842647 0.528902 0.842647 0.554914 0.813235 0.554914
1 0.223529 0.534681 0.250001 0.534681 0.250001 0.562138 0.223529 0.562138
1 0.905882 0.534682 0.938236 0.534682 0.938236 0.565028 0.905882 0.565028
1 0.451470 0.544798 0.488236 0.544798 0.488236 0.573700 0.451470 0.573700
1 0.252941 0.557804 0.282353 0.557804 0.282353 0.585261 0.252941 0.585261
1 0.470588 0.588151 0.501470 0.588151 0.501470 0.624278 0.470588 0.624278
1 0.582353 0.596821 0.610294 0.596821 0.610294 0.621387 0.582353 0.621387
1 0.254412 0.598266 0.279412 0.598266 0.279412 0.625723 0.254412 0.625723
1 0.964706 0.598266 0.995588 0.598266 0.995588 0.627168 0.964706 0.627168
1 0.872059 0.614162 0.898529 0.614162 0.898529 0.647398 0.872059 0.647398
1 0.742648 0.624278 0.770589 0.624278 0.770589 0.648844 0.742648 0.648844
1 0.200000 0.627167 0.229412 0.627167 0.229412 0.656069 0.200000 0.656069
1 0.823529 0.632948 0.852941 0.632948 0.852941 0.661850 0.823529 0.661850
1 0.389705 0.641618 0.426471 0.641618 0.426471 0.669076 0.389705 0.669076
1 0.795589 0.643064 0.823530 0.643064 0.823530 0.670521 0.795589 0.670521
1 0.901470 0.660404 0.929411 0.660404 0.929411 0.689306 0.901470 0.689306
1 0.977942 0.671965 1.000000 0.671965 1.000000 0.697977 0.977942 0.697977
1 0.364706 0.674855 0.395588 0.674855 0.395588 0.703757 0.364706 0.703757
1 0.882353 0.690752 0.908824 0.690752 0.908824 0.712428 0.882353 0.712428
1 0.097059 0.695086 0.135294 0.695086 0.135294 0.722544 0.097059 0.722544
1 0.061764 0.725434 0.094117 0.725434 0.094117 0.755780 0.061764 0.755780
1 0.311764 0.729769 0.344117 0.729769 0.344117 0.761561 0.311764 0.761561
1 0.088236 0.747111 0.111765 0.747111 0.111765 0.770231 0.088236 0.770231
1 0.032353 0.750000 0.064705 0.750000 0.064705 0.780346 0.032353 0.780346
1 0.597059 0.764451 0.625000 0.764451 0.625000 0.789017 0.597059 0.789017
1 0.441176 0.764451 0.467647 0.764451 0.467647 0.789017 0.441176 0.789017
1 0.732353 0.764451 0.761765 0.764451 0.761765 0.794797 0.732353 0.794797
1 0.122059 0.786127 0.155883 0.786127 0.155883 0.809248 0.122059 0.809248
1 0.141176 0.797688 0.173530 0.797688 0.173530 0.829480 0.141176 0.829480
1 0.230883 0.804914 0.261765 0.804914 0.261765 0.829480 0.230883 0.829480
1 0.714706 0.871387 0.744118 0.871387 0.744118 0.900289 0.714706 0.900289
1 0.195588 0.874277 0.226470 0.874277 0.226470 0.901734 0.195588 0.901734
1 0.605882 0.890173 0.635294 0.890173 0.635294 0.921965 0.605882 0.921965
1 0.739706 0.904625 0.779412 0.904625 0.779412 0.934971 0.739706 0.934971
1 0.657353 0.947977 0.688235 0.947977 0.688235 0.972543 0.657353 0.972543
1 0.688235 0.959537 0.719117 0.959537 0.719117 0.988439 0.688235 0.988439
1 0.888235 0.192196 0.910295 0.192196 0.910295 0.223988 0.888235 0.223988
1 0.852941 0.231213 0.882353 0.231213 0.882353 0.267340 0.852941 0.267340
1 0.960295 0.184972 0.988236 0.184972 0.988236 0.208093 0.960295 0.208093
1 0.827941 0.144509 0.844117 0.144509 0.844117 0.164740 0.827941 0.164740
1 0.204412 0.104047 0.233824 0.104047 0.233824 0.134393 0.204412 0.134393
1 0.089707 0.293353 0.113236 0.293353 0.113236 0.313584 0.089707 0.313584
1 0.322059 0.330925 0.352941 0.330925 0.352941 0.368497 0.322059 0.368497
1 0.901470 0.218208 0.939705 0.218208 0.939705 0.250000 0.901470 0.250000
1 0.177942 0.658959 0.216177 0.658959 0.216177 0.686416 0.177942 0.686416
3 0.285294 0.614162 0.344118 0.614162 0.344118 0.690752 0.285294 0.690752
