1 0.145315 0.002577 0.183557 0.002577 0.183557 0.041237 0.145315 0.041237
1 0.114723 0.002577 0.143404 0.002577 0.143404 0.043815 0.114723 0.043815
1 0.065009 0.115979 0.105162 0.115979 0.105162 0.170103 0.065009 0.170103
1 0.070746 0.043815 0.107075 0.043815 0.107075 0.095361 0.070746 0.095361
1 0.011473 0.033505 0.051626 0.033505 0.051626 0.087629 0.011473 0.087629
1 0.013385 0.139175 0.051625 0.139175 0.051625 0.185567 0.013385 0.185567
1 0.082217 0.252577 0.114723 0.252577 0.114723 0.301546 0.082217 0.301546
1 0.114723 0.250000 0.141491 0.250000 0.141491 0.298969 0.114723 0.298969
1 0.141491 0.221650 0.173996 0.221650 0.173996 0.265464 0.141491 0.265464
1 0.323136 0.283505 0.361376 0.283505 0.361376 0.322165 0.323136 0.322165
1 0.191204 0.149484 0.223710 0.149484 0.223710 0.188144 0.191204 0.188144
1 0.187381 0.234536 0.221797 0.234536 0.221797 0.273196 0.187381 0.273196
1 0.239006 0.234537 0.275335 0.234537 0.275335 0.283506 0.239006 0.283506
1 0.325048 0.136598 0.361376 0.136598 0.361376 0.180412 0.325048 0.180412
1 0.286807 0.074742 0.317400 0.074742 0.317400 0.134020 0.286807 0.134020
1 0.395793 0.097938 0.430210 0.097938 0.430210 0.144330 0.395793 0.144330
1 0.416826 0.149485 0.449331 0.149485 0.449331 0.198454 0.416826 0.198454
1 0.363288 0.149484 0.407266 0.149484 0.407266 0.203608 0.363288 0.203608
1 0.158699 0.301546 0.195028 0.301546 0.195028 0.350516 0.158699 0.350516
1 0.126194 0.317010 0.162523 0.317010 0.162523 0.365980 0.126194 0.365980
1 0.072657 0.327320 0.107075 0.327320 0.107075 0.371134 0.072657 0.371134
1 0.059273 0.368556 0.093690 0.368556 0.093690 0.417525 0.059273 0.417525
1 0.099427 0.384021 0.130020 0.384021 0.130020 0.427835 0.099427 0.427835
1 0.189293 0.365980 0.219885 0.365980 0.219885 0.407216 0.189293 0.407216
1 0.149140 0.368557 0.181645 0.368557 0.181645 0.412371 0.149140 0.412371
1 0.219885 0.286083 0.248566 0.286083 0.248566 0.373711 0.219885 0.373711
1 0.254301 0.283506 0.281071 0.283506 0.281071 0.317011 0.254301 0.317011
1 0.342256 0.636598 0.384321 0.636598 0.384321 0.677835 0.342256 0.677835
1 0.413002 0.636598 0.445507 0.636598 0.445507 0.680412 0.413002 0.680412
1 0.414913 0.675258 0.449331 0.675258 0.449331 0.726804 0.414913 0.726804
1 0.453154 0.634021 0.479924 0.634021 0.479924 0.672681 0.453154 0.672681
1 0.588911 0.520619 0.625240 0.520619 0.625240 0.579897 0.588911 0.579897
1 0.596558 0.628866 0.632888 0.628866 0.632888 0.677836 0.596558 0.677836
1 0.548758 0.608247 0.579351 0.608247 0.579351 0.657216 0.548758 0.657216
1 0.518165 0.497422 0.550670 0.497422 0.550670 0.546392 0.518165 0.546392
1 0.478011 0.463917 0.510516 0.463917 0.510516 0.512887 0.478011 0.512887
1 0.625239 0.662372 0.663479 0.662372 0.663479 0.711341 0.625239 0.711341
1 0.653919 0.708763 0.688336 0.708763 0.688336 0.762887 0.653919 0.762887
1 0.604206 0.721649 0.640536 0.721649 0.640536 0.770618 0.604206 0.770618
1 0.564053 0.731959 0.594647 0.731959 0.594647 0.786083 0.564053 0.786083
1 0.588911 0.786082 0.630976 0.786082 0.630976 0.824742 0.588911 0.824742
1 0.577438 0.822164 0.615679 0.822164 0.615679 0.878866 0.577438 0.878866
1 0.541108 0.832474 0.575525 0.832474 0.575525 0.876288 0.541108 0.876288
1 0.531548 0.775774 0.564053 0.775774 0.564053 0.817010 0.531548 0.817010
1 0.510517 0.662371 0.543022 0.662371 0.543022 0.706185 0.510517 0.706185
1 0.556405 0.652062 0.592735 0.652062 0.592735 0.706186 0.556405 0.706186
1 0.464627 0.662371 0.500957 0.662371 0.500957 0.716495 0.464627 0.716495
1 0.437858 0.739691 0.478011 0.739691 0.478011 0.783505 0.437858 0.783505
1 0.483747 0.716495 0.512428 0.716495 0.512428 0.765464 0.483747 0.765464
1 0.514340 0.713917 0.550670 0.713917 0.550670 0.775773 0.514340 0.775773
1 0.273423 0.698454 0.315488 0.698454 0.315488 0.742268 0.273423 0.742268
1 0.319312 0.675258 0.349905 0.675258 0.349905 0.716495 0.319312 0.716495
1 0.365200 0.752578 0.399618 0.752578 0.399618 0.796392 0.365200 0.796392
1 0.359465 0.698454 0.399618 0.698454 0.399618 0.755154 0.359465 0.755154
1 0.403442 0.768041 0.434034 0.768041 0.434034 0.811855 0.403442 0.811855
1 0.365201 0.806702 0.401529 0.806702 0.401529 0.840206 0.365201 0.840206
1 0.443595 0.819588 0.479923 0.819588 0.479923 0.860824 0.443595 0.860824
1 0.491395 0.778351 0.523900 0.778351 0.523900 0.819588 0.491395 0.819588
1 0.435947 0.440721 0.474187 0.440721 0.474187 0.497422 0.435947 0.497422
1 0.416826 0.492268 0.458892 0.492268 0.458892 0.543814 0.416826 0.543814
1 0.489484 0.412371 0.520077 0.412371 0.520077 0.466495 0.489484 0.466495
1 0.521989 0.399484 0.546845 0.399484 0.546845 0.453608 0.521989 0.453608
1 0.460804 0.567011 0.499045 0.567011 0.499045 0.603093 0.460804 0.603093
1 0.499044 0.551546 0.533461 0.551546 0.533461 0.590206 0.499044 0.590206
1 0.548758 0.543815 0.581263 0.543815 0.581263 0.595361 0.548758 0.595361
1 0.590822 0.917526 0.627151 0.917526 0.627151 0.971650 0.590822 0.971650
1 0.567878 0.966495 0.600383 0.966495 0.600383 0.994846 0.567878 0.994846
1 0.627150 0.868556 0.653919 0.868556 0.653919 0.917525 0.627150 0.917525
1 0.659656 0.889175 0.684512 0.889175 0.684512 0.943299 0.659656 0.943299
1 0.508605 0.855670 0.541110 0.855670 0.541110 0.902062 0.508605 0.902062
1 0.460803 0.858247 0.502868 0.858247 0.502868 0.920103 0.460803 0.920103
1 0.426387 0.865979 0.458892 0.865979 0.458892 0.920103 0.426387 0.920103
1 0.407266 0.894330 0.437858 0.894330 0.437858 0.953608 0.407266 0.953608
1 0.554494 0.884021 0.588911 0.884021 0.588911 0.935567 0.554494 0.935567
1 0.632887 0.809279 0.659656 0.809279 0.659656 0.858248 0.632887 0.858248
1 0.669215 0.814433 0.699809 0.814433 0.699809 0.853093 0.669215 0.853093
1 0.680689 0.778350 0.722754 0.778350 0.722754 0.817010 0.680689 0.817010
1 0.707456 0.737114 0.734225 0.737114 0.734225 0.788660 0.707456 0.788660
1 0.724665 0.685567 0.757170 0.685567 0.757170 0.734537 0.724665 0.734537
1 0.699809 0.835052 0.743785 0.835052 0.743785 0.909794 0.699809 0.909794
1 0.759082 0.809278 0.799236 0.809278 0.799236 0.863402 0.759082 0.863402
1 0.768643 0.863402 0.801148 0.863402 0.801148 0.902062 0.768643 0.902062
1 0.808796 0.871135 0.847036 0.871135 0.847036 0.912372 0.808796 0.912372
1 0.787762 0.917526 0.827916 0.917526 0.827916 0.963918 0.787762 0.963918
1 0.812619 0.951031 0.852773 0.951031 0.852773 0.992267 0.812619 0.992267
1 0.713194 0.961340 0.757170 0.961340 0.757170 1.000000 0.713194 1.000000
1 0.904397 0.912371 0.936902 0.912371 0.936902 0.971649 0.904397 0.971649
1 0.940727 0.902062 0.967496 0.902062 0.967496 0.956186 0.940727 0.956186
1 0.961759 0.881443 0.998089 0.881443 0.998089 0.927835 0.961759 0.927835
1 0.971320 0.824742 0.998089 0.824742 0.998089 0.873711 0.971320 0.873711
1 0.887190 0.873712 0.915871 0.873712 0.915871 0.917526 0.887190 0.917526
1 0.912046 0.847938 0.950287 0.847938 0.950287 0.891752 0.912046 0.891752
1 0.904398 0.804124 0.948375 0.804124 0.948375 0.850516 0.904398 0.850516
1 0.917782 0.760309 0.950287 0.760309 0.950287 0.804123 0.917782 0.804123
1 0.956022 0.788660 0.998088 0.788660 0.998088 0.829897 0.956022 0.829897
1 0.950287 0.706186 0.978967 0.706186 0.978967 0.757732 0.950287 0.757732
1 0.929254 0.641752 0.957935 0.641752 0.957935 0.680412 0.929254 0.680412
1 0.917782 0.675258 0.952198 0.675258 0.952198 0.721650 0.917782 0.721650
1 0.973232 0.657217 0.998088 0.657217 0.998088 0.713917 0.973232 0.713917
1 0.873804 0.737113 0.917781 0.737113 0.917781 0.786083 0.873804 0.786083
1 0.826004 0.726804 0.860420 0.726804 0.860420 0.778350 0.826004 0.778350
1 0.824091 0.783505 0.866156 0.783505 0.866156 0.827319 0.824091 0.827319
1 0.848948 0.829897 0.881454 0.829897 0.881454 0.860825 0.848948 0.860825
1 0.831739 0.670103 0.871893 0.670103 0.871893 0.721649 0.831739 0.721649
1 0.856596 0.621134 0.894837 0.621134 0.894837 0.659794 0.856596 0.659794
1 0.910134 0.585052 0.938814 0.585052 0.938814 0.626289 0.910134 0.626289
1 0.724666 0.628866 0.774378 0.628866 0.774378 0.675258 0.724666 0.675258
1 0.793498 0.731958 0.826004 0.731958 0.826004 0.788660 0.793498 0.788660
1 0.787763 0.695877 0.822179 0.695877 0.822179 0.737113 0.787763 0.737113
1 0.799235 0.662371 0.829829 0.662371 0.829829 0.698453 0.799235 0.698453
1 0.764818 0.716495 0.791587 0.716495 0.791587 0.770619 0.764818 0.770619
1 0.739962 0.778350 0.778203 0.778350 0.778203 0.824742 0.739962 0.824742
1 0.634799 0.360825 0.667304 0.360825 0.667304 0.404639 0.634799 0.404639
1 0.697896 0.342784 0.734225 0.342784 0.734225 0.384020 0.697896 0.384020
1 0.755259 0.327319 0.789675 0.327319 0.789675 0.376289 0.755259 0.376289
1 0.745698 0.373712 0.783938 0.373712 0.783938 0.414948 0.745698 0.414948
1 0.782026 0.396907 0.818356 0.396907 0.818356 0.435567 0.782026 0.435567
1 0.804972 0.347938 0.839388 0.347938 0.839388 0.391752 0.804972 0.391752
1 0.841301 0.368557 0.877630 0.368557 0.877630 0.412371 0.841301 0.412371
1 0.695985 0.430413 0.738050 0.430413 0.738050 0.471649 0.695985 0.471649
1 0.621416 0.417526 0.673041 0.417526 0.673041 0.471650 0.621416 0.471650
1 0.640536 0.481959 0.674952 0.481959 0.674952 0.525773 0.640536 0.525773
1 0.688337 0.484536 0.724666 0.484536 0.724666 0.523196 0.688337 0.523196
1 0.739962 0.461340 0.774378 0.461340 0.774378 0.515464 0.739962 0.515464
1 0.778203 0.469072 0.810708 0.469072 0.810708 0.520618 0.778203 0.520618
1 0.741873 0.530928 0.782027 0.530928 0.782027 0.577320 0.741873 0.577320
1 0.684512 0.525774 0.724666 0.525774 0.724666 0.574743 0.684512 0.574743
1 0.632887 0.538660 0.669216 0.538660 0.669216 0.592784 0.632887 0.592784
1 0.596558 0.456186 0.630975 0.456186 0.630975 0.497422 0.596558 0.497422
1 0.575526 0.402062 0.609942 0.402062 0.609942 0.445876 0.575526 0.445876
1 0.552582 0.358247 0.581263 0.358247 0.581263 0.404639 0.552582 0.404639
1 0.585085 0.260309 0.621414 0.260309 0.621414 0.314433 0.585085 0.314433
1 0.625239 0.260309 0.663479 0.260309 0.663479 0.314433 0.625239 0.314433
1 0.613766 0.237113 0.642447 0.237113 0.642447 0.268041 0.613766 0.268041
1 0.625239 0.193299 0.659655 0.193299 0.659655 0.239691 0.625239 0.239691
1 0.676864 0.224227 0.707458 0.224227 0.707458 0.278351 0.676864 0.278351
1 0.676864 0.296392 0.707458 0.296392 0.707458 0.340206 0.676864 0.340206
1 0.720841 0.278351 0.760995 0.278351 0.760995 0.327320 0.720841 0.327320
1 0.766731 0.260309 0.801148 0.260309 0.801148 0.314433 0.766731 0.314433
1 0.827915 0.291237 0.868069 0.291237 0.868069 0.335051 0.827915 0.335051
1 0.521988 0.270618 0.560229 0.270618 0.560229 0.309278 0.521988 0.309278
1 0.573613 0.201031 0.606119 0.201031 0.606119 0.249999 0.573613 0.249999
1 0.669215 0.134020 0.705545 0.134020 0.705545 0.190721 0.669215 0.190721
1 0.707457 0.170103 0.749522 0.170103 0.749522 0.206185 0.707457 0.206185
1 0.948375 0.074742 0.980880 0.074742 0.980880 0.128866 0.948375 0.128866
1 0.929254 0.038660 0.957935 0.038660 0.957935 0.085052 0.929254 0.085052
1 0.919694 0.097938 0.948375 0.097938 0.948375 0.152062 0.919694 0.152062
1 0.896749 0.023196 0.929254 0.023196 0.929254 0.077320 0.896749 0.077320
1 0.887190 0.108247 0.912046 0.108247 0.912046 0.162371 0.887190 0.162371
1 0.852773 0.097938 0.885278 0.097938 0.885278 0.144330 0.852773 0.144330
1 0.862332 0.180412 0.892926 0.180412 0.892926 0.226804 0.862332 0.226804
1 0.902486 0.170103 0.936902 0.170103 0.936902 0.206185 0.902486 0.206185
1 0.892925 0.206185 0.923519 0.206185 0.923519 0.252577 0.892925 0.252577
1 0.856596 0.224227 0.883366 0.224227 0.883366 0.262887 0.856596 0.262887
1 0.942639 0.152061 0.977055 0.152061 0.977055 0.193299 0.942639 0.193299
1 0.963670 0.203608 0.990440 0.203608 0.990440 0.255154 0.963670 0.255154
1 0.934991 0.198453 0.969407 0.198453 0.969407 0.239691 0.934991 0.239691
1 0.933079 0.237113 0.957935 0.237113 0.957935 0.270618 0.933079 0.270618
1 0.946462 0.278351 0.977056 0.278351 0.977056 0.322165 0.946462 0.322165
1 0.906310 0.252577 0.931167 0.252577 0.931167 0.306701 0.906310 0.306701
1 0.866156 0.268041 0.894837 0.268041 0.894837 0.319587 0.866156 0.319587
1 0.921605 0.319588 0.942639 0.319588 0.942639 0.360824 0.921605 0.360824
1 0.950287 0.347938 0.977056 0.347938 0.977056 0.396908 0.950287 0.396908
1 0.927342 0.402062 0.957936 0.402062 0.957936 0.448454 0.927342 0.448454
1 0.898662 0.360824 0.933078 0.360824 0.933078 0.409794 0.898662 0.409794
1 0.891014 0.417525 0.923519 0.417525 0.923519 0.466495 0.891014 0.466495
1 0.910134 0.458762 0.944550 0.458762 0.944550 0.507732 0.910134 0.507732
1 0.969407 0.448453 1.000000 0.448453 1.000000 0.494845 0.969407 0.494845
1 0.879540 0.489691 0.906309 0.489691 0.906309 0.541237 0.879540 0.541237
1 0.902485 0.510309 0.929254 0.510309 0.929254 0.551546 0.902485 0.551546
1 0.877629 0.541237 0.904398 0.541237 0.904398 0.587629 0.877629 0.587629
1 0.829828 0.561856 0.868069 0.561856 0.868069 0.608248 0.829828 0.608248
1 0.850861 0.422680 0.879541 0.422680 0.879541 0.471649 0.850861 0.471649
1 0.814532 0.494846 0.858509 0.494846 0.858509 0.546392 0.814532 0.546392
1 0.789675 0.538660 0.824091 0.538660 0.824091 0.577320 0.789675 0.577320
1 0.780115 0.574743 0.812620 0.574743 0.812620 0.603094 0.780115 0.603094
1 0.774378 0.597938 0.801148 0.597938 0.801148 0.641752 0.774378 0.641752
1 0.808796 0.610825 0.833652 0.610825 0.833652 0.649485 0.808796 0.649485
1 0.634799 0.605671 0.665393 0.605671 0.665393 0.646907 0.634799 0.646907
1 0.776290 0.219072 0.812620 0.219072 0.812620 0.255154 0.776290 0.255154
1 0.808796 0.193299 0.839389 0.193299 0.839389 0.234537 0.808796 0.234537
1 0.814532 0.113403 0.839388 0.113403 0.839388 0.162372 0.814532 0.162372
1 0.803060 0.059279 0.845125 0.059279 0.845125 0.103093 0.803060 0.103093
1 0.804971 0.002577 0.835565 0.002577 0.835565 0.051546 0.804971 0.051546
1 0.843212 0.018041 0.873806 0.018041 0.873806 0.059278 0.843212 0.059278
1 0.728490 0.079897 0.770555 0.079897 0.770555 0.110825 0.728490 0.110825
1 0.629063 0.072165 0.667304 0.072165 0.667304 0.118557 0.629063 0.118557
1 0.564053 0.103093 0.604207 0.103093 0.604207 0.154639 0.564053 0.154639
1 0.600383 0.144330 0.629063 0.144330 0.629063 0.190722 0.600383 0.190722
1 0.630976 0.118557 0.673041 0.118557 0.673041 0.164949 0.630976 0.164949
1 0.564053 0.005155 0.602294 0.005155 0.602294 0.043815 0.564053 0.043815
1 0.502867 0.144330 0.533461 0.144330 0.533461 0.182990 0.502867 0.182990
1 0.541108 0.159794 0.573613 0.159794 0.573613 0.219072 0.541108 0.219072
1 0.441682 0.077320 0.483747 0.077320 0.483747 0.121134 0.441682 0.121134
1 0.445507 0.121134 0.493308 0.121134 0.493308 0.180412 0.445507 0.180412
1 0.474187 0.211340 0.510517 0.211340 0.510517 0.244845 0.474187 0.244845
1 0.428299 0.247423 0.468452 0.247423 0.468452 0.301547 0.428299 0.301547
1 0.458892 0.280928 0.508605 0.280928 0.508605 0.335052 0.458892 0.335052
1 0.395794 0.211340 0.434034 0.211340 0.434034 0.262886 0.395794 0.262886
1 0.516253 0.319588 0.569789 0.319588 0.569789 0.363402 0.516253 0.363402
1 0.393881 0.288659 0.424474 0.288659 0.424474 0.337628 0.393881 0.337628
1 0.038240 0.798969 0.074569 0.798969 0.074569 0.847939 0.038240 0.847939
1 0.061185 0.860825 0.091778 0.860825 0.091778 0.904639 0.061185 0.904639
1 0.086041 0.889175 0.118546 0.889175 0.118546 0.948453 0.086041 0.948453
1 0.116634 0.881444 0.147227 0.881444 0.147227 0.922681 0.116634 0.922681
1 0.097515 0.845361 0.149140 0.845361 0.149140 0.876289 0.097515 0.876289
1 0.026769 0.847939 0.051626 0.847939 0.051626 0.889176 0.026769 0.889176
1 0.042064 0.914948 0.070746 0.914948 0.070746 0.963917 0.042064 0.963917
1 0.091778 0.958762 0.122372 0.958762 0.122372 0.999999 0.091778 0.999999
1 0.137667 0.958762 0.172085 0.958762 0.172085 0.999999 0.137667 0.999999
1 0.156788 0.896907 0.191204 0.896907 0.191204 0.953609 0.156788 0.953609
1 0.193116 0.855671 0.235182 0.855671 0.235182 0.920103 0.193116 0.920103
1 0.254303 0.896907 0.292544 0.896907 0.292544 0.943299 0.254303 0.943299
1 0.305927 0.891753 0.340344 0.891753 0.340344 0.932990 0.305927 0.932990
1 0.288719 0.945876 0.334608 0.945876 0.334608 0.984536 0.288719 0.984536
1 0.258127 0.832475 0.296368 0.832475 0.296368 0.865979 0.258127 0.865979
1 0.326960 0.783505 0.357552 0.783505 0.357552 0.824742 0.326960 0.824742
1 0.296367 0.760309 0.325047 0.760309 0.325047 0.798969 0.296367 0.798969
1 0.357552 0.845361 0.403441 0.845361 0.403441 0.889175 0.357552 0.889175
1 0.349905 0.943299 0.388145 0.943299 0.388145 0.989691 0.349905 0.989691
1 0.374760 0.914948 0.405353 0.914948 0.405353 0.953608 0.374760 0.953608
1 0.187381 0.762887 0.219886 0.762887 0.219886 0.811856 0.187381 0.811856
1 0.145315 0.793814 0.183557 0.793814 0.183557 0.840206 0.145315 0.840206
1 0.103250 0.811856 0.149140 0.811856 0.149140 0.847938 0.103250 0.847938
1 0.160611 0.688145 0.193116 0.688145 0.193116 0.739691 0.160611 0.739691
1 0.214149 0.667525 0.246654 0.667525 0.246654 0.716495 0.214149 0.716495
1 0.384321 0.530928 0.418739 0.530928 0.418739 0.574742 0.384321 0.574742
1 0.357552 0.497423 0.384322 0.497423 0.384322 0.551547 0.357552 0.551547
1 0.349905 0.448454 0.380497 0.448454 0.380497 0.487114 0.349905 0.487114
1 0.401529 0.373711 0.432122 0.373711 0.432122 0.435567 0.401529 0.435567
1 0.458890 0.391753 0.495220 0.391753 0.495220 0.440722 0.458890 0.440722
1 0.353729 0.391753 0.382409 0.391753 0.382409 0.432989 0.353729 0.432989
1 0.330784 0.355670 0.367112 0.355670 0.367112 0.402062 0.330784 0.402062
1 0.305927 0.329897 0.340344 0.329897 0.340344 0.376289 0.305927 0.376289
1 0.395794 0.773196 0.414914 0.773196 0.414914 0.780928 0.395794 0.780928
1 0.330784 0.600515 0.372849 0.600515 0.372849 0.631443 0.330784 0.631443
1 0.300192 0.621135 0.332697 0.621135 0.332697 0.662372 0.300192 0.662372
1 0.300192 0.546392 0.357552 0.546392 0.357552 0.600516 0.300192 0.600516
1 0.273423 0.458763 0.315488 0.458763 0.315488 0.510309 0.273423 0.510309
1 0.288718 0.394329 0.326959 0.394329 0.326959 0.443299 0.288718 0.443299
1 0.265774 0.368557 0.300192 0.368557 0.300192 0.409793 0.265774 0.409793
1 0.250478 0.422681 0.288718 0.422681 0.288718 0.458763 0.250478 0.458763
1 0.233269 0.458763 0.258126 0.458763 0.258126 0.518041 0.233269 0.518041
1 0.261950 0.523196 0.294455 0.523196 0.294455 0.564433 0.261950 0.564433
1 0.265775 0.577320 0.296368 0.577320 0.296368 0.608248 0.265775 0.608248
1 0.254302 0.621134 0.286807 0.621134 0.286807 0.659794 0.254302 0.659794
1 0.193116 0.567011 0.229445 0.567011 0.229445 0.618557 0.193116 0.618557
1 0.196940 0.507732 0.239006 0.507732 0.239006 0.556701 0.196940 0.556701
1 0.120459 0.654639 0.145316 0.654639 0.145316 0.708763 0.120459 0.708763
1 0.170173 0.621135 0.208413 0.621135 0.208413 0.670104 0.170173 0.670104
1 0.135756 0.590206 0.164437 0.590206 0.164437 0.634020 0.135756 0.634020
1 0.097515 0.615979 0.133844 0.615979 0.133844 0.662371 0.097515 0.662371
1 0.082217 0.667526 0.110899 0.667526 0.110899 0.706186 0.082217 0.706186
1 0.053538 0.626289 0.086043 0.626289 0.086043 0.675258 0.053538 0.675258
1 0.168260 0.417526 0.202676 0.417526 0.202676 0.471650 0.168260 0.471650
1 0.118546 0.435567 0.152963 0.435567 0.152963 0.481959 0.118546 0.481959
1 0.112810 0.492268 0.147228 0.492268 0.147228 0.533505 0.112810 0.533505
1 0.051625 0.533505 0.084130 0.533505 0.084130 0.585051 0.051625 0.585051
1 0.022944 0.541237 0.049714 0.541237 0.049714 0.590206 0.022944 0.590206
1 0.066921 0.474227 0.099427 0.474227 0.099427 0.520619 0.066921 0.520619
1 0.091779 0.574742 0.118548 0.574742 0.118548 0.613402 0.091779 0.613402
1 0.342257 0.051547 0.374762 0.051547 0.374762 0.095361 0.342257 0.095361
1 0.390057 0.046392 0.426387 0.046392 0.426387 0.085052 0.390057 0.085052
1 0.732313 0.018042 0.768643 0.018042 0.768643 0.067011 0.732313 0.067011
1 0.619503 0.033504 0.644359 0.033504 0.644359 0.061856 0.619503 0.061856
1 0.499043 0.353093 0.527724 0.353093 0.527724 0.396907 0.499043 0.396907
1 0.353729 0.216495 0.378586 0.216495 0.378586 0.252577 0.353729 0.252577
1 0.376673 0.244845 0.395793 0.244845 0.395793 0.283505 0.376673 0.283505
1 0.066921 0.721649 0.099427 0.721649 0.099427 0.768041 0.066921 0.768041
1 0.208413 0.958763 0.239005 0.958763 0.239005 0.994845 0.208413 0.994845
