0 0.042940 0.007284 0.078448 0.007284 0.078448 0.043704 0.042940 0.043704
0 0.049545 0.092613 0.075145 0.092613 0.075145 0.123829 0.049545 0.123829
0 0.085053 0.016649 0.110653 0.016649 0.110653 0.048907 0.085053 0.048907
0 0.110653 0.083247 0.137077 0.083247 0.137077 0.117586 0.110653 0.117586
0 0.014038 0.163372 0.036334 0.163372 0.036334 0.220604 0.014038 0.220604
0 0.045417 0.217482 0.065235 0.217482 0.065235 0.241415 0.045417 0.241415
0 0.106523 0.129032 0.129644 0.129032 0.129644 0.180022 0.106523 0.180022
0 0.137077 0.211238 0.166804 0.211238 0.166804 0.252862 0.137077 0.252862
0 0.139553 0.165453 0.157720 0.165453 0.157720 0.194589 0.139553 0.194589
0 0.162676 0.105099 0.189100 0.105099 0.189100 0.148803 0.162676 0.148803
0 0.214699 0.141519 0.241949 0.141519 0.241949 0.176899 0.214699 0.176899
0 0.190751 0.174817 0.218827 0.174817 0.218827 0.200832 0.190751 0.200832
0 0.174236 0.193548 0.193228 0.193548 0.193228 0.218522 0.174236 0.218522
0 0.210569 0.077003 0.241122 0.077003 0.241122 0.113423 0.210569 0.113423
0 0.251032 0.238294 0.275806 0.238294 0.275806 0.278877 0.251032 0.278877
0 0.196531 0.255983 0.235342 0.255983 0.235342 0.281998 0.196531 0.281998
0 0.019818 0.395421 0.048720 0.395421 0.048720 0.441207 0.019818 0.441207
0 0.000826 0.365244 0.029728 0.365244 0.029728 0.400624 0.000826 0.400624
0 0.021469 0.945889 0.066060 0.945889 0.066060 0.984391 0.021469 0.984391
0 0.047068 0.907388 0.078447 0.907388 0.078447 0.934443 0.047068 0.934443
0 0.052850 0.887616 0.083403 0.887616 0.083403 0.910509 0.052850 0.910509
0 0.046243 0.856400 0.068539 0.856400 0.068539 0.882414 0.046243 0.882414
0 0.031379 0.788762 0.056978 0.788762 0.056978 0.829345 0.031379 0.829345
0 0.057803 0.731530 0.087530 0.731530 0.087530 0.773153 0.057803 0.773153
0 0.086706 0.792924 0.131297 0.792924 0.131297 0.829344 0.086706 0.829344
0 0.039637 0.655567 0.061107 0.655567 0.061107 0.681581 0.039637 0.681581
0 0.061106 0.623309 0.082576 0.623309 0.082576 0.648283 0.061106 0.648283
0 0.118910 0.721124 0.145334 0.721124 0.145334 0.766910 0.118910 0.766910
0 0.090834 0.732571 0.107350 0.732571 0.107350 0.765869 0.090834 0.765869
0 0.024773 0.522372 0.047069 0.522372 0.047069 0.557752 0.024773 0.557752
0 0.061107 0.467222 0.088357 0.467222 0.088357 0.501560 0.061107 0.501560
0 0.068539 0.511967 0.113129 0.511967 0.113129 0.540063 0.068539 0.540063
0 0.023121 0.261186 0.045417 0.261186 0.045417 0.293444 0.023121 0.293444
0 0.062758 0.181062 0.080924 0.181062 0.080924 0.208117 0.062758 0.208117
0 0.071016 0.204995 0.091660 0.204995 0.091660 0.222685 0.071016 0.222685
0 0.082576 0.140478 0.104046 0.140478 0.104046 0.161290 0.082576 0.161290
0 0.065236 0.049949 0.104046 0.049949 0.104046 0.081166 0.065236 0.081166
0 0.199010 0.040583 0.223782 0.040583 0.223782 0.064516 0.199010 0.064516
0 0.257638 0.039542 0.284888 0.039542 0.284888 0.075962 0.257638 0.075962
0 0.312964 0.173778 0.330306 0.173778 0.330306 0.217482 0.312964 0.217482
0 0.335260 0.185223 0.355078 0.185223 0.355078 0.219562 0.335260 0.219562
0 0.311313 0.226847 0.337737 0.226847 0.337737 0.264309 0.311313 0.264309
0 0.373245 0.157128 0.404624 0.157128 0.404624 0.200832 0.373245 0.200832
0 0.389760 0.083247 0.420314 0.083247 0.420314 0.133195 0.389760 0.133195
0 0.395541 0.010406 0.426095 0.010406 0.426095 0.045786 0.395541 0.045786
0 0.416184 0.123830 0.455821 0.123830 0.455821 0.158169 0.416184 0.158169
0 0.386457 0.211238 0.425268 0.211238 0.425268 0.237254 0.386457 0.237254
0 0.471511 0.083247 0.497935 0.083247 0.497935 0.151925 0.471511 0.151925
0 0.557390 0.064516 0.579686 0.064516 0.579686 0.103018 0.557390 0.103018
0 0.526011 0.216442 0.556565 0.216442 0.556565 0.243497 0.526011 0.243497
0 0.547482 0.195630 0.573906 0.195630 0.573906 0.213320 0.547482 0.213320
0 0.704377 0.002082 0.727498 0.002082 0.727498 0.042665 0.704377 0.042665
0 0.704377 0.050989 0.728324 0.050989 0.728324 0.078044 0.704377 0.078044
0 0.736581 0.104058 0.763831 0.104058 0.763831 0.140478 0.736581 0.140478
0 0.765483 0.139438 0.786953 0.139438 0.786953 0.166493 0.765483 0.166493
0 0.744839 0.065556 0.766309 0.065556 0.766309 0.085328 0.744839 0.085328
0 0.829892 0.091571 0.860445 0.091571 0.860445 0.126951 0.829892 0.126951
0 0.744839 0.209157 0.767960 0.209157 0.767960 0.229969 0.744839 0.229969
0 0.884393 0.040583 0.933113 0.040583 0.933113 0.084287 0.884393 0.084287
0 0.916598 0.101977 0.945500 0.101977 0.945500 0.137357 0.916598 0.137357
0 0.597028 0.150885 0.663914 0.150885 0.663914 0.202913 0.597028 0.202913
0 0.658133 0.211239 0.690338 0.211239 0.690338 0.251822 0.658133 0.251822
0 0.573080 0.269511 0.606936 0.269511 0.606936 0.304891 0.573080 0.304891
0 0.540050 0.381894 0.580512 0.381894 0.580512 0.442248 0.540050 0.442248
0 0.604459 0.397502 0.640793 0.397502 0.640793 0.453693 0.604459 0.453693
0 0.567300 0.346514 0.605285 0.346514 0.605285 0.382934 0.567300 0.382934
0 0.637490 0.318418 0.666392 0.318418 0.666392 0.372528 0.637490 0.372528
0 0.123038 0.848075 0.167629 0.848075 0.167629 0.899064 0.123038 0.899064
0 0.110652 0.895942 0.145334 0.895942 0.145334 0.932362 0.110652 0.932362
0 0.154418 0.778356 0.180842 0.778356 0.180842 0.810614 0.154418 0.810614
0 0.178365 0.804370 0.217175 0.804370 0.217175 0.831426 0.178365 0.831426
0 0.162676 0.724246 0.189926 0.724246 0.189926 0.754422 0.162676 0.754422
0 0.189926 0.720083 0.218002 0.720083 0.218002 0.748179 0.189926 0.748179
0 0.117259 0.574402 0.149463 0.574402 0.149463 0.605619 0.117259 0.605619
0 0.165978 0.612904 0.194880 0.612904 0.194880 0.647242 0.165978 0.647242
0 0.175062 0.563995 0.201486 0.563995 0.201486 0.597294 0.175062 0.597294
0 0.170107 0.497399 0.194054 0.497399 0.194054 0.549428 0.170107 0.549428
0 0.124691 0.370447 0.142857 0.370447 0.142857 0.394380 0.124691 0.394380
0 0.158547 0.412071 0.200661 0.412071 0.200661 0.447451 0.158547 0.447451
0 0.195706 0.367326 0.218002 0.367326 0.218002 0.400624 0.195706 0.400624
0 0.130470 0.277835 0.161023 0.277835 0.161023 0.309053 0.130470 0.309053
0 0.167630 0.270552 0.197357 0.270552 0.197357 0.301769 0.167630 0.301769
0 0.222956 0.378772 0.259290 0.378772 0.259290 0.418314 0.222956 0.418314
0 0.216350 0.289282 0.241948 0.289282 0.241948 0.316338 0.216350 0.316338
0 0.248554 0.334027 0.281585 0.334027 0.281585 0.372529 0.248554 0.372529
0 0.251032 0.310094 0.273328 0.310094 0.273328 0.340271 0.251032 0.340271
0 0.277456 0.285119 0.296450 0.285119 0.296450 0.315296 0.277456 0.315296
0 0.294797 0.394381 0.312139 0.394381 0.312139 0.433923 0.294797 0.433923
0 0.312964 0.420395 0.337738 0.420395 0.337738 0.451613 0.312964 0.451613
0 0.309662 0.277836 0.343518 0.277836 0.343518 0.317378 0.309662 0.317378
0 0.336912 0.244537 0.356730 0.244537 0.356730 0.280957 0.336912 0.280957
0 0.319570 0.315297 0.344344 0.315297 0.344344 0.347555 0.319570 0.347555
0 0.336912 0.293444 0.358382 0.293444 0.358382 0.320500 0.336912 0.320500
0 0.342692 0.345473 0.369942 0.345473 0.369942 0.377731 0.342692 0.377731
0 0.345169 0.415193 0.372419 0.415193 0.372419 0.444329 0.345169 0.444329
0 0.336912 0.481790 0.370768 0.481790 0.370768 0.514048 0.336912 0.514048
0 0.363337 0.443288 0.386457 0.443288 0.386457 0.479708 0.363337 0.479708
0 0.425268 0.273674 0.472338 0.273674 0.472338 0.324662 0.425268 0.324662
0 0.402972 0.465141 0.435177 0.465141 0.435177 0.489073 0.402972 0.489073
0 0.425268 0.360041 0.461602 0.360041 0.461602 0.400624 0.425268 0.400624
0 0.464904 0.371488 0.489678 0.371488 0.489678 0.432882 0.464904 0.432882
0 0.491330 0.427680 0.511148 0.427680 0.511148 0.456816 0.491330 0.456816
0 0.494633 0.394381 0.521883 0.394381 0.521883 0.430801 0.494633 0.430801
0 0.762180 0.001040 0.808423 0.001040 0.808423 0.045785 0.762180 0.045785
0 0.908340 0.246618 0.929810 0.246618 0.929810 0.292404 0.908340 0.292404
0 0.949628 0.183143 0.978530 0.183143 0.978530 0.222685 0.949628 0.222685
0 0.936416 0.147762 0.960363 0.147762 0.960363 0.178979 0.936416 0.178979
0 0.919901 0.161291 0.942197 0.161291 0.942197 0.187306 0.919901 0.187306
0 0.958712 0.241415 0.982658 0.241415 0.982658 0.277835 0.958712 0.277835
0 0.956234 0.007284 0.988440 0.007284 0.988440 0.028096 0.956234 0.028096
0 0.872006 0.141519 0.908340 0.141519 0.908340 0.164412 0.872006 0.164412
0 0.842279 0.170656 0.878613 0.170656 0.878613 0.210198 0.842279 0.210198
0 0.849711 0.397502 0.890999 0.397502 0.890999 0.431841 0.849711 0.431841
0 0.887696 0.380853 0.921552 0.380853 0.921552 0.403747 0.887696 0.403747
0 0.435177 0.074922 0.467383 0.074922 0.467383 0.121748 0.435177 0.121748
0 0.211396 0.556712 0.244426 0.556712 0.244426 0.590010 0.211396 0.590010
0 0.238645 0.550468 0.277456 0.550468 0.277456 0.588970 0.238645 0.588970
0 0.351775 0.561914 0.384806 0.561914 0.384806 0.595213 0.351775 0.595213
0 0.318746 0.558793 0.341866 0.558793 0.341866 0.585848 0.318746 0.585848
0 0.305532 0.585848 0.337738 0.585848 0.337738 0.610822 0.305532 0.610822
0 0.424443 0.566078 0.443436 0.566078 0.443436 0.600416 0.424443 0.600416
0 0.362510 0.604579 0.398018 0.604579 0.398018 0.630593 0.362510 0.630593
0 0.349299 0.636836 0.379025 0.636836 0.379025 0.675338 0.349299 0.675338
0 0.302229 0.651405 0.334435 0.651405 0.334435 0.682623 0.302229 0.682623
0 0.315442 0.608741 0.350950 0.608741 0.350950 0.647243 0.315442 0.647243
0 0.249381 0.653486 0.276631 0.653486 0.276631 0.673257 0.249381 0.673257
0 0.232040 0.634755 0.260942 0.634755 0.260942 0.652445 0.232040 0.652445
0 0.269199 0.710718 0.299753 0.710718 0.299753 0.747138 0.269199 0.747138
0 0.311313 0.697190 0.369943 0.697190 0.369943 0.754422 0.311313 0.754422
0 0.345169 0.749219 0.373245 0.749219 0.373245 0.787721 0.345169 0.787721
0 0.248555 0.705515 0.270851 0.705515 0.270851 0.738814 0.248555 0.738814
0 0.184145 0.677420 0.201486 0.677420 0.201486 0.701353 0.184145 0.701353
0 0.211396 0.700312 0.231214 0.700312 0.231214 0.732570 0.211396 0.732570
0 0.232866 0.706555 0.245252 0.706555 0.245252 0.720083 0.232866 0.720083
0 0.203137 0.826223 0.234516 0.826223 0.234516 0.854319 0.203137 0.854319
0 0.235343 0.797086 0.259290 0.797086 0.259290 0.829344 0.235343 0.829344
0 0.232866 0.850156 0.264244 0.850156 0.264244 0.885536 0.232866 0.885536
0 0.300578 0.830385 0.335260 0.830385 0.335260 0.864724 0.300578 0.864724
0 0.261768 0.867846 0.284888 0.867846 0.284888 0.905307 0.261768 0.905307
0 0.317093 0.886576 0.341867 0.886576 0.341867 0.925078 0.317093 0.925078
0 0.352601 0.819979 0.393889 0.819979 0.393889 0.867847 0.352601 0.867847
0 0.378199 0.945890 0.409579 0.945890 0.409579 0.973986 0.378199 0.973986
0 0.340215 0.960458 0.362511 0.960458 0.362511 0.988554 0.340215 0.988554
0 0.418662 0.913632 0.442610 0.913632 0.442610 0.946931 0.418662 0.946931
0 0.378199 0.881373 0.396367 0.881373 0.396367 0.909469 0.378199 0.909469
0 0.440132 0.964620 0.459125 0.964620 0.459125 0.997919 0.440132 0.997919
0 0.508670 0.896983 0.545004 0.896983 0.545004 0.927159 0.508670 0.927159
0 0.507845 0.823101 0.544179 0.823101 0.544179 0.865765 0.507845 0.865765
0 0.553262 0.814777 0.573906 0.814777 0.573906 0.849115 0.553262 0.849115
0 0.557390 0.863684 0.579686 0.863684 0.579686 0.891780 0.557390 0.891780
0 0.491329 0.858480 0.524361 0.858480 0.524361 0.889698 0.491329 0.889698
0 0.466556 0.943808 0.483898 0.943808 0.483898 0.970863 0.466556 0.970863
0 0.502065 0.956296 0.532618 0.956296 0.532618 0.982310 0.502065 0.982310
0 0.506193 0.928200 0.528489 0.928200 0.528489 0.949012 0.506193 0.949012
0 0.713461 0.954215 0.737407 0.954215 0.737407 0.984391 0.713461 0.984391
0 0.772089 0.910509 0.800165 0.910509 0.800165 0.943808 0.772089 0.943808
0 0.839801 0.908428 0.863748 0.908428 0.863748 0.941727 0.839801 0.941727
0 0.800166 0.938606 0.824113 0.938606 0.824113 0.963580 0.800166 0.963580
0 0.521057 0.570240 0.554913 0.570240 0.554913 0.601457 0.521057 0.601457
0 0.547481 0.655567 0.582163 0.655567 0.582163 0.687825 0.547481 0.687825
0 0.599504 0.645161 0.635838 0.645161 0.635838 0.677419 0.599504 0.677419
0 0.590421 0.712799 0.616019 0.712799 0.616019 0.746097 0.590421 0.746097
0 0.590421 0.753382 0.622626 0.753382 0.622626 0.791884 0.590421 0.791884
0 0.625103 0.802289 0.646573 0.802289 0.646573 0.829345 0.625103 0.829345
0 0.664740 0.757544 0.691164 0.757544 0.691164 0.782518 0.664740 0.782518
0 0.676301 0.770031 0.703551 0.770031 0.703551 0.807492 0.676301 0.807492
0 0.667218 0.822060 0.685385 0.822060 0.685385 0.847034 0.667218 0.847034
0 0.666391 0.661811 0.701073 0.661811 0.701073 0.694069 0.666391 0.694069
0 0.666392 0.606660 0.692816 0.606660 0.692816 0.648282 0.666392 0.648282
0 0.650703 0.529656 0.673824 0.529656 0.673824 0.562955 0.650703 0.562955
0 0.578035 0.520291 0.599505 0.520291 0.599505 0.542143 0.578035 0.542143
0 0.568951 0.539022 0.588769 0.539022 0.588769 0.565036 0.568951 0.565036
0 0.572255 0.566078 0.584641 0.566078 0.584641 0.582726 0.572255 0.582726
0 0.628406 0.575442 0.645748 0.575442 0.645748 0.593132 0.628406 0.593132
0 0.676300 0.458897 0.705202 0.458897 0.705202 0.480749 0.676300 0.480749
0 0.728324 0.491155 0.749794 0.491155 0.749794 0.518211 0.728324 0.518211
0 0.728324 0.542144 0.769612 0.542144 0.769612 0.579604 0.728324 0.579604
0 0.786127 0.557752 0.805945 0.557752 0.805945 0.598336 0.786127 0.598336
0 0.800165 0.623309 0.834847 0.623309 0.834847 0.661811 0.800165 0.661811
0 0.700248 0.364204 0.748142 0.364204 0.748142 0.392300 0.700248 0.392300
0 0.747316 0.398543 0.777043 0.398543 0.777043 0.421437 0.747316 0.421437
0 0.935590 0.915713 0.967796 0.915713 0.967796 0.957336 0.935590 0.957336
0 0.876136 0.824142 0.916598 0.824142 0.916598 0.858480 0.876136 0.858480
0 0.853015 0.850156 0.884394 0.850156 0.884394 0.876170 0.853015 0.876170
0 0.782825 0.768991 0.815030 0.768991 0.815030 0.815817 0.782825 0.815817
0 0.897606 0.756503 0.920727 0.756503 0.920727 0.797087 0.897606 0.797087
0 0.834022 0.721124 0.858795 0.721124 0.858795 0.755462 0.834022 0.755462
0 0.905037 0.702393 0.938068 0.702393 0.938068 0.731529 0.905037 0.731529
0 0.896780 0.657648 0.921552 0.657648 0.921552 0.700312 0.896780 0.700312
0 0.843105 0.565036 0.863749 0.565036 0.863749 0.627471 0.843105 0.627471
0 0.811726 0.555672 0.838976 0.555672 0.838976 0.590010 0.811726 0.590010
0 0.774567 0.481790 0.801817 0.481790 0.801817 0.533819 0.774567 0.533819
0 0.943847 0.518210 0.962840 0.518210 0.962840 0.546306 0.943847 0.546306
0 0.914946 0.322580 0.946326 0.322580 0.946326 0.353798 0.914946 0.353798
0 0.730801 0.724246 0.761355 0.724246 0.761355 0.760666 0.730801 0.760666
0 0.711809 0.808533 0.739059 0.808533 0.739059 0.861603 0.711809 0.861603
0 0.713460 0.879293 0.735756 0.879293 0.735756 0.922997 0.713460 0.922997
0 0.748968 0.852237 0.772914 0.852237 0.772914 0.879293 0.748968 0.879293
0 0.781999 0.862644 0.805945 0.862644 0.805945 0.889699 0.781999 0.889699
0 0.773741 0.832466 0.799339 0.832466 0.799339 0.863684 0.773741 0.863684
0 0.678778 0.839750 0.706028 0.839750 0.706028 0.887618 0.678778 0.887618
0 0.671346 0.898023 0.693642 0.898023 0.693642 0.930281 0.671346 0.930281
0 0.743188 0.920915 0.772915 0.920915 0.772915 0.965661 0.743188 0.965661
0 0.134600 0.636837 0.172585 0.636837 0.172585 0.674297 0.134600 0.674297
0 0.738233 0.302810 0.763006 0.302810 0.763006 0.324662 0.738233 0.324662
0 0.275805 0.954214 0.304707 0.954214 0.304707 0.995837 0.275805 0.995837
0 0.282411 0.918834 0.299753 0.918834 0.299753 0.959418 0.282411 0.959418
0 0.213047 0.933402 0.235343 0.933402 0.235343 0.981270 0.213047 0.981270
0 0.097440 0.977107 0.131296 0.977107 0.131296 1.000000 0.097440 1.000000
0 0.245252 0.085328 0.272502 0.085328 0.272502 0.115505 0.245252 0.115505
0 0.476466 0.660770 0.510322 0.660770 0.510322 0.703434 0.476466 0.703434
0 0.517753 0.611862 0.550785 0.611862 0.550785 0.645161 0.517753 0.645161
0 0.549959 0.715921 0.571429 0.715921 0.571429 0.753382 0.549959 0.753382
0 0.530140 0.765868 0.552436 0.765868 0.552436 0.810613 0.530140 0.810613
0 0.573906 0.468262 0.593724 0.468262 0.593724 0.493236 0.573906 0.493236
0 0.558216 0.501561 0.578860 0.501561 0.578860 0.544225 0.558216 0.544225
0 0.647398 0.406868 0.687035 0.406868 0.687035 0.453694 0.647398 0.453694
0 0.656482 0.498439 0.669694 0.498439 0.669694 0.521332 0.656482 0.521332
0 0.626754 0.525494 0.645748 0.525494 0.645748 0.563996 0.626754 0.563996
0 0.625103 0.675339 0.646573 0.675339 0.646573 0.712800 0.625103 0.712800
0 0.638316 0.755462 0.657309 0.755462 0.657309 0.803330 0.638316 0.803330
0 0.648225 0.864725 0.674649 0.864725 0.674649 0.894901 0.648225 0.894901
0 0.824112 0.343392 0.852188 0.343392 0.852188 0.383976 0.824112 0.383976
0 0.847233 0.513007 0.866227 0.513007 0.866227 0.545265 0.847233 0.545265
0 0.973576 0.613944 1.000000 0.613944 1.000000 0.648282 0.973576 0.648282
0 0.965318 0.571280 0.980182 0.571280 0.980182 0.591051 0.965318 0.591051
0 0.962016 0.587929 0.978531 0.587929 0.978531 0.609781 0.962016 0.609781
0 0.942196 0.537981 0.961190 0.537981 0.961190 0.558793 0.942196 0.558793
0 0.862924 0.001040 0.888522 0.001040 0.888522 0.020812 0.862924 0.020812
0 0.301404 0.040582 0.321222 0.040582 0.321222 0.071800 0.301404 0.071800
0 0.082577 0.091571 0.102395 0.091571 0.102395 0.113423 0.082577 0.113423
0 0.197357 0.221644 0.226259 0.221644 0.226259 0.258064 0.197357 0.258064
0 0.684558 0.327783 0.716763 0.327783 0.716763 0.359001 0.684558 0.359001
0 0.806771 0.924037 0.827415 0.924037 0.827415 0.941727 0.806771 0.941727
0 0.786127 0.885536 0.803469 0.885536 0.803469 0.904266 0.786127 0.904266
0 0.620974 0.821020 0.638316 0.821020 0.638316 0.843913 0.620974 0.843913
0 0.635838 0.463060 0.649876 0.463060 0.649876 0.479709 0.635838 0.479709
0 0.647399 0.471384 0.660611 0.471384 0.660611 0.491155 0.647399 0.491155
0 0.961189 0.895942 0.976053 0.895942 0.976053 0.916754 0.961189 0.916754
0 0.312138 0.771072 0.336912 0.771072 0.336912 0.796046 0.312138 0.796046
0 0.065236 0.329865 0.091660 0.329865 0.091660 0.348595 0.065236 0.348595
0 0.246078 0.010405 0.273328 0.010405 0.273328 0.036421 0.246078 0.036421
0 0.610240 0.195629 0.635012 0.195629 0.635012 0.234131 0.610240 0.234131
0 0.418662 0.831426 0.431874 0.831426 0.431874 0.855359 0.418662 0.855359
1 0.962840 0.514047 0.980182 0.514047 0.980182 0.533818 0.962840 0.533818
1 0.970272 0.537981 0.981007 0.537981 0.981007 0.558793 0.970272 0.558793
1 0.701900 0.227888 0.725020 0.227888 0.725020 0.247659 0.701900 0.247659
1 0.728324 0.258064 0.739884 0.258064 0.739884 0.284079 0.728324 0.284079
1 0.099092 0.232050 0.112304 0.232050 0.112304 0.248700 0.099092 0.248700
