0 0.922750 0.042197 0.954642 0.042197 0.954642 0.073248 0.922750 0.073248
0 0.978739 0.054936 0.997873 0.054936 0.997873 0.082006 0.978739 0.082006
0 0.978739 0.096338 0.997873 0.096338 0.997873 0.124204 0.978739 0.124204
0 0.883062 0.032643 0.899362 0.032643 0.899362 0.058917 0.883062 0.058917
0 0.895819 0.089968 0.913537 0.089968 0.913537 0.112262 0.895819 0.112262
0 0.844791 0.072453 0.868887 0.072453 0.868887 0.085192 0.844791 0.085192
0 0.890149 0.121019 0.912827 0.121019 0.912827 0.147293 0.890149 0.147293
0 0.883770 0.164808 0.903614 0.164808 0.903614 0.186305 0.883770 0.186305
0 0.790220 0.019904 0.813608 0.019904 0.813608 0.042993 0.790220 0.042993
0 0.761162 0.066083 0.786676 0.066083 0.786676 0.087579 0.761162 0.087579
0 0.861800 0.001593 0.888732 0.001593 0.888732 0.023886 0.861800 0.023886
0 0.822111 0.001592 0.840538 0.001592 0.840538 0.019108 0.822111 0.019108
0 0.791637 0.001592 0.815025 0.001592 0.815025 0.017516 0.791637 0.017516
0 0.721474 0.034236 0.754076 0.034236 0.754076 0.062898 0.721474 0.062898
0 0.682495 0.077230 0.704465 0.077230 0.704465 0.097931 0.682495 0.097931
0 0.781715 0.112262 0.809355 0.112262 0.809355 0.142516 0.781715 0.142516
0 0.678952 0.118631 0.693835 0.118631 0.693835 0.141719 0.678952 0.141719
0 0.646350 0.157643 0.671864 0.157643 0.671864 0.182325 0.646350 0.182325
0 0.622254 0.048567 0.652729 0.048567 0.652729 0.074841 0.622254 0.074841
0 0.627215 0.074841 0.655563 0.074841 0.655563 0.109077 0.627215 0.109077
0 0.572643 0.032643 0.591070 0.032643 0.591070 0.058917 0.572643 0.058917
0 0.582566 0.007961 0.598866 0.007961 0.598866 0.031050 0.582566 0.031050
0 0.544295 0.016720 0.564848 0.016720 0.564848 0.036624 0.544295 0.036624
0 0.548547 0.063695 0.564847 0.063695 0.564847 0.087579 0.548547 0.087579
0 0.570517 0.086783 0.592487 0.086783 0.592487 0.109872 0.570517 0.109872
0 0.965273 0.140127 0.987951 0.140127 0.987951 0.175159 0.965273 0.175159
0 0.930545 0.214172 0.956769 0.214172 0.956769 0.240446 0.930545 0.240446
0 0.873140 0.196657 0.898654 0.196657 0.898654 0.230096 0.873140 0.230096
0 0.841956 0.254777 0.867470 0.254777 0.867470 0.279459 0.841956 0.279459
0 0.832034 0.295382 0.849752 0.295382 0.849752 0.321656 0.832034 0.321656
0 0.822112 0.271496 0.845500 0.271496 0.845500 0.293789 0.822112 0.293789
0 0.787384 0.261942 0.807937 0.261942 0.807937 0.285828 0.787384 0.285828
0 0.767541 0.167197 0.791637 0.167197 0.791637 0.190287 0.767541 0.190287
0 0.742027 0.182325 0.768958 0.182325 0.768958 0.200637 0.742027 0.200637
0 0.751240 0.140128 0.776045 0.140128 0.776045 0.170382 0.751240 0.170382
0 0.666195 0.215764 0.690999 0.215764 0.690999 0.246815 0.666195 0.246815
0 0.973069 0.306529 0.990078 0.306529 0.990078 0.323249 0.973069 0.323249
0 0.958186 0.320860 0.973069 0.320860 0.973069 0.343153 0.958186 0.343153
0 0.948264 0.346338 0.968108 0.346338 0.968108 0.367835 0.948264 0.367835
0 0.958186 0.369427 0.985117 0.369427 0.985117 0.395701 0.958186 0.395701
0 0.988661 0.358280 1.000000 0.358280 1.000000 0.384554 0.988661 0.384554
0 0.974487 0.409236 0.995040 0.409236 0.995040 0.435510 0.974487 0.435510
0 0.945428 0.444267 0.971652 0.444267 0.971652 0.461783 0.945428 0.461783
0 0.966690 0.458599 0.995748 0.458599 0.995748 0.496815 0.966690 0.496815
0 0.891566 0.410828 0.911410 0.410828 0.911410 0.430732 0.891566 0.430732
0 0.722892 0.008758 0.742736 0.008758 0.742736 0.035032 0.722892 0.035032
0 0.637846 0.139331 0.656980 0.139331 0.656980 0.160828 0.637846 0.160828
0 0.593905 0.133758 0.621545 0.133758 0.621545 0.164012 0.593905 0.164012
0 0.610915 0.183121 0.631468 0.183121 0.631468 0.206211 0.610915 0.206211
0 0.634303 0.242834 0.653438 0.242834 0.653438 0.261146 0.634303 0.261146
0 0.604536 0.246019 0.627214 0.246019 0.627214 0.271497 0.604536 0.271497
0 0.614458 0.283439 0.639972 0.283439 0.639972 0.309713 0.614458 0.309713
0 0.583275 0.300159 0.610206 0.300159 0.610206 0.326433 0.583275 0.326433
0 0.535791 0.274681 0.558469 0.274681 0.558469 0.300159 0.535791 0.300159
0 0.493976 0.282643 0.518780 0.282643 0.518780 0.316082 0.493976 0.316082
0 0.227498 0.042197 0.248760 0.042197 0.248760 0.069267 0.227498 0.069267
0 0.188519 0.012740 0.217576 0.012740 0.217576 0.045382 0.188519 0.045382
0 0.243090 0.214968 0.265060 0.214968 0.265060 0.239650 0.243090 0.239650
0 0.259390 0.225319 0.279944 0.225319 0.279944 0.253981 0.259390 0.253981
0 0.322466 0.265923 0.345854 0.265923 0.345854 0.287420 0.322466 0.287420
0 0.288448 0.292197 0.308292 0.292197 0.308292 0.312898 0.288448 0.312898
0 0.255138 0.274682 0.277108 0.274682 0.277108 0.296975 0.255138 0.296975
0 0.207654 0.229300 0.231750 0.229300 0.231750 0.253185 0.207654 0.253185
0 0.139617 0.202230 0.163005 0.202230 0.163005 0.233281 0.139617 0.233281
0 0.148830 0.242038 0.170092 0.242038 0.170092 0.269108 0.148830 0.269108
0 0.136074 0.277070 0.156627 0.277070 0.156627 0.302548 0.136074 0.302548
0 0.134657 0.309713 0.160880 0.309713 0.160880 0.335987 0.134657 0.335987
0 0.175762 0.266720 0.193480 0.266720 0.193480 0.295382 0.175762 0.295382
0 0.177888 0.300159 0.190645 0.300159 0.190645 0.325637 0.177888 0.325637
0 0.249468 0.300159 0.272147 0.300159 0.272147 0.328821 0.249468 0.328821
0 0.333806 0.286624 0.357902 0.286624 0.357902 0.322452 0.333806 0.322452
0 0.326719 0.329618 0.349398 0.329618 0.349398 0.359873 0.326719 0.359873
0 0.510277 0.012739 0.545003 0.012739 0.545003 0.056529 0.510277 0.056529
0 0.482636 0.011942 0.503898 0.011942 0.503898 0.043789 0.482636 0.043789
0 0.454288 0.027070 0.470588 0.027070 0.470588 0.053344 0.454288 0.053344
0 0.433735 0.050159 0.456414 0.050159 0.456414 0.074841 0.433735 0.074841
0 0.000709 0.207802 0.017009 0.207802 0.017009 0.234076 0.000709 0.234076
0 0.010630 0.183122 0.033309 0.183122 0.033309 0.215764 0.010630 0.215764
0 0.016300 0.254777 0.045357 0.254777 0.045357 0.283439 0.016300 0.283439
0 0.092842 0.293790 0.124026 0.293790 0.124026 0.330414 0.092842 0.330414
0 0.034727 0.355095 0.065911 0.355095 0.065911 0.386147 0.034727 0.386147
0 0.138909 0.336783 0.163005 0.336783 0.163005 0.362261 0.138909 0.362261
0 0.136074 0.363853 0.154500 0.363853 0.154500 0.394109 0.136074 0.394109
0 0.168675 0.359872 0.192771 0.359872 0.192771 0.390924 0.168675 0.390924
0 0.196315 0.367834 0.222537 0.367834 0.222537 0.394108 0.196315 0.394108
0 0.215450 0.333598 0.237420 0.333598 0.237420 0.357484 0.215450 0.357484
0 0.259390 0.344745 0.280652 0.344745 0.280652 0.363057 0.259390 0.363057
0 0.244507 0.387739 0.260099 0.387739 0.260099 0.411625 0.244507 0.411625
0 0.039689 0.392516 0.068746 0.392516 0.068746 0.421178 0.039689 0.421178
0 0.055988 0.416401 0.080793 0.416401 0.080793 0.451433 0.055988 0.451433
0 0.080794 0.461784 0.106308 0.461784 0.106308 0.482484 0.080794 0.482484
0 0.111269 0.483281 0.141035 0.483281 0.141035 0.513536 0.111269 0.513536
0 0.094259 0.515923 0.117647 0.515923 0.117647 0.550159 0.094259 0.550159
0 0.919915 0.658440 0.953933 0.658440 0.953933 0.690287 0.919915 0.690287
0 0.947555 0.720542 0.966690 0.720542 0.966690 0.743630 0.947555 0.743630
0 0.921333 0.710987 0.955351 0.710987 0.955351 0.734872 0.921333 0.734872
0 0.956059 0.643312 0.979447 0.643312 0.979447 0.697452 0.956059 0.697452
0 0.946846 0.742835 0.974486 0.742835 0.974486 0.762739 0.946846 0.762739
0 0.924168 0.754777 0.936924 0.754777 0.936924 0.778662 0.924168 0.778662
0 0.875974 0.670382 0.904323 0.670382 0.904323 0.719746 0.875974 0.719746
0 0.901488 0.892516 0.923458 0.892516 0.923458 0.919586 0.901488 0.919586
0 0.887314 0.866243 0.909992 0.866243 0.909992 0.888535 0.887314 0.888535
0 0.856839 0.852707 0.878809 0.852707 0.878809 0.890923 0.856839 0.890923
0 0.878810 0.839172 0.905741 0.839172 0.905741 0.869426 0.878810 0.869426
0 0.821404 0.836784 0.849753 0.836784 0.849753 0.867834 0.821404 0.867834
0 0.868888 0.892515 0.892984 0.892515 0.892984 0.914013 0.868888 0.914013
0 0.845500 0.893312 0.861800 0.893312 0.861800 0.906052 0.845500 0.906052
0 0.922042 0.872611 0.946847 0.872611 0.946847 0.896496 0.922042 0.896496
0 0.837704 0.632165 0.865344 0.632165 0.865344 0.652867 0.837704 0.652867
0 0.832034 0.668790 0.853296 0.668790 0.853296 0.687102 0.832034 0.687102
0 0.819277 0.689490 0.844791 0.689490 0.844791 0.714172 0.819277 0.714172
0 0.797307 0.747611 0.818569 0.747611 0.818569 0.773885 0.797307 0.773885
0 0.763997 0.765128 0.788093 0.765128 0.788093 0.785032 0.763997 0.785032
0 0.464210 0.077229 0.480510 0.077229 0.480510 0.093153 0.464210 0.093153
0 0.478384 0.128980 0.494684 0.128980 0.494684 0.149682 0.478384 0.149682
0 0.501063 0.117834 0.518781 0.117834 0.518781 0.144108 0.501063 0.144108
0 0.493267 0.150477 0.511694 0.150477 0.511694 0.173567 0.493267 0.173567
0 0.700213 0.831211 0.727144 0.831211 0.727144 0.863058 0.700213 0.863058
0 0.674699 0.840764 0.705883 0.840764 0.705883 0.867834 0.674699 0.867834
0 0.665485 0.860669 0.688873 0.860669 0.688873 0.887739 0.665485 0.887739
0 0.610915 0.839968 0.639263 0.839968 0.639263 0.867834 0.610915 0.867834
0 0.645641 0.824841 0.674699 0.824841 0.674699 0.860669 0.645641 0.860669
0 0.619418 0.890923 0.647767 0.890923 0.647767 0.916401 0.619418 0.916401
0 0.592488 0.933121 0.617293 0.933121 0.617293 0.963375 0.592488 0.963375
0 0.561304 0.954618 0.591070 0.954618 0.591070 0.973726 0.561304 0.973726
0 0.530121 0.961784 0.552799 0.961784 0.552799 0.985668 0.530121 0.985668
0 0.552800 0.925159 0.566974 0.925159 0.566974 0.951433 0.552800 0.951433
0 0.571935 0.934714 0.588235 0.934714 0.588235 0.957006 0.571935 0.957006
0 0.514528 0.931528 0.545003 0.931528 0.545003 0.962579 0.514528 0.962579
0 0.485472 0.959395 0.518073 0.959395 0.518073 0.986465 0.485472 0.986465
0 0.459957 0.965764 0.483345 0.965764 0.483345 0.986465 0.459957 0.986465
0 0.410347 0.904459 0.445783 0.904459 0.445783 0.945064 0.410347 0.945064
0 0.319632 0.903663 0.350107 0.903663 0.350107 0.931529 0.319632 0.931529
0 0.349398 0.884554 0.378455 0.884554 0.378455 0.906052 0.349398 0.906052
0 0.309001 0.945860 0.347271 0.945860 0.347271 0.976114 0.309001 0.976114
0 0.374912 0.954618 0.397591 0.954618 0.397591 0.980892 0.374912 0.980892
0 0.424521 0.156051 0.449326 0.156051 0.449326 0.180733 0.424521 0.180733
0 0.408221 0.132165 0.425939 0.132165 0.425939 0.156847 0.408221 0.156847
0 0.403260 0.164013 0.417434 0.164013 0.417434 0.186306 0.403260 0.186306
0 0.213324 0.963376 0.244508 0.963376 0.244508 0.992038 0.213324 0.992038
0 0.196315 0.932325 0.228207 0.932325 0.228207 0.952229 0.196315 0.952229
0 0.231042 0.877389 0.254430 0.877389 0.254430 0.899681 0.231042 0.899681
0 0.255138 0.856688 0.280652 0.856688 0.280652 0.885350 0.255138 0.885350
0 0.294826 0.847930 0.320340 0.847930 0.320340 0.870222 0.294826 0.870222
0 0.274274 0.813694 0.293409 0.813694 0.293409 0.833598 0.274274 0.833598
0 0.245925 0.800955 0.274274 0.800955 0.274274 0.822453 0.245925 0.822453
0 0.202693 0.791401 0.222537 0.791401 0.222537 0.819267 0.202693 0.819267
0 0.184266 0.813694 0.199149 0.813694 0.199149 0.834396 0.184266 0.834396
0 0.167258 0.770700 0.186393 0.770700 0.186393 0.792197 0.167258 0.792197
0 0.126860 0.757962 0.148122 0.757962 0.148122 0.783440 0.126860 0.783440
0 0.121899 0.720541 0.142452 0.720541 0.142452 0.745223 0.121899 0.745223
0 0.135364 0.698249 0.153792 0.698249 0.153792 0.718153 0.135364 0.718153
0 0.175761 0.714969 0.200567 0.714969 0.200567 0.738057 0.175761 0.738057
0 0.151665 0.735669 0.179305 0.735669 0.179305 0.766719 0.151665 0.766719
0 0.180723 0.886146 0.203402 0.886146 0.203402 0.920382 0.180723 0.920382
0 0.132530 0.898886 0.163714 0.898886 0.163714 0.921974 0.132530 0.921974
0 0.061658 0.946656 0.082211 0.946656 0.082211 0.973726 0.061658 0.973726
0 0.080085 0.855096 0.097803 0.855096 0.097803 0.875000 0.080085 0.875000
0 0.122608 0.850319 0.143160 0.850319 0.143160 0.874204 0.122608 0.874204
0 0.055989 0.847930 0.070163 0.847930 0.070163 0.869427 0.055989 0.869427
0 0.085046 0.825637 0.106308 0.825637 0.106308 0.850319 0.085046 0.850319
0 0.144578 0.835988 0.170092 0.835988 0.170092 0.858281 0.144578 0.858281
0 0.110560 0.805732 0.138200 0.805732 0.138200 0.832006 0.110560 0.832006
0 0.003544 0.944268 0.019844 0.944268 0.019844 0.967356 0.003544 0.967356
0 0.014174 0.730892 0.026222 0.730892 0.026222 0.742038 0.014174 0.742038
0 0.066619 0.748408 0.083628 0.748408 0.083628 0.771496 0.066619 0.771496
0 0.048193 0.713376 0.058115 0.713376 0.058115 0.730096 0.048193 0.730096
0 0.380581 0.846338 0.406095 0.846338 0.406095 0.878185 0.380581 0.878185
0 0.403969 0.839969 0.431609 0.839969 0.431609 0.871019 0.403969 0.871019
0 0.419561 0.769108 0.446492 0.769108 0.446492 0.800955 0.419561 0.800955
0 0.506733 0.771497 0.530829 0.771497 0.530829 0.794585 0.506733 0.794585
0 0.532955 0.778662 0.559179 0.778662 0.559179 0.804140 0.532955 0.804140
0 0.478384 0.763535 0.505316 0.763535 0.505316 0.792197 0.478384 0.792197
0 0.510985 0.734076 0.535790 0.734076 0.535790 0.759554 0.510985 0.759554
0 0.483345 0.728503 0.508859 0.728503 0.508859 0.757165 0.483345 0.757165
0 0.470589 0.710988 0.496812 0.710988 0.496812 0.733281 0.470589 0.733281
0 0.431609 0.962580 0.457123 0.962580 0.457123 0.988854 0.431609 0.988854
0 0.403969 0.969746 0.425939 0.969746 0.425939 0.992038 0.403969 0.992038
0 0.931964 0.823248 0.946847 0.823248 0.946847 0.840764 0.931964 0.840764
0 0.681786 0.813694 0.701630 0.813694 0.701630 0.838376 0.681786 0.838376
0 0.703047 0.801752 0.723600 0.801752 0.723600 0.828026 0.703047 0.828026
0 0.725018 0.820064 0.747696 0.820064 0.747696 0.853503 0.725018 0.853503
0 0.539334 0.893312 0.564848 0.893312 0.564848 0.921974 0.539334 0.921974
0 0.634302 0.855892 0.659816 0.855892 0.659816 0.875796 0.634302 0.875796
0 0.569099 0.838376 0.583982 0.838376 0.583982 0.857484 0.569099 0.857484
0 0.549964 0.824841 0.566974 0.824841 0.566974 0.839967 0.549964 0.839967
0 0.612332 0.779459 0.637136 0.779459 0.637136 0.805733 0.612332 0.805733
0 0.630050 0.752389 0.659816 0.752389 0.659816 0.782643 0.630050 0.782643
0 0.666902 0.750796 0.693126 0.750796 0.693126 0.777866 0.666902 0.777866
0 0.698087 0.671975 0.720765 0.671975 0.720765 0.703821 0.698087 0.703821
0 0.669029 0.710987 0.688873 0.710987 0.688873 0.734076 0.669029 0.734076
0 0.651311 0.730095 0.681786 0.730095 0.681786 0.755573 0.651311 0.755573
0 0.572643 0.743630 0.598157 0.743630 0.598157 0.777069 0.572643 0.777069
0 0.595322 0.727708 0.615876 0.727708 0.615876 0.751592 0.595322 0.751592
0 0.568390 0.714969 0.594614 0.714969 0.594614 0.738057 0.568390 0.738057
0 0.557052 0.696656 0.576896 0.696656 0.576896 0.722134 0.557052 0.722134
0 0.632176 0.691083 0.654146 0.691083 0.654146 0.710191 0.632176 0.710191
0 0.579730 0.664809 0.606661 0.664809 0.606661 0.691083 0.579730 0.691083
0 0.622254 0.661625 0.642098 0.661625 0.642098 0.683917 0.622254 0.683917
0 0.561304 0.648885 0.589653 0.648885 0.589653 0.675955 0.561304 0.675955
0 0.538625 0.656847 0.556343 0.656847 0.556343 0.676751 0.538625 0.676751
0 0.374202 0.761146 0.400425 0.761146 0.400425 0.787420 0.374202 0.787420
0 0.376329 0.813694 0.397591 0.813694 0.397591 0.832802 0.376329 0.832802
0 0.360029 0.717357 0.388377 0.717357 0.388377 0.744427 0.360029 0.744427
0 0.306166 0.787420 0.331680 0.787420 0.331680 0.812898 0.306166 0.812898
0 0.288448 0.774682 0.310418 0.774682 0.310418 0.796974 0.288448 0.796974
0 0.305457 0.749204 0.323175 0.749204 0.323175 0.780254 0.305457 0.780254
0 0.299787 0.716560 0.319631 0.716560 0.319631 0.741242 0.299787 0.741242
0 0.293409 0.693471 0.318213 0.693471 0.318213 0.710987 0.293409 0.710987
0 0.301205 0.631369 0.332389 0.631369 0.332389 0.657643 0.301205 0.657643
0 0.360737 0.636147 0.379873 0.636147 0.379873 0.655255 0.360737 0.655255
0 0.340893 0.653663 0.362863 0.653663 0.362863 0.684713 0.340893 0.684713
0 0.337349 0.639331 0.358611 0.639331 0.358611 0.660033 0.337349 0.660033
0 0.331680 0.590765 0.363572 0.590765 0.363572 0.623408 0.331680 0.623408
0 0.355776 0.551752 0.380581 0.551752 0.380581 0.584395 0.355776 0.584395
0 0.389086 0.562899 0.413182 0.562899 0.413182 0.586784 0.389086 0.586784
0 0.405386 0.500000 0.432318 0.500000 0.432318 0.526274 0.405386 0.526274
0 0.382707 0.541402 0.416017 0.541402 0.416017 0.556528 0.382707 0.556528
0 0.447910 0.693472 0.472714 0.693472 0.472714 0.715764 0.447910 0.715764
0 0.503897 0.687898 0.528702 0.687898 0.528702 0.714968 0.503897 0.714968
0 0.544295 0.725319 0.565557 0.725319 0.565557 0.743631 0.544295 0.743631
0 0.540752 0.744427 0.559179 0.744427 0.559179 0.769905 0.540752 0.769905
0 0.533664 0.691083 0.549256 0.691083 0.549256 0.708599 0.533664 0.708599
0 0.016301 0.444267 0.038980 0.444267 0.038980 0.468949 0.016301 0.468949
0 0.062367 0.477707 0.074415 0.477707 0.074415 0.501592 0.062367 0.501592
0 0.037561 0.526274 0.068036 0.526274 0.068036 0.550956 0.037561 0.550956
0 0.002126 0.499204 0.021970 0.499204 0.021970 0.519108 0.002126 0.519108
0 0.042523 0.493630 0.054571 0.493630 0.054571 0.509554 0.042523 0.509554
0 0.048902 0.480892 0.058114 0.480892 0.058114 0.502389 0.048902 0.502389
0 0.049610 0.554140 0.073706 0.554140 0.073706 0.580414 0.049610 0.580414
0 0.046775 0.577229 0.064493 0.577229 0.064493 0.598727 0.046775 0.598727
0 0.255138 0.524682 0.278526 0.524682 0.278526 0.562102 0.255138 0.562102
0 0.223955 0.522293 0.250885 0.522293 0.250885 0.552547 0.223955 0.552547
0 0.219702 0.556528 0.241672 0.556528 0.241672 0.578026 0.219702 0.578026
0 0.282070 0.465764 0.311836 0.465764 0.311836 0.491242 0.282070 0.491242
0 0.314670 0.426752 0.338058 0.426752 0.338058 0.455414 0.314670 0.455414
0 0.345854 0.448249 0.362154 0.448249 0.362154 0.468153 0.345854 0.468153
0 0.355776 0.386147 0.380581 0.386147 0.380581 0.414013 0.355776 0.414013
0 0.323175 0.383759 0.344437 0.383759 0.344437 0.407644 0.323175 0.407644
0 0.335223 0.362261 0.352233 0.362261 0.352233 0.382165 0.335223 0.382165
0 0.669738 0.637739 0.691708 0.637739 0.691708 0.660828 0.669738 0.660828
0 0.699504 0.621019 0.721474 0.621019 0.721474 0.642517 0.699504 0.642517
0 0.725727 0.597930 0.747697 0.597930 0.747697 0.617038 0.725727 0.617038
0 0.716513 0.602707 0.726435 0.602707 0.726435 0.622611 0.716513 0.622611
0 0.688873 0.596338 0.706591 0.596338 0.706591 0.615446 0.688873 0.615446
0 0.640680 0.630573 0.666904 0.630573 0.666904 0.655255 0.640680 0.655255
0 0.615875 0.613057 0.639971 0.613057 0.639971 0.639331 0.615875 0.639331
0 0.593197 0.647294 0.611623 0.647294 0.611623 0.662420 0.593197 0.662420
0 0.523033 0.647293 0.537207 0.647293 0.537207 0.666401 0.523033 0.666401
0 0.468462 0.673567 0.484762 0.673567 0.484762 0.692675 0.468462 0.692675
0 0.452161 0.642516 0.473423 0.642516 0.473423 0.664808 0.452161 0.664808
0 0.446492 0.618631 0.469880 0.618631 0.469880 0.645701 0.446492 0.645701
0 0.476966 0.598726 0.498228 0.598726 0.498228 0.624204 0.476966 0.624204
0 0.469880 0.618631 0.493976 0.618631 0.493976 0.644905 0.469880 0.644905
0 0.481928 0.645701 0.505316 0.645701 0.505316 0.669585 0.481928 0.669585
0 0.169384 0.436305 0.191354 0.436305 0.191354 0.460191 0.169384 0.460191
0 0.240964 0.427547 0.262226 0.427547 0.262226 0.457006 0.240964 0.457006
0 0.090007 0.348726 0.111269 0.348726 0.111269 0.372612 0.090007 0.372612
0 0.083629 0.381369 0.103473 0.381369 0.103473 0.410828 0.083629 0.410828
0 0.169383 0.328822 0.182141 0.328822 0.182141 0.354300 0.169383 0.354300
0 0.110560 0.250796 0.126860 0.250796 0.126860 0.276274 0.110560 0.276274
0 0.041814 0.441082 0.063076 0.441082 0.063076 0.464968 0.041814 0.464968
0 0.191354 0.687101 0.208363 0.687101 0.208363 0.708599 0.191354 0.708599
0 0.182140 0.503981 0.203402 0.503981 0.203402 0.522293 0.182140 0.522293
0 0.578313 0.565287 0.596031 0.565287 0.596031 0.587579 0.578313 0.587579
0 0.586818 0.613854 0.610206 0.613854 0.610206 0.636146 0.586818 0.636146
0 0.595322 0.574841 0.610205 0.574841 0.610205 0.592357 0.595322 0.592357
0 0.475550 0.524682 0.501773 0.524682 0.501773 0.547770 0.475550 0.547770
0 0.434443 0.467357 0.460666 0.467357 0.460666 0.492835 0.434443 0.492835
0 0.462084 0.450637 0.486180 0.450637 0.486180 0.477707 0.462084 0.477707
0 0.482637 0.436306 0.510985 0.436306 0.510985 0.465765 0.482637 0.465765
0 0.513820 0.481687 0.533664 0.481687 0.533664 0.503980 0.513820 0.503980
0 0.532955 0.460191 0.552799 0.460191 0.552799 0.480095 0.532955 0.480095
0 0.567682 0.492038 0.588236 0.492038 0.588236 0.516720 0.567682 0.516720
0 0.546420 0.520701 0.564847 0.520701 0.564847 0.543789 0.546420 0.543789
0 0.585400 0.539809 0.610205 0.539809 0.610205 0.559713 0.585400 0.559713
0 0.583275 0.465765 0.603828 0.465765 0.603828 0.494427 0.583275 0.494427
0 0.625797 0.473726 0.643515 0.473726 0.643515 0.497612 0.625797 0.497612
0 0.610914 0.501592 0.630758 0.501592 0.630758 0.524681 0.610914 0.524681
0 0.647768 0.509553 0.665486 0.509553 0.665486 0.530255 0.647768 0.530255
0 0.668320 0.524682 0.691708 0.524682 0.691708 0.546974 0.668320 0.546974
0 0.657690 0.476911 0.676117 0.476911 0.676117 0.496815 0.657690 0.496815
0 0.681786 0.501592 0.699504 0.501592 0.699504 0.523090 0.681786 0.523090
0 0.658399 0.569268 0.687455 0.569268 0.687455 0.601114 0.658399 0.601114
0 0.625089 0.567675 0.647767 0.567675 0.647767 0.591560 0.625089 0.591560
0 0.531537 0.425955 0.556342 0.425955 0.556342 0.455414 0.531537 0.455414
0 0.624380 0.417197 0.647058 0.417197 0.647058 0.441879 0.624380 0.441879
0 0.662651 0.402070 0.687455 0.402070 0.687455 0.425956 0.662651 0.425956
0 0.694543 0.390923 0.715805 0.390923 0.715805 0.421179 0.694543 0.421179
0 0.723600 0.390127 0.744862 0.390127 0.744862 0.414809 0.723600 0.414809
0 0.753366 0.340765 0.783132 0.340765 0.783132 0.374204 0.753366 0.374204
0 0.781006 0.378184 0.811481 0.378184 0.811481 0.402070 0.781006 0.402070
0 0.774628 0.324044 0.800142 0.324044 0.800142 0.348726 0.774628 0.348726
0 0.956769 0.000796 0.985117 0.000796 0.985117 0.015924 0.956769 0.015924
0 0.903615 0.555733 0.922750 0.555733 0.922750 0.574841 0.903615 0.574841
0 0.742027 0.570064 0.762580 0.570064 0.762580 0.603503 0.742027 0.603503
0 0.785968 0.573248 0.810773 0.573248 0.810773 0.607484 0.785968 0.607484
0 0.767541 0.483280 0.790219 0.483280 0.790219 0.508758 0.767541 0.508758
0 0.780297 0.504776 0.797307 0.504776 0.797307 0.525478 0.780297 0.525478
0 0.758327 0.469745 0.775336 0.469745 0.775336 0.489649 0.758327 0.489649
0 0.366407 0.266720 0.381999 0.266720 0.381999 0.285828 0.366407 0.285828
0 0.417434 0.214171 0.437278 0.214171 0.437278 0.236464 0.417434 0.236464
0 0.437987 0.238057 0.458541 0.238057 0.458541 0.258759 0.437987 0.258759
0 0.463501 0.192675 0.486889 0.192675 0.486889 0.217357 0.463501 0.217357
0 0.555634 0.137739 0.576896 0.137739 0.576896 0.166401 0.555634 0.166401
0 0.543586 0.159236 0.569100 0.159236 0.569100 0.180732 0.543586 0.180732
0 0.543586 0.314490 0.560596 0.314490 0.560596 0.339968 0.543586 0.339968
0 0.523033 0.339967 0.545003 0.339967 0.545003 0.369426 0.523033 0.369426
0 0.517364 0.313694 0.540042 0.313694 0.540042 0.339968 0.517364 0.339968
0 0.141035 0.034236 0.160879 0.034236 0.160879 0.060510 0.141035 0.060510
0 0.904323 0.636943 0.944720 0.636943 0.944720 0.663217 0.904323 0.663217
0 0.876683 0.632962 0.905741 0.632962 0.905741 0.660032 0.876683 0.660032
1 0.642097 0.797771 0.660524 0.797771 0.660524 0.817675 0.642097 0.817675
1 0.169383 0.531050 0.182141 0.531050 0.182141 0.544586 0.169383 0.544586
1 0.696669 0.476911 0.712261 0.476911 0.712261 0.495223 0.696669 0.495223
1 0.553508 0.558120 0.571226 0.558120 0.571226 0.578821 0.553508 0.578821
1 0.775337 0.441083 0.793055 0.441083 0.793055 0.459395 0.775337 0.459395
