0 0.573770 0.001639 0.621312 0.001639 0.621312 0.029509 0.573770 0.029509
0 0.967213 0.003279 0.993443 0.003279 0.993443 0.040984 0.967213 0.040984
0 0.439345 0.000000 0.477050 0.000000 0.477050 0.040984 0.439345 0.040984
0 0.832787 0.003279 0.872131 0.003279 0.872131 0.045901 0.832787 0.045901
0 0.032787 0.014754 0.090164 0.014754 0.090164 0.042624 0.032787 0.042624
0 0.001639 0.014754 0.031147 0.014754 0.031147 0.044262 0.001639 0.044262
0 0.218033 0.009837 0.273771 0.009837 0.273771 0.062296 0.218033 0.062296
0 0.906557 0.013115 0.962295 0.013115 0.962295 0.063935 0.906557 0.063935
0 0.362295 0.022950 0.391803 0.022950 0.391803 0.055737 0.362295 0.055737
0 0.149180 0.018033 0.196721 0.018033 0.196721 0.057377 0.149180 0.057377
0 0.777049 0.034426 0.813115 0.034426 0.813115 0.070492 0.777049 0.070492
0 0.286885 0.037705 0.327869 0.037705 0.327869 0.062295 0.286885 0.062295
0 0.106557 0.044262 0.140983 0.044262 0.140983 0.093442 0.106557 0.093442
0 0.434426 0.044262 0.491804 0.044262 0.491804 0.088524 0.434426 0.088524
0 0.321311 0.057378 0.367213 0.057378 0.367213 0.095083 0.321311 0.095083
0 0.027869 0.054098 0.081967 0.054098 0.081967 0.095082 0.027869 0.095082
0 0.765574 0.062295 0.801640 0.062295 0.801640 0.091803 0.765574 0.091803
0 0.816393 0.057377 0.873771 0.057377 0.873771 0.103279 0.816393 0.103279
0 0.254099 0.072132 0.301639 0.072132 0.301639 0.104918 0.254099 0.104918
0 0.657377 0.067213 0.703279 0.067213 0.703279 0.113115 0.657377 0.113115
0 0.947541 0.077049 0.993443 0.077049 0.993443 0.113115 0.947541 0.113115
0 0.396722 0.085246 0.434426 0.085246 0.434426 0.122950 0.396722 0.122950
0 0.454098 0.085246 0.501640 0.085246 0.501640 0.127868 0.454098 0.127868
0 0.200000 0.093442 0.240984 0.093442 0.240984 0.139344 0.200000 0.139344
0 0.321311 0.104918 0.368853 0.104918 0.368853 0.134426 0.321311 0.134426
0 0.888524 0.096721 0.919672 0.096721 0.919672 0.152459 0.888524 0.152459
0 0.250820 0.113115 0.306558 0.113115 0.306558 0.150819 0.250820 0.150819
0 0.000000 0.113114 0.050820 0.113114 0.050820 0.165573 0.000000 0.165573
0 0.603279 0.111476 0.654099 0.111476 0.654099 0.159017 0.603279 0.159017
0 0.070492 0.149180 0.101640 0.149180 0.101640 0.172131 0.070492 0.172131
0 0.296721 0.150820 0.326229 0.150820 0.326229 0.170492 0.296721 0.170492
0 0.337705 0.147541 0.373771 0.147541 0.373771 0.191803 0.337705 0.191803
0 0.731147 0.149180 0.767213 0.149180 0.767213 0.204918 0.731147 0.204918
0 0.455737 0.167213 0.508196 0.167213 0.508196 0.218033 0.455737 0.218033
0 0.004918 0.163935 0.059016 0.163935 0.059016 0.216393 0.004918 0.216393
0 0.867213 0.168852 0.934426 0.168852 0.934426 0.229508 0.867213 0.229508
0 0.580328 0.175410 0.634426 0.175410 0.634426 0.226230 0.580328 0.226230
0 0.380327 0.185246 0.413114 0.185246 0.413114 0.214754 0.380327 0.214754
0 0.765574 0.186885 0.800000 0.186885 0.800000 0.232787 0.765574 0.232787
0 0.163934 0.185246 0.200000 0.185246 0.200000 0.214754 0.163934 0.214754
0 0.626230 0.208197 0.665574 0.208197 0.665574 0.254099 0.626230 0.254099
0 0.670492 0.214754 0.706558 0.214754 0.706558 0.263934 0.670492 0.263934
0 0.463935 0.232787 0.503279 0.232787 0.503279 0.262295 0.463935 0.262295
0 0.516393 0.229508 0.563935 0.229508 0.563935 0.272131 0.516393 0.272131
0 0.060656 0.229508 0.103278 0.229508 0.103278 0.278688 0.060656 0.278688
0 0.122951 0.237704 0.173771 0.237704 0.173771 0.270491 0.122951 0.270491
0 0.200000 0.242623 0.259016 0.242623 0.259016 0.283607 0.200000 0.283607
0 0.380328 0.232787 0.422951 0.232787 0.422951 0.291803 0.380328 0.291803
0 0.570491 0.245901 0.613115 0.245901 0.613115 0.286885 0.570491 0.286885
0 0.336066 0.250819 0.375410 0.250819 0.375410 0.283606 0.336066 0.283606
0 0.434426 0.263935 0.465574 0.263935 0.465574 0.293443 0.434426 0.293443
0 0.483607 0.263934 0.518033 0.263934 0.518033 0.300000 0.483607 0.300000
0 0.014754 0.265574 0.063934 0.265574 0.063934 0.311476 0.014754 0.311476
0 0.963934 0.257377 1.000000 0.257377 1.000000 0.313115 0.963934 0.313115
0 0.252459 0.267213 0.298361 0.267213 0.298361 0.304918 0.252459 0.304918
0 0.921311 0.278688 0.952459 0.278688 0.952459 0.309836 0.921311 0.309836
0 0.859016 0.277049 0.896722 0.277049 0.896722 0.306557 0.859016 0.306557
0 0.677049 0.273770 0.726229 0.273770 0.726229 0.324590 0.677049 0.324590
0 0.736065 0.273770 0.781967 0.273770 0.781967 0.326230 0.736065 0.326230
0 0.644263 0.288525 0.672131 0.288525 0.672131 0.331147 0.644263 0.331147
0 0.345902 0.293442 0.388524 0.293442 0.388524 0.336065 0.345902 0.336065
0 0.077049 0.301639 0.113115 0.301639 0.113115 0.336065 0.077049 0.336065
0 0.431148 0.301639 0.480328 0.301639 0.480328 0.352459 0.431148 0.352459
0 0.124590 0.311475 0.168852 0.311475 0.168852 0.347541 0.124590 0.347541
0 0.386885 0.301640 0.422951 0.301640 0.422951 0.350820 0.386885 0.350820
0 0.593442 0.304918 0.636066 0.304918 0.636066 0.368852 0.593442 0.368852
0 0.029508 0.321312 0.068852 0.321312 0.068852 0.359017 0.029508 0.359017
0 0.970492 0.344262 0.998360 0.344262 0.998360 0.375410 0.970492 0.375410
0 0.768852 0.336066 0.816393 0.336066 0.816393 0.380328 0.768852 0.380328
0 0.483607 0.340983 0.518033 0.340983 0.518033 0.381967 0.483607 0.381967
0 0.888525 0.350820 0.927869 0.350820 0.927869 0.383607 0.888525 0.383607
0 0.647541 0.349181 0.686885 0.349181 0.686885 0.403279 0.647541 0.403279
0 0.260656 0.359017 0.314754 0.359017 0.314754 0.396722 0.260656 0.396722
0 0.547540 0.367213 0.600000 0.367213 0.600000 0.406557 0.547540 0.406557
0 0.121312 0.385246 0.145902 0.385246 0.145902 0.416394 0.121312 0.416394
0 0.927869 0.375410 0.968853 0.375410 0.968853 0.416394 0.927869 0.416394
0 0.172131 0.390164 0.203279 0.390164 0.203279 0.416394 0.172131 0.416394
0 0.788525 0.391803 0.822951 0.391803 0.822951 0.419673 0.788525 0.419673
0 0.877049 0.388524 0.918033 0.388524 0.918033 0.439344 0.877049 0.439344
0 0.678689 0.403278 0.736066 0.403278 0.736066 0.439344 0.678689 0.439344
0 0.080328 0.418032 0.116394 0.418032 0.116394 0.445902 0.080328 0.445902
0 0.245902 0.406557 0.300000 0.406557 0.300000 0.440983 0.245902 0.440983
0 0.027868 0.400000 0.065574 0.400000 0.065574 0.455738 0.027868 0.455738
0 0.462295 0.408197 0.498361 0.408197 0.498361 0.449181 0.462295 0.449181
0 0.408197 0.411475 0.445902 0.411475 0.445902 0.454098 0.408197 0.454098
0 0.929508 0.422951 0.973770 0.422951 0.973770 0.459017 0.929508 0.459017
0 0.513115 0.439345 0.552459 0.439345 0.552459 0.481967 0.513115 0.481967
0 0.090164 0.450819 0.124590 0.450819 0.124590 0.503278 0.090164 0.503278
0 0.862295 0.460656 0.891803 0.460656 0.891803 0.495082 0.862295 0.495082
0 0.200000 0.455738 0.244262 0.455738 0.244262 0.514754 0.200000 0.514754
0 0.913114 0.459016 0.965573 0.459016 0.965573 0.519672 0.913114 0.519672
0 0.691803 0.481967 0.740983 0.481967 0.740983 0.518033 0.691803 0.518033
0 0.624590 0.478688 0.672131 0.478688 0.672131 0.526230 0.624590 0.526230
0 0.439345 0.468853 0.486885 0.468853 0.486885 0.532787 0.439345 0.532787
0 0.777049 0.485246 0.818033 0.485246 0.818033 0.529508 0.777049 0.529508
0 0.106557 0.491803 0.154098 0.491803 0.154098 0.531147 0.106557 0.531147
0 0.526230 0.500000 0.559016 0.500000 0.559016 0.545902 0.526230 0.545902
0 0.970492 0.506557 1.000000 0.506557 1.000000 0.536065 0.970492 0.536065
0 0.319672 0.506557 0.347542 0.506557 0.347542 0.547541 0.319672 0.547541
0 0.863935 0.504918 0.913115 0.504918 0.913115 0.554098 0.863935 0.554098
0 0.814754 0.518033 0.857378 0.518033 0.857378 0.559017 0.814754 0.559017
0 0.157377 0.534427 0.191803 0.534427 0.191803 0.581968 0.157377 0.581968
0 0.673770 0.521312 0.714754 0.521312 0.714754 0.585246 0.673770 0.585246
0 0.580327 0.539344 0.642622 0.539344 0.642622 0.573770 0.580327 0.573770
0 0.481967 0.534427 0.534427 0.534427 0.534427 0.586886 0.481967 0.586886
0 0.365574 0.539345 0.406558 0.539345 0.406558 0.586886 0.365574 0.586886
0 0.919673 0.539345 0.962296 0.539345 0.962296 0.591804 0.919673 0.591804
0 0.259016 0.549180 0.286886 0.549180 0.286886 0.595082 0.259016 0.595082
0 0.413115 0.552459 0.463935 0.552459 0.463935 0.596721 0.413115 0.596721
0 0.732787 0.555738 0.768853 0.555738 0.768853 0.595082 0.732787 0.595082
0 0.098360 0.550820 0.134426 0.550820 0.134426 0.601640 0.098360 0.601640
0 0.781967 0.565574 0.816393 0.565574 0.816393 0.614754 0.781967 0.614754
0 0.845901 0.568853 0.888525 0.568853 0.888525 0.622951 0.845901 0.622951
0 0.319672 0.578688 0.368852 0.578688 0.368852 0.614754 0.319672 0.614754
0 0.213115 0.590164 0.254099 0.590164 0.254099 0.624590 0.213115 0.624590
0 0.147540 0.585246 0.195081 0.585246 0.195081 0.629508 0.147540 0.629508
0 0.900000 0.593443 0.936066 0.593443 0.936066 0.626229 0.900000 0.626229
0 0.565574 0.593442 0.606558 0.593442 0.606558 0.634426 0.565574 0.634426
0 0.467213 0.598360 0.498361 0.598360 0.498361 0.634426 0.467213 0.634426
0 0.621312 0.591803 0.668853 0.591803 0.668853 0.637705 0.621312 0.637705
0 0.277049 0.601639 0.322951 0.601639 0.322951 0.640983 0.277049 0.640983
0 0.413115 0.616393 0.463935 0.616393 0.463935 0.654099 0.413115 0.654099
0 0.001639 0.622951 0.037705 0.622951 0.037705 0.662295 0.001639 0.662295
0 0.944262 0.626230 0.978688 0.626230 0.978688 0.659017 0.944262 0.659017
0 0.331147 0.626229 0.359017 0.626229 0.359017 0.667213 0.331147 0.667213
0 0.859017 0.634427 0.908197 0.634427 0.908197 0.672132 0.859017 0.672132
0 0.113115 0.629508 0.154099 0.629508 0.154099 0.673770 0.113115 0.673770
0 0.775410 0.627868 0.824590 0.627868 0.824590 0.685245 0.775410 0.685245
0 0.168852 0.639344 0.216393 0.639344 0.216393 0.683606 0.168852 0.683606
0 0.386885 0.649181 0.416393 0.649181 0.416393 0.681967 0.386885 0.681967
0 0.539344 0.650819 0.583606 0.650819 0.583606 0.698361 0.539344 0.698361
0 0.006558 0.657377 0.049181 0.657377 0.049181 0.706557 0.006558 0.706557
0 0.436066 0.659017 0.485246 0.659017 0.485246 0.708197 0.436066 0.708197
0 0.340984 0.663934 0.385246 0.663934 0.385246 0.716394 0.340984 0.716394
0 0.593442 0.673771 0.639344 0.673771 0.639344 0.722951 0.593442 0.722951
0 0.926229 0.680328 0.977049 0.680328 0.977049 0.724590 0.926229 0.724590
0 0.819672 0.680328 0.855738 0.680328 0.855738 0.729508 0.819672 0.729508
0 0.688525 0.680328 0.727869 0.680328 0.727869 0.729508 0.688525 0.729508
0 0.729508 0.683607 0.775410 0.683607 0.775410 0.726230 0.729508 0.726230
0 0.865574 0.688524 0.911476 0.688524 0.911476 0.739344 0.865574 0.739344
0 0.086885 0.680327 0.131147 0.680327 0.131147 0.747540 0.086885 0.747540
0 0.170492 0.703279 0.216394 0.703279 0.216394 0.755738 0.170492 0.755738
0 0.522950 0.714754 0.565574 0.714754 0.565574 0.759016 0.522950 0.759016
0 0.013114 0.711476 0.065573 0.711476 0.065573 0.755738 0.013114 0.755738
0 0.954099 0.729509 0.998361 0.729509 0.998361 0.757377 0.954099 0.757377
0 0.901639 0.740984 0.927869 0.740984 0.927869 0.760656 0.901639 0.760656
0 0.372131 0.732787 0.411475 0.732787 0.411475 0.778689 0.372131 0.778689
0 0.837705 0.739344 0.881967 0.739344 0.881967 0.770492 0.837705 0.770492
0 0.755738 0.731147 0.806558 0.731147 0.806558 0.783606 0.755738 0.783606
0 0.604918 0.755738 0.636066 0.755738 0.636066 0.809836 0.604918 0.809836
0 0.055738 0.757377 0.106558 0.757377 0.106558 0.804918 0.055738 0.804918
0 0.462295 0.759016 0.518033 0.759016 0.518033 0.809836 0.462295 0.809836
0 0.842623 0.780328 0.875409 0.780328 0.875409 0.804918 0.842623 0.804918
0 0.893442 0.772131 0.954098 0.772131 0.954098 0.813115 0.893442 0.813115
0 0.965574 0.773770 0.998360 0.773770 0.998360 0.816393 0.965574 0.816393
0 0.324590 0.768852 0.380328 0.768852 0.380328 0.811476 0.324590 0.811476
0 0.385246 0.785246 0.419672 0.785246 0.419672 0.814754 0.385246 0.814754
0 0.632787 0.786885 0.665573 0.786885 0.665573 0.821311 0.632787 0.821311
0 0.713115 0.786885 0.777049 0.786885 0.777049 0.827869 0.713115 0.827869
0 0.131148 0.804918 0.180328 0.804918 0.180328 0.850820 0.131148 0.850820
0 0.775410 0.809837 0.806558 0.809837 0.806558 0.842623 0.775410 0.842623
0 0.178689 0.809836 0.240983 0.809836 0.240983 0.872131 0.178689 0.872131
0 0.468852 0.824590 0.514754 0.824590 0.514754 0.859016 0.468852 0.859016
0 0.024590 0.816393 0.068852 0.816393 0.068852 0.867213 0.024590 0.867213
0 0.395082 0.836066 0.432787 0.836066 0.432787 0.863934 0.395082 0.863934
0 0.280328 0.832787 0.309836 0.832787 0.309836 0.888525 0.280328 0.888525
0 0.662295 0.829508 0.721311 0.829508 0.721311 0.875410 0.662295 0.875410
0 0.578689 0.832787 0.613115 0.832787 0.613115 0.872131 0.578689 0.872131
0 0.519672 0.844262 0.568852 0.844262 0.568852 0.886885 0.519672 0.886885
0 0.254098 0.829508 0.285246 0.829508 0.285246 0.878688 0.254098 0.878688
0 0.326230 0.855737 0.385246 0.855737 0.385246 0.891803 0.326230 0.891803
0 0.901640 0.850819 0.954099 0.850819 0.954099 0.896721 0.901640 0.896721
0 0.957377 0.852459 1.000000 0.852459 1.000000 0.900000 0.957377 0.900000
0 0.434426 0.862295 0.490164 0.862295 0.490164 0.896721 0.434426 0.896721
0 0.083607 0.873771 0.116394 0.873771 0.116394 0.906557 0.083607 0.906557
0 0.132787 0.867213 0.165574 0.867213 0.165574 0.911475 0.132787 0.911475
0 0.031148 0.875410 0.070492 0.875410 0.070492 0.914754 0.031148 0.914754
0 0.168852 0.881967 0.216393 0.881967 0.216393 0.931147 0.168852 0.931147
0 0.619672 0.893443 0.677049 0.893443 0.677049 0.927869 0.619672 0.927869
0 0.272131 0.888524 0.326229 0.888524 0.326229 0.940983 0.272131 0.940983
0 0.009835 0.909836 0.037705 0.909836 0.037705 0.945902 0.009835 0.945902
0 0.493442 0.896722 0.554098 0.896722 0.554098 0.955738 0.493442 0.955738
0 0.827869 0.914754 0.872131 0.914754 0.872131 0.959016 0.827869 0.959016
0 0.562295 0.919672 0.608197 0.919672 0.608197 0.949180 0.562295 0.949180
0 0.883606 0.916393 0.926230 0.916393 0.926230 0.952459 0.883606 0.952459
0 0.942623 0.911475 0.995082 0.911475 0.995082 0.962295 0.942623 0.962295
0 0.209836 0.916394 0.252460 0.916394 0.252460 0.965574 0.209836 0.965574
0 0.100000 0.931148 0.136066 0.931148 0.136066 0.970492 0.100000 0.970492
0 0.885246 0.954098 0.918032 0.954098 0.918032 0.978688 0.885246 0.978688
0 0.786885 0.949180 0.827869 0.949180 0.827869 0.990164 0.786885 0.990164
0 0.296721 0.945901 0.344263 0.945901 0.344263 1.000000 0.296721 1.000000
0 0.737705 0.952459 0.777049 0.952459 0.777049 0.998361 0.737705 0.998361
0 0.355738 0.959016 0.424590 0.959016 0.424590 1.000000 0.355738 1.000000
0 0.150819 0.970492 0.193443 0.970492 0.193443 1.000000 0.150819 1.000000
0 0.027869 0.975410 0.052459 0.975410 0.052459 1.000000 0.027869 1.000000
0 0.965574 0.977050 1.000000 0.977050 1.000000 1.000000 0.965574 1.000000
0 0.206557 0.983606 0.247541 0.983606 0.247541 1.000000 0.206557 1.000000
0 0.108197 0.090164 0.155738 0.090164 0.155738 0.124590 0.108197 0.124590
0 0.177049 0.286885 0.222951 0.286885 0.222951 0.327869 0.177049 0.327869
0 0.068852 0.621312 0.109836 0.621312 0.109836 0.663935 0.068852 0.663935
0 0.288524 0.657377 0.319672 0.657377 0.319672 0.681967 0.288524 0.681967
0 0.221312 0.529509 0.255738 0.529509 0.255738 0.562295 0.221312 0.562295
0 0.227869 0.373770 0.250819 0.373770 0.250819 0.419672 0.227869 0.419672
0 0.304918 0.421312 0.339344 0.421312 0.339344 0.480328 0.304918 0.480328
0 0.291803 0.313115 0.331147 0.313115 0.331147 0.344263 0.291803 0.344263
0 0.852459 0.819673 0.900000 0.819673 0.900000 0.877050 0.852459 0.877050
0 0.749180 0.468852 0.773770 0.468852 0.773770 0.504918 0.749180 0.504918
0 0.806558 0.445902 0.859017 0.445902 0.859017 0.498361 0.806558 0.498361
0 0.634426 0.644262 0.688524 0.644262 0.688524 0.706557 0.634426 0.706557
0 0.206558 0.160656 0.270492 0.160656 0.270492 0.206558 0.206558 0.206558
0 0.811476 0.281967 0.840984 0.281967 0.840984 0.314754 0.811476 0.314754
0 0.842622 0.388524 0.880328 0.388524 0.880328 0.416394 0.842622 0.416394
0 0.699999 0.963935 0.737705 0.963935 0.737705 0.998361 0.699999 0.998361
0 0.311476 0.721311 0.355738 0.721311 0.355738 0.763935 0.311476 0.763935
0 0.396721 0.688525 0.426229 0.688525 0.426229 0.732787 0.396721 0.732787
0 0.231147 0.626229 0.273770 0.626229 0.273770 0.657377 0.231147 0.657377
0 0.129508 0.750820 0.190164 0.750820 0.190164 0.795082 0.129508 0.795082
0 0.513115 0.596722 0.557377 0.596722 0.557377 0.649181 0.513115 0.649181
0 0.131148 0.134426 0.188525 0.134426 0.188525 0.180328 0.131148 0.180328
0 0.709836 0.903278 0.750820 0.903278 0.750820 0.939344 0.709836 0.939344
0 0.540983 0.777049 0.588525 0.777049 0.588525 0.836065 0.540983 0.836065
0 0.906557 0.273771 0.937705 0.273771 0.937705 0.311476 0.906557 0.311476
0 0.803279 0.167213 0.847541 0.167213 0.847541 0.198361 0.803279 0.198361
0 0.159017 0.211475 0.196721 0.211475 0.196721 0.236065 0.159017 0.236065
1 0.026229 0.509836 0.057377 0.509836 0.057377 0.550820 0.026229 0.550820
1 0.709836 0.444262 0.736066 0.444262 0.736066 0.468852 0.709836 0.468852
