1 0.495834 0.388889 0.522917 0.388889 0.522917 0.462963 0.495834 0.462963
1 0.558333 0.314815 0.595833 0.314815 0.595833 0.392593 0.558333 0.392593
1 0.339583 0.455556 0.377083 0.455556 0.377083 0.518518 0.339583 0.518518
1 0.120833 0.318518 0.164583 0.318518 0.164583 0.381481 0.120833 0.381481
1 0.110416 0.481482 0.145833 0.481482 0.145833 0.551852 0.110416 0.551852
1 0.145833 0.648148 0.183333 0.648148 0.183333 0.711112 0.145833 0.711112
1 0.506250 0.300000 0.539583 0.300000 0.539583 0.344444 0.506250 0.344444
2 0.154167 0.425926 0.218750 0.425926 0.218750 0.525926 0.154167 0.525926
2 0.379167 0.422223 0.431250 0.422223 0.431250 0.511111 0.379167 0.511111
2 0.416666 0.322223 0.468749 0.322223 0.468749 0.411112 0.416666 0.411112
2 0.435417 0.422223 0.491667 0.422223 0.491667 0.507408 0.435417 0.507408
2 0.477083 0.481482 0.537500 0.481482 0.537500 0.570371 0.477083 0.570371
2 0.525000 0.588889 0.577084 0.588889 0.577084 0.681481 0.525000 0.681481
2 0.572917 0.633333 0.629167 0.633333 0.629167 0.714814 0.572917 0.714814
2 0.529166 0.188889 0.587499 0.188889 0.587499 0.292593 0.529166 0.292593
2 0.150000 0.537037 0.212500 0.537037 0.212500 0.629629 0.150000 0.629629
2 0.766667 0.081482 0.814584 0.081482 0.814584 0.166666 0.766667 0.166666
2 0.845834 0.155556 0.904166 0.155556 0.904166 0.255556 0.845834 0.255556
2 0.883333 0.270371 0.943750 0.270371 0.943750 0.351852 0.883333 0.351852
2 0.870833 0.537037 0.925001 0.537037 0.925001 0.611111 0.870833 0.611111
2 0.279167 0.325926 0.335417 0.325926 0.335417 0.422222 0.279167 0.422222
2 0.650000 0.062963 0.700000 0.062963 0.700000 0.166667 0.650000 0.166667
2 0.218749 0.462962 0.272917 0.462962 0.272917 0.581481 0.218749 0.581481
