1 0.052411 0.050603 0.090147 0.050603 0.090147 0.108434 0.052411 0.108434
1 0.104822 0.048193 0.153040 0.048193 0.153040 0.084338 0.104822 0.084338
1 0.161425 0.089157 0.197064 0.089157 0.197064 0.139759 0.161425 0.139759
1 0.186583 0.146988 0.234801 0.146988 0.234801 0.185542 0.186583 0.185542
1 0.251573 0.154217 0.285116 0.154217 0.285116 0.195181 0.251573 0.195181
1 0.299791 0.137349 0.333334 0.137349 0.333334 0.195181 0.299791 0.195181
1 0.048219 0.118072 0.081762 0.118072 0.081762 0.156626 0.048219 0.156626
1 0.071279 0.134940 0.109015 0.134940 0.109015 0.173494 0.071279 0.173494
1 0.121594 0.139759 0.171908 0.139759 0.171908 0.185542 0.121594 0.185542
1 0.150943 0.195181 0.199161 0.195181 0.199161 0.233735 0.150943 0.233735
1 0.207547 0.192771 0.251572 0.192771 0.251572 0.240963 0.207547 0.240963
1 0.264151 0.214457 0.295598 0.214457 0.295598 0.245782 0.264151 0.245782
1 0.121593 0.093976 0.150943 0.093976 0.150943 0.122892 0.121593 0.122892
1 0.018868 0.204819 0.083858 0.204819 0.083858 0.257831 0.018868 0.257831
1 0.090147 0.313254 0.132076 0.313254 0.132076 0.356627 0.090147 0.356627
1 0.230608 0.289156 0.268344 0.289156 0.268344 0.344578 0.230608 0.344578
1 0.278826 0.303615 0.318658 0.303615 0.318658 0.354217 0.278826 0.354217
1 0.322852 0.322891 0.366876 0.322891 0.366876 0.366264 0.322852 0.366264
1 0.356395 0.209639 0.408805 0.209639 0.408805 0.248193 0.356395 0.248193
1 0.178197 0.014458 0.218029 0.014458 0.218029 0.057831 0.178197 0.057831
1 0.301887 0.016867 0.345911 0.016867 0.345911 0.060241 0.301887 0.060241
1 0.345911 0.014458 0.377358 0.014458 0.377358 0.050603 0.345911 0.050603
1 0.408805 0.062651 0.467505 0.062651 0.467505 0.101205 0.408805 0.101205
1 0.459120 0.053011 0.501049 0.053011 0.501049 0.089156 0.459120 0.089156
1 0.442349 0.144578 0.486374 0.144578 0.486374 0.185542 0.442349 0.185542
1 0.517820 0.067470 0.568134 0.067470 0.568134 0.103614 0.517820 0.103614
1 0.574424 0.151807 0.614256 0.151807 0.614256 0.185542 0.574424 0.185542
1 0.639413 0.065061 0.696017 0.065061 0.696017 0.122892 0.639413 0.122892
1 0.580713 0.204819 0.631027 0.204819 0.631027 0.243373 0.580713 0.243373
1 0.534591 0.219277 0.580713 0.219277 0.580713 0.265060 0.534591 0.265060
1 0.425577 0.226506 0.475891 0.226506 0.475891 0.265060 0.425577 0.265060
1 0.505242 0.265060 0.540880 0.265060 0.540880 0.313254 0.505242 0.313254
1 0.557652 0.277109 0.607966 0.277109 0.607966 0.313254 0.557652 0.313254
1 0.589098 0.260240 0.635220 0.260240 0.635220 0.296385 0.589098 0.296385
1 0.553459 0.310843 0.587003 0.310843 0.587003 0.339759 0.553459 0.339759
1 0.561844 0.359036 0.603774 0.359036 0.603774 0.404819 0.561844 0.404819
1 0.631027 0.339759 0.668763 0.339759 0.668763 0.390361 0.631027 0.390361
1 0.687631 0.371084 0.727463 0.371084 0.727463 0.419278 0.687631 0.419278
1 0.649895 0.004819 0.685534 0.004819 0.685534 0.055421 0.649895 0.055421
1 0.693920 0.016867 0.733752 0.016867 0.733752 0.072289 0.693920 0.072289
1 0.744235 0.040964 0.790357 0.040964 0.790357 0.079518 0.744235 0.079518
1 0.790357 0.021687 0.825995 0.021687 0.825995 0.065060 0.790357 0.065060
1 0.729560 0.002410 0.775682 0.002410 0.775682 0.026506 0.729560 0.026506
1 0.777777 0.171085 0.819707 0.171085 0.819707 0.221687 0.777777 0.221687
1 0.788260 0.224097 0.840670 0.224097 0.840670 0.269879 0.788260 0.269879
1 0.882599 0.250603 0.924529 0.250603 0.924529 0.284337 0.882599 0.284337
1 0.817610 0.284337 0.855346 0.284337 0.855346 0.337349 0.817610 0.337349
1 0.903564 0.296385 0.939203 0.296385 0.939203 0.344579 0.903564 0.344579
1 0.748428 0.245783 0.788260 0.245783 0.788260 0.286747 0.748428 0.286747
1 0.725367 0.293977 0.769392 0.293977 0.769392 0.337350 0.725367 0.337350
1 0.870021 0.433735 0.920335 0.433735 0.920335 0.484337 0.870021 0.484337
1 0.819707 0.368675 0.867925 0.368675 0.867925 0.428916 0.819707 0.428916
1 0.805032 0.431326 0.855346 0.431326 0.855346 0.491567 0.805032 0.491567
1 0.710692 0.532531 0.767296 0.532531 0.767296 0.578313 0.710692 0.578313
1 0.731656 0.580722 0.773586 0.580722 0.773586 0.616868 0.731656 0.616868
1 0.911949 0.563856 0.945493 0.563856 0.945493 0.614458 0.911949 0.614458
1 0.928721 0.607229 0.970651 0.607229 0.970651 0.650603 0.928721 0.650603
1 0.876310 0.653012 0.920335 0.653012 0.920335 0.701205 0.876310 0.701205
1 0.817611 0.650603 0.861635 0.650603 0.861635 0.701205 0.817611 0.701205
1 0.815514 0.580723 0.863732 0.580723 0.863732 0.624097 0.815514 0.624097
1 0.811321 0.703615 0.853250 0.703615 0.853250 0.742169 0.811321 0.742169
1 0.693921 0.457832 0.737946 0.457832 0.737946 0.493976 0.693921 0.493976
1 0.578616 0.542169 0.620546 0.542169 0.620546 0.590361 0.578616 0.590361
1 0.698113 0.638554 0.735849 0.638554 0.735849 0.677108 0.698113 0.677108
1 0.496855 0.506024 0.534591 0.506024 0.534591 0.561446 0.496855 0.561446
1 0.524110 0.571084 0.578617 0.571084 0.578617 0.607230 0.524110 0.607230
1 0.480084 0.438554 0.536688 0.438554 0.536688 0.489156 0.480084 0.489156
1 0.018867 0.886747 0.052410 0.886747 0.052410 0.925301 0.018867 0.925301
1 0.090147 0.884337 0.132076 0.884337 0.132076 0.946989 0.090147 0.946989
1 0.184487 0.881928 0.234801 0.881928 0.234801 0.927710 0.184487 0.927710
1 0.159329 0.927711 0.205451 0.927711 0.205451 0.968675 0.159329 0.968675
1 0.088051 0.734940 0.140461 0.734940 0.140461 0.775904 0.088051 0.775904
1 0.119497 0.785542 0.161425 0.785542 0.161425 0.826506 0.119497 0.826506
1 0.169811 0.783133 0.207547 0.783133 0.207547 0.816868 0.169811 0.816868
1 0.035640 0.828915 0.071278 0.828915 0.071278 0.862650 0.035640 0.862650
1 0.224319 0.963855 0.266248 0.963855 0.266248 1.000000 0.224319 1.000000
1 0.226414 0.780724 0.268344 0.780724 0.268344 0.838554 0.226414 0.838554
1 0.371069 0.824097 0.408805 0.824097 0.408805 0.869879 0.371069 0.869879
1 0.425577 0.843374 0.457024 0.843374 0.457024 0.893976 0.425577 0.893976
1 0.461216 0.826506 0.511530 0.826506 0.511530 0.867470 0.461216 0.867470
1 0.433963 0.908434 0.475892 0.908434 0.475892 0.954216 0.433963 0.954216
1 0.402516 0.944578 0.454927 0.944578 0.454927 0.987952 0.402516 0.987952
1 0.587001 0.927711 0.628931 0.927711 0.628931 0.978313 0.587001 0.978313
1 0.649895 0.942168 0.687631 0.942168 0.687631 0.975904 0.649895 0.975904
1 0.624738 0.886748 0.675052 0.886748 0.675052 0.932530 0.624738 0.932530
1 0.513626 0.824097 0.557651 0.824097 0.557651 0.869879 0.513626 0.869879
1 0.610063 0.761445 0.668763 0.761445 0.668763 0.819276 0.610063 0.819276
1 0.675053 0.795181 0.714885 0.795181 0.714885 0.840963 0.675053 0.840963
1 0.840671 0.893977 0.880503 0.893977 0.880503 0.951808 0.840671 0.951808
1 0.890985 0.913253 0.935010 0.913253 0.935010 0.973494 0.890985 0.973494
1 0.838575 0.831326 0.882599 0.831326 0.882599 0.881928 0.838575 0.881928
1 0.779874 0.804819 0.821804 0.804819 0.821804 0.855421 0.779874 0.855421
1 0.733753 0.778313 0.781971 0.778313 0.781971 0.833735 0.733753 0.833735
1 0.702306 0.756626 0.752620 0.756626 0.752620 0.797590 0.702306 0.797590
1 0.937107 0.869880 0.976939 0.869880 0.976939 0.915662 0.937107 0.915662
1 0.949685 0.920482 0.993710 0.920482 0.993710 0.973494 0.949685 0.973494
1 0.775682 0.879518 0.825996 0.879518 0.825996 0.927710 0.775682 0.927710
1 0.708595 0.698795 0.750525 0.698795 0.750525 0.742169 0.708595 0.742169
1 0.763103 0.710844 0.798741 0.710844 0.798741 0.759037 0.763103 0.759037
1 0.524110 0.710843 0.559748 0.710843 0.559748 0.751807 0.524110 0.751807
1 0.486373 0.684337 0.528303 0.684337 0.528303 0.722891 0.486373 0.722891
1 0.433963 0.648193 0.475892 0.648193 0.475892 0.693975 0.433963 0.693975
1 0.394130 0.653011 0.417191 0.653011 0.417191 0.689157 0.394130 0.689157
1 0.157232 0.580723 0.209643 0.580723 0.209643 0.619277 0.157232 0.619277
1 0.232704 0.602409 0.280922 0.602409 0.280922 0.638555 0.232704 0.638555
1 0.337526 0.600000 0.385744 0.600000 0.385744 0.640964 0.337526 0.640964
1 0.199162 0.530120 0.251573 0.530120 0.251573 0.561446 0.199162 0.561446
1 0.310273 0.522891 0.352202 0.522891 0.352202 0.566265 0.310273 0.566265
1 0.134172 0.337350 0.174004 0.337350 0.174004 0.380723 0.134172 0.380723
1 0.088051 0.378314 0.123690 0.378314 0.123690 0.414459 0.088051 0.414459
1 0.025157 0.366265 0.071279 0.366265 0.071279 0.412048 0.025157 0.412048
1 0.383648 0.166265 0.433962 0.166265 0.433962 0.200000 0.383648 0.200000
1 0.383648 0.130121 0.429770 0.130121 0.429770 0.166265 0.383648 0.166265
1 0.492662 0.322891 0.540880 0.322891 0.540880 0.359036 0.492662 0.359036
1 0.259958 0.081928 0.312369 0.081928 0.312369 0.127711 0.259958 0.127711
1 0.614256 0.600001 0.683438 0.600001 0.683438 0.657832 0.614256 0.657832
1 0.446541 0.539759 0.488470 0.539759 0.488470 0.578313 0.446541 0.578313
1 0.381551 0.542169 0.425576 0.542169 0.425576 0.592771 0.381551 0.592771
1 0.318658 0.433735 0.364780 0.433735 0.364780 0.493976 0.318658 0.493976
1 0.387841 0.421687 0.417191 0.421687 0.417191 0.501205 0.387841 0.501205
1 0.672956 0.207228 0.721174 0.207228 0.721174 0.253012 0.672956 0.253012
1 0.878406 0.366264 0.930817 0.366264 0.930817 0.414458 0.878406 0.414458
1 0.758910 0.400001 0.809224 0.400001 0.809224 0.457832 0.758910 0.457832
1 0.884695 0.508434 0.916142 0.508434 0.916142 0.546988 0.884695 0.546988
1 0.071278 0.248193 0.115304 0.248193 0.115304 0.274699 0.071278 0.274699
1 0.136269 0.450602 0.178198 0.450602 0.178198 0.481928 0.136269 0.481928
1 0.226415 0.007229 0.259958 0.007229 0.259958 0.057831 0.226415 0.057831
1 0.190776 0.253012 0.228512 0.253012 0.228512 0.301205 0.190776 0.301205
1 0.427673 0.277109 0.492663 0.277109 0.492663 0.310843 0.427673 0.310843
1 0.056604 0.428916 0.113208 0.428916 0.113208 0.474699 0.056604 0.474699
1 0.486373 0.021686 0.528303 0.021686 0.528303 0.055421 0.486373 0.055421
1 0.943396 0.412048 0.989518 0.412048 0.989518 0.460242 0.943396 0.460242
