0 0.009576 0.096349 0.024698 0.096349 0.024698 0.113590 0.009576 0.113590
1 0.108871 0.108520 0.115927 0.108520 0.115927 0.121705 0.108871 0.121705
1 0.942036 0.116633 0.950605 0.116633 0.950605 0.135903 0.942036 0.135903
1 0.796875 0.052739 0.803931 0.052739 0.803931 0.068965 0.796875 0.068965
1 0.830140 0.156187 0.838709 0.156187 0.838709 0.173428 0.830140 0.173428
1 0.221270 0.273834 0.228326 0.273834 0.228326 0.287019 0.221270 0.287019
1 0.097783 0.273833 0.106352 0.273833 0.106352 0.292089 0.097783 0.292089
1 0.085686 0.498986 0.093751 0.498986 0.093751 0.513185 0.085686 0.513185
1 0.137097 0.620690 0.144657 0.620690 0.144657 0.633875 0.137097 0.633875
1 0.074597 0.890467 0.082157 0.890467 0.082157 0.902637 0.074597 0.902637
1 0.072581 0.790060 0.079133 0.790060 0.079133 0.803245 0.072581 0.803245
1 0.115928 0.787019 0.122480 0.787019 0.122480 0.802231 0.115928 0.802231
1 0.370968 0.832657 0.377520 0.832657 0.377520 0.843813 0.370968 0.843813
1 0.430947 0.688640 0.439517 0.688640 0.439517 0.703853 0.430947 0.703853
1 0.527218 0.763692 0.534778 0.763692 0.534778 0.774848 0.527218 0.774848
1 0.729839 0.656187 0.739416 0.656187 0.739416 0.668357 0.729839 0.668357
1 0.684979 0.310346 0.693044 0.310346 0.693044 0.327587 0.684979 0.327587
1 0.829133 0.366125 0.837198 0.366125 0.837198 0.382352 0.829133 0.382352
1 0.847782 0.030426 0.855342 0.030426 0.855342 0.044625 0.847782 0.044625
1 0.841734 0.060851 0.848286 0.060851 0.848286 0.075050 0.841734 0.075050
1 0.848287 0.073023 0.855343 0.073023 0.855343 0.085193 0.848287 0.085193
1 0.856855 0.179513 0.861391 0.179513 0.861391 0.193713 0.856855 0.193713
1 0.548386 0.109533 0.556451 0.109533 0.556451 0.128803 0.548386 0.128803
1 0.446068 0.211968 0.454133 0.211968 0.454133 0.227180 0.446068 0.227180
1 0.596270 0.397566 0.603326 0.397566 0.603326 0.410751 0.596270 0.410751
1 0.636593 0.219067 0.642137 0.219067 0.642137 0.230223 0.636593 0.230223
1 0.181452 0.154159 0.188508 0.154159 0.188508 0.170385 0.181452 0.170385
1 0.280242 0.154159 0.287298 0.154159 0.287298 0.167344 0.280242 0.167344
1 0.232863 0.689655 0.239919 0.689655 0.239919 0.703855 0.232863 0.703855
1 0.743952 0.545639 0.751008 0.545639 0.751008 0.563895 0.743952 0.563895
1 0.854838 0.498986 0.863912 0.498986 0.863912 0.514199 0.854838 0.514199
1 0.931451 0.108519 0.940525 0.108519 0.940525 0.125760 0.931451 0.125760
2 0.124495 0.289047 0.136089 0.289047 0.136089 0.310345 0.124495 0.310345
2 0.103831 0.658215 0.115928 0.658215 0.115928 0.684585 0.103831 0.684585
2 0.516632 0.385395 0.525706 0.385395 0.525706 0.404665 0.516632 0.404665
2 0.972782 0.034483 0.986391 0.034483 0.986391 0.062881 0.972782 0.062881
2 0.408267 0.206897 0.420868 0.206897 0.420868 0.231238 0.408267 0.231238
2 0.356351 0.372210 0.366432 0.372210 0.366432 0.396551 0.356351 0.396551
2 0.430947 0.340771 0.440020 0.340771 0.440020 0.363083 0.430947 0.363083
2 0.059476 0.162272 0.078124 0.162272 0.078124 0.185598 0.059476 0.185598
2 0.022177 0.296147 0.032258 0.296147 0.032258 0.313387 0.022177 0.313387
2 0.507057 0.768763 0.519154 0.768763 0.519154 0.789047 0.507057 0.789047
2 0.474295 0.356998 0.484376 0.356998 0.484376 0.376268 0.474295 0.376268
2 0.590726 0.554767 0.602318 0.554767 0.602318 0.577079 0.590726 0.577079
2 0.576612 0.500000 0.587198 0.500000 0.587198 0.517242 0.576612 0.517242
2 0.711693 0.433063 0.721774 0.433063 0.721774 0.455375 0.711693 0.455375
2 0.831653 0.195741 0.839718 0.195741 0.839718 0.220082 0.831653 0.220082
2 0.875000 0.084179 0.885081 0.084179 0.885081 0.100405 0.875000 0.100405
2 0.902217 0.073023 0.911291 0.073023 0.911291 0.098377 0.902217 0.098377
2 0.922378 0.248478 0.933971 0.248478 0.933971 0.266734 0.922378 0.266734
2 0.030242 0.705882 0.041834 0.705882 0.041834 0.726166 0.030242 0.726166
2 0.956654 0.030426 0.966230 0.030426 0.966230 0.056795 0.956654 0.056795
2 0.359878 0.425963 0.369959 0.425963 0.369959 0.446247 0.359878 0.446247
2 0.265624 0.414807 0.274194 0.414807 0.274194 0.444219 0.265624 0.444219
2 0.230342 0.386410 0.241935 0.386410 0.241935 0.407708 0.230342 0.407708
2 0.225303 0.414807 0.233872 0.414807 0.233872 0.443205 0.225303 0.443205
2 0.025706 0.596349 0.034779 0.596349 0.034779 0.614605 0.025706 0.614605
2 0.318549 0.781947 0.328125 0.781947 0.328125 0.801217 0.318549 0.801217
