1 0.466183 0.501404 0.516908 0.501404 0.516908 0.539326 0.466183 0.539326
1 0.509662 0.632023 0.560387 0.632023 0.560387 0.655899 0.509662 0.655899
1 0.294686 0.637640 0.376812 0.637640 0.376812 0.662922 0.294686 0.662922
1 0.111112 0.467697 0.149758 0.467697 0.149758 0.501405 0.111112 0.501405
1 0.036232 0.403090 0.082126 0.403090 0.082126 0.438202 0.036232 0.438202
1 0.415459 0.867978 0.454106 0.867978 0.454106 0.897472 0.415459 0.897472
1 0.799517 0.109550 0.842995 0.109550 0.842995 0.136236 0.799517 0.136236
1 0.359903 0.154495 0.398550 0.154495 0.398550 0.175562 0.359903 0.175562
3 0.222222 0.179775 0.388889 0.179775 0.388889 0.262640 0.222222 0.262640
3 0.379227 0.196630 0.483092 0.196630 0.483092 0.257022 0.379227 0.257022
3 0.444444 0.115169 0.572464 0.115169 0.572464 0.191012 0.444444 0.191012
3 0.528985 0.022472 0.654589 0.022472 0.654589 0.085674 0.528985 0.085674
3 0.582126 0.078651 0.688406 0.078651 0.688406 0.143259 0.582126 0.143259
3 0.681159 0.040730 0.797101 0.040730 0.797101 0.110955 0.681159 0.110955
3 0.169082 0.598314 0.285024 0.598314 0.285024 0.662922 0.169082 0.662922
3 0.268116 0.553370 0.391304 0.553370 0.391304 0.629214 0.268116 0.629214
3 0.108696 0.518258 0.236714 0.518258 0.236714 0.588483 0.108696 0.588483
3 0.217391 0.502810 0.314009 0.502810 0.314009 0.563202 0.217391 0.563202
3 0.311594 0.449438 0.422705 0.449438 0.422705 0.515450 0.311594 0.515450
3 0.253623 0.683988 0.376811 0.683988 0.376811 0.754213 0.253623 0.754213
3 0.038647 0.655899 0.164251 0.655899 0.164251 0.712079 0.038647 0.712079
3 0.166667 0.662921 0.260870 0.662921 0.260870 0.714887 0.166667 0.714887
3 0.393720 0.543539 0.528986 0.543539 0.528986 0.629213 0.393720 0.629213
3 0.437198 0.433989 0.553140 0.433989 0.553140 0.491573 0.437198 0.491573
3 0.473430 0.346910 0.606280 0.346910 0.606280 0.419944 0.473430 0.419944
3 0.712560 0.421349 0.828502 0.421349 0.828502 0.502810 0.712560 0.502810
3 0.524154 0.488763 0.618358 0.488763 0.618358 0.564607 0.524154 0.564607
3 0.217392 0.365168 0.321257 0.365168 0.321257 0.415730 0.217392 0.415730
3 0.384058 0.273876 0.500000 0.273876 0.500000 0.334269 0.384058 0.334269
3 0.615941 0.484551 0.719807 0.484551 0.719807 0.536517 0.615941 0.536517
3 0.543478 0.254213 0.669082 0.254213 0.669082 0.321629 0.543478 0.321629
3 0.606280 0.304775 0.712560 0.304775 0.712560 0.365169 0.606280 0.365169
3 0.690821 0.511235 0.787439 0.511235 0.787439 0.581460 0.690821 0.581460
3 0.256039 0.794944 0.439613 0.794944 0.439613 0.894662 0.256039 0.894662
3 0.466184 0.797752 0.603865 0.797752 0.603865 0.869381 0.466184 0.869381
3 0.403382 0.737359 0.514493 0.737359 0.514493 0.804775 0.403382 0.804775
3 0.782609 0.905899 0.908213 0.905899 0.908213 0.967697 0.782609 0.967697
3 0.154589 0.713483 0.282608 0.713483 0.282608 0.787921 0.154589 0.787921
3 0.543478 0.865169 0.681159 0.865169 0.681159 0.933989 0.543478 0.933989
3 0.884058 0.839887 0.997584 0.839887 0.997584 0.912921 0.884058 0.912921
3 0.451691 0.882023 0.555556 0.882023 0.555556 0.950843 0.451691 0.950843
3 0.473430 0.662922 0.596618 0.662922 0.596618 0.734550 0.473430 0.734550
3 0.577294 0.613763 0.695651 0.613763 0.695651 0.689607 0.577294 0.689607
3 0.729469 0.140450 0.852657 0.140450 0.852657 0.210674 0.729469 0.210674
3 0.852657 0.144663 0.958937 0.144663 0.958937 0.223315 0.852657 0.223315
3 0.840580 0.011236 0.961353 0.011236 0.961353 0.071629 0.840580 0.071629
3 0.606280 0.179775 0.717391 0.179775 0.717391 0.231741 0.606280 0.231741
3 0.818841 0.349719 0.920289 0.349719 0.920289 0.424157 0.818841 0.424157
3 0.625605 0.546348 0.717392 0.546348 0.717392 0.609550 0.625605 0.609550
3 0.183576 0.915731 0.311594 0.915731 0.311594 0.998595 0.183576 0.998595
3 0.074879 0.938202 0.183575 0.938202 0.183575 0.995786 0.074879 0.995786
3 0.099034 0.801966 0.222222 0.801966 0.222222 0.876404 0.099034 0.876404
3 0.579710 0.396068 0.683576 0.396068 0.683576 0.453652 0.579710 0.453652
3 0.065218 0.766853 0.157004 0.766853 0.157004 0.820225 0.065218 0.820225
3 0.359903 0.915731 0.487922 0.915731 0.487922 0.970506 0.359903 0.970506
3 0.695651 0.903089 0.809178 0.903089 0.809178 0.980337 0.695651 0.980337
