0 0.018241 0.002436 0.052575 0.002436 0.052575 0.032886 0.018241 0.032886
0 0.023604 0.038977 0.062231 0.038977 0.062231 0.068210 0.023604 0.068210
0 0.006437 0.052376 0.036480 0.052376 0.036480 0.088916 0.006437 0.088916
0 0.028969 0.068210 0.061159 0.068210 0.061159 0.104750 0.028969 0.104750
0 0.027897 0.109622 0.060086 0.109622 0.060086 0.140073 0.027897 0.140073
0 0.007511 0.125456 0.036481 0.125456 0.036481 0.157126 0.007511 0.157126
0 0.037554 0.144945 0.063304 0.144945 0.063304 0.172960 0.037554 0.172960
0 0.023605 0.176613 0.057940 0.176613 0.057940 0.203410 0.023605 0.203410
0 0.105150 0.168088 0.127682 0.168088 0.127682 0.194885 0.105150 0.194885
0 0.104077 0.110841 0.122317 0.110841 0.122317 0.130329 0.104077 0.130329
0 0.096567 0.133982 0.119099 0.133982 0.119099 0.158343 0.096567 0.158343
0 0.129828 0.091352 0.167382 0.091352 0.167382 0.129110 0.129828 0.129110
0 0.042918 0.218027 0.077254 0.218027 0.077254 0.252132 0.042918 0.252132
0 0.085837 0.248478 0.108369 0.248478 0.108369 0.288672 0.085837 0.288672
0 0.125536 0.220463 0.160944 0.220463 0.160944 0.249696 0.125536 0.249696
0 0.125536 0.191230 0.157726 0.191230 0.157726 0.221682 0.125536 0.221682
0 0.190988 0.176614 0.218885 0.176614 0.218885 0.205847 0.190988 0.205847
0 0.168455 0.161997 0.197425 0.161997 0.197425 0.196102 0.168455 0.196102
0 0.016095 0.293544 0.036481 0.293544 0.036481 0.316688 0.016095 0.316688
0 0.069742 0.253350 0.089055 0.253350 0.089055 0.281365 0.069742 0.281365
0 0.070816 0.295981 0.092275 0.295981 0.092275 0.316687 0.070816 0.316687
0 0.085837 0.319123 0.112661 0.319123 0.112661 0.338611 0.085837 0.338611
0 0.110515 0.287455 0.135193 0.287455 0.135193 0.313034 0.110515 0.313034
0 0.141631 0.275274 0.166309 0.275274 0.166309 0.305725 0.141631 0.305725
0 0.187768 0.270402 0.218884 0.270402 0.218884 0.297198 0.187768 0.297198
0 0.165236 0.297199 0.201716 0.297199 0.201716 0.315469 0.165236 0.315469
0 0.166309 0.258221 0.189914 0.258221 0.189914 0.291108 0.166309 0.291108
0 0.084764 0.342266 0.118026 0.342266 0.118026 0.371498 0.084764 0.371498
0 0.141631 0.372717 0.166309 0.372717 0.166309 0.412911 0.141631 0.412911
0 0.123391 0.389768 0.145923 0.389768 0.145923 0.428746 0.123391 0.428746
0 0.168454 0.319123 0.194206 0.319123 0.194206 0.336175 0.168454 0.336175
0 0.169527 0.338612 0.201717 0.338612 0.201717 0.394641 0.169527 0.394641
0 0.200644 0.349573 0.221030 0.349573 0.221030 0.375152 0.200644 0.375152
0 0.179185 0.371499 0.206009 0.371499 0.206009 0.409257 0.179185 0.409257
0 0.201717 0.383679 0.224249 0.383679 0.224249 0.426310 0.201717 0.426310
0 0.156652 0.412911 0.189914 0.412911 0.189914 0.454325 0.156652 0.454325
0 0.075108 0.371498 0.107297 0.371498 0.107297 0.400730 0.075108 0.400730
0 0.037554 0.388551 0.069742 0.388551 0.069742 0.421438 0.037554 0.421438
0 0.013949 0.427528 0.041846 0.427528 0.041846 0.460415 0.013949 0.460415
0 0.095494 0.410475 0.127683 0.410475 0.127683 0.455542 0.095494 0.455542
0 0.229614 0.392205 0.250000 0.392205 0.250000 0.425092 0.229614 0.425092
0 0.250001 0.388551 0.275751 0.388551 0.275751 0.417783 0.250001 0.417783
0 0.271460 0.359318 0.299356 0.359318 0.299356 0.401948 0.271460 0.401948
0 0.291846 0.349574 0.319742 0.349574 0.319742 0.389769 0.291846 0.389769
0 0.252146 0.428746 0.286481 0.428746 0.286481 0.447016 0.252146 0.447016
0 0.333692 0.383679 0.359442 0.383679 0.359442 0.404385 0.333692 0.404385
0 0.334764 0.341048 0.365880 0.341048 0.365880 0.378806 0.334764 0.378806
0 0.348713 0.261875 0.376609 0.261875 0.376609 0.298417 0.348713 0.298417
0 0.092275 0.012180 0.115879 0.012180 0.115879 0.035324 0.092275 0.035324
0 0.133047 0.006091 0.154506 0.006091 0.154506 0.042632 0.133047 0.042632
0 0.145923 0.037759 0.173820 0.037759 0.173820 0.064556 0.145923 0.064556
0 0.158798 0.008525 0.174892 0.008525 0.174892 0.035322 0.158798 0.035322
0 0.184549 0.024361 0.215665 0.024361 0.215665 0.056030 0.184549 0.056030
0 0.214592 0.057247 0.242489 0.057247 0.242489 0.088916 0.214592 0.088916
0 0.185622 0.063338 0.219958 0.063338 0.219958 0.108405 0.185622 0.108405
0 0.283261 0.098660 0.302575 0.098660 0.302575 0.120584 0.283261 0.120584
0 0.257511 0.092569 0.285407 0.092569 0.285407 0.123021 0.257511 0.123021
0 0.270387 0.063337 0.293992 0.063337 0.293992 0.093788 0.270387 0.093788
0 0.327253 0.126674 0.346566 0.126674 0.346566 0.175396 0.327253 0.175396
0 0.357297 0.142510 0.378756 0.142510 0.378756 0.183922 0.357297 0.183922
0 0.305793 0.004873 0.335837 0.004873 0.335837 0.048722 0.305793 0.048722
0 0.246781 0.023143 0.273605 0.023143 0.273605 0.056030 0.246781 0.056030
0 0.362661 0.030451 0.387339 0.030451 0.387339 0.059684 0.362661 0.059684
0 0.399142 0.036541 0.423820 0.036541 0.423820 0.064556 0.399142 0.064556
0 0.388412 0.023143 0.409871 0.023143 0.409871 0.045067 0.388412 0.045067
0 0.400215 0.070645 0.428111 0.070645 0.428111 0.099879 0.400215 0.099879
0 0.432403 0.069428 0.459227 0.069428 0.459227 0.108404 0.432403 0.108404
0 0.451717 0.028014 0.479613 0.028014 0.479613 0.059684 0.451717 0.059684
0 0.409871 0.002436 0.439915 0.002436 0.439915 0.020706 0.409871 0.020706
0 0.432403 0.120584 0.465665 0.120584 0.465665 0.148599 0.432403 0.148599
0 0.433476 0.146164 0.464592 0.146164 0.464592 0.175397 0.433476 0.175397
0 0.432403 0.177832 0.459227 0.177832 0.459227 0.207065 0.432403 0.207065
0 0.429184 0.204629 0.460300 0.204629 0.460300 0.241170 0.429184 0.241170
0 0.420601 0.226553 0.445279 0.226553 0.445279 0.246041 0.420601 0.246041
0 0.402361 0.194885 0.427039 0.194885 0.427039 0.231426 0.402361 0.231426
0 0.391631 0.255785 0.429185 0.255785 0.429185 0.294763 0.391631 0.294763
0 0.469957 0.224117 0.486051 0.224117 0.486051 0.241169 0.469957 0.241169
0 0.466739 0.174178 0.498928 0.174178 0.498928 0.213154 0.466739 0.213154
0 0.373391 0.337394 0.399141 0.337394 0.399141 0.383679 0.373391 0.383679
0 0.359442 0.392205 0.388412 0.392205 0.388412 0.420220 0.359442 0.420220
0 0.350859 0.426310 0.378755 0.426310 0.378755 0.451889 0.350859 0.451889
0 0.403434 0.406820 0.433477 0.406820 0.433477 0.445798 0.403434 0.445798
0 0.437768 0.389768 0.471030 0.389768 0.471030 0.423874 0.437768 0.423874
0 0.400214 0.356881 0.433476 0.356881 0.433476 0.393423 0.400214 0.393423
0 0.404507 0.330085 0.432403 0.330085 0.432403 0.358100 0.404507 0.358100
0 0.445279 0.316687 0.468884 0.316687 0.468884 0.345919 0.445279 0.345919
0 0.533262 0.321558 0.560086 0.321558 0.560086 0.352009 0.533262 0.352009
0 0.568670 0.288672 0.603005 0.288672 0.603005 0.313033 0.568670 0.313033
0 0.578326 0.259440 0.612661 0.259440 0.612661 0.288672 0.578326 0.288672
0 0.476394 0.276492 0.508583 0.276492 0.508583 0.299635 0.476394 0.299635
0 0.504292 0.221681 0.531116 0.221681 0.531116 0.253350 0.504292 0.253350
0 0.531115 0.214372 0.559013 0.214372 0.559013 0.241170 0.531115 0.241170
0 0.575107 0.224116 0.597639 0.224116 0.597639 0.257003 0.575107 0.257003
0 0.563304 0.170524 0.589056 0.170524 0.589056 0.211936 0.563304 0.211936
0 0.517168 0.003654 0.549357 0.003654 0.549357 0.026797 0.517168 0.026797
0 0.487124 0.021924 0.520386 0.021924 0.520386 0.047504 0.487124 0.047504
0 0.484978 0.053594 0.516094 0.053594 0.516094 0.086481 0.484978 0.086481
0 0.515022 0.058465 0.533262 0.058465 0.533262 0.085262 0.515022 0.085262
0 0.486051 0.086480 0.518240 0.086480 0.518240 0.116931 0.486051 0.116931
0 0.520386 0.084043 0.547210 0.084043 0.547210 0.112059 0.520386 0.112059
0 0.511802 0.110841 0.537554 0.110841 0.537554 0.133984 0.511802 0.133984
0 0.545064 0.114494 0.574034 0.114494 0.574034 0.143728 0.545064 0.143728
0 0.537554 0.029232 0.569743 0.029232 0.569743 0.081607 0.537554 0.081607
0 0.575107 0.051157 0.606223 0.051157 0.606223 0.095006 0.575107 0.095006
0 0.605150 0.070645 0.638412 0.070645 0.638412 0.107186 0.605150 0.107186
0 0.574034 0.110841 0.600858 0.110841 0.600858 0.133984 0.574034 0.133984
0 0.629829 0.118149 0.649141 0.118149 0.649141 0.143728 0.629829 0.143728
0 0.615880 0.006089 0.642704 0.006089 0.642704 0.032886 0.615880 0.032886
0 0.644850 0.008527 0.675966 0.008527 0.675966 0.037760 0.644850 0.037760
0 0.657725 0.071863 0.683477 0.071863 0.683477 0.101097 0.657725 0.101097
0 0.682404 0.085262 0.704936 0.085262 0.704936 0.115713 0.682404 0.115713
0 0.694207 0.024361 0.715665 0.024361 0.715665 0.049940 0.694207 0.049940
0 0.719957 0.082825 0.738197 0.082825 0.738197 0.112059 0.719957 0.112059
0 0.298283 0.049939 0.315451 0.049939 0.315451 0.073082 0.298283 0.073082
0 0.284335 0.029233 0.302575 0.029233 0.302575 0.052375 0.284335 0.052375
0 0.688841 0.112058 0.722103 0.112058 0.722103 0.154689 0.688841 0.154689
0 0.702790 0.157126 0.738198 0.157126 0.738198 0.193666 0.702790 0.193666
0 0.639486 0.253350 0.660944 0.253350 0.660944 0.288672 0.639486 0.288672
0 0.644849 0.298416 0.674893 0.298416 0.674893 0.323995 0.644849 0.323995
0 0.680258 0.253350 0.704936 0.253350 0.704936 0.288672 0.680258 0.288672
0 0.699570 0.302071 0.733905 0.302071 0.733905 0.334958 0.699570 0.334958
0 0.739270 0.037759 0.762876 0.037759 0.762876 0.070645 0.739270 0.070645
0 0.577253 0.003654 0.609442 0.003654 0.609442 0.036541 0.577253 0.036541
0 0.747854 0.070645 0.784335 0.070645 0.784335 0.116930 0.747854 0.116930
0 0.774678 0.025578 0.806867 0.025578 0.806867 0.069428 0.774678 0.069428
0 0.824034 0.064556 0.850858 0.064556 0.850858 0.095007 0.824034 0.095007
0 0.805793 0.087697 0.837982 0.087697 0.837982 0.121802 0.805793 0.121802
0 0.848712 0.043848 0.877682 0.043848 0.877682 0.079172 0.848712 0.079172
0 0.855150 0.006089 0.878756 0.006089 0.878756 0.031669 0.855150 0.031669
0 0.807940 0.127892 0.869098 0.127892 0.869098 0.163215 0.807940 0.163215
0 0.811159 0.157126 0.828325 0.157126 0.828325 0.175396 0.811159 0.175396
0 0.786481 0.177832 0.820816 0.177832 0.820816 0.203411 0.786481 0.203411
0 0.802574 0.198538 0.836909 0.198538 0.836909 0.222900 0.802574 0.222900
0 0.746782 0.210719 0.788627 0.210719 0.788627 0.237516 0.746782 0.237516
0 0.809013 0.224116 0.835837 0.224116 0.835837 0.250914 0.809013 0.250914
0 0.874463 0.192448 0.905579 0.192448 0.905579 0.218028 0.874463 0.218028
0 0.883047 0.224116 0.914163 0.224116 0.914163 0.248478 0.883047 0.248478
0 0.953863 0.172959 0.984979 0.172959 0.984979 0.205846 0.953863 0.205846
0 0.936696 0.192448 0.953862 0.192448 0.953862 0.207064 0.936696 0.207064
0 0.978541 0.154690 0.998927 0.154690 0.998927 0.186359 0.978541 0.186359
0 0.706009 0.264312 0.727467 0.264312 0.727467 0.288672 0.706009 0.288672
0 0.743563 0.309379 0.782189 0.309379 0.782189 0.337394 0.743563 0.337394
0 0.796137 0.298417 0.829399 0.298417 0.829399 0.325213 0.796137 0.325213
0 0.765022 0.242387 0.795065 0.242387 0.795065 0.277710 0.765022 0.277710
0 0.833691 0.243605 0.876609 0.243605 0.876609 0.292326 0.833691 0.292326
0 0.839056 0.288672 0.870172 0.288672 0.870172 0.322778 0.839056 0.322778
0 0.883047 0.249696 0.918455 0.249696 0.918455 0.277711 0.883047 0.277711
0 0.945279 0.237515 0.972103 0.237515 0.972103 0.272838 0.945279 0.272838
0 0.953862 0.267965 0.983905 0.267965 0.983905 0.306943 0.953862 0.306943
0 0.967811 0.298416 0.996781 0.298416 0.996781 0.332522 0.967811 0.332522
0 0.925965 0.281365 0.953863 0.281365 0.953863 0.319124 0.925965 0.319124
0 0.833691 0.317905 0.874463 0.317905 0.874463 0.339829 0.833691 0.339829
0 0.801502 0.325213 0.836910 0.325213 0.836910 0.347137 0.801502 0.347137
0 0.810085 0.352010 0.833691 0.352010 0.833691 0.376370 0.810085 0.376370
0 0.844421 0.376370 0.872318 0.376370 0.872318 0.411693 0.844421 0.411693
0 0.866953 0.386115 0.899142 0.386115 0.899142 0.421438 0.866953 0.421438
0 0.935622 0.356882 0.958154 0.356882 0.958154 0.392205 0.935622 0.392205
0 0.950644 0.404385 0.975322 0.404385 0.975322 0.444580 0.950644 0.444580
0 0.922746 0.384897 0.948497 0.384897 0.948497 0.420220 0.922746 0.420220
0 0.791845 0.422655 0.829399 0.422655 0.829399 0.456761 0.791845 0.456761
0 0.797210 0.399512 0.828326 0.399512 0.828326 0.425092 0.797210 0.425092
0 0.772532 0.387332 0.810086 0.387332 0.810086 0.421438 0.772532 0.421438
0 0.745708 0.415347 0.785408 0.415347 0.785408 0.444579 0.745708 0.444579
0 0.730687 0.341048 0.768241 0.341048 0.768241 0.378806 0.730687 0.378806
0 0.756437 0.354446 0.797210 0.354446 0.797210 0.399512 0.756437 0.399512
0 0.612661 0.408039 0.669528 0.408039 0.669528 0.445798 0.612661 0.445798
0 0.622317 0.448234 0.659871 0.448234 0.659871 0.477466 0.622317 0.477466
0 0.663091 0.432399 0.693134 0.432399 0.693134 0.473813 0.663091 0.473813
0 0.718884 0.442143 0.755364 0.442143 0.755364 0.476249 0.718884 0.476249
0 0.524678 0.398294 0.563304 0.398294 0.563304 0.429964 0.524678 0.429964
0 0.551502 0.412911 0.582618 0.412911 0.582618 0.450670 0.551502 0.450670
0 0.475322 0.416566 0.515022 0.416566 0.515022 0.456761 0.475322 0.456761
0 0.877682 0.028014 0.902360 0.028014 0.902360 0.059684 0.877682 0.059684
0 0.900214 0.008526 0.925965 0.008526 0.925965 0.036541 0.900214 0.036541
0 0.953863 0.488429 0.989271 0.488429 0.989271 0.523752 0.953863 0.523752
0 0.920600 0.478685 0.948497 0.478685 0.948497 0.504263 0.920600 0.504263
0 0.906652 0.505481 0.952790 0.505481 0.952790 0.543241 0.906652 0.543241
0 0.810086 0.532278 0.863734 0.532278 0.863734 0.587089 0.810086 0.587089
0 0.843348 0.453106 0.888412 0.453106 0.888412 0.501827 0.843348 0.501827
0 0.899142 0.422656 0.935623 0.422656 0.935623 0.448235 0.899142 0.448235
0 0.770387 0.464068 0.812231 0.464068 0.812231 0.496955 0.770387 0.496955
0 0.788627 0.479902 0.825107 0.479902 0.825107 0.521315 0.788627 0.521315
0 0.748927 0.505482 0.777897 0.505482 0.777897 0.542022 0.748927 0.542022
0 0.760730 0.551767 0.801503 0.551767 0.801503 0.591962 0.760730 0.591962
0 0.729613 0.560292 0.757510 0.560292 0.757510 0.594398 0.729613 0.594398
0 0.704936 0.526187 0.733906 0.526187 0.733906 0.560292 0.704936 0.560292
0 0.718884 0.504263 0.745708 0.504263 0.745708 0.535932 0.718884 0.535932
0 0.708155 0.477467 0.742490 0.477467 0.742490 0.501827 0.708155 0.501827
0 0.950644 0.609013 0.979614 0.609013 0.979614 0.640682 0.950644 0.640682
0 0.847639 0.615104 0.875537 0.615104 0.875537 0.658953 0.847639 0.658953
0 0.752147 0.657734 0.773605 0.657734 0.773605 0.686968 0.752147 0.686968
0 0.789700 0.713763 0.820816 0.713763 0.820816 0.755176 0.789700 0.755176
0 0.802575 0.683312 0.837983 0.683312 0.837983 0.717418 0.802575 0.717418
0 0.824035 0.717418 0.869099 0.717418 0.869099 0.771011 0.824035 0.771011
0 0.889485 0.711328 0.917382 0.711328 0.917382 0.745433 0.889485 0.745433
0 0.901288 0.677223 0.971030 0.677223 0.971030 0.710109 0.901288 0.710109
0 0.951716 0.716199 0.990343 0.716199 0.990343 0.752740 0.951716 0.752740
0 0.914163 0.756395 0.951717 0.756395 0.951717 0.788064 0.914163 0.788064
0 0.943133 0.774664 0.971031 0.774664 0.971031 0.809987 0.943133 0.809987
0 0.971030 0.762485 0.995708 0.762485 0.995708 0.780755 0.971030 0.780755
0 0.972103 0.781973 0.998927 0.781973 0.998927 0.830695 0.972103 0.830695
0 0.837982 0.795372 0.874463 0.795372 0.874463 0.817296 0.837982 0.817296
0 0.811159 0.778319 0.850859 0.778319 0.850859 0.801461 0.811159 0.801461
0 0.935623 0.824605 0.969958 0.824605 0.969958 0.879416 0.935623 0.879416
0 0.945279 0.943971 0.979614 0.943971 0.979614 0.975639 0.945279 0.975639
0 0.918454 0.881852 0.950643 0.881852 0.950643 0.920829 0.918454 0.920829
0 0.946352 0.908648 0.986052 0.908648 0.986052 0.943971 0.946352 0.943971
0 0.908798 0.851401 0.927038 0.851401 0.927038 0.896467 0.908798 0.896467
0 0.886266 0.818514 0.919528 0.818514 0.919528 0.862363 0.886266 0.862363
0 0.891632 0.889159 0.908798 0.889159 0.908798 0.920828 0.891632 0.920828
0 0.863734 0.903776 0.894850 0.903776 0.894850 0.936662 0.863734 0.936662
0 0.861588 0.936663 0.890558 0.936663 0.890558 0.959805 0.861588 0.959805
0 0.848712 0.858709 0.872318 0.858709 0.872318 0.879415 0.848712 0.879415
0 0.843348 0.884288 0.876610 0.884288 0.876610 0.918393 0.843348 0.918393
0 0.868026 0.868453 0.894850 0.868453 0.894850 0.896467 0.868026 0.896467
0 0.822961 0.846529 0.851931 0.846529 0.851931 0.904994 0.822961 0.904994
0 0.798283 0.856272 0.824035 0.856272 0.824035 0.890378 0.798283 0.890378
0 0.793991 0.818515 0.818669 0.818515 0.818669 0.864799 0.793991 0.864799
0 0.767168 0.822167 0.787554 0.822167 0.787554 0.846529 0.767168 0.846529
0 0.721030 0.746650 0.756438 0.746650 0.756438 0.784410 0.721030 0.784410
0 0.696352 0.707673 0.728541 0.707673 0.728541 0.741779 0.696352 0.741779
0 0.672747 0.682095 0.706009 0.682095 0.706009 0.710109 0.672747 0.710109
0 0.685623 0.655299 0.729613 0.655299 0.729613 0.684532 0.685623 0.684532
0 0.733906 0.803898 0.760730 0.803898 0.760730 0.845310 0.733906 0.845310
0 0.724249 0.824605 0.753219 0.824605 0.753219 0.861146 0.724249 0.861146
0 0.685623 0.779537 0.722104 0.779537 0.722104 0.823387 0.685623 0.823387
0 0.623390 0.758830 0.660944 0.758830 0.660944 0.801462 0.623390 0.801462
0 0.601931 0.736906 0.630901 0.736906 0.630901 0.769794 0.601931 0.769794
0 0.786480 0.928136 0.810086 0.928136 0.810086 0.965896 0.786480 0.965896
0 0.805794 0.924482 0.832618 0.924482 0.832618 0.961023 0.805794 0.961023
0 0.810086 0.968332 0.844421 0.968332 0.844421 0.992693 0.810086 0.992693
0 0.870171 0.974422 0.904506 0.974422 0.904506 0.992692 0.870171 0.992692
0 0.737125 0.906212 0.775752 0.906212 0.775752 0.956151 0.737125 0.956151
0 0.747854 0.956151 0.770386 0.956151 0.770386 0.985384 0.747854 0.985384
0 0.723176 0.950060 0.742489 0.950060 0.742489 0.993910 0.723176 0.993910
0 0.663090 0.947624 0.696352 0.947624 0.696352 0.995128 0.663090 0.995128
0 0.607297 0.929354 0.639486 0.929354 0.639486 0.979293 0.607297 0.979293
0 0.640558 0.836785 0.668455 0.836785 0.668455 0.873325 0.640558 0.873325
0 0.571888 0.933009 0.600858 0.933009 0.600858 0.969549 0.571888 0.969549
0 0.575107 0.803898 0.608369 0.803898 0.608369 0.845310 0.575107 0.845310
0 0.608369 0.805115 0.639485 0.805115 0.639485 0.842875 0.608369 0.842875
0 0.508584 0.974422 0.553648 0.974422 0.553648 0.995128 0.508584 0.995128
0 0.504292 0.939099 0.541846 0.939099 0.541846 0.971985 0.504292 0.971985
0 0.521459 0.881852 0.554721 0.881852 0.554721 0.908648 0.521459 0.908648
0 0.474249 0.900122 0.518240 0.900122 0.518240 0.925701 0.474249 0.925701
0 0.486051 0.873324 0.520386 0.873324 0.520386 0.897686 0.486051 0.897686
0 0.386267 0.958587 0.430258 0.958587 0.430258 0.995127 0.386267 0.995127
0 0.446352 0.907429 0.475322 0.907429 0.475322 0.953714 0.446352 0.953714
0 0.533262 0.758830 0.564378 0.758830 0.564378 0.791718 0.533262 0.791718
0 0.556867 0.728379 0.592275 0.728379 0.592275 0.763702 0.556867 0.763702
0 0.607297 0.693057 0.655580 0.693057 0.655580 0.718637 0.607297 0.718637
0 0.494635 0.778319 0.527897 0.778319 0.527897 0.816079 0.494635 0.816079
0 0.416309 0.869671 0.445279 0.869671 0.445279 0.900122 0.416309 0.900122
0 0.393776 0.839221 0.428111 0.839221 0.428111 0.864800 0.393776 0.864800
0 0.371245 0.788063 0.407726 0.788063 0.407726 0.830695 0.371245 0.830695
0 0.408798 0.774664 0.438841 0.774664 0.438841 0.809987 0.408798 0.809987
0 0.354077 0.936662 0.389485 0.936662 0.389485 0.961024 0.354077 0.961024
0 0.354077 0.903776 0.388412 0.903776 0.388412 0.930573 0.354077 0.930573
0 0.313304 0.968332 0.359441 0.968332 0.359441 0.993911 0.313304 0.993911
0 0.478541 0.739343 0.511803 0.739343 0.511803 0.783192 0.478541 0.783192
0 0.511803 0.723507 0.540773 0.723507 0.540773 0.775883 0.511803 0.775883
0 0.463520 0.694276 0.511803 0.694276 0.511803 0.719855 0.463520 0.719855
0 0.407725 0.678441 0.447425 0.678441 0.447425 0.723507 0.407725 0.723507
0 0.340129 0.708892 0.376609 0.708892 0.376609 0.745432 0.340129 0.745432
0 0.360515 0.742996 0.386266 0.742996 0.386266 0.781973 0.360515 0.781973
0 0.333691 0.747869 0.355150 0.747869 0.355150 0.766139 0.333691 0.766139
0 0.357296 0.676005 0.377682 0.676005 0.377682 0.701584 0.357296 0.701584
0 0.625537 0.552984 0.668455 0.552984 0.668455 0.596834 0.625537 0.596834
0 0.619098 0.539585 0.649142 0.539585 0.649142 0.565164 0.619098 0.565164
0 0.571888 0.683312 0.607296 0.683312 0.607296 0.713763 0.571888 0.713763
0 0.533261 0.683312 0.565450 0.683312 0.565450 0.706455 0.533261 0.706455
0 0.626609 0.598050 0.655579 0.598050 0.655579 0.622412 0.626609 0.622412
0 0.601931 0.610231 0.634120 0.610231 0.634120 0.652863 0.601931 0.652863
0 0.587982 0.650427 0.620171 0.650427 0.620171 0.676006 0.587982 0.676006
0 0.554721 0.650427 0.587983 0.650427 0.587983 0.676006 0.554721 0.676006
0 0.571888 0.607796 0.597639 0.607796 0.597639 0.643119 0.571888 0.643119
0 0.495708 0.639464 0.526824 0.639464 0.526824 0.667478 0.495708 0.667478
0 0.500000 0.612668 0.539700 0.612668 0.539700 0.639464 0.500000 0.639464
0 0.460301 0.634591 0.492490 0.634591 0.492490 0.658953 0.460301 0.658953
0 0.460300 0.596832 0.489270 0.596832 0.489270 0.628501 0.460300 0.628501
0 0.484979 0.573691 0.513949 0.573691 0.513949 0.606577 0.484979 0.606577
0 0.557940 0.490865 0.587983 0.490865 0.587983 0.526188 0.557940 0.526188
0 0.574035 0.507918 0.604078 0.507918 0.604078 0.540804 0.574035 0.540804
0 0.527897 0.482339 0.559013 0.482339 0.559013 0.514007 0.527897 0.514007
0 0.493562 0.509136 0.522532 0.509136 0.522532 0.540805 0.493562 0.540805
0 0.488197 0.457979 0.519313 0.457979 0.519313 0.498173 0.488197 0.498173
0 0.439914 0.464068 0.475322 0.464068 0.475322 0.500610 0.439914 0.500610
0 0.430258 0.548112 0.462447 0.548112 0.462447 0.584653 0.430258 0.584653
0 0.437769 0.528624 0.467812 0.528624 0.467812 0.556638 0.437769 0.556638
0 0.403434 0.512790 0.437769 0.512790 0.437769 0.549330 0.403434 0.549330
0 0.404506 0.455543 0.443133 0.455543 0.443133 0.511572 0.404506 0.511572
0 0.394850 0.591961 0.432404 0.591961 0.432404 0.617540 0.394850 0.617540
0 0.393777 0.551767 0.422747 0.551767 0.422747 0.584653 0.393777 0.584653
0 0.300429 0.556639 0.341201 0.556639 0.341201 0.593179 0.300429 0.593179
0 0.325107 0.596833 0.357297 0.596833 0.357297 0.624848 0.325107 0.624848
0 0.325107 0.535932 0.346566 0.535932 0.346566 0.562728 0.325107 0.562728
0 0.321888 0.493300 0.354077 0.493300 0.354077 0.527405 0.321888 0.527405
0 0.281116 0.520097 0.307940 0.520097 0.307940 0.554203 0.281116 0.554203
0 0.248927 0.451887 0.293991 0.451887 0.293991 0.494518 0.248927 0.494518
0 0.192059 0.443361 0.232832 0.443361 0.232832 0.479903 0.192059 0.479903
0 0.177039 0.475031 0.222103 0.475031 0.222103 0.512790 0.177039 0.512790
0 0.128756 0.476249 0.171674 0.476249 0.171674 0.500610 0.128756 0.500610
0 0.025752 0.459196 0.080473 0.459196 0.080473 0.485992 0.025752 0.485992
0 0.047210 0.432400 0.080472 0.432400 0.080472 0.447016 0.047210 0.447016
0 0.027897 0.496954 0.081545 0.496954 0.081545 0.531060 0.027897 0.531060
0 0.098712 0.499391 0.118025 0.499391 0.118025 0.518879 0.098712 0.518879
0 0.123390 0.514008 0.151287 0.514008 0.151287 0.537150 0.123390 0.537150
0 0.126609 0.532278 0.145923 0.532278 0.145923 0.568819 0.126609 0.568819
0 0.036481 0.551766 0.069743 0.551766 0.069743 0.590743 0.036481 0.590743
0 0.057940 0.568819 0.082618 0.568819 0.082618 0.604141 0.057940 0.604141
0 0.068670 0.598051 0.094421 0.598051 0.094421 0.624848 0.068670 0.624848
0 0.013949 0.578562 0.039699 0.578562 0.039699 0.612668 0.013949 0.612668
0 0.063305 0.671133 0.094421 0.671133 0.094421 0.697929 0.063305 0.697929
0 0.037553 0.712545 0.077253 0.712545 0.077253 0.751522 0.037553 0.751522
0 0.034335 0.751523 0.055793 0.751523 0.055793 0.773447 0.034335 0.773447
0 0.075107 0.769793 0.092275 0.769793 0.092275 0.790499 0.075107 0.790499
0 0.085836 0.713763 0.118025 0.713763 0.118025 0.753958 0.085836 0.753958
0 0.110515 0.750305 0.134121 0.750305 0.134121 0.799026 0.110515 0.799026
0 0.128755 0.701584 0.168455 0.701584 0.168455 0.760049 0.128755 0.760049
0 0.152361 0.741778 0.177039 0.741778 0.177039 0.779537 0.152361 0.779537
0 0.185622 0.699147 0.211374 0.699147 0.211374 0.728380 0.185622 0.728380
0 0.266095 0.791717 0.300430 0.791717 0.300430 0.825823 0.266095 0.825823
0 0.239270 0.711328 0.261802 0.711328 0.261802 0.750305 0.239270 0.750305
0 0.238198 0.778319 0.259657 0.778319 0.259657 0.796589 0.238198 0.796589
0 0.237125 0.619975 0.271460 0.619975 0.271460 0.657734 0.237125 0.657734
0 0.212447 0.647990 0.242489 0.647990 0.242489 0.690621 0.212447 0.690621
0 0.187768 0.661388 0.223176 0.661388 0.223176 0.700365 0.187768 0.700365
0 0.143777 0.651645 0.174893 0.651645 0.174893 0.688186 0.143777 0.688186
0 0.254292 0.551767 0.286481 0.551767 0.286481 0.584653 0.254292 0.584653
0 0.232832 0.528624 0.265022 0.528624 0.265022 0.562729 0.232832 0.562729
0 0.199571 0.529841 0.230687 0.529841 0.230687 0.572473 0.199571 0.572473
0 0.127682 0.582217 0.166309 0.582217 0.166309 0.617540 0.127682 0.617540
0 0.196352 0.570036 0.233906 0.570036 0.233906 0.609013 0.196352 0.609013
0 0.151287 0.565164 0.190987 0.565164 0.190987 0.595615 0.151287 0.595615
0 0.156652 0.537149 0.185622 0.537149 0.185622 0.561511 0.156652 0.561511
0 0.260730 0.691840 0.290773 0.691840 0.290773 0.722291 0.260730 0.722291
0 0.330472 0.466504 0.357296 0.466504 0.357296 0.494520 0.330472 0.494520
0 0.372317 0.478685 0.389485 0.478685 0.389485 0.495737 0.372317 0.495737
0 0.062232 0.051156 0.084764 0.051156 0.084764 0.081607 0.062232 0.081607
0 0.095493 0.086480 0.108369 0.086480 0.108369 0.099878 0.095493 0.099878
0 0.223176 0.185139 0.246781 0.185139 0.246781 0.214372 0.223176 0.214372
0 0.209228 0.126674 0.239270 0.126674 0.239270 0.161997 0.209228 0.161997
0 0.376610 0.181485 0.404506 0.181485 0.404506 0.215590 0.376610 0.215590
0 0.346566 0.082825 0.383047 0.082825 0.383047 0.113277 0.346566 0.113277
0 0.298284 0.886723 0.336911 0.886723 0.336911 0.917175 0.298284 0.917175
0 0.334763 0.881852 0.369098 0.881852 0.369098 0.913520 0.334763 0.913520
0 0.298283 0.862363 0.333691 0.862363 0.333691 0.890377 0.298283 0.890377
0 0.304721 0.811206 0.343347 0.811206 0.343347 0.841657 0.304721 0.841657
0 0.266094 0.889159 0.303648 0.889159 0.303648 0.912302 0.266094 0.912302
0 0.282188 0.857490 0.312231 0.857490 0.312231 0.890378 0.282188 0.890378
0 0.202790 0.838003 0.219956 0.838003 0.219956 0.859927 0.202790 0.859927
0 0.181331 0.857490 0.226395 0.857490 0.226395 0.891595 0.181331 0.891595
0 0.183476 0.876980 0.216738 0.876980 0.216738 0.900122 0.183476 0.900122
0 0.186695 0.900122 0.214592 0.900122 0.214592 0.922046 0.186695 0.922046
0 0.148069 0.850182 0.166309 0.850182 0.166309 0.887942 0.148069 0.887942
0 0.096566 0.835566 0.128755 0.835566 0.128755 0.867235 0.096566 0.867235
0 0.127683 0.863580 0.144849 0.863580 0.144849 0.889159 0.127683 0.889159
0 0.075107 0.895250 0.098713 0.895250 0.098713 0.912302 0.075107 0.912302
0 0.053648 0.891596 0.077254 0.891596 0.077254 0.907430 0.053648 0.907430
0 0.039699 0.881852 0.063304 0.881852 0.063304 0.902558 0.039699 0.902558
0 0.025751 0.890378 0.038627 0.890378 0.038627 0.900122 0.025751 0.900122
0 0.031115 0.918392 0.059013 0.918392 0.059013 0.936662 0.031115 0.936662
0 0.083691 0.917174 0.101931 0.917174 0.101931 0.926918 0.083691 0.926918
0 0.099786 0.902558 0.144850 0.902558 0.144850 0.923264 0.099786 0.923264
0 0.141631 0.918392 0.184549 0.918392 0.184549 0.961024 0.141631 0.961024
0 0.024678 0.981730 0.054721 0.981730 0.054721 0.998782 0.024678 0.998782
0 0.003218 0.658953 0.041846 0.658953 0.041846 0.686967 0.003218 0.686967
0 0.062232 0.627283 0.092275 0.627283 0.092275 0.658952 0.062232 0.658952
0 0.002146 0.328867 0.020386 0.328867 0.020386 0.359318 0.002146 0.359318
0 0.006438 0.270402 0.025751 0.270402 0.025751 0.292326 0.006438 0.292326
0 0.222103 0.334957 0.242489 0.334957 0.242489 0.376370 0.222103 0.376370
0 0.121244 0.321558 0.140558 0.321558 0.140558 0.352009 0.121244 0.352009
0 0.789699 0.003654 0.817597 0.003654 0.817597 0.026797 0.789699 0.026797
0 0.745709 0.639463 0.767168 0.639463 0.767168 0.669914 0.745709 0.669914
0 0.700643 0.638246 0.730687 0.638246 0.730687 0.661388 0.700643 0.661388
0 0.664163 0.649208 0.687769 0.649208 0.687769 0.674787 0.664163 0.674787
0 0.752146 0.702802 0.785408 0.702802 0.785408 0.734471 0.752146 0.734471
0 0.908799 0.588307 0.947426 0.588307 0.947426 0.616321 0.908799 0.616321
0 0.921674 0.616321 0.948498 0.616321 0.948498 0.649209 0.921674 0.649209
0 0.520386 0.583434 0.543992 0.583434 0.543992 0.607796 0.520386 0.607796
0 0.763948 0.767356 0.791845 0.767356 0.791845 0.796590 0.763948 0.796590
0 0.659871 0.755177 0.693133 0.755177 0.693133 0.791717 0.659871 0.791717
0 0.695280 0.853836 0.716738 0.853836 0.716738 0.878198 0.695280 0.878198
0 0.523605 0.812424 0.543991 0.812424 0.543991 0.844093 0.523605 0.844093
0 0.532189 0.838002 0.556867 0.838002 0.556867 0.875762 0.532189 0.875762
0 0.436695 0.838002 0.459227 0.838002 0.459227 0.870890 0.436695 0.870890
0 0.445279 0.814859 0.481760 0.814859 0.481760 0.845310 0.445279 0.845310
0 0.123391 0.449452 0.145923 0.449452 0.145923 0.476248 0.123391 0.476248
0 0.589056 0.170523 0.610514 0.170523 0.610514 0.207064 0.589056 0.207064
0 0.620172 0.224116 0.640558 0.224116 0.640558 0.249696 0.620172 0.249696
0 0.209227 0.811206 0.251072 0.811206 0.251072 0.847746 0.209227 0.847746
0 0.238197 0.846528 0.275751 0.846528 0.275751 0.889159 0.238197 0.889159
0 0.439914 0.761266 0.471030 0.761266 0.471030 0.799026 0.439914 0.799026
0 0.747854 0.266748 0.772532 0.266748 0.772532 0.293544 0.747854 0.293544
