0 0.045215 0.006870 0.094637 0.006870 0.094637 0.049618 0.045215 0.049618
0 0.235541 0.002290 0.276550 0.002290 0.276550 0.028244 0.235541 0.028244
0 0.144059 0.093893 0.196635 0.093893 0.196635 0.125191 0.144059 0.125191
0 0.085173 0.203054 0.126183 0.203054 0.126183 0.231298 0.085173 0.231298
0 0.029443 0.301527 0.068349 0.301527 0.068349 0.325191 0.029443 0.325191
0 0.011567 0.412213 0.059937 0.412213 0.059937 0.454199 0.011567 0.454199
0 0.031546 0.461068 0.088328 0.461068 0.088328 0.490839 0.031546 0.490839
0 0.103049 0.498474 0.145111 0.498474 0.145111 0.528245 0.103049 0.528245
0 0.077813 0.535114 0.120925 0.535114 0.120925 0.564122 0.077813 0.564122
0 0.105153 0.564123 0.153523 0.564123 0.153523 0.600764 0.105153 0.600764
0 0.078865 0.602290 0.116720 0.602290 0.116720 0.629772 0.078865 0.629772
0 0.127235 0.620611 0.168244 0.620611 0.168244 0.651145 0.127235 0.651145
0 0.152472 0.652672 0.198739 0.652672 0.198739 0.680916 0.152472 0.680916
0 0.043113 0.690076 0.073607 0.690076 0.073607 0.715267 0.043113 0.715267
0 0.101998 0.694657 0.146162 0.694657 0.146162 0.715267 0.101998 0.715267
0 0.111461 0.766413 0.157728 0.766413 0.157728 0.790840 0.111461 0.790840
0 0.157729 0.758779 0.207151 0.758779 0.207151 0.777863 0.157729 0.777863
0 0.208202 0.706107 0.243954 0.706107 0.243954 0.729771 0.208202 0.729771
0 0.320715 0.944274 0.353312 0.944274 0.353312 0.971755 0.320715 0.971755
0 0.404837 0.891603 0.457413 0.891603 0.457413 0.930535 0.404837 0.930535
0 0.431125 0.919847 0.478444 0.919847 0.478444 0.953435 0.431125 0.953435
0 0.377497 0.931298 0.425867 0.931298 0.425867 0.961068 0.377497 0.961068
0 0.465825 0.866412 0.511041 0.866412 0.511041 0.901527 0.465825 0.901527
0 0.361725 0.859542 0.407991 0.859542 0.407991 0.888550 0.361725 0.888550
0 0.701367 0.859542 0.744479 0.859542 0.744479 0.893130 0.701367 0.893130
0 0.747634 0.918321 0.780231 0.918321 0.780231 0.950381 0.747634 0.950381
0 0.589905 0.880916 0.638275 0.880916 0.638275 0.913740 0.589905 0.913740
0 0.627760 0.941985 0.677182 0.941985 0.677182 0.969466 0.627760 0.969466
0 0.646688 0.829008 0.700316 0.829008 0.700316 0.863359 0.646688 0.863359
0 0.637224 0.863358 0.675079 0.863358 0.675079 0.890840 0.637224 0.890840
0 0.694006 0.898473 0.747634 0.898473 0.747634 0.927481 0.694006 0.927481
0 0.711882 0.967939 0.747634 0.967939 0.747634 0.996947 0.711882 0.996947
0 0.613039 0.969466 0.662461 0.969466 0.662461 0.995420 0.613039 0.995420
0 0.781283 0.777863 0.825447 0.777863 0.825447 0.816031 0.781283 0.816031
0 0.789695 0.890077 0.846477 0.890077 0.846477 0.952672 0.789695 0.952672
0 0.750788 0.665649 0.796004 0.665649 0.796004 0.703053 0.750788 0.703053
0 0.699263 0.733588 0.745530 0.733588 0.745530 0.767176 0.699263 0.767176
0 0.645636 0.705344 0.706624 0.705344 0.706624 0.738168 0.645636 0.738168
0 0.664563 0.756489 0.705573 0.756489 0.705573 0.793893 0.664563 0.793893
0 0.618296 0.783969 0.664563 0.783969 0.664563 0.819084 0.618296 0.819084
0 0.720295 0.806107 0.767613 0.806107 0.767613 0.836641 0.720295 0.836641
0 0.601472 0.678625 0.646688 0.678625 0.646688 0.701527 0.601472 0.701527
0 0.590956 0.617557 0.624606 0.617557 0.624606 0.648091 0.590956 0.648091
0 0.531020 0.627480 0.576236 0.627480 0.576236 0.664885 0.531020 0.664885
0 0.604627 0.744275 0.648791 0.744275 0.648791 0.780915 0.604627 0.780915
0 0.566773 0.770229 0.603575 0.770229 0.603575 0.800763 0.566773 0.800763
0 0.548896 0.741985 0.597266 0.741985 0.597266 0.772519 0.548896 0.772519
0 0.537328 0.727481 0.566772 0.727481 0.566772 0.754199 0.537328 0.754199
0 0.524711 0.722137 0.547845 0.722137 0.547845 0.743511 0.524711 0.743511
0 0.517350 0.668702 0.552050 0.668702 0.552050 0.696946 0.517350 0.696946
0 0.872765 0.052672 0.919033 0.052672 0.919033 0.085496 0.872765 0.085496
0 0.919033 0.081680 0.958991 0.081680 0.958991 0.114504 0.919033 0.114504
0 0.811777 0.096182 0.858044 0.096182 0.858044 0.131297 0.811777 0.131297
0 0.869610 0.139695 0.915878 0.139695 0.915878 0.170993 0.869610 0.170993
0 0.792850 0.158015 0.834910 0.158015 0.834910 0.190839 0.792850 0.190839
0 0.785489 0.038931 0.821241 0.038931 0.821241 0.067939 0.785489 0.067939
0 0.617245 0.057252 0.661409 0.057252 0.661409 0.083970 0.617245 0.083970
0 0.545741 0.072519 0.595163 0.072519 0.595163 0.108397 0.545741 0.108397
0 0.568875 0.160305 0.613039 0.160305 0.613039 0.195420 0.568875 0.195420
0 0.625657 0.172519 0.656151 0.172519 0.656151 0.206107 0.625657 0.206107
0 0.679285 0.219848 0.724501 0.219848 0.724501 0.252672 0.679285 0.252672
0 0.737119 0.187786 0.778129 0.187786 0.778129 0.225192 0.737119 0.225192
0 0.781283 0.179390 0.825447 0.179390 0.825447 0.214505 0.781283 0.214505
0 0.810726 0.219848 0.850684 0.219848 0.850684 0.254198 0.810726 0.254198
0 0.851735 0.232824 0.889590 0.232824 0.889590 0.252671 0.851735 0.252671
0 0.606729 0.093893 0.636173 0.093893 0.636173 0.131298 0.606729 0.131298
0 0.313354 0.150382 0.353312 0.150382 0.353312 0.187022 0.313354 0.187022
0 0.218717 0.113740 0.259726 0.113740 0.259726 0.143511 0.218717 0.143511
0 0.449001 0.141985 0.488959 0.141985 0.488959 0.181679 0.449001 0.181679
0 0.427970 0.090839 0.475289 0.090839 0.475289 0.130534 0.427970 0.130534
0 0.403785 0.074046 0.435331 0.074046 0.435331 0.100764 0.403785 0.100764
0 0.311251 0.061068 0.351209 0.061068 0.351209 0.090839 0.311251 0.090839
0 0.271293 0.042748 0.313354 0.042748 0.313354 0.068702 0.271293 0.068702
0 0.233438 0.057252 0.271293 0.057252 0.271293 0.083206 0.233438 0.083206
0 0.161935 0.148855 0.196635 0.148855 0.196635 0.174046 0.161935 0.174046
0 0.841220 0.010687 0.895898 0.010687 0.895898 0.032061 0.841220 0.032061
0 0.731861 0.273282 0.761305 0.273282 0.761305 0.300000 0.731861 0.300000
0 0.787591 0.273282 0.825446 0.273282 0.825446 0.302290 0.787591 0.302290
0 0.855941 0.296183 0.890641 0.296183 0.890641 0.330535 0.855941 0.330535
0 0.889590 0.300000 0.934806 0.300000 0.934806 0.338168 0.889590 0.338168
0 0.929547 0.332062 0.972660 0.332062 0.972660 0.356488 0.929547 0.356488
0 0.641431 0.406106 0.687698 0.406106 0.687698 0.441221 0.641431 0.441221
0 0.711882 0.405343 0.756046 0.405343 0.756046 0.434351 0.711882 0.434351
0 0.745531 0.363359 0.784437 0.363359 0.784437 0.399237 0.745531 0.399237
0 0.674027 0.435877 0.727655 0.435877 0.727655 0.470992 0.674027 0.470992
0 0.587803 0.272519 0.642481 0.272519 0.642481 0.306870 0.587803 0.306870
0 0.642482 0.319847 0.685594 0.319847 0.685594 0.345801 0.642482 0.345801
0 0.570978 0.225954 0.611988 0.225954 0.611988 0.258778 0.570978 0.258778
0 0.607781 0.355725 0.655101 0.355725 0.655101 0.383969 0.607781 0.383969
0 0.318612 0.258779 0.355415 0.258779 0.355415 0.292367 0.318612 0.292367
0 0.394322 0.280153 0.430074 0.280153 0.430074 0.313741 0.394322 0.313741
0 0.401682 0.227481 0.451104 0.227481 0.451104 0.259541 0.401682 0.259541
0 0.441640 0.251908 0.485804 0.251908 0.485804 0.278626 0.441640 0.278626
0 0.503680 0.296947 0.551000 0.296947 0.551000 0.329008 0.503680 0.329008
0 0.132492 0.338168 0.181914 0.338168 0.181914 0.364886 0.132492 0.364886
0 0.269190 0.386259 0.319663 0.386259 0.319663 0.420610 0.269190 0.420610
0 0.291273 0.333587 0.348055 0.333587 0.348055 0.370229 0.291273 0.370229
0 0.336487 0.377863 0.379600 0.377863 0.379600 0.410687 0.336487 0.410687
0 0.410094 0.381680 0.455310 0.381680 0.455310 0.418321 0.410094 0.418321
0 0.103049 0.290839 0.178759 0.290839 0.178759 0.327481 0.103049 0.327481
0 0.427970 0.321375 0.475289 0.321375 0.475289 0.358016 0.427970 0.358016
0 0.487907 0.335114 0.528917 0.335114 0.528917 0.370992 0.487907 0.370992
0 0.459516 0.370229 0.507886 0.370229 0.507886 0.405344 0.459516 0.405344
0 0.514196 0.381680 0.550998 0.381680 0.550998 0.409160 0.514196 0.409160
0 0.412198 0.425954 0.468980 0.425954 0.468980 0.457252 0.412198 0.457252
0 0.345951 0.422901 0.397477 0.422901 0.397477 0.455725 0.345951 0.455725
0 0.395373 0.462596 0.437435 0.462596 0.437435 0.495420 0.395373 0.495420
0 0.453208 0.457252 0.491063 0.457252 0.491063 0.485496 0.453208 0.485496
0 0.493165 0.451909 0.523659 0.451909 0.523659 0.474809 0.493165 0.474809
0 0.468980 0.484733 0.512093 0.484733 0.512093 0.514504 0.468980 0.514504
0 0.539432 0.490076 0.572029 0.490076 0.572029 0.517558 0.539432 0.517558
0 0.527866 0.422901 0.569927 0.422901 0.569927 0.447328 0.527866 0.447328
0 0.153523 0.540458 0.191377 0.540458 0.191377 0.565648 0.153523 0.565648
0 0.150368 0.490839 0.191378 0.490839 0.191378 0.511450 0.150368 0.511450
0 0.093586 0.376336 0.143008 0.376336 0.143008 0.409924 0.093586 0.409924
0 0.243954 0.832061 0.308096 0.832061 0.308096 0.870229 0.243954 0.870229
0 0.315458 0.827481 0.353312 0.827481 0.353312 0.846565 0.315458 0.846565
0 0.406939 0.783970 0.458464 0.783970 0.458464 0.807634 0.406939 0.807634
0 0.454259 0.800000 0.507887 0.800000 0.507887 0.830534 0.454259 0.830534
0 0.337539 0.722137 0.389065 0.722137 0.389065 0.753435 0.337539 0.753435
0 0.200841 0.573283 0.261829 0.573283 0.261829 0.615267 0.200841 0.615267
0 0.192429 0.631298 0.241851 0.631298 0.241851 0.656489 0.192429 0.656489
0 0.292324 0.605344 0.339643 0.605344 0.339643 0.631298 0.292324 0.631298
0 0.526814 0.165649 0.568874 0.165649 0.568874 0.209160 0.526814 0.209160
0 0.439538 0.644275 0.486857 0.644275 0.486857 0.677863 0.439538 0.677863
0 0.385910 0.667176 0.434280 0.667176 0.434280 0.690840 0.385910 0.690840
0 0.286015 0.653434 0.342797 0.653434 0.342797 0.676335 0.286015 0.676335
0 0.435331 0.523664 0.475289 0.523664 0.475289 0.552672 0.435331 0.552672
0 0.343849 0.514505 0.384857 0.514505 0.384857 0.538932 0.343849 0.538932
0 0.277603 0.532824 0.308097 0.532824 0.308097 0.566412 0.277603 0.566412
0 0.598318 0.916793 0.630915 0.916793 0.630915 0.944275 0.598318 0.944275
0 0.878023 0.934352 0.909569 0.934352 0.909569 0.957253 0.878023 0.957253
0 0.868559 0.906870 0.904311 0.906870 0.904311 0.938168 0.868559 0.938168
0 0.138801 0.251145 0.196635 0.251145 0.196635 0.279389 0.138801 0.279389
0 0.373291 0.334351 0.416404 0.334351 0.416404 0.376337 0.373291 0.376337
0 0.487907 0.132061 0.528917 0.132061 0.528917 0.166413 0.487907 0.166413
0 0.531020 0.135115 0.576236 0.135115 0.576236 0.165649 0.531020 0.165649
0 0.698212 0.490076 0.727656 0.490076 0.727656 0.506870 0.698212 0.506870
0 0.037854 0.567176 0.080967 0.567176 0.080967 0.599236 0.037854 0.599236
0 0.461619 0.612214 0.523659 0.612214 0.523659 0.640458 0.461619 0.640458
0 0.410095 0.588550 0.438485 0.588550 0.438485 0.604580 0.410095 0.604580
0 0.462670 0.583206 0.491062 0.583206 0.491062 0.596183 0.462670 0.596183
0 0.351210 0.543511 0.380653 0.543511 0.380653 0.570993 0.351210 0.570993
0 0.547845 0.045801 0.595163 0.045801 0.595163 0.063358 0.547845 0.063358
0 0.526813 0.038169 0.555204 0.038169 0.555204 0.058016 0.526813 0.058016
0 0.025237 0.333587 0.063091 0.333587 0.063091 0.373283 0.025237 0.373283
0 0.206098 0.340458 0.253417 0.340458 0.253417 0.374810 0.206098 0.374810
0 0.246057 0.299237 0.280757 0.299237 0.280757 0.340457 0.246057 0.340457
0 0.386962 0.018320 0.427970 0.018320 0.427970 0.048091 0.386962 0.048091
0 0.638275 0.154199 0.683491 0.154199 0.683491 0.187023 0.638275 0.187023
0 0.532071 0.827481 0.567823 0.827481 0.567823 0.867939 0.532071 0.867939
0 0.223975 0.426718 0.262881 0.426718 0.262881 0.467176 0.223975 0.467176
0 0.804416 0.008397 0.830704 0.008397 0.830704 0.036641 0.804416 0.036641
0 0.388012 0.045802 0.433228 0.045802 0.433228 0.064886 0.388012 0.064886
0 0.144059 0.198473 0.171399 0.198473 0.171399 0.226717 0.144059 0.226717
0 0.365930 0.770992 0.416403 0.770992 0.416403 0.800763 0.365930 0.800763
0 0.759201 0.705344 0.790747 0.705344 0.790747 0.730534 0.759201 0.730534
0 0.313354 0.852672 0.358570 0.852672 0.358570 0.879390 0.313354 0.879390
0 0.187171 0.051145 0.209253 0.051145 0.209253 0.089313 0.187171 0.089313
0 0.173501 0.007634 0.192429 0.007634 0.192429 0.039695 0.173501 0.039695
0 0.197686 0.018320 0.238696 0.018320 0.238696 0.040458 0.197686 0.040458
0 0.348054 0.101527 0.384858 0.101527 0.384858 0.127481 0.348054 0.127481
0 0.596214 0.001527 0.639327 0.001527 0.639327 0.019083 0.596214 0.019083
0 0.730809 0.143511 0.778129 0.143511 0.778129 0.179389 0.730809 0.179389
0 0.944269 0.147329 0.967403 0.147329 0.967403 0.163360 0.944269 0.163360
0 0.917982 0.135114 0.942166 0.135114 0.942166 0.153435 0.917982 0.153435
0 0.748686 0.226718 0.781282 0.226718 0.781282 0.256489 0.748686 0.256489
0 0.762355 0.221374 0.785489 0.221374 0.785489 0.238168 0.762355 0.238168
0 0.642482 0.297710 0.679284 0.297710 0.679284 0.322137 0.642482 0.322137
0 0.805469 0.308397 0.838066 0.308397 0.838066 0.327481 0.805469 0.327481
0 0.218718 0.229008 0.251314 0.229008 0.251314 0.250382 0.218718 0.250382
0 0.273396 0.236642 0.317560 0.236642 0.317560 0.264122 0.273396 0.264122
0 0.095689 0.428244 0.135647 0.428244 0.135647 0.449618 0.095689 0.449618
0 0.066245 0.415267 0.095688 0.415267 0.095688 0.448855 0.066245 0.448855
0 0.074658 0.444274 0.099895 0.444274 0.099895 0.462595 0.074658 0.462595
0 0.048370 0.656489 0.070452 0.656489 0.070452 0.684733 0.048370 0.684733
0 0.206099 0.733587 0.257624 0.733587 0.257624 0.756489 0.206099 0.756489
0 0.140904 0.677099 0.182966 0.677099 0.182966 0.702290 0.140904 0.702290
0 0.266035 0.698473 0.308096 0.698473 0.308096 0.719847 0.266035 0.719847
0 0.291272 0.714504 0.321766 0.714504 0.321766 0.734351 0.291272 0.734351
0 0.330179 0.694657 0.358569 0.694657 0.358569 0.717558 0.330179 0.717558
0 0.315458 0.713740 0.344900 0.713740 0.344900 0.728244 0.315458 0.728244
0 0.291272 0.677099 0.311251 0.677099 0.311251 0.695420 0.291272 0.695420
0 0.254469 0.640458 0.280757 0.640458 0.280757 0.656488 0.254469 0.656488
0 0.586751 0.822900 0.641429 0.822900 0.641429 0.840457 0.586751 0.840457
0 0.543639 0.825191 0.585699 0.825191 0.585699 0.840457 0.543639 0.840457
0 0.497371 0.961832 0.533123 0.961832 0.533123 0.987786 0.497371 0.987786
0 0.211357 0.382443 0.243953 0.382443 0.243953 0.402289 0.211357 0.402289
0 0.783386 0.073283 0.818086 0.073283 0.818086 0.098473 0.783386 0.098473
0 0.557308 0.548092 0.613039 0.548092 0.613039 0.567939 0.557308 0.567939
0 0.678233 0.648092 0.711882 0.648092 0.711882 0.664886 0.678233 0.664886
0 0.649842 0.639694 0.678234 0.639694 0.678234 0.674809 0.649842 0.674809
0 0.863302 0.773282 0.889590 0.773282 0.889590 0.796184 0.863302 0.796184
0 0.851735 0.806107 0.882229 0.806107 0.882229 0.832061 0.851735 0.832061
0 0.862251 0.861832 0.894848 0.861832 0.894848 0.892366 0.862251 0.892366
0 0.883281 0.842748 0.935857 0.842748 0.935857 0.871756 0.883281 0.871756
0 0.396425 0.732061 0.419559 0.732061 0.419559 0.755725 0.396425 0.755725
0 0.413249 0.738168 0.442692 0.738168 0.442692 0.751908 0.413249 0.751908
0 0.303890 0.559543 0.349106 0.559543 0.349106 0.596183 0.303890 0.596183
0 0.378549 0.493892 0.422713 0.493892 0.422713 0.512213 0.378549 0.512213
0 0.048370 0.252671 0.087276 0.252671 0.087276 0.287787 0.048370 0.287787
0 0.149317 0.241221 0.175605 0.241221 0.175605 0.258015 0.149317 0.258015
0 0.206099 0.252672 0.263933 0.252672 0.263933 0.271756 0.206099 0.271756
0 0.068349 0.760306 0.106204 0.760306 0.106204 0.793130 0.068349 0.793130
0 0.054679 0.822138 0.085173 0.822138 0.085173 0.841985 0.054679 0.841985
0 0.067298 0.833588 0.089380 0.833588 0.089380 0.854962 0.067298 0.854962
0 0.138801 0.865649 0.167192 0.865649 0.167192 0.884733 0.138801 0.884733
0 0.303891 0.770229 0.333334 0.770229 0.333334 0.793893 0.303891 0.793893
0 0.803364 0.822137 0.832808 0.822137 0.832808 0.845801 0.803364 0.845801
0 0.715036 0.778626 0.744480 0.778626 0.744480 0.798473 0.715036 0.798473
0 0.822292 0.757252 0.867508 0.757252 0.867508 0.783206 0.822292 0.783206
0 0.855941 0.104580 0.878023 0.104580 0.878023 0.123664 0.855941 0.123664
1 0.829653 0.488549 0.847529 0.488549 0.847529 0.506871 0.829653 0.506871
