1 0.011278 0.027491 0.071428 0.027491 0.071428 0.089347 0.011278 0.089347
1 0.131580 0.003437 0.199248 0.003437 0.199248 0.058419 0.131580 0.058419
1 0.075188 0.089347 0.112782 0.089347 0.112782 0.140893 0.075188 0.140893
1 0.075187 0.161512 0.120301 0.161512 0.120301 0.206186 0.075187 0.206186
1 0.067669 0.223367 0.131579 0.223367 0.131579 0.281786 0.067669 0.281786
1 0.030075 0.302405 0.093985 0.302405 0.093985 0.360824 0.030075 0.360824
1 0.135339 0.271477 0.195489 0.271477 0.195489 0.329896 0.135339 0.329896
1 0.203008 0.213058 0.281954 0.213058 0.281954 0.288660 0.203008 0.288660
1 0.203007 0.158076 0.255639 0.158076 0.255639 0.216495 0.203007 0.216495
1 0.154135 0.123711 0.218045 0.123711 0.218045 0.185567 0.154135 0.185567
1 0.142857 0.075602 0.206767 0.075602 0.206767 0.127148 0.142857 0.127148
1 0.233083 0.089346 0.312030 0.089346 0.312030 0.144329 0.233083 0.144329
1 0.093985 0.347079 0.154135 0.347079 0.154135 0.402062 0.093985 0.402062
1 0.142857 0.360824 0.191729 0.360824 0.191729 0.419243 0.142857 0.419243
1 0.003759 0.371134 0.071429 0.371134 0.071429 0.439863 0.003759 0.439863
1 0.078947 0.429553 0.142857 0.429553 0.142857 0.501718 0.078947 0.501718
1 0.150377 0.491410 0.218046 0.491410 0.218046 0.549829 0.150377 0.549829
1 0.206767 0.395189 0.293233 0.395189 0.293233 0.491409 0.206767 0.491409
1 0.255640 0.512027 0.323308 0.512027 0.323308 0.556701 0.255640 0.556701
1 0.342106 0.467354 0.413534 0.467354 0.413534 0.529210 0.342106 0.529210
1 0.026316 0.621993 0.090226 0.621993 0.090226 0.673539 0.026316 0.673539
1 0.150376 0.567010 0.214286 0.567010 0.214286 0.639176 0.150376 0.639176
1 0.251880 0.567010 0.319549 0.567010 0.319549 0.615120 0.251880 0.615120
1 0.432331 0.484537 0.503760 0.484537 0.503760 0.542956 0.432331 0.542956
1 0.503759 0.395190 0.586467 0.395190 0.586467 0.453609 0.503759 0.453609
1 0.372181 0.072164 0.451128 0.072164 0.451128 0.144329 0.372181 0.144329
1 0.484962 0.048110 0.552631 0.048110 0.552631 0.099656 0.484962 0.099656
1 0.567669 0.010309 0.627819 0.010309 0.627819 0.072165 0.567669 0.072165
1 0.545113 0.467354 0.631579 0.467354 0.631579 0.529210 0.545113 0.529210
1 0.605263 0.378007 0.684211 0.378007 0.684211 0.436426 0.605263 0.436426
1 0.740602 0.305841 0.800752 0.305841 0.800752 0.374571 0.740602 0.374571
1 0.665414 0.278350 0.714286 0.278350 0.714286 0.340206 0.665414 0.340206
1 0.755639 0.219932 0.808271 0.219932 0.808271 0.274915 0.755639 0.274915
1 0.808271 0.360825 0.875939 0.360825 0.875939 0.405499 0.808271 0.405499
1 0.906015 0.347079 0.981203 0.347079 0.981203 0.412371 0.906015 0.412371
1 0.853383 0.237113 0.936091 0.237113 0.936091 0.292096 0.853383 0.292096
1 0.875939 0.292096 0.947368 0.292096 0.947368 0.343642 0.875939 0.343642
1 0.541354 0.601375 0.601504 0.601375 0.601504 0.659794 0.541354 0.659794
1 0.597745 0.539519 0.657895 0.539519 0.657895 0.611684 0.597745 0.611684
1 0.729323 0.408934 0.804511 0.408934 0.804511 0.467353 0.729323 0.467353
1 0.725564 0.460481 0.815790 0.460481 0.815790 0.518900 0.725564 0.518900
1 0.823308 0.450172 0.894737 0.450172 0.894737 0.501718 0.823308 0.501718
1 0.917293 0.419244 0.981203 0.419244 0.981203 0.484536 0.917293 0.484536
1 0.875940 0.539520 0.939850 0.539520 0.939850 0.615121 0.875940 0.615121
1 0.748120 0.539519 0.823308 0.539519 0.823308 0.587629 0.748120 0.587629
1 0.819549 0.501719 0.887217 0.501719 0.887217 0.539520 0.819549 0.539520
1 0.669173 0.553265 0.714286 0.553265 0.714286 0.604811 0.669173 0.604811
1 0.714286 0.608248 0.808271 0.608248 0.808271 0.659794 0.714286 0.659794
1 0.943609 0.618557 1.000000 0.618557 1.000000 0.670103 0.943609 0.670103
1 0.827068 0.642612 0.898497 0.642612 0.898497 0.697595 0.827068 0.697595
1 0.781955 0.800687 0.845865 0.800687 0.845865 0.859106 0.781955 0.859106
1 0.939850 0.697595 1.000000 0.697595 1.000000 0.769760 0.939850 0.769760
1 0.657895 0.663230 0.733083 0.663230 0.733083 0.735395 0.657895 0.735395
1 0.605263 0.745704 0.665413 0.745704 0.665413 0.800687 0.605263 0.800687
1 0.695489 0.824742 0.763158 0.824742 0.763158 0.886598 0.695489 0.886598
1 0.796992 0.879726 0.868421 0.879726 0.868421 0.938145 0.796992 0.938145
1 0.582707 0.876289 0.646617 0.876289 0.646617 0.931272 0.582707 0.931272
1 0.548872 0.807561 0.609022 0.807561 0.609022 0.865980 0.548872 0.865980
1 0.466166 0.838488 0.526316 0.838488 0.526316 0.914089 0.466166 0.914089
1 0.500000 0.738831 0.563910 0.738831 0.563910 0.797250 0.500000 0.797250
1 0.447369 0.639175 0.530076 0.639175 0.530076 0.701031 0.447369 0.701031
1 0.368421 0.694158 0.439850 0.694158 0.439850 0.742268 0.368421 0.742268
1 0.375940 0.800687 0.458647 0.800687 0.458647 0.862543 0.375940 0.862543
1 0.507519 0.546392 0.560151 0.546392 0.560151 0.591066 0.507519 0.591066
1 0.439850 0.560137 0.507518 0.560137 0.507518 0.618556 0.439850 0.618556
1 0.379700 0.591065 0.451128 0.591065 0.451128 0.652921 0.379700 0.652921
1 0.913534 0.945017 0.977444 0.945017 0.977444 0.993127 0.913534 0.993127
1 0.672932 0.927835 0.729324 0.927835 0.729324 0.975945 0.672932 0.975945
1 0.530075 0.920963 0.586467 0.920963 0.586467 0.975946 0.530075 0.975946
1 0.447368 0.941581 0.500000 0.941581 0.500000 0.993127 0.447368 0.993127
1 0.018797 0.828179 0.093985 0.828179 0.093985 0.886598 0.018797 0.886598
1 0.037594 0.697595 0.097744 0.697595 0.097744 0.752578 0.037594 0.752578
1 0.203008 0.872852 0.270676 0.872852 0.270676 0.934708 0.203008 0.934708
1 0.105263 0.810996 0.161654 0.810996 0.161654 0.855670 0.105263 0.855670
1 0.184211 0.793814 0.259399 0.793814 0.259399 0.848797 0.184211 0.848797
1 0.379699 0.879725 0.439849 0.879725 0.439849 0.945017 0.379699 0.945017
1 0.315790 0.893471 0.375940 0.893471 0.375940 0.945017 0.315790 0.945017
1 0.296992 0.728522 0.368421 0.728522 0.368421 0.776632 0.296992 0.776632
1 0.278196 0.632302 0.364662 0.632302 0.364662 0.694158 0.278196 0.694158
1 0.157895 0.659794 0.248121 0.659794 0.248121 0.725086 0.157895 0.725086
1 0.890977 0.175258 0.966165 0.175258 0.966165 0.223368 0.890977 0.223368
1 0.857143 0.127148 0.924812 0.127148 0.924812 0.175258 0.857143 0.175258
1 0.785714 0.092784 0.857143 0.092784 0.857143 0.158076 0.785714 0.158076
1 0.672932 0.096221 0.759398 0.096221 0.759398 0.154640 0.672932 0.154640
1 0.827067 0.027492 0.906015 0.027492 0.906015 0.085911 0.827067 0.085911
1 0.718044 0.010309 0.789473 0.010309 0.789473 0.075601 0.718044 0.075601
1 0.654135 0.006873 0.699248 0.006873 0.699248 0.061855 0.654135 0.061855
1 0.954888 0.109965 0.996240 0.109965 0.996240 0.171821 0.954888 0.171821
