1 0.798828 0.007812 0.832032 0.007812 0.832032 0.033203 0.798828 0.033203
1 0.927734 0.033203 0.960938 0.033203 0.960938 0.068359 0.927734 0.068359
1 0.882812 0.039062 0.916016 0.039062 0.916016 0.072265 0.882812 0.072265
1 0.968750 0.042968 0.998046 0.042968 0.998046 0.080077 0.968750 0.080077
1 0.808593 0.039063 0.859374 0.039063 0.859374 0.091797 0.808593 0.091797
1 0.730468 0.046875 0.781249 0.046875 0.781249 0.087891 0.730468 0.087891
1 0.667969 0.062500 0.697265 0.062500 0.697265 0.097656 0.667969 0.097656
1 0.613281 0.072266 0.648437 0.072266 0.648437 0.099610 0.613281 0.099610
1 0.714844 0.074219 0.740235 0.074219 0.740235 0.119141 0.714844 0.119141
1 0.652343 0.083984 0.685547 0.083984 0.685547 0.115234 0.652343 0.115234
1 0.892578 0.083984 0.927734 0.083984 0.927734 0.125000 0.892578 0.125000
1 0.572266 0.089844 0.611328 0.089844 0.611328 0.121094 0.572266 0.121094
1 0.458985 0.109376 0.496093 0.109376 0.496093 0.128907 0.458985 0.128907
1 0.507812 0.107422 0.552734 0.107422 0.552734 0.132812 0.507812 0.132812
1 0.859375 0.111328 0.890625 0.111328 0.890625 0.138672 0.859375 0.138672
1 0.648437 0.121094 0.679687 0.121094 0.679687 0.150391 0.648437 0.150391
1 0.824219 0.117187 0.859375 0.117187 0.859375 0.158203 0.824219 0.158203
1 0.544922 0.125000 0.576172 0.125000 0.576172 0.156250 0.544922 0.156250
1 0.570313 0.130860 0.601563 0.130860 0.601563 0.166016 0.570313 0.166016
1 0.365234 0.144531 0.392578 0.144531 0.392578 0.173828 0.365234 0.173828
1 0.449219 0.144531 0.501953 0.144531 0.501953 0.175781 0.449219 0.175781
1 0.886718 0.142578 0.919922 0.142578 0.919922 0.181640 0.886718 0.181640
1 0.921875 0.144531 0.951171 0.144531 0.951171 0.185547 0.921875 0.185547
1 0.853515 0.150391 0.886719 0.150391 0.886719 0.183593 0.853515 0.183593
1 0.306641 0.160156 0.345703 0.160156 0.345703 0.187500 0.306641 0.187500
1 0.687500 0.156250 0.718750 0.156250 0.718750 0.191406 0.687500 0.191406
1 0.642578 0.164063 0.675782 0.164063 0.675782 0.199219 0.642578 0.199219
1 0.394532 0.173828 0.427735 0.173828 0.427735 0.201172 0.394532 0.201172
1 0.822266 0.166016 0.849610 0.166016 0.849610 0.201172 0.822266 0.201172
1 0.562500 0.173828 0.601562 0.173828 0.601562 0.205078 0.562500 0.205078
1 0.199219 0.193360 0.244141 0.193360 0.244141 0.226562 0.199219 0.226562
1 0.517578 0.191406 0.560547 0.191406 0.560547 0.222656 0.517578 0.222656
1 0.666016 0.193360 0.697266 0.193360 0.697266 0.228516 0.666016 0.228516
1 0.757812 0.212890 0.791016 0.212890 0.791016 0.242188 0.757812 0.242188
1 0.615235 0.207031 0.652344 0.207031 0.652344 0.246093 0.615235 0.246093
1 0.408203 0.224610 0.437501 0.224610 0.437501 0.246094 0.408203 0.246094
1 0.509765 0.226562 0.552735 0.226562 0.552735 0.269531 0.509765 0.269531
1 0.873046 0.236328 0.906250 0.236328 0.906250 0.263672 0.873046 0.263672
1 0.830078 0.238282 0.867188 0.238282 0.867188 0.263673 0.830078 0.263673
1 0.910156 0.250001 0.943360 0.250001 0.943360 0.283203 0.910156 0.283203
1 0.300781 0.250000 0.361328 0.250000 0.361328 0.289062 0.300781 0.289062
1 0.183593 0.255860 0.240234 0.255860 0.240234 0.285157 0.183593 0.285157
1 0.962891 0.263672 0.998047 0.263672 0.998047 0.292969 0.962891 0.292969
1 0.111328 0.277344 0.144531 0.277344 0.144531 0.296874 0.111328 0.296874
1 0.562500 0.275390 0.597656 0.275390 0.597656 0.302734 0.562500 0.302734
1 0.060547 0.279297 0.099609 0.279297 0.099609 0.300781 0.060547 0.300781
1 0.453125 0.273438 0.484375 0.273438 0.484375 0.306640 0.453125 0.306640
1 0.375001 0.273438 0.408203 0.273438 0.408203 0.308594 0.375001 0.308594
1 0.673828 0.269531 0.710938 0.269531 0.710938 0.312501 0.673828 0.312501
1 0.871093 0.279297 0.908203 0.279297 0.908203 0.306641 0.871093 0.306641
1 0.517578 0.277344 0.554688 0.277344 0.554688 0.310547 0.517578 0.310547
1 0.035156 0.287109 0.058594 0.287109 0.058594 0.314453 0.035156 0.314453
1 0.634766 0.289062 0.666016 0.289062 0.666016 0.312500 0.634766 0.312500
1 0.410156 0.291015 0.453126 0.291015 0.453126 0.316407 0.410156 0.316407
1 0.488281 0.292969 0.515625 0.292969 0.515625 0.320313 0.488281 0.320313
1 0.939453 0.285156 0.978515 0.285156 0.978515 0.332031 0.939453 0.332031
1 0.291016 0.298828 0.330078 0.298828 0.330078 0.333984 0.291016 0.333984
1 0.093750 0.302734 0.125000 0.302734 0.125000 0.333984 0.093750 0.333984
1 0.255859 0.310547 0.287109 0.310547 0.287109 0.337891 0.255859 0.337891
1 0.869141 0.312499 0.900391 0.312499 0.900391 0.341797 0.869141 0.341797
1 0.744140 0.306640 0.781250 0.306640 0.781250 0.347656 0.744140 0.347656
1 0.595704 0.312500 0.646485 0.312500 0.646485 0.349610 0.595704 0.349610
1 0.689453 0.314453 0.730469 0.314453 0.730469 0.345703 0.689453 0.345703
1 0.494140 0.318359 0.537110 0.318359 0.537110 0.345703 0.494140 0.345703
1 0.824219 0.332031 0.859375 0.332031 0.859375 0.371093 0.824219 0.371093
1 0.507813 0.343749 0.542969 0.343749 0.542969 0.369141 0.507813 0.369141
1 0.699218 0.347656 0.736328 0.347656 0.736328 0.376953 0.699218 0.376953
1 0.779297 0.351562 0.818359 0.351562 0.818359 0.384765 0.779297 0.384765
1 0.166015 0.347656 0.216797 0.347656 0.216797 0.390626 0.166015 0.390626
1 0.232423 0.357422 0.269532 0.357422 0.269532 0.386719 0.232423 0.386719
1 0.066406 0.361328 0.103515 0.361328 0.103515 0.382812 0.066406 0.382812
1 0.951171 0.351562 0.984375 0.351562 0.984375 0.392578 0.951171 0.392578
1 0.484375 0.369140 0.521485 0.369140 0.521485 0.402343 0.484375 0.402343
1 0.119140 0.371094 0.160156 0.371094 0.160156 0.402344 0.119140 0.402344
1 0.902343 0.374999 0.949218 0.374999 0.949218 0.404297 0.902343 0.404297
1 0.332031 0.373047 0.376953 0.373047 0.376953 0.408203 0.332031 0.408203
1 0.808594 0.376953 0.843750 0.376953 0.843750 0.408203 0.808594 0.408203
1 0.783203 0.392578 0.816407 0.392578 0.816407 0.425781 0.783203 0.425781
1 0.224609 0.392578 0.253906 0.392578 0.253906 0.431640 0.224609 0.431640
1 0.525391 0.402343 0.560547 0.402343 0.560547 0.431640 0.525391 0.431640
1 0.625000 0.412110 0.658204 0.412110 0.658204 0.445312 0.625000 0.445312
1 0.093750 0.416016 0.134766 0.416016 0.134766 0.451172 0.093750 0.451172
1 0.595703 0.417969 0.628907 0.417969 0.628907 0.451172 0.595703 0.451172
1 0.052734 0.429688 0.087890 0.429688 0.087890 0.458985 0.052734 0.458985
1 0.519531 0.431640 0.554687 0.431640 0.554687 0.464843 0.519531 0.464843
1 0.808594 0.441406 0.853516 0.441406 0.853516 0.476562 0.808594 0.476562
1 0.716797 0.453125 0.751953 0.453125 0.751953 0.490235 0.716797 0.490235
1 0.345703 0.462890 0.390625 0.462890 0.390625 0.496093 0.345703 0.496093
1 0.457031 0.468750 0.500000 0.468750 0.500000 0.509766 0.457031 0.509766
1 0.568359 0.476562 0.609375 0.476562 0.609375 0.505860 0.568359 0.505860
1 0.820313 0.498047 0.851563 0.498047 0.851563 0.525391 0.820313 0.525391
1 0.845703 0.564454 0.876953 0.564454 0.876953 0.593750 0.845703 0.593750
1 0.740234 0.580078 0.781250 0.580078 0.781250 0.611328 0.740234 0.611328
1 0.445312 0.583984 0.482421 0.583984 0.482421 0.611328 0.445312 0.611328
1 0.392578 0.601563 0.443359 0.601563 0.443359 0.619141 0.392578 0.619141
1 0.236328 0.597656 0.285156 0.597656 0.285156 0.628906 0.236328 0.628906
1 0.685547 0.603515 0.716797 0.603515 0.716797 0.628906 0.685547 0.628906
1 0.292969 0.605469 0.324219 0.605469 0.324219 0.630860 0.292969 0.630860
1 0.519531 0.615234 0.558593 0.615234 0.558593 0.642578 0.519531 0.642578
1 0.878907 0.625000 0.917969 0.625000 0.917969 0.652344 0.878907 0.652344
1 0.681640 0.632812 0.714844 0.632812 0.714844 0.660156 0.681640 0.660156
1 0.808594 0.677734 0.839844 0.677734 0.839844 0.701172 0.808594 0.701172
1 0.843750 0.000000 0.875000 0.000000 0.875000 0.029296 0.843750 0.029296
1 0.695312 0.001953 0.736328 0.001953 0.736328 0.037109 0.695312 0.037109
1 0.863281 0.064453 0.898437 0.064453 0.898437 0.101562 0.863281 0.101562
1 0.603515 0.111328 0.640625 0.111328 0.640625 0.148438 0.603515 0.148438
1 0.687500 0.119140 0.718750 0.119140 0.718750 0.148438 0.687500 0.148438
1 0.732422 0.126953 0.773438 0.126953 0.773438 0.158203 0.732422 0.158203
1 0.775390 0.140625 0.808594 0.140625 0.808594 0.175781 0.775390 0.175781
1 0.957031 0.140625 0.990235 0.140625 0.990235 0.179687 0.957031 0.179687
1 0.513672 0.146484 0.550782 0.146484 0.550782 0.181640 0.513672 0.181640
1 0.603515 0.160156 0.640625 0.160156 0.640625 0.195312 0.603515 0.195312
1 0.250000 0.169922 0.289062 0.169922 0.289062 0.197266 0.250000 0.197266
1 0.482422 0.173828 0.521484 0.173828 0.521484 0.203126 0.482422 0.203126
1 0.724610 0.175781 0.759766 0.175781 0.759766 0.207031 0.724610 0.207031
1 0.279297 0.210937 0.322266 0.210937 0.322266 0.242187 0.279297 0.242187
1 0.570312 0.214844 0.603516 0.214844 0.603516 0.248047 0.570312 0.248047
1 0.238281 0.228515 0.277343 0.228515 0.277343 0.257812 0.238281 0.257812
1 0.718750 0.236328 0.750000 0.236328 0.750000 0.265626 0.718750 0.265626
1 0.597656 0.246094 0.632812 0.246094 0.632812 0.281250 0.597656 0.281250
1 0.638672 0.250001 0.673828 0.250001 0.673828 0.283203 0.638672 0.283203
1 0.417969 0.257812 0.451172 0.257812 0.451172 0.287110 0.417969 0.287110
1 0.718750 0.271485 0.755860 0.271485 0.755860 0.308593 0.718750 0.308593
1 0.337890 0.287110 0.375000 0.287110 0.375000 0.324218 0.337890 0.324218
1 0.542969 0.298828 0.583985 0.298828 0.583985 0.333984 0.542969 0.333984
1 0.031250 0.318359 0.072266 0.318359 0.072266 0.349609 0.031250 0.349609
1 0.447266 0.318360 0.482422 0.318360 0.482422 0.353516 0.447266 0.353516
1 0.398438 0.322266 0.437500 0.322266 0.437500 0.357422 0.398438 0.357422
1 0.921875 0.341797 0.957031 0.341797 0.957031 0.369141 0.921875 0.369141
1 0.326172 0.345703 0.367188 0.345703 0.367188 0.376953 0.326172 0.376953
1 0.369140 0.353516 0.410156 0.353516 0.410156 0.384766 0.369140 0.384766
1 0.273438 0.369141 0.320312 0.369141 0.320312 0.400391 0.273438 0.400391
1 0.849610 0.373047 0.888672 0.373047 0.888672 0.402344 0.849610 0.402344
1 0.652343 0.380859 0.695312 0.380859 0.695312 0.406251 0.652343 0.406251
1 0.388672 0.378906 0.429688 0.378906 0.429688 0.414062 0.388672 0.414062
1 0.003907 0.384765 0.042969 0.384765 0.042969 0.414062 0.003907 0.414062
1 0.566407 0.378907 0.605469 0.378907 0.605469 0.417969 0.566407 0.417969
1 0.054687 0.392578 0.095703 0.392578 0.095703 0.419922 0.054687 0.419922
1 0.871094 0.394531 0.906250 0.394531 0.906250 0.425781 0.871094 0.425781
1 0.306640 0.404297 0.339843 0.404297 0.339843 0.437499 0.306640 0.437499
1 0.267579 0.402344 0.304688 0.402344 0.304688 0.441406 0.267579 0.441406
1 0.935547 0.408203 0.972657 0.408203 0.972657 0.437501 0.935547 0.437501
1 0.689453 0.402344 0.734375 0.402344 0.734375 0.447266 0.689453 0.447266
1 0.351563 0.408203 0.386719 0.408203 0.386719 0.441406 0.351563 0.441406
1 0.421876 0.410156 0.455078 0.410156 0.455078 0.445312 0.421876 0.445312
1 0.460938 0.416016 0.498046 0.416016 0.498046 0.443360 0.460938 0.443360
1 0.892578 0.423828 0.931640 0.423828 0.931640 0.455078 0.892578 0.455078
1 0.376953 0.427734 0.416015 0.427734 0.416015 0.462890 0.376953 0.462890
1 0.740235 0.433594 0.783204 0.433594 0.783204 0.466797 0.740235 0.466797
1 0.207031 0.439453 0.246093 0.439453 0.246093 0.470703 0.207031 0.470703
1 0.134766 0.441407 0.171875 0.441407 0.171875 0.480469 0.134766 0.480469
1 0.023438 0.447266 0.062500 0.447266 0.062500 0.478516 0.023438 0.478516
1 0.855469 0.455078 0.884765 0.455078 0.884765 0.494140 0.855469 0.494140
1 0.167969 0.460938 0.210938 0.460938 0.210938 0.494140 0.167969 0.494140
1 0.404297 0.462890 0.447266 0.462890 0.447266 0.500000 0.404297 0.500000
1 0.285156 0.462890 0.326172 0.462890 0.326172 0.500000 0.285156 0.500000
1 0.501953 0.472656 0.533203 0.472656 0.533203 0.507812 0.501953 0.507812
1 0.093751 0.472657 0.130860 0.472657 0.130860 0.509765 0.093751 0.509765
1 0.335938 0.574219 0.375000 0.574219 0.375000 0.603515 0.335938 0.603515
1 0.550781 0.585938 0.587890 0.585938 0.587890 0.619141 0.550781 0.619141
1 0.656250 0.589844 0.693360 0.589844 0.693360 0.621094 0.656250 0.621094
1 0.781250 0.607421 0.816406 0.607421 0.816406 0.640625 0.781250 0.640625
1 0.480469 0.611328 0.515625 0.611328 0.515625 0.642578 0.480469 0.642578
1 0.753907 0.615234 0.779297 0.615234 0.779297 0.646484 0.753907 0.646484
1 0.402344 0.621094 0.449219 0.621094 0.449219 0.650390 0.402344 0.650390
1 0.720703 0.621094 0.751953 0.621094 0.751953 0.652344 0.720703 0.652344
1 0.845703 0.628907 0.880859 0.628907 0.880859 0.658203 0.845703 0.658203
1 0.591797 0.626953 0.630859 0.626953 0.630859 0.658203 0.591797 0.658203
1 0.808593 0.640625 0.845703 0.640625 0.845703 0.667969 0.808593 0.667969
1 0.339844 0.640625 0.390624 0.640625 0.390624 0.673829 0.339844 0.673829
1 0.546874 0.642578 0.589843 0.642578 0.589843 0.677734 0.546874 0.677734
1 0.494141 0.650390 0.529297 0.650390 0.529297 0.683594 0.494141 0.683594
1 0.658204 0.681641 0.705079 0.681641 0.705079 0.710938 0.658204 0.710938
1 0.916015 0.535156 0.980469 0.535156 0.980469 0.576172 0.916015 0.576172
