0 0.004152 0.011444 0.045674 0.011444 0.045674 0.051937 0.004152 0.051937
0 0.034602 0.053697 0.059515 0.053697 0.059515 0.099473 0.034602 0.099473
0 0.011073 0.092429 0.031142 0.092429 0.031142 0.120598 0.011073 0.120598
0 0.056055 0.110916 0.076124 0.110916 0.076124 0.137324 0.056055 0.137324
0 0.058824 0.144366 0.076125 0.144366 0.076125 0.180458 0.058824 0.180458
0 0.054671 0.188380 0.080277 0.188380 0.080277 0.220070 0.054671 0.220070
0 0.080277 0.163733 0.099654 0.163733 0.099654 0.203346 0.080277 0.203346
0 0.100346 0.178698 0.139100 0.178698 0.139100 0.205987 0.100346 0.205987
0 0.102422 0.148767 0.134948 0.148767 0.134948 0.176057 0.102422 0.176057
0 0.149481 0.120599 0.170934 0.120599 0.170934 0.147007 0.149481 0.147007
0 0.161937 0.062500 0.185467 0.062500 0.185467 0.095070 0.161937 0.095070
0 0.109343 0.044894 0.152942 0.044894 0.152942 0.079226 0.109343 0.079226
0 0.114878 0.000880 0.134947 0.000880 0.134947 0.025528 0.114878 0.025528
0 0.137024 0.001760 0.166782 0.001760 0.166782 0.056337 0.137024 0.056337
0 0.192387 0.054578 0.214533 0.054578 0.214533 0.076584 0.192387 0.076584
0 0.204844 0.025528 0.224913 0.025528 0.224913 0.052818 0.204844 0.052818
0 0.101730 0.085387 0.130796 0.085387 0.130796 0.112676 0.101730 0.112676
0 0.095502 0.242077 0.130796 0.242077 0.130796 0.292253 0.095502 0.292253
0 0.053979 0.252641 0.090657 0.252641 0.090657 0.291373 0.053979 0.291373
0 0.062976 0.224471 0.086504 0.224471 0.086504 0.252640 0.062976 0.252640
0 0.087889 0.219190 0.106575 0.219190 0.106575 0.242958 0.087889 0.242958
0 0.013841 0.327464 0.044983 0.327464 0.044983 0.354753 0.013841 0.354753
0 0.047059 0.318662 0.072665 0.318662 0.072665 0.350352 0.047059 0.350352
0 0.107958 0.312500 0.139100 0.312500 0.139100 0.350352 0.107958 0.350352
0 0.083046 0.333627 0.105883 0.333627 0.105883 0.357395 0.083046 0.357395
0 0.173703 0.316021 0.188927 0.316021 0.188927 0.345951 0.173703 0.345951
0 0.185468 0.277289 0.199308 0.277289 0.199308 0.322183 0.185468 0.322183
0 0.132872 0.253520 0.149480 0.253520 0.149480 0.280809 0.132872 0.280809
0 0.215917 0.155810 0.242215 0.155810 0.242215 0.185740 0.215917 0.185740
0 0.203460 0.121480 0.223529 0.121480 0.223529 0.144367 0.203460 0.144367
0 0.108650 0.114436 0.127335 0.114436 0.127335 0.142605 0.108650 0.142605
0 0.226297 0.213029 0.255363 0.213029 0.255363 0.234156 0.226297 0.234156
0 0.260900 0.148767 0.294810 0.148767 0.294810 0.171654 0.260900 0.171654
0 0.291349 0.117958 0.319723 0.117958 0.319723 0.142606 0.291349 0.142606
0 0.241522 0.039612 0.267128 0.039612 0.267128 0.073064 0.241522 0.073064
0 0.247058 0.098591 0.268512 0.098591 0.268512 0.120598 0.247058 0.120598
0 0.249136 0.124999 0.272665 0.124999 0.272665 0.139084 0.249136 0.139084
0 0.256055 0.078345 0.278200 0.078345 0.278200 0.107394 0.256055 0.107394
0 0.277508 0.080105 0.294810 0.080105 0.294810 0.102112 0.277508 0.102112
0 0.271280 0.199823 0.303114 0.199823 0.303114 0.221830 0.271280 0.221830
0 0.270588 0.254402 0.305882 0.254402 0.305882 0.275529 0.270588 0.275529
0 0.289274 0.225353 0.307958 0.225353 0.307958 0.247360 0.289274 0.247360
0 0.262976 0.279929 0.300346 0.279929 0.300346 0.307219 0.262976 0.307219
0 0.271972 0.304578 0.305882 0.304578 0.305882 0.330106 0.271972 0.330106
0 0.240831 0.320422 0.264360 0.320422 0.264360 0.345070 0.240831 0.345070
0 0.327336 0.146127 0.350865 0.146127 0.350865 0.182219 0.327336 0.182219
0 0.321107 0.201584 0.341869 0.201584 0.341869 0.216550 0.321107 0.216550
0 0.290658 0.037852 0.314187 0.037852 0.314187 0.069542 0.290658 0.069542
0 0.395848 0.169894 0.425606 0.169894 0.425606 0.195422 0.395848 0.195422
0 0.388927 0.198064 0.417301 0.198064 0.417301 0.230634 0.388927 0.230634
0 0.394463 0.040494 0.418685 0.040494 0.418685 0.075704 0.394463 0.075704
0 0.368166 0.049295 0.393772 0.049295 0.393772 0.082747 0.368166 0.082747
0 0.355709 0.088028 0.387543 0.088028 0.387543 0.121480 0.355709 0.121480
0 0.350174 0.073064 0.372318 0.073064 0.372318 0.105634 0.350174 0.105634
0 0.343944 0.000881 0.364013 0.000881 0.364013 0.022887 0.343944 0.022887
0 0.439446 0.001761 0.466436 0.001761 0.466436 0.028169 0.439446 0.028169
0 0.502422 0.068662 0.521799 0.068662 0.521799 0.096830 0.502422 0.096830
0 0.478201 0.099472 0.499653 0.099472 0.499653 0.125000 0.478201 0.125000
0 0.458131 0.178697 0.470589 0.178697 0.470589 0.208627 0.458131 0.208627
0 0.447059 0.188380 0.460207 0.188380 0.460207 0.225352 0.447059 0.225352
0 0.393079 0.247360 0.419377 0.247360 0.419377 0.280811 0.393079 0.280811
0 0.397232 0.227112 0.420762 0.227112 0.420762 0.254402 0.397232 0.254402
0 0.379239 0.294014 0.406921 0.294014 0.406921 0.338028 0.379239 0.338028
0 0.443599 0.243839 0.457439 0.243839 0.457439 0.272888 0.443599 0.272888
0 0.430450 0.272888 0.454672 0.272888 0.454672 0.314260 0.430450 0.314260
0 0.480968 0.249120 0.501729 0.249120 0.501729 0.274648 0.480968 0.274648
0 0.527336 0.182219 0.557094 0.182219 0.557094 0.205105 0.527336 0.205105
0 0.537024 0.118838 0.569550 0.118838 0.569550 0.142606 0.537024 0.142606
0 0.549481 0.137323 0.575087 0.137323 0.575087 0.171654 0.549481 0.171654
0 0.570934 0.002641 0.603460 0.002641 0.603460 0.027289 0.570934 0.027289
0 0.525259 0.309859 0.555709 0.309859 0.555709 0.346831 0.525259 0.346831
0 0.489965 0.308979 0.520415 0.308979 0.520415 0.345951 0.489965 0.345951
0 0.589619 0.206866 0.618685 0.206866 0.618685 0.237676 0.589619 0.237676
0 0.596540 0.246479 0.620068 0.246479 0.620068 0.276409 0.596540 0.276409
0 0.612457 0.126760 0.635985 0.126760 0.635985 0.161971 0.612457 0.161971
0 0.672664 0.113557 0.696886 0.113557 0.696886 0.153170 0.672664 0.153170
0 0.651904 0.158450 0.671972 0.158450 0.671972 0.193661 0.651904 0.193661
0 0.649827 0.063381 0.682353 0.063381 0.682353 0.111795 0.649827 0.111795
0 0.626989 0.288733 0.646366 0.288733 0.646366 0.322184 0.626989 0.322184
0 0.513494 0.184859 0.524568 0.184859 0.524568 0.208627 0.513494 0.208627
0 0.619377 0.028169 0.648443 0.028169 0.648443 0.065141 0.619377 0.065141
0 0.632526 0.004401 0.660900 0.004401 0.660900 0.032571 0.632526 0.032571
0 0.700346 0.018486 0.736332 0.018486 0.736332 0.058979 0.700346 0.058979
0 0.735640 0.085387 0.766090 0.085387 0.766090 0.125000 0.735640 0.125000
0 0.764014 0.081866 0.795848 0.081866 0.795848 0.124120 0.764014 0.124120
0 0.753633 0.134684 0.784083 0.134684 0.784083 0.156691 0.753633 0.156691
0 0.788235 0.059860 0.819377 0.059860 0.819377 0.107395 0.788235 0.107395
0 0.773011 0.051936 0.791003 0.051936 0.791003 0.080105 0.773011 0.080105
0 0.783391 0.022007 0.821453 0.022007 0.821453 0.058099 0.783391 0.058099
0 0.802076 0.002641 0.847750 0.002641 0.847750 0.052817 0.802076 0.052817
0 0.853287 0.118838 0.878200 0.118838 0.878200 0.150528 0.853287 0.150528
0 0.878200 0.080106 0.900346 0.080106 0.900346 0.104754 0.878200 0.104754
0 0.887889 0.128521 0.904499 0.128521 0.904499 0.161091 0.887889 0.161091
0 0.881660 0.156690 0.895501 0.156690 0.895501 0.190141 0.881660 0.190141
0 0.899653 0.180457 0.912803 0.180457 0.912803 0.195422 0.899653 0.195422
0 0.885122 0.220951 0.898271 0.220951 0.898271 0.247359 0.885122 0.247359
0 0.851903 0.235915 0.868513 0.235915 0.868513 0.265845 0.851903 0.265845
0 0.832526 0.292253 0.847751 0.292253 0.847751 0.315140 0.832526 0.315140
0 0.840830 0.318661 0.867128 0.318661 0.867128 0.340668 0.840830 0.340668
0 0.808304 0.217429 0.825605 0.217429 0.825605 0.244719 0.808304 0.244719
0 0.806228 0.182218 0.833218 0.182218 0.833218 0.212148 0.806228 0.212148
0 0.757786 0.193663 0.793080 0.193663 0.793080 0.222712 0.757786 0.222712
0 0.779930 0.231514 0.798616 0.231514 0.798616 0.263204 0.779930 0.263204
0 0.721800 0.220950 0.763322 0.220950 0.763322 0.285212 0.721800 0.285212
0 0.707958 0.235916 0.735640 0.235916 0.735640 0.288733 0.707958 0.288733
0 0.708650 0.290493 0.737716 0.290493 0.737716 0.326585 0.708650 0.326585
0 0.684429 0.297535 0.710727 0.297535 0.710727 0.342429 0.684429 0.342429
0 0.674048 0.343310 0.706574 0.343310 0.706574 0.369718 0.674048 0.369718
0 0.862284 0.349472 0.882352 0.349472 0.882352 0.375880 0.862284 0.375880
0 0.923184 0.322183 0.963322 0.322183 0.963322 0.360035 0.923184 0.360035
0 0.919723 0.383802 0.947405 0.383802 0.947405 0.411971 0.919723 0.411971
0 0.950865 0.394366 0.984083 0.394366 0.984083 0.426056 0.950865 0.426056
0 0.962630 0.430458 0.994464 0.430458 0.994464 0.468310 0.962630 0.468310
0 0.942561 0.457746 0.977855 0.457746 0.977855 0.500000 0.942561 0.500000
0 0.921108 0.492078 0.942561 0.492078 0.942561 0.536972 0.921108 0.536972
0 0.938408 0.520246 0.957785 0.520246 0.957785 0.568662 0.938408 0.568662
0 0.934256 0.272887 0.972318 0.272887 0.972318 0.292253 0.934256 0.292253
0 0.975086 0.234155 0.994463 0.234155 0.994463 0.265845 0.975086 0.265845
0 0.908650 0.443661 0.921799 0.443661 0.921799 0.458626 0.908650 0.458626
0 0.884429 0.453344 0.905882 0.453344 0.905882 0.486795 0.884429 0.486795
0 0.850519 0.485036 0.871281 0.485036 0.871281 0.531691 0.850519 0.531691
0 0.873357 0.544014 0.912111 0.544014 0.912111 0.595950 0.873357 0.595950
0 0.860899 0.457746 0.879584 0.457746 0.879584 0.487676 0.860899 0.487676
0 0.785468 0.398768 0.800001 0.398768 0.800001 0.424296 0.785468 0.424296
0 0.883737 0.298416 0.900347 0.298416 0.900347 0.324824 0.883737 0.324824
0 0.761245 0.262323 0.783390 0.262323 0.783390 0.289612 0.761245 0.289612
0 0.745328 0.470071 0.767474 0.470071 0.767474 0.504401 0.745328 0.504401
0 0.812456 0.564261 0.831141 0.564261 0.831141 0.602113 0.812456 0.602113
0 0.708651 0.465669 0.741869 0.465669 0.741869 0.502641 0.708651 0.502641
0 0.665744 0.433979 0.705190 0.433979 0.705190 0.454225 0.665744 0.454225
0 0.647751 0.464788 0.677509 0.464788 0.677509 0.492957 0.647751 0.492957
0 0.672664 0.537852 0.704498 0.537852 0.704498 0.562500 0.672664 0.562500
0 0.687889 0.558099 0.718339 0.558099 0.718339 0.577465 0.687889 0.577465
0 0.977854 0.608275 0.998615 0.608275 0.998615 0.640845 0.977854 0.640845
0 0.959170 0.618838 0.982698 0.618838 0.982698 0.669014 0.959170 0.669014
0 0.988236 0.742958 0.998617 0.742958 0.998617 0.762324 0.988236 0.762324
0 0.952249 0.679578 0.985467 0.679578 0.985467 0.706866 0.952249 0.706866
0 0.968166 0.871479 0.998616 0.871479 0.998616 0.902289 0.968166 0.902289
0 0.939793 0.955106 0.990312 0.955106 0.990312 0.998240 0.939793 0.998240
0 0.879585 0.611796 0.918339 0.611796 0.918339 0.651408 0.879585 0.651408
0 0.864360 0.592429 0.896194 0.592429 0.896194 0.626761 0.864360 0.626761
0 0.921107 0.692782 0.934257 0.692782 0.934257 0.711268 0.921107 0.711268
0 0.893425 0.697183 0.910035 0.697183 0.910035 0.720951 0.893425 0.720951
0 0.840831 0.728873 0.862283 0.728873 0.862283 0.765845 0.840831 0.765845
0 0.831834 0.757042 0.849135 0.757042 0.849135 0.794014 0.831834 0.794014
0 0.905882 0.868838 0.924567 0.868838 0.924567 0.899648 0.905882 0.899648
0 0.797925 0.796655 0.820762 0.796655 0.820762 0.834507 0.797925 0.834507
0 0.776471 0.850352 0.811765 0.850352 0.811765 0.883802 0.776471 0.883802
0 0.770243 0.845071 0.793771 0.845071 0.793771 0.866197 0.770243 0.866197
0 0.737024 0.859155 0.775086 0.859155 0.775086 0.880281 0.737024 0.880281
0 0.865052 0.938380 0.896886 0.938380 0.896886 0.963908 0.865052 0.963908
0 0.821454 0.894366 0.862284 0.894366 0.862284 0.919894 0.821454 0.919894
0 0.752249 0.890845 0.778547 0.890845 0.778547 0.908451 0.752249 0.908451
0 0.730104 0.888205 0.751556 0.888205 0.751556 0.910211 0.730104 0.910211
0 0.701731 0.882922 0.725259 0.882922 0.725259 0.912852 0.701731 0.912852
0 0.686505 0.914613 0.710034 0.914613 0.710034 0.941901 0.686505 0.941901
0 0.653287 0.897007 0.684429 0.897007 0.684429 0.937501 0.653287 0.937501
0 0.732180 0.941902 0.757786 0.941902 0.757786 0.955106 0.732180 0.955106
0 0.840138 0.650528 0.867128 0.650528 0.867128 0.674296 0.840138 0.674296
0 0.830449 0.662852 0.847059 0.662852 0.847059 0.695422 0.830449 0.695422
0 0.810380 0.657571 0.831141 0.657571 0.831141 0.691021 0.810380 0.691021
0 0.797925 0.635563 0.820762 0.635563 0.820762 0.667253 0.797925 0.667253
0 0.776470 0.629401 0.802076 0.629401 0.802076 0.651409 0.776470 0.651409
0 0.775087 0.602113 0.799308 0.602113 0.799308 0.627641 0.775087 0.627641
0 0.651903 0.674296 0.680277 0.674296 0.680277 0.710388 0.651903 0.710388
0 0.669897 0.630281 0.694809 0.630281 0.694809 0.659331 0.669897 0.659331
0 0.699655 0.706867 0.721108 0.706867 0.721108 0.752641 0.699655 0.752641
0 0.706574 0.690141 0.740484 0.690141 0.740484 0.727113 0.706574 0.727113
0 0.735641 0.698944 0.759169 0.698944 0.759169 0.726232 0.735641 0.726232
0 0.746714 0.670775 0.771626 0.670775 0.771626 0.703345 0.746714 0.703345
0 0.714879 0.668133 0.743945 0.668133 0.743945 0.691021 0.714879 0.691021
0 0.705883 0.621479 0.747405 0.621479 0.747405 0.669895 0.705883 0.669895
0 0.705190 0.600352 0.742560 0.600352 0.742560 0.625880 0.705190 0.625880
0 0.645675 0.734155 0.680969 0.734155 0.680969 0.781691 0.645675 0.781691
0 0.640139 0.758803 0.662976 0.758803 0.662976 0.798415 0.640139 0.798415
0 0.646367 0.799295 0.671280 0.799295 0.671280 0.828345 0.646367 0.828345
0 0.634603 0.642605 0.650520 0.642605 0.650520 0.665493 0.634603 0.665493
0 0.614533 0.646127 0.634601 0.646127 0.634601 0.663733 0.614533 0.663733
0 0.596540 0.750000 0.609689 0.750000 0.609689 0.779930 0.596540 0.779930
0 0.570934 0.689261 0.587543 0.689261 0.587543 0.709507 0.570934 0.709507
0 0.541869 0.685740 0.561937 0.685740 0.561937 0.718310 0.541869 0.718310
0 0.514879 0.684859 0.542561 0.684859 0.542561 0.715669 0.514879 0.715669
0 0.622838 0.813381 0.640830 0.813381 0.640830 0.853873 0.622838 0.853873
0 0.594464 0.809859 0.622838 0.809859 0.622838 0.853873 0.594464 0.853873
0 0.577855 0.800176 0.601383 0.800176 0.601383 0.838028 0.577855 0.838028
0 0.570243 0.780809 0.593772 0.780809 0.593772 0.816021 0.570243 0.816021
0 0.549481 0.769366 0.568858 0.769366 0.568858 0.801056 0.549481 0.801056
0 0.588235 0.879401 0.614533 0.879401 0.614533 0.916373 0.588235 0.916373
0 0.521799 0.853874 0.542561 0.853874 0.542561 0.918134 0.521799 0.918134
0 0.514186 0.826584 0.533563 0.826584 0.533563 0.855634 0.514186 0.855634
0 0.501038 0.859155 0.517648 0.859155 0.517648 0.884683 0.501038 0.884683
0 0.525259 0.742958 0.549481 0.742958 0.549481 0.779050 0.525259 0.779050
0 0.514879 0.741197 0.533564 0.741197 0.533564 0.772887 0.514879 0.772887
0 0.501730 0.721831 0.524567 0.721831 0.524567 0.756161 0.501730 0.756161
0 0.482353 0.747359 0.502422 0.747359 0.502422 0.772887 0.482353 0.772887
0 0.475433 0.710387 0.512111 0.710387 0.512111 0.748239 0.475433 0.748239
0 0.560554 0.648767 0.572319 0.648767 0.572319 0.665493 0.560554 0.665493
0 0.501730 0.619718 0.545328 0.619718 0.545328 0.643486 0.501730 0.643486
0 0.462975 0.942781 0.485812 0.942781 0.485812 0.997359 0.462975 0.997359
0 0.495502 0.973591 0.524568 0.973591 0.524568 0.998239 0.495502 0.998239
0 0.428373 0.951584 0.446366 0.951584 0.446366 0.969190 0.428373 0.969190
0 0.424913 0.969190 0.441522 0.969190 0.441522 0.993838 0.424913 0.993838
0 0.462284 0.857394 0.481660 0.857394 0.481660 0.899648 0.462284 0.899648
0 0.468512 0.904049 0.481661 0.904049 0.481661 0.926937 0.468512 0.926937
0 0.422838 0.757042 0.441522 0.757042 0.441522 0.782570 0.422838 0.782570
0 0.408305 0.826585 0.431142 0.826585 0.431142 0.854753 0.408305 0.854753
0 0.409689 0.874999 0.429758 0.874999 0.429758 0.909331 0.409689 0.909331
0 0.402077 0.924295 0.422838 0.924295 0.422838 0.952465 0.402077 0.952465
0 0.370934 0.809859 0.403460 0.809859 0.403460 0.855633 0.370934 0.855633
0 0.377854 0.771126 0.395848 0.771126 0.395848 0.794014 0.377854 0.794014
0 0.377163 0.718310 0.400000 0.718310 0.400000 0.750880 0.377163 0.750880
0 0.399308 0.671655 0.426298 0.671655 0.426298 0.713909 0.399308 0.713909
0 0.423530 0.691021 0.441523 0.691021 0.441523 0.728873 0.423530 0.728873
0 0.419377 0.649647 0.434603 0.649647 0.434603 0.683979 0.419377 0.683979
0 0.330104 0.893486 0.354326 0.893486 0.354326 0.912852 0.330104 0.912852
0 0.341869 0.943662 0.363321 0.943662 0.363321 0.986796 0.341869 0.986796
0 0.265051 0.924296 0.283045 0.924296 0.283045 0.945422 0.265051 0.945422
0 0.287197 0.823063 0.323183 0.823063 0.323183 0.846831 0.287197 0.846831
0 0.268512 0.808099 0.289274 0.808099 0.289274 0.830105 0.268512 0.830105
0 0.323183 0.713909 0.350173 0.713909 0.350173 0.748239 0.323183 0.748239
0 0.334256 0.625000 0.369550 0.625000 0.369550 0.647888 0.334256 0.647888
0 0.323876 0.646127 0.363322 0.646127 0.363322 0.670775 0.323876 0.670775
0 0.324567 0.669894 0.358477 0.669894 0.358477 0.698944 0.324567 0.698944
0 0.271972 0.703345 0.296193 0.703345 0.296193 0.735915 0.271972 0.735915
0 0.297577 0.701584 0.318339 0.701584 0.318339 0.725352 0.297577 0.725352
0 0.276816 0.679577 0.300345 0.679577 0.300345 0.703345 0.276816 0.703345
0 0.276124 0.633803 0.306574 0.633803 0.306574 0.666373 0.276124 0.666373
0 0.179931 0.914613 0.211765 0.914613 0.211765 0.959507 0.179931 0.959507
0 0.151557 0.924296 0.177163 0.924296 0.177163 0.966550 0.151557 0.966550
0 0.193079 0.977113 0.222145 0.977113 0.222145 0.998239 0.193079 0.998239
0 0.201384 0.848592 0.217302 0.848592 0.217302 0.868838 0.201384 0.868838
0 0.199307 0.866197 0.213148 0.866197 0.213148 0.878521 0.199307 0.878521
0 0.179931 0.863557 0.196540 0.863557 0.196540 0.883803 0.179931 0.883803
0 0.132180 0.903169 0.144637 0.903169 0.144637 0.925177 0.132180 0.925177
0 0.122492 0.882923 0.139100 0.882923 0.139100 0.902289 0.122492 0.902289
0 0.135640 0.845951 0.148097 0.845951 0.148097 0.874119 0.135640 0.874119
0 0.248443 0.740317 0.279585 0.740317 0.279585 0.770247 0.248443 0.770247
0 0.067821 0.948063 0.092733 0.948063 0.092733 0.970951 0.067821 0.970951
0 0.067820 0.919894 0.086505 0.919894 0.086505 0.944542 0.067820 0.944542
0 0.054671 0.867077 0.082353 0.867077 0.082353 0.916373 0.054671 0.916373
0 0.082353 0.857395 0.105882 0.857395 0.105882 0.903169 0.082353 0.903169
0 0.105191 0.806338 0.128028 0.806338 0.128028 0.831866 0.105191 0.831866
0 0.111419 0.773768 0.140485 0.773768 0.140485 0.798416 0.111419 0.798416
0 0.087197 0.736795 0.127335 0.736795 0.127335 0.772007 0.087197 0.772007
0 0.166090 0.718310 0.186852 0.718310 0.186852 0.748240 0.166090 0.748240
0 0.150865 0.716549 0.176471 0.716549 0.176471 0.742077 0.150865 0.742077
0 0.167474 0.602113 0.195848 0.602113 0.195848 0.646127 0.167474 0.646127
0 0.018686 0.974472 0.034603 0.974472 0.034603 0.998240 0.018686 0.998240
0 0.003461 0.768486 0.023530 0.768486 0.023530 0.807218 0.003461 0.807218
0 0.024913 0.762324 0.056747 0.762324 0.056747 0.801936 0.024913 0.801936
0 0.060207 0.759683 0.104498 0.759683 0.104498 0.792253 0.060207 0.792253
0 0.000693 0.697183 0.017301 0.697183 0.017301 0.716549 0.000693 0.716549
0 0.029066 0.684859 0.044291 0.684859 0.044291 0.709507 0.029066 0.709507
0 0.025606 0.709507 0.037371 0.709507 0.037371 0.725353 0.025606 0.725353
0 0.044291 0.701584 0.055364 0.701584 0.055364 0.719190 0.044291 0.719190
0 0.045674 0.727992 0.058823 0.727992 0.058823 0.743838 0.045674 0.743838
0 0.060208 0.720951 0.076817 0.720951 0.076817 0.732395 0.060208 0.732395
0 0.061592 0.681338 0.075432 0.681338 0.075432 0.716550 0.061592 0.716550
0 0.117647 0.669895 0.148097 0.669895 0.148097 0.710387 0.117647 0.710387
0 0.101038 0.656690 0.119031 0.656690 0.119031 0.675176 0.101038 0.675176
0 0.124567 0.618838 0.148788 0.618838 0.148788 0.647888 0.124567 0.647888
0 0.102422 0.621479 0.125259 0.621479 0.125259 0.650529 0.102422 0.650529
0 0.066435 0.649648 0.077508 0.649648 0.077508 0.669894 0.066435 0.669894
0 0.010381 0.624120 0.029757 0.624120 0.029757 0.651408 0.010381 0.651408
0 0.002768 0.578345 0.028374 0.578345 0.028374 0.609155 0.002768 0.609155
0 0.134257 0.721831 0.152249 0.721831 0.152249 0.744719 0.134257 0.744719
0 0.168166 0.566022 0.191696 0.566022 0.191696 0.587148 0.168166 0.587148
0 0.213840 0.571302 0.228374 0.571302 0.228374 0.588028 0.213840 0.588028
0 0.193080 0.538732 0.212456 0.538732 0.212456 0.568662 0.193080 0.568662
0 0.158477 0.523768 0.186851 0.523768 0.186851 0.557218 0.158477 0.557218
0 0.129412 0.542254 0.152249 0.542254 0.152249 0.573944 0.129412 0.573944
0 0.073357 0.573944 0.095502 0.573944 0.095502 0.599472 0.073357 0.599472
0 0.048443 0.551056 0.080277 0.551056 0.080277 0.576584 0.048443 0.576584
0 0.093426 0.530809 0.116263 0.530809 0.116263 0.558979 0.093426 0.558979
0 0.004845 0.518485 0.029066 0.518485 0.029066 0.546655 0.004845 0.546655
0 0.060207 0.514965 0.087197 0.514965 0.087197 0.542253 0.060207 0.542253
0 0.049135 0.507923 0.076125 0.507923 0.076125 0.528169 0.049135 0.528169
0 0.030451 0.492957 0.053979 0.492957 0.053979 0.514965 0.030451 0.514965
0 0.080969 0.460387 0.107267 0.460387 0.107267 0.490317 0.080969 0.490317
0 0.107267 0.455105 0.128719 0.455105 0.128719 0.490316 0.107267 0.490316
0 0.101039 0.493838 0.124567 0.493838 0.124567 0.512324 0.101039 0.512324
0 0.143252 0.466549 0.168165 0.466549 0.168165 0.502641 0.143252 0.502641
0 0.240139 0.669014 0.248443 0.669014 0.248443 0.684860 0.240139 0.684860
0 0.179238 0.476232 0.201384 0.476232 0.201384 0.494718 0.179238 0.494718
0 0.205536 0.479754 0.231834 0.479754 0.231834 0.500000 0.205536 0.500000
0 0.178547 0.497360 0.206229 0.497360 0.206229 0.531691 0.178547 0.531691
0 0.172318 0.426056 0.186852 0.426056 0.186852 0.445422 0.172318 0.445422
0 0.250519 0.497359 0.285813 0.497359 0.285813 0.529929 0.250519 0.529929
0 0.251211 0.583627 0.275433 0.583627 0.275433 0.607395 0.251211 0.607395
0 0.268512 0.563381 0.305882 0.563381 0.305882 0.589789 0.268512 0.589789
0 0.338408 0.594190 0.376470 0.594190 0.376470 0.619718 0.338408 0.619718
0 0.319723 0.551056 0.354325 0.551056 0.354325 0.580986 0.319723 0.580986
0 0.296886 0.546655 0.320416 0.546655 0.320416 0.575705 0.296886 0.575705
0 0.345328 0.570422 0.370934 0.570422 0.370934 0.594190 0.345328 0.594190
0 0.311418 0.529929 0.337716 0.529929 0.337716 0.551937 0.311418 0.551937
0 0.301730 0.502641 0.339792 0.502641 0.339792 0.530809 0.301730 0.530809
0 0.336332 0.514085 0.350865 0.514085 0.350865 0.545775 0.336332 0.545775
0 0.283045 0.478873 0.319723 0.478873 0.319723 0.498239 0.283045 0.498239
0 0.277508 0.458627 0.303114 0.458627 0.303114 0.485035 0.277508 0.485035
0 0.245675 0.455106 0.274741 0.455106 0.274741 0.480634 0.245675 0.480634
0 0.226298 0.424296 0.260208 0.424296 0.260208 0.455106 0.226298 0.455106
0 0.289273 0.384684 0.323875 0.384684 0.323875 0.413733 0.289273 0.413733
0 0.277509 0.395247 0.307959 0.395247 0.307959 0.422536 0.277509 0.422536
0 0.247059 0.401409 0.285121 0.401409 0.285121 0.426937 0.247059 0.426937
0 0.241523 0.377640 0.276125 0.377640 0.276125 0.398767 0.241523 0.398767
0 0.226298 0.345951 0.247751 0.345951 0.247751 0.376761 0.226298 0.376761
0 0.253980 0.347712 0.278892 0.347712 0.278892 0.375001 0.253980 0.375001
0 0.284430 0.357395 0.302423 0.357395 0.302423 0.378522 0.284430 0.378522
0 0.201384 0.439260 0.226990 0.439260 0.226990 0.469190 0.201384 0.469190
0 0.362630 0.486795 0.389620 0.486795 0.389620 0.503521 0.362630 0.503521
0 0.377162 0.337148 0.405536 0.337148 0.405536 0.375880 0.377162 0.375880
0 0.361245 0.417253 0.386851 0.417253 0.386851 0.444543 0.361245 0.444543
0 0.387544 0.373239 0.409689 0.373239 0.409689 0.397007 0.387544 0.397007
0 0.379931 0.399649 0.400692 0.399649 0.400692 0.422536 0.379931 0.422536
0 0.400693 0.431338 0.418686 0.431338 0.418686 0.475352 0.400693 0.475352
0 0.417994 0.441020 0.437370 0.441020 0.437370 0.480633 0.417994 0.480633
0 0.433219 0.427818 0.455363 0.427818 0.455363 0.469191 0.433219 0.469191
0 0.446367 0.419895 0.480277 0.419895 0.480277 0.454226 0.446367 0.454226
0 0.448443 0.389084 0.482353 0.389084 0.482353 0.431338 0.448443 0.431338
0 0.450519 0.363557 0.483737 0.363557 0.483737 0.397008 0.450519 0.397008
0 0.426297 0.357394 0.441523 0.357394 0.441523 0.388204 0.426297 0.388204
0 0.458131 0.331866 0.485813 0.331866 0.485813 0.363556 0.458131 0.363556
0 0.577855 0.356513 0.611765 0.356513 0.611765 0.383802 0.577855 0.383802
0 0.610380 0.386443 0.631833 0.386443 0.631833 0.414612 0.610380 0.414612
0 0.489274 0.479754 0.539793 0.479754 0.539793 0.518486 0.489274 0.518486
0 0.519031 0.472711 0.551557 0.472711 0.551557 0.497359 0.519031 0.497359
0 0.541868 0.453346 0.573702 0.453346 0.573702 0.481515 0.541868 0.481515
0 0.564014 0.481514 0.593080 0.481514 0.593080 0.501760 0.564014 0.501760
0 0.487889 0.558099 0.528719 0.558099 0.528719 0.584507 0.487889 0.584507
0 0.525951 0.556338 0.553633 0.556338 0.553633 0.574824 0.525951 0.574824
0 0.498269 0.540493 0.540485 0.540493 0.540485 0.559859 0.498269 0.559859
0 0.538409 0.587148 0.558477 0.587148 0.558477 0.610916 0.538409 0.610916
0 0.579931 0.508802 0.598616 0.508802 0.598616 0.550176 0.579931 0.550176
0 0.595156 0.548415 0.620069 0.548415 0.620069 0.576585 0.595156 0.576585
0 0.602076 0.517606 0.640138 0.517606 0.640138 0.554578 0.602076 0.554578
0 0.581315 0.452464 0.603461 0.452464 0.603461 0.473591 0.581315 0.473591
0 0.634602 0.447184 0.656748 0.447184 0.656748 0.475353 0.634602 0.475353
0 0.632526 0.347711 0.689274 0.347711 0.689274 0.397007 0.632526 0.397007
0 0.654672 0.405809 0.674740 0.405809 0.674740 0.421654 0.654672 0.421654
0 0.645675 0.256162 0.668512 0.256162 0.668512 0.279930 0.645675 0.279930
0 0.613148 0.158450 0.629758 0.158450 0.629758 0.186619 0.613148 0.186619
0 0.512803 0.220951 0.539793 0.220951 0.539793 0.239437 0.512803 0.239437
0 0.638062 0.196303 0.647752 0.196303 0.647752 0.213028 0.638062 0.213028
0 0.040830 0.388204 0.067128 0.388204 0.067128 0.414612 0.040830 0.414612
0 0.075432 0.374120 0.089965 0.374120 0.089965 0.404930 0.075432 0.404930
0 0.090658 0.425176 0.110035 0.425176 0.110035 0.450704 0.090658 0.450704
0 0.188236 0.352994 0.200692 0.352994 0.200692 0.375881 0.188236 0.375881
0 0.061592 0.416373 0.088582 0.416373 0.088582 0.435739 0.061592 0.435739
1 0.230450 0.080105 0.240830 0.080105 0.240830 0.116197 0.230450 0.116197
1 0.503807 0.180458 0.516263 0.180458 0.516263 0.193662 0.503807 0.193662
1 0.811073 0.514084 0.820070 0.514084 0.820070 0.536972 0.811073 0.536972
1 0.872664 0.973592 0.885814 0.973592 0.885814 0.986796 0.872664 0.986796
1 0.910726 0.009683 0.921800 0.009683 0.921800 0.027289 0.910726 0.027289
1 0.806921 0.138204 0.820762 0.138204 0.820762 0.151408 0.806921 0.151408
1 0.123184 0.384683 0.139101 0.384683 0.139101 0.404929 0.123184 0.404929
1 0.169550 0.271126 0.175086 0.271126 0.175086 0.280809 0.169550 0.280809
1 0.537716 0.369718 0.554326 0.369718 0.554326 0.388204 0.537716 0.388204
1 0.440138 0.500000 0.454672 0.500000 0.454672 0.520246 0.440138 0.520246
2 0.795156 0.422535 0.810381 0.422535 0.810381 0.441901 0.795156 0.441901
2 0.909342 0.299296 0.931488 0.299296 0.931488 0.318662 0.909342 0.318662
2 0.661591 0.939261 0.686504 0.939261 0.686504 0.964789 0.661591 0.964789
