0 0.151743 0.070322 0.173615 0.070322 0.173615 0.090584 0.151743 0.090584
0 0.091593 0.224077 0.112099 0.224077 0.112099 0.239571 0.091593 0.239571
0 0.133288 0.155543 0.155160 0.155543 0.155160 0.169250 0.133288 0.169250
0 0.122352 0.242551 0.143541 0.242551 0.143541 0.259833 0.122352 0.259833
0 0.129870 0.277116 0.151743 0.277116 0.151743 0.293206 0.129870 0.293206
0 0.086808 0.272944 0.104580 0.272944 0.104580 0.289034 0.086808 0.289034
0 0.098428 0.300358 0.118250 0.300358 0.118250 0.318236 0.098428 0.318236
0 0.159946 0.236592 0.181818 0.236592 0.181818 0.249107 0.159946 0.249107
0 0.161312 0.193683 0.179767 0.193683 0.179767 0.206198 0.161312 0.206198
0 0.169515 0.255662 0.190021 0.255662 0.190021 0.271753 0.169515 0.271753
0 0.151743 0.296782 0.169515 0.296782 0.169515 0.314064 0.151743 0.314064
0 0.194122 0.183552 0.211894 0.183552 0.211894 0.197855 0.194122 0.197855
0 0.200957 0.206794 0.222829 0.206794 0.222829 0.217521 0.200957 0.217521
0 0.232399 0.200835 0.250171 0.200835 0.250171 0.212157 0.232399 0.212157
0 0.234450 0.224076 0.254956 0.224076 0.254956 0.238379 0.234450 0.238379
0 0.221463 0.246723 0.243335 0.246723 0.243335 0.261622 0.221463 0.261622
0 0.208475 0.268177 0.229664 0.268177 0.229664 0.282479 0.208475 0.282479
0 0.199591 0.287843 0.220780 0.287843 0.220780 0.301550 0.199591 0.301550
0 0.237868 0.271155 0.259740 0.271155 0.259740 0.286651 0.237868 0.286651
0 0.276144 0.172825 0.298017 0.172825 0.298017 0.191299 0.276144 0.191299
0 0.276829 0.221097 0.293917 0.221097 0.293917 0.244339 0.276829 0.244339
0 0.275461 0.249105 0.294600 0.249105 0.294600 0.264004 0.275461 0.264004
0 0.293233 0.262217 0.309638 0.262217 0.309638 0.279499 0.293233 0.279499
0 0.306903 0.215732 0.323308 0.215732 0.323308 0.232420 0.306903 0.232420
0 0.306903 0.237783 0.322624 0.237783 0.322624 0.255661 0.306903 0.255661
0 0.178400 0.138855 0.196855 0.138855 0.196855 0.150775 0.178400 0.150775
0 0.124402 0.494041 0.142857 0.494041 0.142857 0.510132 0.124402 0.510132
0 0.103212 0.510131 0.120984 0.510131 0.120984 0.522647 0.103212 0.522647
0 0.110731 0.539929 0.127136 0.539929 0.127136 0.557807 0.110731 0.557807
0 0.141490 0.527413 0.162680 0.527413 0.162680 0.539929 0.141490 0.539929
0 0.172932 0.453516 0.191387 0.453516 0.191387 0.473182 0.172932 0.473182
0 0.157895 0.491656 0.172933 0.491656 0.172933 0.504171 0.157895 0.504171
0 0.166780 0.514898 0.185920 0.514898 0.185920 0.530990 0.166780 0.530990
0 0.185237 0.417759 0.209159 0.417759 0.209159 0.435041 0.185237 0.435041
0 0.188654 0.481526 0.207793 0.481526 0.207793 0.500596 0.188654 0.500596
0 0.153793 0.559594 0.169514 0.559594 0.169514 0.575686 0.153793 0.575686
0 0.161996 0.595352 0.179768 0.595352 0.179768 0.612634 0.161996 0.612634
0 0.162680 0.630513 0.179768 0.630513 0.179768 0.644219 0.162680 0.644219
0 0.153793 0.652563 0.174983 0.652563 0.174983 0.669249 0.153793 0.669249
0 0.134655 0.663886 0.152427 0.663886 0.152427 0.674612 0.134655 0.674612
0 0.206426 0.654946 0.222146 0.654946 0.222146 0.678188 0.206426 0.678188
0 0.202324 0.592372 0.219412 0.592372 0.219412 0.612634 0.202324 0.612634
0 0.238551 0.616209 0.258373 0.616209 0.258373 0.631108 0.238551 0.631108
0 0.193438 0.551252 0.213260 0.551252 0.213260 0.569130 0.193438 0.569130
0 0.225564 0.656734 0.248120 0.656734 0.248120 0.670441 0.225564 0.670441
0 0.192755 0.528605 0.204375 0.528605 0.204375 0.544100 0.192755 0.544100
0 0.209159 0.501788 0.228981 0.501788 0.228981 0.522050 0.209159 0.522050
0 0.209844 0.519666 0.233766 0.519666 0.233766 0.532778 0.209844 0.532778
0 0.215994 0.480334 0.236500 0.480334 0.236500 0.495233 0.215994 0.495233
0 0.218045 0.452323 0.238551 0.452323 0.238551 0.469010 0.218045 0.469010
0 0.224197 0.436829 0.244703 0.436829 0.244703 0.451728 0.224197 0.451728
0 0.250854 0.553040 0.272728 0.553040 0.272728 0.568535 0.250854 0.568535
0 0.289816 0.594755 0.308955 0.594755 0.308955 0.608462 0.289816 0.608462
0 0.304169 0.676400 0.327409 0.676400 0.327409 0.688916 0.304169 0.688916
0 0.324675 0.666865 0.345181 0.666865 0.345181 0.680572 0.324675 0.680572
0 0.357484 0.648987 0.378673 0.648987 0.378673 0.663886 0.357484 0.663886
0 0.330144 0.648987 0.352700 0.648987 0.352700 0.663289 0.330144 0.663289
0 0.226247 0.805125 0.246753 0.805125 0.246753 0.822407 0.226247 0.822407
0 0.265209 0.763409 0.283664 0.763409 0.283664 0.780095 0.265209 0.780095
0 0.259740 0.820024 0.276828 0.820024 0.276828 0.837902 0.259740 0.837902
0 0.199590 0.851609 0.221462 0.851609 0.221462 0.871275 0.199590 0.871275
0 0.257007 0.863528 0.275462 0.863528 0.275462 0.879023 0.257007 0.879023
0 0.282980 0.842074 0.300068 0.842074 0.300068 0.859952 0.282980 0.859952
0 0.280246 0.811681 0.297334 0.811681 0.297334 0.830155 0.280246 0.830155
0 0.311005 0.816448 0.326726 0.816448 0.326726 0.834922 0.311005 0.834922
0 0.309638 0.839095 0.331511 0.839095 0.331511 0.852801 0.309638 0.852801
0 0.325358 0.858760 0.341763 0.858760 0.341763 0.871872 0.325358 0.871872
0 0.306903 0.876638 0.321941 0.876638 0.321941 0.892730 0.306903 0.892730
0 0.303486 0.901669 0.322625 0.901669 0.322625 0.915376 0.303486 0.915376
0 0.298017 0.973779 0.313738 0.973779 0.313738 0.991657 0.298017 0.991657
0 0.317157 0.938021 0.331511 0.938021 0.331511 0.954113 0.317157 0.954113
0 0.343131 0.947557 0.361586 0.947557 0.361586 0.968415 0.343131 0.968415
0 0.350650 0.913588 0.373206 0.913588 0.373206 0.932658 0.350650 0.932658
0 0.362953 0.879619 0.381408 0.879619 0.381408 0.897497 0.362953 0.897497
0 0.351333 0.845650 0.371839 0.845650 0.371839 0.860549 0.351333 0.860549
0 0.360218 0.815256 0.384826 0.815256 0.384826 0.832538 0.360218 0.832538
0 0.395079 0.868295 0.412167 0.868295 0.412167 0.884982 0.395079 0.884982
0 0.384825 0.904052 0.403280 0.904052 0.403280 0.920144 0.384825 0.920144
0 0.390977 0.939809 0.414901 0.939809 0.414901 0.960071 0.390977 0.960071
0 0.413533 0.886174 0.431988 0.886174 0.431988 0.904648 0.413533 0.904648
0 0.268626 0.898689 0.287081 0.898689 0.287081 0.914184 0.268626 0.914184
0 0.257690 0.951728 0.276145 0.951728 0.276145 0.966031 0.257690 0.966031
0 0.278878 0.964839 0.295283 0.964839 0.295283 0.976162 0.278878 0.976162
0 0.245386 0.900477 0.265892 0.900477 0.265892 0.914183 0.245386 0.914183
0 0.221463 0.926103 0.241969 0.926103 0.241969 0.945769 0.221463 0.945769
0 0.205742 0.893326 0.227614 0.893326 0.227614 0.911204 0.205742 0.911204
0 0.181135 0.898689 0.201641 0.898689 0.201641 0.914184 0.181135 0.914184
0 0.195489 0.920739 0.213261 0.920739 0.213261 0.935041 0.195489 0.935041
0 0.183185 0.880811 0.206425 0.880811 0.206425 0.894517 0.183185 0.894517
0 0.164047 0.861739 0.185919 0.861739 0.185919 0.877235 0.164047 0.877235
0 0.163363 0.850417 0.180451 0.850417 0.180451 0.868891 0.163363 0.868891
0 0.184552 0.817044 0.205058 0.817044 0.205058 0.834922 0.184552 0.834922
0 0.207792 0.781288 0.228298 0.781288 0.228298 0.796783 0.207792 0.796783
0 0.267943 0.792610 0.283664 0.792610 0.283664 0.804530 0.267943 0.804530
0 0.289132 0.761024 0.306904 0.761024 0.306904 0.777116 0.289132 0.777116
0 0.330144 0.758045 0.349966 0.758045 0.349966 0.770560 0.330144 0.770560
0 0.682844 0.740166 0.702666 0.740166 0.702666 0.755065 0.682844 0.755065
0 0.715653 0.780095 0.736159 0.780095 0.736159 0.799761 0.715653 0.799761
0 0.654135 0.681764 0.673274 0.681764 0.673274 0.696067 0.654135 0.696067
0 0.708818 0.681168 0.728640 0.681168 0.728640 0.696067 0.708818 0.696067
0 0.701982 0.762217 0.721121 0.762217 0.721121 0.776520 0.701982 0.776520
0 0.693780 0.766389 0.708134 0.766389 0.708134 0.784863 0.693780 0.784863
0 0.660287 0.718712 0.693097 0.718712 0.693097 0.730035 0.660287 0.730035
0 0.695147 0.723480 0.710185 0.723480 0.710185 0.739572 0.695147 0.739572
0 0.692412 0.681168 0.705400 0.681168 0.705400 0.698450 0.692412 0.698450
0 0.741627 0.746127 0.761449 0.746127 0.761449 0.763409 0.741627 0.763409
0 0.727272 0.699047 0.743677 0.699047 0.743677 0.715138 0.727272 0.715138
0 0.754614 0.690107 0.771019 0.690107 0.771019 0.707985 0.754614 0.707985
0 0.766234 0.812872 0.784688 0.812872 0.784688 0.829559 0.766234 0.829559
0 0.747095 0.638856 0.762817 0.638856 0.762817 0.653755 0.747095 0.653755
0 0.747095 0.656138 0.764183 0.656138 0.764183 0.671633 0.747095 0.671633
0 0.760082 0.619189 0.778538 0.619189 0.778538 0.634088 0.760082 0.634088
0 0.773752 0.643028 0.787423 0.643028 0.787423 0.660310 0.773752 0.660310
0 0.784005 0.658523 0.801777 0.658523 0.801777 0.670442 0.784005 0.670442
0 0.786056 0.725863 0.804512 0.725863 0.804512 0.741359 0.786056 0.741359
0 0.779221 0.709178 0.793575 0.709178 0.793575 0.719308 0.779221 0.719308
0 0.819550 0.704410 0.840738 0.704410 0.840738 0.718712 0.819550 0.718712
0 0.824333 0.731228 0.843472 0.731228 0.843472 0.748510 0.824333 0.748510
0 0.844156 0.721096 0.866712 0.721096 0.866712 0.737187 0.844156 0.737187
0 0.816814 0.782479 0.838688 0.782479 0.838688 0.802145 0.816814 0.802145
0 0.785373 0.777712 0.805195 0.777712 0.805195 0.795590 0.785373 0.795590
0 0.787423 0.767580 0.803828 0.767580 0.803828 0.778903 0.787423 0.778903
0 0.811346 0.772348 0.829802 0.772348 0.829802 0.789630 0.811346 0.789630
0 0.820917 0.654351 0.839371 0.654351 0.839371 0.671037 0.820917 0.671037
0 0.814763 0.635281 0.828434 0.635281 0.828434 0.646007 0.814763 0.646007
0 0.844840 0.644219 0.866028 0.644219 0.866028 0.663885 0.844840 0.663885
0 0.822283 0.606078 0.838688 0.606078 0.838688 0.622170 0.822283 0.622170
0 0.812713 0.541121 0.831852 0.541121 0.831852 0.558403 0.812713 0.558403
0 0.853725 0.616209 0.874231 0.616209 0.874231 0.631108 0.853725 0.631108
0 0.873548 0.644220 0.898155 0.644220 0.898155 0.659119 0.873548 0.659119
0 0.891319 0.606078 0.913192 0.606078 0.913192 0.621574 0.891319 0.621574
0 0.905673 0.635875 0.921395 0.635875 0.921395 0.651370 0.905673 0.651370
0 0.913875 0.621573 0.933014 0.621573 0.933014 0.643027 0.913875 0.643027
0 0.861244 0.536353 0.881066 0.536353 0.881066 0.551848 0.861244 0.551848
0 0.768284 0.588201 0.786056 0.588201 0.786056 0.604887 0.768284 0.604887
0 0.751196 0.579261 0.766918 0.579261 0.766918 0.593564 0.751196 0.593564
0 0.730691 0.600715 0.750513 0.600715 0.750513 0.617997 0.730691 0.617997
0 0.788790 0.528010 0.802461 0.528010 0.802461 0.545292 0.788790 0.545292
0 0.795626 0.498212 0.818182 0.498212 0.818182 0.517282 0.795626 0.517282
0 0.812713 0.485102 0.829118 0.485102 0.829118 0.501193 0.812713 0.501193
0 0.719070 0.528606 0.734792 0.528606 0.734792 0.547080 0.719070 0.547080
0 0.701299 0.590583 0.722487 0.590583 0.722487 0.606078 0.701299 0.606078
0 0.701299 0.627532 0.719753 0.627532 0.719753 0.643624 0.701299 0.643624
0 0.725221 0.573302 0.738892 0.573302 0.738892 0.584028 0.725221 0.584028
0 0.717019 0.651967 0.730007 0.651967 0.730007 0.663289 0.717019 0.663289
0 0.724539 0.626937 0.738893 0.626937 0.738893 0.638856 0.724539 0.638856
0 0.825017 0.582837 0.840055 0.582837 0.840055 0.596544 0.825017 0.596544
0 0.859877 0.597140 0.876282 0.597140 0.876282 0.612039 0.859877 0.612039
0 0.842105 0.560786 0.857143 0.560786 0.857143 0.575685 0.842105 0.575685
0 0.855092 0.561383 0.872864 0.561383 0.872864 0.573898 0.855092 0.573898
0 0.916610 0.538141 0.939166 0.538141 0.939166 0.553636 0.916610 0.553636
0 0.873548 0.510130 0.892687 0.510130 0.892687 0.526222 0.873548 0.526222
0 0.888585 0.495233 0.911141 0.495233 0.911141 0.511919 0.888585 0.511919
0 0.918660 0.510727 0.938482 0.510727 0.938482 0.527413 0.918660 0.527413
0 0.797677 0.436829 0.821599 0.436829 0.821599 0.453516 0.797677 0.453516
0 0.786056 0.466031 0.806562 0.466031 0.806562 0.482718 0.786056 0.482718
0 0.827751 0.448749 0.849625 0.448749 0.849625 0.466031 0.827751 0.466031
0 0.812030 0.385578 0.832536 0.385578 0.832536 0.403456 0.812030 0.403456
0 0.805194 0.405840 0.829801 0.405840 0.829801 0.419548 0.805194 0.419548
0 0.777170 0.420739 0.795626 0.420739 0.795626 0.434446 0.777170 0.434446
0 0.768285 0.449940 0.784690 0.449940 0.784690 0.462456 0.768285 0.462456
0 0.846890 0.389154 0.866712 0.389154 0.866712 0.403456 0.846890 0.403456
0 0.858510 0.414183 0.876282 0.414183 0.876282 0.427891 0.858510 0.427891
0 0.863977 0.445769 0.880382 0.445769 0.880382 0.460668 0.863977 0.460668
0 0.880383 0.384385 0.898155 0.384385 0.898155 0.401072 0.880383 0.401072
0 0.898837 0.395709 0.923445 0.395709 0.923445 0.411799 0.898837 0.411799
0 0.909774 0.417163 0.930280 0.417163 0.930280 0.432659 0.909774 0.432659
0 0.878332 0.342073 0.897471 0.342073 0.897471 0.354589 0.878332 0.354589
0 0.905673 0.340286 0.932331 0.340286 0.932331 0.356376 0.905673 0.356376
0 0.920028 0.367104 0.942584 0.367104 0.942584 0.382003 0.920028 0.382003
0 0.937115 0.399285 0.960355 0.399285 0.960355 0.415376 0.937115 0.415376
0 0.954204 0.359357 0.971292 0.359357 0.971292 0.379023 0.954204 0.379023
0 0.960356 0.381407 0.977444 0.381407 0.977444 0.397498 0.960356 0.397498
0 0.892686 0.442194 0.911142 0.442194 0.911142 0.455305 0.892686 0.455305
0 0.710868 0.210369 0.728640 0.210369 0.728640 0.226461 0.710868 0.226461
0 0.684895 0.283671 0.706083 0.283671 0.706083 0.303337 0.684895 0.303337
0 0.668490 0.271751 0.688312 0.271751 0.688312 0.287247 0.668490 0.287247
0 0.669856 0.220500 0.687628 0.220500 0.687628 0.234803 0.669856 0.234803
0 0.701982 0.253278 0.721121 0.253278 0.721121 0.267580 0.701982 0.267580
0 0.735475 0.241359 0.753247 0.241359 0.753247 0.259833 0.735475 0.259833
0 0.740260 0.214541 0.758032 0.214541 0.758032 0.233015 0.740260 0.233015
0 0.769651 0.289631 0.785373 0.289631 0.785373 0.306913 0.769651 0.306913
0 0.780587 0.259833 0.793575 0.259833 0.793575 0.279499 0.780587 0.279499
0 0.786056 0.233015 0.799727 0.233015 0.799727 0.247318 0.786056 0.247318
0 0.844156 0.243743 0.861928 0.243743 0.861928 0.262813 0.844156 0.262813
0 0.825700 0.255662 0.847573 0.255662 0.847573 0.272944 0.825700 0.272944
0 0.826384 0.272944 0.849624 0.272944 0.849624 0.293802 0.826384 0.293802
0 0.859877 0.280691 0.885167 0.280691 0.885167 0.299761 0.859877 0.299761
0 0.852358 0.294994 0.872864 0.294994 0.872864 0.312276 0.852358 0.312276
0 0.894054 0.261620 0.912508 0.261620 0.912508 0.276519 0.894054 0.276519
0 0.822967 0.299762 0.846889 0.299762 0.846889 0.323004 0.822967 0.323004
0 0.656869 0.181764 0.676009 0.181764 0.676009 0.197259 0.656869 0.197259
0 0.638414 0.200835 0.659603 0.200835 0.659603 0.218713 0.638414 0.218713
0 0.641831 0.224672 0.655502 0.224672 0.655502 0.240167 0.641831 0.240167
0 0.614491 0.212753 0.631579 0.212753 0.631579 0.228845 0.614491 0.228845
0 0.614491 0.243146 0.632263 0.243146 0.632263 0.254470 0.614491 0.254470
0 0.629528 0.256854 0.650034 0.256854 0.650034 0.271753 0.629528 0.271753
0 0.591935 0.271751 0.614491 0.271751 0.614491 0.288438 0.591935 0.288438
0 0.609023 0.304529 0.632263 0.304529 0.632263 0.327175 0.609023 0.327175
0 0.593985 0.296186 0.613124 0.296186 0.613124 0.315256 0.593985 0.315256
0 0.598086 0.205601 0.614491 0.205601 0.614491 0.217521 0.598086 0.217521
0 0.622693 0.153754 0.642515 0.153754 0.642515 0.168057 0.622693 0.168057
0 0.562543 0.169248 0.580315 0.169248 0.580315 0.185340 0.562543 0.185340
0 0.552290 0.193086 0.567328 0.193086 0.567328 0.206794 0.552290 0.206794
0 0.546822 0.250894 0.565276 0.250894 0.565276 0.265197 0.546822 0.265197
0 0.559809 0.275923 0.579631 0.275923 0.579631 0.289631 0.559809 0.289631
0 0.567327 0.235400 0.584415 0.235400 0.584415 0.246126 0.567327 0.246126
0 0.576897 0.243146 0.596719 0.243146 0.596719 0.255661 0.576897 0.255661
0 0.525632 0.241359 0.542037 0.241359 0.542037 0.256258 0.525632 0.256258
0 0.602188 0.174016 0.623377 0.174016 0.623377 0.188320 0.602188 0.188320
0 0.587833 0.158521 0.607655 0.158521 0.607655 0.172229 0.587833 0.172229
0 0.572113 0.300953 0.593986 0.300953 0.593986 0.314661 0.572113 0.314661
0 0.630212 0.420143 0.647984 0.420143 0.647984 0.434445 0.630212 0.434445
0 0.608339 0.432658 0.631579 0.432658 0.631579 0.446960 0.608339 0.446960
0 0.605606 0.393921 0.629528 0.393921 0.629528 0.406437 0.605606 0.406437
0 0.596720 0.404649 0.617908 0.404649 0.617908 0.422527 0.596720 0.422527
0 0.574163 0.403456 0.598770 0.403456 0.598770 0.418355 0.574163 0.418355
0 0.636364 0.395114 0.650718 0.395114 0.650718 0.404648 0.636364 0.404648
0 0.674641 0.457688 0.689679 0.457688 0.689679 0.475566 0.674641 0.475566
0 0.692413 0.400477 0.712919 0.400477 0.712919 0.420143 0.692413 0.420143
0 0.695147 0.373063 0.717020 0.373063 0.717020 0.392133 0.695147 0.392133
0 0.679426 0.376639 0.698565 0.376639 0.698565 0.399881 0.679426 0.399881
0 0.695147 0.450536 0.712235 0.450536 0.712235 0.471394 0.695147 0.471394
0 0.719754 0.462456 0.738893 0.462456 0.738893 0.479738 0.719754 0.479738
0 0.688995 0.429082 0.704717 0.429082 0.704717 0.443981 0.688995 0.443981
0 0.838004 0.372468 0.855776 0.372468 0.855776 0.384387 0.838004 0.384387
0 0.855093 0.359356 0.868764 0.359356 0.868764 0.373063 0.855093 0.373063
0 0.887218 0.360548 0.905674 0.360548 0.905674 0.371276 0.887218 0.371276
0 0.126452 0.054232 0.144224 0.054232 0.144224 0.068534 0.126452 0.068534
0 0.125769 0.070917 0.142174 0.070917 0.142174 0.086413 0.125769 0.086413
0 0.257006 0.026222 0.274778 0.026222 0.274778 0.043504 0.257006 0.043504
0 0.259057 0.008343 0.279563 0.008343 0.279563 0.027413 0.259057 0.027413
0 0.304852 0.022049 0.323991 0.022049 0.323991 0.038737 0.304852 0.038737
0 0.267259 0.049464 0.290499 0.049464 0.290499 0.061978 0.267259 0.061978
0 0.290500 0.060191 0.320574 0.060191 0.320574 0.076282 0.290500 0.076282
0 0.352017 0.067937 0.375940 0.067937 0.375940 0.083433 0.352017 0.083433
0 0.335612 0.020859 0.351332 0.020859 0.351332 0.034565 0.335612 0.034565
0 0.372522 0.037545 0.395762 0.037545 0.395762 0.055423 0.372522 0.055423
0 0.393028 0.053636 0.412850 0.053636 0.412850 0.070322 0.393028 0.070322
0 0.411483 0.032181 0.431305 0.032181 0.431305 0.049463 0.411483 0.049463
0 0.613124 0.057210 0.628162 0.057210 0.628162 0.070917 0.613124 0.070917
0 0.618592 0.022645 0.635680 0.022645 0.635680 0.037545 0.618592 0.037545
0 0.644567 0.028010 0.663021 0.028010 0.663021 0.044697 0.644567 0.044697
0 0.667806 0.024434 0.687628 0.024434 0.687628 0.038141 0.667806 0.038141
0 0.667122 0.113826 0.688995 0.113826 0.688995 0.131704 0.667122 0.131704
0 0.647984 0.092968 0.662338 0.092968 0.662338 0.112634 0.647984 0.112634
0 0.703349 0.087605 0.720437 0.087605 0.720437 0.101908 0.703349 0.101908
0 0.726589 0.104886 0.746411 0.104886 0.746411 0.121574 0.726589 0.121574
0 0.703350 0.110847 0.724538 0.110847 0.724538 0.126938 0.703350 0.126938
0 0.712235 0.050655 0.734791 0.050655 0.734791 0.065555 0.712235 0.065555
0 0.710868 0.011919 0.727956 0.011919 0.727956 0.034565 0.710868 0.034565
0 0.732058 0.025029 0.744360 0.025029 0.744360 0.041121 0.732058 0.041121
0 0.739576 0.048868 0.753930 0.048868 0.753930 0.063767 0.739576 0.063767
0 0.749145 0.070322 0.764867 0.070322 0.764867 0.088200 0.749145 0.088200
0 0.764183 0.106675 0.775803 0.106675 0.775803 0.120382 0.764183 0.120382
0 0.761449 0.120382 0.773069 0.120382 0.773069 0.138856 0.761449 0.138856
0 0.647301 0.076877 0.671223 0.076877 0.671223 0.087605 0.647301 0.087605
0 0.881749 0.858760 0.897471 0.858760 0.897471 0.874255 0.881749 0.874255
0 0.892686 0.896304 0.905674 0.896304 0.905674 0.912396 0.892686 0.912396
0 0.853726 0.899284 0.866028 0.899284 0.866028 0.912396 0.853726 0.912396
0 0.803144 0.802145 0.818182 0.802145 0.818182 0.817640 0.803144 0.817640
0 0.838004 0.755661 0.858510 0.755661 0.858510 0.768773 0.838004 0.768773
0 0.850307 0.738974 0.869447 0.738974 0.869447 0.754470 0.850307 0.754470
0 0.769652 0.749107 0.790840 0.749107 0.790840 0.760429 0.769652 0.760429
0 0.663021 0.641240 0.681477 0.641240 0.681477 0.659714 0.663021 0.659714
0 0.671224 0.695471 0.688312 0.695471 0.688312 0.712157 0.671224 0.712157
0 0.704033 0.737187 0.714969 0.737187 0.714969 0.758045 0.704033 0.758045
0 0.711552 0.707986 0.725906 0.707986 0.725906 0.728844 0.711552 0.728844
0 0.375940 0.793207 0.390978 0.793207 0.390978 0.808702 0.375940 0.808702
0 0.751197 0.436233 0.769651 0.436233 0.769651 0.449344 0.751197 0.449344
0 0.716336 0.288439 0.734108 0.288439 0.734108 0.308701 0.716336 0.308701
0 0.732058 0.329558 0.750512 0.329558 0.750512 0.341477 0.732058 0.341477
0 0.749829 0.305721 0.764183 0.305721 0.764183 0.322408 0.749829 0.322408
0 0.762132 0.320023 0.777854 0.320023 0.777854 0.332539 0.762132 0.332539
0 0.768968 0.212753 0.786740 0.212753 0.786740 0.224672 0.768968 0.224672
0 0.773068 0.200239 0.792207 0.200239 0.792207 0.210966 0.773068 0.210966
0 0.668489 0.206794 0.691729 0.206794 0.691729 0.219905 0.668489 0.219905
0 0.684894 0.185340 0.708134 0.185340 0.708134 0.198451 0.684894 0.198451
0 0.044430 0.626937 0.065618 0.626937 0.065618 0.644815 0.044430 0.644815
0 0.047847 0.655542 0.066986 0.655542 0.066986 0.671633 0.047847 0.671633
0 0.065618 0.621574 0.086124 0.621574 0.086124 0.636472 0.065618 0.636472
0 0.073137 0.676401 0.097060 0.676401 0.097060 0.696067 0.073137 0.696067
0 0.016404 0.576282 0.037594 0.576282 0.037594 0.592373 0.016404 0.592373
0 0.029392 0.606079 0.046480 0.606079 0.046480 0.622765 0.029392 0.622765
0 0.084074 0.600716 0.101162 0.600716 0.101162 0.614422 0.084074 0.614422
0 0.095010 0.623957 0.115516 0.623957 0.115516 0.638259 0.095010 0.638259
0 0.107998 0.669844 0.133288 0.669844 0.133288 0.685936 0.107998 0.685936
0 0.043062 0.500000 0.060150 0.500000 0.060150 0.522646 0.043062 0.522646
0 0.032126 0.545292 0.052632 0.545292 0.052632 0.566746 0.032126 0.566746
0 0.056049 0.544099 0.077238 0.544099 0.077238 0.560191 0.056049 0.560191
0 0.069037 0.511919 0.090910 0.511919 0.090910 0.525625 0.069037 0.525625
0 0.012304 0.490465 0.034860 0.490465 0.034860 0.508343 0.012304 0.508343
0 0.015038 0.528010 0.034860 0.528010 0.034860 0.546484 0.015038 0.546484
0 0.000001 0.548272 0.018455 0.548272 0.018455 0.567938 0.000001 0.567938
0 0.046479 0.370084 0.065618 0.370084 0.065618 0.388558 0.046479 0.388558
0 0.091593 0.372468 0.111415 0.372468 0.111415 0.388558 0.091593 0.388558
0 0.000000 0.401669 0.020506 0.401669 0.020506 0.421335 0.000000 0.421335
0 0.021872 0.361144 0.046479 0.361144 0.046479 0.383790 0.021872 0.383790
0 0.135338 0.393325 0.155160 0.393325 0.155160 0.406436 0.135338 0.406436
0 0.277512 0.574493 0.298018 0.574493 0.298018 0.589989 0.277512 0.589989
0 0.182502 0.667462 0.203008 0.667462 0.203008 0.684148 0.182502 0.684148
0 0.274094 0.636471 0.295967 0.636471 0.295967 0.648987 0.274094 0.648987
0 0.249487 0.637663 0.269993 0.637663 0.269993 0.653158 0.249487 0.653158
0 0.591251 0.685339 0.604922 0.685339 0.604922 0.697855 0.591251 0.697855
0 0.591251 0.666269 0.602187 0.666269 0.602187 0.678188 0.591251 0.678188
0 0.596035 0.669845 0.615174 0.669845 0.615174 0.683551 0.596035 0.683551
0 0.775119 0.680573 0.791524 0.680573 0.791524 0.693088 0.775119 0.693088
0 0.839371 0.680571 0.854409 0.680571 0.854409 0.696067 0.839371 0.696067
0 0.833220 0.766389 0.852359 0.766389 0.852359 0.781288 0.833220 0.781288
0 0.808613 0.462455 0.828435 0.462455 0.828435 0.477951 0.808613 0.477951
0 0.890635 0.278308 0.906357 0.278308 0.906357 0.294399 0.890635 0.294399
0 0.876965 0.246126 0.894737 0.246126 0.894737 0.267580 0.876965 0.267580
0 0.636364 0.056615 0.647984 0.056615 0.647984 0.070918 0.636364 0.070918
0 0.619275 0.042312 0.634313 0.042312 0.634313 0.060190 0.619275 0.060190
0 0.071771 0.156138 0.090226 0.156138 0.090226 0.178784 0.071771 0.178784
0 0.068353 0.184148 0.090909 0.184148 0.090909 0.204410 0.068353 0.204410
0 0.104580 0.129321 0.127136 0.129321 0.127136 0.144220 0.104580 0.144220
0 0.113465 0.184147 0.131237 0.184147 0.131237 0.197855 0.113465 0.197855
0 0.257690 0.193086 0.278196 0.193086 0.278196 0.206794 0.257690 0.206794
0 0.075871 0.569129 0.093643 0.569129 0.093643 0.581048 0.075871 0.581048
0 0.125086 0.572109 0.142174 0.572109 0.142174 0.585221 0.125086 0.585221
0 0.399863 0.917163 0.416951 0.917163 0.416951 0.930275 0.399863 0.930275
0 0.876282 0.909416 0.889953 0.909416 0.889953 0.923718 0.876282 0.923718
0 0.857826 0.913587 0.872864 0.913587 0.872864 0.926103 0.857826 0.926103
0 0.819549 0.961263 0.833903 0.961263 0.833903 0.977355 0.819549 0.977355
0 0.927546 0.492252 0.950786 0.492252 0.950786 0.505363 0.927546 0.505363
0 0.936431 0.518475 0.952836 0.518475 0.952836 0.535757 0.936431 0.535757
0 0.951469 0.446961 0.969925 0.446961 0.969925 0.463052 0.951469 0.463052
0 0.936431 0.472586 0.955570 0.472586 0.955570 0.486293 0.936431 0.486293
0 0.066986 0.253874 0.085441 0.253874 0.085441 0.287247 0.066986 0.287247
0 0.384142 0.694875 0.405332 0.694875 0.405332 0.714541 0.384142 0.714541
0 0.395079 0.672825 0.417635 0.672825 0.417635 0.691299 0.395079 0.691299
0 0.360219 0.707986 0.377991 0.707986 0.377991 0.719309 0.360219 0.719309
0 0.309638 0.693087 0.330144 0.693087 0.330144 0.702026 0.309638 0.702026
0 0.317157 0.705601 0.336296 0.705601 0.336296 0.719904 0.317157 0.719904
0 0.332877 0.707985 0.352017 0.707985 0.352017 0.717521 0.332877 0.717521
0 0.677375 0.668653 0.688311 0.668653 0.688311 0.685339 0.677375 0.685339
0 0.192071 0.222885 0.212577 0.222885 0.212577 0.235995 0.192071 0.235995
0 0.247437 0.296781 0.267943 0.296781 0.267943 0.309297 0.247437 0.309297
0 0.269309 0.295590 0.288448 0.295590 0.288448 0.309892 0.269309 0.309892
0 0.257690 0.233016 0.271361 0.233016 0.271361 0.248510 0.257690 0.248510
0 0.130554 0.128129 0.147642 0.128129 0.147642 0.140048 0.130554 0.140048
0 0.120984 0.225268 0.134655 0.225268 0.134655 0.237187 0.120984 0.237187
0 0.095010 0.252682 0.111416 0.252682 0.111416 0.262813 0.095010 0.262813
0 0.296650 0.195470 0.315790 0.195470 0.315790 0.207985 0.296650 0.207985
0 0.269993 0.269964 0.284347 0.269964 0.284347 0.285460 0.269993 0.285460
0 0.017088 0.327176 0.038277 0.327176 0.038277 0.340286 0.017088 0.340286
0 0.000684 0.329560 0.019138 0.329560 0.019138 0.339691 0.000684 0.339691
0 0.088859 0.147794 0.102529 0.147794 0.102529 0.161502 0.088859 0.161502
0 0.339029 0.060787 0.357484 0.060787 0.357484 0.070321 0.339029 0.070321
0 0.306219 0.051847 0.325358 0.051847 0.325358 0.060787 0.306219 0.060787
0 0.440191 0.058998 0.457963 0.058998 0.457963 0.073897 0.440191 0.073897
0 0.665072 0.093563 0.681477 0.093563 0.681477 0.106078 0.665072 0.106078
0 0.680110 0.089988 0.699249 0.089988 0.699249 0.103100 0.680110 0.103100
0 0.700615 0.023242 0.714286 0.023242 0.714286 0.036353 0.700615 0.036353
0 0.633630 0.176401 0.647984 0.176401 0.647984 0.193683 0.633630 0.193683
0 0.596719 0.139452 0.622009 0.139452 0.622009 0.151371 0.596719 0.151371
0 0.512645 0.277712 0.532467 0.277712 0.532467 0.295590 0.512645 0.295590
0 0.511278 0.257450 0.529734 0.257450 0.529734 0.275924 0.511278 0.275924
0 0.498975 0.252086 0.514013 0.252086 0.514013 0.275328 0.498975 0.275328
0 0.626111 0.371872 0.647299 0.371872 0.647299 0.382003 0.626111 0.382003
0 0.604238 0.379619 0.624060 0.379619 0.624060 0.397497 0.604238 0.397497
0 0.557758 0.413588 0.575530 0.413588 0.575530 0.433850 0.557758 0.433850
0 0.576213 0.426698 0.599453 0.426698 0.599453 0.438617 0.576213 0.438617
0 0.621327 0.462456 0.637048 0.462456 0.637048 0.478546 0.621327 0.478546
0 0.868079 0.868295 0.883117 0.868295 0.883117 0.884387 0.868079 0.884387
0 0.900889 0.865912 0.911825 0.865912 0.911825 0.880811 0.900889 0.880811
0 0.902940 0.880215 0.912508 0.880215 0.912508 0.894517 0.902940 0.894517
0 0.898838 0.856973 0.909774 0.856973 0.909774 0.869488 0.898838 0.869488
0 0.792892 0.748510 0.814080 0.748510 0.814080 0.758046 0.792892 0.758046
0 0.763499 0.716925 0.779221 0.716925 0.779221 0.731228 0.763499 0.731228
0 0.762132 0.740762 0.777854 0.740762 0.777854 0.754469 0.762132 0.754469
0 0.800409 0.584624 0.816814 0.584624 0.816814 0.600716 0.800409 0.600716
0 0.784689 0.572705 0.799043 0.572705 0.799043 0.584028 0.784689 0.584028
0 0.763499 0.543504 0.779221 0.543504 0.779221 0.564362 0.763499 0.564362
0 0.769651 0.510131 0.787423 0.510131 0.787423 0.526817 0.769651 0.526817
0 0.738892 0.554827 0.754614 0.554827 0.754614 0.570322 0.738892 0.570322
0 0.734108 0.516091 0.747779 0.516091 0.747779 0.528010 0.734108 0.528010
0 0.735475 0.529201 0.751880 0.529201 0.751880 0.541717 0.735475 0.541717
0 0.631579 0.525030 0.647301 0.525030 0.647301 0.539332 0.631579 0.539332
0 0.708135 0.813469 0.729323 0.813469 0.729323 0.828368 0.708135 0.828368
0 0.742310 0.781288 0.758032 0.781288 0.758032 0.793207 0.742310 0.793207
0 0.763500 0.762813 0.775120 0.762813 0.775120 0.778904 0.763500 0.778904
0 0.740943 0.768772 0.753931 0.768772 0.753931 0.780691 0.740943 0.780691
0 0.380041 0.839690 0.396446 0.839690 0.396446 0.859356 0.380041 0.859356
0 0.413533 0.847438 0.427204 0.847438 0.427204 0.866508 0.413533 0.866508
0 0.425154 0.865316 0.436090 0.865316 0.436090 0.883790 0.425154 0.883790
0 0.395078 0.812277 0.410799 0.812277 0.410799 0.828963 0.395078 0.828963
0 0.403965 0.822408 0.416267 0.822408 0.416267 0.839094 0.403965 0.839094
0 0.225564 0.868892 0.239918 0.868892 0.239918 0.886174 0.225564 0.886174
0 0.313739 0.957688 0.336979 0.957688 0.336979 0.975566 0.313739 0.975566
0 0.209159 0.758642 0.237867 0.758642 0.237867 0.772348 0.209159 0.772348
0 0.177033 0.750298 0.203691 0.750298 0.203691 0.764004 0.177033 0.764004
0 0.225564 0.557211 0.248120 0.557211 0.248120 0.573897 0.225564 0.573897
0 0.270677 0.560191 0.290499 0.560191 0.290499 0.572110 0.270677 0.572110
0 0.127136 0.429679 0.142174 0.429679 0.142174 0.444578 0.127136 0.444578
0 0.130554 0.462456 0.147642 0.462456 0.147642 0.479143 0.130554 0.479143
0 0.149693 0.439214 0.165413 0.439214 0.165413 0.452325 0.149693 0.452325
0 0.155844 0.414183 0.179084 0.414183 0.179084 0.429679 0.155844 0.429679
0 0.119617 0.384385 0.142173 0.384385 0.142173 0.401072 0.119617 0.401072
0 0.004784 0.384386 0.026658 0.384386 0.026658 0.398093 0.004784 0.398093
0 0.000684 0.421335 0.017772 0.421335 0.017772 0.437425 0.000684 0.437425
0 0.065618 0.243147 0.078605 0.243147 0.078605 0.259238 0.065618 0.259238
0 0.151743 0.018474 0.177033 0.018474 0.177033 0.028605 0.151743 0.028605
0 0.433356 0.140644 0.451128 0.140644 0.451128 0.157926 0.433356 0.157926
0 0.734108 0.412396 0.749830 0.412396 0.749830 0.425507 0.734108 0.425507
0 0.710185 0.417163 0.730007 0.417163 0.730007 0.438021 0.710185 0.438021
0 0.526999 0.431467 0.546821 0.431467 0.546821 0.442790 0.526999 0.442790
0 0.529050 0.420144 0.546138 0.420144 0.546138 0.427890 0.529050 0.427890
0 0.812030 0.982121 0.826384 0.982121 0.826384 0.992848 0.812030 0.992848
0 0.788107 0.977950 0.797675 0.977950 0.797675 0.988080 0.788107 0.988080
0 0.800410 0.976162 0.806562 0.976162 0.806562 0.985698 0.800410 0.985698
0 0.368422 0.957687 0.389611 0.957687 0.389611 0.970799 0.368422 0.970799
0 0.139440 0.735400 0.164730 0.735400 0.164730 0.749107 0.139440 0.749107
0 0.144908 0.752682 0.162680 0.752682 0.162680 0.766984 0.144908 0.766984
0 0.090909 0.655543 0.107997 0.655543 0.107997 0.673421 0.090909 0.673421
0 0.062884 0.661501 0.081339 0.661501 0.081339 0.676997 0.062884 0.676997
0 0.008202 0.668057 0.027341 0.668057 0.027341 0.683553 0.008202 0.683553
0 0.000000 0.573897 0.014354 0.573897 0.014354 0.585816 0.000000 0.585816
0 0.106630 0.157925 0.121668 0.157925 0.121668 0.171633 0.106630 0.171633
0 0.156528 0.049464 0.179768 0.049464 0.179768 0.063767 0.156528 0.063767
0 0.172249 0.067341 0.189337 0.067341 0.189337 0.082240 0.172249 0.082240
0 0.251538 0.165674 0.271360 0.165674 0.271360 0.180572 0.251538 0.180572
0 0.254956 0.180572 0.267942 0.180572 0.267942 0.191299 0.254956 0.191299
0 0.382091 0.715136 0.400546 0.715136 0.400546 0.731228 0.382091 0.731228
0 0.417635 0.672825 0.431306 0.672825 0.431306 0.690703 0.417635 0.690703
0 0.404647 0.653755 0.423787 0.653755 0.423787 0.667461 0.404647 0.667461
0 0.176349 0.574494 0.190020 0.574494 0.190020 0.591180 0.176349 0.591180
0 0.209843 0.542312 0.226931 0.542312 0.226931 0.556615 0.209843 0.556615
0 0.188653 0.626937 0.203007 0.626937 0.203007 0.641239 0.188653 0.641239
0 0.220779 0.187128 0.237867 0.187128 0.237867 0.193682 0.220779 0.193682
0 0.224196 0.151371 0.240601 0.151371 0.240601 0.157925 0.224196 0.157925
0 0.261790 0.650178 0.283664 0.650178 0.283664 0.663290 0.261790 0.663290
0 0.208476 0.613231 0.225564 0.613231 0.225564 0.624553 0.208476 0.624553
0 0.227615 0.505364 0.238551 0.505364 0.238551 0.516091 0.227615 0.516091
0 0.640465 0.003576 0.658237 0.003576 0.658237 0.014899 0.640465 0.014899
0 0.682843 0.005959 0.704716 0.005959 0.704716 0.016686 0.682843 0.016686
0 0.720438 0.185340 0.744360 0.185340 0.744360 0.196067 0.720438 0.196067
0 0.736158 0.125148 0.751880 0.125148 0.751880 0.136472 0.736158 0.136472
0 0.147642 0.817044 0.161996 0.817044 0.161996 0.835518 0.147642 0.835518
0 0.556391 0.647200 0.582365 0.647200 0.582365 0.677592 0.556391 0.677592
0 0.662338 0.438021 0.679426 0.438021 0.679426 0.448748 0.662338 0.448748
0 0.630212 0.281288 0.641148 0.281288 0.641148 0.289034 0.630212 0.289034
0 0.062884 0.353993 0.086124 0.353993 0.086124 0.363528 0.062884 0.363528
0 0.081340 0.359953 0.090909 0.359953 0.090909 0.374852 0.081340 0.374852
0 0.300068 0.619190 0.315106 0.619190 0.315106 0.635876 0.300068 0.635876
0 0.645933 0.622170 0.669173 0.622170 0.669173 0.632896 0.645933 0.632896
0 0.701299 0.550060 0.714970 0.550060 0.714970 0.568534 0.701299 0.568534
0 0.685577 0.566150 0.699248 0.566150 0.699248 0.583432 0.685577 0.583432
0 0.850308 0.517879 0.867396 0.517879 0.867396 0.532181 0.850308 0.532181
0 0.935748 0.420143 0.951470 0.420143 0.951470 0.438617 0.935748 0.438617
0 0.821600 0.518474 0.835271 0.518474 0.835271 0.533969 0.821600 0.533969
0 0.834586 0.525625 0.848940 0.525625 0.848940 0.538141 0.834586 0.538141
0 0.684211 0.587605 0.693779 0.587605 0.693779 0.604291 0.684211 0.604291
0 0.147642 0.676400 0.163362 0.676400 0.163362 0.688319 0.147642 0.688319
0 0.913192 0.478546 0.923446 0.478546 0.923446 0.492848 0.913192 0.492848
0 0.531100 0.212157 0.546822 0.212157 0.546822 0.225268 0.531100 0.225268
0 0.062884 0.233611 0.073138 0.233611 0.073138 0.242550 0.062884 0.242550
0 0.299385 0.000595 0.316473 0.000595 0.316473 0.011322 0.299385 0.011322
0 0.691729 0.240763 0.706083 0.240763 0.706083 0.249701 0.691729 0.249701
0 0.880383 0.781287 0.895421 0.781287 0.895421 0.794399 0.880383 0.794399
