0 0.226415 0.199239 0.276729 0.199239 0.276729 0.246193 0.226415 0.246193
0 0.210692 0.251269 0.261006 0.251269 0.261006 0.286803 0.210692 0.286803
0 0.185535 0.109137 0.234277 0.109137 0.234277 0.162436 0.185535 0.162436
0 0.229560 0.106599 0.257862 0.106599 0.257862 0.158629 0.229560 0.158629
0 0.204402 0.162437 0.261006 0.162437 0.261006 0.204315 0.204402 0.204315
0 0.143082 0.346446 0.201258 0.346446 0.201258 0.392131 0.143082 0.392131
0 0.161950 0.307107 0.215409 0.307107 0.215409 0.343909 0.161950 0.343909
0 0.103773 0.341371 0.139937 0.341371 0.139937 0.387055 0.103773 0.387055
0 0.066038 0.414975 0.113208 0.414975 0.113208 0.456853 0.066038 0.456853
0 0.209119 0.282995 0.270440 0.282995 0.270440 0.321066 0.209119 0.321066
0 0.128931 0.120558 0.163521 0.120558 0.163521 0.152284 0.128931 0.152284
0 0.468553 0.190356 0.506289 0.190356 0.506289 0.242386 0.468553 0.242386
0 0.504717 0.201776 0.537735 0.201776 0.537735 0.232234 0.504717 0.232234
0 0.589622 0.303299 0.635220 0.303299 0.635220 0.337563 0.589622 0.337563
0 0.610063 0.441624 0.636793 0.441624 0.636793 0.502538 0.610063 0.502538
0 0.905660 0.682742 0.963836 0.682742 0.963836 0.713198 0.905660 0.713198
0 0.823900 0.554569 0.867924 0.554569 0.867924 0.604061 0.823900 0.604061
0 0.899371 0.653553 0.935535 0.653553 0.935535 0.678934 0.899371 0.678934
0 0.885220 0.598985 0.921384 0.598985 0.921384 0.647207 0.885220 0.647207
0 0.012579 0.522842 0.061321 0.522842 0.061321 0.560913 0.012579 0.560913
0 0.044025 0.549493 0.075471 0.549493 0.075471 0.590101 0.044025 0.590101
1 0.106918 0.120559 0.135220 0.120559 0.135220 0.145939 0.106918 0.145939
1 0.130503 0.065990 0.160377 0.065990 0.160377 0.092640 0.130503 0.092640
1 0.088051 0.040609 0.121069 0.040609 0.121069 0.072335 0.088051 0.072335
1 0.122641 0.007614 0.144654 0.007614 0.144654 0.032995 0.122641 0.032995
1 0.143082 0.163706 0.171384 0.163706 0.171384 0.186549 0.143082 0.186549
1 0.199686 0.049493 0.229560 0.049493 0.229560 0.072335 0.199686 0.072335
1 0.257862 0.032995 0.281446 0.032995 0.281446 0.054569 0.257862 0.054569
1 0.267296 0.054568 0.292453 0.054568 0.292453 0.086294 0.267296 0.086294
1 0.298742 0.086294 0.325472 0.086294 0.325472 0.109137 0.298742 0.109137
1 0.306604 0.054568 0.336478 0.054568 0.336478 0.078680 0.306604 0.078680
1 0.331761 0.110406 0.361635 0.110406 0.361635 0.139594 0.331761 0.139594
1 0.256289 0.171321 0.284591 0.171321 0.284591 0.187817 0.256289 0.187817
1 0.262579 0.182742 0.283019 0.182742 0.283019 0.199238 0.262579 0.199238
1 0.279874 0.195432 0.308176 0.195432 0.308176 0.218275 0.279874 0.218275
1 0.055031 0.175127 0.077045 0.175127 0.077045 0.194163 0.055031 0.194163
1 0.231132 0.313451 0.257862 0.313451 0.257862 0.338832 0.231132 0.338832
1 0.259434 0.289340 0.289308 0.289340 0.289308 0.308376 0.259434 0.308376
1 0.265723 0.347716 0.301887 0.347716 0.301887 0.380711 0.265723 0.380711
1 0.287736 0.317259 0.314466 0.317259 0.314466 0.340102 0.287736 0.340102
1 0.130502 0.413705 0.152515 0.413705 0.152515 0.437817 0.130502 0.437817
1 0.592768 0.887055 0.614781 0.887055 0.614781 0.907361 0.592768 0.907361
1 0.577044 0.828680 0.610062 0.828680 0.610062 0.855330 0.577044 0.855330
1 0.619497 0.946700 0.644654 0.946700 0.644654 0.970812 0.619497 0.970812
1 0.639937 0.880710 0.677673 0.880710 0.677673 0.904822 0.639937 0.904822
1 0.583334 0.800762 0.616352 0.800762 0.616352 0.818528 0.583334 0.818528
1 0.669812 0.906091 0.701259 0.906091 0.701259 0.926396 0.669812 0.926396
1 0.690252 0.931472 0.713836 0.931472 0.713836 0.960660 0.690252 0.960660
1 0.619497 0.766497 0.649371 0.766497 0.649371 0.794416 0.619497 0.794416
1 0.597484 0.728426 0.627358 0.728426 0.627358 0.752538 0.597484 0.752538
1 0.591195 0.763960 0.616353 0.763960 0.616353 0.791879 0.591195 0.791879
1 0.567611 0.747462 0.591195 0.747462 0.591195 0.772843 0.567611 0.772843
1 0.627359 0.800762 0.650944 0.800762 0.650944 0.823604 0.627359 0.823604
1 0.654088 0.838832 0.683962 0.838832 0.683962 0.857868 0.654088 0.857868
1 0.657232 0.796955 0.682390 0.796955 0.682390 0.819797 0.657232 0.819797
1 0.658805 0.774111 0.683963 0.774111 0.683963 0.795685 0.658805 0.795685
1 0.687107 0.842639 0.710692 0.842639 0.710692 0.870559 0.687107 0.870559
1 0.701258 0.870559 0.729560 0.870559 0.729560 0.890864 0.701258 0.890864
1 0.720126 0.917512 0.748428 0.917512 0.748428 0.939086 0.720126 0.939086
1 0.718554 0.837564 0.742139 0.837564 0.742139 0.868020 0.718554 0.868020
1 0.704402 0.728426 0.740566 0.728426 0.740566 0.760152 0.704402 0.760152
1 0.690252 0.769035 0.721699 0.769035 0.721699 0.795685 0.690252 0.795685
1 0.740566 0.775381 0.770440 0.775381 0.770440 0.803300 0.740566 0.803300
1 0.748428 0.828680 0.772012 0.828680 0.772012 0.852792 0.748428 0.852792
1 0.767296 0.913706 0.795598 0.913706 0.795598 0.936549 0.767296 0.936549
1 0.750000 0.860407 0.783018 0.860407 0.783018 0.890864 0.750000 0.890864
1 0.721698 0.959391 0.742138 0.959391 0.742138 0.977157 0.721698 0.977157
1 0.798743 0.914974 0.822327 0.914974 0.822327 0.936548 0.798743 0.936548
1 0.784591 0.850254 0.811321 0.850254 0.811321 0.871828 0.784591 0.871828
1 0.794025 0.817259 0.820755 0.817259 0.820755 0.841371 0.794025 0.841371
1 0.761006 0.751269 0.789308 0.751269 0.789308 0.775381 0.761006 0.775381
1 0.775157 0.718274 0.803459 0.718274 0.803459 0.742386 0.775157 0.742386
1 0.795597 0.751269 0.823899 0.751269 0.823899 0.776650 0.795597 0.776650
1 0.819182 0.786802 0.847484 0.786802 0.847484 0.813452 0.819182 0.813452
1 0.836478 0.829949 0.863208 0.829949 0.863208 0.856599 0.836478 0.856599
1 0.822326 0.860406 0.853773 0.860406 0.853773 0.883248 0.822326 0.883248
1 0.606919 0.907361 0.630503 0.907361 0.630503 0.927666 0.606919 0.927666
1 0.638365 0.864213 0.665095 0.864213 0.665095 0.883249 0.638365 0.883249
1 0.649370 0.951777 0.691824 0.951777 0.691824 0.979696 0.649370 0.979696
1 0.710691 0.894670 0.732704 0.894670 0.732704 0.916244 0.710691 0.916244
1 0.820755 0.954314 0.852202 0.954314 0.852202 0.974619 0.820755 0.974619
1 0.828616 0.895939 0.856918 0.895939 0.856918 0.918782 0.828616 0.918782
1 0.827043 0.918781 0.849056 0.918781 0.849056 0.944163 0.827043 0.944163
1 0.861635 0.879442 0.888365 0.879442 0.888365 0.911168 0.861635 0.911168
1 0.863208 0.923857 0.883648 0.923857 0.883648 0.944163 0.863208 0.944163
1 0.897798 0.945431 0.929245 0.945431 0.929245 0.965736 0.897798 0.965736
1 0.778302 0.781726 0.803459 0.781726 0.803459 0.808376 0.778302 0.808376
1 0.792453 0.879441 0.820755 0.879441 0.820755 0.898477 0.792453 0.898477
1 0.682389 0.704314 0.713836 0.704314 0.713836 0.724619 0.682389 0.724619
1 0.738994 0.647207 0.776730 0.647207 0.776730 0.672589 0.738994 0.672589
1 0.712264 0.635787 0.743711 0.635787 0.743711 0.658629 0.712264 0.658629
1 0.680817 0.602792 0.716981 0.602792 0.716981 0.621828 0.680817 0.621828
1 0.779874 0.604061 0.801887 0.604061 0.801887 0.623097 0.779874 0.623097
1 0.801887 0.711929 0.828617 0.711929 0.828617 0.730965 0.801887 0.730965
1 0.761006 0.680203 0.778302 0.680203 0.778302 0.699239 0.761006 0.699239
1 0.833333 0.638325 0.853773 0.638325 0.853773 0.675127 0.833333 0.675127
1 0.517296 0.766497 0.547170 0.766497 0.547170 0.786802 0.517296 0.786802
1 0.476415 0.755076 0.512579 0.755076 0.512579 0.774112 0.476415 0.774112
1 0.482705 0.734772 0.536164 0.734772 0.536164 0.762691 0.482705 0.762691
1 0.499999 0.715736 0.533018 0.715736 0.533018 0.734772 0.499999 0.734772
1 0.501572 0.645939 0.526730 0.645939 0.526730 0.668782 0.501572 0.668782
1 0.566038 0.631980 0.599056 0.631980 0.599056 0.654822 0.566038 0.654822
1 0.605346 0.691624 0.632076 0.691624 0.632076 0.715736 0.605346 0.715736
1 0.589623 0.656091 0.621070 0.656091 0.621070 0.675127 0.589623 0.675127
1 0.539308 0.577411 0.569182 0.577411 0.569182 0.601523 0.539308 0.601523
1 0.511007 0.628173 0.542454 0.628173 0.542454 0.644670 0.511007 0.644670
1 0.531447 0.607869 0.555032 0.607869 0.555032 0.624366 0.531447 0.624366
1 0.578616 0.614213 0.606918 0.614213 0.606918 0.630710 0.578616 0.630710
1 0.591194 0.593908 0.613208 0.593908 0.613208 0.614213 0.591194 0.614213
1 0.610063 0.635786 0.639937 0.635786 0.639937 0.649745 0.610063 0.649745
1 0.650944 0.606599 0.680818 0.606599 0.680818 0.628173 0.650944 0.628173
1 0.477987 0.827411 0.512578 0.827411 0.512578 0.862945 0.477987 0.862945
1 0.646226 0.689086 0.680817 0.689086 0.680817 0.718274 0.646226 0.718274
1 0.668239 0.647208 0.701257 0.647208 0.701257 0.684010 0.668239 0.684010
1 0.407233 0.546954 0.435535 0.546954 0.435535 0.573604 0.407233 0.573604
1 0.433962 0.524112 0.463836 0.524112 0.463836 0.546955 0.433962 0.546955
1 0.463837 0.467005 0.493711 0.467005 0.493711 0.491117 0.463837 0.491117
1 0.470126 0.506345 0.495283 0.506345 0.495283 0.527919 0.470126 0.527919
1 0.474843 0.539340 0.512579 0.539340 0.512579 0.558376 0.474843 0.558376
1 0.416667 0.595177 0.446541 0.595177 0.446541 0.616751 0.416667 0.616751
1 0.454402 0.605330 0.481132 0.605330 0.481132 0.631980 0.454402 0.631980
1 0.432390 0.568528 0.468554 0.568528 0.468554 0.597716 0.432390 0.597716
1 0.416667 0.412436 0.454403 0.412436 0.454403 0.441624 0.416667 0.441624
1 0.498428 0.449239 0.528302 0.449239 0.528302 0.486041 0.498428 0.486041
1 0.562893 0.524112 0.589623 0.524112 0.589623 0.546955 0.562893 0.546955
1 0.558176 0.501269 0.583334 0.501269 0.583334 0.524111 0.558176 0.524111
1 0.599057 0.560914 0.628931 0.560914 0.628931 0.590102 0.599057 0.590102
1 0.482704 0.383249 0.507861 0.383249 0.507861 0.404823 0.482704 0.404823
1 0.492138 0.412436 0.514151 0.412436 0.514151 0.432742 0.492138 0.432742
1 0.595912 0.531726 0.628930 0.531726 0.628930 0.548223 0.595912 0.548223
1 0.597484 0.510152 0.633648 0.510152 0.633648 0.531726 0.597484 0.531726
1 0.583333 0.465736 0.605347 0.465736 0.605347 0.496192 0.583333 0.496192
1 0.674529 0.510152 0.707547 0.510152 0.707547 0.531726 0.674529 0.531726
1 0.668238 0.552030 0.690252 0.552030 0.690252 0.582487 0.668238 0.582487
1 0.761007 0.553300 0.792454 0.553300 0.792454 0.576143 0.761007 0.576143
1 0.518867 0.841371 0.561321 0.841371 0.561321 0.861676 0.518867 0.861676
1 0.533019 0.881980 0.580189 0.881980 0.580189 0.906092 0.533019 0.906092
1 0.474843 0.865482 0.503145 0.865482 0.503145 0.898478 0.474843 0.898478
1 0.446541 0.889593 0.473271 0.889593 0.473271 0.914975 0.446541 0.914975
1 0.485849 0.947970 0.514151 0.947970 0.514151 0.968275 0.485849 0.968275
1 0.397799 0.812182 0.426101 0.812182 0.426101 0.837564 0.397799 0.837564
1 0.402515 0.862943 0.437107 0.862943 0.437107 0.885786 0.402515 0.885786
1 0.374213 0.912436 0.405660 0.912436 0.405660 0.935279 0.374213 0.935279
1 0.363208 0.878172 0.394655 0.878172 0.394655 0.903554 0.363208 0.903554
1 0.361635 0.953046 0.393082 0.953046 0.393082 0.970812 0.361635 0.970812
1 0.367924 0.975888 0.393081 0.975888 0.393081 1.000000 0.367924 1.000000
1 0.317610 0.750000 0.353774 0.750000 0.353774 0.779188 0.317610 0.779188
1 0.402515 0.762691 0.435534 0.762691 0.435534 0.785533 0.402515 0.785533
1 0.386792 0.717005 0.411949 0.717005 0.411949 0.741117 0.386792 0.741117
1 0.369497 0.703046 0.388365 0.703046 0.388365 0.732234 0.369497 0.732234
1 0.375786 0.677665 0.397798 0.677665 0.397798 0.703046 0.375786 0.703046
1 0.325471 0.719543 0.361635 0.719543 0.361635 0.746193 0.325471 0.746193
1 0.317610 0.460660 0.352202 0.460660 0.352202 0.494924 0.317610 0.494924
1 0.224843 0.487309 0.251573 0.487309 0.251573 0.506345 0.224843 0.506345
1 0.319182 0.498731 0.358490 0.498731 0.358490 0.516497 0.319182 0.516497
1 0.314465 0.423858 0.342767 0.423858 0.342767 0.447970 0.314465 0.447970
1 0.320754 0.395939 0.344339 0.395939 0.344339 0.420051 0.320754 0.420051
1 0.339623 0.355330 0.367925 0.355330 0.367925 0.379442 0.339623 0.379442
1 0.320755 0.336294 0.349057 0.336294 0.349057 0.360406 0.320755 0.360406
1 0.330188 0.296954 0.355345 0.296954 0.355345 0.318528 0.330188 0.318528
1 0.345912 0.313452 0.372642 0.313452 0.372642 0.340102 0.345912 0.340102
1 0.363207 0.446701 0.389937 0.446701 0.389937 0.472081 0.363207 0.472081
1 0.407232 0.364214 0.433962 0.364214 0.433962 0.387056 0.407232 0.387056
1 0.344340 0.246193 0.372642 0.246193 0.372642 0.269035 0.344340 0.269035
1 0.377358 0.258883 0.404088 0.258883 0.404088 0.286803 0.377358 0.286803
1 0.397798 0.286801 0.430818 0.286801 0.430818 0.312182 0.397798 0.312182
1 0.364780 0.182741 0.388365 0.182741 0.388365 0.209391 0.364780 0.209391
1 0.336478 0.215736 0.358490 0.215736 0.358490 0.232233 0.336478 0.232233
1 0.385220 0.143400 0.419812 0.143400 0.419812 0.163706 0.385220 0.163706
1 0.411950 0.162437 0.435534 0.162437 0.435534 0.197969 0.411950 0.197969
1 0.419811 0.261422 0.446541 0.261422 0.446541 0.286803 0.419811 0.286803
1 0.429245 0.299492 0.455975 0.299492 0.455975 0.326142 0.429245 0.326142
1 0.479560 0.309644 0.507862 0.309644 0.507862 0.331218 0.479560 0.331218
1 0.518868 0.305837 0.553459 0.305837 0.553459 0.324873 0.518868 0.324873
1 0.562894 0.251269 0.586479 0.251269 0.586479 0.269035 0.562894 0.269035
1 0.559748 0.224619 0.595912 0.224619 0.595912 0.246193 0.559748 0.246193
1 0.610062 0.246193 0.641509 0.246193 0.641509 0.270305 0.610062 0.270305
1 0.355346 0.387055 0.393082 0.387055 0.393082 0.412436 0.355346 0.412436
1 0.267296 0.455584 0.290880 0.455584 0.290880 0.478426 0.267296 0.478426
1 0.171384 0.007614 0.201258 0.007614 0.201258 0.031726 0.171384 0.031726
1 0.424528 0.067258 0.462264 0.067258 0.462264 0.102792 0.424528 0.102792
1 0.421383 0.010152 0.454402 0.010152 0.454402 0.034264 0.421383 0.034264
1 0.430818 0.034264 0.451258 0.034264 0.451258 0.052030 0.430818 0.052030
1 0.367924 0.092639 0.394654 0.092639 0.394654 0.118021 0.367924 0.118021
1 0.061321 0.256346 0.099057 0.256346 0.099057 0.291879 0.061321 0.291879
1 0.512579 0.130711 0.550315 0.130711 0.550315 0.177665 0.512579 0.177665
1 0.680818 0.324873 0.713836 0.324873 0.713836 0.347715 0.680818 0.347715
1 0.702830 0.345178 0.729560 0.345178 0.729560 0.368020 0.702830 0.368020
1 0.643081 0.729695 0.685535 0.729695 0.685535 0.761421 0.643081 0.761421
1 0.231132 0.767767 0.261006 0.767767 0.261006 0.803300 0.231132 0.803300
1 0.325472 0.868020 0.350629 0.868020 0.350629 0.888325 0.325472 0.888325
1 0.251573 0.854061 0.275157 0.854061 0.275157 0.875635 0.251573 0.875635
1 0.246855 0.814721 0.275157 0.814721 0.275157 0.848985 0.246855 0.848985
1 0.278302 0.699239 0.328616 0.699239 0.328616 0.741117 0.278302 0.741117
1 0.261006 0.652284 0.292453 0.652284 0.292453 0.677666 0.261006 0.677666
1 0.339622 0.524112 0.374214 0.524112 0.374214 0.569797 0.339622 0.569797
1 0.369497 0.600253 0.404088 0.600253 0.404088 0.630710 0.369497 0.630710
1 0.386792 0.463198 0.422956 0.463198 0.422956 0.493654 0.386792 0.493654
1 0.444968 0.345178 0.476415 0.345178 0.476415 0.374366 0.444968 0.374366
1 0.896226 0.719542 0.930817 0.719542 0.930817 0.742385 0.896226 0.742385
1 0.916667 0.788072 0.949685 0.788072 0.949685 0.823605 0.916667 0.823605
1 0.855346 0.722081 0.880503 0.722081 0.880503 0.751269 0.855346 0.751269
1 0.784590 0.656091 0.816037 0.656091 0.816037 0.680203 0.784590 0.680203
1 0.625787 0.658629 0.658805 0.658629 0.658805 0.678934 0.625787 0.678934
1 0.636793 0.427665 0.666667 0.427665 0.666667 0.445431 0.636793 0.445431
1 0.661950 0.294416 0.701258 0.294416 0.701258 0.322335 0.661950 0.322335
1 0.331761 0.909899 0.355345 0.909899 0.355345 0.926396 0.331761 0.926396
1 0.295597 0.897208 0.312893 0.897208 0.312893 0.921320 0.295597 0.921320
1 0.287736 0.868020 0.311321 0.868020 0.311321 0.890863 0.287736 0.890863
1 0.633647 0.549492 0.658805 0.549492 0.658805 0.577411 0.633647 0.577411
1 0.614780 0.604061 0.641510 0.604061 0.641510 0.626903 0.614780 0.626903
1 0.152515 0.690355 0.176101 0.690355 0.176101 0.711929 0.152515 0.711929
1 0.147799 0.785533 0.174529 0.785533 0.174529 0.809645 0.147799 0.809645
1 0.114780 0.652284 0.139936 0.652284 0.139936 0.684010 0.114780 0.684010
1 0.284591 0.549492 0.309748 0.549492 0.309748 0.581218 0.284591 0.581218
1 0.187107 0.507614 0.218554 0.507614 0.218554 0.532996 0.187107 0.532996
1 0.108490 0.541879 0.135220 0.541879 0.135220 0.569798 0.108490 0.569798
1 0.176101 0.467005 0.205975 0.467005 0.205975 0.489847 0.176101 0.489847
1 0.404089 0.217005 0.427673 0.217005 0.427673 0.246193 0.404089 0.246193
1 0.336478 0.161168 0.364780 0.161168 0.364780 0.186549 0.336478 0.186549
1 0.344340 0.189086 0.363208 0.189086 0.363208 0.209392 0.344340 0.209392
1 0.446541 0.979695 0.479560 0.979695 0.479560 1.000000 0.446541 1.000000
1 0.444968 0.925127 0.473270 0.925127 0.473270 0.944163 0.444968 0.944163
1 0.448113 0.945431 0.468553 0.945431 0.468553 0.965736 0.448113 0.965736
1 0.498427 0.901015 0.525157 0.901015 0.525157 0.922589 0.498427 0.922589
1 0.515724 0.978426 0.539308 0.978426 0.539308 1.000000 0.515724 1.000000
1 0.542453 0.973351 0.567610 0.973351 0.567610 0.996193 0.542453 0.996193
1 0.278302 0.763959 0.295598 0.763959 0.295598 0.790609 0.278302 0.790609
1 0.404088 0.659899 0.421384 0.659899 0.421384 0.677665 0.404088 0.677665
1 0.882075 0.219543 0.908805 0.219543 0.908805 0.238579 0.882075 0.238579
1 0.929245 0.121827 0.955975 0.121827 0.955975 0.140863 0.929245 0.140863
1 0.900944 0.289340 0.922957 0.289340 0.922957 0.308376 0.900944 0.308376
1 0.966982 0.313452 0.990567 0.313452 0.990567 0.336294 0.966982 0.336294
1 0.338051 0.001269 0.360063 0.001269 0.360063 0.020305 0.338051 0.020305
1 0.292453 0.008883 0.328617 0.008883 0.328617 0.036803 0.292453 0.036803
1 0.336478 0.071066 0.356918 0.071066 0.356918 0.087564 0.336478 0.087564
1 0.743711 0.715736 0.764151 0.715736 0.764151 0.733502 0.743711 0.733502
1 0.724843 0.600253 0.753145 0.600253 0.753145 0.620559 0.724843 0.620559
1 0.187107 0.579949 0.224843 0.579949 0.224843 0.609137 0.187107 0.609137
1 0.308176 0.614213 0.322327 0.614213 0.322327 0.626903 0.308176 0.626903
1 0.374214 0.431472 0.400944 0.431472 0.400944 0.446700 0.374214 0.446700
1 0.430818 0.388325 0.451258 0.388325 0.451258 0.403553 0.430818 0.403553
1 0.459120 0.280457 0.484276 0.280457 0.484276 0.303299 0.459120 0.303299
1 0.523585 0.081218 0.572327 0.081218 0.572327 0.110406 0.523585 0.110406
1 0.525157 0.011421 0.561321 0.011421 0.561321 0.034264 0.525157 0.034264
1 0.572326 0.055837 0.603773 0.055837 0.603773 0.077411 0.572326 0.077411
1 0.624214 0.219543 0.654088 0.219543 0.654088 0.243655 0.624214 0.243655
1 0.655660 0.219544 0.682390 0.219544 0.682390 0.257615 0.655660 0.257615
1 0.061321 0.730964 0.084905 0.730964 0.084905 0.755076 0.061321 0.755076
1 0.108490 0.878172 0.133648 0.878172 0.133648 0.902284 0.108490 0.902284
1 0.113208 0.077411 0.146227 0.077411 0.146227 0.105330 0.113208 0.105330
1 0.157233 0.053299 0.187107 0.053299 0.187107 0.078680 0.157233 0.078680
1 0.235849 0.019035 0.254717 0.019035 0.254717 0.039341 0.235849 0.039341
1 0.330188 0.888325 0.355345 0.888325 0.355345 0.911168 0.330188 0.911168
1 0.220126 0.961929 0.245282 0.961929 0.245282 0.991117 0.220126 0.991117
1 0.383648 0.738579 0.402516 0.738579 0.402516 0.756345 0.383648 0.756345
1 0.768868 0.800762 0.787736 0.800762 0.787736 0.818528 0.768868 0.818528
1 0.740566 0.808375 0.767296 0.808375 0.767296 0.829949 0.740566 0.829949
1 0.611635 0.852792 0.635220 0.852792 0.635220 0.873097 0.611635 0.873097
1 0.633648 0.911168 0.650944 0.911168 0.650944 0.925127 0.633648 0.925127
1 0.740566 0.885787 0.770440 0.885787 0.770440 0.901015 0.740566 0.901015
1 0.775158 0.970812 0.798743 0.970812 0.798743 0.996194 0.775158 0.996194
1 0.750000 0.987309 0.784591 0.987309 0.784591 1.000000 0.750000 1.000000
1 0.496855 0.923858 0.517295 0.923858 0.517295 0.941624 0.496855 0.941624
1 0.476415 0.902284 0.498427 0.902284 0.498427 0.916243 0.476415 0.916243
1 0.520440 0.944162 0.555032 0.944162 0.555032 0.973350 0.520440 0.973350
1 0.375786 0.809644 0.396226 0.809644 0.396226 0.823604 0.375786 0.823604
1 0.388365 0.841370 0.415095 0.841370 0.415095 0.865482 0.388365 0.865482
1 0.452830 0.690355 0.485849 0.690355 0.485849 0.715736 0.452830 0.715736
1 0.783019 0.684010 0.806604 0.684010 0.806604 0.703046 0.783019 0.703046
1 0.834905 0.681471 0.858490 0.681471 0.858490 0.706852 0.834905 0.706852
1 0.688679 0.798223 0.712264 0.798223 0.712264 0.822335 0.688679 0.822335
1 0.877358 0.752538 0.905660 0.752538 0.905660 0.775381 0.877358 0.775381
1 0.539308 0.720811 0.569182 0.720811 0.569182 0.741116 0.539308 0.741116
1 0.617924 0.673858 0.639938 0.673858 0.639938 0.691624 0.617924 0.691624
1 0.715409 0.696701 0.735849 0.696701 0.735849 0.708121 0.715409 0.708121
1 0.561321 0.656091 0.577043 0.656091 0.577043 0.677665 0.561321 0.677665
1 0.580189 0.692893 0.599057 0.692893 0.599057 0.706852 0.580189 0.706852
1 0.463836 0.554569 0.482704 0.554569 0.482704 0.577411 0.463836 0.577411
1 0.731133 0.503807 0.764151 0.503807 0.764151 0.520304 0.731133 0.520304
1 0.605346 0.371827 0.625786 0.371827 0.625786 0.390863 0.605346 0.390863
1 0.622641 0.390863 0.644655 0.390863 0.644655 0.408629 0.622641 0.408629
1 0.619497 0.406092 0.643081 0.406092 0.643081 0.420050 0.619497 0.420050
1 0.646227 0.451776 0.669812 0.451776 0.669812 0.472081 0.646227 0.472081
1 0.683962 0.430203 0.713836 0.430203 0.713836 0.453045 0.683962 0.453045
1 0.750000 0.269035 0.776730 0.269035 0.776730 0.298223 0.750000 0.298223
1 0.399371 0.321066 0.419811 0.321066 0.419811 0.351522 0.399371 0.351522
1 0.276730 0.411168 0.295598 0.411168 0.295598 0.428934 0.276730 0.428934
1 0.298742 0.381980 0.320754 0.381980 0.320754 0.398477 0.298742 0.398477
1 0.345912 0.416243 0.367924 0.416243 0.367924 0.430203 0.345912 0.430203
1 0.380503 0.336294 0.397799 0.336294 0.397799 0.357868 0.380503 0.357868
1 0.375786 0.380711 0.394654 0.380711 0.394654 0.398477 0.375786 0.398477
1 0.042452 0.248731 0.064465 0.248731 0.064465 0.274112 0.042452 0.274112
1 0.805031 0.064721 0.831761 0.064721 0.831761 0.086295 0.805031 0.086295
1 0.764151 0.119289 0.790881 0.119289 0.790881 0.143401 0.764151 0.143401
1 0.599056 0.086294 0.624214 0.086294 0.624214 0.110406 0.599056 0.110406
1 0.981132 0.275380 1.000000 0.275380 1.000000 0.295685 0.981132 0.295685
1 0.220126 0.565990 0.261007 0.565990 0.261007 0.590102 0.220126 0.590102
1 0.584906 0.190355 0.613208 0.190355 0.613208 0.219543 0.584906 0.219543
1 0.581761 0.954314 0.608491 0.954314 0.608491 0.973350 0.581761 0.973350
1 0.893082 0.105330 0.911950 0.105330 0.911950 0.119289 0.893082 0.119289
1 0.055031 0.899746 0.077045 0.899746 0.077045 0.917512 0.055031 0.917512
1 0.806604 0.574874 0.836478 0.574874 0.836478 0.620559 0.806604 0.620559
1 0.237421 0.624366 0.273585 0.624366 0.273585 0.644671 0.237421 0.644671
1 0.336478 0.927665 0.372642 0.927665 0.372642 0.954315 0.336478 0.954315
1 0.757862 0.615483 0.778302 0.615483 0.778302 0.631980 0.757862 0.631980
1 0.715409 0.661168 0.734277 0.661168 0.734277 0.677665 0.715409 0.677665
1 0.551887 0.327412 0.572327 0.327412 0.572327 0.343909 0.551887 0.343909
1 0.386792 0.043147 0.411949 0.043147 0.411949 0.067259 0.386792 0.067259
1 0.518868 0.700508 0.573900 0.700508 0.573900 0.715736 0.518868 0.715736
2 0.636792 0.960660 0.674528 0.960660 0.674528 0.987310 0.636792 0.987310
