0 0.292222 0.474445 0.342222 0.474445 0.342222 0.556667 0.292222 0.556667
0 0.319999 0.405555 0.356666 0.405555 0.356666 0.438889 0.319999 0.438889
0 0.320000 0.342222 0.357778 0.342222 0.357778 0.387778 0.320000 0.387778
0 0.292222 0.321112 0.340000 0.321112 0.340000 0.364445 0.292222 0.364445
0 0.223333 0.437778 0.271111 0.437778 0.271111 0.486667 0.223333 0.486667
0 0.246667 0.576666 0.286667 0.576666 0.286667 0.635555 0.246667 0.635555
0 0.307778 0.443333 0.352222 0.443333 0.352222 0.490001 0.307778 0.490001
0 0.348889 0.465556 0.388889 0.465556 0.388889 0.512223 0.348889 0.512223
0 0.362223 0.352222 0.403334 0.352222 0.403334 0.394444 0.362223 0.394444
0 0.382222 0.380000 0.426666 0.380000 0.426666 0.454444 0.382222 0.454444
0 0.410000 0.466667 0.451111 0.466667 0.451111 0.526667 0.410000 0.526667
0 0.441111 0.502223 0.475555 0.502223 0.475555 0.561111 0.441111 0.561111
0 0.285555 0.572222 0.321111 0.572222 0.321111 0.615556 0.285555 0.615556
0 0.440000 0.425555 0.480000 0.425555 0.480000 0.466666 0.440000 0.466666
0 0.407778 0.615556 0.445556 0.615556 0.445556 0.655556 0.407778 0.655556
0 0.436667 0.345556 0.479999 0.345556 0.479999 0.398888 0.436667 0.398888
0 0.515556 0.353333 0.557778 0.353333 0.557778 0.404444 0.515556 0.404444
0 0.474444 0.581111 0.515555 0.581111 0.515555 0.646667 0.474444 0.646667
0 0.464445 0.378889 0.503333 0.378889 0.503333 0.426667 0.464445 0.426667
0 0.487778 0.408889 0.523334 0.408889 0.523334 0.457778 0.487778 0.457778
0 0.603334 0.312222 0.704445 0.312222 0.704445 0.378889 0.603334 0.378889
0 0.703334 0.331112 0.782223 0.331112 0.782223 0.380000 0.703334 0.380000
0 0.733334 0.456667 0.797778 0.456667 0.797778 0.526667 0.733334 0.526667
0 0.677778 0.410000 0.732222 0.410000 0.732222 0.451111 0.677778 0.451111
0 0.593333 0.394444 0.638889 0.394444 0.638889 0.435555 0.593333 0.435555
0 0.647778 0.383333 0.695556 0.383333 0.695556 0.416667 0.647778 0.416667
0 0.741111 0.396667 0.784444 0.396667 0.784444 0.448889 0.741111 0.448889
0 0.777778 0.397778 0.815556 0.397778 0.815556 0.438889 0.777778 0.438889
0 0.852222 0.342222 0.903333 0.342222 0.903333 0.372222 0.852222 0.372222
0 0.793333 0.317778 0.853333 0.317778 0.853333 0.353334 0.793333 0.353334
0 0.631111 0.430000 0.677778 0.430000 0.677778 0.470000 0.631111 0.470000
0 0.603333 0.453333 0.641111 0.453333 0.641111 0.488889 0.603333 0.488889
0 0.065555 0.107778 0.123333 0.107778 0.123333 0.147778 0.065555 0.147778
0 0.055555 0.076666 0.094445 0.076666 0.094445 0.105555 0.055555 0.105555
0 0.047778 0.164444 0.108888 0.164444 0.108888 0.211112 0.047778 0.211112
0 0.107778 0.031111 0.157778 0.031111 0.157778 0.066667 0.107778 0.066667
0 0.266667 0.225555 0.315555 0.225555 0.315555 0.283333 0.266667 0.283333
0 0.300001 0.203334 0.351112 0.203334 0.351112 0.240001 0.300001 0.240001
0 0.322222 0.244444 0.390000 0.244444 0.390000 0.292222 0.322222 0.292222
0 0.132222 0.224444 0.186666 0.224444 0.186666 0.267778 0.132222 0.267778
0 0.162222 0.050000 0.197778 0.050000 0.197778 0.076666 0.162222 0.076666
0 0.185556 0.022222 0.216667 0.022222 0.216667 0.053333 0.185556 0.053333
0 0.221111 0.062223 0.253333 0.062223 0.253333 0.115555 0.221111 0.115555
0 0.345556 0.000000 0.417778 0.000000 0.417778 0.072222 0.345556 0.072222
0 0.305556 0.144445 0.348888 0.144445 0.348888 0.188889 0.305556 0.188889
0 0.212222 0.186667 0.262222 0.186667 0.262222 0.218889 0.212222 0.218889
0 0.246666 0.140000 0.295555 0.140000 0.295555 0.174444 0.246666 0.174444
0 0.054444 0.387778 0.091111 0.387778 0.091111 0.425556 0.054444 0.425556
0 0.027778 0.417778 0.075556 0.417778 0.075556 0.454445 0.027778 0.454445
0 0.065555 0.410000 0.111111 0.410000 0.111111 0.495556 0.065555 0.495556
0 0.014445 0.274444 0.053334 0.274444 0.053334 0.332222 0.014445 0.332222
0 0.052222 0.295556 0.101111 0.295556 0.101111 0.350000 0.052222 0.350000
0 0.046666 0.267778 0.090000 0.267778 0.090000 0.315556 0.046666 0.315556
0 0.095556 0.333334 0.126667 0.333334 0.126667 0.372222 0.095556 0.372222
0 0.155555 0.295555 0.203333 0.295555 0.203333 0.331111 0.155555 0.331111
0 0.158889 0.326667 0.206667 0.326667 0.206667 0.365555 0.158889 0.365555
0 0.212222 0.332222 0.252222 0.332222 0.252222 0.380000 0.212222 0.380000
0 0.258889 0.331110 0.290000 0.331110 0.290000 0.367777 0.258889 0.367777
0 0.103333 0.418888 0.203333 0.418888 0.203333 0.515556 0.103333 0.515556
0 0.143334 0.454444 0.207778 0.454444 0.207778 0.542222 0.143334 0.542222
0 0.011111 0.680000 0.053333 0.680000 0.053333 0.724444 0.011111 0.724444
0 0.107777 0.693333 0.144445 0.693333 0.144445 0.735555 0.107777 0.735555
0 0.116667 0.581111 0.158889 0.581111 0.158889 0.621111 0.116667 0.621111
0 0.153333 0.597778 0.181111 0.597778 0.181111 0.652222 0.153333 0.652222
0 0.200000 0.600000 0.232222 0.600000 0.232222 0.655556 0.200000 0.655556
0 0.262222 0.632223 0.304444 0.632223 0.304444 0.688890 0.262222 0.688890
0 0.335556 0.642222 0.378888 0.642222 0.378888 0.692222 0.335556 0.692222
0 0.332222 0.697778 0.393334 0.697778 0.393334 0.746667 0.332222 0.746667
0 0.385555 0.800001 0.436667 0.800001 0.436667 0.841111 0.385555 0.841111
0 0.291111 0.830000 0.358889 0.830000 0.358889 0.890000 0.291111 0.890000
0 0.247778 0.906666 0.295556 0.906666 0.295556 0.939999 0.247778 0.939999
0 0.143334 0.836667 0.194445 0.836667 0.194445 0.874445 0.143334 0.874445
0 0.341112 0.897778 0.382223 0.897778 0.382223 0.936666 0.341112 0.936666
0 0.371111 0.830000 0.412222 0.830000 0.412222 0.877778 0.371111 0.877778
0 0.503333 0.805556 0.553333 0.805556 0.553333 0.855556 0.503333 0.855556
0 0.505556 0.914444 0.575556 0.914444 0.575556 0.971112 0.505556 0.971112
0 0.553333 0.878889 0.598889 0.878889 0.598889 0.933333 0.553333 0.933333
0 0.453333 0.676666 0.538889 0.676666 0.538889 0.762222 0.453333 0.762222
0 0.532223 0.636667 0.578890 0.636667 0.578890 0.688889 0.532223 0.688889
0 0.612222 0.614444 0.666666 0.614444 0.666666 0.677778 0.612222 0.677778
0 0.667778 0.613333 0.712222 0.613333 0.712222 0.671111 0.667778 0.671111
0 0.620000 0.773333 0.677778 0.773333 0.677778 0.825555 0.620000 0.825555
0 0.677778 0.780000 0.746667 0.780000 0.746667 0.832222 0.677778 0.832222
0 0.722222 0.687778 0.787778 0.687778 0.787778 0.735556 0.722222 0.735556
0 0.694445 0.725556 0.751112 0.725556 0.751112 0.765556 0.694445 0.765556
0 0.708889 0.880000 0.749999 0.880000 0.749999 0.927778 0.708889 0.927778
0 0.705556 0.834445 0.745556 0.834445 0.745556 0.865555 0.705556 0.865555
0 0.752222 0.832222 0.802222 0.832222 0.802222 0.872222 0.752222 0.872222
0 0.808889 0.766667 0.876667 0.766667 0.876667 0.823334 0.808889 0.823334
0 0.884445 0.820000 0.926667 0.820000 0.926667 0.865556 0.884445 0.865556
0 0.852222 0.862222 0.895556 0.862222 0.895556 0.914444 0.852222 0.914444
0 0.793333 0.865555 0.843333 0.865555 0.843333 0.911111 0.793333 0.911111
0 0.807777 0.910001 0.861111 0.910001 0.861111 0.951111 0.807777 0.951111
0 0.896667 0.918888 0.937777 0.918888 0.937777 0.967777 0.896667 0.967777
0 0.803333 0.688889 0.848889 0.688889 0.848889 0.734445 0.803333 0.734445
0 0.491111 0.472222 0.526667 0.472222 0.526667 0.510000 0.491111 0.510000
0 0.540000 0.431111 0.592222 0.431111 0.592222 0.465555 0.540000 0.465555
0 0.595555 0.525555 0.653333 0.525555 0.653333 0.581111 0.595555 0.581111
0 0.794445 0.591110 0.836667 0.591110 0.836667 0.657778 0.794445 0.657778
0 0.914444 0.454444 0.971112 0.454444 0.971112 0.504444 0.914444 0.504444
0 0.941111 0.427778 0.978889 0.427778 0.978889 0.466666 0.941111 0.466666
0 0.848889 0.603333 0.885556 0.603333 0.885556 0.646667 0.848889 0.646667
0 0.850001 0.638888 0.901111 0.638888 0.901111 0.677777 0.850001 0.677777
0 0.858889 0.534444 0.902223 0.534444 0.902223 0.580000 0.858889 0.580000
0 0.753333 0.586666 0.790000 0.586666 0.790000 0.625555 0.753333 0.625555
0 0.803334 0.371111 0.862223 0.371111 0.862223 0.391111 0.803334 0.391111
0 0.873334 0.386667 0.914444 0.386667 0.914444 0.423334 0.873334 0.423334
0 0.907778 0.331111 0.970000 0.331111 0.970000 0.381111 0.907778 0.381111
0 0.894445 0.241111 0.946667 0.241111 0.946667 0.277778 0.894445 0.277778
0 0.786667 0.507778 0.831111 0.507778 0.831111 0.560000 0.786667 0.560000
0 0.885556 0.428889 0.924445 0.428889 0.924445 0.460000 0.885556 0.460000
0 0.813333 0.256667 0.861111 0.256667 0.861111 0.281111 0.813333 0.281111
0 0.927778 0.404444 0.966666 0.404444 0.966666 0.425555 0.927778 0.425555
0 0.828889 0.486666 0.858889 0.486666 0.858889 0.512222 0.828889 0.512222
0 0.960000 0.503333 0.993333 0.503333 0.993333 0.563333 0.960000 0.563333
0 0.901111 0.602222 0.937778 0.602222 0.937778 0.640000 0.901111 0.640000
0 0.905556 0.557778 0.946666 0.557778 0.946666 0.592222 0.905556 0.592222
0 0.881111 0.733333 0.965555 0.733333 0.965555 0.778889 0.881111 0.778889
0 0.942222 0.799999 0.994444 0.799999 0.994444 0.838888 0.942222 0.838888
0 0.803333 0.120001 0.858889 0.120001 0.858889 0.153334 0.803333 0.153334
0 0.853333 0.112223 0.896667 0.112223 0.896667 0.153334 0.853333 0.153334
0 0.898890 0.073333 0.942223 0.073333 0.942223 0.118889 0.898890 0.118889
0 0.941111 0.122222 0.981111 0.122222 0.981111 0.163333 0.941111 0.163333
0 0.606667 0.206667 0.651111 0.206667 0.651111 0.251111 0.606667 0.251111
0 0.577778 0.176667 0.627778 0.176667 0.627778 0.205556 0.577778 0.205556
0 0.667778 0.176667 0.717778 0.176667 0.717778 0.217778 0.667778 0.217778
0 0.682222 0.084445 0.720000 0.084445 0.720000 0.118889 0.682222 0.118889
0 0.734445 0.064445 0.778889 0.064445 0.778889 0.106667 0.734445 0.106667
0 0.680001 0.121111 0.771111 0.121111 0.771111 0.163333 0.680001 0.163333
0 0.746667 0.158889 0.797777 0.158889 0.797777 0.193333 0.746667 0.193333
0 0.565556 0.115556 0.597778 0.115556 0.597778 0.157778 0.565556 0.157778
0 0.778890 0.066666 0.822223 0.066666 0.822223 0.102222 0.778890 0.102222
0 0.708889 0.203334 0.831111 0.203334 0.831111 0.287778 0.708889 0.287778
0 0.574445 0.266667 0.651112 0.266667 0.651112 0.314445 0.574445 0.314445
0 0.015555 0.734444 0.061111 0.734444 0.061111 0.782222 0.015555 0.782222
0 0.080000 0.712222 0.115556 0.712222 0.115556 0.760000 0.080000 0.760000
0 0.120000 0.751111 0.160000 0.751111 0.160000 0.782223 0.120000 0.782223
0 0.155556 0.728889 0.184445 0.728889 0.184445 0.765556 0.155556 0.765556
0 0.208890 0.726666 0.252223 0.726666 0.252223 0.775555 0.208890 0.775555
0 0.173333 0.654445 0.205555 0.654445 0.205555 0.696667 0.173333 0.696667
0 0.290000 0.765555 0.335556 0.765555 0.335556 0.818889 0.290000 0.818889
0 0.028889 0.833334 0.094445 0.833334 0.094445 0.882223 0.028889 0.882223
0 0.181111 0.775556 0.213333 0.775556 0.213333 0.840000 0.181111 0.840000
0 0.462222 0.846667 0.496666 0.846667 0.496666 0.886667 0.462222 0.886667
0 0.424445 0.202222 0.463333 0.202222 0.463333 0.274444 0.424445 0.274444
0 0.381111 0.215556 0.435555 0.215556 0.435555 0.295556 0.381111 0.295556
0 0.470000 0.202222 0.525556 0.202222 0.525556 0.254444 0.470000 0.254444
0 0.466666 0.146667 0.522222 0.146667 0.522222 0.193334 0.466666 0.193334
0 0.520000 0.284445 0.564444 0.284445 0.564444 0.333334 0.520000 0.333334
0 0.538888 0.221111 0.597777 0.221111 0.597777 0.276667 0.538888 0.276667
0 0.533334 0.145556 0.576667 0.145556 0.576667 0.185556 0.533334 0.185556
0 0.543333 0.373333 0.608889 0.373333 0.608889 0.421111 0.543333 0.421111
0 0.492223 0.033334 0.538890 0.033334 0.538890 0.084444 0.492223 0.084444
0 0.567778 0.021111 0.626667 0.021111 0.626667 0.078889 0.567778 0.078889
0 0.603333 0.055556 0.656667 0.055556 0.656667 0.102222 0.603333 0.102222
0 0.692222 0.000000 0.791111 0.000000 0.791111 0.065556 0.692222 0.065556
0 0.787778 0.000000 0.838888 0.000000 0.838888 0.056666 0.787778 0.056666
0 0.530000 0.492222 0.594444 0.492222 0.594444 0.576666 0.530000 0.576666
0 0.160000 0.154444 0.195556 0.154444 0.195556 0.180000 0.160000 0.180000
0 0.195556 0.162222 0.230000 0.162222 0.230000 0.195555 0.195556 0.195555
0 0.042222 0.562222 0.082222 0.562222 0.082222 0.595556 0.042222 0.595556
0 0.035556 0.605555 0.077778 0.605555 0.077778 0.643333 0.035556 0.643333
0 0.011111 0.453334 0.063333 0.453334 0.063333 0.542223 0.011111 0.542223
1 0.242223 0.402222 0.253333 0.402222 0.253333 0.414444 0.242223 0.414444
1 0.588889 0.558889 0.611111 0.558889 0.611111 0.587777 0.588889 0.587777
