1 0.059055 0.803371 0.129921 0.803371 0.129921 0.904495 0.059055 0.904495
1 0.767716 0.780899 0.826771 0.780899 0.826771 0.865169 0.767716 0.865169
1 0.133859 0.359550 0.177166 0.359550 0.177166 0.426966 0.133859 0.426966
2 0.397638 0.685393 0.476378 0.685393 0.476378 0.820224 0.397638 0.820224
2 0.318898 0.544944 0.413386 0.544944 0.413386 0.674157 0.318898 0.674157
2 0.433070 0.533709 0.523621 0.533709 0.523621 0.662922 0.433070 0.662922
2 0.874016 0.735955 0.984252 0.735955 0.984252 0.870786 0.874016 0.870786
2 0.811024 0.393259 0.909448 0.393259 0.909448 0.522471 0.811024 0.522471
2 0.334646 0.275281 0.409448 0.275281 0.409448 0.382023 0.334646 0.382023
2 0.700788 0.365169 0.799212 0.365169 0.799212 0.516853 0.700788 0.516853
2 0.177165 0.522472 0.255905 0.522472 0.255905 0.646068 0.177165 0.646068
2 0.035433 0.235955 0.129921 0.235955 0.129921 0.359551 0.035433 0.359551
2 0.472441 0.415730 0.562993 0.415730 0.562993 0.533708 0.472441 0.533708
2 0.161417 0.106741 0.299212 0.106741 0.299212 0.213483 0.161417 0.213483
