0 0.110479 0.083716 0.140092 0.083716 0.140092 0.110396 0.110479 0.110396
0 0.145786 0.084637 0.184510 0.084637 0.184510 0.115916 0.145786 0.115916
0 0.193622 0.078197 0.230068 0.078197 0.230068 0.105795 0.193622 0.105795
0 0.248291 0.079117 0.279043 0.079117 0.279043 0.107635 0.248291 0.107635
0 0.239180 0.161913 0.267654 0.161913 0.267654 0.186752 0.239180 0.186752
0 0.209567 0.150873 0.235763 0.150873 0.235763 0.181233 0.209567 0.181233
0 0.272209 0.220792 0.304100 0.220792 0.304100 0.246550 0.272209 0.246550
0 0.307517 0.159154 0.338269 0.159154 0.338269 0.187673 0.307517 0.187673
0 0.253987 0.032199 0.288156 0.032199 0.288156 0.062558 0.253987 0.062558
0 0.046697 0.147195 0.078588 0.147195 0.078588 0.174793 0.046697 0.174793
0 0.217540 0.246551 0.241458 0.246551 0.241458 0.275989 0.217540 0.275989
0 0.183371 0.278749 0.211845 0.278749 0.211845 0.309108 0.183371 0.309108
0 0.241458 0.299907 0.272210 0.299907 0.272210 0.327507 0.241458 0.327507
0 0.210706 0.323827 0.234624 0.323827 0.234624 0.344987 0.210706 0.344987
0 0.239179 0.337626 0.268792 0.337626 0.268792 0.371666 0.239179 0.371666
0 0.183371 0.330266 0.206150 0.330266 0.206150 0.357866 0.183371 0.357866
0 0.153758 0.321068 0.178815 0.321068 0.178815 0.344987 0.153758 0.344987
0 0.164009 0.351426 0.195900 0.351426 0.195900 0.379944 0.164009 0.379944
0 0.135535 0.343147 0.161731 0.343147 0.161731 0.375345 0.135535 0.375345
0 0.194761 0.371666 0.225513 0.371666 0.225513 0.400184 0.194761 0.400184
0 0.419135 0.102115 0.453304 0.102115 0.453304 0.129715 0.419135 0.129715
0 0.438497 0.118675 0.470388 0.118675 0.470388 0.157313 0.438497 0.157313
0 0.429385 0.155474 0.458998 0.155474 0.458998 0.187672 0.429385 0.187672
0 0.399772 0.172033 0.430524 0.172033 0.430524 0.204231 0.399772 0.204231
0 0.381549 0.191353 0.405467 0.191353 0.405467 0.218951 0.381549 0.218951
0 0.412301 0.199631 0.444192 0.199631 0.444192 0.234591 0.412301 0.234591
0 0.364465 0.137075 0.388383 0.137075 0.388383 0.172954 0.364465 0.172954
0 0.488611 0.104875 0.522779 0.104875 0.522779 0.140755 0.488611 0.140755
0 0.627562 0.104875 0.654898 0.104875 0.654898 0.136155 0.627562 0.136155
0 0.645786 0.142595 0.678816 0.142595 0.678816 0.170193 0.645786 0.170193
0 0.623007 0.068078 0.649203 0.068078 0.649203 0.095676 0.623007 0.095676
0 0.668565 0.224471 0.698177 0.224471 0.698177 0.253910 0.668565 0.253910
0 0.700455 0.218951 0.720957 0.218951 0.720957 0.247471 0.700455 0.247471
0 0.661731 0.250229 0.694761 0.250229 0.694761 0.276909 0.661731 0.276909
0 0.692483 0.264030 0.723235 0.264030 0.723235 0.299909 0.692483 0.299909
0 0.751708 0.243790 0.782460 0.243790 0.782460 0.268629 0.751708 0.268629
0 0.780183 0.247471 0.812073 0.247471 0.812073 0.273230 0.780183 0.273230
0 0.791571 0.226310 0.816629 0.226310 0.816629 0.249309 0.791571 0.249309
0 0.772209 0.274148 0.800683 0.274148 0.800683 0.301748 0.772209 0.301748
0 0.407745 0.574977 0.432802 0.574977 0.432802 0.602575 0.407745 0.602575
0 0.390660 0.600736 0.419134 0.600736 0.419134 0.627414 0.390660 0.627414
0 0.410023 0.625576 0.435080 0.625576 0.435080 0.647655 0.410023 0.647655
0 0.432802 0.633855 0.458998 0.633855 0.458998 0.660533 0.432802 0.660533
0 0.458998 0.649494 0.488611 0.649494 0.488611 0.674334 0.458998 0.674334
0 0.499999 0.625575 0.525057 0.625575 0.525057 0.649494 0.499999 0.649494
0 0.520501 0.604415 0.544419 0.604415 0.544419 0.625574 0.520501 0.625574
0 0.543280 0.593376 0.568338 0.593376 0.568338 0.623735 0.543280 0.623735
0 0.476083 0.586936 0.496584 0.586936 0.496584 0.609015 0.476083 0.609015
0 0.575170 0.555658 0.597950 0.555658 0.597950 0.585097 0.575170 0.585097
0 0.551252 0.567617 0.571754 0.567617 0.571754 0.594296 0.551252 0.594296
0 0.468109 0.466421 0.498861 0.466421 0.498861 0.492180 0.468109 0.492180
0 0.487472 0.440662 0.519362 0.440662 0.519362 0.465502 0.487472 0.465502
0 0.589977 0.532659 0.623007 0.532659 0.623007 0.559337 0.589977 0.559337
0 0.287015 0.536339 0.318906 0.536339 0.318906 0.563937 0.287015 0.563937
0 0.325740 0.469182 0.356492 0.469182 0.356492 0.494941 0.325740 0.494941
0 0.379271 0.429623 0.404328 0.429623 0.404328 0.461821 0.379271 0.461821
0 0.404328 0.433302 0.440774 0.433302 0.440774 0.463662 0.404328 0.463662
0 0.848519 0.659614 0.872437 0.659614 0.872437 0.688133 0.848519 0.688133
0 0.820045 0.683532 0.849659 0.683532 0.849659 0.715732 0.820045 0.715732
0 0.806379 0.725851 0.835991 0.725851 0.835991 0.753449 0.806379 0.753449
0 0.750569 0.779208 0.774487 0.779208 0.774487 0.807727 0.750569 0.807727
0 0.764237 0.755290 0.788155 0.755290 0.788155 0.781968 0.764237 0.781968
0 0.726652 0.804047 0.756264 0.804047 0.756264 0.829807 0.726652 0.829807
0 0.673121 0.841766 0.710705 0.841766 0.710705 0.867526 0.673121 0.867526
0 0.740319 0.853726 0.768793 0.853726 0.768793 0.876725 0.740319 0.876725
0 0.623007 0.840847 0.659453 0.840847 0.659453 0.868445 0.623007 0.868445
0 0.601367 0.467342 0.632119 0.467342 0.632119 0.495860 0.601367 0.495860
0 0.652619 0.396504 0.687927 0.396504 0.687927 0.420424 0.652619 0.420424
0 0.707290 0.392825 0.744874 0.392825 0.744874 0.421343 0.707290 0.421343
0 0.923690 0.791168 0.947608 0.791168 0.947608 0.822447 0.923690 0.822447
0 0.891800 0.798528 0.915718 0.798528 0.915718 0.827047 0.891800 0.827047
0 0.873577 0.827967 0.907745 0.827967 0.907745 0.848205 0.873577 0.848205
0 0.956720 0.740571 0.982916 0.740571 0.982916 0.768169 0.956720 0.768169
0 0.828018 0.901563 0.858770 0.901563 0.858770 0.932843 0.828018 0.932843
0 0.856492 0.916284 0.891800 0.916284 0.891800 0.954002 0.856492 0.954002
0 0.669704 0.969641 0.701594 0.969641 0.701594 0.995401 0.669704 0.995401
0 0.644647 0.942963 0.673121 0.942963 0.673121 0.971481 0.644647 0.971481
0 0.686788 0.904324 0.717540 0.904324 0.717540 0.927323 0.686788 0.927323
0 0.619591 0.883164 0.657176 0.883164 0.657176 0.915363 0.619591 0.915363
0 0.585422 0.907084 0.619590 0.907084 0.619590 0.934682 0.585422 0.934682
0 0.584283 0.936523 0.613895 0.936523 0.613895 0.958601 0.584283 0.958601
0 0.566059 0.956761 0.597951 0.956761 0.597951 0.975160 0.566059 0.975160
0 0.345102 0.941122 0.379271 0.941122 0.379271 0.976081 0.345102 0.976081
0 0.379271 0.942963 0.414579 0.942963 0.414579 0.972402 0.379271 0.972402
0 0.408884 0.921803 0.440775 0.921803 0.440775 0.951242 0.408884 0.951242
0 0.406606 0.893285 0.437358 0.893285 0.437358 0.920883 0.406606 0.920883
0 0.420273 0.865685 0.444191 0.865685 0.444191 0.889605 0.420273 0.889605
0 0.432802 0.832566 0.462415 0.832566 0.462415 0.857406 0.432802 0.857406
0 0.416857 0.838086 0.437358 0.838086 0.437358 0.862926 0.416857 0.862926
0 0.324601 0.842687 0.354214 0.842687 0.354214 0.871205 0.324601 0.871205
0 0.354214 0.793929 0.383827 0.793929 0.383827 0.827967 0.354214 0.827967
0 0.302961 0.886844 0.329157 0.886844 0.329157 0.912604 0.302961 0.912604
0 0.251708 0.911683 0.277904 0.911683 0.277904 0.940202 0.251708 0.940202
0 0.219817 0.932843 0.253987 0.932843 0.253987 0.964122 0.219817 0.964122
0 0.194761 0.961361 0.228930 0.961361 0.228930 0.992641 0.194761 0.992641
0 0.177676 0.937443 0.208428 0.937443 0.208428 0.970561 0.177676 0.970561
0 0.335991 0.771850 0.364465 0.771850 0.364465 0.799449 0.335991 0.799449
0 0.374715 0.735051 0.398633 0.735051 0.398633 0.764490 0.374715 0.764490
0 0.382688 0.708372 0.410023 0.708372 0.410023 0.735050 0.382688 0.735050
0 0.390661 0.682612 0.420274 0.682612 0.420274 0.706531 0.390661 0.706531
0 0.430524 0.666973 0.458998 0.666973 0.458998 0.693652 0.430524 0.693652
0 0.421413 0.727691 0.453304 0.727691 0.453304 0.751610 0.421413 0.751610
0 0.460137 0.755289 0.490889 0.755289 0.490889 0.781049 0.460137 0.781049
0 0.427107 0.772768 0.461276 0.772768 0.461276 0.804048 0.427107 0.804048
0 0.452163 0.809567 0.484054 0.809567 0.484054 0.834407 0.452163 0.834407
0 0.501139 0.771850 0.534169 0.771850 0.534169 0.798528 0.501139 0.798528
0 0.505694 0.746091 0.535308 0.746091 0.535308 0.772769 0.505694 0.772769
0 0.534168 0.758969 0.562642 0.758969 0.562642 0.784729 0.534168 0.784729
0 0.537585 0.727691 0.562643 0.727691 0.562643 0.752530 0.537585 0.752530
0 0.665148 0.603496 0.690206 0.603496 0.690206 0.625575 0.665148 0.625575
0 0.583143 0.617295 0.613895 0.617295 0.613895 0.653174 0.583143 0.653174
0 0.582004 0.655014 0.609340 0.655014 0.609340 0.685373 0.582004 0.685373
0 0.507972 0.678933 0.535308 0.678933 0.535308 0.705611 0.507972 0.705611
0 0.824601 0.412143 0.851937 0.412143 0.851937 0.436063 0.824601 0.436063
0 0.850797 0.402023 0.878133 0.402023 0.878133 0.428702 0.850797 0.428702
0 0.880410 0.378105 0.910022 0.378105 0.910022 0.402024 0.880410 0.402024
0 0.927107 0.356025 0.955581 0.356025 0.955581 0.388224 0.927107 0.388224
0 0.966970 0.377184 0.988610 0.377184 0.988610 0.407544 0.966970 0.407544
0 0.940775 0.384545 0.962415 0.384545 0.962415 0.403863 0.940775 0.403863
0 0.939636 0.414904 0.980638 0.414904 0.980638 0.443422 0.939636 0.443422
0 0.956720 0.442502 0.978360 0.442502 0.978360 0.463662 0.956720 0.463662
0 0.923690 0.444343 0.951026 0.444343 0.951026 0.472861 0.923690 0.472861
0 0.853075 0.506899 0.888383 0.506899 0.888383 0.532659 0.853075 0.532659
0 0.800683 0.514259 0.835991 0.514259 0.835991 0.537258 0.800683 0.537258
0 0.798405 0.478380 0.822323 0.478380 0.822323 0.502300 0.798405 0.502300
0 0.758542 0.424102 0.791572 0.424102 0.791572 0.458142 0.758542 0.458142
0 0.710706 0.501379 0.746014 0.501379 0.746014 0.526219 0.710706 0.526219
0 0.695899 0.541859 0.727791 0.541859 0.727791 0.568537 0.695899 0.568537
0 0.820045 0.592457 0.848519 0.592457 0.848519 0.620976 0.820045 0.620976
0 0.798405 0.574977 0.823463 0.574977 0.823463 0.600736 0.798405 0.600736
0 0.816628 0.541859 0.837130 0.541859 0.837130 0.559338 0.816628 0.559338
0 0.878132 0.227231 0.906606 0.227231 0.906606 0.255750 0.878132 0.255750
0 0.899772 0.242870 0.927108 0.242870 0.927108 0.266790 0.899772 0.266790
0 0.946470 0.241951 0.976082 0.241951 0.976082 0.265870 0.946470 0.265870
0 0.943052 0.134315 0.970388 0.134315 0.970388 0.157313 0.943052 0.157313
0 0.897494 0.161914 0.923690 0.161914 0.923690 0.187672 0.897494 0.187672
0 0.855353 0.150874 0.878133 0.150874 0.878133 0.173873 0.855353 0.173873
0 0.929384 0.107635 0.956720 0.107635 0.956720 0.133394 0.929384 0.133394
0 0.725512 0.131554 0.751708 0.131554 0.751708 0.161914 0.725512 0.161914
0 0.747153 0.113156 0.779043 0.113156 0.779043 0.147195 0.747153 0.147195
0 0.559225 0.351426 0.588839 0.351426 0.588839 0.387304 0.559225 0.387304
0 0.588839 0.285188 0.623007 0.285188 0.623007 0.312787 0.588839 0.312787
0 0.649203 0.030358 0.673121 0.030358 0.673121 0.052437 0.649203 0.052437
0 0.665148 0.002759 0.694760 0.002759 0.694760 0.028519 0.665148 0.028519
0 0.707289 0.056118 0.733485 0.056118 0.733485 0.080957 0.707289 0.080957
0 0.797266 0.042319 0.823462 0.042319 0.823462 0.070837 0.797266 0.070837
0 0.800683 0.084637 0.826879 0.084637 0.826879 0.114075 0.800683 0.114075
0 0.839407 0.056118 0.866743 0.056118 0.866743 0.088317 0.839407 0.088317
0 0.478359 0.012879 0.501139 0.012879 0.501139 0.037719 0.478359 0.037719
0 0.458998 0.041398 0.488611 0.041398 0.488611 0.066238 0.458998 0.066238
0 0.310935 0.031279 0.350797 0.031279 0.350797 0.063478 0.310935 0.063478
0 0.317767 0.004599 0.371298 0.004599 0.371298 0.032198 0.317767 0.032198
0 0.279043 0.570377 0.305239 0.570377 0.305239 0.596137 0.279043 0.596137
0 0.259681 0.590617 0.283599 0.590617 0.283599 0.617295 0.259681 0.617295
0 0.249430 0.619135 0.275626 0.619135 0.275626 0.650415 0.249430 0.650415
0 0.272210 0.654093 0.296128 0.654093 0.296128 0.675252 0.272210 0.675252
0 0.288155 0.696412 0.318907 0.696412 0.318907 0.722172 0.288155 0.722172
0 0.259682 0.711132 0.282461 0.711132 0.282461 0.732290 0.259682 0.732290
0 0.215261 0.620055 0.238040 0.620055 0.238040 0.654094 0.215261 0.654094
0 0.076310 0.549217 0.105923 0.549217 0.105923 0.581417 0.076310 0.581417
0 0.100228 0.514259 0.128702 0.514259 0.128702 0.543698 0.100228 0.543698
0 0.107062 0.587857 0.138953 0.587857 0.138953 0.620975 0.107062 0.620975
0 0.080866 0.623734 0.104784 0.623734 0.104784 0.653173 0.080866 0.653173
0 0.059226 0.654093 0.091117 0.654093 0.091117 0.683532 0.059226 0.683532
0 0.099088 0.482980 0.130979 0.482980 0.130979 0.512420 0.099088 0.512420
0 0.039863 0.470100 0.072893 0.470100 0.072893 0.505980 0.039863 0.505980
0 0.074032 0.457222 0.107062 0.457222 0.107062 0.484821 0.074032 0.484821
0 0.020501 0.308188 0.053531 0.308188 0.053531 0.335787 0.020501 0.335787
0 0.046697 0.335786 0.092255 0.335786 0.092255 0.369826 0.046697 0.369826
0 0.021640 0.385464 0.055808 0.385464 0.055808 0.415824 0.021640 0.415824
0 0.028474 0.437903 0.063782 0.437903 0.063782 0.466421 0.028474 0.466421
0 0.141230 0.854645 0.168565 0.854645 0.168565 0.886845 0.141230 0.886845
0 0.150342 0.825207 0.176538 0.825207 0.176538 0.852805 0.150342 0.852805
0 0.150341 0.804048 0.182232 0.804048 0.182232 0.828887 0.150341 0.828887
0 0.145786 0.752529 0.177677 0.752529 0.177677 0.776448 0.145786 0.776448
0 0.136675 0.721252 0.159453 0.721252 0.159453 0.748850 0.136675 0.748850
0 0.080866 0.837167 0.108201 0.837167 0.108201 0.870285 0.080866 0.870285
0 0.043280 0.833487 0.078588 0.833487 0.078588 0.874885 0.043280 0.874885
0 0.048975 0.969641 0.089977 0.969641 0.089977 1.000000 0.048975 1.000000
0 0.013667 0.951241 0.053530 0.951241 0.053530 0.988040 0.013667 0.988040
0 0.005694 0.896044 0.035307 0.896044 0.035307 0.929163 0.005694 0.929163
0 0.119590 0.830727 0.145786 0.830727 0.145786 0.858325 0.119590 0.858325
0 0.157175 0.667894 0.190205 0.667894 0.190205 0.696412 0.157175 0.696412
0 0.425968 0.604415 0.454442 0.604415 0.454442 0.625574 0.425968 0.625574
0 0.910022 0.472861 0.928246 0.472861 0.928246 0.499540 0.910022 0.499540
0 0.943052 0.568538 0.965832 0.568538 0.965832 0.595216 0.943052 0.595216
0 0.972665 0.673413 0.995445 0.673413 0.995445 0.696412 0.972665 0.696412
0 0.916856 0.640294 0.947608 0.640294 0.947608 0.663293 0.916856 0.663293
0 0.874715 0.642135 0.891799 0.642135 0.891799 0.665134 0.874715 0.665134
0 0.914578 0.609016 0.935080 0.609016 0.935080 0.631095 0.914578 0.631095
0 0.922551 0.720332 0.951025 0.720332 0.951025 0.742410 0.922551 0.742410
0 0.781322 0.000921 0.810934 0.000921 0.810934 0.023919 0.781322 0.023919
1 0.063781 0.013799 0.085421 0.013799 0.085421 0.040479 0.063781 0.040479
1 0.050114 0.021159 0.068337 0.021159 0.068337 0.046919 0.050114 0.046919
1 0.037586 0.041399 0.055809 0.041399 0.055809 0.071758 0.037586 0.071758
1 0.182232 0.201471 0.205011 0.201471 0.205011 0.224470 0.182232 0.224470
1 0.280183 0.141675 0.302961 0.141675 0.302961 0.162833 0.280183 0.162833
3 0.317767 0.598897 0.366742 0.598897 0.366742 0.673413 0.317767 0.673413
3 0.746013 0.614535 0.805239 0.614535 0.805239 0.687213 0.746013 0.687213
3 0.712984 0.671573 0.783600 0.671573 0.783600 0.756210 0.712984 0.756210
3 0.632119 0.779209 0.692483 0.779209 0.692483 0.816927 0.632119 0.816927
3 0.728930 0.522539 0.784739 0.522539 0.784739 0.605336 0.728930 0.605336
3 0.212984 0.773689 0.272210 0.773689 0.272210 0.883165 0.212984 0.883165
