1 0.064151 0.002237 0.079245 0.002237 0.079245 0.031321 0.064151 0.031321
1 0.421384 0.011186 0.438994 0.011186 0.438994 0.044742 0.421384 0.044742
1 0.967296 0.017896 0.986164 0.017896 0.986164 0.042506 0.967296 0.042506
1 0.093082 0.017897 0.109434 0.017897 0.109434 0.049217 0.093082 0.049217
1 0.135850 0.017897 0.163523 0.017897 0.163523 0.058165 0.135850 0.058165
1 0.750943 0.029083 0.767295 0.029083 0.767295 0.049217 0.750943 0.049217
1 0.889309 0.033557 0.913207 0.033557 0.913207 0.073825 0.889309 0.073825
1 0.081761 0.033557 0.099371 0.033557 0.099371 0.080537 0.081761 0.080537
1 0.567296 0.042506 0.591194 0.042506 0.591194 0.076063 0.567296 0.076063
1 0.685535 0.042506 0.704403 0.042506 0.704403 0.082774 0.685535 0.082774
1 0.272956 0.042506 0.294340 0.042506 0.294340 0.089486 0.272956 0.089486
1 0.981132 0.051454 0.997484 0.051454 0.997484 0.082774 0.981132 0.082774
1 0.100629 0.049217 0.120755 0.049217 0.120755 0.085011 0.100629 0.085011
1 0.801258 0.062640 0.817610 0.062640 0.817610 0.093960 0.801258 0.093960
1 0.449057 0.062640 0.474214 0.062640 0.474214 0.107383 0.449057 0.107383
1 0.369812 0.071588 0.393711 0.071588 0.393711 0.114094 0.369812 0.114094
1 0.709434 0.085011 0.725786 0.085011 0.725786 0.116331 0.709434 0.116331
1 0.116981 0.087248 0.134591 0.087248 0.134591 0.123042 0.116981 0.123042
1 0.827673 0.100671 0.844025 0.100671 0.844025 0.129754 0.827673 0.129754
1 0.325786 0.111857 0.340880 0.111857 0.340880 0.131991 0.325786 0.131991
1 0.959748 0.107383 0.981132 0.107383 0.981132 0.136466 0.959748 0.136466
1 0.889309 0.109620 0.913207 0.109620 0.913207 0.156600 0.889309 0.156600
1 0.051572 0.120805 0.071698 0.120805 0.071698 0.152125 0.051572 0.152125
1 0.929560 0.134229 0.953458 0.134229 0.953458 0.163312 0.929560 0.163312
1 0.657861 0.125280 0.683019 0.125280 0.683019 0.172260 0.657861 0.172260
1 0.449057 0.138703 0.476729 0.138703 0.476729 0.163311 0.449057 0.163311
1 0.728302 0.136465 0.747170 0.136465 0.747170 0.172259 0.728302 0.172259
1 0.086792 0.136466 0.109434 0.136466 0.109434 0.174496 0.086792 0.174496
1 0.342139 0.145414 0.353460 0.145414 0.353460 0.181208 0.342139 0.181208
1 0.838994 0.147651 0.854088 0.147651 0.854088 0.194631 0.838994 0.194631
1 0.906918 0.158836 0.924528 0.158836 0.924528 0.187920 0.906918 0.187920
1 0.445283 0.170022 0.460377 0.170022 0.460377 0.203579 0.445283 0.203579
1 0.267925 0.174497 0.283019 0.174497 0.283019 0.196868 0.267925 0.196868
1 0.038994 0.172259 0.052830 0.172259 0.052830 0.203579 0.038994 0.203579
1 0.244025 0.183445 0.260377 0.183445 0.260377 0.210291 0.244025 0.210291
1 0.401258 0.185682 0.420126 0.185682 0.420126 0.221476 0.401258 0.221476
1 0.919497 0.192393 0.934591 0.192393 0.934591 0.221477 0.919497 0.221477
1 0.374843 0.187919 0.389937 0.187919 0.389937 0.230425 0.374843 0.230425
1 0.269182 0.201343 0.285534 0.201343 0.285534 0.223713 0.269182 0.223713
1 0.876730 0.203579 0.890566 0.203579 0.890566 0.232663 0.876730 0.232663
1 0.332075 0.223714 0.350943 0.223714 0.350943 0.261744 0.332075 0.261744
1 0.798742 0.223714 0.816352 0.223714 0.816352 0.259508 0.798742 0.259508
1 0.934591 0.241610 0.953459 0.241610 0.953459 0.270693 0.934591 0.270693
1 0.275472 0.246085 0.293082 0.246085 0.293082 0.281879 0.275472 0.281879
1 0.611321 0.252797 0.633963 0.252797 0.633963 0.293065 0.611321 0.293065
1 0.913207 0.261745 0.933333 0.261745 0.933333 0.293065 0.913207 0.293065
1 0.486792 0.266219 0.506918 0.266219 0.506918 0.302013 0.486792 0.302013
1 0.133334 0.268456 0.148428 0.268456 0.148428 0.306488 0.133334 0.306488
1 0.417610 0.281879 0.435220 0.281879 0.435220 0.308725 0.417610 0.308725
1 0.935849 0.284116 0.952201 0.284116 0.952201 0.310962 0.935849 0.310962
1 0.861635 0.284116 0.879245 0.284116 0.879245 0.313199 0.861635 0.313199
1 0.548428 0.295302 0.562264 0.295302 0.562264 0.315436 0.548428 0.315436
1 0.194969 0.295302 0.212579 0.295302 0.212579 0.333334 0.194969 0.333334
1 0.144654 0.299776 0.159748 0.299776 0.159748 0.331096 0.144654 0.331096
1 0.275472 0.304250 0.294340 0.304250 0.294340 0.328859 0.275472 0.328859
1 0.889308 0.304251 0.905660 0.304251 0.905660 0.333334 0.889308 0.333334
1 0.644025 0.302014 0.665409 0.302014 0.665409 0.335570 0.644025 0.335570
1 0.762264 0.310962 0.781132 0.310962 0.781132 0.342282 0.762264 0.342282
1 0.040251 0.304251 0.060377 0.304251 0.060377 0.353467 0.040251 0.353467
1 0.394969 0.304250 0.411321 0.304250 0.411321 0.351230 0.394969 0.351230
1 0.155975 0.315436 0.173585 0.315436 0.173585 0.346756 0.155975 0.346756
1 0.822641 0.317674 0.841509 0.317674 0.841509 0.351231 0.822641 0.351231
1 0.924528 0.317674 0.939622 0.317674 0.939622 0.351231 0.924528 0.351231
1 0.944654 0.322148 0.958490 0.322148 0.958490 0.353468 0.944654 0.353468
1 0.454088 0.326622 0.467924 0.326622 0.467924 0.364654 0.454088 0.364654
1 0.591195 0.344519 0.608805 0.344519 0.608805 0.373601 0.591195 0.373601
1 0.730818 0.351230 0.742138 0.351230 0.742138 0.382550 0.730818 0.382550
1 0.432705 0.351231 0.446541 0.351231 0.446541 0.387025 0.432705 0.387025
1 0.322013 0.355705 0.337107 0.355705 0.337107 0.384788 0.322013 0.384788
1 0.710692 0.353468 0.727044 0.353468 0.727044 0.389262 0.710692 0.389262
1 0.205031 0.355705 0.222641 0.355705 0.222641 0.387025 0.205031 0.387025
1 0.538365 0.360179 0.553459 0.360179 0.553459 0.393735 0.538365 0.393735
1 0.761007 0.355705 0.784905 0.355705 0.784905 0.400448 0.761007 0.400448
1 0.613837 0.369127 0.631447 0.369127 0.631447 0.393736 0.613837 0.393736
1 0.740881 0.369128 0.757233 0.369128 0.757233 0.402685 0.740881 0.402685
1 0.350943 0.378076 0.369811 0.378076 0.369811 0.422818 0.350943 0.422818
1 0.699371 0.382551 0.714465 0.382551 0.714465 0.422819 0.699371 0.422819
1 0.025157 0.384787 0.042767 0.384787 0.042767 0.427293 0.025157 0.427293
1 0.591195 0.393736 0.607547 0.393736 0.607547 0.422818 0.591195 0.422818
1 0.235220 0.391499 0.254088 0.391499 0.254088 0.436242 0.235220 0.436242
1 0.529560 0.413870 0.545912 0.413870 0.545912 0.434004 0.529560 0.434004
1 0.633962 0.409396 0.654088 0.409396 0.654088 0.445190 0.633962 0.445190
1 0.944654 0.418345 0.958490 0.418345 0.958490 0.438479 0.944654 0.438479
1 0.983648 0.427293 0.997484 0.427293 0.997484 0.456375 0.983648 0.456375
1 0.021383 0.429530 0.032704 0.429530 0.032704 0.456376 0.021383 0.456376
1 0.153459 0.431767 0.172327 0.431767 0.172327 0.463087 0.153459 0.463087
1 0.125786 0.429530 0.140880 0.429530 0.140880 0.472036 0.125786 0.472036
1 0.808805 0.438479 0.823899 0.438479 0.823899 0.472035 0.808805 0.472035
1 0.168553 0.442953 0.186163 0.442953 0.186163 0.478747 0.168553 0.478747
1 0.830189 0.449664 0.847799 0.449664 0.847799 0.480984 0.830189 0.480984
1 0.705660 0.449665 0.724528 0.449665 0.724528 0.483221 0.705660 0.483221
1 0.694339 0.447427 0.705660 0.447427 0.705660 0.483221 0.694339 0.483221
1 0.860377 0.463088 0.880503 0.463088 0.880503 0.492171 0.860377 0.492171
1 0.138365 0.474272 0.157233 0.474272 0.157233 0.498881 0.138365 0.498881
1 0.084277 0.469799 0.103145 0.469799 0.103145 0.510067 0.084277 0.510067
1 0.793711 0.472035 0.808805 0.472035 0.808805 0.510066 0.793711 0.510066
1 0.118239 0.485458 0.133333 0.485458 0.133333 0.512304 0.118239 0.512304
1 0.206289 0.485458 0.223899 0.485458 0.223899 0.512304 0.206289 0.512304
1 0.672956 0.485459 0.686792 0.485459 0.686792 0.521253 0.672956 0.521253
1 0.164780 0.496644 0.184906 0.496644 0.184906 0.521254 0.164780 0.521254
1 0.748428 0.496645 0.763522 0.496645 0.763522 0.525728 0.748428 0.525728
1 0.264151 0.503356 0.279245 0.503356 0.279245 0.525726 0.264151 0.525726
1 0.367295 0.487696 0.391195 0.487696 0.391195 0.541386 0.367295 0.541386
1 0.503145 0.503356 0.516981 0.503356 0.516981 0.530202 0.503145 0.530202
1 0.786164 0.503356 0.800000 0.503356 0.800000 0.534676 0.786164 0.534676
1 0.127044 0.514542 0.143396 0.514542 0.143396 0.536913 0.127044 0.536913
1 0.085535 0.516778 0.100629 0.516778 0.100629 0.543624 0.085535 0.543624
1 0.584905 0.512305 0.606289 0.512305 0.606289 0.550335 0.584905 0.550335
1 0.454088 0.519016 0.470440 0.519016 0.470440 0.550336 0.454088 0.550336
1 0.150943 0.516779 0.169811 0.516779 0.169811 0.552573 0.150943 0.552573
1 0.339623 0.519016 0.358491 0.519016 0.358491 0.565996 0.339623 0.565996
1 0.259119 0.532439 0.277987 0.532439 0.277987 0.568233 0.259119 0.568233
1 0.752201 0.534675 0.768553 0.534675 0.768553 0.568233 0.752201 0.568233
1 0.139623 0.543625 0.153459 0.543625 0.153459 0.565995 0.139623 0.565995
1 0.275472 0.554810 0.290566 0.554810 0.290566 0.583893 0.275472 0.583893
1 0.358490 0.552573 0.379874 0.552573 0.379874 0.588367 0.358490 0.588367
1 0.792453 0.557047 0.813837 0.557047 0.813837 0.612975 0.792453 0.612975
1 0.815094 0.557047 0.831446 0.557047 0.831446 0.608501 0.815094 0.608501
1 0.342138 0.572707 0.358490 0.572707 0.358490 0.606264 0.342138 0.606264
1 0.689308 0.574944 0.703144 0.574944 0.703144 0.604027 0.689308 0.604027
1 0.602516 0.579418 0.622642 0.579418 0.622642 0.612976 0.602516 0.612976
1 0.540880 0.583892 0.559748 0.583892 0.559748 0.610738 0.540880 0.610738
1 0.233962 0.590604 0.252830 0.590604 0.252830 0.626398 0.233962 0.626398
1 0.705660 0.586130 0.724528 0.586130 0.724528 0.639821 0.705660 0.639821
1 0.659120 0.592841 0.671698 0.592841 0.671698 0.628635 0.659120 0.628635
1 0.484277 0.597316 0.503145 0.597316 0.503145 0.633110 0.484277 0.633110
1 0.392453 0.604027 0.412579 0.604027 0.412579 0.630873 0.392453 0.630873
1 0.044026 0.610738 0.055346 0.610738 0.055346 0.639821 0.044026 0.639821
1 0.025158 0.610738 0.037737 0.610738 0.037737 0.642058 0.025158 0.642058
1 0.304403 0.610738 0.319497 0.610738 0.319497 0.653244 0.304403 0.653244
1 0.615094 0.619687 0.631446 0.619687 0.631446 0.648769 0.615094 0.648769
1 0.723270 0.621923 0.740880 0.621923 0.740880 0.651006 0.723270 0.651006
1 0.428931 0.626398 0.442767 0.626398 0.442767 0.655481 0.428931 0.655481
1 0.637736 0.639821 0.655346 0.639821 0.655346 0.659955 0.637736 0.659955
1 0.056604 0.642057 0.069183 0.642057 0.069183 0.666667 0.056604 0.666667
1 0.737106 0.637584 0.763522 0.637584 0.763522 0.668904 0.737106 0.668904
1 0.703145 0.648770 0.718239 0.648770 0.718239 0.680090 0.703145 0.680090
1 0.606289 0.653245 0.623899 0.653245 0.623899 0.675615 0.606289 0.675615
1 0.686793 0.653243 0.698113 0.653243 0.698113 0.677853 0.686793 0.677853
1 0.355975 0.655480 0.376101 0.655480 0.376101 0.680090 0.355975 0.680090
1 0.801258 0.646532 0.818868 0.646532 0.818868 0.689038 0.801258 0.689038
1 0.411321 0.657718 0.428931 0.657718 0.428931 0.689038 0.411321 0.689038
1 0.496855 0.671141 0.513207 0.671141 0.513207 0.702461 0.496855 0.702461
1 0.171069 0.673377 0.184905 0.673377 0.184905 0.702460 0.171069 0.702460
1 0.088050 0.675615 0.103144 0.675615 0.103144 0.709172 0.088050 0.709172
1 0.277987 0.682326 0.298113 0.682326 0.298113 0.706936 0.277987 0.706936
1 0.150944 0.682326 0.164780 0.682326 0.164780 0.715884 0.150944 0.715884
1 0.850315 0.680090 0.861635 0.680090 0.861635 0.713647 0.850315 0.713647
1 0.618868 0.691274 0.638994 0.691274 0.638994 0.715884 0.618868 0.715884
1 0.196226 0.700223 0.208806 0.700223 0.208806 0.738254 0.196226 0.738254
1 0.355975 0.704698 0.373585 0.704698 0.373585 0.731544 0.355975 0.731544
1 0.285535 0.709172 0.304403 0.709172 0.304403 0.733782 0.285535 0.733782
1 0.262893 0.702461 0.280503 0.702461 0.280503 0.744967 0.262893 0.744967
1 0.896855 0.709172 0.914465 0.709172 0.914465 0.744966 0.896855 0.744966
1 0.700629 0.718121 0.713207 0.718121 0.713207 0.744967 0.700629 0.744967
1 0.511950 0.727069 0.528302 0.727069 0.528302 0.753915 0.511950 0.753915
1 0.158491 0.727069 0.176101 0.727069 0.176101 0.760626 0.158491 0.760626
1 0.554718 0.727069 0.578616 0.727069 0.578616 0.760626 0.554718 0.760626
1 0.778617 0.736018 0.792453 0.736018 0.792453 0.762864 0.778617 0.762864
1 0.708176 0.738255 0.722012 0.738255 0.722012 0.765101 0.708176 0.765101
1 0.479246 0.742730 0.493082 0.742730 0.493082 0.765100 0.479246 0.765100
1 0.744654 0.740492 0.758490 0.740492 0.758490 0.771812 0.744654 0.771812
1 0.057862 0.738255 0.075472 0.738255 0.075472 0.771813 0.057862 0.771813
1 0.724528 0.747203 0.740880 0.747203 0.740880 0.774049 0.724528 0.774049
1 0.530818 0.751677 0.543396 0.751677 0.543396 0.776287 0.530818 0.776287
1 0.888050 0.751678 0.903144 0.751678 0.903144 0.778524 0.888050 0.778524
1 0.695598 0.767338 0.713208 0.767338 0.713208 0.796420 0.695598 0.796420
1 0.520754 0.767338 0.543396 0.767338 0.543396 0.800895 0.520754 0.800895
1 0.049057 0.780760 0.062893 0.780760 0.062893 0.809843 0.049057 0.809843
1 0.782390 0.787472 0.801258 0.787472 0.801258 0.818792 0.782390 0.818792
1 0.498114 0.796421 0.510692 0.796421 0.510692 0.816555 0.498114 0.816555
1 0.581132 0.807606 0.597484 0.807606 0.597484 0.832215 0.581132 0.832215
1 0.674214 0.818792 0.690566 0.818792 0.690566 0.850112 0.674214 0.850112
1 0.635220 0.823267 0.650314 0.823267 0.650314 0.852349 0.635220 0.852349
1 0.124528 0.827741 0.139622 0.827741 0.139622 0.863535 0.124528 0.863535
1 0.430189 0.834451 0.444025 0.834451 0.444025 0.859061 0.430189 0.859061
1 0.849056 0.836690 0.860377 0.836690 0.860377 0.859061 0.849056 0.859061
1 0.328302 0.836689 0.345912 0.836689 0.345912 0.865772 0.328302 0.865772
1 0.193711 0.838926 0.212579 0.838926 0.212579 0.870246 0.193711 0.870246
1 0.176101 0.847874 0.191195 0.847874 0.191195 0.872484 0.176101 0.872484
1 0.079245 0.861297 0.095597 0.861297 0.095597 0.892617 0.079245 0.892617
1 0.640252 0.863535 0.655346 0.863535 0.655346 0.894855 0.640252 0.894855
1 0.027673 0.868009 0.045283 0.868009 0.045283 0.894855 0.027673 0.894855
1 0.095598 0.868008 0.110692 0.868008 0.110692 0.897091 0.095598 0.897091
1 0.676730 0.872483 0.700628 0.872483 0.700628 0.901566 0.676730 0.901566
1 0.398742 0.870246 0.416352 0.870246 0.416352 0.906040 0.398742 0.906040
1 0.533333 0.885906 0.550943 0.885906 0.550943 0.928412 0.533333 0.928412
1 0.649056 0.892617 0.670440 0.892617 0.670440 0.926175 0.649056 0.926175
1 0.003773 0.899328 0.028930 0.899328 0.028930 0.932886 0.003773 0.932886
1 0.509434 0.906041 0.528302 0.906041 0.528302 0.928411 0.509434 0.928411
1 0.033962 0.906040 0.050314 0.906040 0.050314 0.932886 0.033962 0.932886
1 0.116981 0.906040 0.133333 0.906040 0.133333 0.939597 0.116981 0.939597
1 0.774843 0.910515 0.788679 0.910515 0.788679 0.932885 0.774843 0.932885
1 0.617610 0.906040 0.644026 0.906040 0.644026 0.939597 0.617610 0.939597
1 0.070440 0.914988 0.085534 0.914988 0.085534 0.932886 0.070440 0.932886
1 0.095598 0.912751 0.113208 0.912751 0.113208 0.939597 0.095598 0.939597
1 0.477988 0.914989 0.503144 0.914989 0.503144 0.935123 0.477988 0.935123
1 0.413837 0.908278 0.427673 0.908278 0.427673 0.946308 0.413837 0.946308
1 0.597484 0.914988 0.615094 0.914988 0.615094 0.944071 0.597484 0.944071
1 0.130818 0.932886 0.147170 0.932886 0.147170 0.961969 0.130818 0.961969
1 0.509434 0.939597 0.523270 0.939597 0.523270 0.957495 0.509434 0.957495
1 0.090566 0.939597 0.104402 0.939597 0.104402 0.959731 0.090566 0.959731
1 0.064151 0.939597 0.081761 0.939597 0.081761 0.964207 0.064151 0.964207
1 0.396226 0.944072 0.408805 0.944072 0.408805 0.973155 0.396226 0.973155
1 0.699371 0.935123 0.718239 0.935123 0.718239 0.988814 0.699371 0.988814
1 0.163522 0.950784 0.182390 0.950784 0.182390 0.984341 0.163522 0.984341
1 0.067925 0.968680 0.085535 0.968680 0.085535 0.997762 0.067925 0.997762
1 0.583648 0.002238 0.603774 0.002238 0.603774 0.035794 0.583648 0.035794
1 0.557233 0.002237 0.577359 0.002237 0.577359 0.044743 0.557233 0.044743
1 0.358490 0.015660 0.378616 0.015660 0.378616 0.046980 0.358490 0.046980
1 0.532075 0.013423 0.550943 0.013423 0.550943 0.055929 0.532075 0.055929
1 0.449056 0.015660 0.471698 0.015660 0.471698 0.053692 0.449056 0.053692
1 0.861635 0.024608 0.880503 0.024608 0.880503 0.055928 0.861635 0.055928
1 0.840252 0.024609 0.859120 0.024609 0.859120 0.060403 0.840252 0.060403
1 0.787421 0.024609 0.810063 0.024609 0.810063 0.064877 0.787421 0.064877
1 0.166037 0.026846 0.192452 0.026846 0.192452 0.073826 0.166037 0.073826
1 0.047799 0.040268 0.066667 0.040268 0.066667 0.073826 0.047799 0.073826
1 0.723270 0.040269 0.740880 0.040269 0.740880 0.080537 0.723270 0.080537
1 0.823899 0.049217 0.844025 0.049217 0.844025 0.082775 0.823899 0.082775
1 0.030189 0.044743 0.046541 0.044743 0.046541 0.096197 0.030189 0.096197
1 0.139622 0.064877 0.161006 0.064877 0.161006 0.102908 0.139622 0.102908
1 0.405031 0.067114 0.425157 0.067114 0.425157 0.100671 0.405031 0.100671
1 0.483019 0.064877 0.504403 0.064877 0.504403 0.100671 0.483019 0.100671
1 0.935849 0.071589 0.955975 0.071589 0.955975 0.111857 0.935849 0.111857
1 0.070440 0.071588 0.090566 0.071588 0.090566 0.114094 0.070440 0.114094
1 0.737108 0.076062 0.761006 0.076062 0.761006 0.114094 0.737108 0.114094
1 0.623900 0.082775 0.638994 0.082775 0.638994 0.136465 0.623900 0.136465
1 0.578616 0.087248 0.598742 0.087248 0.598742 0.131991 0.578616 0.131991
1 0.918239 0.096197 0.937107 0.096197 0.937107 0.134229 0.918239 0.134229
1 0.397484 0.102909 0.417610 0.102909 0.417610 0.143177 0.397484 0.143177
1 0.761006 0.107383 0.781132 0.107383 0.781132 0.138703 0.761006 0.138703
1 0.513207 0.116331 0.538365 0.116331 0.538365 0.143177 0.513207 0.143177
1 0.548427 0.116331 0.569811 0.116331 0.569811 0.156599 0.548427 0.156599
1 0.594968 0.123042 0.615094 0.123042 0.615094 0.161073 0.594968 0.161073
1 0.413836 0.131991 0.440251 0.131991 0.440251 0.167785 0.413836 0.167785
1 0.694339 0.131992 0.716981 0.131992 0.716981 0.170022 0.694339 0.170022
1 0.026415 0.136465 0.046541 0.136465 0.046541 0.167785 0.026415 0.167785
1 0.797484 0.134228 0.818868 0.134228 0.818868 0.176734 0.797484 0.176734
1 0.127044 0.145414 0.153459 0.145414 0.153459 0.172260 0.127044 0.172260
1 0.181132 0.145415 0.200000 0.145415 0.200000 0.183445 0.181132 0.183445
1 0.753459 0.152125 0.773585 0.152125 0.773585 0.183445 0.753459 0.183445
1 0.510692 0.158837 0.530818 0.158837 0.530818 0.190157 0.510692 0.190157
1 0.856604 0.152126 0.871698 0.152126 0.871698 0.196869 0.856604 0.196869
1 0.475472 0.156600 0.495598 0.156600 0.495598 0.194630 0.475472 0.194630
1 0.949685 0.161074 0.968553 0.161074 0.968553 0.201342 0.949685 0.201342
1 0.062893 0.163311 0.079245 0.163311 0.079245 0.201342 0.062893 0.201342
1 0.576100 0.163311 0.601258 0.163311 0.601258 0.199105 0.576100 0.199105
1 0.534591 0.163311 0.555975 0.163311 0.555975 0.201342 0.534591 0.201342
1 0.671699 0.167785 0.695597 0.167785 0.695597 0.203579 0.671699 0.203579
1 0.158490 0.170022 0.178616 0.170022 0.178616 0.205816 0.158490 0.205816
1 0.002516 0.174497 0.023900 0.174497 0.023900 0.210291 0.002516 0.210291
1 0.423899 0.176734 0.441509 0.176734 0.441509 0.212528 0.423899 0.212528
1 0.612579 0.172260 0.631447 0.172260 0.631447 0.217002 0.612579 0.217002
1 0.130818 0.183445 0.154717 0.183445 0.154717 0.214765 0.130818 0.214765
1 0.776101 0.185683 0.791195 0.185683 0.791195 0.225951 0.776101 0.225951
1 0.194969 0.192394 0.213837 0.192394 0.213837 0.234900 0.194969 0.234900
1 0.698113 0.194631 0.718239 0.194631 0.718239 0.237137 0.698113 0.237137
1 0.505660 0.199105 0.525786 0.199105 0.525786 0.239373 0.505660 0.239373
1 0.171069 0.203579 0.191195 0.203579 0.191195 0.234899 0.171069 0.234899
1 0.633962 0.199105 0.652830 0.199105 0.652830 0.246085 0.633962 0.246085
1 0.455346 0.205817 0.477988 0.205817 0.477988 0.241611 0.455346 0.241611
1 0.577358 0.205817 0.602516 0.205817 0.602516 0.246085 0.577358 0.246085
1 0.013836 0.205817 0.035220 0.205817 0.035220 0.243847 0.013836 0.243847
1 0.140880 0.223714 0.162264 0.223714 0.162264 0.257271 0.140880 0.257271
1 0.425157 0.225950 0.442767 0.225950 0.442767 0.263981 0.425157 0.263981
1 0.359748 0.232662 0.378616 0.232662 0.378616 0.268456 0.359748 0.268456
1 0.772327 0.237137 0.791195 0.237137 0.791195 0.275168 0.772327 0.275168
1 0.864151 0.241611 0.883019 0.241611 0.883019 0.272931 0.864151 0.272931
1 0.171069 0.243848 0.192453 0.243848 0.192453 0.279642 0.171069 0.279642
1 0.683019 0.241611 0.700629 0.241611 0.700629 0.281879 0.683019 0.281879
1 0.513208 0.243848 0.532076 0.243848 0.532076 0.286354 0.513208 0.286354
1 0.542138 0.248322 0.562264 0.248322 0.562264 0.279642 0.542138 0.279642
1 0.061635 0.243848 0.084277 0.243848 0.084277 0.284116 0.061635 0.284116
1 0.588679 0.248323 0.605031 0.248323 0.605031 0.286354 0.588679 0.286354
1 0.303145 0.248322 0.322013 0.248322 0.322013 0.290828 0.303145 0.290828
1 0.113207 0.248322 0.133333 0.248322 0.133333 0.290828 0.113207 0.290828
1 0.661635 0.255034 0.680503 0.255034 0.680503 0.290828 0.661635 0.290828
1 0.891824 0.257270 0.910692 0.257270 0.910692 0.295301 0.891824 0.295301
1 0.208805 0.255034 0.230189 0.255034 0.230189 0.304250 0.208805 0.304250
1 0.730818 0.263983 0.750944 0.263983 0.750944 0.302014 0.730818 0.302014
1 0.381132 0.272931 0.398742 0.272931 0.398742 0.306487 0.381132 0.306487
1 0.444025 0.272931 0.462893 0.272931 0.462893 0.308725 0.444025 0.308725
1 0.784906 0.277405 0.803774 0.277405 0.803774 0.317673 0.784906 0.317673
1 0.812579 0.286354 0.830189 0.286354 0.830189 0.319910 0.812579 0.319910
1 0.237735 0.279642 0.262892 0.279642 0.262892 0.333334 0.237735 0.333334
1 0.465409 0.284117 0.481761 0.284117 0.481761 0.324385 0.465409 0.324385
1 0.313208 0.295302 0.328302 0.295302 0.328302 0.335570 0.313208 0.335570
1 0.587421 0.304251 0.606289 0.304251 0.606289 0.340045 0.587421 0.340045
1 0.106918 0.304251 0.122012 0.304251 0.122012 0.344519 0.106918 0.344519
1 0.675472 0.304251 0.696856 0.304251 0.696856 0.344519 0.675472 0.344519
1 0.719497 0.313199 0.739623 0.313199 0.739623 0.348993 0.719497 0.348993
1 0.357233 0.313199 0.376101 0.313199 0.376101 0.351231 0.357233 0.351231
1 0.418868 0.315436 0.438994 0.315436 0.438994 0.351230 0.418868 0.351230
1 0.216352 0.322148 0.237736 0.322148 0.237736 0.362416 0.216352 0.362416
1 0.177359 0.326622 0.194969 0.326622 0.194969 0.360178 0.177359 0.360178
1 0.794969 0.326622 0.813837 0.326622 0.813837 0.366890 0.794969 0.366890
1 0.332075 0.331096 0.352201 0.331096 0.352201 0.362416 0.332075 0.362416
1 0.016352 0.322148 0.038994 0.322148 0.038994 0.373602 0.016352 0.373602
1 0.294340 0.326622 0.311950 0.326622 0.311950 0.366890 0.294340 0.366890
1 0.490566 0.328859 0.515724 0.328859 0.515724 0.364653 0.490566 0.364653
1 0.559748 0.331096 0.579874 0.331096 0.579874 0.369127 0.559748 0.369127
1 0.626415 0.342282 0.647799 0.342282 0.647799 0.384788 0.626415 0.384788
1 0.238993 0.346756 0.261635 0.346756 0.261635 0.378076 0.238993 0.378076
1 0.883019 0.342282 0.903145 0.342282 0.903145 0.382550 0.883019 0.382550
1 0.269182 0.344519 0.289308 0.344519 0.289308 0.389261 0.269182 0.389261
1 0.655346 0.344520 0.671698 0.344520 0.671698 0.393736 0.655346 0.393736
1 0.505660 0.364654 0.525786 0.364654 0.525786 0.398210 0.505660 0.398210
1 0.677987 0.357942 0.699371 0.357942 0.699371 0.404922 0.677987 0.404922
1 0.905660 0.355705 0.924528 0.355705 0.924528 0.400448 0.905660 0.400448
1 0.472956 0.369127 0.494340 0.369127 0.494340 0.400447 0.472956 0.400447
1 0.052830 0.364654 0.072956 0.364654 0.072956 0.409396 0.052830 0.409396
1 0.408805 0.366891 0.427673 0.366891 0.427673 0.407159 0.408805 0.407159
1 0.378616 0.371365 0.401258 0.371365 0.401258 0.407159 0.378616 0.407159
1 0.080503 0.369127 0.098113 0.369127 0.098113 0.411633 0.080503 0.411633
1 0.830189 0.373602 0.851573 0.373602 0.851573 0.409396 0.830189 0.409396
1 0.174843 0.375839 0.194969 0.375839 0.194969 0.427293 0.174843 0.427293
1 0.138365 0.391499 0.161007 0.391499 0.161007 0.422819 0.138365 0.422819
1 0.880503 0.391499 0.900629 0.391499 0.900629 0.425055 0.880503 0.425055
1 0.303145 0.389261 0.319497 0.389261 0.319497 0.427293 0.303145 0.427293
1 0.564780 0.398210 0.584906 0.398210 0.584906 0.434004 0.564780 0.434004
1 0.781132 0.402685 0.800000 0.402685 0.800000 0.436241 0.781132 0.436241
1 0.610063 0.398211 0.632705 0.398211 0.632705 0.438479 0.610063 0.438479
1 0.963522 0.404922 0.984906 0.404922 0.984906 0.436242 0.963522 0.436242
1 0.838993 0.411633 0.864151 0.411633 0.864151 0.442953 0.838993 0.442953
1 0.662893 0.411634 0.685535 0.411634 0.685535 0.445190 0.662893 0.445190
1 0.255346 0.411633 0.276730 0.411633 0.276730 0.442953 0.255346 0.442953
1 0.729560 0.407159 0.747170 0.407159 0.747170 0.449665 0.729560 0.449665
1 0.462893 0.413870 0.484277 0.413870 0.484277 0.451902 0.462893 0.451902
1 0.906918 0.416107 0.923270 0.416107 0.923270 0.454139 0.906918 0.454139
1 0.435220 0.411633 0.452830 0.411633 0.452830 0.458613 0.435220 0.458613
1 0.075471 0.420581 0.100629 0.420581 0.100629 0.449664 0.075471 0.449664
1 0.754717 0.418344 0.769811 0.418344 0.769811 0.465324 0.754717 0.465324
1 0.381132 0.422819 0.403774 0.422819 0.403774 0.463087 0.381132 0.463087
1 0.489308 0.425056 0.514466 0.425056 0.514466 0.458612 0.489308 0.458612
1 0.574843 0.429531 0.597485 0.429531 0.597485 0.463087 0.574843 0.463087
1 0.340880 0.431767 0.361006 0.431767 0.361006 0.469799 0.340880 0.469799
1 0.888050 0.434005 0.905660 0.434005 0.905660 0.469799 0.888050 0.469799
1 0.055346 0.434004 0.076730 0.434004 0.076730 0.476510 0.055346 0.476510
1 0.193711 0.434004 0.208805 0.434004 0.208805 0.480984 0.193711 0.480984
1 0.215094 0.447427 0.237736 0.447427 0.237736 0.478747 0.215094 0.478747
1 0.238994 0.449665 0.262893 0.449665 0.262893 0.483221 0.238994 0.483221
1 0.610063 0.449664 0.632705 0.449664 0.632705 0.487696 0.610063 0.487696
1 0.524529 0.463087 0.548427 0.463087 0.548427 0.494407 0.524529 0.494407
1 0.729560 0.467562 0.750944 0.467562 0.750944 0.507830 0.729560 0.507830
1 0.398742 0.465324 0.420126 0.465324 0.420126 0.503355 0.398742 0.503355
1 0.764780 0.467561 0.787422 0.467561 0.787422 0.510067 0.764780 0.510067
1 0.657862 0.467562 0.675472 0.467562 0.675472 0.503356 0.657862 0.503356
1 0.435221 0.469799 0.459120 0.469799 0.459120 0.507830 0.435221 0.507830
1 0.911950 0.467562 0.930818 0.467562 0.930818 0.516779 0.911950 0.516779
1 0.563522 0.474273 0.581132 0.474273 0.581132 0.512304 0.563522 0.512304
1 0.583648 0.476511 0.601258 0.476511 0.601258 0.514541 0.583648 0.514541
1 0.476729 0.476510 0.506918 0.476510 0.506918 0.519016 0.476729 0.519016
1 0.693082 0.496644 0.711950 0.496644 0.711950 0.530201 0.693082 0.530201
1 0.613837 0.498881 0.631447 0.498881 0.631447 0.543624 0.613837 0.543624
1 0.284277 0.503356 0.311949 0.503356 0.311949 0.541386 0.284277 0.541386
1 0.888050 0.510068 0.909434 0.510068 0.909434 0.548098 0.888050 0.548098
1 0.391195 0.512304 0.408805 0.512304 0.408805 0.554810 0.391195 0.554810
1 0.644025 0.510067 0.661635 0.510067 0.661635 0.561521 0.644025 0.561521
1 0.430189 0.525727 0.451573 0.525727 0.451573 0.557047 0.430189 0.557047
1 0.306918 0.532439 0.327044 0.532439 0.327044 0.577182 0.306918 0.577182
1 0.018868 0.548099 0.041510 0.548099 0.041510 0.586129 0.018868 0.586129
1 0.672956 0.548098 0.690566 0.548098 0.690566 0.590604 0.672956 0.590604
1 0.226415 0.550336 0.249057 0.550336 0.249057 0.588367 0.226415 0.588367
1 0.398742 0.557047 0.418868 0.557047 0.418868 0.592841 0.398742 0.592841
1 0.444025 0.568233 0.465409 0.568233 0.465409 0.604027 0.444025 0.604027
1 0.316981 0.570470 0.337107 0.570470 0.337107 0.606264 0.316981 0.606264
1 0.002516 0.572707 0.026415 0.572707 0.026415 0.606264 0.002516 0.606264
1 0.769811 0.574944 0.789937 0.574944 0.789937 0.604027 0.769811 0.604027
1 0.509434 0.563758 0.532076 0.563758 0.532076 0.612976 0.509434 0.612976
1 0.735849 0.572707 0.757233 0.572707 0.757233 0.615213 0.735849 0.615213
1 0.286792 0.577181 0.306918 0.577181 0.306918 0.617449 0.286792 0.617449
1 0.162265 0.579418 0.186164 0.579418 0.186164 0.615212 0.162265 0.615212
1 0.111950 0.579418 0.129560 0.579418 0.129560 0.615212 0.111950 0.615212
1 0.564779 0.583893 0.592453 0.583893 0.592453 0.630873 0.564779 0.630873
1 0.066666 0.590605 0.088050 0.590605 0.088050 0.628636 0.066666 0.628636
1 0.181132 0.621924 0.203774 0.621924 0.203774 0.653244 0.181132 0.653244
1 0.537107 0.621923 0.558491 0.621923 0.558491 0.666666 0.537107 0.666666
1 0.324528 0.624161 0.345912 0.624161 0.345912 0.668903 0.324528 0.668903
1 0.501887 0.624161 0.519497 0.624161 0.519497 0.666667 0.501887 0.666667
1 0.245283 0.633110 0.269182 0.633110 0.269182 0.664430 0.245283 0.664430
1 0.922012 0.626398 0.947169 0.626398 0.947169 0.675616 0.922012 0.675616
1 0.002515 0.637583 0.030189 0.637583 0.030189 0.671141 0.002515 0.671141
1 0.435220 0.662193 0.452830 0.662193 0.452830 0.700223 0.435220 0.700223
1 0.632704 0.662193 0.655346 0.662193 0.655346 0.700223 0.632704 0.700223
1 0.456603 0.666666 0.481760 0.666666 0.481760 0.700223 0.456603 0.700223
1 0.817610 0.659955 0.831446 0.659955 0.831446 0.706935 0.817610 0.706935
1 0.389937 0.666667 0.406289 0.666667 0.406289 0.702461 0.389937 0.702461
1 0.211321 0.666667 0.230189 0.666667 0.230189 0.706935 0.211321 0.706935
1 0.661635 0.668903 0.679245 0.668903 0.679245 0.706934 0.661635 0.706934
1 0.713208 0.675616 0.732076 0.675616 0.732076 0.713646 0.713208 0.713646
1 0.515723 0.684563 0.534591 0.684563 0.534591 0.718121 0.515723 0.718121
1 0.596227 0.680090 0.611321 0.680090 0.611321 0.729307 0.596227 0.729307
1 0.119497 0.686801 0.137107 0.686801 0.137107 0.722595 0.119497 0.722595
1 0.061635 0.686801 0.084277 0.686801 0.084277 0.727069 0.061635 0.727069
1 0.017610 0.695750 0.036478 0.695750 0.036478 0.731544 0.017610 0.731544
1 0.416352 0.702462 0.433962 0.702462 0.433962 0.740492 0.416352 0.740492
1 0.479245 0.704698 0.499371 0.704698 0.499371 0.736018 0.479245 0.736018
1 0.446541 0.709172 0.467925 0.709172 0.467925 0.738255 0.446541 0.738255
1 0.310692 0.711409 0.329560 0.711409 0.329560 0.747203 0.310692 0.747203
1 0.389937 0.715884 0.410063 0.715884 0.410063 0.749441 0.389937 0.749441
1 0.654088 0.715884 0.667924 0.715884 0.667924 0.760626 0.654088 0.760626
1 0.615094 0.727070 0.635220 0.727070 0.635220 0.765100 0.615094 0.765100
1 0.032704 0.731544 0.052830 0.731544 0.052830 0.771812 0.032704 0.771812
1 0.805031 0.742729 0.825157 0.742729 0.825157 0.776286 0.805031 0.776286
1 0.200000 0.756152 0.218868 0.756152 0.218868 0.791946 0.200000 0.791946
1 0.456604 0.758389 0.474214 0.758389 0.474214 0.800895 0.456604 0.800895
1 0.247799 0.767338 0.266667 0.767338 0.266667 0.803132 0.247799 0.803132
1 0.407547 0.780760 0.428931 0.780760 0.428931 0.809843 0.407547 0.809843
1 0.728302 0.782998 0.747170 0.782998 0.747170 0.812080 0.728302 0.812080
1 0.641509 0.789709 0.661635 0.789709 0.661635 0.825503 0.641509 0.825503
1 0.436478 0.796421 0.457862 0.796421 0.457862 0.832215 0.436478 0.832215
1 0.103144 0.798658 0.125786 0.798658 0.125786 0.838926 0.103144 0.838926
1 0.150943 0.805369 0.168553 0.805369 0.168553 0.847875 0.150943 0.847875
1 0.174843 0.814318 0.192453 0.814318 0.192453 0.850112 0.174843 0.850112
1 0.699371 0.818792 0.720755 0.818792 0.720755 0.854586 0.699371 0.854586
1 0.022641 0.827740 0.045283 0.827740 0.045283 0.865771 0.022641 0.865771
1 0.597484 0.836689 0.615094 0.836689 0.615094 0.872483 0.597484 0.872483
1 0.486792 0.841163 0.509434 0.841163 0.509434 0.872483 0.486792 0.872483
1 0.660378 0.834452 0.672956 0.834452 0.672956 0.881432 0.660378 0.881432
1 0.571069 0.850113 0.591195 0.850113 0.591195 0.888143 0.571069 0.888143
1 0.057862 0.852349 0.076730 0.852349 0.076730 0.885907 0.057862 0.885907
1 0.802516 0.856823 0.822642 0.856823 0.822642 0.901566 0.802516 0.901566
1 0.781132 0.861298 0.800000 0.861298 0.800000 0.897092 0.781132 0.897092
1 0.504402 0.870246 0.529560 0.870246 0.529560 0.897092 0.504402 0.897092
1 0.467924 0.874720 0.489308 0.874720 0.489308 0.910514 0.467924 0.910514
1 0.737107 0.883669 0.758491 0.883669 0.758491 0.923937 0.737107 0.923937
1 0.445283 0.894855 0.465409 0.894855 0.465409 0.935123 0.445283 0.935123
1 0.667925 0.919463 0.691823 0.919463 0.691823 0.955257 0.667925 0.955257
1 0.547170 0.928412 0.566038 0.928412 0.566038 0.959732 0.547170 0.959732
1 0.617610 0.944072 0.637736 0.944072 0.637736 0.973155 0.617610 0.973155
1 0.430189 0.937360 0.449057 0.937360 0.449057 0.977628 0.430189 0.977628
1 0.529560 0.948547 0.545912 0.948547 0.545912 0.986577 0.529560 0.986577
1 0.040251 0.950784 0.061635 0.950784 0.061635 0.988814 0.040251 0.988814
1 0.594968 0.968680 0.617610 0.968680 0.617610 1.000000 0.594968 1.000000
