1 0.893548 0.797687 0.927419 0.797687 0.927419 0.849710 0.893548 0.849710
1 0.180646 0.049133 0.217743 0.049133 0.217743 0.115607 0.180646 0.115607
2 0.077420 0.083815 0.111290 0.083815 0.111290 0.164739 0.077420 0.164739
2 0.112903 0.049133 0.158064 0.049133 0.158064 0.150289 0.112903 0.150289
2 0.353226 0.057804 0.393549 0.057804 0.393549 0.112716 0.353226 0.112716
2 0.064517 0.878613 0.106452 0.878613 0.106452 0.942197 0.064517 0.942197
2 0.848386 0.676300 0.888710 0.676300 0.888710 0.754336 0.848386 0.754336
2 0.896773 0.679191 0.937096 0.679191 0.937096 0.763006 0.896773 0.763006
2 0.951612 0.656069 0.999999 0.656069 0.999999 0.734105 0.951612 0.734105
2 0.432258 0.320809 0.472581 0.320809 0.472581 0.381503 0.432258 0.381503
2 0.951613 0.341040 0.990323 0.341040 0.990323 0.401734 0.951613 0.401734
2 0.667742 0.916185 0.714516 0.916185 0.714516 0.982659 0.667742 0.982659
2 0.783871 0.395954 0.820967 0.395954 0.820967 0.471099 0.783871 0.471099
2 0.861290 0.306358 0.900000 0.306358 0.900000 0.375722 0.861290 0.375722
2 0.943549 0.199422 0.985484 0.199422 0.985484 0.277456 0.943549 0.277456
2 0.572581 0.092485 0.619355 0.092485 0.619355 0.153179 0.572581 0.153179
2 0.508065 0.101155 0.553226 0.101155 0.553226 0.176300 0.508065 0.176300
2 0.303226 0.043353 0.346774 0.043353 0.346774 0.124277 0.303226 0.124277
2 0.153226 0.121388 0.195161 0.121388 0.195161 0.179191 0.153226 0.179191
2 0.093549 0.150288 0.135484 0.150288 0.135484 0.225434 0.093549 0.225434
2 0.866129 0.138728 0.922581 0.138728 0.922581 0.199422 0.866129 0.199422
