0 0.236177 0.048047 0.251185 0.048047 0.251185 0.100601 0.236177 0.100601
0 0.367298 0.451952 0.398894 0.451952 0.398894 0.507508 0.367298 0.507508
0 0.451817 0.731231 0.468405 0.731231 0.468405 0.779279 0.451817 0.779279
0 0.117694 0.614115 0.146130 0.614115 0.146130 0.647148 0.117694 0.647148
0 0.150078 0.656156 0.173775 0.656156 0.173775 0.693694 0.150078 0.693694
0 0.019747 0.767267 0.051343 0.767267 0.051343 0.801802 0.019747 0.801802
1 0.405213 0.000000 0.421801 0.000000 0.421801 0.013514 0.405213 0.013514
1 0.145340 0.000000 0.155608 0.000000 0.155608 0.021021 0.145340 0.021021
1 0.349921 0.000000 0.362559 0.000000 0.362559 0.019520 0.349921 0.019520
1 0.591627 0.000000 0.605845 0.000000 0.605845 0.024024 0.591627 0.024024
1 0.382306 0.001501 0.398894 0.001501 0.398894 0.033033 0.382306 0.033033
1 0.328594 0.004504 0.338863 0.004504 0.338863 0.030030 0.328594 0.030030
1 0.610585 0.006006 0.624013 0.006006 0.624013 0.036036 0.610585 0.036036
1 0.894945 0.010510 0.909953 0.010510 0.909953 0.036036 0.894945 0.036036
1 0.454977 0.010511 0.473934 0.010511 0.473934 0.037538 0.454977 0.037538
1 0.752764 0.010511 0.769352 0.010511 0.769352 0.037538 0.752764 0.037538
1 0.640600 0.010511 0.654818 0.010511 0.654818 0.040541 0.640600 0.040541
1 0.360979 0.012012 0.375987 0.012012 0.375987 0.040541 0.360979 0.040541
1 0.706161 0.010511 0.724329 0.010511 0.724329 0.046547 0.706161 0.046547
1 0.575040 0.013514 0.588468 0.013514 0.588468 0.042042 0.575040 0.042042
1 0.951027 0.016517 0.964455 0.016517 0.964455 0.043543 0.951027 0.043543
1 0.300948 0.018018 0.320694 0.018018 0.320694 0.045045 0.300948 0.045045
1 0.534755 0.021020 0.551343 0.021020 0.551343 0.043543 0.534755 0.043543
1 0.237757 0.016517 0.251185 0.016517 0.251185 0.046547 0.237757 0.046547
1 0.275671 0.015015 0.297789 0.015015 0.297789 0.057057 0.275671 0.057057
1 0.655608 0.021020 0.672196 0.021020 0.672196 0.049549 0.655608 0.049549
1 0.733017 0.025525 0.750395 0.025525 0.750395 0.054054 0.733017 0.054054
1 0.772512 0.022522 0.787520 0.022522 0.787520 0.055555 0.772512 0.055555
1 0.819906 0.028529 0.839653 0.028529 0.839653 0.063064 0.819906 0.063064
1 0.098736 0.033034 0.114534 0.033034 0.114534 0.060060 0.098736 0.060060
1 0.409163 0.034535 0.424961 0.034535 0.424961 0.063063 0.409163 0.063063
1 0.393365 0.036036 0.408373 0.036036 0.408373 0.063063 0.393365 0.063063
1 0.491311 0.040541 0.507109 0.040541 0.507109 0.069070 0.491311 0.069070
1 0.319115 0.045045 0.335703 0.045045 0.335703 0.070571 0.319115 0.070571
1 0.256714 0.049549 0.272512 0.049549 0.272512 0.078078 0.256714 0.078078
1 0.375197 0.052552 0.390995 0.052552 0.390995 0.078078 0.375197 0.078078
1 0.508689 0.061562 0.523697 0.061562 0.523697 0.091592 0.508689 0.091592
1 0.969984 0.075075 0.986572 0.075075 0.986572 0.099099 0.969984 0.099099
1 0.253555 0.076577 0.267773 0.076577 0.267773 0.100601 0.253555 0.100601
1 0.713270 0.079579 0.730648 0.079579 0.730648 0.106606 0.713270 0.106606
1 0.394945 0.085585 0.409163 0.085585 0.409163 0.106607 0.394945 0.106607
1 0.439178 0.096096 0.454186 0.096096 0.454186 0.117117 0.439178 0.117117
1 0.419431 0.097597 0.434439 0.097597 0.434439 0.123123 0.419431 0.123123
1 0.062401 0.094594 0.076619 0.094594 0.076619 0.127628 0.062401 0.127628
1 0.592417 0.106606 0.606635 0.106606 0.606635 0.127628 0.592417 0.127628
1 0.806477 0.112613 0.822275 0.112613 0.822275 0.129130 0.806477 0.129130
1 0.706161 0.105105 0.722749 0.105105 0.722749 0.136637 0.706161 0.136637
1 0.785940 0.115615 0.799368 0.115615 0.799368 0.136636 0.785940 0.136636
1 0.728278 0.114113 0.744076 0.114113 0.744076 0.142643 0.728278 0.142643
1 0.611375 0.115616 0.624013 0.115616 0.624013 0.145646 0.611375 0.145646
1 0.770932 0.123122 0.781990 0.123122 0.781990 0.145646 0.770932 0.145646
1 0.389416 0.121622 0.408373 0.121622 0.408373 0.151652 0.389416 0.151652
1 0.515798 0.121621 0.533176 0.121621 0.533176 0.159159 0.515798 0.159159
1 0.348341 0.127627 0.366509 0.127627 0.366509 0.154655 0.348341 0.154655
1 0.593997 0.129129 0.612955 0.129129 0.612955 0.160661 0.593997 0.160661
1 0.793839 0.130631 0.809637 0.130631 0.809637 0.160661 0.793839 0.160661
1 0.070300 0.133633 0.082938 0.133633 0.082938 0.159159 0.070300 0.159159
1 0.812796 0.132132 0.831754 0.132132 0.831754 0.163664 0.812796 0.163664
1 0.759874 0.132132 0.773302 0.132132 0.773302 0.159160 0.759874 0.159160
1 0.105845 0.133634 0.123223 0.133634 0.123223 0.163664 0.105845 0.163664
1 0.333333 0.133634 0.346761 0.133634 0.346761 0.166666 0.333333 0.166666
1 0.533965 0.133634 0.549763 0.133634 0.549763 0.168168 0.533965 0.168168
1 0.127962 0.139640 0.148500 0.139640 0.148500 0.168168 0.127962 0.168168
1 0.921801 0.138137 0.936809 0.138137 0.936809 0.172672 0.921801 0.172672
1 0.745656 0.145645 0.758294 0.145645 0.758294 0.165165 0.745656 0.165165
1 0.299368 0.142643 0.315956 0.142643 0.315956 0.172673 0.299368 0.172673
1 0.778041 0.147147 0.789099 0.147147 0.789099 0.171171 0.778041 0.171171
1 0.409952 0.145645 0.427330 0.145645 0.427330 0.172673 0.409952 0.172673
1 0.731438 0.150149 0.744076 0.150149 0.744076 0.172673 0.731438 0.172673
1 0.836493 0.148648 0.851501 0.148648 0.851501 0.174174 0.836493 0.174174
1 0.971564 0.145646 0.988942 0.145646 0.988942 0.175676 0.971564 0.175676
1 0.152448 0.147148 0.169036 0.147148 0.169036 0.180180 0.152448 0.180180
1 0.316746 0.148648 0.329384 0.148648 0.329384 0.180180 0.316746 0.180180
1 0.503160 0.150149 0.517378 0.150149 0.517378 0.178679 0.503160 0.178679
1 0.391785 0.160660 0.404423 0.160660 0.404423 0.180180 0.391785 0.180180
1 0.665877 0.157657 0.680885 0.157657 0.680885 0.189189 0.665877 0.189189
1 0.372828 0.157658 0.387836 0.157658 0.387836 0.187688 0.372828 0.187688
1 0.551343 0.159159 0.568721 0.159159 0.568721 0.190691 0.551343 0.190691
1 0.349131 0.162162 0.363349 0.162162 0.363349 0.186186 0.349131 0.186186
1 0.059242 0.163663 0.072670 0.163663 0.072670 0.189189 0.059242 0.189189
1 0.722749 0.166666 0.733807 0.166666 0.733807 0.186186 0.722749 0.186186
1 0.647709 0.166667 0.662717 0.166667 0.662717 0.190691 0.647709 0.190691
1 0.464456 0.165165 0.484202 0.165165 0.484202 0.192193 0.464456 0.192193
1 0.098736 0.165165 0.111374 0.165165 0.111374 0.192193 0.098736 0.192193
1 0.681675 0.165164 0.696683 0.165164 0.696683 0.193694 0.681675 0.193694
1 0.082938 0.166666 0.096366 0.166666 0.096366 0.193694 0.082938 0.193694
1 0.699052 0.169670 0.717220 0.169670 0.717220 0.190691 0.699052 0.190691
1 0.195103 0.163664 0.210111 0.163664 0.210111 0.198198 0.195103 0.198198
1 0.885466 0.168168 0.901264 0.168168 0.901264 0.195196 0.885466 0.195196
1 0.801738 0.162162 0.818326 0.162162 0.818326 0.205706 0.801738 0.205706
1 0.334913 0.172672 0.351501 0.172672 0.351501 0.198198 0.334913 0.198198
1 0.440758 0.171172 0.455766 0.171172 0.455766 0.204204 0.440758 0.204204
1 0.631122 0.175675 0.649289 0.175675 0.649289 0.207207 0.631122 0.207207
1 0.818325 0.174174 0.832543 0.174174 0.832543 0.204204 0.818325 0.204204
1 0.786730 0.177177 0.800948 0.177177 0.800948 0.202703 0.786730 0.202703
1 0.409163 0.175676 0.425751 0.175676 0.425751 0.205706 0.409163 0.205706
1 0.954187 0.178679 0.973934 0.178679 0.973934 0.207207 0.954187 0.207207
1 0.920221 0.178678 0.937599 0.178678 0.937599 0.205706 0.920221 0.205706
1 0.041864 0.172673 0.060822 0.172673 0.060822 0.213214 0.041864 0.213214
1 0.760663 0.181681 0.778041 0.181681 0.778041 0.204205 0.760663 0.204205
1 0.309637 0.181681 0.324645 0.181681 0.324645 0.210211 0.309637 0.210211
1 0.612164 0.178678 0.626382 0.178678 0.626382 0.210210 0.612164 0.210210
1 0.746446 0.187687 0.758294 0.187687 0.758294 0.210210 0.746446 0.210210
1 0.181675 0.184685 0.194313 0.184685 0.194313 0.211712 0.181675 0.211712
1 0.985782 0.187687 0.999210 0.187687 0.999210 0.214715 0.985782 0.214715
1 0.701422 0.192192 0.721168 0.192192 0.721168 0.211712 0.701422 0.211712
1 0.594787 0.186187 0.610585 0.186187 0.610585 0.219219 0.594787 0.219219
1 0.063981 0.190691 0.077409 0.190691 0.077409 0.220721 0.063981 0.220721
1 0.357820 0.189190 0.376777 0.189190 0.376777 0.222222 0.357820 0.222222
1 0.381517 0.193693 0.394945 0.193693 0.394945 0.220721 0.381517 0.220721
1 0.019747 0.192192 0.035545 0.192192 0.035545 0.228228 0.019747 0.228228
1 0.725118 0.193693 0.740916 0.193693 0.740916 0.225225 0.725118 0.225225
1 0.465245 0.193693 0.480253 0.193693 0.480253 0.225225 0.465245 0.225225
1 0.481043 0.195196 0.495261 0.195196 0.495261 0.228229 0.481043 0.228229
1 0.325434 0.196696 0.342812 0.196696 0.342812 0.228228 0.325434 0.228228
1 0.263823 0.198198 0.282780 0.198198 0.282780 0.225226 0.263823 0.225226
1 0.528436 0.199699 0.545024 0.199699 0.545024 0.225225 0.528436 0.225225
1 0.126382 0.198198 0.142180 0.198198 0.142180 0.225226 0.126382 0.225226
1 0.503950 0.199700 0.517378 0.199700 0.517378 0.223724 0.503950 0.223724
1 0.890995 0.204204 0.906003 0.204204 0.906003 0.228228 0.890995 0.228228
1 0.756714 0.208708 0.767772 0.208708 0.767772 0.231232 0.756714 0.231232
1 0.650079 0.210210 0.669037 0.210210 0.669037 0.237238 0.650079 0.237238
1 0.039494 0.210210 0.053712 0.210210 0.053712 0.235736 0.039494 0.235736
1 0.078989 0.208709 0.096367 0.208709 0.096367 0.244745 0.078989 0.244745
1 0.098737 0.202702 0.117694 0.202702 0.117694 0.253753 0.098737 0.253753
1 0.621643 0.208709 0.636651 0.208709 0.636651 0.250751 0.621643 0.250751
1 0.783571 0.214714 0.794629 0.214714 0.794629 0.246246 0.783571 0.246246
1 0.562401 0.216217 0.575829 0.216217 0.575829 0.249249 0.562401 0.249249
1 0.120853 0.223723 0.130332 0.223723 0.130332 0.244745 0.120853 0.244745
1 0.056872 0.222221 0.074250 0.222221 0.074250 0.244745 0.056872 0.244745
1 0.770931 0.220720 0.780411 0.220720 0.780411 0.252252 0.770931 0.252252
1 0.810427 0.220721 0.823855 0.220721 0.823855 0.253754 0.810427 0.253754
1 0.373618 0.223724 0.388626 0.223724 0.388626 0.253754 0.373618 0.253754
1 0.735387 0.228228 0.748815 0.228228 0.748815 0.252252 0.735387 0.252252
1 0.534755 0.228228 0.548973 0.228228 0.548973 0.256756 0.534755 0.256756
1 0.715640 0.232733 0.733018 0.232733 0.733018 0.256757 0.715640 0.256757
1 0.353870 0.228228 0.370458 0.228228 0.370458 0.265766 0.353870 0.265766
1 0.477883 0.235736 0.498420 0.235736 0.498420 0.265766 0.477883 0.265766
1 0.324644 0.234234 0.342022 0.234234 0.342022 0.261261 0.324644 0.261261
1 0.902054 0.237237 0.917852 0.237237 0.917852 0.262763 0.902054 0.262763
1 0.135071 0.235735 0.146919 0.235735 0.146919 0.264265 0.135071 0.264265
1 0.885466 0.238738 0.896524 0.238738 0.896524 0.265765 0.885466 0.265765
1 0.304897 0.240240 0.319905 0.240240 0.319905 0.267267 0.304897 0.267267
1 0.645340 0.237237 0.660348 0.237237 0.660348 0.271772 0.645340 0.271772
1 0.031595 0.241741 0.047393 0.241741 0.047393 0.270271 0.031595 0.270271
1 0.089258 0.240241 0.101106 0.240241 0.101106 0.274776 0.089258 0.274776
1 0.122433 0.246247 0.133491 0.246247 0.133491 0.267267 0.122433 0.267267
1 0.285150 0.243243 0.300158 0.243243 0.300158 0.274775 0.285150 0.274775
1 0.015008 0.240241 0.030806 0.240241 0.030806 0.274776 0.015008 0.274776
1 0.794628 0.250751 0.804898 0.250751 0.804898 0.280781 0.794628 0.280781
1 0.705371 0.250751 0.719589 0.250751 0.719589 0.280781 0.705371 0.280781
1 0.498420 0.253754 0.515008 0.253754 0.515008 0.283784 0.498420 0.283784
1 0.418641 0.253754 0.433649 0.253754 0.433649 0.285286 0.418641 0.285286
1 0.575829 0.253754 0.588467 0.253754 0.588467 0.289790 0.575829 0.289790
1 0.533175 0.264265 0.548183 0.264265 0.548183 0.291292 0.533175 0.291292
1 0.894155 0.262763 0.909163 0.262763 0.909163 0.294295 0.894155 0.294295
1 0.873618 0.264264 0.889416 0.264264 0.889416 0.294294 0.873618 0.294294
1 0.746445 0.273274 0.756715 0.273274 0.756715 0.289791 0.746445 0.289791
1 0.115324 0.267267 0.129542 0.267267 0.129542 0.294295 0.115324 0.294295
1 0.722749 0.265765 0.737757 0.265765 0.737757 0.300300 0.722749 0.300300
1 0.761453 0.268769 0.777251 0.268769 0.777251 0.298799 0.761453 0.298799
1 0.195102 0.268769 0.212480 0.268769 0.212480 0.301802 0.195102 0.301802
1 0.373618 0.265765 0.390206 0.265765 0.390206 0.306307 0.373618 0.306307
1 0.325434 0.268769 0.341232 0.268769 0.341232 0.294295 0.325434 0.294295
1 0.027646 0.274775 0.044234 0.274775 0.044234 0.297297 0.027646 0.297297
1 0.217220 0.274775 0.229068 0.274775 0.229068 0.297297 0.217220 0.297297
1 0.785940 0.270271 0.799368 0.270271 0.799368 0.304806 0.785940 0.304806
1 0.254344 0.276277 0.270142 0.276277 0.270142 0.297297 0.254344 0.297297
1 0.815956 0.282283 0.827804 0.282283 0.827804 0.303304 0.815956 0.303304
1 0.635861 0.274775 0.650869 0.274775 0.650869 0.309310 0.635861 0.309310
1 0.600316 0.276276 0.613744 0.276276 0.613744 0.307808 0.600316 0.307808
1 0.049763 0.280781 0.067141 0.280781 0.067141 0.310811 0.049763 0.310811
1 0.356240 0.283783 0.371248 0.283783 0.371248 0.310810 0.356240 0.310810
1 0.093997 0.285285 0.106635 0.285285 0.106635 0.310811 0.093997 0.310811
1 0.525277 0.289789 0.537915 0.289789 0.537915 0.306306 0.525277 0.306306
1 0.712480 0.289790 0.726698 0.289790 0.726698 0.313814 0.712480 0.313814
1 0.803318 0.283783 0.814376 0.283783 0.814376 0.312312 0.803318 0.312312
1 0.131122 0.286787 0.146130 0.286787 0.146130 0.312313 0.131122 0.312313
1 0.744866 0.288289 0.757504 0.288289 0.757504 0.309309 0.744866 0.309309
1 0.562401 0.283784 0.579779 0.283784 0.579779 0.316817 0.562401 0.316817
1 0.175355 0.288289 0.193522 0.288289 0.193522 0.315316 0.175355 0.315316
1 0.492101 0.289790 0.509479 0.289790 0.509479 0.319820 0.492101 0.319820
1 0.857031 0.289790 0.876777 0.289790 0.876777 0.319820 0.857031 0.319820
1 0.303318 0.294294 0.317536 0.294294 0.317536 0.324324 0.303318 0.324324
1 0.223539 0.298799 0.241705 0.298799 0.241705 0.322823 0.223539 0.322823
1 0.161928 0.298798 0.172986 0.298798 0.172986 0.327327 0.161928 0.327327
1 0.113744 0.301802 0.127172 0.301802 0.127172 0.322822 0.113744 0.322822
1 0.912322 0.301802 0.930489 0.301802 0.930489 0.325826 0.912322 0.325826
1 0.078199 0.295796 0.095577 0.295796 0.095577 0.331832 0.078199 0.331832
1 0.585309 0.303303 0.605055 0.303303 0.605055 0.333333 0.585309 0.333333
1 0.143760 0.312312 0.156398 0.312312 0.156398 0.334835 0.143760 0.334835
1 0.433650 0.310810 0.452607 0.310810 0.452607 0.339340 0.433650 0.339340
1 0.810427 0.315315 0.821485 0.315315 0.821485 0.334835 0.810427 0.334835
1 0.375987 0.315316 0.390205 0.315316 0.390205 0.336336 0.375987 0.336336
1 0.832544 0.315315 0.851500 0.315315 0.851500 0.342342 0.832544 0.342342
1 0.718799 0.313814 0.735387 0.313814 0.735387 0.345346 0.718799 0.345346
1 0.337283 0.316817 0.350711 0.316817 0.350711 0.342343 0.337283 0.342343
1 0.039494 0.313814 0.056872 0.313814 0.056872 0.346847 0.039494 0.346847
1 0.742495 0.319820 0.752765 0.319820 0.752765 0.342342 0.742495 0.342342
1 0.063981 0.318319 0.078989 0.318319 0.078989 0.345346 0.063981 0.345346
1 0.179305 0.319819 0.193523 0.319819 0.193523 0.346847 0.179305 0.346847
1 0.896524 0.319820 0.911532 0.319820 0.911532 0.349850 0.896524 0.349850
1 0.129542 0.319819 0.142970 0.319819 0.142970 0.346847 0.129542 0.346847
1 0.110585 0.324325 0.122433 0.324325 0.122433 0.346847 0.110585 0.346847
1 0.611374 0.324324 0.626382 0.324324 0.626382 0.349850 0.611374 0.349850
1 0.706951 0.322823 0.718799 0.322823 0.718799 0.349850 0.706951 0.349850
1 0.398104 0.321322 0.416272 0.321322 0.416272 0.354355 0.398104 0.354355
1 0.424171 0.324324 0.437599 0.324324 0.437599 0.355856 0.424171 0.355856
1 0.500000 0.325826 0.515008 0.325826 0.515008 0.357358 0.500000 0.357358
1 0.535545 0.328829 0.552923 0.328829 0.552923 0.354355 0.535545 0.354355
1 0.454976 0.330331 0.470774 0.330331 0.470774 0.351351 0.454976 0.351351
1 0.917852 0.328829 0.936808 0.328829 0.936808 0.354355 0.917852 0.354355
1 0.883886 0.328829 0.896524 0.328829 0.896524 0.358859 0.883886 0.358859
1 0.168247 0.328829 0.180095 0.328829 0.180095 0.361862 0.168247 0.361862
1 0.096367 0.334835 0.109795 0.334835 0.109795 0.364865 0.096367 0.364865
1 0.846761 0.334834 0.868089 0.334834 0.868089 0.363364 0.846761 0.363364
1 0.329384 0.334835 0.344392 0.334835 0.344392 0.364865 0.329384 0.364865
1 0.654028 0.336336 0.669036 0.336336 0.669036 0.363364 0.654028 0.363364
1 0.584518 0.342343 0.595576 0.342343 0.595576 0.363364 0.584518 0.363364
1 0.805687 0.339339 0.822275 0.339339 0.822275 0.367868 0.805687 0.367868
1 0.440758 0.340841 0.451027 0.340841 0.451027 0.366367 0.440758 0.366367
1 0.600316 0.343844 0.612954 0.343844 0.612954 0.366366 0.600316 0.366366
1 0.199052 0.340841 0.214060 0.340841 0.214060 0.370871 0.199052 0.370871
1 0.079779 0.343843 0.094787 0.343843 0.094787 0.370870 0.079779 0.370870
1 0.251974 0.339340 0.274092 0.339340 0.274092 0.373874 0.251974 0.373874
1 0.121643 0.348349 0.133491 0.348349 0.133491 0.370871 0.121643 0.370871
1 0.828594 0.346847 0.842812 0.346847 0.842812 0.372373 0.828594 0.372373
1 0.787520 0.351351 0.801738 0.351351 0.801738 0.376877 0.787520 0.376877
1 0.563191 0.348348 0.580569 0.348348 0.580569 0.378378 0.563191 0.378378
1 0.716430 0.357357 0.731438 0.357357 0.731438 0.385887 0.716430 0.385887
1 0.668246 0.357357 0.684834 0.357357 0.684834 0.384385 0.668246 0.384385
1 0.454976 0.355856 0.473143 0.355856 0.473143 0.387388 0.454976 0.387388
1 0.693523 0.354354 0.710901 0.354354 0.710901 0.391892 0.693523 0.391892
1 0.372038 0.360360 0.387836 0.360360 0.387836 0.387387 0.372038 0.387387
1 0.916272 0.363363 0.933650 0.363363 0.933650 0.388889 0.916272 0.388889
1 0.895735 0.361862 0.906793 0.361862 0.906793 0.391892 0.895735 0.391892
1 0.110585 0.363364 0.122433 0.363364 0.122433 0.390391 0.110585 0.390391
1 0.770142 0.360361 0.784360 0.360361 0.784360 0.393394 0.770142 0.393394
1 0.648500 0.366366 0.667456 0.366366 0.667456 0.394896 0.648500 0.394896
1 0.482623 0.364865 0.503950 0.364865 0.503950 0.396397 0.482623 0.396397
1 0.066351 0.366366 0.080569 0.366366 0.080569 0.396396 0.066351 0.396396
1 0.431280 0.369369 0.446288 0.369369 0.446288 0.399399 0.431280 0.399399
1 0.409953 0.367868 0.423381 0.367868 0.423381 0.399400 0.409953 0.399400
1 0.880727 0.364865 0.896525 0.364865 0.896525 0.402403 0.880727 0.402403
1 0.609005 0.370871 0.625593 0.370871 0.625593 0.400901 0.609005 0.400901
1 0.322275 0.369369 0.335703 0.369369 0.335703 0.406907 0.322275 0.406907
1 0.013428 0.367868 0.029226 0.367868 0.029226 0.405406 0.013428 0.405406
1 0.508688 0.372372 0.529226 0.372372 0.529226 0.402402 0.508688 0.402402
1 0.582938 0.375375 0.600316 0.375375 0.600316 0.400901 0.582938 0.400901
1 0.838862 0.372372 0.854660 0.372372 0.854660 0.403904 0.838862 0.403904
1 0.632701 0.375375 0.647709 0.375375 0.647709 0.406907 0.632701 0.406907
1 0.304897 0.378379 0.317535 0.378379 0.317535 0.400901 0.304897 0.400901
1 0.097946 0.376877 0.111374 0.376877 0.111374 0.406907 0.097946 0.406907
1 0.172197 0.376877 0.191944 0.376877 0.191944 0.406907 0.172197 0.406907
1 0.808057 0.376877 0.824645 0.376877 0.824645 0.411411 0.808057 0.411411
1 0.541864 0.379880 0.559242 0.379880 0.559242 0.409910 0.541864 0.409910
1 0.786730 0.381381 0.801738 0.381381 0.801738 0.408409 0.786730 0.408409
1 0.868878 0.384385 0.879148 0.384385 0.879148 0.405405 0.868878 0.405405
1 0.082938 0.379880 0.097156 0.379880 0.097156 0.412913 0.082938 0.412913
1 0.562401 0.382883 0.578989 0.382883 0.578989 0.412913 0.562401 0.412913
1 0.743286 0.381381 0.757504 0.381381 0.757504 0.414414 0.743286 0.414414
1 0.338862 0.384384 0.355450 0.384384 0.355450 0.415916 0.338862 0.415916
1 0.033965 0.385885 0.051343 0.385885 0.051343 0.418918 0.033965 0.418918
1 0.759084 0.388889 0.768563 0.388889 0.768563 0.414415 0.759084 0.414415
1 0.702212 0.390390 0.715640 0.390390 0.715640 0.420420 0.702212 0.420420
1 0.721169 0.396396 0.736177 0.396396 0.736177 0.424926 0.721169 0.424926
1 0.913902 0.399399 0.931280 0.399399 0.931280 0.426426 0.913902 0.426426
1 0.965245 0.403904 0.980253 0.403904 0.980253 0.423424 0.965245 0.423424
1 0.375197 0.400901 0.390205 0.400901 0.390205 0.430931 0.375197 0.430931
1 0.900474 0.405406 0.915482 0.405406 0.915482 0.427928 0.900474 0.427928
1 0.799368 0.403904 0.814376 0.403904 0.814376 0.429430 0.799368 0.429430
1 0.582149 0.405405 0.596367 0.405405 0.596367 0.430931 0.582149 0.430931
1 0.002370 0.399399 0.014218 0.399399 0.014218 0.438439 0.002370 0.438439
1 0.617693 0.405405 0.635071 0.405405 0.635071 0.430931 0.617693 0.430931
1 0.773302 0.406907 0.789890 0.406907 0.789890 0.432433 0.773302 0.432433
1 0.476303 0.409910 0.491311 0.409910 0.491311 0.430930 0.476303 0.430930
1 0.831754 0.408409 0.846762 0.408409 0.846762 0.435436 0.831754 0.435436
1 0.884676 0.408409 0.899684 0.408409 0.899684 0.436938 0.884676 0.436938
1 0.114534 0.409910 0.128752 0.409910 0.128752 0.435436 0.114534 0.435436
1 0.687204 0.408409 0.701422 0.408409 0.701422 0.435436 0.687204 0.435436
1 0.865719 0.412913 0.880727 0.412913 0.880727 0.433933 0.865719 0.433933
1 0.492101 0.412913 0.506319 0.412913 0.506319 0.438439 0.492101 0.438439
1 0.304107 0.409909 0.321485 0.409909 0.321485 0.444444 0.304107 0.444444
1 0.355450 0.412913 0.370458 0.412913 0.370458 0.439940 0.355450 0.439940
1 0.095576 0.417417 0.114533 0.417417 0.114533 0.444445 0.095576 0.444445
1 0.129542 0.421922 0.144550 0.421922 0.144550 0.445946 0.129542 0.445946
1 0.849921 0.423423 0.861769 0.423423 0.861769 0.447447 0.849921 0.447447
1 0.926540 0.421922 0.945498 0.421922 0.945498 0.454954 0.926540 0.454954
1 0.387836 0.424924 0.402844 0.424924 0.402844 0.451952 0.387836 0.451952
1 0.630332 0.421922 0.643760 0.421922 0.643760 0.450451 0.630332 0.450451
1 0.714850 0.426427 0.730648 0.426427 0.730648 0.448950 0.714850 0.448950
1 0.789889 0.427928 0.804897 0.427928 0.804897 0.453454 0.789889 0.453454
1 0.947078 0.427927 0.958926 0.427927 0.958926 0.454954 0.947078 0.454954
1 0.899684 0.435435 0.912322 0.435435 0.912322 0.454955 0.899684 0.454955
1 0.764613 0.430930 0.780411 0.430930 0.780411 0.459460 0.764613 0.459460
1 0.600316 0.432432 0.615324 0.432432 0.615324 0.460962 0.600316 0.460962
1 0.744076 0.429430 0.757504 0.429430 0.757504 0.462462 0.744076 0.462462
1 0.645339 0.432432 0.665876 0.432432 0.665876 0.462462 0.645339 0.462462
1 0.349131 0.438438 0.361769 0.438438 0.361769 0.457958 0.349131 0.457958
1 0.857820 0.436937 0.872828 0.436937 0.872828 0.462463 0.857820 0.462463
1 0.509478 0.433934 0.528436 0.433934 0.528436 0.465466 0.509478 0.465466
1 0.437599 0.435435 0.452607 0.435435 0.452607 0.465465 0.437599 0.465465
1 0.146919 0.436937 0.161137 0.436937 0.161137 0.463964 0.146919 0.463964
1 0.684834 0.442943 0.700632 0.442943 0.700632 0.463963 0.684834 0.463963
1 0.266192 0.441441 0.285150 0.441441 0.285150 0.465465 0.266192 0.465465
1 0.465245 0.433933 0.482623 0.433933 0.482623 0.474475 0.465245 0.474475
1 0.912322 0.442943 0.925750 0.442943 0.925750 0.466967 0.912322 0.466967
1 0.120854 0.444444 0.140601 0.444444 0.140601 0.469970 0.120854 0.469970
1 0.052923 0.441441 0.072669 0.441441 0.072669 0.475976 0.052923 0.475976
1 0.328594 0.448949 0.342812 0.448949 0.342812 0.474475 0.328594 0.474475
1 0.100316 0.450450 0.114534 0.450450 0.114534 0.477477 0.100316 0.477477
1 0.172986 0.448948 0.184834 0.448948 0.184834 0.477477 0.172986 0.477477
1 0.780411 0.451952 0.798578 0.451952 0.798578 0.478979 0.780411 0.478979
1 0.624802 0.454955 0.639810 0.454955 0.639810 0.480481 0.624802 0.480481
1 0.716430 0.454955 0.729068 0.454955 0.729068 0.480481 0.716430 0.480481
1 0.938389 0.454954 0.954187 0.454954 0.954187 0.481982 0.938389 0.481982
1 0.890995 0.462462 0.911532 0.462462 0.911532 0.487988 0.890995 0.487988
1 0.303317 0.457958 0.319905 0.457958 0.319905 0.489490 0.303317 0.489490
1 0.088468 0.463964 0.098737 0.463964 0.098737 0.489490 0.088468 0.489490
1 0.158768 0.462462 0.174566 0.462462 0.174566 0.496997 0.158768 0.496997
1 0.018168 0.460960 0.030016 0.460960 0.030016 0.495495 0.018168 0.495495
1 0.812006 0.459459 0.829384 0.459459 0.829384 0.489489 0.812006 0.489489
1 0.838862 0.466967 0.856240 0.466967 0.856240 0.490991 0.838862 0.490991
1 0.033965 0.463964 0.048183 0.463964 0.048183 0.498499 0.033965 0.498499
1 0.597946 0.471471 0.610584 0.471471 0.610584 0.495495 0.597946 0.495495
1 0.692733 0.474474 0.708531 0.474474 0.708531 0.501501 0.692733 0.501501
1 0.113744 0.477477 0.125592 0.477477 0.125592 0.506007 0.113744 0.506007
1 0.708531 0.478978 0.724329 0.478978 0.724329 0.506005 0.708531 0.506005
1 0.231438 0.477477 0.244866 0.477477 0.244866 0.513513 0.231438 0.513513
1 0.932070 0.474474 0.946288 0.474474 0.946288 0.510510 0.932070 0.510510
1 0.516588 0.481982 0.533176 0.481982 0.533176 0.512012 0.516588 0.512012
1 0.653238 0.483483 0.674566 0.483483 0.674566 0.509009 0.653238 0.509009
1 0.618484 0.480481 0.629542 0.480481 0.629542 0.513514 0.618484 0.513514
1 0.584518 0.483483 0.601896 0.483483 0.601896 0.513513 0.584518 0.513513
1 0.976303 0.483484 0.990521 0.483484 0.990521 0.512012 0.976303 0.512012
1 0.872038 0.483483 0.885466 0.483483 0.885466 0.513513 0.872038 0.513513
1 0.213270 0.484984 0.229858 0.484984 0.229858 0.513513 0.213270 0.513513
1 0.956556 0.484985 0.972354 0.484985 0.972354 0.515015 0.956556 0.515015
1 0.064771 0.490991 0.075829 0.490991 0.075829 0.516517 0.064771 0.516517
1 0.181675 0.493994 0.194313 0.493994 0.194313 0.516517 0.181675 0.516517
1 0.148499 0.487988 0.164297 0.487988 0.164297 0.521022 0.148499 0.521022
1 0.054502 0.493994 0.067140 0.493994 0.067140 0.516517 0.054502 0.516517
1 0.266983 0.492493 0.281991 0.492493 0.281991 0.522523 0.266983 0.522523
1 0.351501 0.489490 0.363349 0.489490 0.363349 0.525526 0.351501 0.525526
1 0.804108 0.492492 0.816746 0.492492 0.816746 0.519519 0.804108 0.519519
1 0.838073 0.492492 0.853871 0.492492 0.853871 0.527027 0.838073 0.527027
1 0.635861 0.498498 0.651659 0.498498 0.651659 0.524024 0.635861 0.524024
1 0.339653 0.501501 0.349921 0.501501 0.349921 0.527027 0.339653 0.527027
1 0.248025 0.501502 0.263033 0.501502 0.263033 0.528528 0.248025 0.528528
1 0.920221 0.501502 0.933649 0.501502 0.933649 0.528528 0.920221 0.528528
1 0.902054 0.503003 0.917852 0.503003 0.917852 0.528529 0.902054 0.528529
1 0.169826 0.501502 0.182464 0.501502 0.182464 0.531532 0.169826 0.531532
1 0.820695 0.507508 0.837283 0.507508 0.837283 0.542042 0.820695 0.542042
1 0.693523 0.510510 0.710111 0.510510 0.710111 0.536036 0.693523 0.536036
1 0.417062 0.510510 0.432070 0.510510 0.432070 0.536036 0.417062 0.536036
1 0.607425 0.509009 0.624803 0.509009 0.624803 0.540541 0.607425 0.540541
1 0.669037 0.510511 0.687993 0.510511 0.687993 0.537538 0.669037 0.537538
1 0.858610 0.513514 0.880726 0.513514 0.880726 0.543544 0.858610 0.543544
1 0.327014 0.518018 0.340442 0.518018 0.340442 0.540541 0.327014 0.540541
1 0.642971 0.515015 0.662717 0.515015 0.662717 0.545045 0.642971 0.545045
1 0.364928 0.519519 0.387835 0.519519 0.387835 0.542042 0.364928 0.542042
1 0.052133 0.518018 0.068721 0.518018 0.068721 0.546547 0.052133 0.546547
1 0.216429 0.519520 0.235386 0.519520 0.235386 0.546546 0.216429 0.546546
1 0.177725 0.521021 0.192733 0.521021 0.192733 0.545045 0.177725 0.545045
1 0.572669 0.515015 0.591627 0.515015 0.591627 0.557057 0.572669 0.557057
1 0.804897 0.527027 0.822275 0.527027 0.822275 0.548048 0.804897 0.548048
1 0.596367 0.525526 0.609005 0.525526 0.609005 0.552553 0.596367 0.552553
1 0.095577 0.531532 0.110585 0.531532 0.110585 0.555556 0.095577 0.555556
1 0.252764 0.530030 0.269352 0.530030 0.269352 0.555556 0.252764 0.555556
1 0.342022 0.533033 0.352291 0.533033 0.352291 0.552553 0.342022 0.552553
1 0.715640 0.530029 0.732228 0.530029 0.732228 0.558558 0.715640 0.558558
1 0.738546 0.531532 0.754344 0.531532 0.754344 0.567568 0.738546 0.567568
1 0.443128 0.534535 0.454976 0.534535 0.454976 0.564565 0.443128 0.564565
1 0.406793 0.536035 0.424171 0.536035 0.424171 0.564565 0.406793 0.564565
1 0.827804 0.540540 0.842022 0.540540 0.842022 0.560060 0.827804 0.560060
1 0.271722 0.540540 0.281201 0.540540 0.281201 0.563064 0.271722 0.563064
1 0.659558 0.539040 0.670616 0.539040 0.670616 0.566066 0.659558 0.566066
1 0.625592 0.543543 0.639020 0.543543 0.639020 0.566067 0.625592 0.566067
1 0.796998 0.545046 0.812006 0.545046 0.812006 0.566067 0.796998 0.566067
1 0.875987 0.543543 0.890995 0.543543 0.890995 0.578078 0.875987 0.578078
1 0.758294 0.551051 0.769352 0.551051 0.769352 0.570571 0.758294 0.570571
1 0.158768 0.549549 0.177725 0.549549 0.177725 0.575075 0.158768 0.575075
1 0.525277 0.551051 0.534756 0.551051 0.534756 0.576577 0.525277 0.576577
1 0.425750 0.542042 0.440758 0.542042 0.440758 0.585586 0.425750 0.585586
1 0.642970 0.551051 0.654028 0.551051 0.654028 0.582583 0.642970 0.582583
1 0.346762 0.557057 0.365719 0.557057 0.365719 0.581081 0.346762 0.581081
1 0.969984 0.554055 0.984202 0.554055 0.984202 0.587088 0.969984 0.587088
1 0.815166 0.554054 0.828594 0.554054 0.828594 0.584084 0.815166 0.584084
1 0.504739 0.555556 0.521327 0.555556 0.521327 0.585586 0.504739 0.585586
1 0.701422 0.561562 0.714060 0.561562 0.714060 0.579580 0.701422 0.579580
1 0.890205 0.560060 0.903633 0.560060 0.903633 0.584084 0.890205 0.584084
1 0.770932 0.560060 0.786730 0.560060 0.786730 0.593094 0.770932 0.593094
1 0.853081 0.561562 0.868089 0.561562 0.868089 0.588588 0.853081 0.588588
1 0.791469 0.564565 0.805687 0.564565 0.805687 0.591591 0.791469 0.591591
1 0.218799 0.567567 0.233807 0.567567 0.233807 0.593093 0.218799 0.593093
1 0.746445 0.567567 0.756715 0.567567 0.756715 0.593093 0.746445 0.593093
1 0.687994 0.567568 0.702212 0.567568 0.702212 0.596097 0.687994 0.596097
1 0.556082 0.567568 0.571090 0.567568 0.571090 0.596097 0.556082 0.596097
1 0.577408 0.573574 0.587678 0.573574 0.587678 0.591592 0.577408 0.591592
1 0.334123 0.570571 0.351501 0.570571 0.351501 0.597598 0.334123 0.597598
1 0.978673 0.572072 0.990521 0.572072 0.990521 0.596096 0.978673 0.596096
1 0.627962 0.575074 0.641390 0.575074 0.641390 0.597598 0.627962 0.597598
1 0.285940 0.578078 0.296208 0.578078 0.296208 0.597598 0.285940 0.597598
1 0.612164 0.575074 0.624802 0.575074 0.624802 0.603603 0.612164 0.603603
1 0.247235 0.582582 0.261453 0.582582 0.261453 0.602102 0.247235 0.602102
1 0.668246 0.579580 0.685624 0.579580 0.685624 0.614115 0.668246 0.614115
1 0.531595 0.585585 0.547393 0.585585 0.547393 0.611111 0.531595 0.611111
1 0.145340 0.582582 0.160348 0.582582 0.160348 0.614114 0.145340 0.614114
1 0.435229 0.587088 0.453397 0.587088 0.453397 0.614115 0.435229 0.614115
1 0.706951 0.587087 0.721169 0.587087 0.721169 0.618619 0.706951 0.618619
1 0.847551 0.588588 0.864929 0.588588 0.864929 0.608108 0.847551 0.608108
1 0.007109 0.591591 0.019747 0.591591 0.019747 0.614115 0.007109 0.614115
1 0.268562 0.591592 0.281990 0.591592 0.281990 0.618618 0.268562 0.618618
1 0.723539 0.591591 0.739337 0.591591 0.739337 0.624625 0.723539 0.624625
1 0.916272 0.593093 0.933650 0.593093 0.933650 0.632132 0.916272 0.632132
1 0.197472 0.590090 0.211690 0.590090 0.211690 0.624625 0.197472 0.624625
1 0.648499 0.590090 0.661927 0.590090 0.661927 0.629130 0.648499 0.629130
1 0.691153 0.602101 0.706951 0.602101 0.706951 0.624625 0.691153 0.624625
1 0.879937 0.599099 0.893365 0.599099 0.893365 0.629129 0.879937 0.629129
1 0.327014 0.602103 0.343602 0.602103 0.343602 0.629130 0.327014 0.629130
1 0.246445 0.603603 0.263823 0.603603 0.263823 0.636637 0.246445 0.636637
1 0.899684 0.606606 0.914692 0.606606 0.914692 0.632132 0.899684 0.632132
1 0.625593 0.605104 0.637441 0.605104 0.637441 0.633633 0.625593 0.633633
1 0.176935 0.614115 0.193523 0.614115 0.193523 0.635135 0.176935 0.635135
1 0.501580 0.609609 0.512638 0.609609 0.512638 0.642643 0.501580 0.642643
1 0.548973 0.611111 0.565561 0.611111 0.565561 0.641141 0.548973 0.641141
1 0.605055 0.612613 0.622433 0.612613 0.622433 0.641142 0.605055 0.641142
1 0.833333 0.618619 0.854661 0.618619 0.854661 0.639640 0.833333 0.639640
1 0.483412 0.615616 0.499210 0.615616 0.499210 0.642643 0.483412 0.642643
1 0.531596 0.615616 0.545024 0.615616 0.545024 0.642643 0.531596 0.642643
1 0.517378 0.615615 0.528436 0.615615 0.528436 0.644145 0.517378 0.644145
1 0.230648 0.617117 0.245656 0.617117 0.245656 0.642643 0.230648 0.642643
1 0.754344 0.612613 0.772512 0.612613 0.772512 0.653153 0.754344 0.653153
1 0.583728 0.620120 0.598736 0.620120 0.598736 0.653154 0.583728 0.653154
1 0.733807 0.621621 0.750395 0.621621 0.750395 0.653153 0.733807 0.653153
1 0.003160 0.623123 0.018168 0.623123 0.018168 0.653153 0.003160 0.653153
1 0.893365 0.627628 0.903634 0.627628 0.903634 0.650151 0.893365 0.650151
1 0.909163 0.629129 0.924961 0.629129 0.924961 0.654655 0.909163 0.654655
1 0.691943 0.626126 0.704581 0.626126 0.704581 0.654655 0.691943 0.654655
1 0.666667 0.624625 0.686414 0.624625 0.686414 0.659160 0.666667 0.659160
1 0.946288 0.633634 0.959716 0.633634 0.959716 0.660660 0.946288 0.660660
1 0.220379 0.636637 0.234597 0.636637 0.234597 0.657658 0.220379 0.657658
1 0.341232 0.635135 0.357030 0.635135 0.357030 0.659159 0.341232 0.659159
1 0.827014 0.633633 0.836494 0.633633 0.836494 0.662162 0.827014 0.662162
1 0.567141 0.629128 0.582149 0.629128 0.582149 0.663663 0.567141 0.663663
1 0.628752 0.636636 0.644550 0.636636 0.644550 0.659160 0.628752 0.659160
1 0.492891 0.636637 0.507109 0.636637 0.507109 0.663663 0.492891 0.663663
1 0.777251 0.639639 0.793049 0.639639 0.793049 0.665165 0.777251 0.665165
1 0.458926 0.639640 0.476304 0.639640 0.476304 0.668169 0.458926 0.668169
1 0.315165 0.638138 0.337283 0.638138 0.337283 0.671172 0.315165 0.671172
1 0.712480 0.639640 0.727488 0.639640 0.727488 0.668169 0.712480 0.668169
1 0.257504 0.638138 0.273302 0.638138 0.273302 0.675676 0.257504 0.675676
1 0.601106 0.645645 0.619274 0.645645 0.619274 0.668169 0.601106 0.668169
1 0.749605 0.648648 0.760663 0.648648 0.760663 0.668168 0.749605 0.668168
1 0.163508 0.644145 0.185624 0.644145 0.185624 0.677178 0.163508 0.677178
1 0.838073 0.648649 0.852291 0.648649 0.852291 0.672673 0.838073 0.672673
1 0.361769 0.645646 0.375987 0.645646 0.375987 0.672673 0.361769 0.672673
1 0.962085 0.644143 0.975513 0.644143 0.975513 0.672673 0.962085 0.672673
1 0.521327 0.647146 0.533965 0.647146 0.533965 0.675675 0.521327 0.675675
1 0.206951 0.650150 0.218009 0.650150 0.218009 0.674174 0.206951 0.674174
1 0.652449 0.653152 0.667457 0.653152 0.667457 0.675675 0.652449 0.675675
1 0.233807 0.651651 0.246445 0.651651 0.246445 0.680180 0.233807 0.680180
1 0.895735 0.659160 0.908373 0.659160 0.908373 0.680180 0.895735 0.680180
1 0.538704 0.654655 0.554502 0.654655 0.554502 0.684685 0.538704 0.684685
1 0.625593 0.659159 0.638231 0.659159 0.638231 0.683183 0.625593 0.683183
1 0.481832 0.657658 0.492101 0.657658 0.492101 0.686187 0.481832 0.686187
1 0.559242 0.654654 0.572670 0.654654 0.572670 0.686186 0.559242 0.686186
1 0.496841 0.662162 0.515008 0.662162 0.515008 0.683183 0.496841 0.683183
1 0.687204 0.663663 0.701422 0.663663 0.701422 0.695195 0.687204 0.695195
1 0.669036 0.668168 0.684834 0.668168 0.684834 0.693694 0.669036 0.693694
1 0.134281 0.668168 0.149289 0.668168 0.149289 0.696697 0.134281 0.696697
1 0.219589 0.666667 0.234597 0.666667 0.234597 0.696697 0.219589 0.696697
1 0.458926 0.672673 0.474724 0.672673 0.474724 0.695196 0.458926 0.695196
1 0.593997 0.669669 0.609005 0.669669 0.609005 0.701201 0.593997 0.701201
1 0.293049 0.674175 0.310427 0.674175 0.310427 0.701201 0.293049 0.701201
1 0.878357 0.674175 0.894155 0.674175 0.894155 0.701201 0.878357 0.701201
1 0.327014 0.678678 0.336494 0.678678 0.336494 0.698198 0.327014 0.698198
1 0.611374 0.677177 0.624802 0.677177 0.624802 0.701201 0.611374 0.701201
1 0.834123 0.680179 0.847551 0.680179 0.847551 0.702703 0.834123 0.702703
1 0.368878 0.681681 0.387046 0.681681 0.387046 0.707207 0.368878 0.707207
1 0.194312 0.680180 0.217220 0.680180 0.217220 0.713214 0.194312 0.713214
1 0.337283 0.686186 0.348341 0.686186 0.348341 0.708709 0.337283 0.708709
1 0.740126 0.677177 0.755924 0.677177 0.755924 0.714715 0.740126 0.714715
1 0.102685 0.672673 0.120063 0.672673 0.120063 0.717718 0.102685 0.717718
1 0.936019 0.690690 0.952607 0.690690 0.952607 0.711711 0.936019 0.711711
1 0.716430 0.686186 0.740916 0.686186 0.740916 0.717718 0.716430 0.717718
1 0.913902 0.683183 0.928910 0.683183 0.928910 0.716217 0.913902 0.716217
1 0.506319 0.689189 0.522907 0.689189 0.522907 0.714715 0.506319 0.714715
1 0.317535 0.692192 0.327014 0.692192 0.327014 0.711712 0.317535 0.711712
1 0.540285 0.693693 0.551343 0.693693 0.551343 0.716217 0.540285 0.716217
1 0.254344 0.684685 0.270142 0.684685 0.270142 0.726727 0.254344 0.726727
1 0.351501 0.698199 0.365719 0.698199 0.365719 0.719220 0.351501 0.719220
1 0.662717 0.696696 0.683254 0.696696 0.683254 0.722222 0.662717 0.722222
1 0.453396 0.690690 0.471564 0.690690 0.471564 0.729730 0.453396 0.729730
1 0.086888 0.702702 0.100316 0.702702 0.100316 0.728228 0.086888 0.728228
1 0.840443 0.708708 0.852291 0.708708 0.852291 0.728228 0.840443 0.728228
1 0.327014 0.707206 0.340442 0.707206 0.340442 0.735735 0.327014 0.735735
1 0.762243 0.710210 0.775671 0.710210 0.775671 0.734234 0.762243 0.734234
1 0.819905 0.710210 0.834913 0.710210 0.834913 0.740240 0.819905 0.740240
1 0.238547 0.705705 0.251975 0.705705 0.251975 0.743243 0.238547 0.743243
1 0.591627 0.711712 0.612165 0.711712 0.612165 0.738738 0.591627 0.738738
1 0.368088 0.714715 0.382306 0.714715 0.382306 0.743244 0.368088 0.743244
1 0.214060 0.713213 0.231438 0.713213 0.231438 0.750751 0.214060 0.750751
1 0.792259 0.722221 0.805687 0.722221 0.805687 0.744745 0.792259 0.744745
1 0.129542 0.717717 0.146920 0.717717 0.146920 0.755255 0.129542 0.755255
1 0.684045 0.725226 0.692734 0.725226 0.692734 0.752252 0.684045 0.752252
1 0.703002 0.719219 0.717220 0.719219 0.717220 0.755255 0.703002 0.755255
1 0.559242 0.726726 0.578989 0.726726 0.578989 0.749250 0.559242 0.749250
1 0.492101 0.728228 0.510269 0.728228 0.510269 0.752252 0.492101 0.752252
1 0.665877 0.726727 0.680885 0.726727 0.680885 0.761262 0.665877 0.761262
1 0.834123 0.729730 0.846761 0.729730 0.846761 0.758259 0.834123 0.758259
1 0.258294 0.738739 0.272512 0.738739 0.272512 0.756757 0.258294 0.756757
1 0.113743 0.735735 0.124012 0.735735 0.124012 0.761261 0.113743 0.761261
1 0.867299 0.732732 0.882307 0.732732 0.882307 0.764264 0.867299 0.764264
1 0.716430 0.738739 0.729858 0.738739 0.729858 0.770271 0.716430 0.770271
1 0.236967 0.744745 0.251185 0.744745 0.251185 0.768769 0.236967 0.768769
1 0.651659 0.741742 0.663507 0.741742 0.663507 0.767268 0.651659 0.767268
1 0.595576 0.743244 0.612954 0.743244 0.612954 0.770270 0.595576 0.770270
1 0.414692 0.744745 0.426540 0.744745 0.426540 0.773274 0.414692 0.773274
1 0.378358 0.747748 0.398895 0.747748 0.398895 0.777778 0.378358 0.777778
1 0.579779 0.749250 0.593207 0.749250 0.593207 0.777779 0.579779 0.777779
1 0.339652 0.752252 0.353870 0.752252 0.353870 0.779279 0.339652 0.779279
1 0.914692 0.750750 0.926540 0.750750 0.926540 0.783784 0.914692 0.783784
1 0.693523 0.758258 0.706161 0.758258 0.706161 0.776276 0.693523 0.776276
1 0.788309 0.756757 0.805687 0.756757 0.805687 0.783783 0.788309 0.783783
1 0.422591 0.761262 0.436809 0.761262 0.436809 0.788288 0.422591 0.788288
1 0.356240 0.761261 0.370458 0.761261 0.370458 0.785285 0.356240 0.785285
1 0.492891 0.762763 0.514219 0.762763 0.514219 0.786787 0.492891 0.786787
1 0.775672 0.762763 0.786730 0.762763 0.786730 0.788289 0.775672 0.788289
1 0.179305 0.770271 0.195893 0.770271 0.195893 0.786787 0.179305 0.786787
1 0.155608 0.767267 0.171406 0.767267 0.171406 0.795797 0.155608 0.795797
1 0.172196 0.771771 0.180094 0.771771 0.180094 0.794295 0.172196 0.794295
1 0.565561 0.771772 0.578199 0.771772 0.578199 0.798798 0.565561 0.798798
1 0.272512 0.773273 0.288310 0.773273 0.288310 0.798799 0.272512 0.798799
1 0.702212 0.777778 0.716430 0.777778 0.716430 0.794294 0.702212 0.794294
1 0.649289 0.777778 0.665087 0.777778 0.665087 0.795796 0.649289 0.795796
1 0.516588 0.777778 0.530016 0.777778 0.530016 0.801802 0.516588 0.801802
1 0.687994 0.780781 0.699052 0.780781 0.699052 0.800301 0.687994 0.800301
1 0.389415 0.777778 0.406003 0.777778 0.406003 0.803304 0.389415 0.803304
1 0.814376 0.776276 0.829384 0.776276 0.829384 0.807808 0.814376 0.807808
1 0.800158 0.779280 0.813586 0.779280 0.813586 0.806306 0.800158 0.806306
1 0.338073 0.782282 0.353081 0.782282 0.353081 0.810812 0.338073 0.810812
1 0.627172 0.782282 0.642180 0.782282 0.642180 0.810812 0.627172 0.810812
1 0.255924 0.782282 0.271722 0.782282 0.271722 0.818318 0.255924 0.818318
1 0.548183 0.785285 0.563981 0.785285 0.563981 0.816817 0.548183 0.816817
1 0.601896 0.791291 0.618484 0.791291 0.618484 0.816817 0.601896 0.816817
1 0.360189 0.792793 0.377567 0.792793 0.377567 0.815316 0.360189 0.815316
1 0.527646 0.791292 0.544234 0.791292 0.544234 0.819821 0.527646 0.819821
1 0.505529 0.792793 0.516587 0.792793 0.516587 0.819819 0.505529 0.819819
1 0.667457 0.794294 0.687203 0.794294 0.687203 0.824324 0.667457 0.824324
1 0.579779 0.794295 0.596367 0.794295 0.596367 0.822824 0.579779 0.822824
1 0.437599 0.794294 0.451027 0.794294 0.451027 0.824324 0.437599 0.824324
1 0.127172 0.798799 0.145339 0.798799 0.145339 0.824325 0.127172 0.824325
1 0.302528 0.798798 0.315956 0.798798 0.315956 0.827327 0.302528 0.827327
1 0.329384 0.801801 0.342812 0.801801 0.342812 0.834835 0.329384 0.834835
1 0.454977 0.800301 0.474723 0.800301 0.474723 0.840842 0.454977 0.840842
1 0.486572 0.804804 0.501580 0.804804 0.501580 0.837838 0.486572 0.837838
1 0.759084 0.807808 0.770932 0.807808 0.770932 0.833334 0.759084 0.833334
1 0.774092 0.807808 0.789100 0.807808 0.789100 0.839340 0.774092 0.839340
1 0.391785 0.812312 0.407583 0.812312 0.407583 0.837838 0.391785 0.837838
1 0.801738 0.813814 0.818326 0.813814 0.818326 0.840840 0.801738 0.840840
1 0.415482 0.809309 0.430490 0.809309 0.430490 0.842342 0.415482 0.842342
1 0.293049 0.816817 0.305687 0.816817 0.305687 0.840841 0.293049 0.840841
1 0.225909 0.816817 0.236177 0.816817 0.236177 0.843843 0.225909 0.843843
1 0.514218 0.819820 0.530806 0.819820 0.530806 0.845346 0.514218 0.845346
1 0.206951 0.819820 0.221959 0.819820 0.221959 0.857358 0.206951 0.857358
1 0.477093 0.825825 0.488151 0.825825 0.488151 0.848349 0.477093 0.848349
1 0.718009 0.827327 0.733807 0.827327 0.733807 0.854354 0.718009 0.854354
1 0.238546 0.824325 0.255924 0.824325 0.255924 0.858859 0.238546 0.858859
1 0.735387 0.834835 0.749605 0.834835 0.749605 0.858859 0.735387 0.858859
1 0.337282 0.825826 0.357820 0.825826 0.357820 0.875376 0.337282 0.875376
1 0.189573 0.837838 0.206161 0.837838 0.206161 0.869370 0.189573 0.869370
1 0.637441 0.842342 0.652449 0.842342 0.652449 0.866366 0.637441 0.866366
1 0.064771 0.839340 0.081359 0.839340 0.081359 0.878379 0.064771 0.878379
1 0.616114 0.842342 0.631122 0.842342 0.631122 0.872372 0.616114 0.872372
1 0.866509 0.842342 0.881517 0.842342 0.881517 0.872372 0.866509 0.872372
1 0.406004 0.848348 0.414692 0.848348 0.414692 0.872372 0.406004 0.872372
1 0.390995 0.843844 0.401264 0.843844 0.401264 0.875376 0.390995 0.875376
1 0.596366 0.845346 0.612164 0.845346 0.612164 0.872372 0.596366 0.872372
1 0.172986 0.849850 0.185624 0.849850 0.185624 0.876876 0.172986 0.876876
1 0.376777 0.851351 0.388625 0.851351 0.388625 0.881381 0.376777 0.881381
1 0.358610 0.855856 0.368878 0.855856 0.368878 0.885886 0.358610 0.885886
1 0.635071 0.872372 0.648499 0.872372 0.648499 0.887387 0.635071 0.887387
1 0.235387 0.866366 0.253555 0.866366 0.253555 0.896396 0.235387 0.896396
1 0.187204 0.867868 0.203002 0.867868 0.203002 0.897898 0.187204 0.897898
1 0.613744 0.873873 0.627962 0.873873 0.627962 0.894894 0.613744 0.894894
1 0.800158 0.870871 0.815956 0.870871 0.815956 0.900901 0.800158 0.900901
1 0.315956 0.875375 0.330964 0.875375 0.330964 0.905405 0.315956 0.905405
1 0.817535 0.878379 0.833333 0.878379 0.833333 0.905405 0.817535 0.905405
1 0.347551 0.875375 0.363349 0.875375 0.363349 0.905405 0.347551 0.905405
1 0.046603 0.878378 0.062401 0.878378 0.062401 0.911412 0.046603 0.911412
1 0.334913 0.884384 0.345971 0.884384 0.345971 0.908408 0.334913 0.908408
1 0.687204 0.881381 0.704582 0.881381 0.704582 0.911411 0.687204 0.911411
1 0.669036 0.887387 0.684044 0.887387 0.684044 0.914414 0.669036 0.914414
1 0.201422 0.885886 0.212480 0.885886 0.212480 0.917418 0.201422 0.917418
1 0.277251 0.887387 0.289889 0.887387 0.289889 0.917417 0.277251 0.917417
1 0.143760 0.887387 0.161138 0.887387 0.161138 0.917417 0.143760 0.917417
1 0.598736 0.894894 0.615324 0.894894 0.615324 0.917417 0.598736 0.917417
1 0.620063 0.897898 0.636651 0.897898 0.636651 0.920421 0.620063 0.920421
1 0.540284 0.891892 0.560821 0.891892 0.560821 0.929430 0.540284 0.929430
1 0.578989 0.894895 0.601896 0.894895 0.601896 0.932433 0.578989 0.932433
1 0.215640 0.903904 0.231438 0.903904 0.231438 0.927928 0.215640 0.927928
1 0.165086 0.903904 0.187994 0.903904 0.187994 0.930930 0.165086 0.930930
1 0.326224 0.903903 0.339652 0.903903 0.339652 0.932432 0.326224 0.932432
1 0.680885 0.914414 0.695893 0.914414 0.695893 0.932432 0.680885 0.932432
1 0.344392 0.915916 0.358610 0.915916 0.358610 0.939940 0.344392 0.939940
1 0.233807 0.918918 0.249605 0.918918 0.249605 0.941442 0.233807 0.941442
1 0.249606 0.911412 0.271723 0.911412 0.271723 0.951952 0.249606 0.951952
1 0.726698 0.917417 0.741706 0.917417 0.741706 0.948949 0.726698 0.948949
1 0.185624 0.917417 0.202212 0.917417 0.202212 0.948949 0.185624 0.948949
1 0.762243 0.926427 0.778831 0.926427 0.778831 0.947447 0.762243 0.947447
1 0.125592 0.924925 0.139810 0.924925 0.139810 0.956457 0.125592 0.956457
1 0.709321 0.929430 0.724329 0.929430 0.724329 0.951953 0.709321 0.951953
1 0.745656 0.926426 0.761454 0.926426 0.761454 0.956456 0.745656 0.956456
1 0.616113 0.927928 0.639811 0.927928 0.639811 0.957958 0.616113 0.957958
1 0.409163 0.938438 0.420221 0.938438 0.420221 0.971472 0.409163 0.971472
1 0.339652 0.945946 0.355450 0.945946 0.355450 0.975976 0.339652 0.975976
1 0.360979 0.954954 0.378357 0.954954 0.378357 0.987988 0.360979 0.987988
1 0.606635 0.957958 0.621643 0.957958 0.621643 0.986487 0.606635 0.986487
1 0.668246 0.954955 0.685624 0.954955 0.685624 0.990991 0.668246 0.990991
1 0.159558 0.966966 0.172196 0.966966 0.172196 0.989490 0.159558 0.989490
1 0.583728 0.962462 0.601106 0.962462 0.601106 0.998498 0.583728 0.998498
1 0.137441 0.969970 0.151659 0.969970 0.151659 1.000000 0.137441 1.000000
1 0.434439 0.977477 0.448657 0.977477 0.448657 1.000000 0.434439 1.000000
1 0.453397 0.981982 0.466035 0.981982 0.466035 1.000000 0.453397 1.000000
1 0.112954 0.981982 0.125592 0.981982 0.125592 1.000000 0.112954 1.000000
1 0.832544 0.178678 0.845182 0.178678 0.845182 0.216216 0.832544 0.216216
1 0.764613 0.585586 0.780411 0.585586 0.780411 0.615616 0.764613 0.615616
1 0.289100 0.896397 0.302528 0.896397 0.302528 0.923423 0.289100 0.923423
1 0.277251 0.951951 0.289889 0.951951 0.289889 0.974475 0.277251 0.974475
1 0.079779 0.957958 0.101895 0.957958 0.101895 0.980481 0.079779 0.980481
1 0.070301 0.259759 0.088467 0.259759 0.088467 0.286786 0.070301 0.286786
1 0.093997 0.738739 0.101895 0.738739 0.101895 0.756757 0.093997 0.756757
1 0.625592 0.351351 0.639810 0.351351 0.639810 0.375375 0.625592 0.375375
1 0.635071 0.339340 0.648499 0.339340 0.648499 0.361862 0.635071 0.361862
1 0.430490 0.834835 0.447868 0.834835 0.447868 0.860361 0.430490 0.860361
1 0.924171 0.558559 0.944708 0.558559 0.944708 0.585585 0.924171 0.585585
1 0.559241 0.469970 0.576619 0.469970 0.576619 0.495496 0.559241 0.495496
1 0.531596 0.475975 0.546604 0.475975 0.546604 0.509008 0.531596 0.509008
1 0.078989 0.058558 0.096367 0.058558 0.096367 0.081082 0.078989 0.081082
1 0.094787 0.067568 0.105845 0.067568 0.105845 0.084085 0.094787 0.084085
1 0.538705 0.546546 0.558451 0.546546 0.558451 0.575075 0.538705 0.575075
1 0.528436 0.525526 0.540284 0.525526 0.540284 0.542042 0.528436 0.542042
1 0.706951 0.660661 0.721959 0.660661 0.721959 0.684685 0.706951 0.684685
1 0.789100 0.660660 0.800158 0.660660 0.800158 0.683184 0.789100 0.683184
1 0.836493 0.073574 0.849131 0.073574 0.849131 0.091592 0.836493 0.091592
1 0.847551 0.072072 0.862559 0.072072 0.862559 0.102102 0.847551 0.102102
1 0.179305 0.411411 0.200631 0.411411 0.200631 0.430931 0.179305 0.430931
1 0.027646 0.507507 0.048183 0.507507 0.048183 0.533033 0.027646 0.533033
1 0.187204 0.451952 0.203002 0.451952 0.203002 0.487988 0.187204 0.487988
1 0.090048 0.477477 0.110585 0.477477 0.110585 0.516517 0.090048 0.516517
1 0.109005 0.186186 0.120853 0.186186 0.120853 0.205706 0.109005 0.205706
1 0.666667 0.393393 0.683255 0.393393 0.683255 0.432432 0.666667 0.432432
1 0.977883 0.192192 0.985783 0.192192 0.985783 0.213214 0.977883 0.213214
1 0.230648 0.780780 0.244866 0.780780 0.244866 0.809310 0.230648 0.809310
1 0.117693 0.708708 0.126382 0.708708 0.126382 0.728228 0.117693 0.728228
1 0.160347 0.885886 0.176145 0.885886 0.176145 0.905406 0.160347 0.905406
1 0.139021 0.915916 0.150869 0.915916 0.150869 0.933934 0.139021 0.933934
1 0.315956 0.279279 0.327804 0.279279 0.327804 0.309309 0.315956 0.309309
1 0.492891 0.172673 0.507109 0.172673 0.507109 0.201201 0.492891 0.201201
1 0.958136 0.588588 0.973934 0.588588 0.973934 0.620120 0.958136 0.620120
1 0.920222 0.542042 0.939968 0.542042 0.939968 0.566066 0.920222 0.566066
1 0.903633 0.537538 0.917851 0.537538 0.917851 0.572072 0.903633 0.572072
1 0.761453 0.746246 0.778831 0.746246 0.778831 0.776276 0.761453 0.776276
1 0.396525 0.393394 0.414692 0.393394 0.414692 0.426426 0.396525 0.426426
1 0.274881 0.108108 0.292259 0.108108 0.292259 0.133634 0.274881 0.133634
3 0.147710 0.181681 0.172197 0.181681 0.172197 0.252252 0.147710 0.252252
