1 0.080645 0.028971 0.241935 0.028971 0.241935 0.044955 0.080645 0.044955
1 0.241936 0.065935 0.370968 0.065935 0.370968 0.082918 0.241936 0.082918
1 0.483872 0.074926 0.564517 0.074926 0.564517 0.085915 0.483872 0.085915
1 0.411290 0.069930 0.467742 0.069930 0.467742 0.075924 0.411290 0.075924
1 0.427419 0.144855 0.516129 0.144855 0.516129 0.155845 0.427419 0.155845
2 0.516129 0.366633 0.725807 0.366633 0.725807 0.394605 0.516129 0.394605
2 0.629032 0.386613 0.846774 0.386613 0.846774 0.415584 0.629032 0.415584
2 0.451613 0.397602 0.637097 0.397602 0.637097 0.421578 0.451613 0.421578
2 0.540322 0.427572 0.741935 0.427572 0.741935 0.457542 0.540322 0.457542
2 0.516128 0.712288 0.774193 0.712288 0.774193 0.742258 0.516128 0.742258
2 0.629032 0.795204 0.822580 0.795204 0.822580 0.820179 0.629032 0.820179
2 0.661291 0.959040 0.887097 0.959040 0.887097 0.990009 0.661291 0.990009
2 0.306451 0.189810 0.508065 0.189810 0.508065 0.216784 0.306451 0.216784
