0 0.945986 0.001812 0.982482 0.001812 0.982482 0.038044 0.945986 0.038044
0 0.000000 0.028985 0.018978 0.028985 0.018978 0.068840 0.000000 0.068840
0 0.379562 0.039855 0.410220 0.039855 0.410220 0.070652 0.379562 0.070652
0 0.484672 0.019928 0.521168 0.019928 0.521168 0.072464 0.484672 0.072464
0 0.535767 0.025363 0.566423 0.025363 0.566423 0.074275 0.535767 0.074275
0 0.394160 0.059783 0.456934 0.059783 0.456934 0.121377 0.394160 0.121377
0 0.585401 0.072464 0.635037 0.072464 0.635037 0.130435 0.585401 0.130435
0 0.708029 0.081522 0.756205 0.081522 0.756205 0.144928 0.708029 0.144928
0 0.335766 0.090579 0.366424 0.090579 0.366424 0.130435 0.335766 0.130435
0 0.192700 0.083334 0.224818 0.083334 0.224818 0.143117 0.192700 0.143117
0 0.491971 0.090580 0.545986 0.090580 0.545986 0.139492 0.491971 0.139492
0 0.293431 0.092392 0.329927 0.092392 0.329927 0.143117 0.293431 0.143117
0 0.648176 0.090580 0.694891 0.090580 0.694891 0.168479 0.648176 0.168479
0 0.978102 0.117754 0.998540 0.117754 0.998540 0.144928 0.978102 0.144928
0 0.083212 0.110508 0.109489 0.110508 0.109489 0.152175 0.083212 0.152175
0 0.799999 0.134058 0.832116 0.134058 0.832116 0.170290 0.799999 0.170290
0 0.366423 0.135870 0.404379 0.135870 0.404379 0.179348 0.366423 0.179348
0 0.232116 0.135870 0.280291 0.135870 0.280291 0.177537 0.232116 0.177537
0 0.036497 0.157609 0.087592 0.157609 0.087592 0.211957 0.036497 0.211957
0 0.102190 0.161232 0.145986 0.161232 0.145986 0.213768 0.102190 0.213768
0 0.795620 0.179349 0.840875 0.179349 0.840875 0.244565 0.795620 0.244565
0 0.689051 0.175725 0.735766 0.175725 0.735766 0.240941 0.689051 0.240941
0 0.265693 0.190217 0.306569 0.190217 0.306569 0.230073 0.265693 0.230073
0 0.200000 0.181160 0.248176 0.181160 0.248176 0.224638 0.200000 0.224638
0 0.145985 0.201088 0.188321 0.201088 0.188321 0.257246 0.145985 0.257246
0 0.767884 0.204710 0.797080 0.204710 0.797080 0.257246 0.767884 0.257246
0 0.315329 0.215580 0.344526 0.215580 0.344526 0.253623 0.315329 0.253623
0 0.064233 0.211956 0.112408 0.211956 0.112408 0.259057 0.064233 0.259057
0 0.487591 0.228262 0.528467 0.228262 0.528467 0.266304 0.487591 0.266304
0 0.344526 0.222826 0.382482 0.222826 0.382482 0.268116 0.344526 0.268116
0 0.392701 0.235507 0.435037 0.235507 0.435037 0.284420 0.392701 0.284420
0 0.183942 0.246377 0.233576 0.246377 0.233576 0.289855 0.183942 0.289855
0 0.595620 0.257247 0.636496 0.257247 0.636496 0.304347 0.595620 0.304347
0 0.445255 0.253624 0.486131 0.253624 0.486131 0.302536 0.445255 0.302536
0 0.287591 0.257247 0.329927 0.257247 0.329927 0.300725 0.287591 0.300725
0 0.801460 0.268116 0.845256 0.268116 0.845256 0.307970 0.801460 0.307970
0 0.493430 0.269927 0.545985 0.269927 0.545985 0.320653 0.493430 0.320653
0 0.004380 0.293478 0.045256 0.293478 0.045256 0.326087 0.004380 0.326087
0 0.054015 0.289855 0.106569 0.289855 0.106569 0.338768 0.054015 0.338768
0 0.395621 0.302536 0.432117 0.302536 0.432117 0.351449 0.395621 0.351449
0 0.128467 0.298913 0.176643 0.298913 0.176643 0.342391 0.128467 0.342391
0 0.550365 0.304349 0.597081 0.304349 0.597081 0.351449 0.550365 0.351449
0 0.811678 0.311594 0.858394 0.311594 0.858394 0.351449 0.811678 0.351449
0 0.472993 0.318840 0.494891 0.318840 0.494891 0.356884 0.472993 0.356884
0 0.300729 0.322464 0.331387 0.322464 0.331387 0.360508 0.300729 0.360508
0 0.331387 0.333333 0.375183 0.333333 0.375183 0.362319 0.331387 0.362319
0 0.014599 0.338768 0.064233 0.338768 0.064233 0.376812 0.014599 0.376812
0 0.214598 0.351449 0.261313 0.351449 0.261313 0.389493 0.214598 0.389493
0 0.378102 0.353261 0.417518 0.353261 0.417518 0.393116 0.378102 0.393116
0 0.678832 0.351450 0.725548 0.351450 0.725548 0.400363 0.678832 0.400363
0 0.817518 0.353260 0.858394 0.353260 0.858394 0.403985 0.817518 0.403985
0 0.868614 0.365943 0.896350 0.365943 0.896350 0.396739 0.868614 0.396739
0 0.484671 0.367753 0.537226 0.367753 0.537226 0.405797 0.484671 0.405797
0 0.335767 0.367754 0.369343 0.367754 0.369343 0.400363 0.335767 0.400363
0 0.116789 0.362318 0.166424 0.362318 0.166424 0.411231 0.116789 0.411231
0 0.770803 0.365943 0.816059 0.365943 0.816059 0.413043 0.770803 0.413043
0 0.556204 0.369565 0.595620 0.369565 0.595620 0.420291 0.556204 0.420291
0 0.294891 0.373189 0.331387 0.373189 0.331387 0.422102 0.294891 0.422102
0 0.897810 0.393116 0.940146 0.393116 0.940146 0.451087 0.897810 0.451087
0 0.367883 0.411232 0.402919 0.411232 0.402919 0.445652 0.367883 0.445652
0 0.213139 0.403985 0.264234 0.403985 0.264234 0.458333 0.213139 0.458333
0 0.014599 0.414855 0.051095 0.414855 0.051095 0.447464 0.014599 0.447464
0 0.708029 0.411231 0.750365 0.411231 0.750365 0.452898 0.708029 0.452898
0 0.468613 0.418478 0.505109 0.418478 0.505109 0.452898 0.468613 0.452898
0 0.156205 0.413044 0.192701 0.413044 0.192701 0.461956 0.156205 0.461956
0 0.296350 0.429347 0.337226 0.429347 0.337226 0.461956 0.296350 0.461956
0 0.763504 0.427536 0.795620 0.427536 0.795620 0.472826 0.763504 0.472826
0 0.524087 0.422102 0.567883 0.422102 0.567883 0.478260 0.524087 0.478260
0 0.348905 0.436594 0.376642 0.436594 0.376642 0.476449 0.348905 0.476449
0 0.624818 0.449275 0.670073 0.449275 0.670073 0.490943 0.624818 0.490943
0 0.078832 0.471015 0.140146 0.471015 0.140146 0.505435 0.078832 0.505435
0 0.569343 0.467392 0.604379 0.467392 0.604379 0.507247 0.569343 0.507247
0 0.264233 0.467391 0.294890 0.467391 0.294890 0.505435 0.264233 0.505435
0 0.148905 0.461956 0.198540 0.461956 0.198540 0.521740 0.148905 0.521740
0 0.700730 0.472826 0.753284 0.472826 0.753284 0.514493 0.700730 0.514493
0 0.372262 0.501812 0.426278 0.501812 0.426278 0.538044 0.372262 0.538044
0 0.464233 0.500000 0.494891 0.500000 0.494891 0.536232 0.464233 0.536232
0 0.316788 0.500000 0.357664 0.500000 0.357664 0.548913 0.316788 0.548913
0 0.594161 0.505435 0.646715 0.505435 0.646715 0.554347 0.594161 0.554347
0 0.846715 0.505435 0.886131 0.505435 0.886131 0.554347 0.846715 0.554347
0 0.521168 0.509058 0.576642 0.509058 0.576642 0.561594 0.521168 0.561594
0 0.658394 0.496376 0.708030 0.496376 0.708030 0.563406 0.658394 0.563406
0 0.016058 0.501811 0.056934 0.501811 0.056934 0.557971 0.016058 0.557971
0 0.256934 0.510869 0.299270 0.510869 0.299270 0.557971 0.256934 0.557971
0 0.204379 0.516304 0.249634 0.516304 0.249634 0.554347 0.204379 0.554347
0 0.799999 0.518116 0.833576 0.518116 0.833576 0.557971 0.799999 0.557971
0 0.753285 0.485507 0.794161 0.485507 0.794161 0.557971 0.753285 0.557971
0 0.979562 0.525363 0.998540 0.525363 0.998540 0.567029 0.979562 0.567029
0 0.890511 0.525362 0.919708 0.525362 0.919708 0.572464 0.890511 0.572464
0 0.491971 0.530797 0.529927 0.530797 0.529927 0.585145 0.491971 0.585145
0 0.148905 0.538044 0.188321 0.538044 0.188321 0.581522 0.148905 0.581522
0 0.084671 0.539855 0.132847 0.539855 0.132847 0.581521 0.084671 0.581521
0 0.357664 0.545290 0.416058 0.545290 0.416058 0.588768 0.357664 0.588768
0 0.824817 0.557972 0.846715 0.557972 0.846715 0.588769 0.824817 0.588769
0 0.594160 0.561594 0.637956 0.561594 0.637956 0.599638 0.594160 0.599638
0 0.030658 0.570653 0.058395 0.570653 0.058395 0.592391 0.030658 0.592391
0 0.287591 0.565218 0.334306 0.565218 0.334306 0.606884 0.287591 0.606884
0 0.737227 0.570652 0.770803 0.570652 0.770803 0.605072 0.737227 0.605072
0 0.893430 0.581522 0.919708 0.581522 0.919708 0.621376 0.893430 0.621376
0 0.205839 0.592391 0.249635 0.592391 0.249635 0.617753 0.205839 0.617753
0 0.973722 0.586956 0.998540 0.586956 0.998540 0.625000 0.973722 0.625000
0 0.128467 0.594203 0.163503 0.594203 0.163503 0.628623 0.128467 0.628623
0 0.770803 0.599637 0.826277 0.599637 0.826277 0.637680 0.770803 0.637680
0 0.491971 0.601449 0.541606 0.601449 0.541606 0.644927 0.491971 0.644927
0 0.054015 0.599637 0.109489 0.599637 0.109489 0.655797 0.054015 0.655797
0 0.846715 0.612318 0.897811 0.612318 0.897811 0.652173 0.846715 0.652173
0 0.608760 0.610507 0.656935 0.610507 0.656935 0.663043 0.608760 0.663043
0 0.169343 0.621377 0.207299 0.621377 0.207299 0.655797 0.169343 0.655797
0 0.548905 0.623188 0.598541 0.623188 0.598541 0.668478 0.548905 0.668478
0 0.947445 0.634058 0.985401 0.634058 0.985401 0.672102 0.947445 0.672102
0 0.220438 0.639493 0.258394 0.639493 0.258394 0.679347 0.220438 0.679347
0 0.116788 0.644928 0.156204 0.644928 0.156204 0.677536 0.116788 0.677536
0 0.322628 0.639493 0.359124 0.639493 0.359124 0.688406 0.322628 0.688406
0 0.405840 0.643116 0.454014 0.643116 0.454014 0.682971 0.405840 0.682971
0 0.823357 0.648551 0.856934 0.648551 0.856934 0.706522 0.823357 0.706522
0 0.661314 0.634058 0.725548 0.634058 0.725548 0.693840 0.661314 0.693840
0 0.002920 0.659420 0.040876 0.659420 0.040876 0.699275 0.002920 0.699275
0 0.906569 0.646739 0.953284 0.646739 0.953284 0.708333 0.906569 0.708333
0 0.267153 0.659421 0.310949 0.659421 0.310949 0.701087 0.267153 0.701087
0 0.067153 0.670290 0.094891 0.670290 0.094891 0.699276 0.067153 0.699276
0 0.874453 0.668478 0.902189 0.668478 0.902189 0.702898 0.874453 0.702898
0 0.710949 0.668478 0.747445 0.668478 0.747445 0.713768 0.710949 0.713768
0 0.519708 0.690218 0.567883 0.690218 0.567883 0.739131 0.519708 0.739131
0 0.192701 0.692029 0.235037 0.692029 0.235037 0.740942 0.192701 0.740942
0 0.389781 0.697464 0.433577 0.697464 0.433577 0.742754 0.389781 0.742754
0 0.979562 0.688406 1.000000 0.688406 1.000000 0.739130 0.979562 0.739130
0 0.769343 0.693840 0.820439 0.693840 0.820439 0.740942 0.769343 0.740942
0 0.014598 0.701087 0.061313 0.701087 0.061313 0.744565 0.014598 0.744565
0 0.855474 0.701087 0.899270 0.701087 0.899270 0.744565 0.855474 0.744565
0 0.451095 0.693841 0.493431 0.693841 0.493431 0.755435 0.451095 0.755435
0 0.601460 0.711956 0.635037 0.711956 0.635037 0.766304 0.601460 0.766304
0 0.299270 0.706522 0.350365 0.706522 0.350365 0.746376 0.299270 0.746376
0 0.109489 0.722825 0.150365 0.722825 0.150365 0.755435 0.109489 0.755435
0 0.551825 0.726449 0.583942 0.726449 0.583942 0.760869 0.551825 0.760869
0 0.249635 0.721015 0.290511 0.721015 0.290511 0.771739 0.249635 0.771739
0 0.153285 0.733696 0.188321 0.733696 0.188321 0.769928 0.153285 0.769928
0 0.808759 0.733696 0.845255 0.733696 0.845255 0.777174 0.808759 0.777174
0 0.637956 0.733696 0.683211 0.733696 0.683211 0.782609 0.637956 0.782609
0 0.910949 0.717392 0.956205 0.717392 0.956205 0.795291 0.910949 0.795291
0 0.693431 0.740942 0.735767 0.740942 0.735767 0.782608 0.693431 0.782608
0 0.363504 0.746376 0.405840 0.746376 0.405840 0.786231 0.363504 0.786231
0 0.963504 0.733696 0.998540 0.733696 0.998540 0.795290 0.963504 0.795290
0 0.575183 0.760870 0.607299 0.760870 0.607299 0.793478 0.575183 0.793478
0 0.023358 0.757247 0.062774 0.757247 0.062774 0.798913 0.023358 0.798913
0 0.760584 0.757247 0.795620 0.757247 0.795620 0.807971 0.760584 0.807971
0 0.182481 0.760870 0.235037 0.760870 0.235037 0.804348 0.182481 0.804348
0 0.424817 0.766304 0.468613 0.766304 0.468613 0.811594 0.424817 0.811594
0 0.102190 0.769927 0.135767 0.769927 0.135767 0.807971 0.102190 0.807971
0 0.141606 0.769927 0.181022 0.769927 0.181022 0.817029 0.141606 0.817029
0 0.804380 0.777174 0.835036 0.777174 0.835036 0.824276 0.804380 0.824276
0 0.616058 0.788044 0.642336 0.788044 0.642336 0.813406 0.616058 0.813406
0 0.648176 0.788044 0.678832 0.788044 0.678832 0.827898 0.648176 0.827898
0 0.258395 0.795290 0.290511 0.795290 0.290511 0.829710 0.258395 0.829710
0 0.554745 0.791666 0.594161 0.791666 0.594161 0.829709 0.554745 0.829709
0 0.705109 0.795290 0.747445 0.795290 0.747445 0.840580 0.705109 0.840580
0 0.078832 0.804348 0.118248 0.804348 0.118248 0.831522 0.078832 0.831522
0 0.021898 0.806159 0.062774 0.806159 0.062774 0.842391 0.021898 0.842391
0 0.369343 0.797102 0.405839 0.797102 0.405839 0.849638 0.369343 0.849638
0 0.957664 0.798913 0.998540 0.798913 0.998540 0.846015 0.957664 0.846015
0 0.467154 0.802537 0.522628 0.802537 0.522628 0.853262 0.467154 0.853262
0 0.912409 0.815217 0.951825 0.815217 0.951825 0.862318 0.912409 0.862318
0 0.757664 0.820653 0.791241 0.820653 0.791241 0.867754 0.757664 0.867754
0 0.651095 0.829710 0.696350 0.829710 0.696350 0.865942 0.651095 0.865942
0 0.140146 0.827898 0.179562 0.827898 0.179562 0.873188 0.140146 0.873188
0 0.064234 0.836956 0.103650 0.836956 0.103650 0.884058 0.064234 0.884058
0 0.405840 0.829710 0.432117 0.829710 0.432117 0.875000 0.405840 0.875000
0 0.243795 0.838767 0.296351 0.838767 0.296351 0.889492 0.243795 0.889492
0 0.805840 0.840580 0.859854 0.840580 0.859854 0.891304 0.805840 0.891304
0 0.308029 0.851449 0.344525 0.851449 0.344525 0.884059 0.308029 0.884059
0 0.597080 0.855072 0.636496 0.855072 0.636496 0.884058 0.597080 0.884058
0 0.443795 0.840580 0.474452 0.840580 0.474452 0.893116 0.443795 0.893116
0 0.021898 0.860507 0.059854 0.860507 0.059854 0.896739 0.021898 0.896739
0 0.480292 0.856884 0.522628 0.856884 0.522628 0.902174 0.480292 0.902174
0 0.877373 0.869565 0.912409 0.869565 0.912409 0.898551 0.877373 0.898551
0 0.658394 0.865943 0.705110 0.865943 0.705110 0.896740 0.658394 0.896740
0 0.185402 0.855073 0.223358 0.855073 0.223358 0.916667 0.185402 0.916667
0 0.759124 0.876812 0.789781 0.876812 0.789781 0.909420 0.759124 0.909420
0 0.621898 0.873189 0.658394 0.873189 0.658394 0.925725 0.621898 0.925725
0 0.039416 0.887682 0.075912 0.887682 0.075912 0.918478 0.039416 0.918478
0 0.944526 0.876811 0.983942 0.876811 0.983942 0.934782 0.944526 0.934782
0 0.351824 0.902174 0.382482 0.902174 0.382482 0.943840 0.351824 0.943840
0 0.296350 0.905798 0.325547 0.905798 0.325547 0.945653 0.296350 0.945653
0 0.798540 0.913044 0.842336 0.913044 0.842336 0.952898 0.798540 0.952898
0 0.115329 0.913044 0.150365 0.913044 0.150365 0.954710 0.115329 0.954710
0 0.385401 0.918478 0.416058 0.918478 0.416058 0.958333 0.385401 0.958333
0 0.483212 0.918478 0.524088 0.918478 0.524088 0.956522 0.483212 0.956522
0 0.435036 0.905797 0.465694 0.905797 0.465694 0.980073 0.435036 0.980073
0 0.550364 0.925725 0.601460 0.925725 0.601460 0.976449 0.550364 0.976449
0 0.751825 0.927536 0.788321 0.927536 0.788321 0.989130 0.751825 0.989130
0 0.067153 0.934782 0.108029 0.934782 0.108029 0.990942 0.067153 0.990942
0 0.604380 0.945652 0.640876 0.945652 0.640876 0.998188 0.604380 0.998188
0 0.334307 0.958334 0.375183 0.958334 0.375183 1.000000 0.334307 1.000000
0 0.724087 0.958334 0.751824 0.958334 0.751824 1.000000 0.724087 1.000000
0 0.122628 0.961956 0.169343 0.961956 0.169343 1.000000 0.122628 1.000000
0 0.807300 0.967392 0.835036 0.967392 0.835036 0.998189 0.807300 0.998189
0 0.284672 0.978260 0.322628 0.978260 0.322628 0.999999 0.284672 0.999999
0 0.527008 0.976449 0.557665 0.976449 0.557665 1.000000 0.527008 1.000000
0 0.128467 0.110507 0.175182 0.110507 0.175182 0.161233 0.128467 0.161233
0 0.240876 0.068841 0.290511 0.068841 0.290511 0.139493 0.240876 0.139493
0 0.029198 0.458334 0.058395 0.458334 0.058395 0.489130 0.029198 0.489130
0 0.210219 0.894928 0.254015 0.894928 0.254015 0.947464 0.210219 0.947464
0 0.527008 0.190218 0.578102 0.190218 0.578102 0.233696 0.527008 0.233696
0 0.855474 0.222826 0.896350 0.222826 0.896350 0.280797 0.855474 0.280797
0 0.929927 0.471015 0.964963 0.471015 0.964963 0.541667 0.929927 0.541667
0 0.928467 0.567029 0.966423 0.567029 0.966423 0.639493 0.928467 0.639493
0 0.299270 0.043478 0.327008 0.043478 0.327008 0.072464 0.299270 0.072464
0 0.964964 0.945652 1.000000 0.945652 1.000000 0.989130 0.964964 0.989130
0 0.627738 0.326087 0.659855 0.326087 0.659855 0.362319 0.627738 0.362319
0 0.661313 0.302536 0.693430 0.302536 0.693430 0.347826 0.661313 0.347826
0 0.618978 0.380435 0.667154 0.380435 0.667154 0.420289 0.618978 0.420289
0 0.645255 0.409420 0.678832 0.409420 0.678832 0.438406 0.645255 0.438406
0 0.001459 0.208333 0.052555 0.208333 0.052555 0.251811 0.001459 0.251811
0 0.621898 0.193841 0.645256 0.193841 0.645256 0.221015 0.621898 0.221015
0 0.637956 0.202898 0.675912 0.202898 0.675912 0.257246 0.637956 0.257246
0 0.586861 0.163043 0.636497 0.163043 0.636497 0.217391 0.586861 0.217391
