0 0.055980 0.732000 0.085242 0.732000 0.085242 0.784000 0.055980 0.784000
0 0.167939 0.754000 0.187023 0.754000 0.187023 0.806000 0.167939 0.806000
0 0.256997 0.920000 0.284987 0.920000 0.284987 0.974000 0.256997 0.974000
0 0.216285 0.774000 0.245547 0.774000 0.245547 0.824000 0.216285 0.824000
0 0.120865 0.682000 0.148855 0.682000 0.148855 0.724000 0.120865 0.724000
0 0.173029 0.704000 0.197202 0.704000 0.197202 0.732000 0.173029 0.732000
0 0.291349 0.966000 0.321883 0.966000 0.321883 0.996000 0.291349 0.996000
0 0.340967 0.914000 0.366413 0.914000 0.366413 0.972000 0.340967 0.972000
0 0.391858 0.908000 0.422392 0.908000 0.422392 0.956000 0.391858 0.956000
0 0.474555 0.858000 0.510178 0.858000 0.510178 0.916000 0.474555 0.916000
0 0.575063 0.586000 0.620865 0.586000 0.620865 0.622000 0.575063 0.622000
0 0.648855 0.570000 0.680661 0.570000 0.680661 0.598000 0.648855 0.598000
0 0.687023 0.506000 0.702290 0.506000 0.702290 0.546000 0.687023 0.546000
0 0.544529 0.502000 0.577609 0.502000 0.577609 0.560000 0.544529 0.560000
0 0.444020 0.604000 0.482188 0.604000 0.482188 0.668000 0.444020 0.668000
0 0.430025 0.686000 0.456743 0.686000 0.456743 0.726000 0.430025 0.726000
0 0.533079 0.924000 0.563613 0.924000 0.563613 0.986000 0.533079 0.986000
0 0.241730 0.222000 0.290076 0.222000 0.290076 0.274000 0.241730 0.274000
0 0.599236 0.916000 0.642494 0.916000 0.642494 0.978000 0.599236 0.978000
0 0.650127 0.878000 0.685750 0.878000 0.685750 0.932000 0.650127 0.932000
0 0.792621 0.924000 0.840967 0.924000 0.840967 0.986000 0.792621 0.986000
0 0.868957 0.850000 0.903308 0.850000 0.903308 0.910000 0.868957 0.910000
0 0.791349 0.834000 0.830789 0.834000 0.830789 0.882000 0.791349 0.882000
0 0.758270 0.806000 0.800254 0.806000 0.800254 0.844000 0.758270 0.844000
0 0.868957 0.650000 0.905853 0.650000 0.905853 0.696000 0.868957 0.696000
0 0.966921 0.506000 0.998727 0.506000 0.998727 0.568000 0.966921 0.568000
0 0.960560 0.726000 0.994911 0.726000 0.994911 0.776000 0.960560 0.776000
0 0.933842 0.660000 0.960560 0.660000 0.960560 0.708000 0.933842 0.708000
0 0.837150 0.716000 0.874046 0.716000 0.874046 0.766000 0.837150 0.766000
0 0.162850 0.058000 0.190840 0.058000 0.190840 0.132000 0.162850 0.132000
0 0.124682 0.042000 0.164122 0.042000 0.164122 0.100000 0.124682 0.100000
0 0.092875 0.130000 0.131043 0.130000 0.131043 0.192000 0.092875 0.192000
0 0.370229 0.130000 0.410941 0.130000 0.410941 0.184000 0.370229 0.184000
0 0.447837 0.070000 0.508907 0.070000 0.508907 0.132000 0.447837 0.132000
0 0.585242 0.012000 0.625954 0.012000 0.625954 0.066000 0.585242 0.066000
0 0.958015 0.126000 0.996183 0.126000 0.996183 0.198000 0.958015 0.198000
0 0.917303 0.062000 0.945293 0.062000 0.945293 0.102000 0.917303 0.102000
0 0.970738 0.018000 1.000000 0.018000 1.000000 0.068000 0.970738 0.068000
0 0.945293 0.074000 0.975827 0.074000 0.975827 0.118000 0.945293 0.118000
1 0.370229 0.190000 0.394402 0.190000 0.394402 0.218000 0.370229 0.218000
1 0.430025 0.188000 0.447837 0.188000 0.447837 0.218000 0.430025 0.218000
1 0.459287 0.138000 0.486005 0.138000 0.486005 0.178000 0.459287 0.178000
1 0.452926 0.216000 0.482188 0.216000 0.482188 0.252000 0.452926 0.252000
1 0.921120 0.142000 0.940204 0.142000 0.940204 0.184000 0.921120 0.184000
1 0.513995 0.108000 0.526718 0.108000 0.526718 0.136000 0.513995 0.136000
1 0.652671 0.086000 0.675573 0.086000 0.675573 0.116000 0.652671 0.116000
1 0.175573 0.274000 0.207379 0.274000 0.207379 0.310000 0.175573 0.310000
1 0.007634 0.316000 0.029262 0.316000 0.029262 0.336000 0.007634 0.336000
1 0.875318 0.580000 0.899491 0.580000 0.899491 0.622000 0.875318 0.622000
1 0.916030 0.832000 0.942748 0.832000 0.942748 0.868000 0.916030 0.868000
1 0.902035 0.894000 0.924937 0.894000 0.924937 0.920000 0.902035 0.920000
1 0.965649 0.810000 0.984733 0.810000 0.984733 0.832000 0.965649 0.832000
1 0.983461 0.790000 0.994911 0.790000 0.994911 0.814000 0.983461 0.814000
1 0.725191 0.684000 0.746819 0.684000 0.746819 0.720000 0.725191 0.720000
2 0.325700 0.516000 0.361322 0.516000 0.361322 0.566000 0.325700 0.566000
2 0.057252 0.198000 0.094148 0.198000 0.094148 0.252000 0.057252 0.252000
2 0.128499 0.116000 0.169211 0.116000 0.169211 0.160000 0.128499 0.160000
2 0.103054 0.348000 0.143766 0.348000 0.143766 0.398000 0.103054 0.398000
2 0.147582 0.854000 0.181933 0.854000 0.181933 0.908000 0.147582 0.908000
2 0.418575 0.948000 0.455471 0.948000 0.455471 0.998000 0.418575 0.998000
2 0.564885 0.774000 0.597965 0.774000 0.597965 0.812000 0.564885 0.812000
2 0.367685 0.842000 0.400763 0.842000 0.400763 0.888000 0.367685 0.888000
2 0.950382 0.544000 0.978372 0.544000 0.978372 0.592000 0.950382 0.592000
2 0.643766 0.032000 0.664122 0.032000 0.664122 0.058000 0.643766 0.058000
2 0.075064 0.300000 0.100509 0.300000 0.100509 0.340000 0.075064 0.340000
3 0.075064 0.468000 0.157760 0.468000 0.157760 0.656000 0.075064 0.656000
3 0.156489 0.546000 0.267176 0.546000 0.267176 0.726000 0.156489 0.726000
3 0.180662 0.298000 0.282442 0.298000 0.282442 0.430000 0.180662 0.430000
3 0.221374 0.430000 0.318066 0.430000 0.318066 0.626000 0.221374 0.626000
3 0.274809 0.338000 0.315521 0.338000 0.315521 0.416000 0.274809 0.416000
3 0.321883 0.396000 0.389313 0.396000 0.389313 0.504000 0.321883 0.504000
3 0.337150 0.222000 0.482188 0.222000 0.482188 0.414000 0.337150 0.414000
3 0.424936 0.370000 0.550890 0.370000 0.550890 0.562000 0.424936 0.562000
3 0.335877 0.554000 0.405853 0.554000 0.405853 0.706000 0.335877 0.706000
3 0.505089 0.614000 0.603053 0.614000 0.603053 0.778000 0.505089 0.778000
3 0.600509 0.616000 0.685751 0.616000 0.685751 0.776000 0.600509 0.776000
3 0.548347 0.294000 0.660305 0.294000 0.660305 0.472000 0.548347 0.472000
3 0.498728 0.228000 0.590331 0.228000 0.590331 0.356000 0.498728 0.356000
3 0.701017 0.492000 0.810433 0.492000 0.810433 0.672000 0.701017 0.672000
3 0.796438 0.366000 0.922392 0.366000 0.922392 0.536000 0.796438 0.536000
3 0.770992 0.660000 0.818066 0.660000 0.818066 0.732000 0.770992 0.732000
3 0.661578 0.266000 0.776082 0.266000 0.776082 0.488000 0.661578 0.488000
3 0.558524 0.120000 0.721374 0.120000 0.721374 0.286000 0.558524 0.286000
3 0.806615 0.014000 0.947836 0.014000 0.947836 0.272000 0.806615 0.272000
3 0.715013 0.058000 0.810433 0.058000 0.810433 0.248000 0.715013 0.248000
