1 0.192402 0.734884 0.220588 0.734884 0.220588 0.832558 0.192402 0.832558
1 0.346814 0.390697 0.365196 0.390697 0.365196 0.474419 0.346814 0.474419
1 0.332108 0.386047 0.346814 0.386047 0.346814 0.474419 0.332108 0.474419
2 0.019608 0.316280 0.053922 0.316280 0.053922 0.441860 0.019608 0.441860
2 0.061274 0.334884 0.093137 0.334884 0.093137 0.465117 0.061274 0.465117
2 0.046568 0.474419 0.073529 0.474419 0.073529 0.572093 0.046568 0.572093
2 0.090687 0.520930 0.121324 0.520930 0.121324 0.623256 0.090687 0.623256
2 0.079656 0.176743 0.120097 0.176743 0.120097 0.306976 0.079656 0.306976
2 0.140931 0.362791 0.165441 0.362791 0.165441 0.474419 0.140931 0.474419
2 0.165441 0.358139 0.192403 0.358139 0.192403 0.469767 0.165441 0.469767
2 0.126225 0.158140 0.162990 0.158140 0.162990 0.279070 0.126225 0.279070
2 0.213235 0.381395 0.247549 0.381395 0.247549 0.488372 0.213235 0.488372
2 0.234069 0.260465 0.269607 0.260465 0.269607 0.395349 0.234069 0.395349
2 0.196078 0.255814 0.225490 0.255814 0.225490 0.358140 0.196078 0.358140
2 0.225491 0.097674 0.261030 0.097674 0.261030 0.209302 0.225491 0.209302
2 0.313725 0.195349 0.348039 0.195349 0.348039 0.330233 0.313725 0.330233
2 0.231618 0.613953 0.264706 0.613953 0.264706 0.744186 0.231618 0.744186
2 0.278187 0.567443 0.313725 0.567443 0.313725 0.693024 0.278187 0.693024
2 0.318628 0.572094 0.354166 0.572094 0.354166 0.697674 0.318628 0.697674
2 0.275735 0.395349 0.306372 0.395349 0.306372 0.497675 0.275735 0.497675
2 0.186274 0.534884 0.220588 0.534884 0.220588 0.674419 0.186274 0.674419
2 0.806373 0.697674 0.839461 0.697674 0.839461 0.813953 0.806373 0.813953
2 0.922794 0.432558 0.957108 0.432558 0.957108 0.558140 0.922794 0.558140
2 0.930148 0.595349 0.965687 0.595349 0.965687 0.716279 0.930148 0.716279
2 0.916667 0.720930 0.944853 0.720930 0.944853 0.823256 0.916667 0.823256
2 0.957107 0.837209 0.993872 0.837209 0.993872 0.967442 0.957107 0.967442
