0 0.344727 0.506836 0.389649 0.506836 0.389649 0.541016 0.344727 0.541016
0 0.268554 0.522462 0.291992 0.522462 0.291992 0.552735 0.268554 0.552735
0 0.228516 0.815430 0.265625 0.815430 0.265625 0.843750 0.228516 0.843750
0 0.719727 0.093751 0.757813 0.093751 0.757813 0.124023 0.719727 0.124023
0 0.400391 0.263672 0.436524 0.263672 0.436524 0.296874 0.400391 0.296874
0 0.754883 0.042969 0.797852 0.042969 0.797852 0.078125 0.754883 0.078125
0 0.367187 0.395508 0.408203 0.395508 0.408203 0.442383 0.367187 0.442383
0 0.693359 0.166992 0.720703 0.166992 0.720703 0.202148 0.693359 0.202148
0 0.866211 0.416016 0.915039 0.416016 0.915039 0.458008 0.866211 0.458008
0 0.162109 0.813477 0.194336 0.813477 0.194336 0.845704 0.162109 0.845704
0 0.688477 0.656250 0.712891 0.656250 0.712891 0.692383 0.688477 0.692383
0 0.366211 0.521484 0.407227 0.521484 0.407227 0.552734 0.366211 0.552734
0 0.563477 0.392578 0.593750 0.392578 0.593750 0.416992 0.563477 0.416992
0 0.736328 0.799805 0.761718 0.799805 0.761718 0.844727 0.736328 0.844727
0 0.947266 0.373047 0.971680 0.373047 0.971680 0.402344 0.947266 0.402344
0 0.262695 0.713867 0.302735 0.713867 0.302735 0.759765 0.262695 0.759765
0 0.274414 0.155274 0.305664 0.155274 0.305664 0.194336 0.274414 0.194336
0 0.531250 0.734375 0.560546 0.734375 0.560546 0.760742 0.531250 0.760742
0 0.467773 0.467773 0.508789 0.467773 0.508789 0.495117 0.467773 0.495117
0 0.399414 0.864258 0.437500 0.864258 0.437500 0.892578 0.399414 0.892578
0 0.932617 0.831055 0.974609 0.831055 0.974609 0.877930 0.932617 0.877930
0 0.587890 0.612305 0.621094 0.612305 0.621094 0.646485 0.587890 0.646485
0 0.000000 0.666016 0.029296 0.666016 0.029296 0.694336 0.000000 0.694336
0 0.492188 0.122070 0.522460 0.122070 0.522460 0.146484 0.492188 0.146484
0 0.684570 0.920898 0.721680 0.920898 0.721680 0.953125 0.684570 0.953125
0 0.321290 0.567383 0.365235 0.567383 0.365235 0.599610 0.321290 0.599610
0 0.652343 0.645508 0.675781 0.645508 0.675781 0.670898 0.652343 0.670898
0 0.960938 0.750000 0.998047 0.750000 0.998047 0.812500 0.960938 0.812500
0 0.284179 0.294921 0.327149 0.294921 0.327149 0.351562 0.284179 0.351562
0 0.715820 0.660156 0.751953 0.660156 0.751953 0.705078 0.715820 0.705078
0 0.886719 0.159180 0.921875 0.159180 0.921875 0.193360 0.886719 0.193360
0 0.908203 0.275391 0.947265 0.275391 0.947265 0.299805 0.908203 0.299805
0 0.236328 0.537110 0.270508 0.537110 0.270508 0.567383 0.236328 0.567383
0 0.236328 0.516601 0.268555 0.516601 0.268555 0.537109 0.236328 0.537109
0 0.861328 0.719726 0.893555 0.719726 0.893555 0.760742 0.861328 0.760742
0 0.750977 0.453125 0.780273 0.453125 0.780273 0.500977 0.750977 0.500977
0 0.707032 0.056640 0.726562 0.056640 0.726562 0.090820 0.707032 0.090820
0 0.032227 0.731446 0.060547 0.731446 0.060547 0.771485 0.032227 0.771485
0 0.453125 0.939453 0.475585 0.939453 0.475585 0.961915 0.453125 0.961915
0 0.562499 0.493164 0.605468 0.493164 0.605468 0.538086 0.562499 0.538086
0 0.332031 0.689453 0.357423 0.689453 0.357423 0.721680 0.332031 0.721680
0 0.626953 0.554688 0.658203 0.554688 0.658203 0.587891 0.626953 0.587891
0 0.847657 0.503906 0.876953 0.503906 0.876953 0.539062 0.847657 0.539062
0 0.137695 0.485352 0.174805 0.485352 0.174805 0.509766 0.137695 0.509766
0 0.614258 0.085938 0.641602 0.085938 0.641602 0.125976 0.614258 0.125976
0 0.759765 0.333008 0.786133 0.333008 0.786133 0.384766 0.759765 0.384766
0 0.367187 0.779297 0.401367 0.779297 0.401367 0.814453 0.367187 0.814453
0 0.378906 0.824219 0.408203 0.824219 0.408203 0.852539 0.378906 0.852539
0 0.875977 0.488281 0.908204 0.488281 0.908204 0.519531 0.875977 0.519531
0 0.262695 0.288086 0.291992 0.288086 0.291992 0.332031 0.262695 0.332031
0 0.531250 0.118164 0.566406 0.118164 0.566406 0.168945 0.531250 0.168945
0 0.000000 0.109375 0.051758 0.109375 0.051758 0.151367 0.000000 0.151367
0 0.781250 0.075195 0.815430 0.075195 0.815430 0.106445 0.781250 0.106445
0 0.903320 0.355469 0.937500 0.355469 0.937500 0.390625 0.903320 0.390625
0 0.828125 0.086914 0.883789 0.086914 0.883789 0.135742 0.828125 0.135742
0 0.531250 0.208008 0.559570 0.208008 0.559570 0.255860 0.531250 0.255860
0 0.543946 0.406250 0.573242 0.406250 0.573242 0.444336 0.543946 0.444336
0 0.694336 0.424805 0.735352 0.424805 0.735352 0.460938 0.694336 0.460938
0 0.676758 0.519532 0.708985 0.519532 0.708985 0.548828 0.676758 0.548828
0 0.391601 0.966797 0.416993 0.966797 0.416993 0.998047 0.391601 0.998047
0 0.700195 0.544921 0.731445 0.544921 0.731445 0.578125 0.700195 0.578125
0 0.295898 0.454101 0.321290 0.454101 0.321290 0.480469 0.295898 0.480469
0 0.312500 0.135742 0.348633 0.135742 0.348633 0.180664 0.312500 0.180664
0 0.612305 0.198242 0.639649 0.198242 0.639649 0.235351 0.612305 0.235351
0 0.857422 0.291016 0.894532 0.291016 0.894532 0.330078 0.857422 0.330078
0 0.550782 0.184570 0.576172 0.184570 0.576172 0.217773 0.550782 0.217773
0 0.473633 0.005859 0.522461 0.005859 0.522461 0.033203 0.473633 0.033203
0 0.533204 0.310547 0.569337 0.310547 0.569337 0.347657 0.533204 0.347657
0 0.831055 0.716797 0.858399 0.716797 0.858399 0.752930 0.831055 0.752930
0 0.472656 0.148438 0.487304 0.148438 0.487304 0.180665 0.472656 0.180665
0 0.828124 0.129883 0.871093 0.129883 0.871093 0.172851 0.828124 0.172851
0 0.569337 0.335938 0.613281 0.335938 0.613281 0.366210 0.569337 0.366210
0 0.769531 0.102539 0.819337 0.102539 0.819337 0.155273 0.769531 0.155273
0 0.589844 0.311523 0.631836 0.311523 0.631836 0.345703 0.589844 0.345703
0 0.764649 0.412109 0.790040 0.412109 0.790040 0.436523 0.764649 0.436523
0 0.956055 0.362305 0.980469 0.362305 0.980469 0.395508 0.956055 0.395508
0 0.087890 0.565430 0.134765 0.565430 0.134765 0.599610 0.087890 0.599610
0 0.452148 0.619141 0.492188 0.619141 0.492188 0.670899 0.452148 0.670899
0 0.420898 0.441406 0.452148 0.441406 0.452148 0.472656 0.420898 0.472656
0 0.865234 0.203125 0.899414 0.203125 0.899414 0.230469 0.865234 0.230469
0 0.395508 0.107422 0.422852 0.107422 0.422852 0.141602 0.395508 0.141602
0 0.933594 0.120117 0.962890 0.120117 0.962890 0.142578 0.933594 0.142578
0 0.724610 0.141601 0.746094 0.141601 0.746094 0.178710 0.724610 0.178710
0 0.452148 0.776367 0.479492 0.776367 0.479492 0.794923 0.452148 0.794923
0 0.347656 0.321289 0.379883 0.321289 0.379883 0.356445 0.347656 0.356445
0 0.816406 0.251953 0.843750 0.251953 0.843750 0.296875 0.816406 0.296875
0 0.378906 0.549805 0.409179 0.549805 0.409179 0.583985 0.378906 0.583985
0 0.340821 0.059571 0.374024 0.059571 0.374024 0.124024 0.340821 0.124024
0 0.178711 0.133789 0.206055 0.133789 0.206055 0.186523 0.178711 0.186523
0 0.301758 0.906250 0.338866 0.906250 0.338866 0.941406 0.301758 0.941406
0 0.185547 0.666015 0.217774 0.666015 0.217774 0.708985 0.185547 0.708985
0 0.891601 0.525390 0.914062 0.525390 0.914062 0.550781 0.891601 0.550781
0 0.843750 0.860352 0.880860 0.860352 0.880860 0.899414 0.843750 0.899414
0 0.585937 0.425782 0.626953 0.425782 0.626953 0.462890 0.585937 0.462890
0 0.344726 0.590820 0.391601 0.590820 0.391601 0.613282 0.344726 0.613282
0 0.623047 0.409180 0.660157 0.409180 0.660157 0.454102 0.623047 0.454102
0 0.198242 0.452149 0.226562 0.452149 0.226562 0.480469 0.198242 0.480469
0 0.570312 0.924805 0.596680 0.924805 0.596680 0.966797 0.570312 0.966797
0 0.251953 0.762695 0.285156 0.762695 0.285156 0.799805 0.251953 0.799805
0 0.293946 0.490235 0.324219 0.490235 0.324219 0.512696 0.293946 0.512696
0 0.800782 0.166015 0.844726 0.166015 0.844726 0.200195 0.800782 0.200195
0 0.580078 0.077148 0.608398 0.077148 0.608398 0.125000 0.580078 0.125000
0 0.722656 0.296875 0.759765 0.296875 0.759765 0.341797 0.722656 0.341797
0 0.038086 0.380860 0.079102 0.380860 0.079102 0.416016 0.038086 0.416016
0 0.859375 0.239257 0.885742 0.239257 0.885742 0.264649 0.859375 0.264649
0 0.908203 0.724609 0.932617 0.724609 0.932617 0.755859 0.908203 0.755859
0 0.000977 0.712890 0.041015 0.712890 0.041015 0.755860 0.000977 0.755860
0 0.056641 0.933594 0.081055 0.933594 0.081055 0.962890 0.056641 0.962890
0 0.009765 0.192383 0.060547 0.192383 0.060547 0.217774 0.009765 0.217774
0 0.247070 0.335937 0.276367 0.335937 0.276367 0.367187 0.247070 0.367187
0 0.289063 0.803710 0.320313 0.803710 0.320313 0.833007 0.289063 0.833007
0 0.044922 0.968750 0.072266 0.968750 0.072266 0.994140 0.044922 0.994140
0 0.759766 0.254883 0.798828 0.254883 0.798828 0.296875 0.759766 0.296875
0 0.141602 0.881837 0.184570 0.881837 0.184570 0.908204 0.141602 0.908204
0 0.140624 0.450195 0.176758 0.450195 0.176758 0.482422 0.140624 0.482422
0 0.135743 0.918945 0.166016 0.918945 0.166016 0.956055 0.135743 0.956055
0 0.144532 0.682617 0.177734 0.682617 0.177734 0.717773 0.144532 0.717773
0 0.531250 0.035156 0.561523 0.035156 0.561523 0.081054 0.531250 0.081054
0 0.478516 0.962891 0.513672 0.962891 0.513672 0.998047 0.478516 0.998047
0 0.803710 0.206055 0.833007 0.206055 0.833007 0.236327 0.803710 0.236327
0 0.017578 0.965820 0.041016 0.965820 0.041016 0.993164 0.017578 0.993164
0 0.710938 0.575195 0.744141 0.575195 0.744141 0.613281 0.710938 0.613281
0 0.296875 0.751953 0.332031 0.751953 0.332031 0.784180 0.296875 0.784180
0 0.498047 0.156250 0.520508 0.156250 0.520508 0.187500 0.498047 0.187500
0 0.554688 0.810547 0.587891 0.810547 0.587891 0.835938 0.554688 0.835938
0 0.873047 0.609375 0.903320 0.609375 0.903320 0.644531 0.873047 0.644531
0 0.748046 0.120117 0.780273 0.120117 0.780273 0.162109 0.748046 0.162109
0 0.890625 0.767578 0.921875 0.767578 0.921875 0.799805 0.890625 0.799805
0 0.341797 0.195312 0.376953 0.195312 0.376953 0.217774 0.341797 0.217774
0 0.352539 0.666992 0.376953 0.666992 0.376953 0.704102 0.352539 0.704102
0 0.838867 0.467773 0.865235 0.467773 0.865235 0.495117 0.838867 0.495117
0 0.578125 0.194336 0.608398 0.194336 0.608398 0.242188 0.578125 0.242188
0 0.932617 0.165040 0.965821 0.165040 0.965821 0.205078 0.932617 0.205078
0 0.169922 0.500000 0.197266 0.500000 0.197266 0.528320 0.169922 0.528320
0 0.405274 0.769531 0.438476 0.769531 0.438476 0.807617 0.405274 0.807617
0 0.658203 0.893555 0.704101 0.893555 0.704101 0.918945 0.658203 0.918945
0 0.152344 0.327148 0.188476 0.327148 0.188476 0.367188 0.152344 0.367188
0 0.623047 0.944336 0.654297 0.944336 0.654297 0.983398 0.623047 0.983398
0 0.911132 0.023437 0.944335 0.023437 0.944335 0.043945 0.911132 0.043945
0 0.518555 0.680663 0.545899 0.680663 0.545899 0.706054 0.518555 0.706054
0 0.817383 0.655274 0.865235 0.655274 0.865235 0.704102 0.817383 0.704102
0 0.577149 0.250976 0.616211 0.250976 0.616211 0.302734 0.577149 0.302734
0 0.730468 0.883789 0.752930 0.883789 0.752930 0.908203 0.730468 0.908203
0 0.616212 0.034180 0.642579 0.034180 0.642579 0.065430 0.616212 0.065430
0 0.468749 0.587891 0.500976 0.587891 0.500976 0.623047 0.468749 0.623047
0 0.600587 0.687500 0.626954 0.687500 0.626954 0.716796 0.600587 0.716796
0 0.371093 0.649415 0.394531 0.649415 0.394531 0.671876 0.371093 0.671876
0 0.682617 0.293945 0.720703 0.293945 0.720703 0.341797 0.682617 0.341797
0 0.178711 0.287109 0.220703 0.287109 0.220703 0.329101 0.178711 0.329101
0 0.403320 0.583985 0.447265 0.583985 0.447265 0.613281 0.403320 0.613281
0 0.007812 0.295899 0.069335 0.295899 0.069335 0.334961 0.007812 0.334961
0 0.804687 0.445312 0.842773 0.445312 0.842773 0.481445 0.804687 0.481445
0 0.001953 0.627929 0.035157 0.627929 0.035157 0.651367 0.001953 0.651367
0 0.175781 0.762695 0.205078 0.762695 0.205078 0.797851 0.175781 0.797851
0 0.327149 0.438476 0.356446 0.438476 0.356446 0.467774 0.327149 0.467774
0 0.671875 0.088868 0.703125 0.088868 0.703125 0.128907 0.671875 0.128907
0 0.616210 0.159180 0.649414 0.159180 0.649414 0.188477 0.616210 0.188477
0 0.067383 0.907227 0.096680 0.907227 0.096680 0.928711 0.067383 0.928711
0 0.897461 0.220703 0.936523 0.220703 0.936523 0.264649 0.897461 0.264649
0 0.882812 0.666992 0.922851 0.666992 0.922851 0.706054 0.882812 0.706054
0 0.466797 0.422852 0.498047 0.422852 0.498047 0.447266 0.466797 0.447266
0 0.750977 0.178710 0.775391 0.178710 0.775391 0.210938 0.750977 0.210938
0 0.577148 0.042969 0.611328 0.042969 0.611328 0.066407 0.577148 0.066407
0 0.316406 0.342773 0.344726 0.342773 0.344726 0.366211 0.316406 0.366211
0 0.958985 0.809570 0.987305 0.809570 0.987305 0.837890 0.958985 0.837890
0 0.501953 0.428711 0.540039 0.428711 0.540039 0.456055 0.501953 0.456055
0 0.387696 0.300781 0.417969 0.300781 0.417969 0.331054 0.387696 0.331054
0 0.477539 0.525390 0.517578 0.525390 0.517578 0.555663 0.477539 0.555663
0 0.816406 0.750000 0.858398 0.750000 0.858398 0.783204 0.816406 0.783204
0 0.197266 0.364257 0.234375 0.364257 0.234375 0.407226 0.197266 0.407226
0 0.652343 0.361327 0.684570 0.361327 0.684570 0.386719 0.652343 0.386719
0 0.444337 0.736328 0.474610 0.736328 0.474610 0.770508 0.444337 0.770508
0 0.369140 0.441406 0.406250 0.441406 0.406250 0.473633 0.369140 0.473633
0 0.498046 0.200195 0.524413 0.200195 0.524413 0.233398 0.498046 0.233398
0 0.953125 0.403320 0.989258 0.403320 0.989258 0.434570 0.953125 0.434570
0 0.160156 0.945312 0.188476 0.945312 0.188476 0.982422 0.160156 0.982422
0 0.971680 0.260742 0.999024 0.260742 0.999024 0.299804 0.971680 0.299804
0 0.916992 0.512695 0.958008 0.512695 0.958008 0.564453 0.916992 0.564453
0 0.601562 0.564453 0.634766 0.564453 0.634766 0.597657 0.601562 0.597657
0 0.509765 0.487304 0.546875 0.487304 0.546875 0.516601 0.509765 0.516601
0 0.811523 0.500976 0.835937 0.500976 0.835937 0.535156 0.811523 0.535156
0 0.661133 0.164062 0.683594 0.164062 0.683594 0.189453 0.661133 0.189453
0 0.423828 0.622070 0.463868 0.622070 0.463868 0.669922 0.423828 0.669922
0 0.239258 0.220703 0.277344 0.220703 0.277344 0.248047 0.239258 0.248047
0 0.950195 0.499023 0.992187 0.499023 0.992187 0.526367 0.950195 0.526367
0 0.909180 0.183594 0.943360 0.183594 0.943360 0.219726 0.909180 0.219726
0 0.229492 0.915039 0.268554 0.915039 0.268554 0.970703 0.229492 0.970703
0 0.951173 0.042969 0.995117 0.042969 0.995117 0.075195 0.951173 0.075195
0 0.267578 0.665040 0.300781 0.665040 0.300781 0.691407 0.267578 0.691407
0 0.811523 0.332031 0.843750 0.332031 0.843750 0.363281 0.811523 0.363281
0 0.271484 0.937500 0.306640 0.937500 0.306640 0.983398 0.271484 0.983398
0 0.969727 0.000000 0.999023 0.000000 0.999023 0.030274 0.969727 0.030274
0 0.218750 0.596680 0.256836 0.596680 0.256836 0.625000 0.218750 0.625000
0 0.749024 0.614259 0.788086 0.614259 0.788086 0.644532 0.749024 0.644532
0 0.220703 0.625977 0.264649 0.625977 0.264649 0.656250 0.220703 0.656250
0 0.195312 0.965820 0.225585 0.965820 0.225585 0.997070 0.195312 0.997070
0 0.485352 0.311524 0.513672 0.311524 0.513672 0.340821 0.485352 0.340821
0 0.435547 0.389648 0.480469 0.389648 0.480469 0.416992 0.435547 0.416992
0 0.876953 0.457032 0.908203 0.457032 0.908203 0.490235 0.876953 0.490235
0 0.226562 0.666992 0.259765 0.666992 0.259765 0.716798 0.226562 0.716798
0 0.328125 0.383789 0.363281 0.383789 0.363281 0.407227 0.328125 0.407227
0 0.668945 0.199219 0.699218 0.199219 0.699218 0.223633 0.668945 0.223633
0 0.378906 0.371094 0.413086 0.371094 0.413086 0.406250 0.378906 0.406250
0 0.684570 0.486328 0.721680 0.486328 0.721680 0.515625 0.684570 0.515625
0 0.839844 0.599609 0.861328 0.599609 0.861328 0.624023 0.839844 0.624023
0 0.394531 0.009765 0.428711 0.009765 0.428711 0.033203 0.394531 0.033203
0 0.569336 0.141601 0.602540 0.141601 0.602540 0.175781 0.569336 0.175781
0 0.338867 0.729492 0.381837 0.729492 0.381837 0.797852 0.338867 0.797852
0 0.483399 0.724610 0.512695 0.724610 0.512695 0.752930 0.483399 0.752930
0 0.657227 0.865235 0.708008 0.865235 0.708008 0.891602 0.657227 0.891602
0 0.482422 0.745117 0.508788 0.745117 0.508788 0.768555 0.482422 0.768555
0 0.655273 0.797852 0.686523 0.797852 0.686523 0.833985 0.655273 0.833985
0 0.086914 0.265624 0.114258 0.265624 0.114258 0.294922 0.086914 0.294922
0 0.269531 0.550782 0.295899 0.550782 0.295899 0.576172 0.269531 0.576172
0 0.475586 0.221680 0.500000 0.221680 0.500000 0.253906 0.475586 0.253906
0 0.897461 0.111328 0.924805 0.111328 0.924805 0.144531 0.897461 0.144531
0 0.779298 0.838867 0.823242 0.838867 0.823242 0.880859 0.779298 0.880859
0 0.477540 0.450195 0.514648 0.450195 0.514648 0.479492 0.477540 0.479492
0 0.439453 0.327149 0.462891 0.327149 0.462891 0.348633 0.439453 0.348633
0 0.642578 0.671875 0.677734 0.671875 0.677734 0.706055 0.642578 0.706055
0 0.443360 0.698242 0.479492 0.698242 0.479492 0.728515 0.443360 0.728515
0 0.212890 0.887696 0.239258 0.887696 0.239258 0.931640 0.212890 0.931640
0 0.353516 0.821290 0.375976 0.821290 0.375976 0.858399 0.353516 0.858399
0 0.444335 0.816407 0.473633 0.816407 0.473633 0.845703 0.444335 0.845703
0 0.416016 0.827148 0.451172 0.827148 0.451172 0.861328 0.416016 0.861328
0 0.581055 0.884766 0.615235 0.884766 0.615235 0.913086 0.581055 0.913086
0 0.532226 0.896484 0.555664 0.896484 0.555664 0.931640 0.532226 0.931640
0 0.499024 0.791016 0.518555 0.791016 0.518555 0.833008 0.499024 0.833008
0 0.321288 0.026367 0.364258 0.026367 0.364258 0.061523 0.321288 0.061523
0 0.869140 0.802734 0.896484 0.802734 0.896484 0.830078 0.869140 0.830078
0 0.903320 0.583985 0.934570 0.583985 0.934570 0.612305 0.903320 0.612305
1 0.183593 0.013672 0.207031 0.013672 0.207031 0.037110 0.183593 0.037110
1 0.265625 0.008789 0.286133 0.008789 0.286133 0.040039 0.265625 0.040039
1 0.049805 0.038086 0.068360 0.038086 0.068360 0.055664 0.049805 0.055664
1 0.253906 0.055664 0.272461 0.055664 0.272461 0.076172 0.253906 0.076172
1 0.048828 0.063476 0.069336 0.063476 0.069336 0.086914 0.048828 0.086914
1 0.073242 0.068359 0.096680 0.068359 0.096680 0.091797 0.073242 0.091797
1 0.129883 0.104492 0.148438 0.104492 0.148438 0.119140 0.129883 0.119140
1 0.179688 0.112305 0.195312 0.112305 0.195312 0.129883 0.179688 0.129883
1 0.116211 0.117188 0.132813 0.117188 0.132813 0.132812 0.116211 0.132812
1 0.153320 0.134765 0.175782 0.134765 0.175782 0.154297 0.153320 0.154297
1 0.413086 0.738282 0.430664 0.738282 0.430664 0.757812 0.413086 0.757812
1 0.028321 0.951172 0.050782 0.951172 0.050782 0.967774 0.028321 0.967774
1 0.081055 0.958008 0.100585 0.958008 0.100585 0.974610 0.081055 0.974610
1 0.037110 0.921875 0.059570 0.921875 0.059570 0.943359 0.037110 0.943359
1 0.027343 0.048828 0.045899 0.048828 0.045899 0.073242 0.027343 0.073242
1 0.139648 0.053711 0.163086 0.053711 0.163086 0.072265 0.139648 0.072265
1 0.042969 0.855469 0.063477 0.855469 0.063477 0.872071 0.042969 0.872071
1 0.104492 0.034180 0.135742 0.034180 0.135742 0.048828 0.104492 0.048828
1 0.117188 0.071289 0.134766 0.071289 0.134766 0.092773 0.117188 0.092773
1 0.208007 0.185547 0.230468 0.185547 0.230468 0.208008 0.208007 0.208008
