1 0.718509 0.852791 0.749357 0.852791 0.749357 0.890016 0.718509 0.890016
1 0.732648 0.803723 0.762211 0.803723 0.762211 0.840948 0.732648 0.840948
1 0.664524 0.788494 0.694087 0.788494 0.694087 0.827412 0.664524 0.827412
1 0.856041 0.243655 0.879177 0.243655 0.879177 0.285956 0.856041 0.285956
1 0.155527 0.087986 0.183805 0.087986 0.183805 0.125212 0.155527 0.125212
1 0.593830 0.329950 0.629820 0.329950 0.629820 0.382402 0.593830 0.382402
1 0.197943 0.082910 0.219795 0.082910 0.219795 0.125212 0.197943 0.125212
2 0.737789 0.707276 0.771209 0.707276 0.771209 0.734348 0.737789 0.734348
2 0.006427 0.060913 0.034705 0.060913 0.034705 0.101523 0.006427 0.101523
2 0.087404 0.834179 0.122108 0.834179 0.122108 0.898477 0.087404 0.898477
2 0.584833 0.873097 0.616967 0.873097 0.616967 0.913705 0.584833 0.913705
2 0.775064 0.685279 0.807198 0.685279 0.807198 0.724197 0.775064 0.724197
2 0.881749 0.186125 0.911312 0.186125 0.911312 0.230119 0.881749 0.230119
2 0.637532 0.147208 0.679948 0.147208 0.679948 0.184434 0.637532 0.184434
2 0.489718 0.296108 0.530849 0.296108 0.530849 0.336718 0.489718 0.336718
3 0.694087 0.622674 0.768637 0.622674 0.768637 0.705584 0.694087 0.705584
3 0.773779 0.588833 0.840617 0.588833 0.840617 0.666667 0.773779 0.666667
