1 0.038709 0.233027 0.069354 0.233027 0.069354 0.277064 0.038709 0.277064
1 0.062904 0.170643 0.093549 0.170643 0.093549 0.211009 0.062904 0.211009
1 0.099999 0.188991 0.133871 0.188991 0.133871 0.233027 0.099999 0.233027
1 0.088709 0.258716 0.119355 0.258716 0.119355 0.306422 0.088709 0.306422
1 0.112904 0.304587 0.146775 0.304587 0.146775 0.352293 0.112904 0.352293
1 0.067742 0.097248 0.101612 0.097248 0.101612 0.133944 0.067742 0.133944
1 0.059678 0.137615 0.085484 0.137615 0.085484 0.163303 0.059678 0.163303
1 0.133871 0.104587 0.172581 0.104587 0.172581 0.146789 0.133871 0.146789
1 0.146775 0.163303 0.180645 0.163303 0.180645 0.209175 0.146775 0.209175
1 0.153226 0.234862 0.183870 0.234862 0.183870 0.277064 0.153226 0.277064
1 0.158065 0.282569 0.188710 0.282569 0.188710 0.321101 0.158065 0.321101
1 0.154839 0.321101 0.187097 0.321101 0.187097 0.359633 0.154839 0.359633
1 0.188710 0.084404 0.217742 0.084404 0.217742 0.122936 0.188710 0.122936
1 0.185484 0.150458 0.212904 0.150458 0.212904 0.194495 0.185484 0.194495
1 0.072580 0.319266 0.103225 0.319266 0.103225 0.359633 0.072580 0.359633
1 0.024193 0.339449 0.064517 0.339449 0.064517 0.370642 0.024193 0.370642
1 0.024193 0.278899 0.059677 0.278899 0.059677 0.321101 0.024193 0.321101
1 0.022581 0.377981 0.058065 0.377981 0.058065 0.418349 0.022581 0.418349
1 0.075806 0.374312 0.103225 0.374312 0.103225 0.416514 0.075806 0.416514
1 0.066129 0.433027 0.096774 0.433027 0.096774 0.475229 0.066129 0.475229
1 0.093549 0.414680 0.119355 0.414680 0.119355 0.451377 0.093549 0.451377
1 0.119355 0.445871 0.148387 0.445871 0.148387 0.488073 0.119355 0.488073
1 0.125807 0.396330 0.156451 0.396330 0.156451 0.434862 0.125807 0.434862
1 0.033871 0.700917 0.066129 0.700917 0.066129 0.746789 0.033871 0.746789
1 0.009678 0.783486 0.040322 0.783486 0.040322 0.825688 0.009678 0.825688
1 0.012903 0.737615 0.045161 0.737615 0.045161 0.774312 0.012903 0.774312
1 0.059677 0.812844 0.090323 0.812844 0.090323 0.862386 0.059677 0.862386
1 0.022580 0.873394 0.053225 0.873394 0.053225 0.913762 0.022580 0.913762
1 0.011291 0.910092 0.038710 0.910092 0.038710 0.944954 0.011291 0.944954
1 0.043549 0.926605 0.072581 0.926605 0.072581 0.959633 0.043549 0.959633
1 0.011290 0.948624 0.040322 0.948624 0.040322 0.977982 0.011290 0.977982
1 0.061290 0.886238 0.090322 0.886238 0.090322 0.926605 0.061290 0.926605
1 0.096773 0.886238 0.137097 0.886238 0.137097 0.932110 0.096773 0.932110
1 0.079032 0.928441 0.109677 0.928441 0.109677 0.963303 0.079032 0.963303
1 0.043548 0.765138 0.075806 0.765138 0.075806 0.807340 0.043548 0.807340
1 0.150001 0.884404 0.180645 0.884404 0.180645 0.926606 0.150001 0.926606
1 0.091936 0.656881 0.120968 0.656881 0.120968 0.702753 0.091936 0.702753
1 0.066129 0.686238 0.088709 0.686238 0.088709 0.730276 0.066129 0.730276
1 0.011290 0.831193 0.040322 0.831193 0.040322 0.866055 0.011290 0.866055
1 0.066129 0.618349 0.087097 0.618349 0.087097 0.660551 0.066129 0.660551
1 0.035484 0.622019 0.058065 0.622019 0.058065 0.675229 0.035484 0.675229
1 0.020968 0.658716 0.046774 0.658716 0.046774 0.700918 0.020968 0.700918
1 0.083872 0.581651 0.114517 0.581651 0.114517 0.631193 0.083872 0.631193
1 0.082258 0.488074 0.114516 0.488074 0.114516 0.524771 0.082258 0.524771
1 0.106452 0.563303 0.133871 0.563303 0.133871 0.611009 0.106452 0.611009
1 0.125807 0.697248 0.159677 0.697248 0.159677 0.735780 0.125807 0.735780
1 0.120968 0.792660 0.146774 0.792660 0.146774 0.838532 0.120968 0.838532
1 0.100000 0.744953 0.130645 0.744953 0.130645 0.788991 0.100000 0.788991
1 0.088709 0.788991 0.116128 0.788991 0.116128 0.845871 0.088709 0.845871
1 0.108064 0.849542 0.143548 0.849542 0.143548 0.886239 0.108064 0.886239
1 0.145161 0.838533 0.175806 0.838533 0.175806 0.878900 0.145161 0.878900
1 0.032258 0.181651 0.062904 0.181651 0.062904 0.231192 0.032258 0.231192
1 0.016129 0.071560 0.048387 0.071560 0.048387 0.113762 0.016129 0.113762
1 0.000000 0.117431 0.025806 0.117431 0.025806 0.165137 0.000000 0.165137
1 0.154839 0.001835 0.187097 0.001835 0.187097 0.036697 0.154839 0.036697
1 0.201613 0.027523 0.235483 0.027523 0.235483 0.066055 0.201613 0.066055
1 0.106452 0.082569 0.133871 0.082569 0.133871 0.124771 0.106452 0.124771
1 0.027419 0.434862 0.051613 0.434862 0.051613 0.471559 0.027419 0.471559
1 0.022581 0.521101 0.066129 0.521101 0.066129 0.579817 0.022581 0.579817
1 0.119354 0.946789 0.149999 0.946789 0.149999 0.988991 0.119354 0.988991
1 0.206452 0.935779 0.232258 0.935779 0.232258 0.972476 0.206452 0.972476
1 0.180645 0.952294 0.212903 0.952294 0.212903 0.990826 0.180645 0.990826
1 0.206452 0.888073 0.240322 0.888073 0.240322 0.926605 0.206452 0.926605
1 0.188709 0.811009 0.212903 0.811009 0.212903 0.860550 0.188709 0.860550
1 0.212903 0.805505 0.235485 0.805505 0.235485 0.856881 0.212903 0.856881
1 0.166129 0.730275 0.195161 0.730275 0.195161 0.765137 0.166129 0.765137
1 0.179033 0.697248 0.212903 0.697248 0.212903 0.739450 0.179033 0.739450
1 0.137097 0.548624 0.158065 0.548624 0.158065 0.590826 0.137097 0.590826
1 0.164516 0.515596 0.196774 0.515596 0.196774 0.559634 0.164516 0.559634
1 0.164517 0.565138 0.191935 0.565138 0.191935 0.603670 0.164517 0.603670
1 0.198387 0.594495 0.224193 0.594495 0.224193 0.634862 0.198387 0.634862
1 0.108065 0.519266 0.137097 0.519266 0.137097 0.557798 0.108065 0.557798
1 0.153226 0.438532 0.180644 0.438532 0.180644 0.486238 0.153226 0.486238
1 0.162903 0.370642 0.191935 0.370642 0.191935 0.409174 0.162903 0.409174
1 0.211290 0.394495 0.246774 0.394495 0.246774 0.440367 0.211290 0.440367
1 0.179033 0.422019 0.216130 0.422019 0.216130 0.488073 0.179033 0.488073
1 0.217742 0.442202 0.253226 0.442202 0.253226 0.484404 0.217742 0.484404
1 0.245162 0.082569 0.270968 0.082569 0.270968 0.126606 0.245162 0.126606
1 0.220968 0.152294 0.256452 0.152294 0.256452 0.200000 0.220968 0.200000
1 0.254839 0.190826 0.283871 0.190826 0.283871 0.234863 0.254839 0.234863
1 0.258065 0.236697 0.291936 0.236697 0.291936 0.282569 0.258065 0.282569
1 0.206452 0.231193 0.235484 0.231193 0.235484 0.273395 0.206452 0.273395
1 0.235484 0.269725 0.264516 0.269725 0.264516 0.306422 0.235484 0.306422
1 0.222581 0.291743 0.254839 0.291743 0.254839 0.326605 0.222581 0.326605
1 0.190323 0.295412 0.222581 0.295412 0.222581 0.335780 0.190323 0.335780
1 0.187097 0.343119 0.233871 0.343119 0.233871 0.381651 0.187097 0.381651
1 0.246775 0.038531 0.291936 0.038531 0.291936 0.082569 0.246775 0.082569
1 0.319354 0.089908 0.350000 0.089908 0.350000 0.132110 0.319354 0.132110
1 0.298388 0.044037 0.332259 0.044037 0.332259 0.080733 0.298388 0.080733
1 0.272581 0.073394 0.301613 0.073394 0.301613 0.115596 0.272581 0.115596
1 0.246775 0.141284 0.277420 0.141284 0.277420 0.183486 0.246775 0.183486
1 0.290323 0.216514 0.319355 0.216514 0.319355 0.249542 0.290323 0.249542
1 0.150000 0.033028 0.183870 0.033028 0.183870 0.084404 0.150000 0.084404
1 0.146774 0.655046 0.179032 0.655046 0.179032 0.702752 0.146774 0.702752
1 0.127419 0.640367 0.146775 0.640367 0.146775 0.682569 0.127419 0.682569
1 0.124194 0.603670 0.153226 0.603670 0.153226 0.645872 0.124194 0.645872
1 0.199999 0.744953 0.237096 0.744953 0.237096 0.788991 0.199999 0.788991
1 0.312903 0.161468 0.345161 0.161468 0.345161 0.207340 0.312903 0.207340
1 0.348386 0.183486 0.385484 0.183486 0.385484 0.227523 0.348386 0.227523
1 0.320968 0.262385 0.353226 0.262385 0.353226 0.306422 0.320968 0.306422
1 0.291936 0.269724 0.324194 0.269724 0.324194 0.313761 0.291936 0.313761
1 0.262904 0.311927 0.314517 0.311927 0.314517 0.363303 0.262904 0.363303
1 0.322580 0.315596 0.359678 0.315596 0.359678 0.361468 0.322580 0.361468
1 0.316130 0.220183 0.350000 0.220183 0.350000 0.262385 0.316130 0.262385
1 0.358065 0.236697 0.388710 0.236697 0.388710 0.278899 0.358065 0.278899
1 0.351612 0.047706 0.388710 0.047706 0.388710 0.086238 0.351612 0.086238
1 0.319355 0.431192 0.351613 0.431192 0.351613 0.464220 0.319355 0.464220
1 0.270968 0.484404 0.300000 0.484404 0.300000 0.526606 0.270968 0.526606
1 0.262903 0.561468 0.291935 0.561468 0.291935 0.614678 0.262903 0.614678
1 0.240322 0.623854 0.267741 0.623854 0.267741 0.677064 0.240322 0.677064
1 0.298388 0.656881 0.325806 0.656881 0.325806 0.695413 0.298388 0.695413
1 0.258065 0.662385 0.287097 0.662385 0.287097 0.706423 0.258065 0.706423
1 0.287097 0.700917 0.320968 0.700917 0.320968 0.743119 0.287097 0.743119
1 0.251613 0.717431 0.287097 0.717431 0.287097 0.759633 0.251613 0.759633
1 0.364516 0.124771 0.395161 0.124771 0.395161 0.165137 0.364516 0.165137
1 0.395161 0.139449 0.422580 0.139449 0.422580 0.181651 0.395161 0.181651
1 0.406451 0.218349 0.437096 0.218349 0.437096 0.260551 0.406451 0.260551
1 0.387097 0.198165 0.412903 0.198165 0.412903 0.240367 0.387097 0.240367
1 0.374194 0.269725 0.401612 0.269725 0.401612 0.306422 0.374194 0.306422
1 0.348387 0.286239 0.383871 0.286239 0.383871 0.337615 0.348387 0.337615
1 0.351613 0.346789 0.383871 0.346789 0.383871 0.394495 0.351613 0.394495
1 0.398387 0.319266 0.430645 0.319266 0.430645 0.357798 0.398387 0.357798
1 0.364517 0.433027 0.398388 0.433027 0.398388 0.478899 0.364517 0.478899
1 0.429032 0.099082 0.458064 0.099082 0.458064 0.141284 0.429032 0.141284
1 0.450000 0.143120 0.480646 0.143120 0.480646 0.179816 0.450000 0.179816
1 0.440323 0.190826 0.472581 0.190826 0.472581 0.220184 0.440323 0.220184
1 0.448387 0.047706 0.475806 0.047706 0.475806 0.084404 0.448387 0.084404
1 0.464516 0.088073 0.495162 0.088073 0.495162 0.132110 0.464516 0.132110
1 0.400000 0.058715 0.435484 0.058715 0.435484 0.117431 0.400000 0.117431
1 0.408064 0.012845 0.448387 0.012845 0.448387 0.053212 0.408064 0.053212
1 0.304838 0.471559 0.335483 0.471559 0.335483 0.502752 0.304838 0.502752
1 0.303226 0.517431 0.332258 0.517431 0.332258 0.552293 0.303226 0.552293
1 0.300001 0.568808 0.327419 0.568808 0.327419 0.605505 0.300001 0.605505
1 0.314516 0.601835 0.343548 0.601835 0.343548 0.644037 0.314516 0.644037
1 0.327419 0.552293 0.356451 0.552293 0.356451 0.583487 0.327419 0.583487
1 0.287096 0.752294 0.317742 0.752294 0.317742 0.790826 0.287096 0.790826
1 0.253225 0.822018 0.280644 0.822018 0.280644 0.864220 0.253225 0.864220
1 0.270968 0.842202 0.311291 0.842202 0.311291 0.878899 0.270968 0.878899
1 0.251613 0.917431 0.287097 0.917431 0.287097 0.950459 0.251613 0.950459
1 0.235484 0.965138 0.267742 0.965138 0.267742 1.000000 0.235484 1.000000
1 0.258065 0.873394 0.290323 0.873394 0.290323 0.913762 0.258065 0.913762
1 0.296774 0.799999 0.330645 0.799999 0.330645 0.840367 0.296774 0.840367
1 0.298387 0.932110 0.330645 0.932110 0.330645 0.981652 0.298387 0.981652
1 0.306452 0.897248 0.350000 0.897248 0.350000 0.935780 0.306452 0.935780
1 0.324193 0.834862 0.359677 0.834862 0.359677 0.880734 0.324193 0.880734
1 0.333871 0.785322 0.372581 0.785322 0.372581 0.822018 0.333871 0.822018
1 0.372580 0.911926 0.409678 0.911926 0.409678 0.955964 0.372580 0.955964
1 0.329033 0.932110 0.356451 0.932110 0.356451 0.963303 0.329033 0.963303
1 0.367742 0.847706 0.396774 0.847706 0.396774 0.891744 0.367742 0.891744
1 0.369354 0.801835 0.400000 0.801835 0.400000 0.847707 0.369354 0.847707
1 0.356451 0.704587 0.387097 0.704587 0.387097 0.739449 0.356451 0.739449
1 0.385484 0.662385 0.420968 0.662385 0.420968 0.691743 0.385484 0.691743
1 0.327419 0.488073 0.377419 0.488073 0.377419 0.526605 0.327419 0.526605
1 0.685484 0.965137 0.724194 0.965137 0.724194 0.996331 0.685484 0.996331
1 0.625807 0.882569 0.654839 0.882569 0.654839 0.917431 0.625807 0.917431
1 0.611290 0.840367 0.645161 0.840367 0.645161 0.880734 0.611290 0.880734
1 0.637097 0.779817 0.666129 0.779817 0.666129 0.816514 0.637097 0.816514
1 0.612904 0.779817 0.635485 0.779817 0.635485 0.818349 0.612904 0.818349
1 0.596774 0.743119 0.625806 0.743119 0.625806 0.781651 0.596774 0.781651
1 0.670967 0.823853 0.701612 0.823853 0.701612 0.884403 0.670967 0.884403
1 0.493548 0.910091 0.529032 0.910091 0.529032 0.950458 0.493548 0.950458
1 0.519355 0.928441 0.551613 0.928441 0.551613 0.963303 0.519355 0.963303
1 0.509677 0.867891 0.545161 0.867891 0.545161 0.904587 0.509677 0.904587
1 0.548387 0.860550 0.583871 0.860550 0.583871 0.910092 0.548387 0.910092
1 0.514516 0.809174 0.558064 0.809174 0.558064 0.860550 0.514516 0.860550
1 0.693549 0.704587 0.722581 0.704587 0.722581 0.748625 0.693549 0.748625
1 0.703225 0.755964 0.730645 0.755964 0.730645 0.796331 0.703225 0.796331
1 0.725807 0.814679 0.754839 0.814679 0.754839 0.866055 0.725807 0.866055
1 0.703226 0.867890 0.751613 0.867890 0.751613 0.921100 0.703226 0.921100
1 0.687096 0.924771 0.727420 0.924771 0.727420 0.966973 0.687096 0.966973
1 0.688710 0.812844 0.714516 0.812844 0.714516 0.853212 0.688710 0.853212
1 0.570968 0.732110 0.596774 0.732110 0.596774 0.765138 0.570968 0.765138
1 0.566129 0.798165 0.598387 0.798165 0.598387 0.847707 0.566129 0.847707
1 0.527419 0.766972 0.567743 0.766972 0.567743 0.809174 0.527419 0.809174
1 0.530645 0.715596 0.562903 0.715596 0.562903 0.757798 0.530645 0.757798
1 0.477419 0.792660 0.512903 0.792660 0.512903 0.833028 0.477419 0.833028
1 0.474193 0.845871 0.512903 0.845871 0.512903 0.889909 0.474193 0.889909
1 0.417742 0.875230 0.453226 0.875230 0.453226 0.928441 0.417742 0.928441
1 0.433870 0.952294 0.470968 0.952294 0.470968 0.992661 0.433870 0.992661
1 0.451612 0.902752 0.482258 0.902752 0.482258 0.944954 0.451612 0.944954
1 0.433872 0.829357 0.461290 0.829357 0.461290 0.860550 0.433872 0.860550
1 0.414516 0.785321 0.451614 0.785321 0.451614 0.818349 0.414516 0.818349
1 0.414516 0.741285 0.453226 0.741285 0.453226 0.777981 0.414516 0.777981
1 0.437096 0.658716 0.474194 0.658716 0.474194 0.693578 0.437096 0.693578
1 0.453226 0.686239 0.496774 0.686239 0.496774 0.724771 0.453226 0.724771
1 0.470968 0.726606 0.503226 0.726606 0.503226 0.765138 0.470968 0.765138
1 0.477419 0.634862 0.509677 0.634862 0.509677 0.678900 0.477419 0.678900
1 0.477419 0.577981 0.504838 0.577981 0.504838 0.618348 0.477419 0.618348
1 0.474194 0.502752 0.503226 0.502752 0.503226 0.548624 0.474194 0.548624
1 0.466129 0.451375 0.501613 0.451375 0.501613 0.495412 0.466129 0.495412
1 0.448387 0.411009 0.479033 0.411009 0.479033 0.458715 0.448387 0.458715
1 0.406452 0.411009 0.441936 0.411009 0.441936 0.462385 0.406452 0.462385
1 0.508064 0.506422 0.543548 0.506422 0.543548 0.543119 0.508064 0.543119
1 0.516129 0.451376 0.548387 0.451376 0.548387 0.489908 0.516129 0.489908
1 0.470967 0.326605 0.501613 0.326605 0.501613 0.376147 0.470967 0.376147
1 0.477419 0.383486 0.508065 0.383486 0.508065 0.425688 0.477419 0.425688
1 0.454839 0.256881 0.483871 0.256881 0.483871 0.313761 0.454839 0.313761
1 0.425807 0.330275 0.454839 0.330275 0.454839 0.363303 0.425807 0.363303
1 0.490323 0.231193 0.517742 0.231193 0.517742 0.278899 0.490323 0.278899
1 0.472580 0.211009 0.496774 0.211009 0.496774 0.253211 0.472580 0.253211
1 0.493548 0.188991 0.524193 0.188991 0.524193 0.231193 0.493548 0.231193
1 0.488710 0.121101 0.517742 0.121101 0.517742 0.168807 0.488710 0.168807
1 0.516129 0.062385 0.554839 0.062385 0.554839 0.117431 0.516129 0.117431
1 0.533871 0.121101 0.567742 0.121101 0.567742 0.159633 0.533871 0.159633
1 0.540322 0.172477 0.579032 0.172477 0.579032 0.216513 0.540322 0.216513
1 0.479032 0.027524 0.508064 0.027524 0.508064 0.064220 0.479032 0.064220
1 0.540323 0.227524 0.574194 0.227524 0.574194 0.277065 0.540323 0.277065
1 0.543548 0.330275 0.580645 0.330275 0.580645 0.376147 0.543548 0.376147
1 0.587097 0.020184 0.617742 0.020184 0.617742 0.064220 0.587097 0.064220
1 0.601612 0.073394 0.632258 0.073394 0.632258 0.119266 0.601612 0.119266
1 0.580645 0.148623 0.619355 0.148623 0.619355 0.192660 0.580645 0.192660
1 0.570968 0.099082 0.595162 0.099082 0.595162 0.135779 0.570968 0.135779
1 0.582258 0.196331 0.622580 0.196331 0.622580 0.233027 0.582258 0.233027
1 0.577419 0.234863 0.616129 0.234863 0.616129 0.282569 0.577419 0.282569
1 0.579033 0.299082 0.616129 0.299082 0.616129 0.339450 0.579033 0.339450
1 0.630645 0.350459 0.661291 0.350459 0.661291 0.390826 0.630645 0.390826
1 0.662903 0.262385 0.696774 0.262385 0.696774 0.304587 0.662903 0.304587
1 0.633871 0.176147 0.669355 0.176147 0.669355 0.218349 0.633871 0.218349
1 0.614517 0.251376 0.656452 0.251376 0.656452 0.310092 0.614517 0.310092
1 0.648388 0.128441 0.682258 0.128441 0.682258 0.165137 0.648388 0.165137
1 0.670967 0.166972 0.698387 0.166972 0.698387 0.207339 0.670967 0.207339
1 0.695161 0.201835 0.729032 0.201835 0.729032 0.236697 0.695161 0.236697
1 0.638710 0.047706 0.672581 0.047706 0.672581 0.093578 0.638710 0.093578
1 0.679032 0.047706 0.711290 0.047706 0.711290 0.086238 0.679032 0.086238
1 0.704839 0.077064 0.737097 0.077064 0.737097 0.115596 0.704839 0.115596
1 0.691936 0.133945 0.725807 0.133945 0.725807 0.179817 0.691936 0.179817
1 0.677419 0.106422 0.704839 0.106422 0.704839 0.148624 0.677419 0.148624
1 0.559677 0.047706 0.587097 0.047706 0.587097 0.086238 0.559677 0.086238
1 0.519355 0.392661 0.554839 0.392661 0.554839 0.440367 0.519355 0.440367
1 0.554839 0.436697 0.585484 0.436697 0.585484 0.477065 0.554839 0.477065
1 0.561290 0.377982 0.600000 0.377982 0.600000 0.422019 0.561290 0.422019
1 0.501613 0.585321 0.529033 0.585321 0.529033 0.625688 0.501613 0.625688
1 0.590323 0.539450 0.622581 0.539450 0.622581 0.590826 0.590323 0.590826
1 0.603225 0.598165 0.637096 0.598165 0.637096 0.636697 0.603225 0.636697
1 0.572581 0.647706 0.606452 0.647706 0.606452 0.689908 0.572581 0.689908
1 0.564516 0.688074 0.596774 0.688074 0.596774 0.719267 0.564516 0.719267
1 0.637097 0.706422 0.669355 0.706422 0.669355 0.748624 0.637097 0.748624
1 0.611290 0.689908 0.640322 0.689908 0.640322 0.732110 0.611290 0.732110
1 0.637097 0.568808 0.669355 0.568808 0.669355 0.603670 0.637097 0.603670
1 0.564516 0.491743 0.598387 0.491743 0.598387 0.546789 0.564516 0.546789
1 0.601613 0.471560 0.633871 0.471560 0.633871 0.513762 0.601613 0.513762
1 0.629032 0.436697 0.672580 0.436697 0.672580 0.471559 0.629032 0.471559
1 0.745161 0.211009 0.780645 0.211009 0.780645 0.245871 0.745161 0.245871
1 0.774193 0.244036 0.804839 0.244036 0.804839 0.280733 0.774193 0.280733
1 0.756451 0.321101 0.798386 0.321101 0.798386 0.372477 0.756451 0.372477
1 0.743548 0.383486 0.782258 0.383486 0.782258 0.423853 0.743548 0.423853
1 0.691936 0.233027 0.720968 0.233027 0.720968 0.275229 0.691936 0.275229
1 0.790323 0.100917 0.822581 0.100917 0.822581 0.143119 0.790323 0.143119
1 0.800001 0.141285 0.827420 0.141285 0.827420 0.181651 0.800001 0.181651
1 0.812904 0.001835 0.843549 0.001835 0.843549 0.044037 0.812904 0.044037
1 0.814516 0.067890 0.841936 0.067890 0.841936 0.097248 0.814516 0.097248
1 0.820967 0.106422 0.854838 0.106422 0.854838 0.148624 0.820967 0.148624
1 0.845161 0.075229 0.880645 0.075229 0.880645 0.108257 0.845161 0.108257
1 0.862904 0.018349 0.896775 0.018349 0.896775 0.060551 0.862904 0.060551
1 0.701613 0.321101 0.733871 0.321101 0.733871 0.372477 0.701613 0.372477
1 0.695161 0.460550 0.730645 0.460550 0.730645 0.493578 0.695161 0.493578
1 0.645161 0.502752 0.675806 0.502752 0.675806 0.544954 0.645161 0.544954
1 0.700000 0.587156 0.735484 0.587156 0.735484 0.633028 0.700000 0.633028
1 0.714516 0.539449 0.751613 0.539449 0.751613 0.581651 0.714516 0.581651
1 0.737096 0.469725 0.767741 0.469725 0.767741 0.508257 0.737096 0.508257
1 0.753225 0.504587 0.783871 0.504587 0.783871 0.546789 0.753225 0.546789
1 0.732259 0.623853 0.766130 0.623853 0.766130 0.666055 0.732259 0.666055
1 0.754838 0.660550 0.782258 0.660550 0.782258 0.710091 0.754838 0.710091
1 0.720967 0.699082 0.748387 0.699082 0.748387 0.744954 0.720967 0.744954
1 0.650000 0.965138 0.677420 0.965138 0.677420 1.000000 0.650000 1.000000
1 0.743548 0.921101 0.775806 0.921101 0.775806 0.959633 0.743548 0.959633
1 0.767742 0.866055 0.798388 0.866055 0.798388 0.902752 0.767742 0.902752
1 0.801612 0.862385 0.832257 0.862385 0.832257 0.904587 0.801612 0.904587
1 0.746774 0.948624 0.782258 0.948624 0.782258 0.994496 0.746774 0.994496
1 0.774193 0.908257 0.814517 0.908257 0.814517 0.950459 0.774193 0.950459
1 0.803225 0.937614 0.830645 0.937614 0.830645 0.981652 0.803225 0.981652
1 0.846774 0.935780 0.880645 0.935780 0.880645 0.970642 0.846774 0.970642
1 0.827419 0.878899 0.861290 0.878899 0.861290 0.921101 0.827419 0.921101
1 0.504839 0.344954 0.537097 0.344954 0.537097 0.377982 0.504839 0.377982
1 0.493549 0.310091 0.519355 0.310091 0.519355 0.350459 0.493549 0.350459
1 0.820968 0.330275 0.858065 0.330275 0.858065 0.383487 0.820968 0.383487
1 0.854839 0.377981 0.888710 0.377981 0.888710 0.423853 0.854839 0.423853
1 0.803225 0.266055 0.830645 0.266055 0.830645 0.299083 0.803225 0.299083
1 0.924194 0.003669 0.954839 0.003669 0.954839 0.044036 0.924194 0.044036
1 0.888710 0.018348 0.922581 0.018348 0.922581 0.075230 0.888710 0.075230
1 0.932258 0.047706 0.974194 0.047706 0.974194 0.100918 0.932258 0.100918
1 0.961290 0.089909 1.000000 0.089909 1.000000 0.126606 0.961290 0.126606
1 0.945161 0.157799 0.979032 0.157799 0.979032 0.201836 0.945161 0.201836
1 0.930645 0.203670 0.970967 0.203670 0.970967 0.240366 0.930645 0.240366
1 0.956452 0.238533 0.990322 0.238533 0.990322 0.288073 0.956452 0.288073
1 0.896775 0.282569 0.930646 0.282569 0.930646 0.324771 0.896775 0.324771
1 0.891935 0.330275 0.925806 0.330275 0.925806 0.370643 0.891935 0.370643
1 0.890323 0.376147 0.925807 0.376147 0.925807 0.414679 0.890323 0.414679
1 0.845162 0.462386 0.882258 0.462386 0.882258 0.506422 0.845162 0.506422
1 0.885484 0.477064 0.925806 0.477064 0.925806 0.510092 0.885484 0.510092
1 0.888710 0.431192 0.917742 0.431192 0.917742 0.462386 0.888710 0.462386
1 0.911290 0.388991 0.950000 0.388991 0.950000 0.431193 0.911290 0.431193
1 0.862903 0.899083 0.904838 0.899083 0.904838 0.933945 0.862903 0.933945
1 0.920968 0.933945 0.953226 0.933945 0.953226 0.972477 0.920968 0.972477
1 0.867742 0.948624 0.912903 0.948624 0.912903 1.000000 0.867742 1.000000
1 0.953226 0.867891 0.977420 0.867891 0.977420 0.904587 0.953226 0.904587
1 0.925806 0.822018 0.948387 0.822018 0.948387 0.860550 0.925806 0.860550
1 0.787097 0.658716 0.819355 0.658716 0.819355 0.697248 0.787097 0.697248
1 0.783871 0.568807 0.825806 0.568807 0.825806 0.623853 0.783871 0.623853
1 0.743549 0.577982 0.780645 0.577982 0.780645 0.612844 0.743549 0.612844
1 0.820968 0.627523 0.859678 0.627523 0.859678 0.660551 0.820968 0.660551
1 0.825806 0.543119 0.856452 0.543119 0.856452 0.581651 0.825806 0.581651
1 0.879032 0.576147 0.908064 0.576147 0.908064 0.623853 0.879032 0.623853
1 0.820968 0.588991 0.864516 0.588991 0.864516 0.623853 0.820968 0.623853
1 0.958065 0.603669 0.998387 0.603669 0.998387 0.660550 0.958065 0.660550
1 0.932258 0.761468 0.966129 0.761468 0.966129 0.796330 0.932258 0.796330
1 0.951612 0.800000 0.985483 0.800000 0.985483 0.847706 0.951612 0.847706
1 0.958064 0.554128 0.991935 0.554128 0.991935 0.596330 0.958064 0.596330
1 0.972580 0.348624 1.000000 0.348624 1.000000 0.385321 0.972580 0.385321
1 0.937097 0.513761 0.966129 0.513761 0.966129 0.546789 0.937097 0.546789
1 0.904838 0.234862 0.941935 0.234862 0.941935 0.277064 0.904838 0.277064
1 0.850000 0.304587 0.893548 0.304587 0.893548 0.344954 0.850000 0.344954
1 0.846774 0.256881 0.888710 0.256881 0.888710 0.302753 0.846774 0.302753
1 0.738710 0.003670 0.764516 0.003670 0.764516 0.045872 0.738710 0.045872
1 0.524194 0.014679 0.553226 0.014679 0.553226 0.049541 0.524194 0.049541
1 0.417742 0.374312 0.441936 0.374312 0.441936 0.409174 0.417742 0.409174
1 0.001613 0.161468 0.025807 0.161468 0.025807 0.220184 0.001613 0.220184
1 0.791936 0.511926 0.833871 0.511926 0.833871 0.552293 0.791936 0.552293
1 0.808064 0.471559 0.838709 0.471559 0.838709 0.502752 0.808064 0.502752
1 0.680645 0.513761 0.709677 0.513761 0.709677 0.559633 0.680645 0.559633
1 0.711290 0.493578 0.738710 0.493578 0.738710 0.526606 0.711290 0.526606
1 0.117742 0.484403 0.146774 0.484403 0.146774 0.517431 0.117742 0.517431
1 0.180645 0.231193 0.209677 0.231193 0.209677 0.273395 0.180645 0.273395
1 0.204839 0.100917 0.246774 0.100917 0.246774 0.143119 0.204839 0.143119
1 0.208064 0.196330 0.235484 0.196330 0.235484 0.231192 0.208064 0.231192
1 0.003226 0.357798 0.032258 0.357798 0.032258 0.405504 0.003226 0.405504
1 0.022581 0.106423 0.058065 0.106423 0.058065 0.159634 0.022581 0.159634
1 0.058065 0.049542 0.095161 0.049542 0.095161 0.086239 0.058065 0.086239
1 0.203226 0.649541 0.229032 0.649541 0.229032 0.693579 0.203226 0.693579
1 0.224193 0.688073 0.259677 0.688073 0.259677 0.726605 0.224193 0.726605
1 0.179032 0.911926 0.206452 0.911926 0.206452 0.943119 0.179032 0.943119
1 0.135484 0.922936 0.169354 0.922936 0.169354 0.955964 0.135484 0.955964
1 0.088710 0.974312 0.125807 0.974312 0.125807 1.000000 0.088710 1.000000
1 0.330645 0.968807 0.359677 0.968807 0.359677 0.994495 0.330645 0.994495
1 0.291936 0.888073 0.319354 0.888073 0.319354 0.930275 0.291936 0.930275
1 0.274194 0.957798 0.301613 0.957798 0.301613 0.996330 0.274194 0.996330
1 0.238710 0.000000 0.264516 0.000000 0.264516 0.031193 0.238710 0.031193
1 0.308065 0.000000 0.341936 0.000000 0.341936 0.031192 0.308065 0.031192
1 0.338709 0.025688 0.369355 0.025688 0.369355 0.056881 0.338709 0.056881
1 0.170968 0.609174 0.196774 0.609174 0.196774 0.638532 0.170968 0.638532
1 0.164516 0.636698 0.200000 0.636698 0.200000 0.677065 0.164516 0.677065
1 0.138709 0.486239 0.162903 0.486239 0.162903 0.533945 0.138709 0.533945
1 0.580646 0.851376 0.611291 0.851376 0.611291 0.886238 0.580646 0.886238
1 0.666129 0.904587 0.695161 0.904587 0.695161 0.943119 0.666129 0.943119
1 0.638710 0.926606 0.659678 0.926606 0.659678 0.961468 0.638710 0.961468
1 0.608065 0.904587 0.637097 0.904587 0.637097 0.941284 0.608065 0.941284
1 0.904838 0.900917 0.935484 0.900917 0.935484 0.941284 0.904838 0.941284
1 0.779032 0.774312 0.806451 0.774312 0.806451 0.809174 0.779032 0.809174
1 0.819355 0.748623 0.848387 0.748623 0.848387 0.801834 0.819355 0.801834
1 0.706452 0.655046 0.729032 0.655046 0.729032 0.688074 0.706452 0.688074
1 0.651613 0.673394 0.675807 0.673394 0.675807 0.706422 0.651613 0.706422
1 0.846774 0.844037 0.874194 0.844037 0.874194 0.878899 0.846774 0.878899
1 0.962903 0.697248 0.991935 0.697248 0.991935 0.735780 0.962903 0.735780
1 0.511290 0.656880 0.541936 0.656880 0.541936 0.677064 0.511290 0.677064
1 0.661291 0.317431 0.695161 0.317431 0.695161 0.365137 0.661291 0.365137
1 0.645161 0.403670 0.695161 0.403670 0.695161 0.433028 0.645161 0.433028
1 0.708064 0.416513 0.730645 0.416513 0.730645 0.447707 0.708064 0.447707
1 0.725806 0.376147 0.750000 0.376147 0.750000 0.401835 0.725806 0.401835
1 0.938709 0.324770 0.966129 0.324770 0.966129 0.355963 0.938709 0.355963
1 0.646774 0.225688 0.670968 0.225688 0.670968 0.258716 0.646774 0.258716
1 0.699999 0.014679 0.733870 0.014679 0.733870 0.045871 0.699999 0.045871
1 0.651613 0.022019 0.680645 0.022019 0.680645 0.056881 0.651613 0.056881
1 0.738709 0.119267 0.762903 0.119267 0.762903 0.146790 0.738709 0.146790
1 0.480646 0.066055 0.508065 0.066055 0.508065 0.099083 0.480646 0.099083
1 0.575806 0.344954 0.600000 0.344954 0.600000 0.374312 0.575806 0.374312
1 0.517742 0.544955 0.546774 0.544955 0.546774 0.568807 0.517742 0.568807
1 0.537096 0.568808 0.570967 0.568808 0.570967 0.605505 0.537096 0.605505
1 0.000000 0.288073 0.022581 0.288073 0.022581 0.326605 0.000000 0.326605
1 0.000000 0.407339 0.019355 0.407339 0.019355 0.447707 0.000000 0.447707
1 0.511291 0.686239 0.554839 0.686239 0.554839 0.724771 0.511291 0.724771
1 0.546775 0.000000 0.580646 0.000000 0.580646 0.029358 0.546775 0.029358
1 0.641935 0.000001 0.680645 0.000001 0.680645 0.023853 0.641935 0.023853
1 0.227419 0.499082 0.259677 0.499082 0.259677 0.539450 0.227419 0.539450
1 0.204839 0.548624 0.245162 0.548624 0.245162 0.600000 0.204839 0.600000
1 0.358065 0.519266 0.401613 0.519266 0.401613 0.555963 0.358065 0.555963
1 0.854839 0.653211 0.890323 0.653211 0.890323 0.691743 0.854839 0.691743
1 0.830645 0.194495 0.858065 0.194495 0.858065 0.253211 0.830645 0.253211
1 0.600000 0.669725 0.633871 0.669725 0.633871 0.699083 0.600000 0.699083
