3 0.011494 0.306834 0.101532 0.306834 0.101532 0.418410 0.011494 0.418410
3 0.170497 0.373780 0.204980 0.373780 0.204980 0.422594 0.170497 0.422594
3 0.181034 0.118550 0.213601 0.118550 0.213601 0.186890 0.181034 0.186890
3 0.246168 0.146444 0.303640 0.146444 0.303640 0.206416 0.246168 0.206416
3 0.146552 0.244072 0.184866 0.244072 0.184866 0.298465 0.146552 0.298465
3 0.135057 0.055788 0.163793 0.055788 0.163793 0.108786 0.135057 0.108786
3 0.235632 0.089261 0.260536 0.089261 0.260536 0.138076 0.235632 0.138076
3 0.304598 0.122733 0.334290 0.122733 0.334290 0.168758 0.304598 0.168758
3 0.205939 0.066946 0.230843 0.066946 0.230843 0.121339 0.205939 0.121339
3 0.200192 0.225941 0.226054 0.225941 0.226054 0.285913 0.200192 0.285913
3 0.328545 0.260809 0.371648 0.260809 0.371648 0.324965 0.328545 0.324965
3 0.344828 0.379359 0.398468 0.379359 0.398468 0.443515 0.344828 0.443515
3 0.358237 0.192469 0.381227 0.192469 0.381227 0.238493 0.358237 0.238493
3 0.398467 0.245467 0.444445 0.245467 0.444445 0.320781 0.398467 0.320781
3 0.356322 0.008369 0.429119 0.008369 0.429119 0.125524 0.356322 0.125524
3 0.444445 0.041841 0.481801 0.041841 0.481801 0.097629 0.444445 0.097629
3 0.200191 0.001395 0.246168 0.001395 0.246168 0.046025 0.200191 0.046025
3 0.320881 0.002790 0.370689 0.002790 0.370689 0.039052 0.320881 0.039052
3 0.452107 0.156207 0.479885 0.156207 0.479885 0.210599 0.452107 0.210599
3 0.494253 0.217574 0.530651 0.217574 0.530651 0.267782 0.494253 0.267782
3 0.490421 0.260809 0.531609 0.260809 0.531609 0.305439 0.490421 0.305439
3 0.555556 0.297071 0.621648 0.297071 0.621648 0.428173 0.555556 0.428173
3 0.920498 0.605299 0.961686 0.605299 0.961686 0.655508 0.920498 0.655508
3 0.844828 0.651325 0.866858 0.651325 0.866858 0.691771 0.844828 0.691771
3 0.766284 0.543933 0.801725 0.543933 0.801725 0.595537 0.766284 0.595537
3 0.754789 0.601116 0.804597 0.601116 0.804597 0.648536 0.754789 0.648536
3 0.778736 0.835426 0.865900 0.835426 0.865900 0.933055 0.778736 0.933055
3 0.725096 0.907949 0.770114 0.907949 0.770114 0.956765 0.725096 0.956765
3 0.583333 0.884240 0.634099 0.884240 0.634099 0.956764 0.583333 0.956764
3 0.693486 0.370991 0.736590 0.370991 0.736590 0.440725 0.693486 0.440725
3 0.703064 0.334728 0.750957 0.334728 0.750957 0.373780 0.703064 0.373780
3 0.776820 0.461645 0.830460 0.461645 0.830460 0.546723 0.776820 0.546723
3 0.803640 0.552301 0.828544 0.552301 0.828544 0.612273 0.803640 0.612273
3 0.791188 0.605301 0.846744 0.605301 0.846744 0.747559 0.791188 0.747559
3 0.018200 0.536960 0.047892 0.536960 0.047892 0.591352 0.018200 0.591352
3 0.068966 0.616457 0.093870 0.616457 0.093870 0.673640 0.068966 0.673640
3 0.053639 0.525802 0.086206 0.525802 0.086206 0.577406 0.053639 0.577406
3 0.064176 0.797768 0.150384 0.797768 0.150384 0.900976 0.064176 0.900976
3 0.383142 0.619246 0.423372 0.619246 0.423372 0.652720 0.383142 0.652720
3 0.484674 0.896792 0.529693 0.896792 0.529693 0.963738 0.484674 0.963738
3 0.456896 0.398884 0.502873 0.398884 0.502873 0.451883 0.456896 0.451883
3 0.511494 0.436541 0.563218 0.436541 0.563218 0.478382 0.511494 0.478382
