1 0.044922 0.513672 0.089844 0.513672 0.089844 0.544922 0.044922 0.544922
1 0.097656 0.654297 0.160156 0.654297 0.160156 0.703125 0.097656 0.703125
1 0.210937 0.501953 0.242187 0.501953 0.242187 0.533203 0.210937 0.533203
1 0.482422 0.892578 0.521484 0.892578 0.521484 0.927734 0.482422 0.927734
1 0.220703 0.906250 0.257812 0.906250 0.257812 0.933594 0.220703 0.933594
1 0.080078 0.939453 0.119140 0.939453 0.119140 0.970703 0.080078 0.970703
1 0.472657 0.755860 0.511719 0.755860 0.511719 0.791016 0.472657 0.791016
1 0.830078 0.462890 0.865234 0.462890 0.865234 0.500000 0.830078 0.500000
1 0.724609 0.039062 0.751953 0.039062 0.751953 0.083984 0.724609 0.083984
1 0.759765 0.019532 0.802735 0.019532 0.802735 0.066407 0.759765 0.066407
1 0.736328 0.529296 0.769532 0.529296 0.769532 0.562500 0.736328 0.562500
1 0.603515 0.837890 0.660156 0.837890 0.660156 0.884765 0.603515 0.884765
3 0.625000 0.208984 0.765625 0.208984 0.765625 0.320312 0.625000 0.320312
3 0.904297 0.281250 0.949219 0.281250 0.949219 0.326172 0.904297 0.326172
3 0.183594 0.542969 0.248047 0.542969 0.248047 0.591797 0.183594 0.591797
3 0.941407 0.425781 0.988282 0.425781 0.988282 0.474609 0.941407 0.474609
3 0.591797 0.121093 0.726563 0.121093 0.726563 0.207031 0.591797 0.207031
3 0.296876 0.673828 0.392578 0.673828 0.392578 0.738282 0.296876 0.738282
3 0.279297 0.525390 0.408203 0.525390 0.408203 0.638671 0.279297 0.638671
3 0.583984 0.343750 0.798828 0.343750 0.798828 0.474610 0.583984 0.474610
3 0.554688 0.001953 0.677734 0.001953 0.677734 0.083985 0.554688 0.083985
3 0.480469 0.447265 0.587891 0.447265 0.587891 0.542968 0.480469 0.542968
3 0.470704 0.687500 0.580079 0.687500 0.580079 0.773438 0.470704 0.773438
3 0.789063 0.328125 0.890625 0.328125 0.890625 0.431641 0.789063 0.431641
3 0.375000 0.449219 0.468750 0.449219 0.468750 0.564453 0.375000 0.564453
3 0.234376 0.306640 0.330078 0.306640 0.330078 0.433593 0.234376 0.433593
3 0.000000 0.742188 0.056640 0.742188 0.056640 0.824218 0.000000 0.824218
3 0.394531 0.367188 0.457031 0.367188 0.457031 0.445312 0.394531 0.445312
3 0.431640 0.574219 0.521484 0.574219 0.521484 0.640625 0.431640 0.640625
3 0.646485 0.767578 0.697265 0.767578 0.697265 0.816406 0.646485 0.816406
3 0.556640 0.675781 0.646484 0.675781 0.646484 0.769531 0.556640 0.769531
3 0.251953 0.875000 0.369141 0.875000 0.369141 0.937500 0.251953 0.937500
3 0.345703 0.380859 0.392578 0.380859 0.392578 0.447265 0.345703 0.447265
3 0.796875 0.250000 0.873047 0.250000 0.873047 0.316406 0.796875 0.316406
3 0.726562 0.544922 0.816406 0.544922 0.816406 0.630860 0.726562 0.630860
3 0.603515 0.476562 0.740235 0.476562 0.740235 0.550782 0.603515 0.550782
