2 0.548693 0.733449 0.624703 0.733449 0.624703 0.794425 0.548693 0.794425
2 0.565320 0.923345 0.641330 0.923345 0.641330 0.986063 0.565320 0.986063
2 0.631829 0.773518 0.700713 0.773518 0.700713 0.824042 0.631829 0.824042
2 0.505939 0.874565 0.577198 0.874565 0.577198 0.928571 0.505939 0.928571
2 0.551069 0.832753 0.624703 0.832753 0.624703 0.885018 0.551069 0.885018
2 0.451306 0.743903 0.522566 0.743903 0.522566 0.792683 0.451306 0.792683
2 0.790973 0.344948 0.888361 0.344948 0.888361 0.402438 0.790973 0.402438
2 0.866984 0.374565 0.938242 0.374565 0.938242 0.433798 0.866984 0.433798
2 0.342043 0.331011 0.406176 0.331011 0.406176 0.378049 0.342043 0.378049
2 0.349168 0.510454 0.425178 0.510454 0.425178 0.567944 0.349168 0.567944
2 0.429928 0.496516 0.486936 0.496516 0.486936 0.547039 0.429928 0.547039
2 0.486936 0.526133 0.560570 0.526133 0.560570 0.595819 0.486936 0.595819
2 0.399050 0.569686 0.463182 0.569686 0.463182 0.628920 0.399050 0.628920
2 0.498812 0.608015 0.577197 0.608015 0.577197 0.663764 0.498812 0.663764
2 0.515440 0.452962 0.589074 0.452962 0.589074 0.510452 0.515440 0.510452
2 0.323041 0.451219 0.394299 0.451219 0.394299 0.506969 0.323041 0.506969
2 0.377673 0.385018 0.441806 0.385018 0.441806 0.433798 0.377673 0.433798
2 0.270784 0.303137 0.330166 0.303137 0.330166 0.360627 0.270784 0.360627
2 0.185273 0.196863 0.258907 0.196863 0.258907 0.247386 0.185273 0.247386
2 0.161520 0.141115 0.228028 0.141115 0.228028 0.184669 0.161520 0.184669
2 0.133016 0.092334 0.194774 0.092334 0.194774 0.134146 0.133016 0.134146
2 0.152019 0.038327 0.220903 0.038327 0.220903 0.109757 0.152019 0.109757
2 0.116390 0.003484 0.182898 0.003484 0.182898 0.066202 0.116390 0.066202
2 0.235154 0.240418 0.296912 0.240418 0.296912 0.287456 0.235154 0.287456
2 0.705463 0.799651 0.767221 0.799651 0.767221 0.855401 0.705463 0.855401
2 0.565321 0.512195 0.629453 0.512195 0.629453 0.573171 0.565321 0.573171
2 0.904989 0.404181 0.983374 0.404181 0.983374 0.482579 0.904989 0.482579
2 0.760095 0.290941 0.831353 0.290941 0.831353 0.357143 0.760095 0.357143
0 0.023753 0.017421 0.102137 0.017421 0.102137 0.074912 0.023753 0.074912
0 0.016627 0.071429 0.097387 0.071429 0.097387 0.127177 0.016627 0.127177
0 0.061757 0.137631 0.159144 0.137631 0.159144 0.202091 0.061757 0.202091
0 0.099762 0.202090 0.168646 0.202090 0.168646 0.273519 0.099762 0.273519
0 0.802850 0.792683 0.850356 0.792683 0.850356 0.855401 0.802850 0.855401
0 0.857483 0.820557 0.893111 0.820557 0.893111 0.871081 0.857483 0.871081
0 0.914489 0.797909 0.969121 0.797909 0.969121 0.853658 0.914489 0.853658
0 0.900237 0.724738 0.950118 0.724738 0.950118 0.763066 0.900237 0.763066
0 0.691212 0.012195 0.757720 0.012195 0.757720 0.074913 0.691212 0.074913
0 0.641331 0.050523 0.793349 0.050523 0.793349 0.162021 0.641331 0.162021
0 0.520190 0.369337 0.579572 0.369337 0.579572 0.423345 0.520190 0.423345
0 0.764846 0.437282 0.855106 0.437282 0.855106 0.519164 0.764846 0.519164
0 0.676960 0.682926 0.736342 0.682926 0.736342 0.735191 0.676960 0.735191
1 0.722090 0.595819 0.769596 0.595819 0.769596 0.641115 0.722090 0.641115
1 0.764845 0.627177 0.802851 0.627177 0.802851 0.663763 0.764845 0.663763
1 0.793349 0.667248 0.845606 0.667248 0.845606 0.716028 0.793349 0.716028
1 0.809976 0.158537 0.859858 0.158537 0.859858 0.202091 0.809976 0.202091
1 0.581948 0.228222 0.636580 0.228222 0.636580 0.280488 0.581948 0.280488
1 0.743467 0.163763 0.807600 0.163763 0.807600 0.216028 0.743467 0.216028
1 0.448931 0.038327 0.515439 0.038327 0.515439 0.095819 0.448931 0.095819
1 0.301663 0.048780 0.365795 0.048780 0.365795 0.090592 0.301663 0.090592
1 0.441805 0.369338 0.489311 0.369338 0.489311 0.409408 0.441805 0.409408
1 0.220903 0.430314 0.254157 0.430314 0.254157 0.465156 0.220903 0.465156
