0 0.749279 0.903133 0.801153 0.903133 0.801153 0.985754 0.749279 0.985754
0 0.902017 0.270655 0.942363 0.270655 0.942363 0.384615 0.902017 0.384615
0 0.948127 0.242165 0.991355 0.242165 0.991355 0.327635 0.948127 0.327635
0 0.975504 0.082621 0.998560 0.082621 0.998560 0.168091 0.975504 0.168091
1 0.050432 0.056980 0.080691 0.056980 0.080691 0.111112 0.050432 0.111112
1 0.061960 0.005698 0.085014 0.005698 0.085014 0.051282 0.061960 0.051282
1 0.099423 0.005699 0.126801 0.005699 0.126801 0.071225 0.099423 0.071225
1 0.070604 0.119658 0.096542 0.119658 0.096542 0.182336 0.070604 0.182336
1 0.023055 0.074074 0.047551 0.074074 0.047551 0.142450 0.023055 0.142450
1 0.043228 0.170940 0.072046 0.170940 0.072046 0.230770 0.043228 0.230770
1 0.070606 0.207977 0.090778 0.207977 0.090778 0.259259 0.070606 0.259259
1 0.044668 0.239317 0.070606 0.239317 0.070606 0.287749 0.044668 0.287749
1 0.007205 0.330484 0.028819 0.330484 0.028819 0.387464 0.007205 0.387464
1 0.054755 0.330485 0.080691 0.330485 0.080691 0.373219 0.054755 0.373219
1 0.040346 0.367521 0.069164 0.367521 0.069164 0.424501 0.040346 0.424501
1 0.038905 0.430199 0.069165 0.430199 0.069165 0.484330 0.038905 0.484330
1 0.085014 0.316240 0.110952 0.316240 0.110952 0.358974 0.085014 0.358974
1 0.074928 0.361824 0.105188 0.361824 0.105188 0.410256 0.074928 0.410256
1 0.106628 0.347579 0.134006 0.347579 0.134006 0.390313 0.106628 0.390313
1 0.087896 0.245014 0.112392 0.245014 0.112392 0.293447 0.087896 0.293447
1 0.134006 0.290598 0.162824 0.290598 0.162824 0.350428 0.134006 0.350428
1 0.106629 0.185185 0.129684 0.185185 0.129684 0.242165 0.106629 0.242165
1 0.119596 0.136752 0.145533 0.136752 0.145533 0.182336 0.119596 0.182336
1 0.116715 0.088319 0.141211 0.088319 0.141211 0.133903 0.116715 0.133903
1 0.142651 0.088319 0.167147 0.088319 0.167147 0.133903 0.142651 0.133903
1 0.142651 0.031339 0.164265 0.031339 0.164265 0.065527 0.142651 0.065527
1 0.162825 0.019944 0.193083 0.019944 0.193083 0.074075 0.162825 0.074075
1 0.113833 0.245014 0.136887 0.245014 0.136887 0.307692 0.113833 0.307692
1 0.175792 0.287749 0.197406 0.287749 0.197406 0.330484 0.175792 0.330484
1 0.201729 0.273505 0.226225 0.273505 0.226225 0.321937 0.201729 0.321937
1 0.229107 0.256410 0.250721 0.256410 0.250721 0.301994 0.229107 0.301994
1 0.275216 0.153846 0.291066 0.153846 0.291066 0.225071 0.275216 0.225071
1 0.285303 0.074074 0.311240 0.074074 0.311240 0.131054 0.285303 0.131054
1 0.197407 0.065527 0.230547 0.065527 0.230547 0.133903 0.197407 0.133903
1 0.246398 0.005698 0.270894 0.005698 0.270894 0.039886 0.246398 0.039886
1 0.306916 0.131054 0.329972 0.131054 0.329972 0.193732 0.306916 0.193732
1 0.305475 0.199430 0.335734 0.199430 0.335734 0.250712 0.305475 0.250712
1 0.318444 0.028490 0.347262 0.028490 0.347262 0.085470 0.318444 0.085470
1 0.337176 0.082621 0.370316 0.082621 0.370316 0.145299 0.337176 0.145299
1 0.389049 0.105413 0.419309 0.105413 0.419309 0.150997 0.389049 0.150997
1 0.367435 0.054131 0.394813 0.054131 0.394813 0.096866 0.367435 0.096866
1 0.391931 0.150997 0.417868 0.150997 0.417868 0.196581 0.391931 0.196581
1 0.381844 0.196581 0.402017 0.196581 0.402017 0.227920 0.381844 0.227920
1 0.351585 0.213675 0.384726 0.213675 0.384726 0.264957 0.351585 0.264957
1 0.318443 0.250712 0.351584 0.250712 0.351584 0.296296 0.318443 0.296296
1 0.279539 0.253561 0.306917 0.253561 0.306917 0.313391 0.279539 0.313391
1 0.247838 0.293447 0.275216 0.293447 0.275216 0.339031 0.247838 0.339031
1 0.236312 0.344729 0.266571 0.344729 0.266571 0.398861 0.236312 0.398861
1 0.272334 0.344729 0.298271 0.344729 0.298271 0.398861 0.272334 0.398861
1 0.301153 0.327636 0.325649 0.327636 0.325649 0.364673 0.301153 0.364673
1 0.338617 0.313391 0.370317 0.313391 0.370317 0.373220 0.338617 0.373220
1 0.368876 0.339031 0.389049 0.339031 0.389049 0.390313 0.368876 0.390313
1 0.381845 0.276353 0.399135 0.276353 0.399135 0.310541 0.381845 0.310541
1 0.410662 0.259259 0.436599 0.259259 0.436599 0.319088 0.410662 0.319088
1 0.417867 0.327635 0.445245 0.327635 0.445245 0.387464 0.417867 0.387464
1 0.195966 0.341880 0.219021 0.341880 0.219021 0.396012 0.195966 0.396012
1 0.174351 0.387464 0.201729 0.387464 0.201729 0.441596 0.174351 0.441596
1 0.145533 0.430200 0.172911 0.430200 0.172911 0.478632 0.145533 0.478632
1 0.115274 0.410256 0.139770 0.410256 0.139770 0.455840 0.115274 0.455840
1 0.142651 0.376069 0.164265 0.376069 0.164265 0.413106 0.142651 0.413106
1 0.028819 0.498576 0.051874 0.498576 0.051874 0.547009 0.028819 0.547009
1 0.010087 0.552706 0.033142 0.552706 0.033142 0.606837 0.010087 0.606837
1 0.040346 0.552706 0.069164 0.552706 0.069164 0.618234 0.040346 0.618234
1 0.061960 0.495727 0.090778 0.495727 0.090778 0.569801 0.061960 0.569801
1 0.086456 0.578348 0.109510 0.578348 0.109510 0.623932 0.086456 0.623932
1 0.099424 0.538462 0.128242 0.538462 0.128242 0.584046 0.099424 0.584046
1 0.131124 0.547009 0.155620 0.547009 0.155620 0.598291 0.131124 0.598291
1 0.142652 0.507123 0.171470 0.507123 0.171470 0.566951 0.142652 0.566951
1 0.170029 0.475784 0.198847 0.475784 0.198847 0.527066 0.170029 0.527066
1 0.206052 0.467236 0.236311 0.467236 0.236311 0.518518 0.206052 0.518518
1 0.178674 0.504274 0.213256 0.504274 0.213256 0.578348 0.178674 0.578348
1 0.247839 0.458689 0.273776 0.458689 0.273776 0.518518 0.247839 0.518518
1 0.260806 0.407407 0.280979 0.407407 0.280979 0.438746 0.260806 0.438746
1 0.295389 0.384615 0.319885 0.384615 0.319885 0.424501 0.295389 0.424501
1 0.229106 0.529915 0.256484 0.529915 0.256484 0.578348 0.229106 0.578348
1 0.273775 0.532764 0.302593 0.532764 0.302593 0.581197 0.273775 0.581197
1 0.285302 0.467236 0.309798 0.467236 0.309798 0.524216 0.285302 0.524216
1 0.334294 0.378917 0.373198 0.378917 0.373198 0.435897 0.334294 0.435897
1 0.004323 0.635328 0.031701 0.635328 0.031701 0.686610 0.004323 0.686610
1 0.027378 0.603989 0.043228 0.603989 0.043228 0.638177 0.027378 0.638177
1 0.030259 0.712251 0.053315 0.712251 0.053315 0.749287 0.030259 0.749287
1 0.038905 0.652421 0.067723 0.652421 0.067723 0.700854 0.038905 0.700854
1 0.083573 0.646724 0.109511 0.646724 0.109511 0.686610 0.083573 0.686610
1 0.012968 0.752137 0.031700 0.752137 0.031700 0.809117 0.012968 0.809117
1 0.008646 0.874644 0.027378 0.874644 0.027378 0.905983 0.008646 0.905983
1 0.021614 0.843305 0.038905 0.843305 0.038905 0.880341 0.021614 0.880341
1 0.037463 0.874644 0.060519 0.874644 0.060519 0.925926 0.037463 0.925926
1 0.185879 0.578348 0.210375 0.578348 0.210375 0.635328 0.185879 0.635328
1 0.213256 0.575499 0.240634 0.575499 0.240634 0.635327 0.213256 0.635327
1 0.151297 0.584045 0.178675 0.584045 0.178675 0.643874 0.151297 0.643874
1 0.178675 0.643875 0.201730 0.643875 0.201730 0.698005 0.178675 0.698005
1 0.158501 0.689459 0.185879 0.689459 0.185879 0.746439 0.158501 0.746439
1 0.244956 0.592593 0.275216 0.592593 0.275216 0.643875 0.244956 0.643875
1 0.268011 0.572650 0.289625 0.572650 0.289625 0.615385 0.268011 0.615385
1 0.213257 0.732194 0.239194 0.732194 0.239194 0.786324 0.213257 0.786324
1 0.237752 0.760684 0.265130 0.760684 0.265130 0.814814 0.237752 0.814814
1 0.270893 0.700855 0.298271 0.700855 0.298271 0.760683 0.270893 0.760683
1 0.291067 0.649573 0.321326 0.649573 0.321326 0.706553 0.291067 0.706553
1 0.305475 0.504274 0.335734 0.504274 0.335734 0.552706 0.305475 0.552706
1 0.315562 0.450143 0.342940 0.450143 0.342940 0.515670 0.315562 0.515670
1 0.327090 0.595442 0.360231 0.595442 0.360231 0.655270 0.327090 0.655270
1 0.348703 0.498576 0.374640 0.498576 0.374640 0.547009 0.348703 0.547009
1 0.360230 0.450142 0.387608 0.450142 0.387608 0.495726 0.360230 0.495726
1 0.270894 0.772080 0.301153 0.772080 0.301153 0.820512 0.270894 0.820512
1 0.305475 0.737891 0.329971 0.737891 0.329971 0.803419 0.305475 0.803419
1 0.289625 0.829060 0.317003 0.829060 0.317003 0.863248 0.289625 0.863248
1 0.344381 0.643874 0.373199 0.643874 0.373199 0.715099 0.344381 0.715099
1 0.367435 0.706553 0.390491 0.706553 0.390491 0.752137 0.367435 0.752137
1 0.350144 0.754985 0.390490 0.754985 0.390490 0.826211 0.350144 0.826211
1 0.344380 0.831909 0.374640 0.831909 0.374640 0.905983 0.344380 0.905983
1 0.315562 0.863248 0.345822 0.863248 0.345822 0.920228 0.315562 0.920228
1 0.144092 0.780627 0.162824 0.780627 0.162824 0.811966 0.144092 0.811966
1 0.370317 0.584046 0.397695 0.584046 0.397695 0.641026 0.370317 0.641026
1 0.406340 0.643875 0.435158 0.643875 0.435158 0.689459 0.406340 0.689459
1 0.426513 0.549857 0.455331 0.549857 0.455331 0.603988 0.426513 0.603988
1 0.380404 0.487179 0.413544 0.487179 0.413544 0.541310 0.380404 0.541310
1 0.419308 0.706553 0.449568 0.706553 0.449568 0.752137 0.419308 0.752137
1 0.439481 0.615385 0.471181 0.615385 0.471181 0.678063 0.439481 0.678063
1 0.463977 0.655270 0.497118 0.655270 0.497118 0.703703 0.463977 0.703703
1 0.485591 0.572650 0.515850 0.572650 0.515850 0.635328 0.485591 0.635328
1 0.502882 0.512821 0.531700 0.512821 0.531700 0.566951 0.502882 0.566951
1 0.455332 0.524217 0.488472 0.524217 0.488472 0.575499 0.455332 0.575499
1 0.502882 0.435897 0.527378 0.435897 0.527378 0.498575 0.502882 0.498575
1 0.459654 0.393162 0.491354 0.393162 0.491354 0.450142 0.459654 0.450142
1 0.381845 0.660969 0.413545 0.660969 0.413545 0.723647 0.381845 0.723647
1 0.106628 0.923077 0.135446 0.923077 0.135446 0.977208 0.106628 0.977208
1 0.314121 0.928775 0.335735 0.928775 0.335735 0.971510 0.314121 0.971510
1 0.363112 0.925926 0.390490 0.925926 0.390490 0.988604 0.363112 0.988604
1 0.344380 0.962963 0.365994 0.962963 0.365994 1.000000 0.344380 1.000000
1 0.341498 0.925925 0.363112 0.925925 0.363112 0.962962 0.341498 0.962962
1 0.384727 0.883191 0.410664 0.883191 0.410664 0.940171 0.384727 0.940171
1 0.404898 0.851851 0.430835 0.851851 0.430835 0.900284 0.404898 0.900284
1 0.396253 0.789174 0.420749 0.789174 0.420749 0.851852 0.396253 0.851852
1 0.427953 0.809117 0.453890 0.809117 0.453890 0.863247 0.427953 0.863247
1 0.439481 0.854701 0.468299 0.854701 0.468299 0.920227 0.439481 0.920227
1 0.455332 0.928775 0.478387 0.928775 0.478387 0.974359 0.455332 0.974359
1 0.416427 0.757835 0.448127 0.757835 0.448127 0.809117 0.416427 0.809117
1 0.456773 0.811966 0.474063 0.811966 0.474063 0.854700 0.456773 0.854700
1 0.478386 0.880341 0.505764 0.880341 0.505764 0.934472 0.478386 0.934472
1 0.505764 0.846154 0.534582 0.846154 0.534582 0.905982 0.505764 0.905982
1 0.536023 0.851852 0.554755 0.851852 0.554755 0.891738 0.536023 0.891738
1 0.505763 0.786325 0.538905 0.786325 0.538905 0.837607 0.505763 0.837607
1 0.484150 0.729345 0.510086 0.729345 0.510086 0.789173 0.484150 0.789173
1 0.514409 0.729345 0.541787 0.729345 0.541787 0.780627 0.514409 0.780627
1 0.600864 0.729345 0.626802 0.729345 0.626802 0.783475 0.600864 0.783475
1 0.541787 0.772080 0.569165 0.772080 0.569165 0.820512 0.541787 0.820512
1 0.505764 0.632479 0.527378 0.632479 0.527378 0.683761 0.505764 0.683761
1 0.497119 0.683760 0.517292 0.683760 0.517292 0.709402 0.497119 0.709402
1 0.518731 0.572650 0.544668 0.572650 0.544668 0.618234 0.518731 0.618234
1 0.547550 0.524217 0.577809 0.524217 0.577809 0.578348 0.547550 0.578348
1 0.528819 0.475783 0.557637 0.475783 0.557637 0.535612 0.528819 0.535612
1 0.538905 0.404558 0.570605 0.404558 0.570605 0.461538 0.538905 0.461538
1 0.567724 0.492878 0.585014 0.492878 0.585014 0.541311 0.567724 0.541311
1 0.590778 0.484330 0.618156 0.484330 0.618156 0.532763 0.590778 0.532763
1 0.553314 0.598291 0.580692 0.598291 0.580692 0.655271 0.553314 0.655271
1 0.540346 0.646724 0.559078 0.646724 0.559078 0.689458 0.540346 0.689458
1 0.586455 0.541311 0.612393 0.541311 0.612393 0.589743 0.586455 0.589743
1 0.538906 0.700855 0.569165 0.700855 0.569165 0.743590 0.538906 0.743590
1 0.572046 0.735043 0.593660 0.735043 0.593660 0.783475 0.572046 0.783475
1 0.605187 0.669516 0.629683 0.669516 0.629683 0.706553 0.605187 0.706553
1 0.606628 0.609687 0.641210 0.609687 0.641210 0.660969 0.606628 0.660969
1 0.623919 0.544160 0.648415 0.544160 0.648415 0.603988 0.623919 0.603988
1 0.645533 0.626781 0.674351 0.626781 0.674351 0.680912 0.645533 0.680912
1 0.652738 0.695157 0.681556 0.695157 0.681556 0.743590 0.652738 0.743590
1 0.681556 0.675214 0.710374 0.675214 0.710374 0.723646 0.681556 0.723646
1 0.645533 0.903134 0.670029 0.903134 0.670029 0.960114 0.645533 0.960114
1 0.706052 0.783475 0.733430 0.783475 0.733430 0.849003 0.706052 0.849003
1 0.713256 0.723647 0.739194 0.723647 0.739194 0.783475 0.713256 0.783475
1 0.727665 0.698006 0.750721 0.698006 0.750721 0.735043 0.727665 0.735043
1 0.757925 0.683761 0.783862 0.683761 0.783862 0.723647 0.757925 0.723647
1 0.789626 0.678063 0.818444 0.678063 0.818444 0.732193 0.789626 0.732193
1 0.688761 0.954416 0.713257 0.954416 0.713257 0.994302 0.688761 0.994302
1 0.583573 0.407407 0.613833 0.407407 0.613833 0.461539 0.583573 0.461539
1 0.646974 0.487180 0.674352 0.487180 0.674352 0.547009 0.646974 0.547009
1 0.655620 0.558404 0.684438 0.558404 0.684438 0.623932 0.655620 0.623932
1 0.682998 0.552707 0.703171 0.552707 0.703171 0.598291 0.682998 0.598291
1 0.685879 0.490029 0.716139 0.490029 0.716139 0.544160 0.685879 0.544160
1 0.690202 0.427350 0.726224 0.427350 0.726224 0.481482 0.690202 0.481482
1 0.731988 0.421652 0.762247 0.421652 0.762247 0.458689 0.731988 0.458689
1 0.731988 0.484330 0.757926 0.484330 0.757926 0.538461 0.731988 0.538461
1 0.759366 0.455841 0.778098 0.455841 0.778098 0.498576 0.759366 0.498576
1 0.775217 0.424502 0.811240 0.424502 0.811240 0.472934 0.775217 0.472934
1 0.808358 0.373219 0.837176 0.373219 0.837176 0.430199 0.808358 0.430199
1 0.786743 0.472934 0.812681 0.472934 0.812681 0.527065 0.786743 0.527065
1 0.768011 0.527066 0.801153 0.527066 0.801153 0.595442 0.768011 0.595442
1 0.801153 0.541311 0.822767 0.541311 0.822767 0.598291 0.801153 0.598291
1 0.783861 0.598291 0.814121 0.598291 0.814121 0.655271 0.783861 0.655271
1 0.858789 0.535613 0.881845 0.535613 0.881845 0.584045 0.858789 0.584045
1 0.877521 0.515670 0.902017 0.515670 0.902017 0.558404 0.877521 0.558404
1 0.851584 0.467236 0.877522 0.467236 0.877522 0.524216 0.851584 0.524216
1 0.881845 0.461539 0.904900 0.461539 0.904900 0.509972 0.881845 0.509972
1 0.855908 0.418803 0.897695 0.418803 0.897695 0.470085 0.855908 0.470085
1 0.906339 0.418803 0.929395 0.418803 0.929395 0.472935 0.906339 0.472935
1 0.841498 0.370370 0.863112 0.370370 0.863112 0.415954 0.841498 0.415954
1 0.806916 0.846154 0.832854 0.846154 0.832854 0.903134 0.806916 0.903134
1 0.825648 0.820513 0.851585 0.820513 0.851585 0.874644 0.825648 0.874644
1 0.842940 0.780627 0.871758 0.780627 0.871758 0.843305 0.842940 0.843305
1 0.868876 0.763533 0.893372 0.763533 0.893372 0.814815 0.868876 0.814815
1 0.878962 0.695157 0.900576 0.695157 0.900576 0.746439 0.878962 0.746439
1 0.891930 0.572650 0.917868 0.572650 0.917868 0.635328 0.891930 0.635328
1 0.935159 0.515670 0.961096 0.515670 0.961096 0.575498 0.935159 0.575498
1 0.925071 0.592593 0.951009 0.592593 0.951009 0.646724 0.925071 0.646724
1 0.952449 0.586895 0.974063 0.586895 0.974063 0.643875 0.952449 0.643875
1 0.962536 0.535613 0.994236 0.535613 0.994236 0.589743 0.962536 0.589743
1 0.936599 0.655271 0.962537 0.655271 0.962537 0.706553 0.936599 0.706553
1 0.969740 0.638177 0.997118 0.638177 0.997118 0.680912 0.969740 0.680912
1 0.929395 0.401709 0.952450 0.401709 0.952450 0.444444 0.929395 0.444444
1 0.873198 0.324787 0.896254 0.324787 0.896254 0.367522 0.873198 0.367522
1 0.976945 0.401709 0.998559 0.401709 0.998559 0.455841 0.976945 0.455841
1 0.958214 0.361824 0.978387 0.361824 0.978387 0.404558 0.958214 0.404558
1 0.729107 0.370370 0.760807 0.370370 0.760807 0.407407 0.729107 0.407407
1 0.752162 0.319088 0.780980 0.319088 0.780980 0.364672 0.752162 0.364672
1 0.763689 0.253561 0.788185 0.253561 0.788185 0.310541 0.763689 0.310541
1 0.812680 0.170940 0.840058 0.170940 0.840058 0.236467 0.812680 0.236467
1 0.910663 0.108262 0.930836 0.108262 0.930836 0.148148 0.910663 0.148148
1 0.889049 0.128206 0.917867 0.128206 0.917867 0.170941 0.889049 0.170941
1 0.874639 0.150997 0.900577 0.150997 0.900577 0.196581 0.874639 0.196581
1 0.873199 0.079772 0.900577 0.079772 0.900577 0.131054 0.873199 0.131054
1 0.845821 0.145299 0.867435 0.145299 0.867435 0.196581 0.845821 0.196581
1 0.668588 0.350428 0.691643 0.350428 0.691643 0.393162 0.668588 0.393162
1 0.706052 0.284900 0.734870 0.284900 0.734870 0.336182 0.706052 0.336182
1 0.731989 0.259259 0.760807 0.259259 0.760807 0.310541 0.731989 0.310541
1 0.716138 0.205128 0.747838 0.205128 0.747838 0.253561 0.716138 0.253561
1 0.756484 0.179487 0.780980 0.179487 0.780980 0.227920 0.756484 0.227920
1 0.772335 0.136752 0.802594 0.136752 0.802594 0.193732 0.772335 0.193732
1 0.606628 0.376068 0.639769 0.376068 0.639769 0.415954 0.606628 0.415954
1 0.674351 0.185185 0.701729 0.185185 0.701729 0.230769 0.674351 0.230769
1 0.652738 0.245014 0.681556 0.245014 0.681556 0.290598 0.652738 0.290598
1 0.796830 0.099716 0.829972 0.099716 0.829972 0.153846 0.796830 0.153846
1 0.844380 0.034188 0.868876 0.034188 0.868876 0.079772 0.844380 0.079772
1 0.806917 0.017094 0.842939 0.017094 0.842939 0.062678 0.806917 0.062678
1 0.757925 0.054131 0.786743 0.054131 0.786743 0.094017 0.757925 0.094017
1 0.698847 0.088320 0.729106 0.088320 0.729106 0.131055 0.698847 0.131055
1 0.619596 0.205129 0.645534 0.205129 0.645534 0.259260 0.619596 0.259260
1 0.645533 0.139601 0.670029 0.139601 0.670029 0.188034 0.645533 0.188034
1 0.668589 0.082621 0.698848 0.082621 0.698848 0.145299 0.668589 0.145299
1 0.606628 0.102564 0.635446 0.102564 0.635446 0.159544 0.606628 0.159544
1 0.636887 0.076923 0.662825 0.076923 0.662825 0.122507 0.636887 0.122507
1 0.596542 0.290598 0.623920 0.290598 0.623920 0.347578 0.596542 0.347578
1 0.597982 0.170940 0.625360 0.170940 0.625360 0.213676 0.597982 0.213676
1 0.587896 0.225071 0.610951 0.225071 0.610951 0.267807 0.587896 0.267807
1 0.502882 0.350427 0.530260 0.350427 0.530260 0.401709 0.502882 0.401709
1 0.567723 0.321937 0.597982 0.321937 0.597982 0.378917 0.567723 0.378917
1 0.548991 0.270655 0.582133 0.270655 0.582133 0.327635 0.548991 0.327635
1 0.559078 0.216524 0.589337 0.216524 0.589337 0.259259 0.559078 0.259259
1 0.528818 0.233618 0.556196 0.233618 0.556196 0.282051 0.528818 0.282051
1 0.540346 0.153846 0.561960 0.153846 0.561960 0.210826 0.540346 0.210826
1 0.563400 0.116810 0.589338 0.116810 0.589338 0.165243 0.563400 0.165243
1 0.445245 0.319088 0.474063 0.319088 0.474063 0.370370 0.445245 0.370370
1 0.487032 0.256410 0.523054 0.256410 0.523054 0.319088 0.487032 0.319088
1 0.471182 0.193732 0.500000 0.193732 0.500000 0.239316 0.471182 0.239316
1 0.446686 0.131054 0.471182 0.131054 0.471182 0.193732 0.446686 0.193732
1 0.471182 0.145299 0.502882 0.145299 0.502882 0.188035 0.471182 0.188035
1 0.446686 0.270655 0.472623 0.270655 0.472623 0.321937 0.446686 0.321937
1 0.518732 0.088319 0.537464 0.088319 0.537464 0.122507 0.518732 0.122507
1 0.461095 0.079772 0.492795 0.079772 0.492795 0.113960 0.461095 0.113960
1 0.494236 0.074074 0.517292 0.074074 0.517292 0.125356 0.494236 0.125356
1 0.504323 0.031339 0.538905 0.031339 0.538905 0.071225 0.504323 0.071225
1 0.520173 0.002849 0.550432 0.002849 0.550432 0.048433 0.520173 0.048433
1 0.726225 0.051282 0.750721 0.051282 0.750721 0.096866 0.726225 0.096866
1 0.416427 0.037037 0.453891 0.037037 0.453891 0.105413 0.416427 0.105413
1 0.348703 0.005698 0.377521 0.005698 0.377521 0.042735 0.348703 0.042735
1 0.671470 0.056980 0.693084 0.056980 0.693084 0.096866 0.671470 0.096866
1 0.677234 0.005698 0.706052 0.005698 0.706052 0.051282 0.677234 0.051282
1 0.279539 0.008548 0.311239 0.008548 0.311239 0.068377 0.279539 0.068377
1 0.302593 0.598291 0.329971 0.598291 0.329971 0.652421 0.302593 0.652421
1 0.340057 0.535613 0.364553 0.535613 0.364553 0.584045 0.340057 0.584045
1 0.380404 0.538462 0.409222 0.538462 0.409222 0.578348 0.380404 0.578348
1 0.442362 0.464388 0.465418 0.464388 0.465418 0.524216 0.442362 0.524216
1 0.458213 0.447293 0.489913 0.447293 0.489913 0.504273 0.458213 0.504273
1 0.250721 0.219373 0.268011 0.219373 0.268011 0.264957 0.250721 0.264957
1 0.756484 0.737892 0.785302 0.737892 0.785302 0.777778 0.756484 0.777778
1 0.638328 0.353276 0.659942 0.353276 0.659942 0.396011 0.638328 0.396011
1 0.517291 0.310541 0.541787 0.310541 0.541787 0.356125 0.517291 0.356125
1 0.570605 0.387464 0.593661 0.387464 0.593661 0.418803 0.570605 0.418803
1 0.755044 0.019943 0.791067 0.019943 0.791067 0.054131 0.755044 0.054131
1 0.018732 0.002849 0.047550 0.002849 0.047550 0.059829 0.018732 0.059829
