0 0.063781 0.044484 0.099089 0.044484 0.099089 0.101424 0.063781 0.101424
0 0.027335 0.078291 0.048975 0.078291 0.048975 0.119217 0.027335 0.119217
0 0.028473 0.122776 0.060365 0.122776 0.060365 0.179716 0.028473 0.179716
0 0.067198 0.108541 0.102506 0.108541 0.102506 0.156584 0.067198 0.156584
0 0.070614 0.151245 0.100227 0.151245 0.100227 0.208185 0.070614 0.208185
0 0.083143 0.225978 0.112756 0.225978 0.112756 0.272242 0.083143 0.272242
0 0.100228 0.133452 0.130980 0.133452 0.130980 0.193950 0.100228 0.193950
0 0.128701 0.309609 0.161731 0.309609 0.161731 0.370107 0.128701 0.370107
0 0.143508 0.129893 0.179954 0.129893 0.179954 0.170818 0.143508 0.170818
0 0.070615 0.341637 0.101367 0.341637 0.101367 0.391459 0.070615 0.391459
0 0.056947 0.549822 0.087699 0.549822 0.087699 0.594306 0.056947 0.594306
0 0.058086 0.597865 0.087699 0.597865 0.087699 0.645908 0.058086 0.645908
0 0.091116 0.604982 0.124146 0.604982 0.124146 0.651245 0.091116 0.651245
0 0.121868 0.526691 0.169704 0.526691 0.169704 0.587189 0.121868 0.587189
0 0.144647 0.416371 0.177677 0.416371 0.177677 0.475089 0.144647 0.475089
0 0.087699 0.727758 0.115034 0.727758 0.115034 0.779359 0.087699 0.779359
0 0.117312 0.704626 0.145786 0.704626 0.145786 0.765124 0.117312 0.765124
0 0.124145 0.772242 0.158314 0.772242 0.158314 0.834520 0.124145 0.834520
0 0.133257 0.685053 0.168565 0.685053 0.168565 0.736654 0.133257 0.736654
0 0.086560 0.658363 0.118452 0.658363 0.118452 0.713523 0.086560 0.713523
0 0.116173 0.653025 0.148064 0.653025 0.148064 0.702847 0.116173 0.702847
0 0.176538 0.797153 0.215262 0.797153 0.215262 0.848754 0.176538 0.848754
0 0.185649 0.928826 0.222095 0.928826 0.222095 0.989324 0.185649 0.989324
0 0.037586 0.937723 0.067198 0.937723 0.067198 0.985766 0.037586 0.985766
0 0.228930 0.016015 0.265376 0.016015 0.265376 0.056940 0.228930 0.056940
0 0.238041 0.249110 0.290433 0.249110 0.290433 0.311388 0.238041 0.311388
0 0.170843 0.234875 0.206151 0.234875 0.206151 0.282918 0.170843 0.282918
0 0.185649 0.297153 0.224373 0.297153 0.224373 0.355872 0.185649 0.355872
0 0.268792 0.336299 0.306377 0.336299 0.306377 0.402135 0.268792 0.402135
0 0.258543 0.062277 0.320045 0.062277 0.320045 0.113879 0.258543 0.113879
0 0.279043 0.220641 0.309795 0.220641 0.309795 0.265125 0.279043 0.265125
0 0.305239 0.259786 0.350797 0.259786 0.350797 0.323844 0.305239 0.323844
0 0.323462 0.314946 0.371298 0.314946 0.371298 0.387900 0.323462 0.387900
0 0.203873 0.476869 0.246013 0.476869 0.246013 0.548043 0.203873 0.548043
0 0.216400 0.560497 0.248291 0.560497 0.248291 0.597864 0.216400 0.597864
0 0.215263 0.594306 0.252848 0.594306 0.252848 0.649466 0.215263 0.649466
0 0.225512 0.665481 0.258542 0.665481 0.258542 0.717082 0.225512 0.717082
0 0.240318 0.816726 0.269931 0.816726 0.269931 0.884342 0.240318 0.884342
0 0.258542 0.866548 0.293850 0.866548 0.293850 0.935944 0.258542 0.935944
0 0.273348 0.717082 0.306378 0.717082 0.306378 0.782918 0.273348 0.782918
0 0.307517 0.809608 0.338269 0.809608 0.338269 0.879004 0.307517 0.879004
0 0.350797 0.811388 0.383827 0.811388 0.383827 0.868328 0.350797 0.868328
0 0.366742 0.911033 0.395216 0.911033 0.395216 0.962634 0.366742 0.962634
0 0.318906 0.896798 0.367881 0.896798 0.367881 0.971530 0.318906 0.971530
0 0.394077 0.770463 0.422551 0.770463 0.422551 0.820285 0.394077 0.820285
0 0.419135 0.800712 0.455581 0.800712 0.455581 0.866548 0.419135 0.866548
0 0.452163 0.781138 0.486333 0.781138 0.486333 0.850534 0.452163 0.850534
0 0.379271 0.669039 0.420273 0.669039 0.420273 0.718861 0.379271 0.718861
0 0.420273 0.704627 0.453303 0.704627 0.453303 0.758007 0.420273 0.758007
0 0.433941 0.658363 0.479499 0.658363 0.479499 0.709964 0.433941 0.709964
0 0.485193 0.905694 0.519362 0.905694 0.519362 0.941281 0.485193 0.941281
0 0.604784 0.921708 0.644647 0.921708 0.644647 0.998220 0.604784 0.998220
0 0.530752 0.891459 0.556948 0.891459 0.556948 0.946619 0.530752 0.946619
0 0.814351 0.784697 0.849659 0.784697 0.849659 0.846975 0.814351 0.846975
0 0.862187 0.889679 0.890661 0.889679 0.890661 0.941280 0.862187 0.941280
0 0.894077 0.914591 0.933940 0.914591 0.933940 0.975089 0.894077 0.975089
0 0.911162 0.866548 0.952164 0.866548 0.952164 0.921708 0.911162 0.921708
0 0.947608 0.914590 0.981776 0.914590 0.981776 0.966191 0.947608 0.966191
0 0.949886 0.818505 0.989749 0.818505 0.989749 0.868327 0.949886 0.868327
0 0.694761 0.736655 0.733485 0.736655 0.733485 0.791815 0.694761 0.791815
0 0.684511 0.793594 0.722096 0.793594 0.722096 0.852313 0.684511 0.852313
0 0.732346 0.784698 0.759682 0.784698 0.759682 0.839858 0.732346 0.839858
0 0.755125 0.736655 0.783599 0.736655 0.783599 0.790036 0.755125 0.790036
0 0.575170 0.818505 0.597950 0.818505 0.597950 0.871886 0.575170 0.871886
0 0.612756 0.692170 0.648064 0.692170 0.648064 0.761566 0.612756 0.761566
0 0.610479 0.604982 0.649203 0.604982 0.649203 0.661922 0.610479 0.661922
0 0.624146 0.781139 0.657176 0.781139 0.657176 0.825623 0.624146 0.825623
0 0.656036 0.642348 0.684510 0.642348 0.684510 0.690392 0.656036 0.690392
0 0.677676 0.498221 0.708428 0.498221 0.708428 0.551601 0.677676 0.551601
0 0.718679 0.516014 0.751709 0.516014 0.751709 0.583630 0.718679 0.583630
0 0.717540 0.387900 0.748292 0.387900 0.748292 0.451958 0.717540 0.451958
0 0.575171 0.306049 0.604783 0.306049 0.604783 0.352313 0.575171 0.352313
0 0.636675 0.241993 0.676538 0.241993 0.676538 0.298933 0.636675 0.298933
0 0.394078 0.103203 0.430524 0.103203 0.430524 0.147687 0.394078 0.147687
0 0.387244 0.144128 0.429385 0.144128 0.429385 0.193950 0.387244 0.193950
0 0.413440 0.222420 0.451024 0.222420 0.451024 0.288256 0.413440 0.288256
0 0.438497 0.330960 0.488611 0.330960 0.488611 0.400355 0.438497 0.400355
0 0.389522 0.338078 0.428246 0.338078 0.428246 0.382562 0.389522 0.382562
0 0.425968 0.293594 0.461276 0.293594 0.461276 0.338078 0.425968 0.338078
0 0.463553 0.208186 0.494305 0.208186 0.494305 0.243773 0.463553 0.243773
0 0.495445 0.293594 0.525057 0.293594 0.525057 0.359430 0.495445 0.359430
0 0.264236 0.409253 0.296127 0.409253 0.296127 0.469751 0.264236 0.469751
0 0.284737 0.501780 0.342824 0.501780 0.342824 0.583630 0.284737 0.583630
0 0.256265 0.482207 0.290434 0.482207 0.290434 0.567616 0.256265 0.567616
0 0.324601 0.594306 0.358770 0.594306 0.358770 0.644128 0.324601 0.644128
0 0.354214 0.581851 0.381549 0.581851 0.381549 0.640570 0.354214 0.640570
0 0.387244 0.556940 0.421413 0.556940 0.421413 0.617438 0.387244 0.617438
0 0.396355 0.485765 0.431663 0.485765 0.431663 0.549822 0.396355 0.549822
0 0.366742 0.382562 0.400911 0.382562 0.400911 0.434163 0.366742 0.434163
0 0.443053 0.462634 0.481777 0.462634 0.481777 0.510676 0.443053 0.510676
0 0.490889 0.482206 0.520501 0.482206 0.520501 0.533807 0.490889 0.533807
0 0.501139 0.544484 0.537585 0.544484 0.537585 0.603202 0.501139 0.603202
0 0.547836 0.266904 0.574032 0.266904 0.574032 0.343416 0.547836 0.343416
0 0.488611 0.083630 0.518223 0.083630 0.518223 0.117438 0.488611 0.117438
0 0.506834 0.039147 0.552392 0.039147 0.552392 0.085409 0.506834 0.085409
0 0.132118 0.076512 0.166288 0.076512 0.166288 0.126334 0.132118 0.126334
0 0.070614 0.432384 0.104784 0.432384 0.104784 0.489324 0.070614 0.489324
0 0.037586 0.870107 0.071754 0.870107 0.071754 0.927047 0.037586 0.927047
0 0.499999 0.788257 0.527335 0.788257 0.527335 0.841637 0.499999 0.841637
0 0.708428 0.211744 0.740320 0.211744 0.740320 0.261566 0.708428 0.261566
0 0.449886 0.001779 0.490888 0.001779 0.490888 0.039147 0.449886 0.039147
0 0.873576 0.270462 0.903190 0.270462 0.903190 0.313167 0.873576 0.313167
0 0.904328 0.354093 0.930524 0.354093 0.930524 0.395018 0.904328 0.395018
0 0.682232 0.256228 0.708428 0.256228 0.708428 0.302490 0.682232 0.302490
0 0.699317 0.352314 0.720957 0.352314 0.720957 0.405695 0.699317 0.405695
0 0.797267 0.483986 0.826879 0.483986 0.826879 0.537366 0.797267 0.537366
0 0.669704 0.382562 0.703872 0.382562 0.703872 0.434163 0.669704 0.434163
0 0.559225 0.145907 0.584283 0.145907 0.584283 0.190391 0.559225 0.190391
0 0.582005 0.122776 0.605923 0.122776 0.605923 0.160142 0.582005 0.160142
0 0.591116 0.080071 0.611618 0.080071 0.611618 0.124555 0.591116 0.124555
0 0.463554 0.049822 0.495445 0.049822 0.495445 0.088968 0.463554 0.088968
0 0.544419 0.014235 0.571755 0.014235 0.571755 0.055161 0.544419 0.055161
0 0.592255 0.049822 0.610479 0.049822 0.610479 0.088968 0.592255 0.088968
0 0.505695 0.153026 0.534169 0.153026 0.534169 0.199289 0.505695 0.199289
0 0.528473 0.135232 0.553531 0.135232 0.553531 0.183275 0.528473 0.183275
0 0.512528 0.071175 0.543280 0.071175 0.543280 0.108541 0.512528 0.108541
0 0.556947 0.092527 0.579727 0.092527 0.579727 0.120997 0.556947 0.120997
0 0.609339 0.313167 0.635535 0.313167 0.635535 0.350535 0.609339 0.350535
0 0.264236 0.133452 0.296127 0.133452 0.296127 0.186833 0.264236 0.186833
0 0.392939 0.201068 0.424830 0.201068 0.424830 0.245552 0.392939 0.245552
0 0.329157 0.192171 0.370159 0.192171 0.370159 0.236655 0.329157 0.236655
0 0.225513 0.065836 0.250570 0.065836 0.250570 0.101423 0.225513 0.101423
0 0.127562 0.208185 0.162870 0.208185 0.162870 0.258007 0.127562 0.258007
0 0.186788 0.558719 0.208428 0.558719 0.208428 0.601423 0.186788 0.601423
0 0.277904 0.640570 0.312074 0.640570 0.312074 0.704627 0.277904 0.704627
0 0.247153 0.669039 0.283599 0.669039 0.283599 0.736655 0.247153 0.736655
0 0.358770 0.633452 0.405467 0.633452 0.405467 0.692171 0.358770 0.692171
0 0.331435 0.708185 0.362187 0.708185 0.362187 0.765125 0.331435 0.765125
0 0.252848 0.786477 0.287017 0.786477 0.287017 0.838078 0.252848 0.838078
0 0.068338 0.912811 0.091117 0.912811 0.091117 0.948399 0.068338 0.948399
0 0.187927 0.857652 0.215262 0.857652 0.215262 0.911032 0.187927 0.911032
0 0.378132 0.854092 0.400911 0.854092 0.400911 0.902135 0.378132 0.902135
0 0.550114 0.713523 0.576310 0.713523 0.576310 0.768683 0.550114 0.768683
0 0.752847 0.562277 0.777904 0.562277 0.777904 0.603203 0.752847 0.603203
0 0.763097 0.653026 0.792711 0.653026 0.792711 0.699288 0.763097 0.699288
0 0.735763 0.644128 0.759681 0.644128 0.759681 0.690391 0.735763 0.690391
0 0.343964 0.519572 0.386105 0.519572 0.386105 0.583630 0.343964 0.583630
0 0.305239 0.131673 0.353075 0.131673 0.353075 0.192171 0.305239 0.192171
0 0.543280 0.948399 0.571754 0.948399 0.571754 0.994661 0.543280 0.994661
0 0.825740 0.948399 0.867881 0.948399 0.867881 0.998221 0.825740 0.998221
0 0.413440 0.955515 0.441914 0.955515 0.441914 0.998220 0.413440 0.998220
0 0.072893 0.505337 0.111617 0.505337 0.111617 0.553381 0.072893 0.553381
0 0.100227 0.483986 0.127562 0.483986 0.127562 0.537366 0.100227 0.537366
0 0.507972 0.266904 0.526196 0.266904 0.526196 0.297152 0.507972 0.297152
0 0.711845 0.313167 0.731207 0.313167 0.731207 0.341637 0.711845 0.341637
0 0.499999 0.661922 0.527335 0.661922 0.527335 0.692171 0.499999 0.692171
0 0.079726 0.003559 0.117311 0.003559 0.117311 0.042705 0.079726 0.042705
0 0.780183 0.439502 0.800684 0.439502 0.800684 0.494662 0.780183 0.494662
0 0.952164 0.862989 0.990888 0.862989 0.990888 0.903915 0.952164 0.903915
0 0.922551 0.950178 0.949887 0.950178 0.949887 1.000000 0.922551 1.000000
0 0.855353 0.745552 0.896355 0.745552 0.896355 0.798932 0.855353 0.798932
0 0.691344 0.567616 0.711846 0.567616 0.711846 0.601424 0.691344 0.601424
0 0.033029 0.195730 0.066059 0.195730 0.066059 0.254449 0.033029 0.254449
0 0.142369 0.750890 0.173121 0.750890 0.173121 0.800712 0.142369 0.800712
0 0.174259 0.596086 0.208428 0.596086 0.208428 0.638791 0.174259 0.638791
0 0.781321 0.864769 0.802961 0.864769 0.802961 0.925267 0.781321 0.925267
0 0.186788 0.637011 0.215262 0.637011 0.215262 0.692171 0.186788 0.692171
0 0.152620 0.626334 0.189066 0.626334 0.189066 0.688612 0.152620 0.688612
1 0.753986 0.172598 0.776765 0.172598 0.776765 0.204626 0.753986 0.204626
1 0.634396 0.357651 0.656036 0.357651 0.656036 0.380783 0.634396 0.380783
1 0.628701 0.379004 0.644647 0.379004 0.644647 0.405694 0.628701 0.405694
2 0.869021 0.179715 0.905467 0.179715 0.905467 0.240213 0.869021 0.240213
2 0.920273 0.263345 0.947609 0.263345 0.947609 0.318505 0.920273 0.318505
2 0.914578 0.199288 0.943052 0.199288 0.943052 0.249110 0.914578 0.249110
2 0.851936 0.044484 0.884966 0.044484 0.884966 0.090747 0.851936 0.090747
2 0.891799 0.304270 0.916857 0.304270 0.916857 0.345195 0.891799 0.345195
2 0.917995 0.160142 0.947609 0.160142 0.947609 0.201067 0.917995 0.201067
2 0.897494 0.097864 0.925968 0.097864 0.925968 0.145907 0.897494 0.145907
2 0.947609 0.231317 0.977221 0.231317 0.977221 0.277579 0.947609 0.277579
2 0.946470 0.281139 0.976082 0.281139 0.976082 0.334520 0.946470 0.334520
