1 0.056338 0.002706 0.082942 0.002706 0.082942 0.029770 0.056338 0.029770
1 0.078247 0.197565 0.104851 0.197565 0.104851 0.221922 0.078247 0.221922
1 0.109547 0.037889 0.137715 0.037889 0.137715 0.060893 0.109547 0.060893
1 0.159624 0.037888 0.186228 0.037888 0.186228 0.066306 0.159624 0.066306
1 0.142410 0.070365 0.175274 0.070365 0.175274 0.090663 0.142410 0.090663
1 0.189358 0.112315 0.228482 0.112315 0.228482 0.136672 0.189358 0.136672
1 0.203443 0.179973 0.239437 0.179973 0.239437 0.219215 0.203443 0.219215
1 0.126761 0.167795 0.156495 0.167795 0.156495 0.189445 0.126761 0.189445
1 0.136150 0.223274 0.162754 0.223274 0.162754 0.247632 0.136150 0.247632
1 0.266040 0.006766 0.291079 0.006766 0.291079 0.031123 0.266040 0.031123
1 0.258215 0.177267 0.286384 0.177267 0.286384 0.202977 0.258215 0.202977
1 0.289515 0.139377 0.319249 0.139377 0.319249 0.170500 0.289515 0.170500
1 0.291080 0.106902 0.327074 0.106902 0.327074 0.131259 0.291080 0.131259
1 0.259780 0.069012 0.294210 0.069012 0.294210 0.101488 0.259780 0.101488
1 0.325509 0.018945 0.352113 0.018945 0.352113 0.043301 0.325509 0.043301
1 0.339593 0.043301 0.369327 0.043301 0.369327 0.067658 0.339593 0.067658
1 0.306729 0.050068 0.333333 0.050068 0.333333 0.071719 0.306729 0.071719
1 0.370892 0.073072 0.397496 0.073072 0.397496 0.098782 0.370892 0.098782
1 0.624413 0.955345 0.657277 0.955345 0.657277 0.975643 0.624413 0.975643
1 0.654147 0.918809 0.688577 0.918809 0.688577 0.940461 0.654147 0.940461
1 0.625978 0.890392 0.657277 0.890392 0.657277 0.913396 0.625978 0.913396
1 0.597809 0.878214 0.624413 0.878214 0.624413 0.905278 0.597809 0.905278
1 0.568075 0.867388 0.594679 0.867388 0.594679 0.894452 0.568075 0.894452
1 0.647887 0.805142 0.682316 0.805142 0.682316 0.828146 0.647887 0.828146
1 0.716745 0.769960 0.746479 0.769960 0.746479 0.795670 0.716745 0.795670
1 0.729264 0.802436 0.760563 0.802436 0.760563 0.830852 0.729264 0.830852
1 0.694835 0.890392 0.719874 0.890392 0.719874 0.913396 0.694835 0.913396
1 0.688576 0.810555 0.718310 0.810555 0.718310 0.830853 0.688576 0.830853
1 0.697966 0.838972 0.719874 0.838972 0.719874 0.867389 0.697966 0.867389
1 0.591550 0.778079 0.629108 0.778079 0.629108 0.801083 0.591550 0.801083
1 0.613459 0.825440 0.643193 0.825440 0.643193 0.855210 0.613459 0.855210
1 0.593114 0.833559 0.618154 0.833559 0.618154 0.863329 0.593114 0.863329
1 0.563380 0.821380 0.589984 0.821380 0.589984 0.848444 0.563380 0.848444
1 0.560250 0.790257 0.588420 0.790257 0.588420 0.811909 0.560250 0.811909
1 0.464789 0.866036 0.508607 0.866036 0.508607 0.917457 0.464789 0.917457
1 0.461660 0.861976 0.480438 0.861976 0.480438 0.884980 0.461660 0.884980
1 0.499217 0.841678 0.535211 0.841678 0.535211 0.870094 0.499217 0.870094
1 0.532081 0.774019 0.558685 0.774019 0.558685 0.792964 0.532081 0.792964
1 0.543036 0.744249 0.563380 0.744249 0.563380 0.771313 0.543036 0.771313
1 0.488262 0.757781 0.513301 0.757781 0.513301 0.790257 0.488262 0.790257
1 0.485133 0.722599 0.510173 0.722599 0.510173 0.753722 0.485133 0.753722
1 0.452269 0.730717 0.478873 0.730717 0.478873 0.753721 0.452269 0.753721
1 0.568076 0.744249 0.589985 0.744249 0.589985 0.771313 0.568076 0.771313
1 0.589984 0.730717 0.616588 0.730717 0.616588 0.752368 0.589984 0.752368
1 0.588420 0.705007 0.616588 0.705007 0.616588 0.725305 0.588420 0.725305
1 0.585290 0.664412 0.613458 0.664412 0.613458 0.688769 0.585290 0.688769
1 0.508607 0.661705 0.541471 0.661705 0.541471 0.684709 0.508607 0.684709
1 0.550860 0.619757 0.582159 0.619757 0.582159 0.645467 0.550860 0.645467
1 0.622848 0.723951 0.643192 0.723951 0.643192 0.746955 0.622848 0.746955
1 0.652582 0.715833 0.679186 0.715833 0.679186 0.749661 0.652582 0.749661
1 0.668232 0.676590 0.694836 0.676590 0.694836 0.702300 0.668232 0.702300
1 0.625978 0.657645 0.655712 0.657645 0.655712 0.676590 0.625978 0.676590
1 0.630672 0.619757 0.658842 0.619757 0.658842 0.645467 0.630672 0.645467
1 0.655712 0.562922 0.682316 0.562922 0.682316 0.591339 0.655712 0.591339
1 0.638498 0.534506 0.669797 0.534506 0.669797 0.558863 0.638498 0.558863
1 0.666666 0.510149 0.691705 0.510149 0.691705 0.537213 0.666666 0.537213
1 0.619718 0.512855 0.654147 0.512855 0.654147 0.535859 0.619718 0.535859
1 0.643193 0.488498 0.671361 0.488498 0.671361 0.508796 0.643193 0.508796
1 0.647888 0.461434 0.679187 0.461434 0.679187 0.481732 0.647888 0.481732
1 0.599374 0.442490 0.627544 0.442490 0.627544 0.464141 0.599374 0.464141
1 0.532082 0.575102 0.560250 0.575102 0.560250 0.599459 0.532082 0.599459
1 0.496088 0.587280 0.521127 0.587280 0.521127 0.618403 0.496088 0.618403
1 0.543036 0.596753 0.582160 0.596753 0.582160 0.621109 0.543036 0.621109
1 0.536776 0.543978 0.569640 0.543978 0.569640 0.566982 0.536776 0.566982
1 0.503912 0.462788 0.536776 0.462788 0.536776 0.495264 0.503912 0.495264
1 0.532081 0.400541 0.557121 0.400541 0.557121 0.426251 0.532081 0.426251
1 0.528952 0.434370 0.563381 0.434370 0.563381 0.462788 0.528952 0.462788
1 0.543036 0.462788 0.574334 0.462788 0.574334 0.488498 0.543036 0.488498
1 0.505478 0.396482 0.527386 0.396482 0.527386 0.416780 0.505478 0.416780
1 0.469483 0.396482 0.491392 0.396482 0.491392 0.419486 0.469483 0.419486
1 0.456964 0.445196 0.489828 0.445196 0.489828 0.476320 0.456964 0.476320
1 0.566510 0.359946 0.593114 0.359946 0.593114 0.384302 0.566510 0.384302
1 0.528952 0.373478 0.555556 0.373478 0.555556 0.397834 0.528952 0.397834
1 0.477309 0.361299 0.508607 0.361299 0.508607 0.388363 0.477309 0.388363
1 0.416275 0.343707 0.441314 0.343707 0.441314 0.368064 0.416275 0.368064
1 0.403755 0.391070 0.435054 0.391070 0.435054 0.415426 0.403755 0.415426
1 0.378717 0.359946 0.402191 0.359946 0.402191 0.389716 0.378717 0.389716
1 0.405321 0.297699 0.435055 0.297699 0.435055 0.324763 0.405321 0.324763
1 0.413146 0.269283 0.442880 0.269283 0.442880 0.292287 0.413146 0.292287
1 0.452269 0.243572 0.478873 0.243572 0.478873 0.274695 0.452269 0.274695
1 0.475744 0.281461 0.507043 0.281461 0.507043 0.304465 0.475744 0.304465
1 0.469483 0.307172 0.494523 0.307172 0.494523 0.327470 0.469483 0.327470
1 0.450705 0.345061 0.475744 0.345061 0.475744 0.370771 0.450705 0.370771
1 0.514866 0.292287 0.543036 0.292287 0.543036 0.319351 0.514866 0.319351
1 0.499218 0.322057 0.528952 0.322057 0.528952 0.343707 0.499218 0.343707
1 0.363067 0.240866 0.395931 0.240866 0.395931 0.263870 0.363067 0.263870
1 0.399061 0.220569 0.435055 0.220569 0.435055 0.239513 0.399061 0.239513
1 0.466354 0.200270 0.489828 0.200270 0.489828 0.228688 0.466354 0.228688
1 0.492957 0.223275 0.527386 0.223275 0.527386 0.244925 0.492957 0.244925
1 0.519562 0.246279 0.552426 0.246279 0.552426 0.265224 0.519562 0.265224
1 0.488264 0.250338 0.510173 0.250338 0.510173 0.270636 0.488264 0.270636
1 0.528952 0.197565 0.555556 0.197565 0.555556 0.216509 0.528952 0.216509
1 0.558685 0.213803 0.591549 0.213803 0.591549 0.239513 0.558685 0.239513
1 0.615024 0.190798 0.641628 0.190798 0.641628 0.220568 0.615024 0.220568
1 0.643193 0.217862 0.680751 0.217862 0.680751 0.240866 0.643193 0.240866
1 0.643192 0.261163 0.677621 0.261163 0.677621 0.289581 0.643192 0.289581
1 0.683881 0.259811 0.713615 0.259811 0.713615 0.282815 0.683881 0.282815
1 0.683882 0.285521 0.708921 0.285521 0.708921 0.301759 0.683882 0.301759
1 0.596244 0.300406 0.621283 0.300406 0.621283 0.326116 0.596244 0.326116
1 0.575900 0.266577 0.604068 0.266577 0.604068 0.292287 0.575900 0.292287
1 0.492957 0.127199 0.517996 0.127199 0.517996 0.152909 0.492957 0.152909
1 0.522692 0.121786 0.552426 0.121786 0.552426 0.147496 0.522692 0.147496
1 0.541471 0.104195 0.566511 0.104195 0.566511 0.124493 0.541471 0.124493
1 0.541471 0.037889 0.568075 0.037889 0.568075 0.063599 0.541471 0.063599
1 0.560250 0.062246 0.588420 0.062246 0.588420 0.090663 0.560250 0.090663
1 0.392801 0.125845 0.430360 0.125845 0.430360 0.156969 0.392801 0.156969
1 0.394366 0.188092 0.420970 0.188092 0.420970 0.219216 0.394366 0.219216
1 0.425665 0.156968 0.467919 0.156968 0.467919 0.188091 0.425665 0.188091
1 0.403756 0.089309 0.436620 0.089309 0.436620 0.120433 0.403756 0.120433
1 0.361502 0.182679 0.384976 0.182679 0.384976 0.207037 0.361502 0.207037
1 0.186228 0.255751 0.219092 0.255751 0.219092 0.281461 0.186228 0.281461
1 0.187794 0.303113 0.219093 0.303113 0.219093 0.345062 0.187794 0.345062
1 0.225353 0.220569 0.253522 0.220569 0.253522 0.251692 0.225353 0.251692
1 0.251957 0.251692 0.283255 0.251692 0.283255 0.273342 0.251957 0.273342
1 0.262911 0.276049 0.289515 0.276049 0.289515 0.300405 0.262911 0.300405
1 0.234741 0.307172 0.266040 0.307172 0.266040 0.331529 0.234741 0.331529
1 0.261346 0.338295 0.283254 0.338295 0.283254 0.368065 0.261346 0.368065
1 0.258216 0.368065 0.287950 0.368065 0.287950 0.393775 0.258216 0.393775
1 0.319249 0.244925 0.345853 0.244925 0.345853 0.273342 0.319249 0.273342
1 0.297339 0.315291 0.331769 0.315291 0.331769 0.336942 0.297339 0.336942
1 0.303599 0.353180 0.328639 0.353180 0.328639 0.380244 0.303599 0.380244
1 0.338028 0.368065 0.374022 0.368065 0.374022 0.403247 0.338028 0.403247
1 0.323943 0.437078 0.348983 0.437078 0.348983 0.461434 0.323943 0.461434
1 0.325509 0.464141 0.358373 0.464141 0.358373 0.497970 0.325509 0.497970
1 0.306729 0.408660 0.330203 0.408660 0.330203 0.437078 0.306729 0.437078
1 0.342723 0.324763 0.369327 0.324763 0.369327 0.353181 0.342723 0.353181
1 0.344288 0.301758 0.372457 0.301758 0.372457 0.320703 0.344288 0.320703
1 0.334898 0.276048 0.359938 0.276048 0.359938 0.293639 0.334898 0.293639
1 0.300469 0.212449 0.330203 0.212449 0.330203 0.232747 0.300469 0.232747
1 0.276995 0.204330 0.303599 0.204330 0.303599 0.228688 0.276995 0.228688
1 0.269171 0.560217 0.292645 0.560217 0.292645 0.581868 0.269171 0.581868
1 0.272301 0.587280 0.297340 0.587280 0.297340 0.611637 0.272301 0.611637
1 0.300470 0.534506 0.322378 0.534506 0.322378 0.561570 0.300470 0.561570
1 0.300470 0.560217 0.323944 0.560217 0.323944 0.585927 0.300470 0.585927
1 0.330203 0.564276 0.356807 0.564276 0.356807 0.591340 0.330203 0.591340
1 0.330203 0.594046 0.355243 0.594046 0.355243 0.614344 0.330203 0.614344
1 0.348982 0.619757 0.377151 0.619757 0.377151 0.644114 0.348982 0.644114
1 0.363068 0.579161 0.394367 0.579161 0.394367 0.604871 0.363068 0.604871
1 0.350548 0.503383 0.378717 0.503383 0.378717 0.533153 0.350548 0.533153
1 0.367762 0.534506 0.391236 0.534506 0.391236 0.556158 0.367762 0.556158
1 0.405321 0.518267 0.455399 0.518267 0.455399 0.549391 0.405321 0.549391
1 0.380282 0.740190 0.406886 0.740190 0.406886 0.765900 0.380282 0.765900
1 0.408451 0.728011 0.435055 0.728011 0.435055 0.748309 0.408451 0.748309
1 0.430360 0.748309 0.455399 0.748309 0.455399 0.778079 0.430360 0.778079
1 0.519562 0.818673 0.552426 0.818673 0.552426 0.840325 0.519562 0.840325
1 0.486697 0.810555 0.514866 0.810555 0.514866 0.837619 0.486697 0.837619
1 0.499218 0.893099 0.536776 0.893099 0.536776 0.922869 0.499218 0.922869
1 0.109546 0.096076 0.145540 0.096076 0.145540 0.121786 0.109546 0.121786
1 0.593114 0.150203 0.619718 0.150203 0.619718 0.173207 0.593114 0.173207
1 0.572770 0.102842 0.602504 0.102842 0.602504 0.128552 0.572770 0.128552
1 0.561816 0.127199 0.589984 0.127199 0.589984 0.151557 0.561816 0.151557
1 0.569640 0.029770 0.594680 0.029770 0.594680 0.055480 0.569640 0.055480
1 0.511737 0.009472 0.539907 0.009472 0.539907 0.036536 0.511737 0.036536
1 0.629108 0.055480 0.660407 0.055480 0.660407 0.074425 0.629108 0.074425
1 0.680751 0.048714 0.708921 0.048714 0.708921 0.093369 0.680751 0.093369
1 0.702660 0.098782 0.732394 0.098782 0.732394 0.125846 0.702660 0.125846
1 0.724569 0.166441 0.765258 0.166441 0.765258 0.196211 0.724569 0.196211
1 0.732394 0.209742 0.766823 0.209742 0.766823 0.240866 0.732394 0.240866
1 0.671361 0.323411 0.699531 0.323411 0.699531 0.347768 0.671361 0.347768
1 0.688576 0.327469 0.719874 0.327469 0.719874 0.370771 0.688576 0.370771
1 0.726135 0.041949 0.755869 0.041949 0.755869 0.081191 0.726135 0.081191
1 0.582159 0.389716 0.621283 0.389716 0.621283 0.428958 0.582159 0.428958
1 0.895149 0.926929 0.926447 0.926929 0.926447 0.955345 0.895149 0.955345
1 0.788733 0.872800 0.838811 0.872800 0.838811 0.891745 0.788733 0.891745
1 0.726135 0.703654 0.755869 0.703654 0.755869 0.728011 0.726135 0.728011
1 0.336464 0.893098 0.364633 0.893098 0.364633 0.914749 0.336464 0.914749
1 0.405321 0.874155 0.435055 0.874155 0.435055 0.909338 0.405321 0.909338
1 0.439750 0.968877 0.467919 0.968877 0.467919 0.989175 0.439750 0.989175
1 0.449139 0.617050 0.488263 0.617050 0.488263 0.649526 0.449139 0.649526
1 0.430360 0.688769 0.464789 0.688769 0.464789 0.714479 0.430360 0.714479
1 0.397496 0.668471 0.425665 0.668471 0.425665 0.696887 0.397496 0.696887
1 0.395931 0.614344 0.424100 0.614344 0.424100 0.646820 0.395931 0.646820
1 0.370892 0.599459 0.395931 0.599459 0.395931 0.637348 0.370892 0.637348
1 0.543036 0.332882 0.571206 0.332882 0.571206 0.355886 0.543036 0.355886
1 0.558685 0.309878 0.588419 0.309878 0.588419 0.332882 0.558685 0.332882
1 0.574334 0.335589 0.602504 0.335589 0.602504 0.359945 0.574334 0.359945
1 0.629108 0.312584 0.655712 0.312584 0.655712 0.339648 0.629108 0.339648
1 0.621283 0.397834 0.640063 0.397834 0.640063 0.426252 0.621283 0.426252
1 0.752739 0.269283 0.779343 0.269283 0.779343 0.293639 0.752739 0.293639
1 0.766823 0.345061 0.801253 0.345061 0.801253 0.382949 0.766823 0.382949
1 0.699530 0.228688 0.718310 0.228688 0.718310 0.247633 0.699530 0.247633
1 0.494523 0.159675 0.524257 0.159675 0.524257 0.177267 0.494523 0.177267
1 0.217527 0.426252 0.258217 0.426252 0.258217 0.454669 0.217527 0.454669
1 0.198748 0.403248 0.225352 0.403248 0.225352 0.427604 0.198748 0.427604
1 0.225352 0.148850 0.248826 0.148850 0.248826 0.171854 0.225352 0.171854
1 0.197183 0.223274 0.223787 0.223274 0.223787 0.250338 0.197183 0.250338
1 0.195618 0.082544 0.225352 0.082544 0.225352 0.105548 0.195618 0.105548
1 0.456963 0.561570 0.491393 0.561570 0.491393 0.587280 0.456963 0.587280
1 0.353678 0.430312 0.375586 0.430312 0.375586 0.451962 0.353678 0.451962
1 0.384976 0.427604 0.410016 0.427604 0.410016 0.451961 0.384976 0.451961
1 0.363067 0.457375 0.392801 0.457375 0.392801 0.477673 0.363067 0.477673
1 0.422535 0.414073 0.452269 0.414073 0.452269 0.427605 0.422535 0.427605
1 0.424100 0.433018 0.444444 0.433018 0.444444 0.458728 0.424100 0.458728
1 0.291079 0.663058 0.322378 0.663058 0.322378 0.699594 0.291079 0.699594
1 0.223787 0.533153 0.266041 0.533153 0.266041 0.564276 0.223787 0.564276
1 0.198748 0.364006 0.228482 0.364006 0.228482 0.399189 0.198748 0.399189
1 0.452270 0.097429 0.497652 0.097429 0.497652 0.140731 0.452270 0.140731
1 0.546166 0.162382 0.579030 0.162382 0.579030 0.192152 0.546166 0.192152
1 0.300470 0.177267 0.328639 0.177267 0.328639 0.198917 0.300470 0.198917
1 0.367762 0.289580 0.395931 0.289580 0.395931 0.309878 0.367762 0.309878
1 0.203443 0.491204 0.233177 0.491204 0.233177 0.535859 0.203443 0.535859
1 0.618154 0.687415 0.649452 0.687415 0.649452 0.725305 0.618154 0.725305
1 0.558686 0.664411 0.579030 0.664411 0.579030 0.686063 0.558686 0.686063
1 0.467918 0.050068 0.503912 0.050068 0.503912 0.075778 0.467918 0.075778
1 0.447574 0.070366 0.471048 0.070366 0.471048 0.094723 0.447574 0.094723
1 0.635367 0.167795 0.654147 0.167795 0.654147 0.186740 0.635367 0.186740
1 0.615024 0.128552 0.641628 0.128552 0.641628 0.146144 0.615024 0.146144
1 0.666666 0.142084 0.705790 0.142084 0.705790 0.178620 0.666666 0.178620
1 0.694836 0.179973 0.718310 0.179973 0.718310 0.202977 0.694836 0.202977
1 0.633803 0.847091 0.655712 0.847091 0.655712 0.879567 0.633803 0.879567
1 0.276995 0.238159 0.297339 0.238159 0.297339 0.255750 0.276995 0.255750
1 0.435055 0.207037 0.458529 0.207037 0.458529 0.228687 0.435055 0.228687
1 0.231612 0.105548 0.253522 0.105548 0.253522 0.125846 0.231612 0.125846
1 0.356808 0.102842 0.380282 0.102842 0.380282 0.127198 0.356808 0.127198
1 0.345853 0.190799 0.369327 0.190799 0.369327 0.216509 0.345853 0.216509
1 0.384976 0.024357 0.406885 0.024357 0.406885 0.040595 0.384976 0.040595
1 0.416276 0.010826 0.436620 0.010826 0.436620 0.028416 0.416276 0.028416
1 0.345853 0.001352 0.377151 0.001352 0.377151 0.020297 0.345853 0.020297
1 0.549295 0.012179 0.574334 0.012179 0.574334 0.029769 0.549295 0.029769
1 0.624413 0.040595 0.652583 0.040595 0.652583 0.055480 0.624413 0.055480
1 0.677621 0.194858 0.694835 0.194858 0.694835 0.209742 0.677621 0.209742
1 0.721440 0.259810 0.746479 0.259810 0.746479 0.277402 0.721440 0.277402
1 0.715180 0.294994 0.737089 0.294994 0.737089 0.319350 0.715180 0.319350
1 0.804382 0.261163 0.841940 0.261163 0.841940 0.292287 0.804382 0.292287
1 0.683882 0.414073 0.712050 0.414073 0.712050 0.454669 0.683882 0.454669
1 0.657277 0.362652 0.676057 0.362652 0.676057 0.380244 0.657277 0.380244
1 0.627543 0.364006 0.644757 0.364006 0.644757 0.389716 0.627543 0.389716
1 0.677621 0.384303 0.696401 0.384303 0.696401 0.404601 0.677621 0.404601
1 0.655712 0.190799 0.679186 0.190799 0.679186 0.209743 0.655712 0.209743
1 0.247262 0.395129 0.266041 0.395129 0.266041 0.418133 0.247262 0.418133
1 0.245697 0.359946 0.266041 0.359946 0.266041 0.382950 0.245697 0.382950
1 0.416276 0.561570 0.438184 0.561570 0.438184 0.585927 0.416276 0.585927
1 0.399061 0.592692 0.422535 0.592692 0.422535 0.614344 0.399061 0.614344
1 0.585290 0.472259 0.616588 0.472259 0.616588 0.493910 0.585290 0.493910
1 0.517996 0.550744 0.546166 0.550744 0.546166 0.569689 0.517996 0.569689
1 0.497653 0.556157 0.521127 0.556157 0.521127 0.572395 0.497653 0.572395
1 0.780908 0.825440 0.798122 0.825440 0.798122 0.845738 0.780908 0.845738
1 0.816901 0.719892 0.835681 0.719892 0.835681 0.751015 0.816901 0.751015
1 0.846635 0.717185 0.876369 0.717185 0.876369 0.746955 0.846635 0.746955
1 0.702661 0.726658 0.719875 0.726658 0.719875 0.749662 0.702661 0.749662
1 0.691706 0.792964 0.712050 0.792964 0.712050 0.809202 0.691706 0.809202
1 0.813772 0.853856 0.830986 0.853856 0.830986 0.867388 0.813772 0.867388
1 0.757433 0.960758 0.782473 0.960758 0.782473 0.986468 0.757433 0.986468
1 0.223788 0.713126 0.255086 0.713126 0.255086 0.745602 0.223788 0.745602
1 0.068858 0.780784 0.087636 0.780784 0.087636 0.799729 0.068858 0.799729
1 0.048514 0.870094 0.076683 0.870094 0.076683 0.891746 0.048514 0.891746
1 0.003130 0.876861 0.021909 0.876861 0.021909 0.902571 0.003130 0.902571
1 0.342723 0.860622 0.369327 0.860622 0.369327 0.887686 0.342723 0.887686
1 0.389671 0.828145 0.416275 0.828145 0.416275 0.847090 0.389671 0.847090
1 0.322379 0.719892 0.350548 0.719892 0.350548 0.755074 0.322379 0.755074
1 0.344288 0.642760 0.389671 0.642760 0.389671 0.679296 0.344288 0.679296
1 0.433490 0.706360 0.456964 0.706360 0.456964 0.726658 0.433490 0.726658
1 0.510171 0.691475 0.550860 0.691475 0.550860 0.705007 0.510171 0.705007
1 0.541471 0.696887 0.580595 0.696887 0.580595 0.718539 0.541471 0.718539
1 0.521127 0.741543 0.552426 0.741543 0.552426 0.764547 0.521127 0.764547
1 0.388106 0.912044 0.414710 0.912044 0.414710 0.943167 0.388106 0.943167
1 0.561816 0.953992 0.583724 0.953992 0.583724 0.974290 0.561816 0.974290
1 0.666667 0.955346 0.683881 0.955346 0.683881 0.979703 0.666667 0.979703
1 0.655713 0.824086 0.677621 0.824086 0.677621 0.845738 0.655713 0.845738
1 0.519562 0.794316 0.543036 0.794316 0.543036 0.809202 0.519562 0.809202
1 0.594679 0.514208 0.615023 0.514208 0.615023 0.537212 0.594679 0.537212
1 0.478874 0.527740 0.503912 0.527740 0.503912 0.546685 0.478874 0.546685
1 0.732394 0.736131 0.766823 0.736131 0.766823 0.769959 0.732394 0.769959
1 0.807512 0.899864 0.830986 0.899864 0.830986 0.914749 0.807512 0.914749
1 0.460094 0.023005 0.480438 0.023005 0.480438 0.040595 0.460094 0.040595
1 0.112676 0.250339 0.134585 0.250339 0.134585 0.274695 0.112676 0.274695
1 0.081378 0.132611 0.097027 0.132611 0.097027 0.156969 0.081378 0.156969
1 0.369328 0.223275 0.391236 0.223275 0.391236 0.238159 0.369328 0.238159
1 0.222222 0.282815 0.239436 0.282815 0.239436 0.304466 0.222222 0.304466
1 0.262911 0.146144 0.278560 0.146144 0.278560 0.165088 0.262911 0.165088
1 0.051643 0.288228 0.071987 0.288228 0.071987 0.323410 0.051643 0.323410
1 0.158059 0.445196 0.179969 0.445196 0.179969 0.468200 0.158059 0.468200
1 0.550860 0.289581 0.575900 0.289581 0.575900 0.311231 0.550860 0.311231
1 0.389671 0.008118 0.416275 0.008118 0.416275 0.027063 0.389671 0.027063
1 0.544601 0.644114 0.575900 0.644114 0.575900 0.663058 0.544601 0.663058
1 0.769953 0.474967 0.798123 0.474967 0.798123 0.519621 0.769953 0.519621
1 0.763693 0.576455 0.787167 0.576455 0.787167 0.608931 0.763693 0.608931
1 0.708921 0.660352 0.737089 0.660352 0.737089 0.680650 0.708921 0.680650
1 0.799687 0.221921 0.820031 0.221921 0.820031 0.250339 0.799687 0.250339
1 0.677621 0.235453 0.697965 0.235453 0.697965 0.251691 0.677621 0.251691
1 0.651017 0.120433 0.680751 0.120433 0.680751 0.133965 0.651017 0.133965
1 0.651018 0.135318 0.679186 0.135318 0.679186 0.154262 0.651018 0.154262
1 0.391237 0.324763 0.408451 0.324763 0.408451 0.351827 0.391237 0.351827
1 0.112676 0.001353 0.131456 0.001353 0.131456 0.024357 0.112676 0.024357
1 0.236307 0.006766 0.258215 0.006766 0.258215 0.024357 0.236307 0.024357
1 0.641628 0.380244 0.676057 0.380244 0.676057 0.396482 0.641628 0.396482
1 0.104852 0.909337 0.122066 0.909337 0.122066 0.936401 0.104852 0.936401
1 0.075118 0.902570 0.093896 0.902570 0.093896 0.924222 0.075118 0.924222
1 0.284821 0.510149 0.303600 0.510149 0.303600 0.531800 0.284821 0.531800
1 0.492958 0.182679 0.522692 0.182679 0.522692 0.211097 0.492958 0.211097
1 0.605633 0.100136 0.630672 0.100136 0.630672 0.121787 0.605633 0.121787
1 0.446010 0.289581 0.466354 0.289581 0.466354 0.308526 0.446010 0.308526
1 0.496087 0.630582 0.514867 0.630582 0.514867 0.646820 0.496087 0.646820
1 0.082942 0.169148 0.103286 0.169148 0.103286 0.188092 0.082942 0.188092
1 0.123631 0.190798 0.147105 0.190798 0.147105 0.208390 0.123631 0.208390
1 0.107981 0.200271 0.131455 0.200271 0.131455 0.223275 0.107981 0.223275
1 0.655712 0.426252 0.672926 0.426252 0.672926 0.439784 0.655712 0.439784
1 0.564945 0.512856 0.577465 0.512856 0.577465 0.527741 0.564945 0.527741
1 0.316119 0.285521 0.328639 0.285521 0.328639 0.304466 0.316119 0.304466
1 0.342722 0.146143 0.380281 0.146143 0.380281 0.169147 0.342722 0.169147
1 0.297339 0.276048 0.312989 0.276048 0.312989 0.290934 0.297339 0.290934
1 0.525822 0.347768 0.546166 0.347768 0.546166 0.365359 0.525822 0.365359
1 0.505478 0.342355 0.530517 0.342355 0.530517 0.364005 0.505478 0.364005
1 0.489828 0.411367 0.519562 0.411367 0.519562 0.435723 0.489828 0.435723
1 0.763694 0.378890 0.791862 0.378890 0.791862 0.415426 0.763694 0.415426
1 0.723004 0.614344 0.748043 0.614344 0.748043 0.642760 0.723004 0.642760
1 0.854460 0.296347 0.874804 0.296347 0.874804 0.324764 0.854460 0.324764
1 0.406886 0.472260 0.428794 0.472260 0.428794 0.492558 0.406886 0.492558
1 0.511738 0.511502 0.533647 0.511502 0.533647 0.530447 0.511738 0.530447
1 0.358373 0.410014 0.375587 0.410014 0.375587 0.428959 0.358373 0.428959
1 0.544602 0.317997 0.566511 0.317997 0.566511 0.336942 0.544602 0.336942
1 0.677621 0.535859 0.701095 0.535859 0.701095 0.550744 0.677621 0.550744
1 0.661972 0.890392 0.683881 0.890392 0.683881 0.913396 0.661972 0.913396
1 0.056338 0.037889 0.075117 0.037889 0.075117 0.060893 0.056338 0.060893
1 0.749609 0.500676 0.765258 0.500676 0.765258 0.534506 0.749609 0.534506
