0 0.468102 0.470011 0.502691 0.470011 0.502691 0.509269 0.468102 0.509269
0 0.507302 0.478735 0.528824 0.478735 0.528824 0.505997 0.507302 0.505997
0 0.097618 0.232279 0.118371 0.232279 0.118371 0.267175 0.097618 0.267175
0 0.036127 0.410033 0.056879 0.410033 0.056879 0.449291 0.036127 0.449291
0 0.023828 0.472192 0.062260 0.472192 0.062260 0.514722 0.023828 0.514722
0 0.072251 0.446020 0.089930 0.446020 0.089930 0.467830 0.072251 0.467830
0 0.096080 0.488550 0.126826 0.488550 0.126826 0.516903 0.096080 0.516903
0 0.102229 0.512541 0.126057 0.512541 0.126057 0.553980 0.102229 0.553980
0 0.219830 0.484187 0.245196 0.484187 0.245196 0.520174 0.219830 0.520174
0 0.280554 0.019629 0.305150 0.019629 0.305150 0.076337 0.280554 0.076337
0 0.101460 0.111232 0.126825 0.111232 0.126825 0.142857 0.101460 0.142857
0 0.512683 0.695747 0.537279 0.695747 0.537279 0.724101 0.512683 0.724101
0 0.876248 0.760087 0.893927 0.760087 0.893927 0.786259 0.876248 0.786259
0 0.690238 0.583424 0.710991 0.583424 0.710991 0.613958 0.690238 0.613958
0 0.690238 0.545257 0.712530 0.545257 0.712530 0.576882 0.690238 0.576882
0 0.567257 0.336969 0.590315 0.336969 0.590315 0.372955 0.567257 0.372955
0 0.086087 0.379498 0.109146 0.379498 0.109146 0.413304 0.086087 0.413304
0 0.081476 0.353326 0.105304 0.353326 0.105304 0.384951 0.081476 0.384951
0 0.132974 0.398037 0.150653 0.398037 0.150653 0.429663 0.132974 0.429663
0 0.065334 0.460196 0.082244 0.460196 0.082244 0.473282 0.065334 0.473282
0 0.121445 0.426390 0.130669 0.426390 0.130669 0.438386 0.121445 0.438386
0 0.127594 0.411124 0.139892 0.411124 0.139892 0.434024 0.127594 0.434024
0 0.349730 0.754634 0.367409 0.754634 0.367409 0.787350 0.349730 0.787350
0 0.345119 0.766630 0.358187 0.766630 0.358187 0.791712 0.345119 0.791712
0 0.019216 0.528899 0.042276 0.528899 0.042276 0.546347 0.019216 0.546347
0 0.074558 0.183205 0.088394 0.183205 0.088394 0.206106 0.074558 0.206106
0 0.599539 0.509269 0.619524 0.509269 0.619524 0.536532 0.599539 0.536532
0 0.905457 0.921483 0.931591 0.921483 0.931591 0.946565 0.905457 0.946565
0 0.941583 0.864776 0.963105 0.864776 0.963105 0.896401 0.941583 0.896401
0 0.930053 0.896401 0.969255 0.896401 0.969255 0.922573 0.930053 0.922573
1 0.036895 0.175573 0.051499 0.175573 0.051499 0.193021 0.036895 0.193021
1 0.061491 0.135223 0.075327 0.135223 0.075327 0.154853 0.061491 0.154853
1 0.080707 0.109051 0.097617 0.109051 0.097617 0.134133 0.080707 0.134133
1 0.080707 0.092693 0.092237 0.092693 0.092237 0.107961 0.080707 0.107961
1 0.079939 0.055616 0.092237 0.055616 0.092237 0.077426 0.079939 0.077426
1 0.124519 0.097055 0.136049 0.097055 0.136049 0.117775 0.124519 0.117775
1 0.086857 0.143948 0.099923 0.143948 0.099923 0.164668 0.086857 0.164668
1 0.105304 0.147219 0.117602 0.147219 0.117602 0.163577 0.105304 0.163577
1 0.113758 0.167939 0.127594 0.167939 0.127594 0.188659 0.113758 0.188659
1 0.023059 0.304253 0.034589 0.304253 0.034589 0.329335 0.023059 0.329335
1 0.032282 0.273719 0.047655 0.273719 0.047655 0.295529 0.032282 0.295529
1 0.041507 0.251908 0.056111 0.251908 0.056111 0.272628 0.041507 0.272628
1 0.032283 0.207198 0.046119 0.207198 0.046119 0.231188 0.032283 0.231188
1 0.000000 0.280262 0.013836 0.280262 0.013836 0.300982 0.000000 0.300982
1 0.020753 0.223555 0.035357 0.223555 0.035357 0.251908 0.020753 0.251908
1 0.070714 0.224645 0.086087 0.224645 0.086087 0.249727 0.070714 0.249727
1 0.051499 0.220283 0.068409 0.220283 0.068409 0.243184 0.051499 0.243184
1 0.060722 0.263904 0.078401 0.263904 0.078401 0.280262 0.060722 0.280262
1 0.078401 0.307525 0.096848 0.307525 0.096848 0.331516 0.078401 0.331516
1 0.153727 0.066521 0.164489 0.066521 0.164489 0.086151 0.153727 0.086151
1 0.177556 0.052344 0.193697 0.052344 0.193697 0.076336 0.177556 0.076336
1 0.192929 0.092694 0.209839 0.092694 0.209839 0.114504 0.192929 0.114504
1 0.156034 0.129771 0.169870 0.129771 0.169870 0.155943 0.156034 0.155943
1 0.142198 0.105779 0.157572 0.105779 0.157572 0.129771 0.142198 0.129771
1 0.177556 0.125409 0.200615 0.125409 0.200615 0.148310 0.177556 0.148310
1 0.142199 0.191931 0.155266 0.191931 0.155266 0.210469 0.142199 0.210469
1 0.148347 0.208288 0.163721 0.208288 0.163721 0.233370 0.148347 0.233370
1 0.188316 0.171211 0.201383 0.171211 0.201383 0.188659 0.188316 0.188659
1 0.220600 0.212649 0.236741 0.212649 0.236741 0.235550 0.220600 0.235550
1 0.225980 0.177754 0.242890 0.177754 0.242890 0.203926 0.225980 0.203926
1 0.237510 0.162487 0.250577 0.162487 0.250577 0.182116 0.237510 0.182116
1 0.234434 0.140676 0.249808 0.140676 0.249808 0.159214 0.234434 0.159214
1 0.208301 0.050163 0.218293 0.050163 0.218293 0.075245 0.208301 0.075245
1 0.215987 0.069792 0.231361 0.069792 0.231361 0.097056 0.215987 0.097056
1 0.222137 0.023991 0.233667 0.023991 0.233667 0.042530 0.222137 0.042530
1 0.232898 0.081789 0.249808 0.081789 0.249808 0.099237 0.232898 0.099237
1 0.249039 0.003272 0.265180 0.003272 0.265180 0.022901 0.249039 0.022901
1 0.263643 0.022901 0.276711 0.022901 0.276711 0.043621 0.263643 0.043621
1 0.269024 0.001090 0.282860 0.001090 0.282860 0.020720 0.269024 0.020720
1 0.259800 0.099236 0.274404 0.099236 0.274404 0.122137 0.259800 0.122137
1 0.277479 0.140676 0.289777 0.140676 0.289777 0.159214 0.277479 0.159214
1 0.277480 0.166848 0.293621 0.166848 0.293621 0.186477 0.277480 0.186477
1 0.290545 0.183206 0.304381 0.183206 0.304381 0.207197 0.290545 0.207197
1 0.272867 0.234460 0.284397 0.234460 0.284397 0.256270 0.272867 0.256270
1 0.287471 0.239913 0.302075 0.239913 0.302075 0.260633 0.287471 0.260633
1 0.283628 0.217012 0.295926 0.217012 0.295926 0.235550 0.283628 0.235550
1 0.265949 0.278081 0.279785 0.278081 0.279785 0.300981 0.265949 0.300981
1 0.259031 0.292257 0.272099 0.292257 0.272099 0.314067 0.259031 0.314067
1 0.247502 0.284624 0.259800 0.284624 0.259800 0.303163 0.247502 0.303163
1 0.056111 0.925845 0.068409 0.925845 0.068409 0.947655 0.056111 0.947655
1 0.114527 0.880043 0.133743 0.880043 0.133743 0.907307 0.114527 0.907307
1 0.215987 0.911668 0.233666 0.911668 0.233666 0.935660 0.215987 0.935660
1 0.264412 0.749183 0.278248 0.749183 0.278248 0.768811 0.264412 0.768811
1 0.277478 0.720828 0.290546 0.720828 0.290546 0.743730 0.277478 0.743730
1 0.312067 0.687023 0.322829 0.687023 0.322829 0.708833 0.312067 0.708833
1 0.317448 0.654307 0.328978 0.654307 0.328978 0.678299 0.317448 0.678299
1 0.342045 0.703380 0.358185 0.703380 0.358185 0.727372 0.342045 0.727372
1 0.170638 0.360960 0.185242 0.360960 0.185242 0.382770 0.170638 0.382770
1 0.188317 0.378408 0.202921 0.378408 0.202921 0.400218 0.188317 0.400218
1 0.928517 0.057797 0.943121 0.057797 0.943121 0.079607 0.928517 0.079607
1 0.870869 0.051253 0.883167 0.051253 0.883167 0.074154 0.870869 0.074154
1 0.844735 0.064340 0.859339 0.064340 0.859339 0.081788 0.844735 0.081788
1 0.813220 0.070883 0.824750 0.070883 0.824750 0.088331 0.813220 0.088331
1 0.818601 0.099236 0.832437 0.099236 0.832437 0.122137 0.818601 0.122137
1 0.807072 0.139586 0.827056 0.139586 0.827056 0.165758 0.807072 0.165758
1 0.825519 0.172301 0.840123 0.172301 0.840123 0.189749 0.825519 0.189749
1 0.864720 0.190840 0.879324 0.190840 0.879324 0.211560 0.864720 0.211560
1 0.863951 0.267176 0.878555 0.267176 0.878555 0.285714 0.863951 0.285714
1 0.853191 0.278081 0.869332 0.278081 0.869332 0.299891 0.853191 0.299891
1 0.904689 0.266085 0.917755 0.266085 0.917755 0.283533 0.904689 0.283533
1 0.882398 0.212650 0.897002 0.212650 0.897002 0.233370 0.882398 0.233370
1 0.658725 0.041440 0.674866 0.041440 0.674866 0.067612 0.658725 0.067612
1 0.699462 0.107961 0.711760 0.107961 0.711760 0.127589 0.699462 0.127589
1 0.692545 0.068702 0.705611 0.068702 0.705611 0.087241 0.692545 0.087241
1 0.684858 0.145038 0.698694 0.145038 0.698694 0.167939 0.684858 0.167939
1 0.669485 0.130862 0.682551 0.130862 0.682551 0.154853 0.669485 0.154853
1 0.674866 0.175572 0.692545 0.175572 0.692545 0.191930 0.674866 0.191930
1 0.669485 0.198474 0.682551 0.198474 0.682551 0.217012 0.669485 0.217012
1 0.614143 0.023992 0.628747 0.023992 0.628747 0.043621 0.614143 0.043621
1 0.627978 0.042530 0.643352 0.042530 0.643352 0.063250 0.627978 0.063250
1 0.607993 0.069792 0.623367 0.069792 0.623367 0.092693 0.607993 0.092693
1 0.598001 0.049073 0.611837 0.049073 0.611837 0.074155 0.598001 0.074155
1 0.594927 0.119956 0.607225 0.119956 0.607225 0.139586 0.594927 0.139586
1 0.594159 0.092694 0.610299 0.092694 0.610299 0.110142 0.594159 0.110142
1 0.632590 0.152672 0.647194 0.152672 0.647194 0.173392 0.632590 0.173392
1 0.653344 0.124318 0.667948 0.124318 0.667948 0.147220 0.653344 0.147220
1 0.630285 0.211560 0.642583 0.211560 0.642583 0.235550 0.630285 0.235550
1 0.628747 0.183206 0.642583 0.183206 0.642583 0.202836 0.628747 0.202836
1 0.649500 0.205016 0.664874 0.205016 0.664874 0.233370 0.649500 0.233370
1 0.534973 0.090513 0.546503 0.090513 0.546503 0.107961 0.534973 0.107961
1 0.498078 0.116685 0.511145 0.116685 0.511145 0.142857 0.498078 0.142857
1 0.515757 0.136315 0.529593 0.136315 0.529593 0.160305 0.515757 0.160305
1 0.502691 0.148309 0.518832 0.148309 0.518832 0.179934 0.502691 0.179934
1 0.518832 0.184296 0.534972 0.184296 0.534972 0.205016 0.518832 0.205016
1 0.544196 0.183206 0.560337 0.183206 0.560337 0.207197 0.544196 0.207197
1 0.551883 0.141766 0.568024 0.141766 0.568024 0.164667 0.551883 0.164667
1 0.352037 0.039259 0.366641 0.039259 0.366641 0.067612 0.352037 0.067612
1 0.348963 0.078517 0.364335 0.078517 0.364335 0.101418 0.348963 0.101418
1 0.315912 0.073064 0.334359 0.073064 0.334359 0.092693 0.315912 0.092693
1 0.323597 0.099237 0.340507 0.099237 0.340507 0.121047 0.323597 0.121047
1 0.336664 0.110142 0.350500 0.110142 0.350500 0.128681 0.336664 0.128681
1 0.336664 0.182115 0.352036 0.182115 0.352036 0.205016 0.336664 0.205016
1 0.310530 0.182115 0.325134 0.182115 0.325134 0.202835 0.310530 0.202835
1 0.338201 0.214831 0.353574 0.214831 0.353574 0.235551 0.338201 0.235551
1 0.325904 0.235550 0.342044 0.235550 0.342044 0.258452 0.325904 0.258452
1 0.308993 0.229008 0.319754 0.229008 0.319754 0.256271 0.308993 0.256271
1 0.345119 0.270447 0.359723 0.270447 0.359723 0.293347 0.345119 0.293347
1 0.320522 0.291167 0.333590 0.291167 0.333590 0.316249 0.320522 0.316249
1 0.327441 0.330425 0.345120 0.330425 0.345120 0.352235 0.327441 0.352235
1 0.299770 0.302072 0.315142 0.302072 0.315142 0.328244 0.299770 0.328244
1 0.295926 0.342421 0.313605 0.342421 0.313605 0.363141 0.295926 0.363141
1 0.282860 0.403490 0.298233 0.403490 0.298233 0.427480 0.282860 0.427480
1 0.292083 0.435115 0.308224 0.435115 0.308224 0.458015 0.292083 0.458015
1 0.230592 0.392585 0.246733 0.392585 0.246733 0.414395 0.230592 0.414395
1 0.230592 0.425299 0.247502 0.425299 0.247502 0.443838 0.230592 0.443838
1 0.251345 0.398037 0.262107 0.398037 0.262107 0.420937 0.251345 0.420937
1 0.205227 0.486368 0.217525 0.486368 0.217525 0.510359 0.205227 0.510359
1 0.220599 0.528898 0.232129 0.528898 0.232129 0.543076 0.220599 0.543076
1 0.242121 0.515813 0.259800 0.515813 0.259800 0.534352 0.242121 0.534352
1 0.388163 0.147219 0.401999 0.147219 0.401999 0.167939 0.388163 0.167939
1 0.404304 0.164667 0.421214 0.164667 0.421214 0.189749 0.404304 0.189749
1 0.415065 0.141767 0.431975 0.141767 0.431975 0.169029 0.415065 0.169029
1 0.425058 0.109051 0.439662 0.109051 0.439662 0.130861 0.425058 0.130861
1 0.411222 0.053435 0.425058 0.053435 0.425058 0.078517 0.411222 0.078517
1 0.397387 0.025082 0.415834 0.025082 0.415834 0.045802 0.397387 0.045802
1 0.372790 0.176664 0.386626 0.176664 0.386626 0.200654 0.372790 0.200654
1 0.320522 0.140677 0.335895 0.140677 0.335895 0.167939 0.320522 0.167939
1 0.355880 0.318430 0.368178 0.318430 0.368178 0.339150 0.355880 0.339150
1 0.361261 0.219193 0.376634 0.219193 0.376634 0.246455 0.361261 0.246455
1 0.398923 0.286804 0.411991 0.286804 0.411991 0.314067 0.398923 0.314067
1 0.405841 0.227918 0.418909 0.227918 0.418909 0.255181 0.405841 0.255181
1 0.368947 0.345693 0.392007 0.345693 0.392007 0.365322 0.368947 0.365322
1 0.279785 0.364232 0.293621 0.364232 0.293621 0.387132 0.279785 0.387132
1 0.272867 0.436206 0.287471 0.436206 0.287471 0.455835 0.272867 0.455835
1 0.249807 0.467830 0.262875 0.467830 0.262875 0.488550 0.249807 0.488550
1 0.299769 0.392585 0.312837 0.392585 0.312837 0.415485 0.299769 0.415485
1 0.297463 0.363141 0.318217 0.363141 0.318217 0.387132 0.297463 0.387132
1 0.315912 0.459106 0.332052 0.459106 0.332052 0.476554 0.315912 0.476554
1 0.322061 0.428571 0.340508 0.428571 0.340508 0.440567 0.322061 0.440567
1 0.332052 0.378408 0.346656 0.378408 0.346656 0.404580 0.332052 0.404580
1 0.325135 0.398037 0.335127 0.398037 0.335127 0.423119 0.325135 0.423119
1 0.346656 0.332607 0.360492 0.332607 0.360492 0.356598 0.346656 0.356598
1 0.335895 0.299891 0.345119 0.299891 0.345119 0.318429 0.335895 0.318429
1 0.348193 0.306434 0.359723 0.306434 0.359723 0.324972 0.348193 0.324972
1 0.441967 0.147220 0.455803 0.147220 0.455803 0.166849 0.441967 0.166849
1 0.460415 0.116686 0.473483 0.116686 0.473483 0.145039 0.460415 0.145039
1 0.462720 0.146129 0.473481 0.146129 0.473481 0.159215 0.462720 0.159215
1 0.443505 0.015267 0.457341 0.015267 0.457341 0.039259 0.443505 0.039259
1 0.455035 0.035987 0.471175 0.035987 0.471175 0.062159 0.455035 0.062159
1 0.476556 0.033805 0.489624 0.033805 0.489624 0.056706 0.476556 0.056706
1 0.441968 0.210469 0.457340 0.210469 0.457340 0.231189 0.441968 0.231189
1 0.437356 0.189749 0.451960 0.189749 0.451960 0.212650 0.437356 0.212650
1 0.408147 0.199564 0.424288 0.199564 0.424288 0.222465 0.408147 0.222465
1 0.526519 0.027263 0.542659 0.027263 0.542659 0.056707 0.526519 0.056707
1 0.558801 0.089422 0.575711 0.089422 0.575711 0.112323 0.558801 0.112323
1 0.575711 0.121047 0.590315 0.121047 0.590315 0.146129 0.575711 0.146129
1 0.582628 0.065431 0.598769 0.065431 0.598769 0.090513 0.582628 0.090513
1 0.593390 0.170120 0.611069 0.170120 0.611069 0.187568 0.593390 0.187568
1 0.600307 0.151581 0.614143 0.151581 0.614143 0.169029 0.600307 0.169029
1 0.612606 0.158124 0.624904 0.158124 0.624904 0.178844 0.612606 0.178844
1 0.651038 0.009815 0.667179 0.009815 0.667179 0.031625 0.651038 0.031625
1 0.741737 0.079608 0.758647 0.079608 0.758647 0.101418 0.741737 0.101418
1 0.742506 0.061069 0.756342 0.061069 0.756342 0.078517 0.742506 0.078517
1 0.706379 0.041440 0.720215 0.041440 0.720215 0.071974 0.706379 0.071974
1 0.720983 0.028353 0.734050 0.028353 0.734050 0.050163 0.720983 0.050163
1 0.778632 0.039259 0.792468 0.039259 0.792468 0.057798 0.778632 0.057798
1 0.704074 0.155943 0.718678 0.155943 0.718678 0.177753 0.704074 0.177753
1 0.704074 0.183206 0.718678 0.183206 0.718678 0.203926 0.704074 0.203926
1 0.708686 0.222464 0.723290 0.222464 0.723290 0.251908 0.708686 0.251908
1 0.722522 0.196293 0.738662 0.196293 0.738662 0.220283 0.722522 0.220283
1 0.730977 0.155943 0.741738 0.155943 0.741738 0.178844 0.730977 0.178844
1 0.747887 0.176663 0.764027 0.176663 0.764027 0.197383 0.747887 0.197383
1 0.755572 0.208288 0.773251 0.208288 0.773251 0.230098 0.755572 0.230098
1 0.744042 0.255180 0.759416 0.255180 0.759416 0.280262 0.744042 0.280262
1 0.736356 0.280261 0.752497 0.280261 0.752497 0.299891 0.736356 0.299891
1 0.717909 0.285714 0.733283 0.285714 0.733283 0.307524 0.717909 0.307524
1 0.673328 0.267176 0.689469 0.267176 0.689469 0.285714 0.673328 0.285714
1 0.720983 0.271537 0.731745 0.271537 0.731745 0.285714 0.720983 0.285714
1 0.760184 0.107961 0.775558 0.107961 0.775558 0.133043 0.760184 0.133043
1 0.769408 0.149400 0.781706 0.149400 0.781706 0.166848 0.769408 0.166848
1 0.770946 0.128680 0.787087 0.128680 0.787087 0.149400 0.770946 0.149400
1 0.753267 0.329335 0.767871 0.329335 0.767871 0.354417 0.753267 0.354417
1 0.758648 0.280262 0.774788 0.280262 0.774788 0.306434 0.758648 0.306434
1 0.694082 0.339150 0.710222 0.339150 0.710222 0.362050 0.694082 0.362050
1 0.710992 0.345693 0.725596 0.345693 0.725596 0.365322 0.710992 0.365322
1 0.727132 0.382770 0.742506 0.382770 0.742506 0.403490 0.727132 0.403490
1 0.445811 0.243184 0.462721 0.243184 0.462721 0.262813 0.445811 0.262813
1 0.450423 0.275900 0.466563 0.275900 0.466563 0.298800 0.450423 0.298800
1 0.433513 0.260632 0.448885 0.260632 0.448885 0.280261 0.433513 0.280261
1 0.428901 0.281353 0.443505 0.281353 0.443505 0.300982 0.428901 0.300982
1 0.435818 0.304253 0.448886 0.304253 0.448886 0.333697 0.435818 0.333697
1 0.452729 0.300981 0.467333 0.300981 0.467333 0.321701 0.452729 0.321701
1 0.469639 0.237732 0.484243 0.237732 0.484243 0.262814 0.469639 0.262814
1 0.477326 0.188659 0.493466 0.188659 0.493466 0.208288 0.477326 0.208288
1 0.499616 0.272628 0.514220 0.272628 0.514220 0.293348 0.499616 0.293348
1 0.488855 0.321701 0.504228 0.321701 0.504228 0.338059 0.488855 0.338059
1 0.486549 0.360959 0.503459 0.360959 0.503459 0.380588 0.486549 0.380588
1 0.508840 0.386041 0.526519 0.386041 0.526519 0.406761 0.508840 0.406761
1 0.541891 0.220283 0.558032 0.220283 0.558032 0.245365 0.541891 0.245365
1 0.543427 0.249727 0.561106 0.249727 0.561106 0.271537 0.543427 0.271537
1 0.560338 0.210469 0.574942 0.210469 0.574942 0.236641 0.560338 0.236641
1 0.040738 0.592148 0.054574 0.592148 0.054574 0.612868 0.040738 0.612868
1 0.176018 0.550708 0.184473 0.550708 0.184473 0.569248 0.176018 0.569248
1 0.178324 0.539803 0.195234 0.539803 0.195234 0.553981 0.178324 0.553981
1 0.291314 0.885496 0.305918 0.885496 0.305918 0.902944 0.291314 0.902944
1 0.375096 0.921483 0.389700 0.921483 0.389700 0.938931 0.375096 0.938931
1 0.395080 0.967285 0.408916 0.967285 0.408916 0.986913 0.395080 0.986913
1 0.401230 0.908397 0.418140 0.908397 0.418140 0.925845 0.401230 0.925845
1 0.424290 0.938931 0.440431 0.938931 0.440431 0.957471 0.424290 0.957471
1 0.431975 0.906217 0.446579 0.906217 0.446579 0.925845 0.431975 0.925845
1 0.438893 0.864776 0.453497 0.864776 0.453497 0.885496 0.438893 0.885496
1 0.452729 0.890949 0.469639 0.890949 0.469639 0.912759 0.452729 0.912759
1 0.432744 0.779717 0.441968 0.779717 0.441968 0.794983 0.432744 0.794983
1 0.456572 0.801527 0.471944 0.801527 0.471944 0.821155 0.456572 0.821155
1 0.362029 0.675028 0.373559 0.675028 0.373559 0.694656 0.362029 0.694656
1 0.342045 0.653217 0.357417 0.653217 0.357417 0.682661 0.342045 0.682661
1 0.344351 0.624864 0.358955 0.624864 0.358955 0.644492 0.344351 0.644492
1 0.362029 0.637949 0.376633 0.637949 0.376633 0.660851 0.362029 0.660851
1 0.333590 0.624864 0.345888 0.624864 0.345888 0.652127 0.333590 0.652127
1 0.292852 0.711015 0.307456 0.711015 0.307456 0.730644 0.292852 0.730644
1 0.295927 0.688113 0.312067 0.688113 0.312067 0.713195 0.295927 0.713195
1 0.314373 0.547437 0.332052 0.547437 0.332052 0.572519 0.314373 0.572519
1 0.324367 0.579063 0.340507 0.579063 0.340507 0.606326 0.324367 0.606326
1 0.348193 0.589967 0.362029 0.589967 0.362029 0.615049 0.348193 0.615049
1 0.365104 0.603054 0.378940 0.603054 0.378940 0.625955 0.365104 0.625955
1 0.365872 0.571429 0.377402 0.571429 0.377402 0.593239 0.365872 0.593239
1 0.327441 0.517994 0.342045 0.517994 0.342045 0.539804 0.327441 0.539804
1 0.300539 0.465649 0.316680 0.465649 0.316680 0.491821 0.300539 0.491821
1 0.338971 0.505997 0.355111 0.505997 0.355111 0.528899 0.338971 0.528899
1 0.354343 0.515813 0.369715 0.515813 0.369715 0.537623 0.354343 0.537623
1 0.355880 0.436205 0.373559 0.436205 0.373559 0.458015 0.355880 0.458015
1 0.355880 0.462377 0.368948 0.462377 0.368948 0.482007 0.355880 0.482007
1 0.369716 0.474373 0.385856 0.474373 0.385856 0.500545 0.369716 0.500545
1 0.339739 0.366412 0.354343 0.366412 0.354343 0.388222 0.339739 0.388222
1 0.352037 0.370775 0.363567 0.370775 0.363567 0.399127 0.352037 0.399127
1 0.375864 0.420938 0.391237 0.420938 0.391237 0.439476 0.375864 0.439476
1 0.401998 0.418756 0.419677 0.418756 0.419677 0.438385 0.401998 0.438385
1 0.396618 0.462377 0.411222 0.462377 0.411222 0.484187 0.396618 0.484187
1 0.411991 0.487459 0.425827 0.487459 0.425827 0.512541 0.411991 0.512541
1 0.437357 0.359869 0.453497 0.359869 0.453497 0.380589 0.437357 0.380589
1 0.432745 0.377318 0.448885 0.377318 0.448885 0.401309 0.432745 0.401309
1 0.444274 0.406761 0.456572 0.406761 0.456572 0.424209 0.444274 0.424209
1 0.425826 0.440567 0.444273 0.440567 0.444273 0.462377 0.425826 0.462377
1 0.423521 0.464558 0.439661 0.464558 0.439661 0.488549 0.423521 0.488549
1 0.451959 0.448201 0.465027 0.448201 0.465027 0.470011 0.451959 0.470011
1 0.445811 0.472192 0.458109 0.472192 0.458109 0.492912 0.445811 0.492912
1 0.387394 0.600872 0.401230 0.600872 0.401230 0.624864 0.387394 0.624864
1 0.395081 0.576881 0.408148 0.576881 0.408148 0.598691 0.395081 0.598691
1 0.415834 0.577971 0.433513 0.577971 0.433513 0.601963 0.415834 0.601963
1 0.426595 0.547437 0.440431 0.547437 0.440431 0.569247 0.426595 0.569247
1 0.436587 0.575790 0.449655 0.575790 0.449655 0.607415 0.436587 0.607415
1 0.466564 0.616140 0.485780 0.616140 0.485780 0.633588 0.466564 0.633588
1 0.497310 0.617230 0.511914 0.617230 0.511914 0.639040 0.497310 0.639040
1 0.481168 0.576881 0.493466 0.576881 0.493466 0.593239 0.481168 0.593239
1 0.495004 0.588877 0.505765 0.588877 0.505765 0.608505 0.495004 0.608505
1 0.492698 0.553980 0.506534 0.553980 0.506534 0.574700 0.492698 0.574700
1 0.461953 0.577971 0.471945 0.577971 0.471945 0.596511 0.461953 0.596511
1 0.513451 0.410033 0.534973 0.410033 0.534973 0.430753 0.513451 0.430753
1 0.544196 0.365322 0.562644 0.365322 0.562644 0.381680 0.544196 0.381680
1 0.556495 0.416575 0.568793 0.416575 0.568793 0.436204 0.556495 0.436204
1 0.541122 0.437296 0.555726 0.437296 0.555726 0.455834 0.541122 0.455834
1 0.592620 0.339150 0.607994 0.339150 0.607994 0.360960 0.592620 0.360960
1 0.601076 0.318430 0.613374 0.318430 0.613374 0.335878 0.601076 0.335878
1 0.634896 0.364231 0.648732 0.364231 0.648732 0.388222 0.634896 0.388222
1 0.638740 0.323883 0.654880 0.323883 0.654880 0.343512 0.638740 0.343512
1 0.651037 0.341331 0.664873 0.341331 0.664873 0.358779 0.651037 0.358779
1 0.657187 0.362050 0.671791 0.362050 0.671791 0.380589 0.657187 0.380589
1 0.661030 0.394765 0.677940 0.394765 0.677940 0.415485 0.661030 0.415485
1 0.656418 0.304254 0.673328 0.304254 0.673328 0.323883 0.656418 0.323883
1 0.676403 0.310796 0.693313 0.310796 0.693313 0.331516 0.676403 0.331516
1 0.660261 0.288986 0.674097 0.288986 0.674097 0.303163 0.660261 0.303163
1 0.625672 0.390404 0.643351 0.390404 0.643351 0.413304 0.625672 0.413304
1 0.635665 0.429662 0.647195 0.429662 0.647195 0.446020 0.635665 0.446020
1 0.608763 0.454744 0.625673 0.454744 0.625673 0.476554 0.608763 0.476554
1 0.614144 0.479826 0.630285 0.479826 0.630285 0.502726 0.614144 0.502726
1 0.634127 0.464558 0.649501 0.464558 0.649501 0.486368 0.634127 0.486368
1 0.649501 0.443839 0.667180 0.443839 0.667180 0.462377 0.649501 0.462377
1 0.645657 0.486369 0.662567 0.486369 0.662567 0.509270 0.645657 0.509270
1 0.666410 0.477645 0.680246 0.477645 0.680246 0.503817 0.666410 0.503817
1 0.563412 0.439477 0.578786 0.439477 0.578786 0.462377 0.563412 0.462377
1 0.573406 0.462377 0.586472 0.462377 0.586472 0.480916 0.573406 0.480916
1 0.588009 0.442748 0.602613 0.442748 0.602613 0.464558 0.588009 0.464558
1 0.585703 0.406761 0.599539 0.406761 0.599539 0.427481 0.585703 0.427481
1 0.554189 0.514722 0.568793 0.514722 0.568793 0.539804 0.554189 0.539804
1 0.513451 0.576880 0.525749 0.576880 0.525749 0.595419 0.513451 0.595419
1 0.538048 0.543075 0.552652 0.543075 0.552652 0.561615 0.538048 0.561615
1 0.531898 0.563795 0.547272 0.563795 0.547272 0.585605 0.531898 0.585605
1 0.531899 0.633587 0.544965 0.633587 0.544965 0.660851 0.531899 0.660851
1 0.515757 0.629225 0.529593 0.629225 0.529593 0.656489 0.515757 0.656489
1 0.513451 0.603053 0.525749 0.603053 0.525749 0.623773 0.513451 0.623773
1 0.525750 0.669574 0.538048 0.669574 0.538048 0.693566 0.525750 0.693566
1 0.538817 0.730644 0.554957 0.730644 0.554957 0.754635 0.538817 0.754635
1 0.518063 0.770992 0.531899 0.770992 0.531899 0.791712 0.518063 0.791712
1 0.542659 0.788440 0.564181 0.788440 0.564181 0.806980 0.542659 0.806980
1 0.551883 0.679389 0.570331 0.679389 0.570331 0.702291 0.551883 0.702291
1 0.551883 0.652126 0.566487 0.652126 0.566487 0.672846 0.551883 0.672846
1 0.553421 0.583424 0.568025 0.583424 0.568025 0.604144 0.553421 0.604144
1 0.573405 0.587786 0.585703 0.587786 0.585703 0.615050 0.573405 0.615050
1 0.554958 0.562705 0.566488 0.562705 0.566488 0.577971 0.554958 0.577971
1 0.554190 0.628135 0.572637 0.628135 0.572637 0.648855 0.554190 0.648855
1 0.575711 0.483097 0.584167 0.483097 0.584167 0.498364 0.575711 0.498364
1 0.579554 0.558342 0.593390 0.558342 0.593390 0.570338 0.579554 0.570338
1 0.674097 0.419848 0.685627 0.419848 0.685627 0.442748 0.674097 0.442748
1 0.683320 0.471102 0.697156 0.471102 0.697156 0.495092 0.683320 0.495092
1 0.706380 0.404580 0.723290 0.404580 0.723290 0.429662 0.706380 0.429662
1 0.703306 0.477644 0.720985 0.477644 0.720985 0.502726 0.703306 0.502726
1 0.694082 0.461287 0.707148 0.461287 0.707148 0.474373 0.694082 0.474373
1 0.712529 0.435115 0.725595 0.435115 0.725595 0.458015 0.712529 0.458015
1 0.800922 0.241003 0.812452 0.241003 0.812452 0.270447 0.800922 0.270447
1 0.804766 0.326064 0.817832 0.326064 0.817832 0.350054 0.804766 0.350054
1 0.812452 0.341331 0.829362 0.341331 0.829362 0.367503 0.812452 0.367503
1 0.824750 0.406761 0.840124 0.406761 0.840124 0.424209 0.824750 0.424209
1 0.839354 0.429662 0.853190 0.429662 0.853190 0.447110 0.839354 0.447110
1 0.754804 0.422028 0.769408 0.422028 0.769408 0.439476 0.754804 0.439476
1 0.592621 0.606325 0.602613 0.606325 0.602613 0.634679 0.592621 0.634679
1 0.867794 0.351145 0.881630 0.351145 0.881630 0.370775 0.867794 0.370775
1 0.843198 0.225736 0.855496 0.225736 0.855496 0.243184 0.843198 0.243184
1 0.887779 0.319520 0.913913 0.319520 0.913913 0.344602 0.887779 0.344602
1 0.907763 0.341331 0.926211 0.341331 0.926211 0.364231 0.907763 0.364231
1 0.885472 0.374045 0.903151 0.374045 0.903151 0.406761 0.885472 0.406761
1 0.658724 0.665212 0.672560 0.665212 0.672560 0.683752 0.658724 0.683752
1 0.654881 0.726281 0.669485 0.726281 0.669485 0.747001 0.654881 0.747001
1 0.654881 0.770992 0.666411 0.770992 0.666411 0.788440 0.654881 0.788440
1 0.637971 0.765540 0.650269 0.765540 0.650269 0.785168 0.637971 0.785168
1 0.677171 0.669574 0.691007 0.669574 0.691007 0.692476 0.677171 0.692476
1 0.693314 0.664123 0.709454 0.664123 0.709454 0.683751 0.693314 0.683751
1 0.697925 0.631406 0.710991 0.631406 0.710991 0.655398 0.697925 0.655398
1 0.744043 0.627045 0.755573 0.627045 0.755573 0.647765 0.744043 0.647765
1 0.737125 0.681570 0.751729 0.681570 0.751729 0.703380 0.737125 0.703380
1 0.749424 0.702291 0.765564 0.702291 0.765564 0.721919 0.749424 0.721919
1 0.788624 0.667394 0.803228 0.667394 0.803228 0.692476 0.788624 0.692476
1 0.675634 0.499455 0.694082 0.499455 0.694082 0.525627 0.675634 0.525627
1 0.870868 0.860414 0.897002 0.860414 0.897002 0.878954 0.870868 0.878954
1 0.827056 0.917121 0.841660 0.917121 0.841660 0.933479 0.827056 0.933479
1 0.840892 0.845147 0.853958 0.845147 0.853958 0.869139 0.840892 0.869139
1 0.807071 0.808070 0.822445 0.808070 0.822445 0.824428 0.807071 0.824428
1 0.789392 0.814612 0.807840 0.814612 0.807840 0.833152 0.789392 0.833152
1 0.820138 0.725190 0.834742 0.725190 0.834742 0.743730 0.820138 0.743730
1 0.812453 0.684842 0.833206 0.684842 0.833206 0.702290 0.812453 0.702290
1 0.846272 0.736096 0.862413 0.736096 0.862413 0.763359 0.846272 0.763359
1 0.911606 0.728463 0.925442 0.728463 0.925442 0.750273 0.911606 0.750273
1 0.961568 0.709924 0.978478 0.709924 0.978478 0.727372 0.961568 0.727372
1 0.940047 0.685933 0.953113 0.685933 0.953113 0.705561 0.940047 0.705561
1 0.956188 0.302071 0.970792 0.302071 0.970792 0.320610 0.956188 0.320610
1 0.876249 0.453653 0.890085 0.453653 0.890085 0.472192 0.876249 0.472192
1 0.887010 0.440567 0.898540 0.440567 0.898540 0.453653 0.887010 0.453653
1 0.580323 0.709923 0.593390 0.709923 0.593390 0.728463 0.580323 0.728463
1 0.573404 0.741549 0.588778 0.741549 0.588778 0.758997 0.573404 0.758997
1 0.583397 0.809161 0.597233 0.809161 0.597233 0.828789 0.583397 0.828789
1 0.591084 0.787349 0.605688 0.787349 0.605688 0.805889 0.591084 0.805889
1 0.599538 0.848419 0.614912 0.848419 0.614912 0.870229 0.599538 0.870229
1 0.614912 0.798255 0.627210 0.798255 0.627210 0.818975 0.614912 0.818975
1 0.609531 0.825519 0.623367 0.825519 0.623367 0.845147 0.609531 0.845147
1 0.535741 0.838604 0.556495 0.838604 0.556495 0.857144 0.535741 0.857144
1 0.588010 0.902944 0.604151 0.902944 0.604151 0.925845 0.588010 0.925845
1 0.771714 0.799346 0.787855 0.799346 0.787855 0.814612 0.771714 0.814612
1 0.774019 0.873501 0.789393 0.873501 0.789393 0.895311 0.774019 0.895311
1 0.743275 0.934569 0.759416 0.934569 0.759416 0.957471 0.743275 0.957471
1 0.649501 0.893130 0.665641 0.893130 0.665641 0.912758 0.649501 0.912758
1 0.663336 0.839695 0.674866 0.839695 0.674866 0.856053 0.663336 0.856053
1 0.637970 0.828790 0.648732 0.828790 0.648732 0.848418 0.637970 0.848418
1 0.670253 0.769902 0.684089 0.769902 0.684089 0.792803 0.670253 0.792803
1 0.707148 0.796074 0.722522 0.796074 0.722522 0.813522 0.707148 0.813522
1 0.909301 0.425300 0.926211 0.425300 0.926211 0.450382 0.909301 0.450382
1 0.922368 0.404581 0.940047 0.404581 0.940047 0.419848 0.922368 0.419848
1 0.927748 0.458015 0.946964 0.458015 0.946964 0.478735 0.927748 0.478735
1 0.825519 0.458015 0.849347 0.458015 0.849347 0.478735 0.825519 0.478735
1 0.870100 0.531079 0.890853 0.531079 0.890853 0.547437 0.870100 0.547437
1 0.818601 0.503817 0.837049 0.503817 0.837049 0.526718 0.818601 0.526718
1 0.921599 0.477644 0.943121 0.477644 0.943121 0.502726 0.921599 0.502726
1 0.797079 0.014176 0.813989 0.014176 0.813989 0.029443 0.797079 0.029443
1 0.802460 0.089422 0.812452 0.089422 0.812452 0.102508 0.802460 0.102508
1 0.867794 0.147220 0.884704 0.147220 0.884704 0.162486 0.867794 0.162486
1 0.911606 0.110142 0.920830 0.110142 0.920830 0.128681 0.911606 0.128681
1 0.798617 0.161396 0.810915 0.161396 0.810915 0.183206 0.798617 0.183206
1 0.787086 0.189749 0.795542 0.189749 0.795542 0.207197 0.787086 0.207197
1 0.817064 0.194111 0.826288 0.194111 0.826288 0.211559 0.817064 0.211559
1 0.770176 0.171211 0.778632 0.171211 0.778632 0.185388 0.770176 0.185388
1 0.790930 0.185387 0.803228 0.185387 0.803228 0.203925 0.790930 0.203925
1 0.825519 0.194111 0.839355 0.194111 0.839355 0.214831 0.825519 0.214831
1 0.780937 0.221374 0.798616 0.221374 0.798616 0.252999 0.780937 0.252999
1 0.673328 0.231189 0.687164 0.231189 0.687164 0.251909 0.673328 0.251909
1 0.607993 0.212651 0.623367 0.212651 0.623367 0.236642 0.607993 0.236642
1 0.526517 0.164667 0.544196 0.164667 0.544196 0.189749 0.526517 0.189749
1 0.502691 0.183206 0.513452 0.183206 0.513452 0.201744 0.502691 0.201744
1 0.518064 0.275900 0.528825 0.275900 0.528825 0.292258 0.518064 0.292258
1 0.537279 0.292258 0.551115 0.292258 0.551115 0.310796 0.537279 0.310796
1 0.475787 0.282443 0.486548 0.282443 0.486548 0.303163 0.475787 0.303163
1 0.465027 0.264995 0.473481 0.264995 0.473481 0.279172 0.465027 0.279172
1 0.472714 0.264995 0.488854 0.264995 0.488854 0.278081 0.472714 0.278081
1 0.421983 0.237732 0.435051 0.237732 0.435051 0.254090 0.421983 0.254090
1 0.382014 0.230098 0.392775 0.230098 0.392775 0.250818 0.382014 0.250818
1 0.382782 0.200655 0.392006 0.200655 0.392006 0.215921 0.382782 0.215921
1 0.305150 0.269356 0.313605 0.269356 0.313605 0.285714 0.305150 0.285714
1 0.309762 0.286805 0.317448 0.286805 0.317448 0.300982 0.309762 0.300982
1 0.360492 0.254090 0.376633 0.254090 0.376633 0.275900 0.360492 0.275900
1 0.364335 0.280261 0.382014 0.280261 0.382014 0.295529 0.364335 0.295529
1 0.312067 0.208288 0.323597 0.208288 0.323597 0.223554 0.312067 0.223554
1 0.854727 0.213740 0.869331 0.213740 0.869331 0.236642 0.854727 0.236642
1 0.876249 0.294438 0.890085 0.294438 0.890085 0.311886 0.876249 0.311886
1 0.894696 0.299891 0.903920 0.299891 0.903920 0.316249 0.894696 0.316249
1 0.847041 0.241003 0.854727 0.241003 0.854727 0.257361 0.847041 0.257361
1 0.866257 0.319520 0.885473 0.319520 0.885473 0.330426 0.866257 0.330426
1 0.921599 0.283533 0.933129 0.283533 0.933129 0.302072 0.921599 0.302072
1 0.943121 0.328244 0.956187 0.328244 0.956187 0.344602 0.943121 0.344602
1 0.794774 0.352236 0.805535 0.352236 0.805535 0.375136 0.794774 0.375136
1 0.787856 0.399128 0.803997 0.399128 0.803997 0.420938 0.787856 0.420938
1 0.773251 0.410033 0.788625 0.410033 0.788625 0.426391 0.773251 0.426391
1 0.814757 0.298800 0.823213 0.298800 0.823213 0.318429 0.814757 0.318429
1 0.683320 0.358779 0.696387 0.358779 0.696387 0.384951 0.683320 0.384951
1 0.700230 0.371865 0.711760 0.371865 0.711760 0.384951 0.700230 0.384951
1 0.718678 0.308615 0.734819 0.308615 0.734819 0.328244 0.718678 0.328244
1 0.696387 0.298800 0.713297 0.298800 0.713297 0.315158 0.696387 0.315158
1 0.616449 0.341331 0.631053 0.341331 0.631053 0.359870 0.616449 0.359870
1 0.598002 0.740457 0.612606 0.740457 0.612606 0.763359 0.598002 0.763359
1 0.614911 0.765540 0.623367 0.765540 0.623367 0.777536 0.614911 0.777536
1 0.607225 0.772083 0.617217 0.772083 0.617217 0.784079 0.607225 0.784079
1 0.644888 0.709923 0.656418 0.709923 0.656418 0.728463 0.644888 0.728463
1 0.691775 0.732825 0.705611 0.732825 0.705611 0.752453 0.691775 0.752453
1 0.704073 0.730643 0.719446 0.730643 0.719446 0.751363 0.704073 0.751363
1 0.698693 0.695747 0.710991 0.695747 0.710991 0.717557 0.698693 0.717557
1 0.720984 0.707742 0.732514 0.707742 0.732514 0.721920 0.720984 0.721920
1 0.712529 0.655398 0.724059 0.655398 0.724059 0.672846 0.712529 0.672846
1 0.730977 0.706652 0.744043 0.706652 0.744043 0.719738 0.730977 0.719738
1 0.604919 0.654307 0.613375 0.654307 0.613375 0.666303 0.604919 0.666303
1 0.614912 0.643402 0.622598 0.643402 0.622598 0.655398 0.614912 0.655398
1 0.632591 0.645584 0.645657 0.645584 0.645657 0.665212 0.632591 0.665212
1 0.571868 0.567066 0.583398 0.567066 0.583398 0.581244 0.571868 0.581244
1 0.574174 0.544166 0.584166 0.544166 0.584166 0.559432 0.574174 0.559432
1 0.605688 0.558342 0.617218 0.558342 0.617218 0.579062 0.605688 0.579062
1 0.641814 0.553980 0.651806 0.553980 0.651806 0.568158 0.641814 0.568158
1 0.634128 0.531079 0.648732 0.531079 0.648732 0.547437 0.634128 0.547437
1 0.700999 0.512542 0.715603 0.512542 0.715603 0.532170 0.700999 0.532170
1 0.678709 0.525627 0.691007 0.525627 0.691007 0.543075 0.678709 0.543075
1 0.616449 0.546346 0.632590 0.546346 0.632590 0.569248 0.616449 0.569248
1 0.600308 0.600872 0.610300 0.600872 0.610300 0.619412 0.600308 0.619412
1 0.914681 0.694656 0.931591 0.694656 0.931591 0.719738 0.914681 0.719738
1 0.883936 0.694657 0.896234 0.694657 0.896234 0.723010 0.883936 0.723010
1 0.877786 0.748091 0.889316 0.748091 0.889316 0.762269 0.877786 0.762269
1 0.899308 0.765540 0.908532 0.765540 0.908532 0.776444 0.899308 0.776444
1 0.894696 0.735005 0.906226 0.735005 0.906226 0.757907 0.894696 0.757907
1 0.876249 0.730644 0.890085 0.730644 0.890085 0.745910 0.876249 0.745910
1 0.916987 0.666302 0.926979 0.666302 0.926979 0.680480 0.916987 0.680480
1 0.923136 0.764449 0.933128 0.764449 0.933128 0.776445 0.923136 0.776445
1 0.916987 0.770992 0.924673 0.770992 0.924673 0.784078 0.916987 0.784078
1 0.851652 0.774263 0.860876 0.774263 0.860876 0.788441 0.851652 0.788441
1 0.841660 0.781898 0.853958 0.781898 0.853958 0.801526 0.841660 0.801526
1 0.815527 0.623774 0.826288 0.623774 0.826288 0.643402 0.815527 0.643402
1 0.805535 0.619411 0.811684 0.619411 0.811684 0.632497 0.805535 0.632497
1 0.861646 0.545256 0.877787 0.545256 0.877787 0.558342 0.861646 0.558342
1 0.876250 0.560523 0.887011 0.560523 0.887011 0.576881 0.876250 0.576881
1 0.837817 0.599781 0.850115 0.599781 0.850115 0.613959 0.837817 0.613959
1 0.850884 0.587786 0.865488 0.587786 0.865488 0.608506 0.850884 0.608506
1 0.920061 0.605235 0.936202 0.605235 0.936202 0.624863 0.920061 0.624863
1 0.932360 0.624864 0.940046 0.624864 0.940046 0.636860 0.932360 0.636860
1 0.934665 0.657579 0.946195 0.657579 0.946195 0.675027 0.934665 0.675027
1 0.775557 0.528898 0.790161 0.528898 0.790161 0.545256 0.775557 0.545256
1 0.825519 0.560524 0.840123 0.560524 0.840123 0.575790 0.825519 0.575790
1 0.807840 0.536532 0.817064 0.536532 0.817064 0.553980 0.807840 0.553980
1 0.843198 0.539804 0.850884 0.539804 0.850884 0.551800 0.843198 0.551800
1 0.857802 0.488550 0.867794 0.488550 0.867794 0.501636 0.857802 0.501636
1 0.811683 0.473283 0.820907 0.473283 0.820907 0.486369 0.811683 0.486369
1 0.802460 0.504908 0.812452 0.504908 0.812452 0.515813 0.802460 0.515813
1 0.777863 0.494002 0.787855 0.494002 0.787855 0.513631 0.777863 0.513631
1 0.800153 0.548527 0.818601 0.548527 0.818601 0.572519 0.800153 0.572519
1 0.750192 0.558342 0.769408 0.558342 0.769408 0.579062 0.750192 0.579062
1 0.741737 0.585605 0.760185 0.585605 0.760185 0.606325 0.741737 0.606325
1 0.734819 0.656489 0.744043 0.656489 0.744043 0.669575 0.734819 0.669575
1 0.742506 0.655397 0.751730 0.655397 0.751730 0.669575 0.742506 0.669575
1 0.765564 0.773173 0.774020 0.773173 0.774020 0.789531 0.765564 0.789531
1 0.767102 0.748092 0.777094 0.748092 0.777094 0.765540 0.767102 0.765540
1 0.774788 0.745911 0.783244 0.745911 0.783244 0.758997 0.774788 0.758997
1 0.782475 0.768812 0.792467 0.768812 0.792467 0.784079 0.782475 0.784079
1 0.786318 0.835333 0.793236 0.835333 0.793236 0.845147 0.786318 0.845147
1 0.812452 0.893129 0.822444 0.893129 0.822444 0.907307 0.812452 0.907307
1 0.812451 0.864777 0.825518 0.864777 0.825518 0.882225 0.812451 0.882225
1 0.804765 0.865867 0.813989 0.865867 0.813989 0.877863 0.804765 0.877863
1 0.821676 0.887677 0.830131 0.887677 0.830131 0.899673 0.821676 0.899673
1 0.867793 0.973828 0.878555 0.973828 0.878555 0.986914 0.867793 0.986914
1 0.953882 0.970556 0.968486 0.970556 0.968486 0.988004 0.953882 0.988004
1 0.941583 0.984732 0.955419 0.984732 0.955419 0.998910 0.941583 0.998910
1 0.776326 0.962923 0.787856 0.962923 0.787856 0.973827 0.776326 0.973827
1 0.677939 0.941112 0.693312 0.941112 0.693312 0.965104 0.677939 0.965104
1 0.630285 0.913849 0.641046 0.913849 0.641046 0.932389 0.630285 0.932389
1 0.727133 0.858233 0.738663 0.858233 0.738663 0.870229 0.727133 0.870229
1 0.707148 0.889858 0.717909 0.889858 0.717909 0.904036 0.707148 0.904036
1 0.729439 0.897492 0.747887 0.897492 0.747887 0.919302 0.729439 0.919302
1 0.661030 0.694657 0.672560 0.694657 0.672560 0.714285 0.661030 0.714285
1 0.797079 0.640130 0.812453 0.640130 0.812453 0.654308 0.797079 0.654308
1 0.796311 0.622683 0.807072 0.622683 0.807072 0.637949 0.796311 0.637949
1 0.912375 0.584514 0.930822 0.584514 0.930822 0.608506 0.912375 0.608506
1 0.990008 0.617230 1.000000 0.617230 1.000000 0.642312 0.990008 0.642312
1 0.970791 0.635769 0.986164 0.635769 0.986164 0.661941 0.970791 0.661941
1 0.977710 0.575791 0.987702 0.575791 0.987702 0.588877 0.977710 0.588877
1 0.968486 0.560523 0.978478 0.560523 0.978478 0.572519 0.968486 0.572519
1 0.971560 0.403490 0.985396 0.403490 0.985396 0.420938 0.971560 0.420938
1 0.987702 0.453653 1.000000 0.453653 1.000000 0.472192 0.987702 0.472192
1 0.946964 0.515813 0.963105 0.515813 0.963105 0.531079 0.946964 0.531079
1 0.935434 0.353326 0.954650 0.353326 0.954650 0.368594 0.935434 0.368594
1 0.750192 0.141767 0.764796 0.141767 0.764796 0.165758 0.750192 0.165758
1 0.769408 0.259542 0.780938 0.259542 0.780938 0.275900 0.769408 0.275900
1 0.780938 0.261723 0.792468 0.261723 0.792468 0.276991 0.780938 0.276991
1 0.725595 0.249727 0.737125 0.249727 0.737125 0.267175 0.725595 0.267175
1 0.737893 0.233370 0.748655 0.233370 0.748655 0.246456 0.737893 0.246456
1 0.839354 0.201745 0.850884 0.201745 0.850884 0.223555 0.839354 0.223555
1 0.813221 0.118866 0.823213 0.118866 0.823213 0.133043 0.813221 0.133043
1 0.941584 0.123228 0.957724 0.123228 0.957724 0.145038 0.941584 0.145038
1 0.952344 0.095965 0.960800 0.095965 0.960800 0.112323 0.952344 0.112323
1 0.940046 0.095965 0.953882 0.095965 0.953882 0.110142 0.940046 0.110142
1 0.864719 0.241004 0.875480 0.241004 0.875480 0.259543 0.864719 0.259543
1 0.695619 0.274809 0.707917 0.274809 0.707917 0.288986 0.695619 0.288986
1 0.617986 0.434024 0.631053 0.434024 0.631053 0.447110 0.617986 0.447110
1 0.606456 0.431843 0.614912 0.431843 0.614912 0.442749 0.606456 0.442749
1 0.580323 0.425300 0.601845 0.425300 0.601845 0.441658 0.580323 0.441658
1 0.598770 0.480916 0.607226 0.480916 0.607226 0.494002 0.598770 0.494002
1 0.711761 0.620502 0.724827 0.620502 0.724827 0.640130 0.711761 0.640130
1 0.654881 0.628135 0.667179 0.628135 0.667179 0.645583 0.654881 0.645583
1 0.371253 0.378408 0.385089 0.378408 0.385089 0.407852 0.371253 0.407852
1 0.397387 0.348965 0.411991 0.348965 0.411991 0.368594 0.397387 0.368594
1 0.421984 0.360959 0.432745 0.360959 0.432745 0.375136 0.421984 0.375136
1 0.402766 0.329334 0.422752 0.329334 0.422752 0.362050 0.402766 0.362050
1 0.463489 0.343512 0.476557 0.343512 0.476557 0.362050 0.463489 0.362050
1 0.474250 0.381680 0.487318 0.381680 0.487318 0.395857 0.474250 0.395857
1 0.462722 0.394765 0.471176 0.394765 0.471176 0.411123 0.462722 0.411123
1 0.468870 0.401308 0.481168 0.401308 0.481168 0.422028 0.468870 0.422028
1 0.475787 0.343511 0.486548 0.343511 0.486548 0.359869 0.475787 0.359869
1 0.491929 0.405671 0.503459 0.405671 0.503459 0.427481 0.491929 0.427481
1 0.556495 0.267176 0.568025 0.267176 0.568025 0.281353 0.556495 0.281353
1 0.645657 0.286805 0.657187 0.286805 0.657187 0.300982 0.645657 0.300982
1 0.631054 0.067612 0.647195 0.067612 0.647195 0.085060 0.631054 0.085060
1 0.495004 0.087240 0.509608 0.087240 0.509608 0.105779 0.495004 0.105779
1 0.439662 0.126499 0.451960 0.126499 0.451960 0.146128 0.439662 0.146128
1 0.405842 0.101417 0.422752 0.101417 0.422752 0.128681 0.405842 0.128681
1 0.364335 0.027263 0.375096 0.027263 0.375096 0.057797 0.364335 0.057797
1 0.370484 0.001091 0.382782 0.001091 0.382782 0.022901 0.370484 0.022901
1 0.238278 0.031625 0.255188 0.031625 0.255188 0.049073 0.238278 0.049073
1 0.132206 0.076336 0.145272 0.076336 0.145272 0.091603 0.132206 0.091603
1 0.738663 0.121047 0.746349 0.121047 0.746349 0.135223 0.738663 0.135223
1 0.314373 0.025082 0.327441 0.025082 0.327441 0.046892 0.314373 0.046892
1 0.324366 0.000000 0.336664 0.000000 0.336664 0.013086 0.324366 0.013086
1 0.330516 0.014177 0.338971 0.014177 0.338971 0.027263 0.330516 0.027263
1 0.335127 0.042530 0.344351 0.042530 0.344351 0.054526 0.335127 0.054526
1 0.118371 0.236641 0.134512 0.236641 0.134512 0.257361 0.118371 0.257361
1 0.124520 0.215922 0.137587 0.215922 0.137587 0.230099 0.124520 0.230099
1 0.123751 0.200654 0.138355 0.200654 0.138355 0.218102 0.123751 0.218102
1 0.059185 0.188659 0.070715 0.188659 0.070715 0.208288 0.059185 0.208288
1 0.044581 0.188659 0.059185 0.188659 0.059185 0.208288 0.044581 0.208288
1 0.210608 0.159215 0.223674 0.159215 0.223674 0.183205 0.210608 0.183205
1 0.201383 0.215921 0.212913 0.215921 0.212913 0.232279 0.201383 0.232279
1 0.204458 0.231189 0.220600 0.231189 0.220600 0.255180 0.204458 0.255180
1 0.313605 0.157033 0.322059 0.157033 0.322059 0.176663 0.313605 0.176663
1 0.234435 0.098146 0.252883 0.098146 0.252883 0.115594 0.234435 0.115594
1 0.102229 0.201745 0.112221 0.201745 0.112221 0.219193 0.102229 0.219193
1 0.111453 0.197383 0.121445 0.197383 0.121445 0.211560 0.111453 0.211560
1 0.006149 0.206106 0.019985 0.206106 0.019985 0.225736 0.006149 0.225736
1 0.059954 0.158125 0.073021 0.158125 0.073021 0.172301 0.059954 0.172301
1 0.183705 0.274810 0.198309 0.274810 0.198309 0.303163 0.183705 0.303163
1 0.192928 0.295529 0.204458 0.295529 0.204458 0.311887 0.192928 0.311887
1 0.192929 0.354416 0.207533 0.354416 0.207533 0.369683 0.192929 0.369683
1 0.207533 0.441658 0.225212 0.441658 0.225212 0.459106 0.207533 0.459106
1 0.199078 0.411123 0.209070 0.411123 0.209070 0.426391 0.199078 0.426391
1 0.205226 0.394766 0.220600 0.394766 0.220600 0.416576 0.205226 0.416576
1 0.253651 0.437296 0.265181 0.437296 0.265181 0.454744 0.253651 0.454744
1 0.267487 0.402398 0.275173 0.402398 0.275173 0.420937 0.267487 0.420937
1 0.262875 0.391493 0.278247 0.391493 0.278247 0.405670 0.262875 0.405670
1 0.262106 0.355507 0.275942 0.355507 0.275942 0.386041 0.262106 0.386041
1 0.279785 0.311887 0.292083 0.311887 0.292083 0.338059 0.279785 0.338059
1 0.335896 0.460196 0.350500 0.460196 0.350500 0.489640 0.335896 0.489640
1 0.326672 0.486369 0.338970 0.486369 0.338970 0.504908 0.326672 0.504908
1 0.336664 0.407851 0.344350 0.407851 0.344350 0.423119 0.336664 0.423119
1 0.372022 0.446020 0.386626 0.446020 0.386626 0.460197 0.372022 0.460197
1 0.380477 0.499455 0.392775 0.499455 0.392775 0.516903 0.380477 0.516903
1 0.390469 0.488550 0.400461 0.488550 0.400461 0.505998 0.390469 0.505998
1 0.365873 0.501635 0.378171 0.501635 0.378171 0.515813 0.365873 0.515813
1 0.391238 0.534352 0.407378 0.534352 0.407378 0.549619 0.391238 0.549619
1 0.438893 0.503817 0.456572 0.503817 0.456572 0.526718 0.438893 0.526718
1 0.455035 0.528898 0.465796 0.528898 0.465796 0.545256 0.455035 0.545256
1 0.508840 0.547437 0.518832 0.547437 0.518832 0.569247 0.508840 0.569247
1 0.492697 0.636859 0.505764 0.636859 0.505764 0.655398 0.492697 0.655398
1 0.740969 0.476554 0.753267 0.476554 0.753267 0.490731 0.740969 0.490731
1 0.823213 0.476554 0.836279 0.476554 0.836279 0.496183 0.823213 0.496183
1 0.609531 0.966194 0.621061 0.966194 0.621061 0.986914 0.609531 0.986914
1 0.599539 0.941112 0.613375 0.941112 0.613375 0.966194 0.599539 0.966194
1 0.540354 0.885496 0.556495 0.885496 0.556495 0.906216 0.540354 0.906216
1 0.561107 0.873500 0.572637 0.873500 0.572637 0.894220 0.561107 0.894220
1 0.573405 0.920392 0.583397 0.920392 0.583397 0.936750 0.573405 0.936750
1 0.479631 0.861505 0.491161 0.861505 0.491161 0.877863 0.479631 0.877863
1 0.482706 0.758997 0.495004 0.758997 0.495004 0.778625 0.482706 0.778625
1 0.395849 0.798255 0.409685 0.798255 0.409685 0.823337 0.395849 0.823337
1 0.421215 0.812432 0.428901 0.812432 0.428901 0.822246 0.421215 0.822246
1 0.411222 0.778626 0.418908 0.778626 0.418908 0.790622 0.411222 0.790622
1 0.541122 0.673937 0.553420 0.673937 0.553420 0.689203 0.541122 0.689203
1 0.296694 0.117775 0.307455 0.117775 0.307455 0.145038 0.296694 0.145038
1 0.373559 0.126499 0.382014 0.126499 0.382014 0.147219 0.373559 0.147219
1 0.345119 0.138495 0.355880 0.138495 0.355880 0.155943 0.345119 0.155943
1 0.391238 0.046893 0.403536 0.046893 0.403536 0.066521 0.391238 0.066521
1 0.860876 0.425299 0.875480 0.425299 0.875480 0.440567 0.860876 0.440567
1 0.823981 0.382770 0.839355 0.382770 0.839355 0.404580 0.823981 0.404580
1 0.666410 0.607416 0.673328 0.607416 0.673328 0.620502 0.666410 0.620502
1 0.655650 0.605235 0.667948 0.605235 0.667948 0.618321 0.655650 0.618321
1 0.053037 0.319520 0.069178 0.319520 0.069178 0.335878 0.053037 0.335878
1 0.055342 0.353326 0.064566 0.353326 0.064566 0.363141 0.055342 0.363141
1 0.000769 0.341331 0.013836 0.341331 0.013836 0.358779 0.000769 0.358779
1 0.544965 0.336969 0.555727 0.336969 0.555727 0.351145 0.544965 0.351145
1 0.688701 0.199564 0.700999 0.199564 0.700999 0.217012 0.688701 0.217012
1 0.655649 0.193021 0.666411 0.193021 0.666411 0.207198 0.655649 0.207198
1 0.338969 0.442748 0.349730 0.442748 0.349730 0.453654 0.338969 0.453654
1 0.092237 0.630317 0.104535 0.630317 0.104535 0.645583 0.092237 0.645583
1 0.092237 0.544166 0.103767 0.544166 0.103767 0.570338 0.092237 0.570338
1 0.116834 0.604145 0.129901 0.604145 0.129901 0.623773 0.116834 0.623773
1 0.073021 0.615049 0.084551 0.615049 0.084551 0.628135 0.073021 0.628135
1 0.054573 0.601964 0.065335 0.601964 0.065335 0.617231 0.054573 0.617231
1 0.112990 0.645583 0.122214 0.645583 0.122214 0.656488 0.112990 0.656488
1 0.266718 0.712105 0.278248 0.712105 0.278248 0.737187 0.266718 0.737187
1 0.255956 0.711014 0.269024 0.711014 0.269024 0.738278 0.255956 0.738278
1 0.372022 0.700109 0.384320 0.700109 0.384320 0.716467 0.372022 0.716467
1 0.557264 0.462377 0.564950 0.462377 0.564950 0.475463 0.557264 0.475463
1 0.574942 0.498364 0.584166 0.498364 0.584166 0.513631 0.574942 0.513631
1 0.356648 0.882225 0.374327 0.882225 0.374327 0.901853 0.356648 0.901853
1 0.313605 0.612867 0.324366 0.612867 0.324366 0.627045 0.313605 0.627045
1 0.339738 0.560523 0.357417 0.560523 0.357417 0.587786 0.339738 0.587786
1 0.354343 0.938931 0.378939 0.938931 0.378939 0.961832 0.354343 0.961832
1 0.201383 0.968374 0.212913 0.968374 0.212913 0.986913 0.201383 0.986913
1 0.202153 0.943293 0.215220 0.943293 0.215220 0.960741 0.202153 0.960741
1 0.239047 0.940022 0.253651 0.940022 0.253651 0.953108 0.239047 0.953108
1 0.285934 0.919303 0.298232 0.919303 0.298232 0.934569 0.285934 0.934569
1 0.262875 0.892039 0.272867 0.892039 0.272867 0.905125 0.262875 0.905125
1 0.353574 0.974918 0.362798 0.974918 0.362798 0.989096 0.353574 0.989096
1 0.135280 0.864776 0.146810 0.864776 0.146810 0.889858 0.135280 0.889858
1 0.062260 0.949836 0.073021 0.949836 0.073021 0.970556 0.062260 0.970556
1 0.072252 0.985823 0.091468 0.985823 0.091468 1.000000 0.072252 1.000000
1 0.570331 0.160305 0.584935 0.160305 0.584935 0.181025 0.570331 0.181025
1 0.972329 0.494002 0.982321 0.494002 0.982321 0.510360 0.972329 0.510360
1 0.966948 0.503817 0.975404 0.503817 0.975404 0.521265 0.966948 0.521265
1 0.265181 0.971646 0.275173 0.971646 0.275173 0.983642 0.265181 0.983642
1 0.218293 0.718648 0.232129 0.718648 0.232129 0.738277 0.218293 0.738277
1 0.929285 0.273718 0.939277 0.273718 0.939277 0.287895 0.929285 0.287895
1 0.820138 0.032716 0.830900 0.032716 0.830900 0.043620 0.820138 0.043620
1 0.342813 0.539804 0.354343 0.539804 0.354343 0.557252 0.342813 0.557252
1 0.124520 0.699018 0.136818 0.699018 0.136818 0.724100 0.124520 0.724100
1 0.197541 0.534351 0.210608 0.534351 0.210608 0.546347 0.197541 0.546347
1 0.175250 0.500545 0.195234 0.500545 0.195234 0.516903 0.175250 0.516903
1 0.132974 0.503817 0.150653 0.503817 0.150653 0.536532 0.132974 0.536532
1 0.182937 0.454744 0.196003 0.454744 0.196003 0.477644 0.182937 0.477644
1 0.169870 0.477644 0.182937 0.477644 0.182937 0.492912 0.169870 0.492912
1 0.050730 0.163577 0.059954 0.163577 0.059954 0.177754 0.050730 0.177754
1 0.073021 0.114504 0.081475 0.114504 0.081475 0.130862 0.073021 0.130862
1 0.984627 0.016358 0.993083 0.016358 0.993083 0.029444 0.984627 0.029444
1 0.787856 0.901853 0.797848 0.901853 0.797848 0.920393 0.787856 0.920393
1 0.775557 0.904035 0.790161 0.904035 0.790161 0.920393 0.775557 0.920393
1 0.744043 0.835333 0.764027 0.835333 0.764027 0.865867 0.744043 0.865867
1 0.808608 0.744820 0.817064 0.744820 0.817064 0.762268 0.808608 0.762268
1 0.820138 0.658670 0.831668 0.658670 0.831668 0.676118 0.820138 0.676118
1 0.683320 0.431843 0.696387 0.431843 0.696387 0.453653 0.683320 0.453653
1 0.700231 0.446020 0.710223 0.446020 0.710223 0.459106 0.700231 0.459106
1 0.378171 0.556162 0.393543 0.556162 0.393543 0.577972 0.378171 0.577972
1 0.388163 0.581244 0.398155 0.581244 0.398155 0.596510 0.388163 0.596510
1 0.587240 0.479825 0.595696 0.479825 0.595696 0.495092 0.587240 0.495092
1 0.531899 0.523446 0.544197 0.523446 0.544197 0.536532 0.531899 0.536532
1 0.511145 0.025082 0.523443 0.025082 0.523443 0.046892 0.511145 0.046892
1 0.425826 0.611777 0.442736 0.611777 0.442736 0.623773 0.425826 0.623773
1 0.417371 0.400218 0.429669 0.400218 0.429669 0.416576 0.417371 0.416576
1 0.409685 0.447109 0.423521 0.447109 0.423521 0.465648 0.409685 0.465648
1 0.900845 0.680479 0.907763 0.680479 0.907763 0.699018 0.900845 0.699018
1 0.736356 0.909488 0.747117 0.909488 0.747117 0.924754 0.736356 0.924754
1 0.621061 0.882225 0.628747 0.882225 0.628747 0.892039 0.621061 0.892039
1 0.636433 0.899673 0.647963 0.899673 0.647963 0.916031 0.636433 0.916031
1 0.634896 0.753545 0.645657 0.753545 0.645657 0.764450 0.634896 0.764450
1 0.714834 0.606325 0.723290 0.606325 0.723290 0.618321 0.714834 0.618321
1 0.727901 0.618320 0.736357 0.618320 0.736357 0.630316 0.727901 0.630316
1 0.631053 0.254089 0.642583 0.254089 0.642583 0.270447 0.631053 0.270447
1 0.284397 0.104690 0.292083 0.104690 0.292083 0.118866 0.284397 0.118866
1 0.009224 0.310796 0.019985 0.310796 0.019985 0.328244 0.009224 0.328244
1 0.647194 0.986914 0.665641 0.986914 0.665641 1.000000 0.647194 1.000000
1 0.771715 0.392585 0.784782 0.392585 0.784782 0.407852 0.771715 0.407852
1 0.787856 0.359869 0.797848 0.359869 0.797848 0.376227 0.787856 0.376227
1 0.760953 0.620502 0.772483 0.620502 0.772483 0.640130 0.760953 0.640130
1 0.257494 0.824427 0.266718 0.824427 0.266718 0.847329 0.257494 0.847329
1 0.631053 0.628136 0.647963 0.628136 0.647963 0.647764 0.631053 0.647764
1 0.000769 0.441658 0.011529 0.441658 0.011529 0.472192 0.000769 0.472192
1 0.142198 0.439477 0.152190 0.439477 0.152190 0.452563 0.142198 0.452563
1 0.993850 0.015267 0.999999 0.015267 0.999999 0.033807 0.993850 0.033807
1 0.091468 0.225737 0.099154 0.225737 0.099154 0.236642 0.091468 0.236642
1 0.057647 0.282442 0.066102 0.282442 0.066102 0.293348 0.057647 0.293348
1 0.989239 0.856052 0.998463 0.856052 0.998463 0.872410 0.989239 0.872410
1 0.430438 0.028354 0.440430 0.028354 0.440430 0.058888 0.430438 0.058888
1 0.454266 0.007633 0.464258 0.007633 0.464258 0.019629 0.454266 0.019629
1 0.840123 0.079607 0.847809 0.079607 0.847809 0.090512 0.840123 0.090512
1 0.705611 0.078517 0.714835 0.078517 0.714835 0.098146 0.705611 0.098146
1 0.651038 0.074155 0.663336 0.074155 0.663336 0.090513 0.651038 0.090513
1 0.467333 0.205016 0.481169 0.205016 0.481169 0.221374 0.467333 0.221374
1 0.514220 0.222465 0.525750 0.222465 0.525750 0.244275 0.514220 0.244275
1 0.320522 0.256270 0.328977 0.256270 0.328977 0.268266 0.320522 0.268266
1 0.343582 0.256271 0.352806 0.256271 0.352806 0.269357 0.343582 0.269357
1 0.259800 0.485279 0.270562 0.485279 0.270562 0.513632 0.259800 0.513632
1 0.698693 0.526718 0.708685 0.526718 0.708685 0.541984 0.698693 0.541984
1 0.282091 0.971646 0.292083 0.971646 0.292083 0.990186 0.282091 0.990186
1 0.312067 0.966194 0.322829 0.966194 0.322829 0.979280 0.312067 0.979280
1 0.617986 0.588877 0.629516 0.588877 0.629516 0.610687 0.617986 0.610687
1 0.554190 0.377317 0.562645 0.377317 0.562645 0.392585 0.554190 0.392585
1 0.393543 0.319520 0.401998 0.319520 0.401998 0.334788 0.393543 0.334788
1 0.563412 0.279171 0.571868 0.279171 0.571868 0.291167 0.563412 0.291167
1 0.572636 0.281352 0.579554 0.281352 0.579554 0.292258 0.572636 0.292258
1 0.571867 0.267175 0.580323 0.267175 0.580323 0.279171 0.571867 0.279171
1 0.554190 0.290077 0.560338 0.290077 0.560338 0.299892 0.554190 0.299892
1 0.542659 0.284623 0.553420 0.284623 0.553420 0.294438 0.542659 0.294438
1 0.847041 0.507088 0.856265 0.507088 0.856265 0.521266 0.847041 0.521266
1 0.138355 0.928026 0.148347 0.928026 0.148347 0.946566 0.138355 0.946566
1 0.687164 0.885496 0.698694 0.885496 0.698694 0.899674 0.687164 0.899674
1 0.687933 0.866957 0.700999 0.866957 0.700999 0.881135 0.687933 0.881135
1 0.678708 0.871319 0.692544 0.871319 0.692544 0.887677 0.678708 0.887677
1 0.956956 0.730643 0.966180 0.730643 0.966180 0.742639 0.956956 0.742639
1 0.859339 0.468920 0.873943 0.468920 0.873943 0.480916 0.859339 0.480916
1 0.622598 0.418757 0.631822 0.418757 0.631822 0.431843 0.622598 0.431843
1 0.582629 0.269356 0.594159 0.269356 0.594159 0.292257 0.582629 0.292257
1 0.522676 0.250818 0.538817 0.250818 0.538817 0.272628 0.522676 0.272628
1 0.157571 0.370774 0.171407 0.370774 0.171407 0.396946 0.157571 0.396946
1 0.174481 0.394765 0.188317 0.394765 0.188317 0.414394 0.174481 0.414394
1 0.242121 0.300982 0.253651 0.300982 0.253651 0.318430 0.242121 0.318430
1 0.117602 0.648855 0.126826 0.648855 0.126826 0.663032 0.117602 0.663032
1 0.540353 0.610688 0.551883 0.610688 0.551883 0.630316 0.540353 0.630316
1 0.850884 0.677208 0.866257 0.677208 0.866257 0.694656 0.850884 0.694656
1 0.844735 0.676117 0.852421 0.676117 0.852421 0.690295 0.844735 0.690295
1 0.891622 0.625954 0.899308 0.625954 0.899308 0.646674 0.891622 0.646674
1 0.880092 0.622682 0.892390 0.622682 0.892390 0.641221 0.880092 0.641221
1 0.963874 0.671756 0.977710 0.671756 0.977710 0.691384 0.963874 0.691384
1 0.953113 0.660851 0.967717 0.660851 0.967717 0.678299 0.953113 0.678299
1 0.418140 0.513632 0.431976 0.513632 0.431976 0.533260 0.418140 0.533260
1 0.352806 0.111232 0.365104 0.111232 0.365104 0.137404 0.352806 0.137404
1 0.363566 0.154853 0.377402 0.154853 0.377402 0.182115 0.363566 0.182115
