1 0.187684 0.199357 0.243402 0.199357 0.243402 0.257235 0.187684 0.257235
1 0.032258 0.485530 0.093842 0.485530 0.093842 0.533762 0.032258 0.533762
1 0.061583 0.710611 0.123167 0.710611 0.123167 0.797427 0.061583 0.797427
2 0.595309 0.765274 0.665690 0.765274 0.665690 0.852090 0.595309 0.852090
2 0.677419 0.871382 0.759530 0.871382 0.759530 0.964630 0.677419 0.964630
2 0.563050 0.694534 0.648094 0.694534 0.648094 0.771704 0.563050 0.771704
2 0.381232 0.334405 0.472141 0.334405 0.472141 0.459807 0.381232 0.459807
2 0.328446 0.173633 0.398827 0.173633 0.398827 0.266881 0.328446 0.266881
2 0.105572 0.347268 0.184751 0.347268 0.184751 0.475884 0.105572 0.475884
3 0.879765 0.726689 0.967742 0.726689 0.967742 0.823152 0.879765 0.823152
3 0.862170 0.553055 0.944281 0.553055 0.944281 0.697750 0.862170 0.697750
3 0.782991 0.594855 0.847507 0.594855 0.847507 0.688103 0.782991 0.688103
3 0.753666 0.684887 0.838710 0.684887 0.838710 0.765273 0.753666 0.765273
3 0.275660 0.353698 0.375366 0.353698 0.375366 0.491962 0.275660 0.491962
3 0.249267 0.591640 0.372434 0.591640 0.372434 0.704180 0.249267 0.704180
3 0.428152 0.131833 0.533724 0.131833 0.533724 0.289389 0.428152 0.289389
3 0.551320 0.421222 0.627566 0.421222 0.627566 0.556270 0.551320 0.556270
3 0.375366 0.003215 0.463343 0.003215 0.463343 0.135049 0.375366 0.135049
3 0.255132 0.057877 0.360704 0.057877 0.360704 0.189711 0.255132 0.189711
3 0.096775 0.109325 0.199413 0.109325 0.199413 0.247589 0.096775 0.247589
