0 0.768519 0.486239 0.800265 0.486239 0.800265 0.525557 0.768519 0.525557
0 0.650794 0.507209 0.691798 0.507209 0.691798 0.550459 0.650794 0.550459
0 0.830688 0.463958 0.869048 0.463958 0.869048 0.504587 0.830688 0.504587
0 0.784391 0.462648 0.814814 0.462648 0.814814 0.492792 0.784391 0.492792
0 0.272487 0.577981 0.322752 0.577981 0.322752 0.606815 0.272487 0.606815
0 0.257936 0.596331 0.287038 0.596331 0.287038 0.635649 0.257936 0.635649
0 0.843915 0.601573 0.873016 0.601573 0.873016 0.660551 0.843915 0.660551
0 0.944445 0.541285 0.966931 0.541285 0.966931 0.593710 0.944445 0.593710
0 0.941799 0.623853 0.984127 0.623853 0.984127 0.686763 0.941799 0.686763
0 0.952381 0.269987 0.998677 0.269987 0.998677 0.314547 0.952381 0.314547
0 0.747354 0.292267 0.817460 0.292267 0.817460 0.322411 0.747354 0.322411
0 0.703703 0.001311 0.751323 0.001311 0.751323 0.048493 0.703703 0.048493
0 0.079366 0.154653 0.137567 0.154653 0.137567 0.193971 0.079366 0.193971
0 0.101852 0.942333 0.152117 0.942333 0.152117 0.972477 0.101852 0.972477
0 0.083333 0.865007 0.138889 0.865007 0.138889 0.900394 0.083333 0.900394
1 0.416666 0.483617 0.445768 0.483617 0.445768 0.512451 0.416666 0.512451
1 0.464285 0.492792 0.493387 0.492792 0.493387 0.520315 0.464285 0.520315
1 0.497354 0.458716 0.525132 0.458716 0.525132 0.484928 0.497354 0.484928
1 0.465608 0.462648 0.500000 0.462648 0.500000 0.488860 0.465608 0.488860
1 0.474867 0.410222 0.498677 0.410222 0.498677 0.450852 0.474867 0.450852
1 0.448413 0.412845 0.469577 0.412845 0.469577 0.445610 0.448413 0.445610
1 0.420634 0.411533 0.449736 0.411533 0.449736 0.436435 0.420634 0.436435
1 0.359789 0.469201 0.390211 0.469201 0.390211 0.505897 0.359789 0.505897
1 0.402116 0.373526 0.431218 0.373526 0.431218 0.407602 0.402116 0.407602
1 0.437831 0.374836 0.465609 0.374836 0.465609 0.401048 0.437831 0.401048
1 0.465608 0.368283 0.492063 0.368283 0.492063 0.398427 0.465608 0.398427
1 0.501323 0.370904 0.530424 0.370904 0.530424 0.397116 0.501323 0.397116
1 0.470899 0.339450 0.498677 0.339450 0.498677 0.369594 0.470899 0.369594
1 0.449736 0.327654 0.474868 0.327654 0.474868 0.352556 0.449736 0.352556
1 0.567460 0.393184 0.599206 0.393184 0.599206 0.424640 0.567460 0.424640
1 0.551588 0.369593 0.578042 0.369593 0.578042 0.393184 0.551588 0.393184
1 0.560847 0.332897 0.587301 0.332897 0.587301 0.360420 0.560847 0.360420
1 0.584655 0.356487 0.613757 0.356487 0.613757 0.391875 0.584655 0.391875
1 0.529100 0.307995 0.559524 0.307995 0.559524 0.326343 0.529100 0.326343
1 0.542328 0.292268 0.564814 0.292268 0.564814 0.311926 0.542328 0.311926
1 0.576719 0.264745 0.607143 0.264745 0.607143 0.290957 0.576719 0.290957
1 0.615080 0.258192 0.648149 0.258192 0.648149 0.294888 0.615080 0.294888
1 0.623015 0.311926 0.656084 0.311926 0.656084 0.339449 0.623015 0.339449
1 0.633598 0.357798 0.679894 0.357798 0.679894 0.382700 0.633598 0.382700
1 0.679895 0.352555 0.706349 0.352555 0.706349 0.381389 0.679895 0.381389
1 0.699735 0.331586 0.734127 0.331586 0.734127 0.360420 0.699735 0.360420
1 0.681218 0.317169 0.701059 0.317169 0.701059 0.342071 0.681218 0.342071
1 0.671957 0.297510 0.691798 0.297510 0.691798 0.318480 0.671957 0.318480
1 0.669311 0.233290 0.698412 0.233290 0.698412 0.263434 0.669311 0.263434
1 0.665345 0.262123 0.685186 0.262123 0.685186 0.283093 0.665345 0.283093
1 0.554233 0.470511 0.585979 0.470511 0.585979 0.500655 0.554233 0.500655
1 0.616401 0.452163 0.645502 0.452163 0.645502 0.479685 0.616401 0.479685
1 0.662699 0.460026 0.689153 0.460026 0.689153 0.486238 0.662699 0.486238
1 0.592592 0.500655 0.623016 0.500655 0.623016 0.526867 0.592592 0.526867
1 0.642857 0.492792 0.664021 0.492792 0.664021 0.511140 0.642857 0.511140
1 0.724867 0.456094 0.753969 0.456094 0.753969 0.488860 0.724867 0.488860
1 0.761904 0.437746 0.792328 0.437746 0.792328 0.467890 0.761904 0.467890
1 0.736772 0.411533 0.771164 0.411533 0.771164 0.432503 0.736772 0.432503
1 0.538360 0.501965 0.559524 0.501965 0.559524 0.533420 0.538360 0.533420
1 0.563493 0.507209 0.589947 0.507209 0.589947 0.539973 0.563493 0.539973
1 0.515873 0.508519 0.541005 0.508519 0.541005 0.538663 0.515873 0.538663
1 0.533069 0.536042 0.567461 0.536042 0.567461 0.563565 0.533069 0.563565
1 0.525132 0.563565 0.556878 0.563565 0.556878 0.589777 0.525132 0.589777
1 0.575397 0.557012 0.609789 0.557012 0.609789 0.591088 0.575397 0.591088
1 0.603174 0.545216 0.641534 0.545216 0.641534 0.574050 0.603174 0.574050
1 0.878307 0.415465 0.904761 0.415465 0.904761 0.448231 0.878307 0.448231
1 0.722222 0.513761 0.759259 0.513761 0.759259 0.542595 0.722222 0.542595
1 0.749999 0.530799 0.779100 0.530799 0.779100 0.559633 0.749999 0.559633
1 0.784391 0.553080 0.814814 0.553080 0.814814 0.576670 0.784391 0.576670
1 0.716931 0.547837 0.746032 0.547837 0.746032 0.576671 0.716931 0.576671
1 0.756614 0.572739 0.783068 0.572739 0.783068 0.597641 0.756614 0.597641
1 0.784391 0.584534 0.812169 0.584534 0.812169 0.621231 0.784391 0.621231
1 0.628306 0.583224 0.657408 0.583224 0.657408 0.612058 0.628306 0.612058
1 0.664021 0.612057 0.691799 0.612057 0.691799 0.640891 0.664021 0.640891
1 0.650794 0.625164 0.675926 0.625164 0.675926 0.659240 0.650794 0.659240
1 0.404761 0.301442 0.431217 0.301442 0.431217 0.336828 0.404761 0.336828
1 0.474867 0.239843 0.507937 0.239843 0.507937 0.260813 0.474867 0.260813
1 0.314815 0.346002 0.338625 0.346002 0.338625 0.382699 0.314815 0.382699
1 0.335979 0.314548 0.361111 0.314548 0.361111 0.342070 0.335979 0.342070
1 0.337302 0.343382 0.355820 0.343382 0.355820 0.361730 0.337302 0.361730
1 0.376983 0.410223 0.406085 0.410223 0.406085 0.427261 0.376983 0.427261
1 0.334657 0.439056 0.371694 0.439056 0.371694 0.462647 0.334657 0.462647
1 0.324073 0.407602 0.346560 0.407602 0.346560 0.440367 0.324073 0.440367
1 0.296296 0.408912 0.317460 0.408912 0.317460 0.439056 0.296296 0.439056
1 0.302910 0.445609 0.334656 0.445609 0.334656 0.473132 0.302910 0.473132
1 0.305555 0.478375 0.332010 0.478375 0.332010 0.511140 0.305555 0.511140
1 0.271164 0.484928 0.306878 0.484928 0.306878 0.515072 0.271164 0.515072
1 0.263228 0.512451 0.298942 0.512451 0.298942 0.542595 0.263228 0.542595
1 0.420634 0.545216 0.443122 0.545216 0.443122 0.574050 0.420634 0.574050
1 0.490740 0.591087 0.513227 0.591087 0.513227 0.627784 0.490740 0.627784
1 0.501323 0.558322 0.529101 0.558322 0.529101 0.600262 0.501323 0.600262
1 0.455026 0.566186 0.482804 0.566186 0.482804 0.588466 0.455026 0.588466
1 0.431217 0.581913 0.462963 0.581913 0.462963 0.617301 0.431217 0.617301
1 0.417990 0.609437 0.448412 0.609437 0.448412 0.639581 0.417990 0.639581
1 0.330688 0.580603 0.366402 0.580603 0.366402 0.621232 0.330688 0.621232
1 0.375661 0.547837 0.399471 0.547837 0.399471 0.568807 0.375661 0.568807
1 0.337301 0.536041 0.370370 0.536041 0.370370 0.571429 0.337301 0.571429
1 0.445767 0.636959 0.489418 0.636959 0.489418 0.661861 0.445767 0.661861
1 0.423280 0.656619 0.451058 0.656619 0.451058 0.686763 0.423280 0.686763
1 0.407408 0.676277 0.432540 0.676277 0.432540 0.703800 0.407408 0.703800
1 0.371694 0.672346 0.404763 0.672346 0.404763 0.702490 0.371694 0.702490
1 0.361111 0.635649 0.386243 0.635649 0.386243 0.665793 0.361111 0.665793
1 0.392857 0.647444 0.419312 0.647444 0.419312 0.672346 0.392857 0.672346
1 0.321429 0.648755 0.350530 0.648755 0.350530 0.674967 0.321429 0.674967
1 0.289683 0.629096 0.325397 0.629096 0.325397 0.659240 0.289683 0.659240
1 0.587302 0.633028 0.609788 0.633028 0.609788 0.655308 0.587302 0.655308
1 0.559524 0.640892 0.591270 0.640892 0.591270 0.664482 0.559524 0.664482
1 0.526456 0.655309 0.552910 0.655309 0.552910 0.678899 0.526456 0.678899
1 0.674603 0.653997 0.702381 0.653997 0.702381 0.688073 0.674603 0.688073
1 0.707672 0.661861 0.734126 0.661861 0.734126 0.692005 0.707672 0.692005
1 0.711641 0.702491 0.738095 0.702491 0.738095 0.730013 0.711641 0.730013
1 0.689153 0.701180 0.712963 0.701180 0.712963 0.723460 0.689153 0.723460
1 0.219577 0.566186 0.255291 0.566186 0.255291 0.592398 0.219577 0.592398
1 0.203703 0.588467 0.227513 0.588467 0.227513 0.612057 0.203703 0.612057
1 0.161376 0.612058 0.210318 0.612058 0.210318 0.635648 0.161376 0.635648
1 0.243387 0.667104 0.280423 0.667104 0.280423 0.714286 0.243387 0.714286
1 0.296296 0.695937 0.349206 0.695937 0.349206 0.726081 0.296296 0.726081
1 0.165345 0.655308 0.195767 0.655308 0.195767 0.698558 0.165345 0.698558
1 0.179894 0.530800 0.220899 0.530800 0.220899 0.557012 0.179894 0.557012
1 0.220899 0.504587 0.250001 0.504587 0.250001 0.521625 0.220899 0.521625
1 0.215608 0.482307 0.253968 0.482307 0.253968 0.504587 0.215608 0.504587
1 0.203704 0.461336 0.235450 0.461336 0.235450 0.484928 0.203704 0.484928
1 0.121693 0.618610 0.154762 0.618610 0.154762 0.663172 0.121693 0.663172
1 0.152116 0.553080 0.179894 0.553080 0.179894 0.583224 0.152116 0.583224
1 0.198412 0.694627 0.243386 0.694627 0.243386 0.727391 0.198412 0.727391
1 0.128307 0.685452 0.160053 0.685452 0.160053 0.715596 0.128307 0.715596
1 0.105820 0.682831 0.121693 0.682831 0.121693 0.702491 0.105820 0.702491
1 0.100529 0.585845 0.129630 0.585845 0.129630 0.606815 0.100529 0.606815
1 0.298941 0.297510 0.332010 0.297510 0.332010 0.322412 0.298941 0.322412
1 0.351852 0.277851 0.387566 0.277851 0.387566 0.304063 0.351852 0.304063
1 0.332010 0.273919 0.354498 0.273919 0.354498 0.296199 0.332010 0.296199
1 0.477513 0.689385 0.522487 0.689385 0.522487 0.712975 0.477513 0.712975
1 0.615080 0.676277 0.637566 0.676277 0.637566 0.695937 0.615080 0.695937
1 0.559523 0.674967 0.588624 0.674967 0.588624 0.701179 0.559523 0.701179
1 0.931217 0.512451 0.969577 0.512451 0.969577 0.537353 0.931217 0.537353
1 0.965608 0.425950 0.998677 0.425950 0.998677 0.460026 0.965608 0.460026
1 0.854498 0.378768 0.880952 0.378768 0.880952 0.416776 0.854498 0.416776
1 0.821429 0.369594 0.854498 0.369594 0.854498 0.399738 0.821429 0.399738
1 0.781745 0.377458 0.800264 0.377458 0.800264 0.391875 0.781745 0.391875
1 0.720900 0.378768 0.750001 0.378768 0.750001 0.403670 0.720900 0.403670
1 0.736772 0.361730 0.760582 0.361730 0.760582 0.394495 0.736772 0.394495
1 0.911376 0.602883 0.944445 0.602883 0.944445 0.636959 0.911376 0.636959
1 0.768518 0.673656 0.796296 0.673656 0.796296 0.701179 0.768518 0.701179
1 0.753969 0.640892 0.793651 0.640892 0.793651 0.664482 0.753969 0.664482
1 0.706349 0.604194 0.743386 0.604194 0.743386 0.631717 0.706349 0.631717
1 0.820106 0.692005 0.842592 0.692005 0.842592 0.730013 0.820106 0.730013
1 0.804232 0.761468 0.851851 0.761468 0.851851 0.804718 0.804232 0.804718
1 0.829365 0.802097 0.867725 0.802097 0.867725 0.828309 0.829365 0.828309
1 0.892857 0.781127 0.928571 0.781127 0.928571 0.800787 0.892857 0.800787
1 0.560847 0.726082 0.589948 0.726082 0.589948 0.762779 0.560847 0.762779
1 0.637566 0.732634 0.669312 0.732634 0.669312 0.753604 0.637566 0.753604
1 0.584656 0.699869 0.609788 0.699869 0.609788 0.720839 0.584656 0.720839
1 0.585979 0.775884 0.617725 0.775884 0.617725 0.803407 0.585979 0.803407
1 0.556878 0.802098 0.584656 0.802098 0.584656 0.825688 0.556878 0.825688
1 0.474867 0.752294 0.498677 0.752294 0.498677 0.785058 0.474867 0.785058
1 0.474867 0.785059 0.509259 0.785059 0.509259 0.807339 0.474867 0.807339
1 0.842593 0.327654 0.874339 0.327654 0.874339 0.360420 0.842593 0.360420
1 0.862433 0.292267 0.891535 0.292267 0.891535 0.330275 0.862433 0.330275
1 0.834657 0.293578 0.861111 0.293578 0.861111 0.328964 0.834657 0.328964
1 0.951058 0.231979 0.990740 0.231979 0.990740 0.262123 0.951058 0.262123
1 0.953703 0.190040 0.982804 0.190040 0.982804 0.217563 0.953703 0.217563
1 0.933862 0.200524 0.957672 0.200524 0.957672 0.221494 0.933862 0.221494
1 0.879629 0.200524 0.910053 0.200524 0.910053 0.228048 0.879629 0.228048
1 0.849206 0.241153 0.886243 0.241153 0.886243 0.271297 0.849206 0.271297
1 0.927249 0.166448 0.966931 0.166448 0.966931 0.190040 0.927249 0.190040
1 0.750000 0.220184 0.768518 0.220184 0.768518 0.235910 0.750000 0.235910
1 0.780424 0.221494 0.806878 0.221494 0.806878 0.246396 0.780424 0.246396
1 0.802910 0.169069 0.822751 0.169069 0.822751 0.203145 0.802910 0.203145
1 0.822751 0.169070 0.851853 0.169070 0.851853 0.208388 0.822751 0.208388
1 0.866402 0.148099 0.894180 0.148099 0.894180 0.196593 0.866402 0.196593
1 0.928571 0.114023 0.951058 0.114023 0.951058 0.146788 0.928571 0.146788
1 0.895502 0.068152 0.928571 0.068152 0.928571 0.094364 0.895502 0.094364
1 0.878306 0.044561 0.907408 0.044561 0.907408 0.069463 0.878306 0.069463
1 0.953704 0.009174 0.990741 0.009174 0.990741 0.045871 0.953704 0.045871
1 0.817460 0.099607 0.849206 0.099607 0.849206 0.150721 0.817460 0.150721
1 0.776455 0.133682 0.806879 0.133682 0.806879 0.165137 0.776455 0.165137
1 0.796296 0.096986 0.824074 0.096986 0.824074 0.137615 0.796296 0.137615
1 0.759259 0.086500 0.788361 0.086500 0.788361 0.121887 0.759259 0.121887
1 0.724868 0.086500 0.760582 0.086500 0.760582 0.123198 0.724868 0.123198
1 0.707672 0.068152 0.736773 0.068152 0.736773 0.093054 0.707672 0.093054
1 0.678571 0.083879 0.715608 0.083879 0.715608 0.107470 0.678571 0.107470
1 0.705027 0.116644 0.735450 0.116644 0.735450 0.148099 0.705027 0.148099
1 0.727513 0.173001 0.757937 0.173001 0.757937 0.201835 0.727513 0.201835
1 0.685185 0.186107 0.738095 0.186107 0.738095 0.217562 0.685185 0.217562
1 0.661376 0.128441 0.697090 0.128441 0.697090 0.154653 0.661376 0.154653
1 0.769841 0.013107 0.800265 0.013107 0.800265 0.040629 0.769841 0.040629
1 0.821429 0.001311 0.850530 0.001311 0.850530 0.023591 0.821429 0.023591
1 0.527778 0.205767 0.554232 0.205767 0.554232 0.229357 0.527778 0.229357
1 0.530423 0.180865 0.562169 0.180865 0.562169 0.216252 0.530423 0.216252
1 0.583333 0.171691 0.616402 0.171691 0.616402 0.212319 0.583333 0.212319
1 0.626985 0.148100 0.646826 0.148100 0.646826 0.165138 0.626985 0.165138
1 0.667990 0.064220 0.693122 0.064220 0.693122 0.086500 0.667990 0.086500
1 0.626984 0.106159 0.656085 0.106159 0.656085 0.137615 0.626984 0.137615
1 0.539682 0.140235 0.572751 0.140235 0.572751 0.171690 0.539682 0.171690
1 0.571429 0.132372 0.604498 0.132372 0.604498 0.154652 0.571429 0.154652
1 0.519842 0.124508 0.542328 0.124508 0.542328 0.142857 0.519842 0.142857
1 0.494709 0.159895 0.530423 0.159895 0.530423 0.190039 0.494709 0.190039
1 0.472222 0.120577 0.505292 0.120577 0.505292 0.145479 0.472222 0.145479
1 0.576720 0.095674 0.603174 0.095674 0.603174 0.114023 0.576720 0.114023
1 0.533069 0.079948 0.570106 0.079948 0.570106 0.107470 0.533069 0.107470
1 0.493386 0.081259 0.535714 0.081259 0.535714 0.114023 0.493386 0.114023
1 0.920635 0.064221 0.952381 0.064221 0.952381 0.095675 0.920635 0.095675
1 0.843915 0.085190 0.875661 0.085190 0.875661 0.110092 0.843915 0.110092
1 0.634920 0.056357 0.665344 0.056357 0.665344 0.099607 0.634920 0.099607
1 0.607143 0.053735 0.632275 0.053735 0.632275 0.083879 0.607143 0.083879
1 0.570105 0.013106 0.600529 0.013106 0.600529 0.039318 0.570105 0.039318
1 0.494709 0.044560 0.529101 0.044560 0.529101 0.079948 0.494709 0.079948
1 0.452381 0.019659 0.484127 0.019659 0.484127 0.055046 0.452381 0.055046
1 0.449735 0.066841 0.470899 0.066841 0.470899 0.098297 0.449735 0.098297
1 0.473545 0.068152 0.505291 0.068152 0.505291 0.090432 0.473545 0.090432
1 0.550265 0.002622 0.575397 0.002622 0.575397 0.022281 0.550265 0.022281
1 0.392857 0.011796 0.427249 0.011796 0.427249 0.038008 0.392857 0.038008
1 0.358466 0.010485 0.390212 0.010485 0.390212 0.041939 0.358466 0.041939
1 0.333333 0.002621 0.367725 0.002621 0.367725 0.026212 0.333333 0.026212
1 0.427249 0.201836 0.455027 0.201836 0.455027 0.234600 0.427249 0.234600
1 0.416666 0.263434 0.440476 0.263434 0.440476 0.288336 0.416666 0.288336
1 0.396826 0.233289 0.432540 0.233289 0.432540 0.264744 0.396826 0.264744
1 0.354498 0.212320 0.384920 0.212320 0.384920 0.246396 0.354498 0.246396
1 0.387566 0.173001 0.425926 0.173001 0.425926 0.201835 0.387566 0.201835
1 0.325396 0.191351 0.365080 0.191351 0.365080 0.224115 0.325396 0.224115
1 0.347884 0.161206 0.390212 0.161206 0.390212 0.190040 0.347884 0.190040
1 0.456349 0.262123 0.492063 0.262123 0.492063 0.283093 0.456349 0.283093
1 0.387565 0.120577 0.416666 0.120577 0.416666 0.152032 0.387565 0.152032
1 0.374339 0.094365 0.404761 0.094365 0.404761 0.116645 0.374339 0.116645
1 0.365080 0.060289 0.404763 0.060289 0.404763 0.087812 0.365080 0.087812
1 0.333333 0.072083 0.365079 0.072083 0.365079 0.095674 0.333333 0.095674
1 0.291005 0.226737 0.322751 0.226737 0.322751 0.256881 0.291005 0.256881
1 0.264550 0.264745 0.302910 0.264745 0.302910 0.290957 0.264550 0.290957
1 0.223545 0.304063 0.261905 0.304063 0.261905 0.343381 0.223545 0.343381
1 0.302910 0.155963 0.338624 0.155963 0.338624 0.183486 0.302910 0.183486
1 0.342593 0.128440 0.379630 0.128440 0.379630 0.155964 0.342593 0.155964
1 0.318782 0.108781 0.341270 0.108781 0.341270 0.138925 0.318782 0.138925
1 0.284391 0.112713 0.306878 0.112713 0.306878 0.140236 0.284391 0.140236
1 0.234128 0.180866 0.275133 0.180866 0.275133 0.204456 0.234128 0.204456
1 0.235450 0.208388 0.267196 0.208388 0.267196 0.243775 0.235450 0.243775
1 0.312169 0.044560 0.337301 0.044560 0.337301 0.062909 0.312169 0.062909
1 0.281746 0.014417 0.313492 0.014417 0.313492 0.043251 0.281746 0.043251
1 0.261904 0.060288 0.292327 0.060288 0.292327 0.103538 0.261904 0.103538
1 0.228835 0.057667 0.247355 0.057667 0.247355 0.079947 0.228835 0.079947
1 0.166666 0.041940 0.207672 0.041940 0.207672 0.079948 0.166666 0.079948
1 0.166667 0.100917 0.215609 0.100917 0.215609 0.121887 0.166667 0.121887
1 0.272486 0.347313 0.312169 0.347313 0.312169 0.373525 0.272486 0.373525
1 0.264550 0.366972 0.300264 0.366972 0.300264 0.387942 0.264550 0.387942
1 0.251323 0.382699 0.280424 0.382699 0.280424 0.423328 0.251323 0.423328
1 0.235450 0.414154 0.257937 0.414154 0.257937 0.462647 0.235450 0.462647
1 0.205027 0.415465 0.231482 0.415465 0.231482 0.453473 0.205027 0.453473
1 0.186508 0.404980 0.203704 0.404980 0.203704 0.439056 0.186508 0.439056
1 0.181217 0.368284 0.215609 0.368284 0.215609 0.395807 0.181217 0.395807
1 0.218254 0.351245 0.240740 0.351245 0.240740 0.373525 0.218254 0.373525
1 0.179894 0.273919 0.212964 0.273919 0.212964 0.313237 0.179894 0.313237
1 0.170635 0.310616 0.198413 0.310616 0.198413 0.344692 0.170635 0.344692
1 0.133598 0.315859 0.169312 0.315859 0.169312 0.359109 0.133598 0.359109
1 0.189153 0.238532 0.220899 0.238532 0.220899 0.272608 0.189153 0.272608
1 0.174603 0.222804 0.202381 0.222804 0.202381 0.251638 0.174603 0.251638
1 0.119047 0.221494 0.141534 0.221494 0.141534 0.266056 0.119047 0.266056
1 0.133598 0.186108 0.156084 0.186108 0.156084 0.222804 0.133598 0.222804
1 0.193122 0.182175 0.231482 0.182175 0.231482 0.209699 0.193122 0.209699
1 0.002646 0.171691 0.022486 0.171691 0.022486 0.193971 0.002646 0.193971
1 0.082011 0.541285 0.111111 0.541285 0.111111 0.577982 0.082011 0.577982
1 0.052910 0.562254 0.088624 0.562254 0.088624 0.585845 0.052910 0.585845
1 0.044974 0.526868 0.080688 0.526868 0.080688 0.560944 0.044974 0.560944
1 0.052910 0.492792 0.105820 0.492792 0.105820 0.520315 0.052910 0.520315
1 0.015873 0.456094 0.062169 0.456094 0.062169 0.490170 0.015873 0.490170
1 0.014551 0.528178 0.041006 0.528178 0.041006 0.568808 0.014551 0.568808
1 0.003968 0.574051 0.022488 0.574051 0.022488 0.606815 0.003968 0.606815
1 0.078042 0.598951 0.101852 0.598951 0.101852 0.644823 0.078042 0.644823
1 0.037037 0.597641 0.072751 0.597641 0.072751 0.639581 0.037037 0.639581
1 0.062170 0.656619 0.105820 0.656619 0.105820 0.682831 0.062170 0.682831
1 0.023810 0.652687 0.059524 0.652687 0.059524 0.690695 0.023810 0.690695
1 0.047619 0.688073 0.083333 0.688073 0.083333 0.718217 0.047619 0.718217
1 0.084655 0.694626 0.107143 0.694626 0.107143 0.715596 0.084655 0.715596
1 0.133598 0.728702 0.162698 0.728702 0.162698 0.762778 0.133598 0.762778
1 0.166667 0.735256 0.208995 0.735256 0.208995 0.769332 0.166667 0.769332
1 0.234127 0.744430 0.268519 0.744430 0.268519 0.783748 0.234127 0.783748
1 0.300264 0.758846 0.339948 0.758846 0.339948 0.786369 0.300264 0.786369
1 0.391535 0.748362 0.421957 0.748362 0.421957 0.777196 0.391535 0.777196
1 0.436507 0.744430 0.469577 0.744430 0.469577 0.777195 0.436507 0.777195
1 0.026454 0.758847 0.059524 0.758847 0.059524 0.781127 0.026454 0.781127
1 0.021164 0.786370 0.042328 0.786370 0.042328 0.820446 0.021164 0.820446
1 0.044974 0.791613 0.082011 0.791613 0.082011 0.815203 0.044974 0.815203
1 0.091270 0.799476 0.120370 0.799476 0.120370 0.829620 0.091270 0.829620
1 0.134921 0.795544 0.166667 0.795544 0.166667 0.846658 0.134921 0.846658
1 0.162699 0.790301 0.193122 0.790301 0.193122 0.821757 0.162699 0.821757
1 0.119048 0.832241 0.138888 0.832241 0.138888 0.859764 0.119048 0.859764
1 0.041006 0.837484 0.060846 0.837484 0.060846 0.875492 0.041006 0.875492
1 0.003968 0.829620 0.027778 0.829620 0.027778 0.857143 0.003968 0.857143
1 0.190476 0.833552 0.219577 0.833552 0.219577 0.861074 0.190476 0.861074
1 0.146825 0.854522 0.189153 0.854522 0.189153 0.876802 0.146825 0.876802
1 0.226191 0.807339 0.255292 0.807339 0.255292 0.844036 0.226191 0.844036
1 0.269842 0.825688 0.296297 0.825688 0.296297 0.851900 0.269842 0.851900
1 0.297619 0.832241 0.333333 0.832241 0.333333 0.870249 0.297619 0.870249
1 0.341270 0.768021 0.380953 0.768021 0.380953 0.794233 0.341270 0.794233
1 0.370370 0.798165 0.407407 0.798165 0.407407 0.829620 0.370370 0.829620
1 0.330687 0.834862 0.363756 0.834862 0.363756 0.876802 0.330687 0.876802
1 0.391535 0.832241 0.414022 0.832241 0.414022 0.858453 0.391535 0.858453
1 0.220899 0.858454 0.253968 0.858454 0.253968 0.888598 0.220899 0.888598
1 0.001322 0.874181 0.019841 0.874181 0.019841 0.901703 0.001322 0.901703
1 0.052910 0.914810 0.080688 0.914810 0.080688 0.942333 0.052910 0.942333
1 0.125661 0.888597 0.160053 0.888597 0.160053 0.908257 0.125661 0.908257
1 0.080687 0.960682 0.103175 0.960682 0.103175 0.982962 0.080687 0.982962
1 0.162698 0.931848 0.190476 0.931848 0.190476 0.958060 0.162698 0.958060
1 0.181217 0.882045 0.216931 0.882045 0.216931 0.908257 0.181217 0.908257
1 0.243387 0.921364 0.269842 0.921364 0.269842 0.958060 0.243387 0.958060
1 0.201059 0.933158 0.227514 0.933158 0.227514 0.975098 0.201059 0.975098
1 0.253968 0.851900 0.283070 0.851900 0.283070 0.883355 0.253968 0.883355
1 0.277778 0.871560 0.301588 0.871560 0.301588 0.904324 0.277778 0.904324
1 0.223545 0.985583 0.259259 0.985583 0.259259 0.997379 0.223545 0.997379
1 0.306878 0.933159 0.346562 0.933159 0.346562 0.948886 0.306878 0.948886
1 0.293651 0.958061 0.314815 0.958061 0.314815 0.980341 0.293651 0.980341
1 0.458995 0.897772 0.501323 0.897772 0.501323 0.920052 0.458995 0.920052
1 0.522487 0.870249 0.546297 0.870249 0.546297 0.896461 0.522487 0.896461
1 0.343916 0.892530 0.384920 0.892530 0.384920 0.935780 0.343916 0.935780
1 0.358466 0.935780 0.390212 0.935780 0.390212 0.952818 0.358466 0.952818
1 0.402116 0.937091 0.417990 0.937091 0.417990 0.950197 0.402116 0.950197
1 0.444445 0.813893 0.470900 0.813893 0.470900 0.829620 0.444445 0.829620
1 0.417989 0.840105 0.460317 0.840105 0.460317 0.863695 0.417989 0.863695
1 0.466931 0.846658 0.515873 0.846658 0.515873 0.871560 0.466931 0.871560
1 0.410053 0.867627 0.466931 0.867627 0.466931 0.908257 0.410053 0.908257
1 0.649471 0.166448 0.679895 0.166448 0.679895 0.196592 0.649471 0.196592
