0 0.106783 0.116735 0.128945 0.116735 0.128945 0.136327 0.106783 0.136327
0 0.085292 0.111837 0.105440 0.111837 0.105440 0.144489 0.085292 0.144489
0 0.099396 0.148572 0.112156 0.148572 0.112156 0.182040 0.099396 0.182040
0 0.098724 0.191021 0.110142 0.191021 0.110142 0.222858 0.098724 0.222858
0 0.116185 0.204898 0.132303 0.204898 0.132303 0.231020 0.116185 0.231020
0 0.116185 0.154286 0.130961 0.154286 0.130961 0.183674 0.116185 0.183674
0 0.132304 0.254694 0.146406 0.254694 0.146406 0.283266 0.132304 0.283266
0 0.099396 0.266122 0.121558 0.266122 0.121558 0.290612 0.099396 0.290612
0 0.140363 0.213878 0.161181 0.213878 0.161181 0.240000 0.140363 0.240000
0 0.168569 0.152652 0.187374 0.152652 0.187374 0.179591 0.168569 0.179591
0 0.134319 0.154286 0.155137 0.154286 0.155137 0.183674 0.134319 0.183674
0 0.189389 0.155102 0.208865 0.155102 0.208865 0.180408 0.189389 0.180408
0 0.183344 0.180408 0.200134 0.180408 0.200134 0.203266 0.183344 0.203266
0 0.193418 0.212245 0.210879 0.212245 0.210879 0.243265 0.193418 0.243265
0 0.207521 0.228571 0.226327 0.228571 0.226327 0.257142 0.207521 0.257142
0 0.224311 0.253878 0.241773 0.253878 0.241773 0.281633 0.224311 0.281633
0 0.209536 0.191836 0.226326 0.191836 0.226326 0.215509 0.209536 0.215509
0 0.229684 0.188572 0.247817 0.188572 0.247817 0.217143 0.229684 0.217143
0 0.248489 0.272653 0.267965 0.272653 0.267965 0.295511 0.248489 0.295511
0 0.238415 0.337143 0.255205 0.337143 0.255205 0.366531 0.238415 0.366531
0 0.133647 0.310204 0.155137 0.310204 0.155137 0.334694 0.133647 0.334694
0 0.090665 0.335510 0.114171 0.335510 0.114171 0.365714 0.090665 0.365714
0 0.116185 0.378775 0.135661 0.378775 0.135661 0.407347 0.116185 0.407347
0 0.137005 0.345306 0.162525 0.345306 0.162525 0.377960 0.137005 0.377960
0 0.116857 0.338776 0.134990 0.338776 0.134990 0.370613 0.116857 0.370613
0 0.108127 0.297143 0.128945 0.297143 0.128945 0.321633 0.108127 0.321633
0 0.163869 0.334695 0.182002 0.334695 0.182002 0.363266 0.163869 0.363266
0 0.194761 0.346122 0.211551 0.346122 0.211551 0.375510 0.194761 0.375510
0 0.815312 0.104489 0.836803 0.104489 0.836803 0.131429 0.815312 0.131429
0 0.825386 0.137959 0.842176 0.137959 0.842176 0.162449 0.825386 0.162449
0 0.834117 0.204898 0.852249 0.204898 0.852249 0.233469 0.834117 0.233469
0 0.849564 0.231837 0.872398 0.231837 0.872398 0.259591 0.849564 0.259591
0 0.866353 0.261224 0.886501 0.261224 0.886501 0.284081 0.866353 0.284081
0 0.844862 0.088980 0.865010 0.088980 0.865010 0.114286 0.844862 0.114286
0 0.913365 0.071020 0.935527 0.071020 0.935527 0.090612 0.913365 0.090612
0 0.922768 0.146938 0.940229 0.146938 0.940229 0.173877 0.922768 0.173877
0 0.888516 0.142857 0.912692 0.142857 0.912692 0.173877 0.888516 0.173877
0 0.881128 0.224490 0.901276 0.224490 0.901276 0.249796 0.881128 0.249796
0 0.930154 0.229388 0.950973 0.229388 0.950973 0.258776 0.930154 0.258776
0 0.922096 0.097143 0.944259 0.097143 0.944259 0.122449 0.922096 0.122449
0 0.777031 0.080001 0.797179 0.080001 0.797179 0.102857 0.777031 0.102857
0 0.756212 0.079184 0.776360 0.079184 0.776360 0.103674 0.756212 0.103674
0 0.712558 0.066123 0.731363 0.066123 0.731363 0.092245 0.712558 0.092245
0 0.707858 0.085714 0.723305 0.085714 0.723305 0.113470 0.707858 0.113470
0 0.680994 0.017143 0.707858 0.017143 0.707858 0.050612 0.680994 0.050612
0 0.661517 0.111020 0.678978 0.111020 0.678978 0.142857 0.661517 0.142857
0 0.687709 0.121632 0.705842 0.121632 0.705842 0.149387 0.687709 0.149387
0 0.672263 0.173878 0.691739 0.173878 0.691739 0.201632 0.672263 0.201632
0 0.652115 0.196734 0.666890 0.196734 0.666890 0.219591 0.652115 0.219591
0 0.651444 0.257143 0.671592 0.257143 0.671592 0.282449 0.651444 0.282449
0 0.633310 0.273469 0.651443 0.273469 0.651443 0.298775 0.633310 0.298775
0 0.675621 0.233469 0.693082 0.233469 0.693082 0.262857 0.675621 0.262857
0 0.631296 0.326531 0.650100 0.326531 0.650100 0.352653 0.631296 0.352653
0 0.601075 0.337143 0.619208 0.337143 0.619208 0.359183 0.601075 0.359183
0 0.603090 0.361633 0.620551 0.361633 0.620551 0.383674 0.603090 0.383674
0 0.595701 0.447348 0.617192 0.447348 0.617192 0.475919 0.595701 0.475919
0 0.678308 0.283266 0.696441 0.283266 0.696441 0.311020 0.678308 0.311020
0 0.677636 0.359184 0.695769 0.359184 0.695769 0.388572 0.677636 0.388572
0 0.672935 0.407347 0.689725 0.407347 0.689725 0.435918 0.672935 0.435918
0 0.705843 0.453062 0.724647 0.453062 0.724647 0.480816 0.705843 0.480816
0 0.743453 0.465306 0.760914 0.465306 0.760914 0.490612 0.743453 0.490612
0 0.736737 0.428571 0.754197 0.428571 0.754197 0.457143 0.736737 0.457143
0 0.692411 0.393469 0.708529 0.393469 0.708529 0.417959 0.692411 0.417959
0 0.691740 0.534694 0.712558 0.534694 0.712558 0.566530 0.691740 0.566530
0 0.705171 0.605715 0.724647 0.605715 0.724647 0.634285 0.705171 0.634285
0 0.672936 0.613878 0.697112 0.613878 0.697112 0.644898 0.672936 0.644898
0 0.729349 0.575510 0.748154 0.575510 0.748154 0.606530 0.729349 0.606530
0 0.728005 0.542042 0.747481 0.542042 0.747481 0.570612 0.728005 0.570612
0 0.658160 0.564082 0.677636 0.564082 0.677636 0.588572 0.658160 0.588572
0 0.597044 0.554286 0.615849 0.554286 0.615849 0.578776 0.597044 0.578776
0 0.594359 0.521633 0.613835 0.521633 0.613835 0.546939 0.594359 0.546939
0 0.637341 0.484899 0.659504 0.484899 0.659504 0.507756 0.637341 0.507756
0 0.620551 0.518367 0.643385 0.518367 0.643385 0.547755 0.620551 0.547755
0 0.638684 0.533062 0.661518 0.533062 0.661518 0.561632 0.638684 0.561632
0 0.721289 0.635102 0.741437 0.635102 0.741437 0.661224 0.721289 0.661224
0 0.641371 0.230204 0.655474 0.230204 0.655474 0.261224 0.641371 0.261224
0 0.865681 0.120816 0.884486 0.120816 0.884486 0.149388 0.865681 0.149388
0 0.898590 0.091428 0.920080 0.091428 0.920080 0.113470 0.898590 0.113470
0 0.975823 0.609797 0.994627 0.609797 0.994627 0.638367 0.975823 0.638367
0 0.971121 0.731428 0.991269 0.731428 0.991269 0.758367 0.971121 0.758367
0 0.947616 0.827755 0.969778 0.827755 0.969778 0.858775 0.947616 0.858775
0 0.960376 0.850612 0.985896 0.850612 0.985896 0.877552 0.960376 0.877552
0 0.408328 0.518368 0.432505 0.518368 0.432505 0.549388 0.408328 0.549388
0 0.452653 0.582040 0.470113 0.582040 0.470113 0.609795 0.452653 0.609795
0 0.466756 0.608163 0.487575 0.608163 0.487575 0.634285 0.466756 0.634285
0 0.448623 0.515103 0.464741 0.515103 0.464741 0.547756 0.448623 0.547756
0 0.502351 0.564082 0.526527 0.564082 0.526527 0.591836 0.502351 0.591836
0 0.502351 0.533061 0.525185 0.533061 0.525185 0.557551 0.502351 0.557551
0 0.465414 0.519184 0.482874 0.519184 0.482874 0.551020 0.465414 0.551020
0 0.504366 0.591021 0.525184 0.591021 0.525184 0.612245 0.504366 0.612245
0 0.438549 0.563266 0.453996 0.563266 0.453996 0.591836 0.438549 0.591836
0 0.567496 0.384490 0.588314 0.384490 0.588314 0.409796 0.567496 0.409796
0 0.565480 0.409797 0.585628 0.409797 0.585628 0.433469 0.565480 0.433469
0 0.570182 0.442449 0.588986 0.442449 0.588986 0.468571 0.570182 0.468571
0 0.548690 0.444082 0.567495 0.444082 0.567495 0.467754 0.548690 0.467754
0 0.644057 0.349388 0.659504 0.349388 0.659504 0.374694 0.644057 0.374694
0 0.355272 0.174694 0.375420 0.174694 0.375420 0.208980 0.355272 0.208980
0 0.365346 0.219592 0.383478 0.219592 0.383478 0.249796 0.365346 0.249796
0 0.394224 0.128163 0.411014 0.128163 0.411014 0.159183 0.394224 0.159183
0 0.395568 0.170612 0.413028 0.170612 0.413028 0.196734 0.395568 0.196734
0 0.409000 0.147755 0.427132 0.147755 0.427132 0.174694 0.409000 0.174694
0 0.429147 0.143673 0.447952 0.143673 0.447952 0.172244 0.429147 0.172244
0 0.445937 0.156735 0.462055 0.156735 0.462055 0.184490 0.445937 0.184490
0 0.455339 0.126531 0.471457 0.126531 0.471457 0.151837 0.455339 0.151837
0 0.419745 0.114286 0.438549 0.114286 0.438549 0.139592 0.419745 0.139592
0 0.400941 0.239184 0.418401 0.239184 0.418401 0.268572 0.400941 0.268572
0 0.420416 0.275102 0.439892 0.275102 0.439892 0.300408 0.420416 0.300408
0 0.372733 0.309388 0.393553 0.309388 0.393553 0.334694 0.372733 0.334694
0 0.390195 0.342041 0.409671 0.342041 0.409671 0.366531 0.390195 0.366531
0 0.402956 0.302041 0.417731 0.302041 0.417731 0.331429 0.402956 0.331429
0 0.417731 0.327347 0.432505 0.327347 0.432505 0.351837 0.417731 0.351837
0 0.423774 0.304490 0.439892 0.304490 0.439892 0.328980 0.423774 0.328980
0 0.447281 0.266938 0.464741 0.266938 0.464741 0.293878 0.447281 0.293878
0 0.456011 0.236735 0.474816 0.236735 0.474816 0.266939 0.456011 0.266939
0 0.452653 0.355102 0.470785 0.355102 0.470785 0.378776 0.452653 0.378776
0 0.460711 0.386122 0.479516 0.386122 0.479516 0.410612 0.460711 0.410612
0 0.473473 0.349388 0.491605 0.349388 0.491605 0.377959 0.473473 0.377959
0 0.498993 0.351020 0.517798 0.351020 0.517798 0.386122 0.498993 0.386122
0 0.290128 0.324898 0.308260 0.324898 0.308260 0.349388 0.290128 0.349388
0 0.314977 0.363266 0.337811 0.363266 0.337811 0.391020 0.314977 0.391020
0 0.339153 0.351021 0.357286 0.351021 0.357286 0.382041 0.339153 0.382041
0 0.309604 0.338776 0.326394 0.338776 0.326394 0.367347 0.309604 0.367347
0 0.282069 0.226122 0.298187 0.226122 0.298187 0.250612 0.282069 0.250612
0 0.288784 0.240816 0.313634 0.240816 0.313634 0.263674 0.288784 0.263674
0 0.304231 0.261225 0.320349 0.261225 0.320349 0.283266 0.304231 0.283266
0 0.137677 0.066939 0.163197 0.066939 0.163197 0.086531 0.137677 0.086531
0 0.182673 0.306122 0.199463 0.306122 0.199463 0.336326 0.182673 0.336326
0 0.157825 0.382857 0.178643 0.382857 0.178643 0.412245 0.157825 0.412245
0 0.479517 0.267755 0.498321 0.267755 0.498321 0.299592 0.479517 0.299592
0 0.310947 0.222858 0.329079 0.222858 0.329079 0.246531 0.310947 0.246531
0 0.390195 0.093878 0.409671 0.093878 0.409671 0.122448 0.390195 0.122448
0 0.380793 0.109388 0.398253 0.109388 0.398253 0.139592 0.380793 0.139592
0 0.224312 0.163266 0.238415 0.163266 0.238415 0.189388 0.224312 0.189388
0 0.126259 0.133061 0.147750 0.133061 0.147750 0.159183 0.126259 0.159183
0 0.147750 0.128979 0.167226 0.128979 0.167226 0.157551 0.147750 0.157551
0 0.558764 0.480000 0.578240 0.480000 0.578240 0.505306 0.558764 0.505306
0 0.601075 0.480816 0.623237 0.480816 0.623237 0.506122 0.601075 0.506122
0 0.705843 0.511020 0.725991 0.511020 0.725991 0.534694 0.705843 0.534694
0 0.726662 0.479184 0.744123 0.479184 0.744123 0.505306 0.726662 0.505306
0 0.615850 0.584490 0.640698 0.584490 0.640698 0.610612 0.615850 0.610612
0 0.633310 0.613877 0.655473 0.613877 0.655473 0.635918 0.633310 0.635918
0 0.872397 0.088164 0.892545 0.088164 0.892545 0.111837 0.872397 0.111837
0 0.705844 0.357552 0.723305 0.357552 0.723305 0.381224 0.705844 0.381224
0 0.683009 0.328164 0.700469 0.328164 0.700469 0.351836 0.683009 0.351836
0 0.373405 0.928980 0.389523 0.928980 0.389523 0.964898 0.373405 0.964898
0 0.674950 0.659593 0.691068 0.659593 0.691068 0.683266 0.674950 0.683266
0 0.961048 0.759184 0.979181 0.759184 0.979181 0.786938 0.961048 0.786938
0 0.953660 0.794286 0.970450 0.794286 0.970450 0.818776 0.953660 0.818776
0 0.952317 0.600816 0.974479 0.600816 0.974479 0.624490 0.952317 0.624490
0 0.958361 0.581224 0.981867 0.581224 0.981867 0.599183 0.958361 0.599183
0 0.907992 0.242449 0.930154 0.242449 0.930154 0.265307 0.907992 0.265307
0 0.672264 0.045714 0.693082 0.045714 0.693082 0.073469 0.672264 0.073469
0 0.211552 0.293061 0.229013 0.293061 0.229013 0.319183 0.211552 0.319183
0 0.071860 0.475103 0.091336 0.475103 0.091336 0.493061 0.071860 0.493061
0 0.098723 0.512653 0.116857 0.512653 0.116857 0.545307 0.098723 0.545307
0 0.050369 0.532245 0.069174 0.532245 0.069174 0.555918 0.050369 0.555918
0 0.822028 0.871836 0.848220 0.871836 0.848220 0.890612 0.822028 0.890612
0 0.873070 0.765714 0.887845 0.765714 0.887845 0.784490 0.873070 0.784490
0 0.956346 0.677551 0.975151 0.677551 0.975151 0.698775 0.956346 0.698775
0 0.944257 0.120000 0.963062 0.120000 0.963062 0.140408 0.944257 0.140408
0 0.942914 0.190204 0.961719 0.190204 0.961719 0.214694 0.942914 0.214694
0 0.955676 0.164898 0.973136 0.164898 0.973136 0.185306 0.955676 0.185306
0 0.114170 0.235102 0.131631 0.235102 0.131631 0.256326 0.114170 0.256326
0 0.092680 0.237551 0.108798 0.237551 0.108798 0.266939 0.092680 0.266939
0 0.664204 0.504490 0.681665 0.504490 0.681665 0.527346 0.664204 0.527346
0 0.720618 0.421225 0.740766 0.421225 0.740766 0.443265 0.720618 0.443265
0 0.676293 0.581224 0.695769 0.581224 0.695769 0.605714 0.676293 0.605714
0 0.671592 0.520817 0.689052 0.520817 0.689052 0.542041 0.671592 0.542041
0 0.621223 0.411428 0.643385 0.411428 0.643385 0.435102 0.621223 0.435102
0 0.006716 0.374694 0.027535 0.374694 0.027535 0.400816 0.006716 0.400816
0 0.000000 0.362449 0.021492 0.362449 0.021492 0.381225 0.000000 0.381225
0 0.000672 0.457143 0.015447 0.457143 0.015447 0.480000 0.000672 0.480000
0 0.145064 0.421225 0.171928 0.421225 0.171928 0.437551 0.145064 0.437551
0 0.153123 0.277551 0.169241 0.277551 0.169241 0.303673 0.153123 0.303673
0 0.162524 0.231837 0.181330 0.231837 0.181330 0.255510 0.162524 0.255510
0 0.233043 0.305306 0.247145 0.305306 0.247145 0.325714 0.233043 0.325714
0 0.249160 0.242449 0.262592 0.242449 0.262592 0.262857 0.249160 0.262857
0 0.308260 0.286530 0.323035 0.286530 0.323035 0.305306 0.308260 0.305306
0 0.316991 0.308571 0.332438 0.308571 0.332438 0.328163 0.316991 0.328163
0 0.333110 0.208164 0.347212 0.208164 0.347212 0.226123 0.333110 0.226123
0 0.366689 0.131429 0.383479 0.131429 0.383479 0.162449 0.366689 0.162449
0 0.487576 0.327347 0.505036 0.327347 0.505036 0.357551 0.487576 0.357551
0 0.427805 0.383674 0.445265 0.383674 0.445265 0.404898 0.427805 0.404898
0 0.695097 0.651428 0.711215 0.651428 0.711215 0.673469 0.695097 0.673469
0 0.967764 0.707755 0.983882 0.707755 0.983882 0.725715 0.967764 0.725715
0 0.714573 0.704490 0.734721 0.704490 0.734721 0.730612 0.714573 0.730612
0 0.689725 0.426939 0.706515 0.426939 0.706515 0.447347 0.689725 0.447347
0 0.484889 0.517551 0.500336 0.517551 0.500336 0.542857 0.484889 0.542857
0 0.483546 0.618776 0.502351 0.618776 0.502351 0.640000 0.483546 0.640000
0 0.490934 0.602449 0.505709 0.602449 0.505709 0.626123 0.490934 0.626123
0 0.436534 0.604898 0.451981 0.604898 0.451981 0.634286 0.436534 0.634286
0 0.445937 0.653878 0.470786 0.653878 0.470786 0.671837 0.445937 0.671837
0 0.460711 0.634286 0.475486 0.634286 0.475486 0.655510 0.460711 0.655510
0 0.464742 0.653878 0.482202 0.653878 0.482202 0.670204 0.464742 0.670204
0 0.439893 0.318367 0.455340 0.318367 0.455340 0.341224 0.439893 0.341224
0 0.472801 0.300408 0.488248 0.300408 0.488248 0.321632 0.472801 0.321632
0 0.440565 0.200816 0.458025 0.200816 0.458025 0.220408 0.440565 0.220408
0 0.472130 0.145306 0.486233 0.145306 0.486233 0.166530 0.472130 0.166530
0 0.476830 0.207347 0.488248 0.207347 0.488248 0.236735 0.476830 0.236735
0 0.196776 0.097143 0.214237 0.097143 0.214237 0.123265 0.196776 0.123265
0 0.258563 0.357552 0.275353 0.357552 0.275353 0.381224 0.258563 0.381224
0 0.339153 0.248980 0.354600 0.248980 0.354600 0.275102 0.339153 0.275102
0 0.371391 0.097959 0.388851 0.097959 0.388851 0.120000 0.371391 0.120000
0 0.658832 0.220408 0.676964 0.220408 0.676964 0.244898 0.658832 0.244898
0 0.658160 0.160816 0.672934 0.160816 0.672934 0.186122 0.658160 0.186122
0 0.682338 0.086530 0.699798 0.086530 0.699798 0.108572 0.682338 0.108572
0 0.637340 0.051428 0.657488 0.051428 0.657488 0.073469 0.637340 0.073469
0 0.636669 0.032653 0.653459 0.032653 0.653459 0.047347 0.636669 0.047347
0 0.867024 0.209796 0.885157 0.209796 0.885157 0.234286 0.867024 0.234286
0 0.877099 0.182857 0.895903 0.182857 0.895903 0.204081 0.877099 0.204081
0 0.847549 0.141225 0.865681 0.141225 0.865681 0.162449 0.847549 0.162449
0 0.889859 0.257960 0.909335 0.257960 0.909335 0.281632 0.889859 0.281632
0 0.917394 0.185306 0.933512 0.185306 0.933512 0.204082 0.917394 0.204082
0 0.797180 0.082449 0.815985 0.082449 0.815985 0.103673 0.797180 0.103673
0 0.887844 0.070205 0.903290 0.070205 0.903290 0.087347 0.887844 0.087347
0 0.834117 0.178775 0.844862 0.178775 0.844862 0.198367 0.834117 0.198367
0 0.818670 0.181225 0.830087 0.181225 0.830087 0.208979 0.818670 0.208979
0 0.681666 0.149388 0.697113 0.149388 0.697113 0.168164 0.681666 0.168164
0 0.305574 0.520817 0.321692 0.520817 0.321692 0.537143 0.305574 0.537143
0 0.300873 0.505306 0.322364 0.505306 0.322364 0.519184 0.300873 0.519184
0 0.955004 0.434285 0.970450 0.434285 0.970450 0.461225 0.955004 0.461225
0 0.952317 0.376327 0.964406 0.376327 0.964406 0.412245 0.952317 0.412245
0 0.797851 0.841633 0.813298 0.841633 0.813298 0.868572 0.797851 0.868572
0 0.776360 0.737143 0.793150 0.737143 0.793150 0.774693 0.776360 0.774693
0 0.072532 0.298775 0.088650 0.298775 0.088650 0.322449 0.072532 0.322449
0 0.881800 0.862041 0.899261 0.862041 0.899261 0.877551 0.881800 0.877551
0 0.913365 0.857959 0.928140 0.857959 0.928140 0.880000 0.913365 0.880000
0 0.922095 0.883266 0.933512 0.883266 0.933512 0.896327 0.922095 0.896327
0 0.837475 0.830204 0.858293 0.830204 0.858293 0.851428 0.837475 0.851428
0 0.807925 0.824489 0.817999 0.824489 0.817999 0.837550 0.807925 0.837550
0 0.783748 0.657959 0.795837 0.657959 0.795837 0.671837 0.783748 0.671837
0 0.808597 0.632653 0.824044 0.632653 0.824044 0.654694 0.808597 0.654694
0 0.764271 0.642449 0.779046 0.642449 0.779046 0.668571 0.764271 0.668571
0 0.874413 0.688163 0.885830 0.688163 0.885830 0.711836 0.874413 0.711836
0 0.813298 0.582857 0.824715 0.582857 0.824715 0.600816 0.813298 0.600816
0 0.866353 0.568163 0.879785 0.568163 0.879785 0.592653 0.866353 0.592653
0 0.910007 0.800817 0.924110 0.800817 0.924110 0.817144 0.910007 0.817144
0 0.955675 0.751020 0.965749 0.751020 0.965749 0.770612 0.955675 0.770612
0 0.000672 0.554285 0.016790 0.554285 0.016790 0.572245 0.000672 0.572245
0 0.041639 0.563265 0.055071 0.563265 0.055071 0.582857 0.041639 0.582857
0 0.028879 0.573062 0.040968 0.573062 0.040968 0.590204 0.028879 0.590204
0 0.034923 0.585306 0.042311 0.585306 0.042311 0.604082 0.034923 0.604082
0 0.057756 0.561633 0.076561 0.561633 0.076561 0.582041 0.057756 0.582041
0 0.076562 0.542041 0.102082 0.542041 0.102082 0.552653 0.076562 0.552653
0 0.781733 0.571429 0.791135 0.571429 0.791135 0.608163 0.781733 0.608163
0 0.793149 0.539592 0.801880 0.539592 0.801880 0.567346 0.793149 0.567346
0 0.467427 0.706939 0.488919 0.706939 0.488919 0.735509 0.467427 0.735509
0 0.024177 0.513469 0.037609 0.513469 0.037609 0.532245 0.024177 0.532245
0 0.252518 0.388572 0.272666 0.388572 0.272666 0.405715 0.252518 0.405715
0 0.353258 0.369796 0.370718 0.369796 0.370718 0.393470 0.353258 0.393470
0 0.153795 0.040816 0.172600 0.040816 0.172600 0.062857 0.153795 0.062857
0 0.074547 0.398368 0.096038 0.398368 0.096038 0.434286 0.074547 0.434286
0 0.543318 0.418776 0.561450 0.418776 0.561450 0.436734 0.543318 0.436734
0 0.808597 0.005714 0.837475 0.005714 0.837475 0.017959 0.808597 0.017959
0 0.976495 0.034285 0.987912 0.034285 0.987912 0.048163 0.976495 0.048163
0 0.955003 0.002449 0.965077 0.002449 0.965077 0.016327 0.955003 0.016327
0 0.977166 0.005714 0.988583 0.005714 0.988583 0.022041 0.977166 0.022041
0 0.934856 0.023674 0.948288 0.023674 0.948288 0.035103 0.934856 0.035103
0 0.967764 0.339591 0.980524 0.339591 0.980524 0.361632 0.967764 0.361632
0 0.957018 0.320000 0.969778 0.320000 0.969778 0.341224 0.957018 0.341224
0 0.667562 0.725714 0.679651 0.725714 0.679651 0.743673 0.667562 0.743673
0 0.666890 0.760817 0.676964 0.760817 0.676964 0.773877 0.666890 0.773877
0 0.494291 0.851429 0.506381 0.851429 0.506381 0.866939 0.494291 0.866939
0 0.237072 0.752654 0.251847 0.752654 0.251847 0.775510 0.237072 0.775510
0 0.804567 0.737959 0.822700 0.737959 0.822700 0.756735 0.804567 0.756735
0 0.836803 0.629388 0.846205 0.629388 0.846205 0.653878 0.836803 0.653878
0 0.817327 0.902041 0.838818 0.902041 0.838818 0.917551 0.817327 0.917551
0 0.797179 0.898775 0.813969 0.898775 0.813969 0.912653 0.797179 0.912653
0 0.924782 0.982041 0.940900 0.982041 0.940900 0.996735 0.924782 0.996735
0 0.830759 0.845714 0.841504 0.845714 0.841504 0.861224 0.830759 0.861224
0 0.386165 0.893877 0.396910 0.893877 0.396910 0.911020 0.386165 0.911020
1 0.832102 0.248980 0.847549 0.248980 0.847549 0.263674 0.832102 0.263674
1 0.842175 0.266122 0.853592 0.266122 0.853592 0.280000 0.842175 0.280000
1 0.777702 0.297959 0.789791 0.297959 0.789791 0.308571 0.777702 0.308571
1 0.838147 0.898776 0.849564 0.898776 0.849564 0.914286 0.838147 0.914286
1 0.906649 0.962449 0.914037 0.962449 0.914037 0.971429 0.906649 0.971429
1 0.086636 0.051429 0.105440 0.051429 0.105440 0.067755 0.086636 0.067755
1 0.426461 0.057143 0.437206 0.057143 0.437206 0.066939 0.426461 0.066939
1 0.433177 0.024490 0.445937 0.024490 0.445937 0.035102 0.433177 0.035102
1 0.621895 0.004898 0.632640 0.004898 0.632640 0.019592 0.621895 0.019592
1 0.854264 0.005714 0.868367 0.005714 0.868367 0.016326 0.854264 0.016326
1 0.809268 0.617143 0.821357 0.617143 0.821357 0.631837 0.809268 0.631837
1 0.319678 0.755919 0.329752 0.755919 0.329752 0.773061 0.319678 0.773061
1 0.220954 0.789388 0.234386 0.789388 0.234386 0.801633 0.220954 0.801633
