1 0.295774 0.319809 0.327968 0.319809 0.327968 0.365155 0.295774 0.365155
1 0.251509 0.603819 0.285715 0.603819 0.285715 0.646778 0.251509 0.646778
1 0.496981 0.119331 0.523138 0.119331 0.523138 0.152745 0.496981 0.152745
1 0.835010 0.704057 0.895372 0.704057 0.895372 0.770883 0.835010 0.770883
3 0.350101 0.288782 0.456741 0.288782 0.456741 0.420047 0.350101 0.420047
3 0.470825 0.241050 0.615694 0.241050 0.615694 0.377088 0.470825 0.377088
3 0.659960 0.823389 0.798793 0.823389 0.798793 0.980907 0.659960 0.980907
3 0.778672 0.102625 0.871227 0.102625 0.871227 0.219571 0.778672 0.219571
3 0.275654 0.400955 0.384306 0.400955 0.384306 0.529833 0.275654 0.529833
3 0.428571 0.365155 0.535211 0.365155 0.535211 0.489260 0.428571 0.489260
3 0.684105 0.107398 0.754527 0.107398 0.754527 0.200477 0.684105 0.200477
