0 0.936998 0.011946 0.958616 0.011946 0.958616 0.028812 0.936998 0.028812
0 0.911674 0.011244 0.926498 0.011244 0.926498 0.030218 0.911674 0.030218
0 0.977146 0.028812 0.990735 0.028812 0.990735 0.040759 0.977146 0.040759
0 0.934527 0.059732 0.950587 0.059732 0.950587 0.077301 0.934527 0.077301
0 0.943792 0.077301 0.962940 0.077301 0.962940 0.099086 0.943792 0.099086
0 0.971587 0.086437 0.988264 0.086437 0.988264 0.109627 0.971587 0.109627
0 0.965411 0.116655 0.987029 0.116655 0.987029 0.135629 0.965411 0.135629
0 0.854231 0.016866 0.877085 0.016866 0.877085 0.038651 0.854231 0.038651
0 0.832613 0.024595 0.854231 0.024595 0.854231 0.049895 0.832613 0.049895
0 0.843730 0.077301 0.863495 0.077301 0.863495 0.096978 0.843730 0.096978
0 0.772081 0.028813 0.789377 0.028813 0.789377 0.047084 0.772081 0.047084
0 0.767140 0.011947 0.778258 0.011947 0.778258 0.027407 0.767140 0.027407
0 0.719580 0.022488 0.731934 0.022488 0.731934 0.042165 0.719580 0.042165
0 0.683138 0.007730 0.705374 0.007730 0.705374 0.025299 0.683138 0.025299
0 0.691785 0.026001 0.707844 0.026001 0.707844 0.045678 0.691785 0.045678
0 0.654725 0.003513 0.674490 0.003513 0.674490 0.030921 0.654725 0.030921
0 0.633107 0.006325 0.652255 0.006325 0.652255 0.030921 0.633107 0.030921
0 0.615812 0.016866 0.633724 0.016866 0.633724 0.039354 0.615812 0.039354
0 0.027795 0.024597 0.046943 0.024597 0.046943 0.042867 0.027795 0.042867
0 0.001236 0.042165 0.017295 0.042165 0.017295 0.065355 0.001236 0.065355
0 0.027796 0.044272 0.047561 0.044272 0.047561 0.058327 0.027796 0.058327
0 0.092032 0.014758 0.103768 0.014758 0.103768 0.033029 0.092032 0.033029
0 0.092650 0.029515 0.114886 0.029515 0.114886 0.054111 0.092650 0.054111
0 0.079678 0.076598 0.099444 0.076598 0.099444 0.100491 0.079678 0.100491
0 0.081532 0.021785 0.092032 0.021785 0.092032 0.033731 0.081532 0.033731
0 0.033971 0.078004 0.053119 0.078004 0.053119 0.100492 0.033971 0.100492
0 0.029648 0.098384 0.046324 0.098384 0.046324 0.117358 0.029648 0.117358
0 0.011735 0.094168 0.031501 0.094168 0.031501 0.115953 0.011735 0.115953
0 0.061149 0.163739 0.079679 0.163739 0.079679 0.182009 0.061149 0.182009
0 0.011118 0.191145 0.034589 0.191145 0.034589 0.210119 0.011118 0.210119
0 0.066091 0.025299 0.082150 0.025299 0.082150 0.042868 0.066091 0.042868
0 0.150092 0.022488 0.166769 0.022488 0.166769 0.041462 0.150092 0.041462
0 0.156887 0.055516 0.172329 0.055516 0.172329 0.075193 0.156887 0.075193
0 0.180358 0.081518 0.195182 0.081518 0.195182 0.101898 0.180358 0.101898
0 0.059296 0.939565 0.075972 0.939565 0.075972 0.964863 0.059296 0.964863
0 0.121062 0.949403 0.137739 0.949403 0.137739 0.971187 0.121062 0.971187
0 0.141446 0.969080 0.158741 0.969080 0.158741 0.992270 0.141446 0.992270
0 0.041383 0.878426 0.051266 0.878426 0.051266 0.901616 0.041383 0.901616
0 0.095738 0.867182 0.114268 0.867182 0.114268 0.886858 0.095738 0.886858
0 0.074737 0.849613 0.092033 0.849613 0.092033 0.872101 0.074737 0.872101
0 0.123533 0.800422 0.144534 0.800422 0.144534 0.821504 0.123533 0.821504
0 0.157504 0.787070 0.176652 0.787070 0.176652 0.810260 0.157504 0.810260
0 0.156269 0.808855 0.179123 0.808855 0.179123 0.827829 0.156269 0.827829
0 0.183446 0.843992 0.202594 0.843992 0.202594 0.862262 0.183446 0.862262
0 0.105621 0.799718 0.121679 0.799718 0.121679 0.817287 0.105621 0.817287
0 0.125386 0.768799 0.143916 0.768799 0.143916 0.794098 0.125386 0.794098
0 0.090179 0.763880 0.111180 0.763880 0.111180 0.784258 0.090179 0.784258
0 0.101297 0.745607 0.124151 0.745607 0.124151 0.767392 0.101297 0.767392
0 0.167387 0.749122 0.189623 0.749122 0.189623 0.768096 0.167387 0.768096
0 0.141446 0.803936 0.153799 0.803936 0.153799 0.835558 0.141446 0.835558
0 0.140827 0.838369 0.149475 0.838369 0.149475 0.860857 0.140827 0.860857
0 0.093268 0.718904 0.113033 0.718904 0.113033 0.743500 0.093268 0.743500
0 0.140827 0.695713 0.161210 0.695713 0.161210 0.720309 0.140827 0.720309
0 0.153799 0.765285 0.174799 0.765285 0.174799 0.786367 0.153799 0.786367
0 0.189005 0.749824 0.213095 0.749824 0.213095 0.768798 0.189005 0.768798
0 0.117974 0.666901 0.133416 0.666901 0.133416 0.688685 0.117974 0.688685
0 0.183447 0.679550 0.204448 0.679550 0.204448 0.698524 0.183447 0.698524
0 0.252625 0.749121 0.269919 0.749121 0.269919 0.771609 0.252625 0.771609
0 0.009265 0.671118 0.022853 0.671118 0.022853 0.690794 0.009265 0.690794
0 0.021618 0.639495 0.040148 0.639495 0.040148 0.661280 0.021618 0.661280
0 0.047560 0.639494 0.064238 0.639494 0.064238 0.662684 0.047560 0.662684
0 0.086473 0.650738 0.103150 0.650738 0.103150 0.667604 0.086473 0.667604
0 0.088944 0.635278 0.103768 0.635278 0.103768 0.651440 0.088944 0.651440
0 0.090179 0.614897 0.109945 0.614897 0.109945 0.634574 0.090179 0.634574
0 0.069796 0.617709 0.084620 0.617709 0.084620 0.634575 0.069796 0.634575
0 0.058679 0.617709 0.071650 0.617709 0.071650 0.634575 0.058679 0.634575
0 0.035824 0.579762 0.051883 0.579762 0.051883 0.601546 0.035824 0.601546
0 0.011735 0.598735 0.031501 0.598735 0.031501 0.620520 0.011735 0.620520
0 0.106238 0.589599 0.126003 0.589599 0.126003 0.606465 0.106238 0.606465
0 0.087708 0.503163 0.102532 0.503163 0.102532 0.526353 0.087708 0.526353
0 0.109945 0.503865 0.127240 0.503865 0.127240 0.524947 0.109945 0.524947
0 0.125386 0.494026 0.143298 0.494026 0.143298 0.514405 0.125386 0.514405
0 0.095738 0.527758 0.113650 0.527758 0.113650 0.546732 0.095738 0.546732
0 0.159975 0.555165 0.178505 0.555165 0.178505 0.579761 0.159975 0.579761
0 0.158122 0.524245 0.176034 0.524245 0.176034 0.543219 0.158122 0.543219
0 0.177270 0.540407 0.193329 0.540407 0.193329 0.562895 0.177270 0.562895
0 0.193329 0.550949 0.207535 0.550949 0.207535 0.574139 0.193329 0.574139
0 0.211859 0.546733 0.233477 0.546733 0.233477 0.572734 0.211859 0.572734
0 0.106856 0.479971 0.122298 0.479971 0.122298 0.497541 0.106856 0.497541
0 0.026559 0.472241 0.043236 0.472241 0.043236 0.489811 0.026559 0.489811
0 0.053736 0.462403 0.074120 0.462403 0.074120 0.482081 0.053736 0.482081
0 0.090178 0.458890 0.107473 0.458890 0.107473 0.481378 0.090178 0.481378
0 0.056826 0.442726 0.074121 0.442726 0.074121 0.463106 0.056826 0.463106
0 0.101297 0.443430 0.117356 0.443430 0.117356 0.463106 0.101297 0.463106
0 0.012971 0.408995 0.029648 0.408995 0.029648 0.430077 0.012971 0.430077
0 0.068560 0.408292 0.085856 0.408292 0.085856 0.427266 0.068560 0.427266
0 0.104386 0.359803 0.121063 0.359803 0.121063 0.380885 0.104386 0.380885
0 0.148857 0.367533 0.163681 0.367533 0.163681 0.389319 0.148857 0.389319
0 0.009265 0.330991 0.027795 0.330991 0.027795 0.356289 0.009265 0.356289
0 0.074120 0.293745 0.096356 0.293745 0.096356 0.319044 0.074120 0.319044
0 0.031501 0.281800 0.050649 0.281800 0.050649 0.311314 0.031501 0.311314
0 0.147621 0.317639 0.161211 0.317639 0.161211 0.344343 0.147621 0.344343
0 0.008647 0.219959 0.027795 0.219959 0.027795 0.240337 0.008647 0.240337
0 0.012354 0.243850 0.024706 0.243850 0.024706 0.265636 0.012354 0.265636
0 0.001235 0.237527 0.011735 0.237527 0.011735 0.263528 0.001235 0.263528
0 0.135269 0.456079 0.155651 0.456079 0.155651 0.475053 0.135269 0.475053
0 0.191476 0.456781 0.214948 0.456781 0.214948 0.481377 0.191476 0.481377
0 0.201359 0.434293 0.223595 0.434293 0.223595 0.456079 0.201359 0.456079
0 0.205683 0.025299 0.226066 0.025299 0.226066 0.056921 0.205683 0.056921
0 0.239654 0.020380 0.256331 0.020380 0.256331 0.044272 0.239654 0.044272
0 0.263125 0.070976 0.277949 0.070976 0.277949 0.088545 0.263125 0.088545
0 0.285979 0.096978 0.300185 0.096978 0.300185 0.111034 0.285979 0.111034
0 0.333539 0.056923 0.350217 0.056923 0.350217 0.077302 0.333539 0.077302
0 0.319333 0.070274 0.340951 0.070274 0.340951 0.091356 0.319333 0.091356
0 0.301420 0.017569 0.320568 0.017569 0.320568 0.039353 0.301420 0.039353
0 0.285978 0.006325 0.302656 0.006325 0.302656 0.024595 0.285978 0.024595
0 0.378010 0.044975 0.402718 0.044975 0.402718 0.071679 0.378010 0.071679
0 0.402718 0.052003 0.415070 0.052003 0.415070 0.075896 0.402718 0.075896
0 0.412601 0.038651 0.430513 0.038651 0.430513 0.054814 0.412601 0.054814
0 0.471896 0.063246 0.492280 0.063246 0.492280 0.085031 0.471896 0.085031
0 0.510191 0.058328 0.521309 0.058328 0.521309 0.078005 0.510191 0.078005
0 0.517604 0.132115 0.539222 0.132115 0.539222 0.151089 0.517604 0.151089
0 0.181594 0.940970 0.203830 0.940970 0.203830 0.964160 0.181594 0.964160
0 0.208154 0.929024 0.228537 0.929024 0.228537 0.948700 0.208154 0.948700
0 0.226066 0.969079 0.249537 0.969079 0.249537 0.987350 0.226066 0.987350
0 0.158122 0.909347 0.177270 0.909347 0.177270 0.936051 0.158122 0.936051
0 0.250155 0.816585 0.270538 0.816585 0.270538 0.840477 0.250155 0.840477
0 0.255713 0.856642 0.274861 0.856642 0.274861 0.874912 0.255713 0.874912
0 0.278567 0.887562 0.297097 0.887562 0.297097 0.903724 0.278567 0.903724
0 0.289067 0.842587 0.303891 0.842587 0.303891 0.864371 0.289067 0.864371
0 0.323657 0.848911 0.345275 0.848911 0.345275 0.868587 0.323657 0.868587
0 0.311921 0.899508 0.326745 0.899508 0.326745 0.917076 0.311921 0.917076
0 0.329834 0.893886 0.347128 0.893886 0.347128 0.910752 0.329834 0.910752
0 0.326127 0.910753 0.346510 0.910753 0.346510 0.929024 0.326127 0.929024
0 0.354540 0.893887 0.371834 0.893887 0.371834 0.913563 0.354540 0.913563
0 0.364422 0.900211 0.392217 0.900211 0.392217 0.928321 0.364422 0.928321
0 0.255713 0.669712 0.274861 0.669712 0.274861 0.691496 0.255713 0.691496
0 0.280420 0.670415 0.297714 0.670415 0.297714 0.694307 0.280420 0.694307
0 0.307598 0.693605 0.324892 0.693605 0.324892 0.712579 0.307598 0.712579
0 0.344657 0.669712 0.367511 0.669712 0.367511 0.692902 0.344657 0.692902
0 0.303273 0.671118 0.323657 0.671118 0.323657 0.694308 0.303273 0.694308
0 0.282274 0.652143 0.313157 0.652143 0.313157 0.670414 0.282274 0.670414
0 0.396541 0.613492 0.420631 0.613492 0.420631 0.638791 0.396541 0.638791
0 0.415689 0.548138 0.434219 0.548138 0.434219 0.569922 0.415689 0.569922
0 0.428042 0.528462 0.446572 0.528462 0.446572 0.546732 0.428042 0.546732
0 0.465102 0.519325 0.483014 0.519325 0.483014 0.536191 0.465102 0.536191
0 0.489809 0.515812 0.507721 0.515812 0.507721 0.534083 0.489809 0.534083
0 0.446572 0.500352 0.464484 0.500352 0.464484 0.520730 0.446572 0.520730
0 0.413835 0.487702 0.437306 0.487702 0.437306 0.508081 0.413835 0.508081
0 0.389129 0.486297 0.406423 0.486297 0.406423 0.508081 0.389129 0.508081
0 0.439777 0.474350 0.460161 0.474350 0.460161 0.500351 0.439777 0.500351
0 0.366893 0.549544 0.384805 0.549544 0.384805 0.569221 0.366893 0.569221
0 0.316862 0.419536 0.336628 0.419536 0.336628 0.436402 0.316862 0.436402
0 0.308833 0.437105 0.326745 0.437105 0.326745 0.454673 0.308833 0.454673
0 0.336010 0.394237 0.350216 0.394237 0.350216 0.411103 0.336010 0.411103
0 0.324274 0.386508 0.339098 0.386508 0.339098 0.404779 0.324274 0.404779
0 0.292155 0.387210 0.307597 0.387210 0.307597 0.409698 0.292155 0.409698
0 0.261889 0.405482 0.286597 0.405482 0.286597 0.428672 0.261889 0.428672
0 0.242125 0.416725 0.261273 0.416725 0.261273 0.434997 0.242125 0.434997
0 0.222360 0.420942 0.243361 0.420942 0.243361 0.443430 0.222360 0.443430
0 0.261890 0.518622 0.280420 0.518622 0.280420 0.536191 0.261890 0.536191
0 0.271155 0.476459 0.288449 0.476459 0.288449 0.496135 0.271155 0.496135
0 0.237183 0.475755 0.249536 0.475755 0.249536 0.495433 0.237183 0.495433
0 0.128475 0.222769 0.148239 0.222769 0.148239 0.246662 0.128475 0.246662
0 0.153799 0.208714 0.170476 0.208714 0.170476 0.226985 0.153799 0.226985
0 0.182830 0.257204 0.198888 0.257204 0.198888 0.278988 0.182830 0.278988
0 0.172947 0.278285 0.193329 0.278285 0.193329 0.302179 0.172947 0.302179
0 0.209389 0.304287 0.227301 0.304287 0.227301 0.323261 0.209389 0.323261
0 0.186535 0.304286 0.204447 0.304286 0.204447 0.324665 0.186535 0.324665
0 0.191476 0.292341 0.202594 0.292341 0.202594 0.306396 0.191476 0.306396
0 0.130327 0.268447 0.147622 0.268447 0.147622 0.287421 0.130327 0.287421
0 0.142680 0.253689 0.165534 0.253689 0.165534 0.271960 0.142680 0.271960
0 0.157504 0.245256 0.169240 0.245256 0.169240 0.257906 0.157504 0.257906
0 0.183447 0.201686 0.203211 0.201686 0.203211 0.227687 0.183447 0.227687
0 0.205683 0.166550 0.231007 0.166550 0.231007 0.195362 0.205683 0.195362
0 0.177888 0.161631 0.207536 0.161631 0.207536 0.184821 0.177888 0.184821
0 0.151329 0.144061 0.171093 0.144061 0.171093 0.169360 0.151329 0.169360
0 0.248301 0.198876 0.264360 0.198876 0.264360 0.216445 0.248301 0.216445
0 0.312538 0.143360 0.331686 0.143360 0.331686 0.163738 0.312538 0.163738
0 0.358246 0.158117 0.375540 0.158117 0.375540 0.174280 0.358246 0.174280
0 0.797406 0.075193 0.815936 0.075193 0.815936 0.097681 0.797406 0.097681
0 0.813465 0.092762 0.833230 0.092762 0.833230 0.115250 0.813465 0.115250
0 0.862878 0.001405 0.880790 0.001405 0.880790 0.012649 0.862878 0.012649
0 0.915380 0.116655 0.926498 0.116655 0.926498 0.135629 0.915380 0.135629
0 0.927733 0.122277 0.940087 0.122277 0.940087 0.137737 0.927733 0.137737
0 0.837554 0.164441 0.856702 0.164441 0.856702 0.189741 0.837554 0.189741
0 0.841260 0.144062 0.853614 0.144062 0.853614 0.163739 0.841260 0.163739
0 0.791229 0.156711 0.809141 0.156711 0.809141 0.177793 0.791229 0.177793
0 0.804199 0.178496 0.817789 0.178496 0.817789 0.191848 0.804199 0.191848
0 0.768375 0.218553 0.787523 0.218553 0.787523 0.238931 0.768375 0.238931
0 0.793082 0.203795 0.807288 0.203795 0.807288 0.219958 0.793082 0.219958
0 0.819024 0.242446 0.838172 0.242446 0.838172 0.262123 0.819024 0.262123
0 0.817171 0.190443 0.838172 0.190443 0.838172 0.210821 0.817171 0.210821
0 0.818406 0.210822 0.835083 0.210822 0.835083 0.227688 0.818406 0.227688
0 0.793700 0.248068 0.812230 0.248068 0.812230 0.266339 0.793700 0.266339
0 0.797405 0.291638 0.809759 0.291638 0.809759 0.307098 0.797405 0.307098
0 0.814083 0.304287 0.832613 0.304287 0.832613 0.321855 0.814083 0.321855
0 0.745522 0.279691 0.761582 0.279691 0.761582 0.300773 0.745522 0.300773
0 0.725139 0.285312 0.741816 0.285312 0.741816 0.303584 0.725139 0.303584
0 0.727610 0.257906 0.747993 0.257906 0.747993 0.280394 0.727610 0.280394
0 0.749845 0.080815 0.768993 0.080815 0.768993 0.105411 0.749845 0.105411
0 0.738728 0.104006 0.756640 0.104006 0.756640 0.125790 0.738728 0.125790
0 0.722668 0.112439 0.738727 0.112439 0.738727 0.131413 0.722668 0.131413
0 0.709697 0.099789 0.726375 0.099789 0.726375 0.118060 0.709697 0.118060
0 0.758493 0.142657 0.772699 0.142657 0.772699 0.160928 0.758493 0.160928
0 0.559605 0.002811 0.581223 0.002811 0.581223 0.023191 0.559605 0.023191
0 0.579369 0.014055 0.596047 0.014055 0.596047 0.030921 0.579369 0.030921
0 0.574429 0.030218 0.590488 0.030218 0.590488 0.043570 0.574429 0.043570
0 0.563310 0.040760 0.582458 0.040760 0.582458 0.059030 0.563310 0.059030
0 0.546017 0.037948 0.565782 0.037948 0.565782 0.057625 0.546017 0.057625
0 0.500308 0.004920 0.517603 0.004920 0.517603 0.023190 0.500308 0.023190
0 0.479308 0.037948 0.500309 0.037948 0.500309 0.055517 0.479308 0.055517
0 0.473749 0.025299 0.489809 0.025299 0.489809 0.038651 0.473749 0.038651
0 0.592958 0.075896 0.612723 0.075896 0.612723 0.096978 0.592958 0.096978
0 0.616430 0.044272 0.634960 0.044272 0.634960 0.060435 0.616430 0.060435
0 0.615194 0.087140 0.645460 0.087140 0.645460 0.111736 0.615194 0.111736
0 0.657196 0.127899 0.675726 0.127899 0.675726 0.146873 0.657196 0.146873
0 0.626312 0.125791 0.647313 0.125791 0.647313 0.146873 0.626312 0.146873
0 0.588635 0.111033 0.606547 0.111033 0.606547 0.130710 0.588635 0.130710
0 0.603459 0.131412 0.624460 0.131412 0.624460 0.148278 0.603459 0.148278
0 0.654107 0.158820 0.673872 0.158820 0.673872 0.180605 0.654107 0.180605
0 0.630636 0.148980 0.652872 0.148980 0.652872 0.174280 0.630636 0.174280
0 0.674490 0.117358 0.694256 0.117358 0.694256 0.139143 0.674490 0.139143
0 0.686226 0.172172 0.707844 0.172172 0.707844 0.196065 0.686226 0.196065
0 0.663373 0.222769 0.684991 0.222769 0.684991 0.244554 0.663373 0.244554
0 0.629401 0.212228 0.644225 0.212228 0.644225 0.236121 0.629401 0.236121
0 0.541075 0.424455 0.560223 0.424455 0.560223 0.446943 0.541075 0.446943
0 0.560222 0.425158 0.579987 0.425158 0.579987 0.447646 0.560222 0.447646
0 0.563310 0.392832 0.580605 0.392832 0.580605 0.413212 0.563310 0.413212
0 0.524397 0.404779 0.541075 0.404779 0.541075 0.424455 0.524397 0.424455
0 0.510192 0.437807 0.531193 0.437807 0.531193 0.456781 0.510192 0.456781
0 0.478073 0.408292 0.494133 0.408292 0.494133 0.429374 0.478073 0.429374
0 0.453984 0.425861 0.475602 0.425861 0.475602 0.451159 0.453984 0.451159
0 0.449043 0.384400 0.472514 0.384400 0.472514 0.404779 0.449043 0.404779
0 0.536751 0.361911 0.558369 0.361911 0.558369 0.378075 0.536751 0.378075
0 0.550958 0.352775 0.568870 0.352775 0.568870 0.368939 0.550958 0.368939
0 0.547251 0.334504 0.566399 0.334504 0.566399 0.354884 0.547251 0.354884
0 0.539222 0.319747 0.557134 0.319747 0.557134 0.340829 0.539222 0.340829
0 0.499073 0.323963 0.517603 0.323963 0.517603 0.345749 0.499073 0.345749
0 0.450896 0.345748 0.471279 0.345748 0.471279 0.364722 0.450896 0.364722
0 0.428659 0.353478 0.445337 0.353478 0.445337 0.370344 0.428659 0.370344
0 0.477455 0.283204 0.497839 0.283204 0.497839 0.302882 0.477455 0.302882
0 0.434218 0.326072 0.450896 0.326072 0.450896 0.347154 0.434218 0.347154
0 0.436072 0.293043 0.453984 0.293043 0.453984 0.313422 0.436072 0.313422
0 0.398394 0.305692 0.415688 0.305692 0.415688 0.320450 0.398394 0.320450
0 0.896850 0.241039 0.911674 0.241039 0.911674 0.258609 0.896850 0.258609
0 0.963558 0.297961 0.975294 0.297961 0.975294 0.309909 0.963558 0.309909
0 0.948734 0.313422 0.967264 0.313422 0.967264 0.327478 0.948734 0.327478
0 0.920321 0.428671 0.946881 0.428671 0.946881 0.452565 0.920321 0.452565
0 0.940704 0.389318 0.959234 0.389318 0.959234 0.404778 0.940704 0.404778
0 0.935762 0.472241 0.956145 0.472241 0.956145 0.492621 0.935762 0.492621
0 0.959852 0.470133 0.982706 0.470133 0.982706 0.488405 0.959852 0.488405
0 0.914145 0.479972 0.935146 0.479972 0.935146 0.500351 0.914145 0.500351
0 0.901791 0.523543 0.928968 0.523543 0.928968 0.549543 0.901791 0.549543
0 0.948116 0.620521 0.966028 0.620521 0.966028 0.640899 0.948116 0.640899
0 0.972823 0.605762 0.991353 0.605762 0.991353 0.624033 0.972823 0.624033
0 0.933909 0.647927 0.949968 0.647927 0.949968 0.664793 0.933909 0.664793
0 0.951205 0.689389 0.972206 0.689389 0.972206 0.712579 0.951205 0.712579
0 0.913527 0.664089 0.939469 0.664089 0.939469 0.689388 0.913527 0.689388
0 0.891909 0.679551 0.914145 0.679551 0.914145 0.697120 0.891909 0.697120
0 0.895614 0.699929 0.912292 0.699929 0.912292 0.713984 0.895614 0.713984
0 0.951822 0.742797 0.974058 0.742797 0.974058 0.765285 0.951822 0.765285
0 0.974058 0.734364 0.989500 0.734364 0.989500 0.753338 0.974058 0.753338
0 0.896850 0.744905 0.916616 0.744905 0.916616 0.765987 0.896850 0.765987
0 0.895615 0.794799 0.913527 0.794799 0.913527 0.820098 0.895615 0.820098
0 0.919704 0.811665 0.944411 0.811665 0.944411 0.836261 0.919704 0.836261
0 0.943792 0.813774 0.964793 0.813774 0.964793 0.839774 0.943792 0.839774
0 0.928968 0.837668 0.949970 0.837668 0.949970 0.858046 0.928968 0.858046
0 0.884496 0.818693 0.899938 0.818693 0.899938 0.841883 0.884496 0.841883
0 0.869672 0.843991 0.890674 0.843991 0.890674 0.866479 0.869672 0.866479
0 0.841878 0.796205 0.864114 0.796205 0.864114 0.819395 0.841878 0.819395
0 0.982088 0.919185 0.999383 0.919185 0.999383 0.938862 0.982088 0.938862
0 0.922174 0.948700 0.944410 0.948700 0.944410 0.971188 0.922174 0.971188
0 0.908586 0.929023 0.927116 0.929023 0.927116 0.947997 0.908586 0.947997
0 0.907967 0.908644 0.924644 0.908644 0.924644 0.928320 0.907967 0.928320
0 0.866584 0.947294 0.890055 0.947294 0.890055 0.962052 0.866584 0.962052
0 0.873379 0.917780 0.899321 0.917780 0.899321 0.943781 0.873379 0.943781
0 0.876467 0.897400 0.898085 0.897400 0.898085 0.916374 0.876467 0.916374
0 0.820260 0.943781 0.843731 0.943781 0.843731 0.964863 0.820260 0.964863
0 0.697345 0.953619 0.717728 0.953619 0.717728 0.976809 0.697345 0.976809
0 0.725757 0.931132 0.747375 0.931132 0.747375 0.947294 0.725757 0.947294
0 0.574429 0.965565 0.596665 0.965565 0.596665 0.990864 0.574429 0.990864
0 0.604694 0.982431 0.619518 0.982431 0.619518 0.999297 0.604694 0.999297
0 0.633724 0.970485 0.643607 0.970485 0.643607 0.985243 0.633724 0.985243
0 0.643606 0.969782 0.660902 0.969782 0.660902 0.986648 0.643606 0.986648
0 0.625077 0.924104 0.643607 0.924104 0.643607 0.946592 0.625077 0.946592
0 0.610253 0.924806 0.625695 0.924806 0.625695 0.948699 0.610253 0.948699
0 0.617665 0.903725 0.640519 0.903725 0.640519 0.925509 0.617665 0.925509
0 0.649166 0.876318 0.670784 0.876318 0.670784 0.895995 0.649166 0.895995
0 0.567634 0.907941 0.587399 0.907941 0.587399 0.935347 0.567634 0.935347
0 0.543546 0.930429 0.568253 0.930429 0.568253 0.947295 0.543546 0.947295
0 0.605312 0.826423 0.626313 0.826423 0.626313 0.854533 0.605312 0.854533
0 0.553428 0.839775 0.572576 0.839775 0.572576 0.862263 0.553428 0.862263
0 0.535516 0.878426 0.558370 0.878426 0.558370 0.898103 0.535516 0.898103
0 0.542928 0.858046 0.562076 0.858046 0.562076 0.879128 0.542928 0.879128
0 0.518220 0.846101 0.535516 0.846101 0.535516 0.866479 0.518220 0.866479
0 0.483014 0.852425 0.499692 0.852425 0.499692 0.870695 0.483014 0.870695
0 0.497220 0.847505 0.517603 0.847505 0.517603 0.866479 0.497220 0.866479
0 0.507103 0.817288 0.526868 0.817288 0.526868 0.836965 0.507103 0.836965
0 0.535516 0.808152 0.555899 0.808152 0.555899 0.830640 0.535516 0.830640
0 0.555899 0.813774 0.574429 0.813774 0.574429 0.834856 0.555899 0.834856
0 0.510191 0.796206 0.528721 0.796206 0.528721 0.815882 0.510191 0.815882
0 0.568252 0.779340 0.591106 0.779340 0.591106 0.805341 0.568252 0.805341
0 0.584929 0.799017 0.602841 0.799017 0.602841 0.817287 0.584929 0.817287
0 0.546634 0.769501 0.561458 0.769501 0.561458 0.788475 0.546634 0.788475
0 0.498455 0.754041 0.512045 0.754041 0.512045 0.774419 0.498455 0.774419
0 0.483632 0.754041 0.499692 0.754041 0.499692 0.774419 0.483632 0.774419
0 0.475602 0.785664 0.495986 0.785664 0.495986 0.803233 0.475602 0.803233
0 0.462014 0.804638 0.480544 0.804638 0.480544 0.827126 0.462014 0.827126
0 0.460778 0.756852 0.478690 0.756852 0.478690 0.777230 0.460778 0.777230
0 0.737492 0.862966 0.757876 0.862966 0.757876 0.883344 0.737492 0.883344
0 0.745522 0.899508 0.763434 0.899508 0.763434 0.920590 0.745522 0.920590
0 0.767758 0.871399 0.782582 0.871399 0.782582 0.889670 0.767758 0.889670
0 0.780729 0.865776 0.792465 0.865776 0.792465 0.890372 0.780729 0.890372
0 0.773934 0.888265 0.791230 0.888265 0.791230 0.907941 0.773934 0.907941
0 0.790612 0.879831 0.802965 0.879831 0.802965 0.900210 0.790612 0.900210
0 0.758493 0.883346 0.773935 0.883346 0.773935 0.905130 0.758493 0.905130
0 0.727610 0.905130 0.735022 0.905130 0.735022 0.916374 0.727610 0.916374
0 0.714020 0.903022 0.727610 0.903022 0.727610 0.917076 0.714020 0.917076
0 0.792464 0.826423 0.810994 0.826423 0.810994 0.849613 0.792464 0.849613
0 0.697344 0.839072 0.715874 0.839072 0.715874 0.860154 0.697344 0.860154
0 0.702904 0.830640 0.722669 0.830640 0.722669 0.846803 0.702904 0.846803
0 0.707844 0.874912 0.727610 0.874912 0.727610 0.892481 0.707844 0.892481
0 0.796170 0.923401 0.819024 0.923401 0.819024 0.938861 0.796170 0.938861
0 0.672637 0.784259 0.692403 0.784259 0.692403 0.808152 0.672637 0.808152
0 0.712168 0.745607 0.730080 0.745607 0.730080 0.767392 0.712168 0.767392
0 0.732551 0.737175 0.750463 0.737175 0.750463 0.757554 0.732551 0.757554
0 0.744904 0.752636 0.762200 0.752636 0.762200 0.770204 0.744904 0.770204
0 0.753551 0.731553 0.770846 0.731553 0.770846 0.752635 0.753551 0.752635
0 0.775787 0.730148 0.791847 0.730148 0.791847 0.755447 0.775787 0.755447
0 0.787523 0.743499 0.808524 0.743499 0.808524 0.765284 0.787523 0.765284
0 0.772081 0.643008 0.792465 0.643008 0.792465 0.662685 0.772081 0.662685
0 0.767758 0.673226 0.786288 0.673226 0.786288 0.693604 0.767758 0.693604
0 0.777023 0.657062 0.802347 0.657062 0.802347 0.673928 0.777023 0.673928
0 0.792465 0.632467 0.813466 0.632467 0.813466 0.655657 0.792465 0.655657
0 0.828289 0.689389 0.843113 0.689389 0.843113 0.714688 0.828289 0.714688
0 0.856702 0.607168 0.880173 0.607168 0.880173 0.628953 0.856702 0.628953
0 0.771464 0.506676 0.797406 0.506676 0.797406 0.529164 0.771464 0.529164
0 0.799259 0.503162 0.821495 0.503162 0.821495 0.525650 0.799259 0.525650
0 0.808523 0.482783 0.825819 0.482783 0.825819 0.505973 0.808523 0.505973
0 0.833230 0.494027 0.851760 0.494027 0.851760 0.515811 0.833230 0.515811
0 0.849907 0.504569 0.867202 0.504569 0.867202 0.524948 0.849907 0.524948
0 0.869055 0.494730 0.888203 0.494730 0.888203 0.514406 0.869055 0.514406
0 0.839407 0.459592 0.858555 0.459592 0.858555 0.478566 0.839407 0.478566
0 0.851142 0.392129 0.873996 0.392129 0.873996 0.414617 0.851142 0.414617
0 0.849289 0.419536 0.866584 0.419536 0.866584 0.439916 0.849289 0.439916
0 0.740580 0.403373 0.760346 0.403373 0.760346 0.432888 0.740580 0.432888
0 0.741815 0.375263 0.762199 0.375263 0.762199 0.392833 0.741815 0.392833
0 0.781964 0.326775 0.801112 0.326775 0.801112 0.349965 0.781964 0.349965
0 0.761581 0.337316 0.780111 0.337316 0.780111 0.356290 0.761581 0.356290
0 0.740580 0.342235 0.757876 0.342235 0.757876 0.363317 0.740580 0.363317
0 0.764052 0.300774 0.781964 0.300774 0.781964 0.332396 0.764052 0.332396
0 0.894997 0.352775 0.909821 0.352775 0.909821 0.364723 0.894997 0.364723
0 0.710314 0.678145 0.731316 0.678145 0.731316 0.697821 0.710314 0.697821
0 0.754169 0.695010 0.773934 0.695010 0.773934 0.712579 0.754169 0.712579
0 0.733786 0.675334 0.748610 0.675334 0.748610 0.692200 0.733786 0.692200
0 0.674490 0.697119 0.690550 0.697119 0.690550 0.716093 0.674490 0.716093
0 0.675108 0.680956 0.697344 0.680956 0.697344 0.697118 0.675108 0.697118
0 0.668314 0.724526 0.684373 0.724526 0.684373 0.744202 0.668314 0.744202
0 0.605930 0.717499 0.624460 0.717499 0.624460 0.737175 0.605930 0.737175
0 0.728845 0.600141 0.744904 0.600141 0.744904 0.618412 0.728845 0.618412
0 0.742434 0.607871 0.760964 0.607871 0.760964 0.630359 0.742434 0.630359
0 0.736874 0.548138 0.757876 0.548138 0.757876 0.572734 0.736874 0.572734
0 0.754169 0.521433 0.772081 0.521433 0.772081 0.541812 0.754169 0.541812
0 0.770228 0.531975 0.786906 0.531975 0.786906 0.548841 0.770228 0.548841
0 0.786905 0.538299 0.806053 0.538299 0.806053 0.557273 0.786905 0.557273
0 0.697344 0.533380 0.720198 0.533380 0.720198 0.554462 0.697344 0.554462
0 0.690550 0.569922 0.721433 0.569922 0.721433 0.595221 0.690550 0.595221
0 0.722051 0.567815 0.739963 0.567815 0.739963 0.588897 0.722051 0.588897
0 0.661519 0.565004 0.683755 0.565004 0.683755 0.588194 0.661519 0.588194
0 0.676961 0.543922 0.694873 0.543922 0.694873 0.575545 0.676961 0.575545
0 0.638666 0.561489 0.660902 0.561489 0.660902 0.583274 0.638666 0.583274
0 0.562693 0.203091 0.578753 0.203091 0.578753 0.228390 0.562693 0.228390
0 0.549723 0.226985 0.569488 0.226985 0.569488 0.245959 0.549723 0.245959
0 0.544781 0.243850 0.562693 0.243850 0.562693 0.263528 0.544781 0.263528
0 0.596046 0.230499 0.613341 0.230499 0.613341 0.249473 0.596046 0.249473
0 0.609018 0.219256 0.624460 0.219256 0.624460 0.237527 0.609018 0.237527
0 0.523162 0.240337 0.542310 0.240337 0.542310 0.261419 0.523162 0.261419
0 0.501543 0.229094 0.518838 0.229094 0.518838 0.258609 0.501543 0.258609
0 0.565163 0.247365 0.581222 0.247365 0.581222 0.276177 0.565163 0.276177
0 0.507103 0.188335 0.520074 0.188335 0.520074 0.207309 0.507103 0.207309
0 0.548487 0.189037 0.563929 0.189037 0.563929 0.212227 0.548487 0.212227
0 0.490426 0.151792 0.512044 0.151792 0.512044 0.175685 0.490426 0.175685
0 0.485485 0.176388 0.499074 0.176388 0.499074 0.196065 0.485485 0.196065
0 0.468190 0.229094 0.491044 0.229094 0.491044 0.252987 0.468190 0.252987
0 0.424336 0.143358 0.449660 0.143358 0.449660 0.163035 0.424336 0.163035
0 0.450278 0.150387 0.467573 0.150387 0.467573 0.173577 0.450278 0.173577
0 0.468809 0.156008 0.481161 0.156008 0.481161 0.177793 0.468809 0.177793
0 0.433601 0.189741 0.449661 0.189741 0.449661 0.213634 0.433601 0.213634
0 0.410748 0.193956 0.428660 0.193956 0.428660 0.203092 0.410748 0.203092
0 0.363187 0.198876 0.382953 0.198876 0.382953 0.217146 0.363187 0.217146
0 0.380482 0.217850 0.397776 0.217850 0.397776 0.239635 0.380482 0.239635
0 0.380481 0.294449 0.397159 0.294449 0.397159 0.314125 0.380481 0.314125
0 0.366893 0.317639 0.389747 0.317639 0.389747 0.340829 0.366893 0.340829
0 0.348980 0.300070 0.373688 0.300070 0.373688 0.324666 0.348980 0.324666
0 0.331686 0.327477 0.349598 0.327477 0.349598 0.346451 0.331686 0.346451
0 0.323039 0.280393 0.338481 0.280393 0.338481 0.304989 0.323039 0.304989
0 0.337862 0.286718 0.354540 0.286718 0.354540 0.307800 0.337862 0.307800
0 0.287831 0.316936 0.308215 0.316936 0.308215 0.338722 0.287831 0.338722
0 0.260037 0.310611 0.282273 0.310611 0.282273 0.328883 0.260037 0.328883
0 0.268685 0.333099 0.286597 0.333099 0.286597 0.352073 0.268685 0.352073
0 0.318097 0.253689 0.341568 0.253689 0.341568 0.272663 0.318097 0.272663
0 0.362569 0.263527 0.379247 0.263527 0.379247 0.283907 0.362569 0.283907
0 0.421247 0.297259 0.436689 0.297259 0.436689 0.321153 0.421247 0.321153
0 0.453984 0.289529 0.471278 0.289529 0.471278 0.305693 0.453984 0.305693
0 0.311303 0.177091 0.326127 0.177091 0.326127 0.194660 0.311303 0.194660
0 0.338481 0.196767 0.351451 0.196767 0.351451 0.219255 0.338481 0.219255
0 0.275479 0.263528 0.293391 0.263528 0.293391 0.288826 0.275479 0.288826
0 0.274243 0.243149 0.290921 0.243149 0.290921 0.260718 0.274243 0.260718
0 0.702286 0.467322 0.722051 0.467322 0.722051 0.489108 0.702286 0.489108
0 0.721433 0.457484 0.741816 0.457484 0.741816 0.479270 0.721433 0.479270
0 0.725139 0.483486 0.741198 0.483486 0.741198 0.504568 0.725139 0.504568
0 0.723286 0.511595 0.742434 0.511595 0.742434 0.533380 0.723286 0.533380
0 0.678814 0.482783 0.694874 0.482783 0.694874 0.498946 0.678814 0.498946
0 0.671403 0.469431 0.691786 0.469431 0.691786 0.486297 0.671403 0.486297
0 0.628166 0.447646 0.646696 0.447646 0.646696 0.467322 0.628166 0.467322
0 0.626312 0.470836 0.642371 0.470836 0.642371 0.491918 0.626312 0.491918
0 0.659666 0.513703 0.675725 0.513703 0.675725 0.532677 0.659666 0.532677
0 0.640519 0.509487 0.665843 0.509487 0.665843 0.522839 0.640519 0.522839
0 0.608401 0.443430 0.629402 0.443430 0.629402 0.466620 0.608401 0.466620
0 0.582458 0.456782 0.607166 0.456782 0.607166 0.485594 0.582458 0.485594
0 0.566399 0.508785 0.588017 0.508785 0.588017 0.524948 0.566399 0.524948
0 0.599753 0.533380 0.615812 0.533380 0.615812 0.555868 0.599753 0.555868
0 0.610253 0.542517 0.631871 0.542517 0.631871 0.568518 0.610253 0.568518
0 0.591106 0.582572 0.605312 0.582572 0.605312 0.605060 0.591106 0.605060
0 0.574429 0.553760 0.596047 0.553760 0.596047 0.579059 0.574429 0.579059
0 0.553428 0.560084 0.571340 0.560084 0.571340 0.578355 0.553428 0.578355
0 0.549721 0.541111 0.570723 0.541111 0.570723 0.555165 0.549721 0.555165
0 0.533662 0.581167 0.554045 0.581167 0.554045 0.601545 0.533662 0.601545
0 0.617047 0.586789 0.638049 0.586789 0.638049 0.610681 0.617047 0.610681
0 0.624460 0.654954 0.649784 0.654954 0.649784 0.678847 0.624460 0.678847
0 0.646695 0.626143 0.655961 0.626143 0.655961 0.652143 0.646695 0.652143
0 0.597282 0.658468 0.615812 0.658468 0.615812 0.677442 0.597282 0.677442
0 0.615195 0.640197 0.625695 0.640197 0.625695 0.652845 0.615195 0.652845
0 0.575664 0.730148 0.597282 0.730148 0.597282 0.751230 0.575664 0.751230
0 0.562692 0.713282 0.583075 0.713282 0.583075 0.732256 0.562692 0.732256
0 0.517603 0.626142 0.545399 0.626142 0.545399 0.647224 0.517603 0.647224
0 0.507103 0.659874 0.524398 0.659874 0.524398 0.677442 0.507103 0.677442
0 0.519457 0.692200 0.537369 0.692200 0.537369 0.713985 0.519457 0.713985
0 0.467573 0.640197 0.487338 0.640197 0.487338 0.659874 0.467573 0.659874
0 0.481778 0.611384 0.502162 0.611384 0.502162 0.631061 0.481778 0.631061
0 0.511427 0.605060 0.531810 0.605060 0.531810 0.626142 0.511427 0.626142
0 0.563928 0.612088 0.580605 0.612088 0.580605 0.626142 0.563928 0.626142
0 0.550340 0.596627 0.571958 0.596627 0.571958 0.613493 0.550340 0.613493
0 0.466337 0.707659 0.482397 0.707659 0.482397 0.731552 0.466337 0.731552
0 0.451513 0.715391 0.468191 0.715391 0.468191 0.737175 0.451513 0.737175
0 0.423718 0.671117 0.444102 0.671117 0.444102 0.692199 0.423718 0.692199
0 0.404571 0.654251 0.427425 0.654251 0.427425 0.673928 0.404571 0.673928
0 0.386659 0.646522 0.403953 0.646522 0.403953 0.664091 0.386659 0.664091
0 0.379864 0.685172 0.399630 0.685172 0.399630 0.706254 0.379864 0.706254
0 0.424335 0.720309 0.444719 0.720309 0.444719 0.747013 0.424335 0.747013
0 0.434836 0.753338 0.452748 0.753338 0.452748 0.775826 0.434836 0.775826
0 0.403336 0.730148 0.424954 0.730148 0.424954 0.754041 0.403336 0.754041
0 0.431130 0.024596 0.447808 0.024596 0.447808 0.041462 0.431130 0.041462
0 0.399629 0.092059 0.415689 0.092059 0.415689 0.109628 0.399629 0.109628
0 0.366893 0.108222 0.385423 0.108222 0.385423 0.124386 0.366893 0.124386
0 0.268684 0.018271 0.284744 0.018271 0.284744 0.028813 0.268684 0.028813
0 0.271155 0.118060 0.285361 0.118060 0.285361 0.140548 0.271155 0.140548
0 0.191476 0.099790 0.212477 0.099790 0.212477 0.121575 0.191476 0.121575
0 0.270537 0.177794 0.285361 0.177794 0.285361 0.196065 0.270537 0.196065
0 0.335392 0.148278 0.352070 0.148278 0.352070 0.169360 0.335392 0.169360
0 0.318715 0.162332 0.337245 0.162332 0.337245 0.179901 0.318715 0.179901
0 0.337862 0.172874 0.354540 0.172874 0.354540 0.189740 0.337862 0.189740
0 0.219272 0.328883 0.239036 0.328883 0.239036 0.359101 0.219272 0.359101
0 0.209389 0.358398 0.229771 0.358398 0.229771 0.379480 0.209389 0.379480
0 0.238419 0.385102 0.251389 0.385102 0.251389 0.403373 0.238419 0.403373
0 0.274861 0.378075 0.288449 0.378075 0.288449 0.391427 0.274861 0.391427
0 0.011118 0.860155 0.026560 0.860155 0.026560 0.879129 0.011118 0.879129
0 0.014824 0.844695 0.029030 0.844695 0.029030 0.862965 0.014824 0.862965
0 0.033354 0.824315 0.049413 0.824315 0.049413 0.852425 0.033354 0.852425
0 0.000617 0.932537 0.012353 0.932537 0.012353 0.955025 0.000617 0.955025
0 0.156269 0.846803 0.175417 0.846803 0.175417 0.864371 0.156269 0.864371
0 0.213094 0.888967 0.235330 0.888967 0.235330 0.903725 0.213094 0.903725
0 0.335392 0.947997 0.363187 0.947997 0.363187 0.974701 0.335392 0.974701
0 0.433601 0.900914 0.455837 0.900914 0.455837 0.919184 0.433601 0.919184
0 0.496603 0.888264 0.510192 0.888264 0.510192 0.905130 0.496603 0.905130
0 0.459542 0.852425 0.476220 0.852425 0.476220 0.872101 0.459542 0.872101
0 0.437307 0.836261 0.452749 0.836261 0.452749 0.853127 0.437307 0.853127
0 0.375541 0.796909 0.397159 0.796909 0.397159 0.817287 0.375541 0.817287
0 0.405806 0.802530 0.425571 0.802530 0.425571 0.820800 0.405806 0.820800
0 0.386659 0.780042 0.400865 0.780042 0.400865 0.799016 0.386659 0.799016
0 0.355157 0.758258 0.375540 0.758258 0.375540 0.777934 0.355157 0.777934
0 0.365040 0.778637 0.384806 0.778637 0.384806 0.797611 0.365040 0.797611
0 0.322421 0.825017 0.342805 0.825017 0.342805 0.841883 0.322421 0.841883
0 0.272390 0.768799 0.298950 0.768799 0.298950 0.796206 0.272390 0.796206
0 0.264978 0.799016 0.287832 0.799016 0.287832 0.820098 0.264978 0.820098
0 0.269920 0.862263 0.291538 0.862263 0.291538 0.889670 0.269920 0.889670
0 0.436690 0.871399 0.453984 0.871399 0.453984 0.889670 0.436690 0.889670
0 0.479926 0.828531 0.502162 0.828531 0.502162 0.850316 0.479926 0.850316
0 0.693020 0.857344 0.710315 0.857344 0.710315 0.874210 0.693020 0.874210
0 0.681902 0.836261 0.694874 0.836261 0.694874 0.861560 0.681902 0.861560
0 0.431130 0.623331 0.452132 0.623331 0.452132 0.648629 0.431130 0.648629
0 0.340334 0.641603 0.362570 0.641603 0.362570 0.663388 0.340334 0.663388
0 0.359481 0.654954 0.375540 0.654954 0.375540 0.671820 0.359481 0.671820
0 0.297715 0.631765 0.315627 0.631765 0.315627 0.652143 0.297715 0.652143
0 0.223594 0.609978 0.247684 0.609978 0.247684 0.631763 0.223594 0.631763
0 0.204447 0.622629 0.222359 0.622629 0.222359 0.644413 0.204447 0.644413
0 0.232859 0.643008 0.248918 0.643008 0.248918 0.662685 0.232859 0.662685
0 0.244595 0.635278 0.264979 0.635278 0.264979 0.649332 0.244595 0.649332
0 0.144533 0.626142 0.159975 0.626142 0.159975 0.645116 0.144533 0.645116
0 0.387894 0.711173 0.411365 0.711173 0.411365 0.733661 0.387894 0.733661
0 0.358864 0.625439 0.372452 0.625439 0.372452 0.643007 0.358864 0.643007
0 0.841260 0.698524 0.864114 0.698524 0.864114 0.721714 0.841260 0.721714
0 0.836936 0.634575 0.856702 0.634575 0.856702 0.655657 0.836936 0.655657
0 0.681902 0.293745 0.699198 0.293745 0.699198 0.319747 0.681902 0.319747
0 0.682520 0.312720 0.704138 0.312720 0.704138 0.335910 0.682520 0.335910
0 0.702903 0.323963 0.722051 0.323963 0.722051 0.343641 0.702903 0.343641
0 0.611488 0.322558 0.634342 0.322558 0.634342 0.349262 0.611488 0.349262
0 0.589252 0.297962 0.605930 0.297962 0.605930 0.324666 0.589252 0.324666
0 0.565163 0.283907 0.586164 0.283907 0.586164 0.309909 0.565163 0.309909
0 0.583075 0.380885 0.599753 0.380885 0.599753 0.400563 0.583075 0.400563
0 0.581224 0.353479 0.597283 0.353479 0.597283 0.371047 0.581224 0.371047
0 0.696109 0.351370 0.715257 0.351370 0.715257 0.367534 0.696109 0.367534
0 0.689314 0.359803 0.710315 0.359803 0.710315 0.378075 0.689314 0.378075
0 0.829524 0.329585 0.843114 0.329585 0.843114 0.347857 0.829524 0.347857
0 0.896232 0.570626 0.910438 0.570626 0.910438 0.590302 0.896232 0.590302
0 0.951821 0.562192 0.969117 0.562192 0.969117 0.578355 0.951821 0.578355
0 0.977147 0.510893 0.996912 0.510893 0.996912 0.527056 0.977147 0.527056
0 0.381099 0.380183 0.397159 0.380183 0.397159 0.405481 0.381099 0.405481
0 0.395923 0.362615 0.415071 0.362615 0.415071 0.401265 0.395923 0.401265
0 0.407042 0.392832 0.427425 0.392832 0.427425 0.418130 0.407042 0.418130
0 0.508956 0.415320 0.525015 0.415320 0.525015 0.435699 0.508956 0.435699
0 0.510810 0.391426 0.526869 0.391426 0.526869 0.406184 0.510810 0.406184
0 0.518221 0.363316 0.533045 0.363316 0.533045 0.377372 0.518221 0.377372
0 0.048178 0.234716 0.064238 0.234716 0.064238 0.255095 0.048178 0.255095
0 0.035825 0.255797 0.053737 0.255797 0.053737 0.274068 0.035825 0.274068
0 0.028413 0.156711 0.049413 0.156711 0.049413 0.179199 0.028413 0.179199
0 0.043854 0.168658 0.058678 0.168658 0.058678 0.187632 0.043854 0.187632
0 0.079678 0.164441 0.096974 0.164441 0.096974 0.185523 0.079678 0.185523
0 0.077825 0.118060 0.090797 0.118060 0.090797 0.137034 0.077825 0.137034
0 0.138975 0.184119 0.158739 0.184119 0.158739 0.202389 0.138975 0.202389
0 0.045707 0.122979 0.063003 0.122979 0.063003 0.140548 0.045707 0.140548
0 0.082767 0.384400 0.100679 0.384400 0.100679 0.406184 0.082767 0.406184
0 0.100680 0.401967 0.122298 0.401967 0.122298 0.416023 0.100680 0.416023
0 0.136503 0.392832 0.153180 0.392832 0.153180 0.408996 0.136503 0.408996
0 0.165534 0.383696 0.180976 0.383696 0.180976 0.417428 0.165534 0.417428
0 0.437306 0.425860 0.453984 0.425860 0.453984 0.445538 0.437306 0.445538
0 0.361951 0.407590 0.382335 0.407590 0.382335 0.423050 0.361951 0.423050
0 0.644842 0.235418 0.660284 0.235418 0.660284 0.250176 0.644842 0.250176
0 0.121062 0.347154 0.138357 0.347154 0.138357 0.369642 0.121062 0.369642
0 0.138975 0.346451 0.151328 0.346451 0.151328 0.363317 0.138975 0.363317
0 0.260655 0.057625 0.274243 0.057625 0.274243 0.072383 0.260655 0.072383
0 0.224830 0.377372 0.239654 0.377372 0.239654 0.394238 0.224830 0.394238
0 0.195800 0.375263 0.206918 0.375263 0.206918 0.390021 0.195800 0.390021
0 0.185300 0.377371 0.193947 0.377371 0.193947 0.397751 0.185300 0.397751
0 0.003706 0.390724 0.014206 0.390724 0.014206 0.405482 0.003706 0.405482
0 0.235949 0.555165 0.252626 0.555165 0.252626 0.574842 0.235949 0.574842
0 0.056208 0.682361 0.066090 0.682361 0.066090 0.695713 0.056208 0.695713
0 0.178505 0.621223 0.192095 0.621223 0.192095 0.655657 0.178505 0.655657
0 0.224213 0.688686 0.238419 0.688686 0.238419 0.704848 0.224213 0.704848
0 0.154417 0.672523 0.166770 0.672523 0.166770 0.688685 0.154417 0.688685
0 0.129092 0.647927 0.140828 0.647927 0.140828 0.661279 0.129092 0.661279
0 0.474366 0.902320 0.491044 0.902320 0.491044 0.924104 0.474366 0.924104
0 0.438542 0.819396 0.457690 0.819396 0.457690 0.834856 0.438542 0.834856
0 0.318715 0.975405 0.349598 0.975405 0.349598 0.988053 0.318715 0.988053
0 0.302656 0.985945 0.329834 0.985945 0.329834 0.999297 0.302656 0.999297
0 0.957999 0.496837 0.973441 0.496837 0.973441 0.511595 0.957999 0.511595
0 0.483014 0.499648 0.504632 0.499648 0.504632 0.520027 0.483014 0.520027
0 0.493515 0.372452 0.507104 0.372452 0.507104 0.392130 0.493515 0.392130
0 0.481162 0.390724 0.498456 0.390724 0.498456 0.407590 0.481162 0.407590
0 0.537369 0.395643 0.554046 0.395643 0.554046 0.408995 0.537369 0.408995
0 0.488574 0.349965 0.501545 0.349965 0.501545 0.363317 0.488574 0.363317
0 0.481162 0.718201 0.498456 0.718201 0.498456 0.739985 0.481162 0.739985
0 0.823348 0.787772 0.837554 0.787772 0.837554 0.804638 0.823348 0.804638
0 0.813465 0.809557 0.825201 0.809557 0.825201 0.826423 0.813465 0.826423
0 0.821495 0.856641 0.834466 0.856641 0.834466 0.874209 0.821495 0.874209
0 0.814701 0.841884 0.828907 0.841884 0.828907 0.861560 0.814701 0.861560
0 0.431748 0.561490 0.449042 0.561490 0.449042 0.575545 0.431748 0.575545
0 0.747374 0.639495 0.764051 0.639495 0.764051 0.659874 0.747374 0.659874
0 0.783817 0.588195 0.799259 0.588195 0.799259 0.608573 0.783817 0.608573
0 0.911056 0.635278 0.923409 0.635278 0.923409 0.657062 0.911056 0.657062
0 0.836319 0.660577 0.847437 0.660577 0.847437 0.684469 0.836319 0.684469
0 0.861025 0.649333 0.878321 0.649333 0.878321 0.667604 0.861025 0.667604
0 0.981471 0.330287 0.997530 0.330287 0.997530 0.347857 0.981471 0.347857
0 0.911056 0.302881 0.926498 0.302881 0.926498 0.311314 0.911056 0.311314
0 0.977764 0.142656 0.993206 0.142656 0.993206 0.157414 0.977764 0.157414
0 0.919086 0.231904 0.941322 0.231904 0.941322 0.243148 0.919086 0.243148
0 0.858554 0.306395 0.875232 0.306395 0.875232 0.325369 0.858554 0.325369
0 0.640518 0.529867 0.654108 0.529867 0.654108 0.545327 0.640518 0.545327
0 0.800493 0.659171 0.817789 0.659171 0.817789 0.680253 0.800493 0.680253
0 0.762816 0.848911 0.778258 0.848911 0.778258 0.865777 0.762816 0.865777
0 0.673255 0.873507 0.687461 0.873507 0.687461 0.892481 0.673255 0.892481
0 0.375540 0.486999 0.387893 0.486999 0.387893 0.500351 0.375540 0.500351
0 0.365040 0.530569 0.376158 0.530569 0.376158 0.545327 0.365040 0.545327
0 0.386041 0.529164 0.396541 0.529164 0.396541 0.539002 0.386041 0.539002
0 0.398394 0.546733 0.413836 0.546733 0.413836 0.564302 0.398394 0.564302
0 0.699815 0.210119 0.724522 0.210119 0.724522 0.232607 0.699815 0.232607
0 0.686844 0.224877 0.701668 0.224877 0.701668 0.249473 0.686844 0.249473
0 0.655960 0.188335 0.672019 0.188335 0.672019 0.204497 0.655960 0.204497
0 0.644842 0.199579 0.657814 0.199579 0.657814 0.213634 0.644842 0.213634
0 0.668931 0.203092 0.680049 0.203092 0.680049 0.216444 0.668931 0.216444
0 0.708462 0.134223 0.724522 0.134223 0.724522 0.148278 0.708462 0.148278
0 0.782582 0.106114 0.793082 0.106114 0.793082 0.120872 0.782582 0.120872
0 0.546634 0.159522 0.561458 0.159522 0.561458 0.176388 0.546634 0.176388
0 0.594193 0.204497 0.615194 0.204497 0.615194 0.220660 0.594193 0.220660
0 0.620136 0.250878 0.641754 0.250878 0.641754 0.275474 0.620136 0.275474
0 0.704757 0.309909 0.717110 0.309909 0.717110 0.323261 0.704757 0.323261
0 0.436072 0.604357 0.457690 0.604357 0.457690 0.624034 0.436072 0.624034
0 0.539839 0.529867 0.552192 0.529867 0.552192 0.547435 0.539839 0.547435
0 0.547252 0.522136 0.564547 0.522136 0.564547 0.535488 0.547252 0.535488
0 0.520691 0.546732 0.537987 0.546732 0.537987 0.565706 0.520691 0.565706
0 0.528721 0.563597 0.546017 0.563597 0.546017 0.581166 0.528721 0.581166
0 0.426189 0.455376 0.447807 0.455376 0.447807 0.480675 0.426189 0.480675
0 0.324274 0.219255 0.342186 0.219255 0.342186 0.240337 0.324274 0.240337
0 0.387276 0.269150 0.404570 0.269150 0.404570 0.284610 0.387276 0.284610
0 0.685608 0.770204 0.707844 0.770204 0.707844 0.787772 0.685608 0.787772
0 0.705991 0.768095 0.719581 0.768095 0.719581 0.790583 0.705991 0.790583
0 0.747374 0.219958 0.760346 0.219958 0.760346 0.241040 0.747374 0.241040
0 0.605312 0.165847 0.629401 0.165847 0.629401 0.183416 0.605312 0.183416
0 0.911674 0.102600 0.923410 0.102600 0.923410 0.116656 0.911674 0.116656
0 0.095738 0.272663 0.109326 0.272663 0.109326 0.293745 0.095738 0.293745
0 0.182211 0.001405 0.194565 0.001405 0.194565 0.014055 0.182211 0.014055
0 0.386040 0.673929 0.402718 0.673929 0.402718 0.686577 0.386040 0.686577
0 0.329834 0.672523 0.342186 0.672523 0.342186 0.685875 0.329834 0.685875
0 0.592341 0.909346 0.606547 0.909346 0.606547 0.926212 0.592341 0.926212
1 0.260655 0.130710 0.272391 0.130710 0.272391 0.145468 0.260655 0.145468
1 0.211859 0.138440 0.221125 0.138440 0.221125 0.151792 0.211859 0.151792
1 0.206919 0.256500 0.215566 0.256500 0.215566 0.269149 0.206919 0.269149
1 0.232242 0.252284 0.243978 0.252284 0.243978 0.264933 0.232242 0.264933
1 0.125386 0.062543 0.134652 0.062543 0.134652 0.078706 0.125386 0.078706
1 0.142063 0.070274 0.156269 0.070274 0.156269 0.083626 0.142063 0.083626
1 0.244596 0.529164 0.254478 0.529164 0.254478 0.538300 0.244596 0.538300
1 0.230389 0.534786 0.238419 0.534786 0.238419 0.542516 0.230389 0.542516
1 0.856702 0.138440 0.870908 0.138440 0.870908 0.154603 0.856702 0.154603
1 0.902409 0.167252 0.914145 0.167252 0.914145 0.182712 0.902409 0.182712
1 0.967264 0.668307 0.981470 0.668307 0.981470 0.680955 0.967264 0.680955
1 0.928968 0.633170 0.946264 0.633170 0.946264 0.648630 0.928968 0.648630
1 0.778875 0.933943 0.788759 0.933943 0.788759 0.943781 0.778875 0.943781
1 0.758493 0.928320 0.772699 0.928320 0.772699 0.938861 0.758493 0.938861
1 0.673255 0.813774 0.687461 0.813774 0.687461 0.829234 0.673255 0.829234
1 0.727609 0.831342 0.739345 0.831342 0.739345 0.845397 0.727609 0.845397
1 0.744904 0.938862 0.756640 0.938862 0.756640 0.945186 0.744904 0.945186
1 0.449042 0.775124 0.465720 0.775124 0.465720 0.793395 0.449042 0.793395
1 0.620136 0.746310 0.634342 0.746310 0.634342 0.763176 0.620136 0.763176
1 0.176652 0.345046 0.195800 0.345046 0.195800 0.358398 0.176652 0.358398
1 0.295862 0.352073 0.306362 0.352073 0.306362 0.361209 0.295862 0.361209
1 0.172328 0.709065 0.189624 0.709065 0.189624 0.723823 0.172328 0.723823
1 0.163064 0.731553 0.174182 0.731553 0.174182 0.740689 0.163064 0.740689
1 0.137740 0.744905 0.158741 0.744905 0.158741 0.757554 0.137740 0.757554
1 0.507720 0.950809 0.517603 0.950809 0.517603 0.963457 0.507720 0.963457
1 0.404571 0.924807 0.412601 0.924807 0.412601 0.934645 0.404571 0.934645
1 0.666461 0.427266 0.677579 0.427266 0.677579 0.437808 0.666461 0.437808
1 0.494750 0.454674 0.507103 0.454674 0.507103 0.461701 0.494750 0.461701
1 0.476838 0.447646 0.491662 0.447646 0.491662 0.460998 0.476838 0.460998
1 0.773934 0.584680 0.786288 0.584680 0.786288 0.593816 0.773934 0.593816
1 0.841260 0.597329 0.848672 0.597329 0.848672 0.614195 0.841260 0.614195
1 0.606548 0.345046 0.618901 0.345046 0.618901 0.358398 0.606548 0.358398
1 0.583075 0.277582 0.592341 0.277582 0.592341 0.295853 0.583075 0.295853
