0 0.966507 0.060509 1.000000 0.060509 1.000000 0.130573 0.966507 0.130573
1 0.086125 0.003185 0.133972 0.003185 0.133972 0.073249 0.086125 0.073249
1 0.009570 0.417198 0.069379 0.417198 0.069379 0.480892 0.009570 0.480892
2 0.191388 0.716561 0.260766 0.716561 0.260766 0.789809 0.191388 0.789809
2 0.454545 0.904459 0.519138 0.904459 0.519138 0.977707 0.454545 0.977707
2 0.490431 0.439491 0.547847 0.439491 0.547847 0.512739 0.490431 0.512739
2 0.571770 0.331210 0.626794 0.331210 0.626794 0.423567 0.571770 0.423567
2 0.782297 0.105095 0.846889 0.105095 0.846889 0.184713 0.782297 0.184713
2 0.909091 0.229300 0.968900 0.229300 0.968900 0.286625 0.909091 0.286625
2 0.330143 0.168790 0.375599 0.168790 0.375599 0.242038 0.330143 0.242038
