1 0.122873 0.011628 0.166351 0.011628 0.166351 0.048450 0.122873 0.048450
1 0.196597 0.038760 0.240075 0.038760 0.240075 0.071706 0.196597 0.071706
1 0.164461 0.048449 0.190926 0.048449 0.190926 0.081395 0.164461 0.081395
1 0.177694 0.087209 0.202269 0.087209 0.202269 0.116279 0.177694 0.116279
1 0.281664 0.042636 0.315690 0.042636 0.315690 0.081396 0.281664 0.081396
1 0.315690 0.077519 0.355388 0.077519 0.355388 0.112403 0.315690 0.112403
1 0.334593 0.007752 0.374291 0.007752 0.374291 0.044574 0.334593 0.044574
1 0.376182 0.046512 0.410208 0.046512 0.410208 0.075582 0.376182 0.075582
1 0.342156 0.131783 0.379963 0.131783 0.379963 0.170543 0.342156 0.170543
1 0.298676 0.149225 0.336483 0.149225 0.336483 0.186047 0.298676 0.186047
1 0.202269 0.125969 0.245747 0.125969 0.245747 0.162791 0.202269 0.162791
1 0.241966 0.079457 0.281664 0.079457 0.281664 0.116279 0.241966 0.116279
1 0.274102 0.106589 0.317580 0.106589 0.317580 0.139535 0.274102 0.139535
1 0.172023 0.172480 0.209830 0.172480 0.209830 0.211240 0.172023 0.211240
1 0.226843 0.155039 0.277883 0.155039 0.277883 0.187985 0.226843 0.187985
1 0.219282 0.191860 0.253308 0.191860 0.253308 0.230620 0.219282 0.230620
1 0.266541 0.197674 0.302457 0.197674 0.302457 0.238372 0.266541 0.238372
1 0.308128 0.189922 0.347826 0.189922 0.347826 0.238372 0.308128 0.238372
1 0.442344 0.306201 0.476370 0.306201 0.476370 0.339147 0.442344 0.339147
1 0.459357 0.273256 0.500945 0.273256 0.500945 0.312016 0.459357 0.312016
1 0.480151 0.315891 0.512287 0.315891 0.512287 0.358527 0.480151 0.358527
1 0.533081 0.279070 0.574669 0.279070 0.574669 0.313954 0.533081 0.313954
1 0.446125 0.374031 0.485823 0.374031 0.485823 0.406977 0.446125 0.406977
1 0.398866 0.405039 0.438564 0.405039 0.438564 0.441861 0.398866 0.441861
1 0.385633 0.352713 0.423440 0.352713 0.423440 0.395349 0.385633 0.395349
1 0.332703 0.385659 0.374291 0.385659 0.374291 0.426357 0.332703 0.426357
1 0.364839 0.441860 0.404537 0.441860 0.404537 0.480620 0.364839 0.480620
1 0.421550 0.521318 0.461248 0.521318 0.461248 0.558140 0.421550 0.558140
1 0.438563 0.577519 0.474480 0.577519 0.474480 0.618217 0.438563 0.618217
1 0.483932 0.523256 0.517958 0.523256 0.517958 0.569768 0.483932 0.569768
1 0.525520 0.488372 0.568998 0.488372 0.568998 0.525194 0.525520 0.525194
1 0.533081 0.531008 0.574669 0.531008 0.574669 0.563954 0.533081 0.563954
1 0.470699 0.498062 0.502835 0.498062 0.502835 0.529070 0.470699 0.529070
1 0.364840 0.484496 0.400757 0.484496 0.400757 0.523256 0.364840 0.523256
1 0.364839 0.531008 0.402647 0.531008 0.402647 0.577520 0.364839 0.577520
1 0.298677 0.507752 0.349717 0.507752 0.349717 0.544574 0.298677 0.544574
1 0.323252 0.437984 0.359169 0.437984 0.359169 0.486434 0.323252 0.486434
1 0.612477 0.531008 0.650284 0.531008 0.650284 0.569768 0.612477 0.569768
1 0.604915 0.567829 0.654065 0.567829 0.654065 0.604651 0.604915 0.604651
1 0.612476 0.614341 0.648393 0.614341 0.648393 0.645349 0.612476 0.645349
1 0.661626 0.587209 0.703214 0.587209 0.703214 0.625969 0.661626 0.625969
1 0.706994 0.548449 0.742911 0.548449 0.742911 0.585271 0.706994 0.585271
1 0.540643 0.631783 0.576560 0.631783 0.576560 0.664729 0.540643 0.664729
1 0.542534 0.662791 0.570888 0.662791 0.570888 0.699613 0.542534 0.699613
1 0.565218 0.687984 0.612476 0.687984 0.612476 0.740310 0.565218 0.740310
1 0.741021 0.036822 0.778828 0.036822 0.778828 0.073644 0.741021 0.073644
1 0.790170 0.038760 0.826087 0.038760 0.826087 0.079458 0.790170 0.079458
1 0.848771 0.021318 0.890359 0.021318 0.890359 0.077520 0.848771 0.077520
1 0.905482 0.032946 0.939508 0.032946 0.939508 0.067830 0.905482 0.067830
1 0.882798 0.056201 0.922496 0.056201 0.922496 0.091085 0.882798 0.091085
1 0.950851 0.034884 0.994329 0.034884 0.994329 0.071706 0.950851 0.071706
1 0.880907 0.100775 0.920605 0.100775 0.920605 0.139535 0.880907 0.139535
1 0.937619 0.069767 0.984877 0.069767 0.984877 0.118217 0.937619 0.118217
1 0.960302 0.122093 1.000000 0.122093 1.000000 0.158915 0.960302 0.158915
1 0.922496 0.127907 0.956522 0.127907 0.956522 0.178295 0.922496 0.178295
1 0.928166 0.180232 0.967864 0.180232 0.967864 0.220930 0.928166 0.220930
1 0.879017 0.180232 0.913043 0.180232 0.913043 0.213178 0.879017 0.213178
1 0.844991 0.158915 0.879017 0.158915 0.879017 0.187985 0.844991 0.187985
1 0.831759 0.122093 0.869565 0.122093 0.869565 0.153101 0.831759 0.153101
1 0.818526 0.083333 0.854442 0.083333 0.854442 0.114341 0.818526 0.114341
1 0.790170 0.104651 0.820416 0.104651 0.820416 0.145349 0.790170 0.145349
1 0.761815 0.081395 0.797732 0.081395 0.797732 0.122093 0.761815 0.122093
1 0.939508 0.234496 0.990548 0.234496 0.990548 0.271318 0.939508 0.271318
1 0.875236 0.215116 0.931947 0.215116 0.931947 0.267442 0.875236 0.267442
1 0.869565 0.232558 0.901701 0.232558 0.901701 0.282946 0.869565 0.282946
1 0.909263 0.281008 0.964083 0.281008 0.964083 0.327520 0.909263 0.327520
1 0.943290 0.317829 0.981096 0.317829 0.981096 0.362403 0.943290 0.362403
1 0.862004 0.288760 0.897921 0.288760 0.897921 0.327520 0.862004 0.327520
1 0.814745 0.267442 0.854443 0.267442 0.854443 0.298450 0.814745 0.298450
1 0.822307 0.218992 0.858224 0.218992 0.858224 0.257752 0.822307 0.257752
1 0.810964 0.174418 0.850662 0.174418 0.850662 0.211240 0.810964 0.211240
1 0.655955 0.001938 0.699433 0.001938 0.699433 0.025194 0.655955 0.025194
1 0.710776 0.001938 0.748582 0.001938 0.748582 0.029070 0.710776 0.029070
1 0.759924 0.001938 0.799622 0.001938 0.799622 0.032946 0.759924 0.032946
1 0.826087 0.000000 0.858223 0.000000 0.858223 0.027132 0.826087 0.027132
1 0.665407 0.120155 0.703213 0.120155 0.703213 0.158915 0.665407 0.158915
1 0.714556 0.098837 0.756144 0.098837 0.756144 0.135659 0.714556 0.135659
1 0.714556 0.149225 0.754254 0.149225 0.754254 0.191861 0.714556 0.191861
1 0.765595 0.158915 0.803402 0.158915 0.803402 0.191861 0.765595 0.191861
1 0.695652 0.178294 0.729678 0.178294 0.729678 0.226744 0.695652 0.226744
1 0.642722 0.160853 0.678639 0.160853 0.678639 0.205427 0.642722 0.205427
1 0.741021 0.197674 0.769375 0.197674 0.769375 0.230620 0.741021 0.230620
1 0.593573 0.011628 0.633271 0.011628 0.633271 0.056202 0.593573 0.056202
1 0.586012 0.063953 0.612476 0.063953 0.612476 0.104651 0.586012 0.104651
1 0.644613 0.036822 0.688091 0.036822 0.688091 0.071706 0.644613 0.071706
1 0.697542 0.034884 0.727788 0.034884 0.727788 0.071706 0.697542 0.071706
1 0.550095 0.011628 0.584121 0.011628 0.584121 0.060078 0.550095 0.060078
1 0.551985 0.120155 0.595463 0.120155 0.595463 0.164729 0.551985 0.164729
1 0.604915 0.145349 0.646503 0.145349 0.646503 0.172481 0.604915 0.172481
1 0.506616 0.100775 0.540642 0.100775 0.540642 0.145349 0.506616 0.145349
1 0.502835 0.036822 0.538752 0.036822 0.538752 0.083334 0.502835 0.083334
1 0.461248 0.038760 0.493384 0.038760 0.493384 0.077520 0.461248 0.077520
1 0.975425 0.350775 1.000000 0.350775 1.000000 0.391473 0.975425 0.391473
1 0.920605 0.370155 0.956522 0.370155 0.956522 0.405039 0.920605 0.405039
1 0.780718 0.199612 0.816635 0.199612 0.816635 0.234496 0.780718 0.234496
1 0.765595 0.236434 0.807183 0.236434 0.807183 0.271318 0.765595 0.271318
1 0.763706 0.284884 0.801512 0.284884 0.801512 0.327520 0.763706 0.327520
1 0.769377 0.335271 0.805293 0.335271 0.805293 0.379845 0.769377 0.379845
1 0.814744 0.306201 0.862003 0.306201 0.862003 0.358527 0.814744 0.358527
1 0.803403 0.348837 0.835539 0.348837 0.835539 0.377907 0.803403 0.377907
1 0.844991 0.362403 0.888469 0.362403 0.888469 0.406977 0.844991 0.406977
1 0.871456 0.331395 0.909262 0.331395 0.909262 0.381783 0.871456 0.381783
1 0.884688 0.377907 0.914934 0.377907 0.914934 0.418605 0.884688 0.418605
1 0.911153 0.406977 0.950851 0.406977 0.950851 0.451551 0.911153 0.451551
1 0.206049 0.713178 0.245747 0.713178 0.245747 0.750000 0.206049 0.750000
1 0.230624 0.763566 0.266541 0.763566 0.266541 0.798450 0.230624 0.798450
1 0.211720 0.798449 0.240075 0.798449 0.240075 0.843023 0.211720 0.843023
1 0.249527 0.854651 0.291115 0.854651 0.291115 0.891473 0.249527 0.891473
1 0.258980 0.812015 0.294897 0.812015 0.294897 0.846899 0.258980 0.846899
1 0.296787 0.781008 0.334594 0.781008 0.334594 0.825582 0.296787 0.825582
1 0.289225 0.705426 0.321361 0.705426 0.321361 0.738372 0.289225 0.738372
1 0.300567 0.730620 0.340265 0.730620 0.340265 0.761628 0.300567 0.761628
1 0.344045 0.687984 0.387523 0.687984 0.387523 0.728682 0.344045 0.728682
1 0.349716 0.759690 0.398865 0.759690 0.398865 0.798450 0.349716 0.798450
1 0.408317 0.703488 0.448015 0.703488 0.448015 0.740310 0.408317 0.740310
1 0.039697 0.872093 0.077505 0.872093 0.077505 0.912791 0.039697 0.912791
1 0.096408 0.850775 0.134215 0.850775 0.134215 0.889535 0.096408 0.889535
1 0.096409 0.806201 0.130435 0.806201 0.130435 0.844961 0.096409 0.844961
1 0.077505 0.759690 0.113422 0.759690 0.113422 0.790698 0.077505 0.790698
1 0.136106 0.781008 0.168242 0.781008 0.168242 0.827520 0.136106 0.827520
1 0.172023 0.753876 0.209830 0.753876 0.209830 0.794574 0.172023 0.794574
1 0.162571 0.835271 0.200377 0.835271 0.200377 0.874031 0.162571 0.874031
1 0.206049 0.856589 0.243856 0.856589 0.243856 0.891473 0.206049 0.891473
1 0.130435 0.901163 0.164461 0.901163 0.164461 0.934109 0.130435 0.934109
1 0.085066 0.926356 0.130435 0.926356 0.130435 0.965116 0.085066 0.965116
1 0.037807 0.955426 0.071833 0.955426 0.071833 0.996124 0.037807 0.996124
1 0.001890 0.895349 0.028355 0.895349 0.028355 0.932171 0.001890 0.932171
1 0.001891 0.720930 0.035917 0.720930 0.035917 0.763566 0.001891 0.763566
1 0.003781 0.781008 0.037807 0.781008 0.037807 0.813954 0.003781 0.813954
1 0.001890 0.943798 0.026465 0.943798 0.026465 0.980620 0.001890 0.980620
1 0.166352 0.899225 0.204158 0.899225 0.204158 0.943799 0.166352 0.943799
1 0.209830 0.922480 0.243856 0.922480 0.243856 0.959302 0.209830 0.959302
1 0.266540 0.947674 0.304347 0.947674 0.304347 0.976744 0.266540 0.976744
1 0.240076 0.968992 0.277883 0.968992 0.277883 1.000000 0.240076 1.000000
1 0.302457 0.895349 0.338374 0.895349 0.338374 0.932171 0.302457 0.932171
1 0.321361 0.848837 0.359169 0.848837 0.359169 0.874031 0.321361 0.874031
1 0.327032 0.806201 0.368620 0.806201 0.368620 0.846899 0.327032 0.846899
1 0.347826 0.905039 0.381852 0.905039 0.381852 0.941861 0.347826 0.941861
1 0.383742 0.881783 0.419659 0.881783 0.419659 0.924419 0.383742 0.924419
1 0.385633 0.844961 0.429111 0.844961 0.429111 0.875969 0.385633 0.875969
1 0.387523 0.936046 0.434783 0.936046 0.434783 0.972868 0.387523 0.972868
1 0.340264 0.955426 0.379962 0.955426 0.379962 0.996124 0.340264 0.996124
1 0.444234 0.852713 0.482042 0.852713 0.482042 0.889535 0.444234 0.889535
1 0.427221 0.813953 0.466919 0.813953 0.466919 0.848837 0.427221 0.848837
1 0.434782 0.755814 0.474480 0.755814 0.474480 0.796512 0.434782 0.796512
1 0.487712 0.914729 0.525519 0.914729 0.525519 0.959303 0.487712 0.959303
1 0.470699 0.695736 0.510397 0.695736 0.510397 0.730620 0.470699 0.730620
1 0.517958 0.715116 0.557656 0.715116 0.557656 0.765504 0.517958 0.765504
1 0.531191 0.746124 0.563327 0.746124 0.563327 0.782946 0.531191 0.782946
1 0.567108 0.751939 0.610586 0.751939 0.610586 0.815891 0.567108 0.815891
1 0.510397 0.786822 0.551985 0.786822 0.551985 0.823644 0.510397 0.823644
1 0.565218 0.827519 0.599244 0.827519 0.599244 0.854651 0.565218 0.854651
1 0.540643 0.819767 0.570889 0.819767 0.570889 0.854651 0.540643 0.854651
1 0.608695 0.810077 0.648393 0.810077 0.648393 0.850775 0.608695 0.850775
1 0.637050 0.839147 0.672967 0.839147 0.672967 0.874031 0.637050 0.874031
1 0.616258 0.877907 0.652174 0.877907 0.652174 0.910853 0.616258 0.910853
1 0.553875 0.860465 0.589792 0.860465 0.589792 0.891473 0.553875 0.891473
1 0.570888 0.910853 0.612476 0.910853 0.612476 0.947675 0.570888 0.947675
1 0.533081 0.939922 0.572779 0.939922 0.572779 0.976744 0.533081 0.976744
1 0.589792 0.953488 0.623818 0.953488 0.623818 0.994186 0.589792 0.994186
1 0.434782 0.914729 0.465028 0.914729 0.465028 0.945737 0.434782 0.945737
1 0.689982 0.901163 0.716446 0.901163 0.716446 0.934109 0.689982 0.934109
1 0.714556 0.883721 0.746692 0.883721 0.746692 0.924419 0.714556 0.924419
1 0.710774 0.848837 0.746691 0.848837 0.746691 0.885659 0.710774 0.885659
1 0.741020 0.897287 0.776937 0.897287 0.776937 0.934109 0.741020 0.934109
1 0.741020 0.932170 0.776937 0.932170 0.776937 0.968992 0.741020 0.968992
1 0.665407 0.941860 0.701323 0.941860 0.701323 0.972868 0.665407 0.972868
1 0.684310 0.970930 0.716446 0.970930 0.716446 0.998062 0.684310 0.998062
1 0.841210 0.891473 0.871456 0.891473 0.871456 0.941861 0.841210 0.941861
1 0.848772 0.943798 0.886578 0.943798 0.886578 0.974806 0.848772 0.974806
1 0.807184 0.939922 0.844990 0.939922 0.844990 0.970930 0.807184 0.970930
1 0.769376 0.968992 0.809074 0.968992 0.809074 0.998062 0.769376 0.998062
1 0.933837 0.720930 0.969754 0.720930 0.969754 0.759690 0.933837 0.759690
1 0.933838 0.751938 0.977316 0.751938 0.977316 0.790698 0.933838 0.790698
1 0.960303 0.784884 0.998109 0.784884 0.998109 0.825582 0.960303 0.825582
1 0.935728 0.852713 0.958412 0.852713 0.958412 0.889535 0.935728 0.889535
1 0.894139 0.839147 0.930056 0.839147 0.930056 0.870155 0.894139 0.870155
1 0.843101 0.792635 0.880907 0.792635 0.880907 0.839147 0.843101 0.839147
1 0.901702 0.686046 0.948960 0.686046 0.948960 0.720930 0.901702 0.720930
1 0.962193 0.643411 0.999999 0.643411 0.999999 0.682171 0.962193 0.682171
1 0.882798 0.639535 0.924386 0.639535 0.924386 0.678295 0.882798 0.678295
1 0.839319 0.666667 0.880907 0.666667 0.880907 0.701551 0.839319 0.701551
1 0.829868 0.709302 0.867675 0.709302 0.867675 0.742248 0.829868 0.742248
1 0.803403 0.775194 0.839319 0.775194 0.839319 0.812016 0.803403 0.812016
1 0.801512 0.738372 0.831758 0.738372 0.831758 0.775194 0.801512 0.775194
1 0.759924 0.779070 0.792060 0.779070 0.792060 0.810078 0.759924 0.810078
1 0.773157 0.697674 0.803403 0.697674 0.803403 0.736434 0.773157 0.736434
1 0.742911 0.730620 0.775047 0.730620 0.775047 0.761628 0.742911 0.761628
1 0.689981 0.746124 0.731569 0.746124 0.731569 0.794574 0.689981 0.794574
1 0.693762 0.792636 0.744802 0.792636 0.744802 0.831396 0.693762 0.831396
1 0.729679 0.682170 0.765595 0.682170 0.765595 0.722868 0.729679 0.722868
1 0.765595 0.649225 0.801512 0.649225 0.801512 0.691861 0.765595 0.691861
1 0.793951 0.616279 0.839319 0.616279 0.839319 0.653101 0.793951 0.653101
1 0.741021 0.612403 0.780719 0.612403 0.780719 0.645349 0.741021 0.645349
1 0.708884 0.637597 0.748582 0.637597 0.748582 0.674419 0.708884 0.674419
1 0.620038 0.740310 0.661626 0.740310 0.661626 0.786822 0.620038 0.786822
1 0.809074 0.854651 0.841210 0.854651 0.841210 0.897287 0.809074 0.897287
1 0.756144 0.846899 0.788280 0.846899 0.788280 0.887597 0.756144 0.887597
1 0.918714 0.579457 0.956521 0.579457 0.956521 0.618217 0.918714 0.618217
1 0.948960 0.538760 0.986767 0.538760 0.986767 0.571706 0.948960 0.571706
1 0.960302 0.594961 0.990548 0.594961 0.990548 0.635659 0.960302 0.635659
1 0.911153 0.513566 0.945179 0.513566 0.945179 0.546512 0.911153 0.546512
1 0.860113 0.552325 0.901701 0.552325 0.901701 0.587209 0.860113 0.587209
1 0.858222 0.484496 0.894139 0.484496 0.894139 0.523256 0.858222 0.523256
1 0.884688 0.447674 0.926276 0.447674 0.926276 0.498062 0.884688 0.498062
1 0.931947 0.468992 0.965973 0.468992 0.965973 0.505814 0.931947 0.505814
1 0.943289 0.406977 0.994329 0.406977 0.994329 0.465117 0.943289 0.465117
1 0.820415 0.445736 0.865784 0.445736 0.865784 0.496124 0.820415 0.496124
1 0.795841 0.554263 0.835539 0.554263 0.835539 0.596899 0.795841 0.596899
1 0.763706 0.525194 0.801512 0.525194 0.801512 0.567830 0.763706 0.567830
1 0.773157 0.465116 0.812855 0.465116 0.812855 0.517442 0.773157 0.517442
1 0.778829 0.432170 0.816635 0.432170 0.816635 0.468992 0.778829 0.468992
1 0.672968 0.682170 0.706994 0.682170 0.706994 0.736434 0.672968 0.736434
1 0.625709 0.647287 0.682419 0.647287 0.682419 0.691861 0.625709 0.691861
1 0.671077 0.503876 0.712665 0.503876 0.712665 0.540698 0.671077 0.540698
1 0.657845 0.536822 0.693762 0.536822 0.693762 0.573644 0.657845 0.573644
1 0.637051 0.490310 0.676749 0.490310 0.676749 0.529070 0.637051 0.529070
1 0.718336 0.482558 0.758034 0.482558 0.758034 0.521318 0.718336 0.521318
1 0.744801 0.573643 0.784499 0.573643 0.784499 0.608527 0.744801 0.608527
1 0.480151 0.614341 0.523629 0.614341 0.523629 0.656977 0.480151 0.656977
1 0.480152 0.567829 0.529300 0.567829 0.529300 0.606589 0.480152 0.606589
1 0.629490 0.439922 0.674859 0.439922 0.674859 0.476744 0.629490 0.476744
1 0.697543 0.414729 0.735349 0.414729 0.735349 0.455427 0.697543 0.455427
1 0.682419 0.461240 0.731569 0.461240 0.731569 0.500000 0.682419 0.500000
1 0.735350 0.430232 0.765596 0.430232 0.765596 0.470930 0.735350 0.470930
1 0.754254 0.383721 0.790170 0.383721 0.790170 0.420543 0.754254 0.420543
1 0.648393 0.395349 0.689981 0.395349 0.689981 0.432171 0.648393 0.432171
1 0.710774 0.356589 0.756143 0.356589 0.756143 0.397287 0.710774 0.397287
1 0.387523 0.596899 0.425331 0.596899 0.425331 0.641473 0.387523 0.641473
1 0.415879 0.635659 0.448015 0.635659 0.448015 0.668605 0.415879 0.668605
1 0.436673 0.658915 0.474481 0.658915 0.474481 0.697675 0.436673 0.697675
1 0.372400 0.653101 0.419660 0.653101 0.419660 0.691861 0.372400 0.691861
1 0.327032 0.631783 0.370510 0.631783 0.370510 0.672481 0.327032 0.672481
1 0.650283 0.346899 0.689981 0.346899 0.689981 0.387597 0.650283 0.387597
1 0.680530 0.315891 0.716446 0.315891 0.716446 0.352713 0.680530 0.352713
1 0.625709 0.310077 0.661625 0.310077 0.661625 0.344961 0.625709 0.344961
1 0.661626 0.257752 0.693762 0.257752 0.693762 0.298450 0.661626 0.298450
1 0.714556 0.269380 0.739131 0.269380 0.739131 0.298450 0.714556 0.298450
1 0.724008 0.228682 0.752362 0.228682 0.752362 0.263566 0.724008 0.263566
1 0.686200 0.218992 0.716446 0.218992 0.716446 0.257752 0.686200 0.257752
1 0.597353 0.189922 0.637051 0.189922 0.637051 0.234496 0.597353 0.234496
1 0.597354 0.230620 0.640832 0.230620 0.640832 0.259690 0.597354 0.259690
1 0.604916 0.267442 0.642722 0.267442 0.642722 0.298450 0.604916 0.298450
1 0.534972 0.205426 0.572778 0.205426 0.572778 0.248062 0.534972 0.248062
1 0.510397 0.158915 0.546314 0.158915 0.546314 0.201551 0.510397 0.201551
1 0.453686 0.100775 0.493384 0.100775 0.493384 0.145349 0.453686 0.145349
1 0.453686 0.160853 0.493384 0.160853 0.493384 0.201551 0.453686 0.201551
1 0.338374 0.327519 0.385634 0.327519 0.385634 0.372093 0.338374 0.372093
1 0.366729 0.281008 0.406427 0.281008 0.406427 0.325582 0.366729 0.325582
1 0.413988 0.242248 0.451796 0.242248 0.451796 0.279070 0.413988 0.279070
1 0.446124 0.220930 0.483932 0.220930 0.483932 0.259690 0.446124 0.259690
1 0.281664 0.321705 0.313800 0.321705 0.313800 0.362403 0.281664 0.362403
1 0.245747 0.368217 0.281664 0.368217 0.281664 0.406977 0.245747 0.406977
1 0.279773 0.410853 0.319471 0.410853 0.319471 0.451551 0.279773 0.451551
1 0.310019 0.575581 0.345936 0.575581 0.345936 0.614341 0.310019 0.614341
1 0.357278 0.594961 0.387524 0.594961 0.387524 0.625969 0.357278 0.625969
1 0.262760 0.538760 0.296786 0.538760 0.296786 0.571706 0.262760 0.571706
1 0.262760 0.470930 0.304348 0.470930 0.304348 0.515504 0.262760 0.515504
1 0.185256 0.534884 0.221172 0.534884 0.221172 0.569768 0.185256 0.569768
1 0.189037 0.583333 0.226844 0.583333 0.226844 0.620155 0.189037 0.620155
1 0.258979 0.591085 0.298677 0.591085 0.298677 0.631783 0.258979 0.631783
1 0.232514 0.612403 0.262760 0.612403 0.262760 0.651163 0.232514 0.651163
1 0.130435 0.534884 0.166351 0.534884 0.166351 0.577520 0.130435 0.577520
1 0.145558 0.494186 0.187146 0.494186 0.187146 0.527132 0.145558 0.527132
1 0.183365 0.432170 0.215501 0.432170 0.215501 0.474806 0.183365 0.474806
1 0.162570 0.449612 0.189035 0.449612 0.189035 0.484496 0.162570 0.484496
1 0.141777 0.387597 0.181475 0.387597 0.181475 0.437985 0.141777 0.437985
1 0.595463 0.468992 0.635161 0.468992 0.635161 0.503876 0.595463 0.503876
1 0.100190 0.162791 0.137996 0.162791 0.137996 0.201551 0.100190 0.201551
1 0.120983 0.217054 0.160681 0.217054 0.160681 0.251938 0.120983 0.251938
1 0.168242 0.222868 0.204158 0.222868 0.204158 0.257752 0.168242 0.257752
1 0.251418 0.281008 0.293006 0.281008 0.293006 0.313954 0.251418 0.313954
1 0.274102 0.242248 0.304348 0.242248 0.304348 0.284884 0.274102 0.284884
1 0.342156 0.246124 0.379963 0.246124 0.379963 0.284884 0.342156 0.284884
1 0.364839 0.199612 0.404537 0.199612 0.404537 0.240310 0.364839 0.240310
1 0.213611 0.319767 0.257089 0.319767 0.257089 0.352713 0.213611 0.352713
1 0.190926 0.281008 0.226843 0.281008 0.226843 0.312016 0.190926 0.312016
1 0.170133 0.308139 0.206049 0.308139 0.206049 0.344961 0.170133 0.344961
1 0.132325 0.269380 0.172023 0.269380 0.172023 0.306202 0.132325 0.306202
1 0.139886 0.337209 0.179584 0.337209 0.179584 0.374031 0.139886 0.374031
1 0.079395 0.308139 0.113421 0.308139 0.113421 0.358527 0.079395 0.358527
1 0.113422 0.308139 0.147448 0.308139 0.147448 0.341085 0.113422 0.341085
1 0.071833 0.253876 0.111531 0.253876 0.111531 0.292636 0.071833 0.292636
1 0.103970 0.360465 0.145558 0.360465 0.145558 0.401163 0.103970 0.401163
1 0.243856 0.009690 0.285444 0.009690 0.285444 0.048450 0.243856 0.048450
1 0.202268 0.000000 0.241966 0.000000 0.241966 0.027132 0.202268 0.027132
1 0.119092 0.120155 0.166351 0.120155 0.166351 0.160853 0.119092 0.160853
1 0.064272 0.079457 0.111531 0.079457 0.111531 0.127907 0.064272 0.127907
1 0.073724 0.034884 0.115312 0.034884 0.115312 0.071706 0.073724 0.071706
1 0.041588 0.122093 0.073724 0.122093 0.073724 0.156977 0.041588 0.156977
1 0.001890 0.079457 0.034026 0.079457 0.034026 0.120155 0.001890 0.120155
1 0.022684 0.034884 0.051040 0.034884 0.051040 0.067830 0.022684 0.067830
1 0.041587 0.205426 0.079395 0.205426 0.079395 0.244186 0.041587 0.244186
1 0.018904 0.189922 0.043479 0.189922 0.043479 0.230620 0.018904 0.230620
1 0.009452 0.149225 0.047259 0.149225 0.047259 0.191861 0.009452 0.191861
1 0.058601 0.164729 0.086956 0.164729 0.086956 0.189923 0.058601 0.189923
1 0.022684 0.281008 0.058602 0.281008 0.058602 0.323644 0.022684 0.323644
1 0.001890 0.319767 0.037807 0.319767 0.037807 0.360465 0.001890 0.360465
1 0.024575 0.401163 0.066163 0.401163 0.066163 0.437985 0.024575 0.437985
1 0.028355 0.441860 0.068053 0.441860 0.068053 0.472868 0.028355 0.472868
1 0.120983 0.437984 0.151229 0.437984 0.151229 0.474806 0.120983 0.474806
1 0.030245 0.501938 0.075615 0.501938 0.075615 0.534884 0.030245 0.534884
1 0.094518 0.585271 0.130435 0.585271 0.130435 0.620155 0.094518 0.620155
1 0.136105 0.610465 0.181474 0.610465 0.181474 0.643411 0.136105 0.643411
1 0.090737 0.534884 0.126655 0.534884 0.126655 0.587210 0.090737 0.587210
1 0.005671 0.602713 0.035917 0.602713 0.035917 0.631783 0.005671 0.631783
1 0.035917 0.335271 0.066163 0.335271 0.066163 0.377907 0.035917 0.377907
1 0.249528 0.676356 0.283554 0.676356 0.283554 0.705426 0.249528 0.705426
1 0.281664 0.631783 0.317580 0.631783 0.317580 0.686047 0.281664 0.686047
1 0.200379 0.643411 0.247638 0.643411 0.247638 0.689923 0.200379 0.689923
1 0.185255 0.684108 0.215501 0.684108 0.215501 0.711240 0.185255 0.711240
1 0.105860 0.658915 0.141778 0.658915 0.141778 0.687985 0.105860 0.687985
1 0.066163 0.616279 0.090737 0.616279 0.090737 0.655039 0.066163 0.655039
1 0.037808 0.635659 0.062383 0.635659 0.062383 0.664729 0.037808 0.664729
1 0.017013 0.653101 0.047259 0.653101 0.047259 0.693799 0.017013 0.693799
1 0.221172 0.463178 0.251418 0.463178 0.251418 0.492248 0.221172 0.492248
1 0.892250 0.782946 0.935728 0.782946 0.935728 0.827520 0.892250 0.827520
1 0.888469 0.732558 0.922495 0.732558 0.922495 0.779070 0.888469 0.779070
1 0.797732 0.395349 0.833649 0.395349 0.833649 0.439923 0.797732 0.439923
1 0.882798 0.591085 0.914934 0.591085 0.914934 0.627907 0.882798 0.627907
1 0.217391 0.550387 0.266540 0.550387 0.266540 0.594961 0.217391 0.594961
1 0.223062 0.505814 0.272211 0.505814 0.272211 0.548450 0.223062 0.548450
1 0.189035 0.364341 0.234404 0.364341 0.234404 0.422481 0.189035 0.422481
1 0.372401 0.075581 0.423441 0.075581 0.423441 0.124031 0.372401 0.124031
1 0.578449 0.387597 0.623818 0.387597 0.623818 0.439923 0.578449 0.439923
