0 0.805608 0.089372 0.902804 0.089372 0.902804 0.160628 0.805608 0.160628
0 0.818692 0.471014 0.876636 0.471014 0.876636 0.526570 0.818692 0.526570
0 0.839253 0.763285 0.914019 0.763285 0.914019 0.816425 0.839253 0.816425
0 0.394393 0.031400 0.476635 0.031400 0.476635 0.080918 0.394393 0.080918
1 0.168225 0.001207 0.220561 0.001207 0.220561 0.030193 0.168225 0.030193
1 0.285981 0.016908 0.319627 0.016908 0.319627 0.035024 0.285981 0.035024
1 0.005608 0.033817 0.042991 0.033817 0.042991 0.059179 0.005608 0.059179
1 0.478504 0.035024 0.521496 0.035024 0.521496 0.060386 0.478504 0.060386
1 0.278505 0.038647 0.315887 0.038647 0.315887 0.065217 0.278505 0.065217
1 0.684112 0.048309 0.740187 0.048309 0.740187 0.073671 0.684112 0.073671
1 0.358878 0.049517 0.396262 0.049517 0.396262 0.074879 0.358878 0.074879
1 0.506542 0.072464 0.542056 0.072464 0.542056 0.099034 0.506542 0.099034
1 0.287851 0.083333 0.317758 0.083333 0.317758 0.101449 0.287851 0.101449
1 0.074766 0.088165 0.110280 0.088165 0.110280 0.111112 0.074766 0.111112
1 0.553271 0.094202 0.598131 0.094202 0.598131 0.115942 0.553271 0.115942
1 0.362617 0.095410 0.414953 0.095410 0.414953 0.124396 0.362617 0.124396
1 0.547663 0.112319 0.590654 0.112319 0.590654 0.135266 0.547663 0.135266
1 0.246730 0.109903 0.297197 0.109903 0.297197 0.144927 0.246730 0.144927
1 0.280374 0.114735 0.328972 0.114735 0.328972 0.144928 0.280374 0.144928
1 0.203738 0.123188 0.239252 0.123188 0.239252 0.143720 0.203738 0.143720
1 0.547664 0.130435 0.585047 0.130435 0.585047 0.172706 0.547664 0.172706
1 0.650467 0.143720 0.693458 0.143720 0.693458 0.165459 0.650467 0.165459
1 0.155140 0.142512 0.201870 0.142512 0.201870 0.173913 0.155140 0.173913
1 0.620560 0.152174 0.671027 0.152174 0.671027 0.178744 0.620560 0.178744
1 0.355141 0.164251 0.398132 0.164251 0.398132 0.187198 0.355141 0.187198
1 0.663551 0.167874 0.712149 0.167874 0.712149 0.189613 0.663551 0.189613
1 0.725233 0.167874 0.775701 0.167874 0.775701 0.204106 0.725233 0.204106
1 0.179439 0.182367 0.224299 0.182367 0.224299 0.201691 0.179439 0.201691
1 0.370093 0.182367 0.420561 0.182367 0.420561 0.212561 0.370093 0.212561
1 0.588785 0.195652 0.631776 0.195652 0.631776 0.214976 0.588785 0.214976
1 0.287850 0.192029 0.342056 0.192029 0.342056 0.219807 0.287850 0.219807
1 0.727102 0.211352 0.777570 0.211352 0.777570 0.241546 0.727102 0.241546
1 0.373831 0.223430 0.416822 0.223430 0.416822 0.258454 0.373831 0.258454
1 0.781308 0.228261 0.829906 0.228261 0.829906 0.259661 0.781308 0.259661
1 0.706542 0.235508 0.757010 0.235508 0.757010 0.259663 0.706542 0.259663
1 0.235514 0.241546 0.276635 0.241546 0.276635 0.269324 0.235514 0.269324
1 0.493458 0.257247 0.542056 0.257247 0.542056 0.278985 0.493458 0.278985
1 0.102804 0.259661 0.138318 0.259661 0.138318 0.282609 0.102804 0.282609
1 0.168224 0.259661 0.209346 0.259661 0.209346 0.283817 0.168224 0.283817
1 0.136448 0.262077 0.168224 0.262077 0.168224 0.289855 0.136448 0.289855
1 0.276635 0.276570 0.327103 0.276570 0.327103 0.298309 0.276635 0.298309
1 0.459813 0.274154 0.506543 0.274154 0.506543 0.301932 0.459813 0.301932
1 0.639253 0.278985 0.682244 0.278985 0.682244 0.300724 0.639253 0.300724
1 0.805608 0.274155 0.856075 0.274155 0.856075 0.312802 0.805608 0.312802
1 0.351402 0.281401 0.386916 0.281401 0.386916 0.306763 0.351402 0.306763
1 0.925234 0.294686 0.968225 0.294686 0.968225 0.321256 0.925234 0.321256
1 0.871028 0.295893 0.919626 0.295893 0.919626 0.324879 0.871028 0.324879
1 0.583177 0.295894 0.628037 0.295894 0.628037 0.323672 0.583177 0.323672
1 0.409346 0.294685 0.457944 0.294685 0.457944 0.327294 0.409346 0.327294
1 0.646729 0.306763 0.693458 0.306763 0.693458 0.338164 0.646729 0.338164
1 0.540187 0.311594 0.579439 0.311594 0.579439 0.339372 0.540187 0.339372
1 0.691589 0.312802 0.730841 0.312802 0.730841 0.345411 0.691589 0.345411
1 0.932710 0.322463 0.975701 0.322463 0.975701 0.345411 0.932710 0.345411
1 0.433644 0.322463 0.480374 0.322463 0.480374 0.346618 0.433644 0.346618
1 0.128972 0.321256 0.166355 0.321256 0.166355 0.346618 0.128972 0.346618
1 0.181309 0.328502 0.220561 0.328502 0.220561 0.358696 0.181309 0.358696
1 0.884113 0.333333 0.921496 0.333333 0.921496 0.359903 0.884113 0.359903
1 0.560748 0.339373 0.600000 0.339373 0.600000 0.359903 0.560748 0.359903
1 0.728972 0.338164 0.777570 0.338164 0.777570 0.362320 0.728972 0.362320
1 0.745795 0.356280 0.792524 0.356280 0.792524 0.384058 0.745795 0.384058
1 0.196261 0.358696 0.237382 0.358696 0.237382 0.384058 0.196261 0.384058
1 0.573832 0.359904 0.613084 0.359904 0.613084 0.385266 0.573832 0.385266
1 0.452336 0.359903 0.495327 0.359903 0.495327 0.387681 0.452336 0.387681
1 0.624299 0.369565 0.663551 0.369565 0.663551 0.390096 0.624299 0.390096
1 0.934579 0.367150 0.966355 0.367150 0.966355 0.399759 0.934579 0.399759
1 0.893459 0.369565 0.934580 0.369565 0.934580 0.396135 0.893459 0.396135
1 0.766355 0.374395 0.816823 0.374395 0.816823 0.398551 0.766355 0.398551
1 0.119626 0.367150 0.164486 0.367150 0.164486 0.408212 0.119626 0.408212
1 0.207477 0.378019 0.246729 0.378019 0.246729 0.404589 0.207477 0.404589
1 0.459813 0.387681 0.502803 0.387681 0.502803 0.416667 0.459813 0.416667
1 0.850467 0.391304 0.899065 0.391304 0.899065 0.414252 0.850467 0.414252
1 0.499065 0.392512 0.543925 0.392512 0.543925 0.419082 0.499065 0.419082
1 0.734579 0.397344 0.781308 0.397344 0.781308 0.419082 0.734579 0.419082
1 0.594393 0.400967 0.633645 0.400967 0.633645 0.422705 0.594393 0.422705
1 0.912150 0.402174 0.951402 0.402174 0.951402 0.428744 0.912150 0.428744
1 0.239252 0.403382 0.282243 0.403382 0.282243 0.434783 0.239252 0.434783
1 0.026169 0.413044 0.067290 0.413044 0.067290 0.434782 0.026169 0.434782
1 0.160748 0.411836 0.205608 0.411836 0.205608 0.438406 0.160748 0.438406
1 0.190655 0.429951 0.233646 0.429951 0.233646 0.458937 0.190655 0.458937
1 0.908412 0.429952 0.942056 0.429952 0.942056 0.457730 0.908412 0.457730
1 0.213084 0.437198 0.256074 0.437198 0.256074 0.471014 0.213084 0.471014
1 0.487850 0.442030 0.530841 0.442030 0.530841 0.480677 0.487850 0.480677
1 0.289720 0.455314 0.330840 0.455314 0.330840 0.481884 0.289720 0.481884
1 0.420561 0.457729 0.465421 0.457729 0.465421 0.481884 0.420561 0.481884
1 0.902803 0.457730 0.927103 0.457730 0.927103 0.483092 0.902803 0.483092
1 0.357010 0.462560 0.398130 0.462560 0.398130 0.489130 0.357010 0.489130
1 0.155140 0.467391 0.196262 0.467391 0.196262 0.490339 0.155140 0.490339
1 0.110281 0.473430 0.147664 0.473430 0.147664 0.497585 0.110281 0.497585
1 0.185047 0.475845 0.228038 0.475845 0.228038 0.503623 0.185047 0.503623
1 0.278504 0.477052 0.321495 0.477052 0.321495 0.501208 0.278504 0.501208
1 0.160748 0.493962 0.200000 0.493962 0.200000 0.519324 0.160748 0.519324
1 0.783177 0.499999 0.828037 0.499999 0.828037 0.522946 0.783177 0.522946
1 0.351403 0.509661 0.392523 0.509661 0.392523 0.539854 0.351403 0.539854
1 0.628038 0.514493 0.687850 0.514493 0.687850 0.550725 0.628038 0.550725
1 0.218691 0.522947 0.272897 0.522947 0.272897 0.549517 0.218691 0.549517
1 0.749532 0.527778 0.799999 0.527778 0.799999 0.559179 0.749532 0.559179
1 0.409346 0.539855 0.444860 0.539855 0.444860 0.564009 0.409346 0.564009
1 0.203738 0.545894 0.246729 0.545894 0.246729 0.562802 0.203738 0.562802
1 0.545794 0.550725 0.600000 0.550725 0.600000 0.580917 0.545794 0.580917
1 0.136449 0.560386 0.183178 0.560386 0.183178 0.588164 0.136449 0.588164
1 0.691589 0.579709 0.745795 0.579709 0.745795 0.603864 0.691589 0.603864
1 0.177571 0.588164 0.205607 0.588164 0.205607 0.620774 0.177571 0.620774
1 0.549532 0.589372 0.600000 0.589372 0.600000 0.618358 0.549532 0.618358
1 0.811215 0.594202 0.859813 0.594202 0.859813 0.625603 0.811215 0.625603
1 0.214954 0.602657 0.265421 0.602657 0.265421 0.629227 0.214954 0.629227
1 0.742057 0.613526 0.788786 0.613526 0.788786 0.641304 0.742057 0.641304
1 0.614953 0.624397 0.646729 0.624397 0.646729 0.647344 0.614953 0.647344
1 0.254206 0.626811 0.295326 0.626811 0.295326 0.655797 0.254206 0.655797
1 0.381308 0.641304 0.429906 0.641304 0.429906 0.669082 0.381308 0.669082
1 0.760748 0.647342 0.801868 0.647342 0.801868 0.679952 0.760748 0.679952
1 0.398130 0.667874 0.448598 0.667874 0.448598 0.694444 0.398130 0.694444
1 0.609346 0.669082 0.667290 0.669082 0.667290 0.696860 0.609346 0.696860
1 0.828037 0.673913 0.871028 0.673913 0.871028 0.700483 0.828037 0.700483
1 0.622430 0.692030 0.667290 0.692030 0.667290 0.713769 0.622430 0.713769
1 0.803739 0.689613 0.844859 0.689613 0.844859 0.718599 0.803739 0.718599
1 0.536449 0.692029 0.575701 0.692029 0.575701 0.717391 0.536449 0.717391
1 0.368224 0.698067 0.413084 0.698067 0.413084 0.718599 0.368224 0.718599
1 0.555140 0.706521 0.600000 0.706521 0.600000 0.735507 0.555140 0.735507
1 0.699065 0.712561 0.734579 0.712561 0.734579 0.737923 0.699065 0.737923
1 0.413084 0.725845 0.450468 0.725845 0.450468 0.752415 0.413084 0.752415
1 0.699066 0.734299 0.740186 0.734299 0.740186 0.758454 0.699066 0.758454
1 0.553272 0.731883 0.590654 0.731883 0.590654 0.764493 0.553272 0.764493
1 0.336449 0.737923 0.371963 0.737923 0.371963 0.765701 0.336449 0.765701
1 0.310280 0.743961 0.343925 0.743961 0.343925 0.764493 0.310280 0.764493
1 0.736449 0.753623 0.773832 0.753623 0.773832 0.782609 0.736449 0.782609
1 0.699066 0.763285 0.736448 0.763285 0.736448 0.789855 0.699066 0.789855
1 0.676636 0.764493 0.714019 0.764493 0.714019 0.791063 0.676636 0.791063
1 0.792524 0.768115 0.826168 0.768115 0.826168 0.799516 0.792524 0.799516
1 0.375700 0.798309 0.418691 0.798309 0.418691 0.827295 0.375700 0.827295
1 0.491590 0.804348 0.532710 0.804348 0.532710 0.830918 0.491590 0.830918
1 0.775701 0.807971 0.837383 0.807971 0.837383 0.836957 0.775701 0.836957
1 0.736448 0.821256 0.792524 0.821256 0.792524 0.841788 0.736448 0.841788
1 0.549532 0.823672 0.586915 0.823672 0.586915 0.849034 0.549532 0.849034
1 0.471028 0.829709 0.506542 0.829709 0.506542 0.853864 0.471028 0.853864
1 0.370094 0.829709 0.411214 0.829709 0.411214 0.853864 0.370094 0.853864
1 0.508411 0.835749 0.547663 0.835749 0.547663 0.861111 0.508411 0.861111
1 0.231776 0.842995 0.265421 0.842995 0.265421 0.870773 0.231776 0.870773
1 0.136449 0.850241 0.186915 0.850241 0.186915 0.871980 0.136449 0.871980
1 0.280374 0.852658 0.334580 0.852658 0.334580 0.882850 0.280374 0.882850
1 0.613084 0.856280 0.652336 0.856280 0.652336 0.881642 0.613084 0.881642
1 0.542056 0.865943 0.585047 0.865943 0.585047 0.896135 0.542056 0.896135
1 0.663551 0.873189 0.708411 0.873189 0.708411 0.894927 0.663551 0.894927
1 0.089719 0.875604 0.123365 0.875604 0.123365 0.894928 0.089719 0.894928
1 0.155140 0.879227 0.198131 0.879227 0.198131 0.904589 0.155140 0.904589
1 0.484112 0.879227 0.515888 0.879227 0.515888 0.905797 0.484112 0.905797
1 0.201869 0.880435 0.250467 0.880435 0.250467 0.910627 0.201869 0.910627
1 0.044860 0.885266 0.089720 0.885266 0.089720 0.907004 0.044860 0.907004
1 0.278504 0.886474 0.306541 0.886474 0.306541 0.911836 0.278504 0.911836
1 0.805608 0.886473 0.846728 0.886473 0.846728 0.914251 0.805608 0.914251
1 0.128972 0.893720 0.164486 0.893720 0.164486 0.914251 0.128972 0.914251
1 0.315888 0.896135 0.355140 0.896135 0.355140 0.919083 0.315888 0.919083
1 0.175701 0.902174 0.216823 0.902174 0.216823 0.929952 0.175701 0.929952
1 0.669158 0.907004 0.715888 0.907004 0.715888 0.931159 0.669158 0.931159
1 0.446729 0.908212 0.482243 0.908212 0.482243 0.935990 0.446729 0.935990
1 0.099066 0.910628 0.136449 0.910628 0.136449 0.935990 0.099066 0.935990
1 0.517757 0.914251 0.557009 0.914251 0.557009 0.943237 0.517757 0.943237
1 0.777570 0.920290 0.820561 0.920290 0.820561 0.945652 0.777570 0.945652
1 0.280374 0.920290 0.338318 0.920290 0.338318 0.945652 0.280374 0.945652
1 0.687850 0.945653 0.745794 0.945653 0.745794 0.978261 0.687850 0.978261
1 0.803739 0.948068 0.854206 0.948068 0.854206 0.981884 0.803739 0.981884
1 0.562617 0.949275 0.594393 0.949275 0.594393 0.981885 0.562617 0.981885
1 0.342057 0.954106 0.383178 0.954106 0.383178 0.979468 0.342057 0.979468
1 0.001869 0.957729 0.048599 0.957729 0.048599 0.984299 0.001869 0.984299
1 0.041121 0.972222 0.078505 0.972222 0.078505 0.997584 0.041121 0.997584
1 0.235514 0.971014 0.284112 0.971014 0.284112 0.998792 0.235514 0.998792
1 0.422430 0.007246 0.476636 0.007246 0.476636 0.033816 0.422430 0.033816
1 0.611215 0.007247 0.663551 0.007247 0.663551 0.054347 0.611215 0.054347
1 0.117756 0.020532 0.160747 0.020532 0.160747 0.050724 0.117756 0.050724
1 0.228038 0.021739 0.274767 0.021739 0.274767 0.048309 0.228038 0.048309
1 0.349533 0.022947 0.388785 0.022947 0.388785 0.048309 0.349533 0.048309
1 0.158878 0.038647 0.199999 0.038647 0.199999 0.067633 0.158878 0.067633
1 0.211214 0.054348 0.254205 0.054348 0.254205 0.083334 0.211214 0.083334
1 0.095327 0.054348 0.125233 0.054348 0.125233 0.083334 0.095327 0.083334
1 0.143925 0.073672 0.190655 0.073672 0.190655 0.097827 0.143925 0.097827
1 0.454206 0.071255 0.495327 0.071255 0.495327 0.103864 0.454206 0.103864
1 0.663552 0.092995 0.704673 0.092995 0.704673 0.118357 0.663552 0.118357
1 0.502804 0.103865 0.542056 0.103865 0.542056 0.131643 0.502804 0.131643
1 0.052336 0.111111 0.085982 0.111111 0.085982 0.135266 0.052336 0.135266
1 0.435514 0.115942 0.485982 0.115942 0.485982 0.144928 0.435514 0.144928
1 0.613085 0.119565 0.650467 0.119565 0.650467 0.144927 0.613085 0.144927
1 0.502804 0.137681 0.532710 0.137681 0.532710 0.157005 0.502804 0.157005
1 0.317757 0.136473 0.362617 0.136473 0.362617 0.160628 0.317757 0.160628
1 0.386916 0.141305 0.426168 0.141305 0.426168 0.166667 0.386916 0.166667
1 0.039253 0.144927 0.085982 0.144927 0.085982 0.166666 0.039253 0.166666
1 0.226168 0.150966 0.265420 0.150966 0.265420 0.177536 0.226168 0.177536
1 0.274767 0.159420 0.315887 0.159420 0.315887 0.184782 0.274767 0.184782
1 0.091589 0.161836 0.128972 0.161836 0.128972 0.190822 0.091589 0.190822
1 0.441121 0.157004 0.500934 0.157004 0.500934 0.196860 0.441121 0.196860
1 0.031776 0.175121 0.071028 0.175121 0.071028 0.200483 0.031776 0.200483
1 0.244860 0.184783 0.278505 0.184783 0.278505 0.208937 0.244860 0.208937
1 0.684113 0.183575 0.725233 0.183575 0.725233 0.210145 0.684113 0.210145
1 0.779439 0.182367 0.828037 0.182367 0.828037 0.213769 0.779439 0.213769
1 0.084112 0.198068 0.123364 0.198068 0.123364 0.223430 0.084112 0.223430
1 0.136449 0.195652 0.170093 0.195652 0.170093 0.231884 0.136449 0.231884
1 0.203738 0.208937 0.250468 0.208937 0.250468 0.235507 0.203738 0.235507
1 0.446729 0.218599 0.500935 0.218599 0.500935 0.252415 0.446729 0.252415
1 0.143926 0.237923 0.186917 0.237923 0.186917 0.259661 0.143926 0.259661
1 0.020561 0.248792 0.056075 0.248792 0.056075 0.268116 0.020561 0.268116
1 0.833645 0.250001 0.871027 0.250001 0.871027 0.271739 0.833645 0.271739
1 0.768224 0.251207 0.811215 0.251207 0.811215 0.274155 0.768224 0.274155
1 0.573832 0.251208 0.616823 0.251208 0.616823 0.283817 0.573832 0.283817
1 0.704673 0.257247 0.743925 0.257247 0.743925 0.278985 0.704673 0.278985
1 0.416822 0.262077 0.467290 0.262077 0.467290 0.285025 0.416822 0.285025
1 0.872897 0.268115 0.915888 0.268115 0.915888 0.291063 0.872897 0.291063
1 0.708411 0.288648 0.758879 0.288648 0.758879 0.314010 0.708411 0.314010
1 0.162617 0.295893 0.203739 0.295893 0.203739 0.326087 0.162617 0.326087
1 0.487850 0.298309 0.534579 0.298309 0.534579 0.332125 0.487850 0.332125
1 0.102804 0.303140 0.138318 0.303140 0.138318 0.333334 0.102804 0.333334
1 0.340188 0.316424 0.381308 0.316424 0.381308 0.349033 0.340188 0.349033
1 0.781308 0.321257 0.816822 0.321257 0.816822 0.351450 0.781308 0.351450
1 0.254205 0.338164 0.297196 0.338164 0.297196 0.364734 0.254205 0.364734
1 0.633644 0.345411 0.680373 0.345411 0.680373 0.370773 0.633644 0.370773
1 0.514019 0.352657 0.555140 0.352657 0.555140 0.381643 0.514019 0.381643
1 0.829906 0.358696 0.872897 0.358696 0.872897 0.386474 0.829906 0.386474
1 0.061682 0.364734 0.093458 0.364734 0.093458 0.393720 0.061682 0.393720
1 0.327103 0.368358 0.371963 0.368358 0.371963 0.392513 0.327103 0.392513
1 0.682242 0.373188 0.728971 0.373188 0.728971 0.399758 0.682242 0.399758
1 0.385046 0.374396 0.435513 0.374396 0.435513 0.409420 0.385046 0.409420
1 0.276636 0.385266 0.325234 0.385266 0.325234 0.411836 0.276636 0.411836
1 0.551401 0.390096 0.585046 0.390096 0.585046 0.414251 0.551401 0.414251
1 0.431776 0.405797 0.463552 0.405797 0.463552 0.431159 0.431776 0.431159
1 0.657944 0.416667 0.693458 0.416667 0.693458 0.443237 0.657944 0.443237
1 0.764487 0.422705 0.805608 0.422705 0.805608 0.451691 0.764487 0.451691
1 0.386916 0.425121 0.428037 0.425121 0.428037 0.454107 0.386916 0.454107
1 0.822430 0.425121 0.880374 0.425121 0.880374 0.457730 0.822430 0.457730
1 0.110281 0.431159 0.151402 0.431159 0.151402 0.454107 0.110281 0.454107
1 0.710280 0.427536 0.753271 0.427536 0.753271 0.460145 0.710280 0.460145
1 0.551402 0.429951 0.586916 0.429951 0.586916 0.461352 0.551402 0.461352
1 0.611215 0.431159 0.656075 0.431159 0.656075 0.460145 0.611215 0.460145
1 0.444860 0.432367 0.484112 0.432367 0.484112 0.462560 0.444860 0.462560
1 0.760748 0.464976 0.807477 0.464976 0.807477 0.492754 0.760748 0.492754
1 0.626168 0.472222 0.674766 0.472222 0.674766 0.503624 0.626168 0.503624
1 0.416822 0.485508 0.459813 0.485508 0.459813 0.507247 0.416822 0.507247
1 0.706542 0.484299 0.749533 0.484299 0.749533 0.512077 0.706542 0.512077
1 0.375700 0.489130 0.409346 0.489130 0.409346 0.515700 0.375700 0.515700
1 0.521496 0.485507 0.568225 0.485507 0.568225 0.525362 0.521496 0.525362
1 0.274766 0.527778 0.308412 0.527778 0.308412 0.555556 0.274766 0.555556
1 0.151402 0.536232 0.192524 0.536232 0.192524 0.565218 0.151402 0.565218
1 0.706542 0.542270 0.745794 0.542270 0.745794 0.571256 0.706542 0.571256
1 0.254205 0.562801 0.287851 0.562801 0.287851 0.595411 0.254205 0.595411
1 0.497197 0.567633 0.540188 0.567633 0.540188 0.596619 0.497197 0.596619
1 0.209346 0.574879 0.244860 0.574879 0.244860 0.597827 0.209346 0.597827
1 0.437384 0.582125 0.478504 0.582125 0.478504 0.611111 0.437384 0.611111
1 0.757010 0.584541 0.803739 0.584541 0.803739 0.608695 0.757010 0.608695
1 0.605607 0.583333 0.646728 0.583333 0.646728 0.615943 0.605607 0.615943
1 0.299066 0.589372 0.340187 0.589372 0.340187 0.614734 0.299066 0.614734
1 0.360748 0.614734 0.400000 0.614734 0.400000 0.641304 0.360748 0.641304
1 0.699066 0.619565 0.728972 0.619565 0.728972 0.642513 0.699066 0.642513
1 0.555141 0.634058 0.601870 0.634058 0.601870 0.661836 0.555141 0.661836
1 0.644860 0.641305 0.702804 0.641305 0.702804 0.666667 0.644860 0.666667
1 0.239252 0.657004 0.274766 0.657004 0.274766 0.679952 0.239252 0.679952
1 0.491589 0.654589 0.540187 0.654589 0.540187 0.682367 0.491589 0.682367
1 0.285981 0.659421 0.325233 0.659421 0.325233 0.689613 0.285981 0.689613
1 0.809346 0.665459 0.842990 0.665459 0.842990 0.687198 0.809346 0.687198
1 0.349533 0.663044 0.388785 0.663044 0.388785 0.688406 0.349533 0.688406
1 0.702804 0.667874 0.755140 0.667874 0.755140 0.696860 0.702804 0.696860
1 0.553272 0.670289 0.594392 0.670289 0.594392 0.693237 0.553272 0.693237
1 0.039253 0.673913 0.076635 0.673913 0.076635 0.699275 0.039253 0.699275
1 0.269159 0.689613 0.304673 0.689613 0.304673 0.711352 0.269159 0.711352
1 0.472898 0.690821 0.514019 0.690821 0.514019 0.712560 0.472898 0.712560
1 0.859814 0.692029 0.893458 0.692029 0.893458 0.712561 0.859814 0.712561
1 0.738318 0.694445 0.775701 0.694445 0.775701 0.719807 0.738318 0.719807
1 0.063551 0.706522 0.097197 0.706522 0.097197 0.731884 0.063551 0.731884
1 0.325233 0.712561 0.362617 0.712561 0.362617 0.734299 0.325233 0.734299
1 0.256074 0.714976 0.299065 0.714976 0.299065 0.741546 0.256074 0.741546
1 0.145794 0.711353 0.188785 0.711353 0.188785 0.747585 0.145794 0.747585
1 0.758878 0.729468 0.803738 0.729468 0.803738 0.757246 0.758878 0.757246
1 0.469159 0.731884 0.514019 0.731884 0.514019 0.758454 0.469159 0.758454
1 0.650467 0.741546 0.687850 0.741546 0.687850 0.770532 0.650467 0.770532
1 0.228038 0.747584 0.271029 0.747584 0.271029 0.771739 0.228038 0.771739
1 0.091589 0.762078 0.128972 0.762078 0.128972 0.795894 0.091589 0.795894
1 0.431775 0.766908 0.461682 0.766908 0.461682 0.794686 0.431775 0.794686
1 0.383178 0.772946 0.418692 0.772946 0.418692 0.794685 0.383178 0.794685
1 0.592523 0.780193 0.641121 0.780193 0.641121 0.803141 0.592523 0.803141
1 0.244860 0.785024 0.291589 0.785024 0.291589 0.812802 0.244860 0.812802
1 0.740187 0.788647 0.779439 0.788647 0.779439 0.817633 0.740187 0.817633
1 0.538319 0.797102 0.579439 0.797102 0.579439 0.821256 0.538319 0.821256
1 0.600001 0.815218 0.641122 0.815218 0.641122 0.836956 0.600001 0.836956
1 0.259813 0.816425 0.315887 0.816425 0.315887 0.836956 0.259813 0.836956
1 0.428037 0.824879 0.459813 0.824879 0.459813 0.853865 0.428037 0.853865
1 0.796261 0.851449 0.842990 0.851449 0.842990 0.879227 0.796261 0.879227
1 0.728973 0.857488 0.770093 0.857488 0.770093 0.886474 0.728973 0.886474
1 0.450467 0.861111 0.485981 0.861111 0.485981 0.890097 0.450467 0.890097
1 0.385047 0.874396 0.431776 0.874396 0.431776 0.911836 0.385047 0.911836
1 0.723364 0.891304 0.764485 0.891304 0.764485 0.923914 0.723364 0.923914
1 0.370093 0.915459 0.414953 0.915459 0.414953 0.937198 0.370093 0.937198
1 0.203738 0.919083 0.248598 0.919083 0.248598 0.942030 0.203738 0.942030
1 0.839253 0.925121 0.878505 0.925121 0.878505 0.951691 0.839253 0.951691
1 0.480374 0.929951 0.517756 0.929951 0.517756 0.952898 0.480374 0.952898
1 0.642991 0.929952 0.691589 0.929952 0.691589 0.955314 0.642991 0.955314
1 0.108411 0.950483 0.147663 0.950483 0.147663 0.974637 0.108411 0.974637
1 0.435514 0.952898 0.474766 0.952898 0.474766 0.974637 0.435514 0.974637
1 0.388785 0.954107 0.428037 0.954107 0.428037 0.978262 0.388785 0.978262
1 0.173832 0.950483 0.222430 0.950483 0.222430 0.986715 0.173832 0.986715
1 0.605607 0.960145 0.648598 0.960145 0.648598 0.984299 0.605607 0.984299
1 0.074767 0.972222 0.125233 0.972222 0.125233 1.000000 0.074767 1.000000
1 0.646729 0.977054 0.680373 0.977054 0.680373 0.998792 0.646729 0.998792
1 0.485982 0.768116 0.519626 0.768116 0.519626 0.788648 0.485982 0.788648
1 0.009346 0.213769 0.048598 0.213769 0.048598 0.245170 0.009346 0.245170
1 0.811215 0.562802 0.846729 0.562802 0.846729 0.588164 0.811215 0.588164
1 0.336448 0.188406 0.370094 0.188406 0.370094 0.219807 0.336448 0.219807
