1 0.076923 0.010667 0.120879 0.010667 0.120879 0.056000 0.076923 0.056000
1 0.052198 0.064000 0.101649 0.064000 0.101649 0.128000 0.052198 0.128000
1 0.021978 0.056001 0.063187 0.056001 0.063187 0.101333 0.021978 0.101333
1 0.159341 0.074667 0.195055 0.074667 0.195055 0.130667 0.159341 0.130667
1 0.197802 0.088001 0.244505 0.088001 0.244505 0.141334 0.197802 0.141334
1 0.217032 0.024000 0.266483 0.024000 0.266483 0.074666 0.217032 0.074666
1 0.142857 0.141333 0.195055 0.141333 0.195055 0.181333 0.142857 0.181333
1 0.085165 0.136000 0.131867 0.136000 0.131867 0.181334 0.085165 0.181334
1 0.115384 0.208000 0.153846 0.208000 0.153846 0.266666 0.115384 0.266666
1 0.159340 0.194667 0.206043 0.194667 0.206043 0.234667 0.159340 0.234667
1 0.035714 0.237334 0.087912 0.237334 0.087912 0.282666 0.035714 0.282666
1 0.005494 0.192000 0.046704 0.192000 0.046704 0.245334 0.005494 0.245334
1 0.247253 0.181333 0.293956 0.181333 0.293956 0.226666 0.247253 0.226666
1 0.217032 0.229333 0.258242 0.229333 0.258242 0.274666 0.217032 0.274666
1 0.159340 0.245333 0.206043 0.245333 0.206043 0.288000 0.159340 0.288000
1 0.302198 0.010667 0.340660 0.010667 0.340660 0.050667 0.302198 0.050667
1 0.359891 0.029334 0.406594 0.029334 0.406594 0.080001 0.359891 0.080001
1 0.351648 0.101334 0.390110 0.101334 0.390110 0.154667 0.351648 0.154667
1 0.406593 0.064000 0.472527 0.064000 0.472527 0.122666 0.406593 0.122666
1 0.049451 0.320001 0.098902 0.320001 0.098902 0.357333 0.049451 0.357333
1 0.115385 0.288000 0.159341 0.288000 0.159341 0.352000 0.115385 0.352000
1 0.126374 0.400000 0.170330 0.400000 0.170330 0.448000 0.126374 0.448000
1 0.021979 0.370667 0.076924 0.370667 0.076924 0.421334 0.021979 0.421334
1 0.008242 0.426667 0.068682 0.426667 0.068682 0.479999 0.008242 0.479999
1 0.189561 0.341333 0.225275 0.341333 0.225275 0.373333 0.189561 0.373333
1 0.222527 0.293334 0.269230 0.293334 0.269230 0.338666 0.222527 0.338666
1 0.280220 0.285334 0.324176 0.285334 0.324176 0.320001 0.280220 0.320001
1 0.280220 0.367999 0.329671 0.367999 0.329671 0.410666 0.280220 0.410666
1 0.851648 0.178667 0.895604 0.178667 0.895604 0.245333 0.851648 0.245333
1 0.914836 0.162666 0.961538 0.162666 0.961538 0.213334 0.914836 0.213334
1 0.920330 0.112000 0.964286 0.112000 0.964286 0.160000 0.920330 0.160000
1 0.728023 0.210667 0.774725 0.210667 0.774725 0.253333 0.728023 0.253333
1 0.717033 0.261333 0.763736 0.261333 0.763736 0.309333 0.717033 0.309333
1 0.670330 0.226666 0.719780 0.226666 0.719780 0.277334 0.670330 0.277334
1 0.807693 0.080000 0.854395 0.080000 0.854395 0.122667 0.807693 0.122667
1 0.153846 0.954666 0.197802 0.954666 0.197802 0.992000 0.153846 0.992000
1 0.153846 0.917333 0.208792 0.917333 0.208792 0.949333 0.153846 0.949333
1 0.230769 0.885333 0.274725 0.885333 0.274725 0.930667 0.230769 0.930667
1 0.233517 0.922667 0.277473 0.922667 0.277473 0.970667 0.233517 0.970667
1 0.288462 0.893334 0.324176 0.893334 0.324176 0.944001 0.288462 0.944001
1 0.222527 0.845333 0.269230 0.845333 0.269230 0.888000 0.222527 0.888000
1 0.178571 0.866667 0.222527 0.866667 0.222527 0.912000 0.178571 0.912000
1 0.362638 0.821333 0.412089 0.821333 0.412089 0.880000 0.362638 0.880000
1 0.469779 0.943999 0.519230 0.943999 0.519230 0.994667 0.469779 0.994667
1 0.164835 0.648000 0.219781 0.648000 0.219781 0.701334 0.164835 0.701334
1 0.225274 0.677334 0.274726 0.677334 0.274726 0.728001 0.225274 0.728001
1 0.228022 0.730666 0.280220 0.730666 0.280220 0.781334 0.228022 0.781334
1 0.315934 0.741333 0.362638 0.741333 0.362638 0.786667 0.315934 0.786667
1 0.354396 0.701333 0.398352 0.701333 0.398352 0.752000 0.354396 0.752000
1 0.332417 0.663999 0.379121 0.663999 0.379121 0.706666 0.332417 0.706666
1 0.348900 0.760000 0.390109 0.760000 0.390109 0.816000 0.348900 0.816000
1 0.403845 0.765333 0.453296 0.765333 0.453296 0.813333 0.403845 0.813333
1 0.461538 0.714666 0.513736 0.714666 0.513736 0.752000 0.461538 0.752000
1 0.445055 0.618667 0.497253 0.618667 0.497253 0.666667 0.445055 0.666667
1 0.469780 0.671999 0.516483 0.671999 0.516483 0.714666 0.469780 0.714666
1 0.491758 0.744000 0.543956 0.744000 0.543956 0.789334 0.491758 0.789334
1 0.461538 0.789334 0.516483 0.789334 0.516483 0.832001 0.461538 0.832001
1 0.923077 0.810666 0.975275 0.810666 0.975275 0.856000 0.923077 0.856000
1 0.903846 0.858666 0.950549 0.858666 0.950549 0.901334 0.903846 0.901334
1 0.917582 0.906667 0.956044 0.906667 0.956044 0.957334 0.917582 0.957334
1 0.826923 0.946666 0.865385 0.946666 0.865385 0.997333 0.826923 0.997333
1 0.843407 0.901333 0.892857 0.901333 0.892857 0.941333 0.843407 0.941333
1 0.766483 0.866667 0.813186 0.866667 0.813186 0.925334 0.766483 0.925334
1 0.807692 0.823999 0.851648 0.823999 0.851648 0.874667 0.807692 0.874667
1 0.662088 0.888000 0.722528 0.888000 0.722528 0.949334 0.662088 0.949334
1 0.711538 0.936001 0.750000 0.936001 0.750000 0.973334 0.711538 0.973334
1 0.873627 0.768000 0.923077 0.768000 0.923077 0.821334 0.873627 0.821334
1 0.821429 0.773334 0.868131 0.773334 0.868131 0.818667 0.821429 0.818667
1 0.925824 0.672001 0.967033 0.672001 0.967033 0.725334 0.925824 0.725334
1 0.936813 0.610667 0.989011 0.610667 0.989011 0.661334 0.936813 0.661334
1 0.876374 0.648000 0.925824 0.648000 0.925824 0.696000 0.876374 0.696000
1 0.917583 0.533333 0.964286 0.533333 0.964286 0.581333 0.917583 0.581333
1 0.829670 0.536000 0.884615 0.536000 0.884615 0.581334 0.829670 0.581334
1 0.788462 0.472000 0.846154 0.472000 0.846154 0.522667 0.788462 0.522667
1 0.780220 0.517333 0.824176 0.517333 0.824176 0.557333 0.780220 0.557333
1 0.881868 0.493334 0.931318 0.493334 0.931318 0.538667 0.881868 0.538667
1 0.857144 0.458667 0.903846 0.458667 0.903846 0.512000 0.857144 0.512000
1 0.807693 0.416000 0.854395 0.416000 0.854395 0.464000 0.807693 0.464000
1 0.357144 0.264000 0.403847 0.264000 0.403847 0.304000 0.357144 0.304000
1 0.445055 0.301334 0.478021 0.301334 0.478021 0.338666 0.445055 0.338666
1 0.489011 0.282666 0.532967 0.282666 0.532967 0.333334 0.489011 0.333334
1 0.524725 0.336000 0.576923 0.336000 0.576923 0.384000 0.524725 0.384000
1 0.598901 0.325333 0.645604 0.325333 0.645604 0.376001 0.598901 0.376001
1 0.656594 0.336000 0.703296 0.336000 0.703296 0.386667 0.656594 0.386667
1 0.568682 0.381334 0.615385 0.381334 0.615385 0.426667 0.568682 0.426667
1 0.631868 0.384000 0.675824 0.384000 0.675824 0.424000 0.631868 0.424000
1 0.392857 0.357334 0.434067 0.357334 0.434067 0.402666 0.392857 0.402666
1 0.390110 0.426667 0.436814 0.426667 0.436814 0.474667 0.390110 0.474667
1 0.354395 0.392000 0.403846 0.392000 0.403846 0.448000 0.354395 0.448000
1 0.321428 0.306667 0.373626 0.306667 0.373626 0.362667 0.321428 0.362667
1 0.450549 0.242666 0.502747 0.242666 0.502747 0.287999 0.450549 0.287999
1 0.752748 0.002667 0.799450 0.002667 0.799450 0.048000 0.752748 0.048000
1 0.796704 0.008001 0.851649 0.008001 0.851649 0.069333 0.796704 0.069333
1 0.909340 0.056001 0.964286 0.056001 0.964286 0.109334 0.909340 0.109334
1 0.785714 0.186666 0.832417 0.186666 0.832417 0.237334 0.785714 0.237334
1 0.618133 0.125333 0.664836 0.125333 0.664836 0.168000 0.618133 0.168000
1 0.563187 0.125333 0.615385 0.125333 0.615385 0.178667 0.563187 0.178667
1 0.618132 0.170667 0.667582 0.170667 0.667582 0.218667 0.618132 0.218667
1 0.678571 0.173333 0.728022 0.173333 0.728022 0.229333 0.678571 0.229333
1 0.615385 0.050667 0.667583 0.050667 0.667583 0.098667 0.615385 0.098667
1 0.505495 0.112000 0.554945 0.112000 0.554945 0.160000 0.505495 0.160000
1 0.563187 0.189333 0.607143 0.189333 0.607143 0.226666 0.563187 0.226666
1 0.502747 0.200000 0.554945 0.200000 0.554945 0.245334 0.502747 0.245334
1 0.450549 0.154667 0.510989 0.154667 0.510989 0.210667 0.450549 0.210667
1 0.387362 0.144000 0.442308 0.144000 0.442308 0.192000 0.387362 0.192000
1 0.763736 0.077333 0.802198 0.077333 0.802198 0.138666 0.763736 0.138666
1 0.445055 0.005334 0.510989 0.005334 0.510989 0.056000 0.445055 0.056000
1 0.442307 0.112000 0.491758 0.112000 0.491758 0.152000 0.442307 0.152000
1 0.401099 0.186667 0.447803 0.186667 0.447803 0.234667 0.401099 0.234667
1 0.288461 0.210667 0.326923 0.210667 0.326923 0.250667 0.288461 0.250667
1 0.579670 0.858667 0.634615 0.858667 0.634615 0.914667 0.579670 0.914667
1 0.612638 0.896000 0.662088 0.896000 0.662088 0.944000 0.612638 0.944000
1 0.609891 0.800001 0.656593 0.800001 0.656593 0.853334 0.609891 0.853334
1 0.620879 0.741333 0.673077 0.741333 0.673077 0.789333 0.620879 0.789333
1 0.769231 0.759999 0.821429 0.759999 0.821429 0.810666 0.769231 0.810666
1 0.708791 0.824000 0.752747 0.824000 0.752747 0.872000 0.708791 0.872000
1 0.747252 0.749333 0.793955 0.749333 0.793955 0.805333 0.747252 0.805333
1 0.527473 0.938667 0.574175 0.938667 0.574175 0.994667 0.527473 0.994667
1 0.574176 0.954666 0.612638 0.954666 0.612638 1.000000 0.574176 1.000000
1 0.607143 0.968000 0.648352 0.968000 0.648352 1.000000 0.607143 1.000000
1 0.497252 0.826666 0.543955 0.826666 0.543955 0.877333 0.497252 0.877333
1 0.423077 0.829333 0.469781 0.829333 0.469781 0.885333 0.423077 0.885333
1 0.692308 0.669333 0.750000 0.669333 0.750000 0.730666 0.692308 0.730666
1 0.673077 0.741333 0.730769 0.741333 0.730769 0.784000 0.673077 0.784000
1 0.659341 0.784000 0.695055 0.784000 0.695055 0.824000 0.659341 0.824000
1 0.582418 0.680001 0.631868 0.680001 0.631868 0.733334 0.582418 0.733334
1 0.634615 0.672000 0.686813 0.672000 0.686813 0.728000 0.634615 0.728000
1 0.670330 0.642667 0.719780 0.642667 0.719780 0.685334 0.670330 0.685334
1 0.648351 0.597333 0.703296 0.597333 0.703296 0.650667 0.648351 0.650667
1 0.826923 0.720000 0.870879 0.720000 0.870879 0.768000 0.826923 0.768000
1 0.714286 0.410667 0.769231 0.410667 0.769231 0.474667 0.714286 0.474667
1 0.771978 0.416000 0.802198 0.416000 0.802198 0.450667 0.771978 0.450667
1 0.651099 0.429334 0.703297 0.429334 0.703297 0.474666 0.651099 0.474666
1 0.631868 0.488000 0.681318 0.488000 0.681318 0.522667 0.631868 0.522667
1 0.642857 0.514667 0.692307 0.514667 0.692307 0.554667 0.642857 0.554667
1 0.587912 0.447999 0.642857 0.447999 0.642857 0.498667 0.587912 0.498667
1 0.576924 0.501333 0.623626 0.501333 0.623626 0.546667 0.576924 0.546667
1 0.601648 0.538667 0.645604 0.538667 0.645604 0.581334 0.601648 0.581334
1 0.601649 0.584000 0.651099 0.584000 0.651099 0.624000 0.601649 0.624000
1 0.535714 0.549334 0.587912 0.549334 0.587912 0.600001 0.535714 0.600001
1 0.497252 0.528000 0.552198 0.528000 0.552198 0.576000 0.497252 0.576000
1 0.478022 0.578666 0.530220 0.578666 0.530220 0.616000 0.478022 0.616000
1 0.417582 0.538666 0.464286 0.538666 0.464286 0.589333 0.417582 0.589333
1 0.321428 0.557333 0.362638 0.557333 0.362638 0.618667 0.321428 0.618667
1 0.370879 0.549333 0.423077 0.549333 0.423077 0.597333 0.370879 0.597333
1 0.175824 0.565333 0.217033 0.565333 0.217033 0.613333 0.175824 0.613333
1 0.406593 0.677334 0.458791 0.677334 0.458791 0.720001 0.406593 0.720001
1 0.392857 0.720000 0.439561 0.720000 0.439561 0.762667 0.392857 0.762667
1 0.195055 0.421333 0.252747 0.421333 0.252747 0.477333 0.195055 0.477333
1 0.195055 0.474667 0.230769 0.474667 0.230769 0.522667 0.195055 0.522667
1 0.266484 0.474667 0.310440 0.474667 0.310440 0.522667 0.266484 0.522667
1 0.340660 0.456001 0.390111 0.456001 0.390111 0.509333 0.340660 0.509333
1 0.068681 0.464000 0.129121 0.464000 0.129121 0.522667 0.068681 0.522667
1 0.049451 0.538666 0.093407 0.538666 0.093407 0.605333 0.049451 0.605333
1 0.038461 0.613333 0.076923 0.613333 0.076923 0.661333 0.038461 0.661333
1 0.005494 0.511999 0.054946 0.511999 0.054946 0.562666 0.005494 0.562666
1 0.005495 0.565333 0.041209 0.565333 0.041209 0.621333 0.005495 0.621333
1 0.104396 0.512000 0.153847 0.512000 0.153847 0.557334 0.104396 0.557334
1 0.277473 0.421334 0.348901 0.421334 0.348901 0.474666 0.277473 0.474666
1 0.010989 0.672000 0.060440 0.672000 0.060440 0.728000 0.010989 0.728000
1 0.052198 0.749333 0.076923 0.749333 0.076923 0.778667 0.052198 0.778667
1 0.118132 0.746667 0.170330 0.746667 0.170330 0.792000 0.118132 0.792000
1 0.173077 0.767999 0.230769 0.767999 0.230769 0.834666 0.173077 0.834666
1 0.266484 0.794666 0.337913 0.794666 0.337913 0.848000 0.266484 0.848000
1 0.170329 0.706666 0.225275 0.706666 0.225275 0.765333 0.170329 0.765333
1 0.373626 0.933333 0.417582 0.933333 0.417582 0.986667 0.373626 0.986667
1 0.447802 0.872000 0.486264 0.872000 0.486264 0.917334 0.447802 0.917334
1 0.258242 0.597333 0.324176 0.597333 0.324176 0.669333 0.258242 0.669333
1 0.519231 0.645334 0.571429 0.645334 0.571429 0.706667 0.519231 0.706667
1 0.898352 0.370667 0.942308 0.370667 0.942308 0.421334 0.898352 0.421334
1 0.909341 0.426667 0.945055 0.426667 0.945055 0.471999 0.909341 0.471999
1 0.870880 0.309333 0.917582 0.309333 0.917582 0.360001 0.870880 0.360001
1 0.876374 0.581333 0.928572 0.581333 0.928572 0.640000 0.876374 0.640000
1 0.835164 0.589333 0.876374 0.589333 0.876374 0.629333 0.835164 0.629333
1 0.631868 0.266667 0.686813 0.266667 0.686813 0.314667 0.631868 0.314667
1 0.541208 0.247999 0.582418 0.247999 0.582418 0.314667 0.541208 0.314667
1 0.587912 0.223999 0.642857 0.223999 0.642857 0.266666 0.587912 0.266666
1 0.598901 0.266667 0.637363 0.266667 0.637363 0.314667 0.598901 0.314667
1 0.247253 0.138666 0.291209 0.138666 0.291209 0.173334 0.247253 0.173334
1 0.244506 0.104000 0.291209 0.104000 0.291209 0.133333 0.244506 0.133333
1 0.343407 0.181333 0.370879 0.181333 0.370879 0.221333 0.343407 0.221333
