0 0.106414 0.036050 0.138484 0.036050 0.138484 0.084640 0.106414 0.084640
0 0.088921 0.101881 0.119533 0.101881 0.119533 0.148903 0.088921 0.148903
0 0.061224 0.111286 0.096210 0.111286 0.096210 0.159875 0.061224 0.159875
0 0.088921 0.163009 0.119533 0.163009 0.119533 0.194357 0.088921 0.194357
0 0.080175 0.200626 0.125365 0.200626 0.125365 0.239812 0.080175 0.239812
0 0.036443 0.206897 0.072886 0.206897 0.072886 0.247649 0.036443 0.247649
0 0.131195 0.076802 0.179301 0.076802 0.179301 0.136363 0.131195 0.136363
0 0.123907 0.181818 0.180757 0.181818 0.180757 0.225706 0.123907 0.225706
0 0.131195 0.227273 0.176385 0.227273 0.176385 0.269593 0.131195 0.269593
0 0.010204 0.247649 0.046648 0.247649 0.046648 0.285267 0.010204 0.285267
0 0.013120 0.282132 0.043732 0.282132 0.043732 0.322884 0.013120 0.322884
0 0.026239 0.346396 0.069971 0.346396 0.069971 0.390283 0.026239 0.390283
0 0.029154 0.404389 0.075801 0.404389 0.075801 0.445141 0.029154 0.445141
0 0.043732 0.452977 0.088922 0.452977 0.088922 0.498433 0.043732 0.498433
0 0.037901 0.493731 0.072886 0.493731 0.072886 0.534483 0.037901 0.534483
0 0.020408 0.449843 0.056851 0.449843 0.056851 0.492163 0.020408 0.492163
0 0.042274 0.568965 0.080174 0.568965 0.080174 0.606583 0.042274 0.606583
0 0.051020 0.656740 0.100583 0.656740 0.100583 0.706897 0.051020 0.706897
0 0.036443 0.606583 0.075801 0.606583 0.075801 0.653605 0.036443 0.653605
0 0.086006 0.573668 0.112244 0.573668 0.112244 0.625392 0.086006 0.625392
0 0.078717 0.485893 0.109329 0.485893 0.109329 0.528213 0.078717 0.528213
0 0.017493 0.724137 0.055393 0.724137 0.055393 0.800940 0.017493 0.800940
0 0.062682 0.725705 0.107872 0.725705 0.107872 0.778997 0.062682 0.778997
0 0.017493 0.869906 0.077260 0.869906 0.077260 0.907524 0.017493 0.907524
0 0.026239 0.935736 0.065598 0.935736 0.065598 0.974921 0.026239 0.974921
0 0.103498 0.788401 0.161807 0.788401 0.161807 0.854232 0.103498 0.854232
0 0.131195 0.858934 0.173469 0.858934 0.173469 0.901254 0.131195 0.901254
0 0.116618 0.937304 0.150146 0.937304 0.150146 0.976490 0.116618 0.976490
0 0.151604 0.910658 0.193878 0.910658 0.193878 0.952978 0.151604 0.952978
0 0.188047 0.938871 0.230321 0.938871 0.230321 0.976489 0.188047 0.976489
0 0.118075 0.747649 0.154519 0.747649 0.154519 0.780564 0.118075 0.780564
0 0.135568 0.625392 0.179300 0.625392 0.179300 0.678684 0.135568 0.678684
0 0.119533 0.418495 0.163265 0.418495 0.163265 0.463950 0.119533 0.463950
0 0.137026 0.481190 0.186590 0.481190 0.186590 0.526645 0.137026 0.526645
0 0.172012 0.360501 0.225948 0.360501 0.225948 0.429467 0.172012 0.429467
0 0.182216 0.490595 0.225948 0.490595 0.225948 0.540752 0.182216 0.540752
0 0.173469 0.426333 0.227405 0.426333 0.227405 0.471788 0.173469 0.471788
0 0.166181 0.172413 0.211371 0.172413 0.211371 0.206896 0.166181 0.206896
0 0.176384 0.126959 0.212828 0.126959 0.212828 0.173981 0.176384 0.173981
0 0.233236 0.026645 0.265306 0.026645 0.265306 0.072100 0.233236 0.072100
0 0.260932 0.081505 0.300291 0.081505 0.300291 0.120690 0.260932 0.120690
0 0.231778 0.274295 0.279883 0.274295 0.279883 0.326019 0.231778 0.326019
0 0.278426 0.206897 0.311954 0.206897 0.311954 0.238245 0.278426 0.238245
0 0.269680 0.335423 0.307580 0.335423 0.307580 0.376175 0.269680 0.376175
0 0.173469 0.592477 0.209913 0.592477 0.209913 0.628527 0.173469 0.628527
0 0.215744 0.598746 0.252186 0.598746 0.252186 0.637931 0.215744 0.637931
0 0.217201 0.678683 0.278425 0.678683 0.278425 0.725705 0.217201 0.725705
0 0.188047 0.799373 0.231779 0.799373 0.231779 0.840125 0.188047 0.840125
0 0.239068 0.876176 0.274053 0.876176 0.274053 0.916928 0.239068 0.916928
0 0.253644 0.777430 0.293004 0.777430 0.293004 0.813480 0.253644 0.813480
0 0.285714 0.797806 0.325074 0.797806 0.325074 0.840126 0.285714 0.840126
0 0.309038 0.882445 0.339650 0.882445 0.339650 0.934169 0.309038 0.934169
0 0.317784 0.816615 0.352770 0.816615 0.352770 0.865204 0.317784 0.865204
0 0.346939 0.871473 0.380467 0.871473 0.380467 0.909091 0.346939 0.909091
0 0.358600 0.835423 0.397960 0.835423 0.397960 0.876175 0.358600 0.876175
0 0.290087 0.672414 0.335277 0.672414 0.335277 0.713166 0.290087 0.713166
0 0.320699 0.710032 0.355685 0.710032 0.355685 0.750784 0.320699 0.750784
0 0.346938 0.672414 0.376094 0.672414 0.376094 0.713166 0.346938 0.713166
0 0.243441 0.543887 0.279884 0.543887 0.279884 0.584639 0.243441 0.584639
0 0.247813 0.598746 0.282799 0.598746 0.282799 0.636364 0.247813 0.636364
0 0.287172 0.584639 0.335276 0.584639 0.335276 0.633228 0.287172 0.633228
0 0.269679 0.490595 0.309038 0.490595 0.309038 0.528213 0.269679 0.528213
0 0.287172 0.451410 0.322158 0.451410 0.322158 0.489028 0.287172 0.489028
0 0.311953 0.540752 0.351313 0.540752 0.351313 0.583072 0.311953 0.583072
0 0.339651 0.023511 0.377551 0.023511 0.377551 0.070533 0.339651 0.070533
0 0.379009 0.086206 0.412537 0.086206 0.412537 0.136363 0.379009 0.136363
0 0.413993 0.078370 0.443149 0.078370 0.443149 0.119122 0.413993 0.119122
0 0.376093 0.224139 0.405249 0.224139 0.405249 0.257053 0.376093 0.257053
0 0.319242 0.308778 0.357142 0.308778 0.357142 0.373040 0.319242 0.373040
0 0.367347 0.305642 0.400875 0.305642 0.400875 0.344828 0.367347 0.344828
0 0.393585 0.346394 0.432945 0.346394 0.432945 0.391850 0.393585 0.391850
0 0.395043 0.423197 0.430029 0.423197 0.430029 0.460815 0.395043 0.460815
0 0.418368 0.457680 0.454811 0.457680 0.454811 0.498432 0.418368 0.498432
0 0.440233 0.484326 0.478134 0.484326 0.478134 0.537618 0.440233 0.537618
0 0.444606 0.570533 0.483965 0.570533 0.483965 0.622257 0.444606 0.622257
0 0.392128 0.772728 0.446064 0.772728 0.446064 0.816615 0.392128 0.816615
0 0.425656 0.717869 0.459184 0.717869 0.459184 0.747650 0.425656 0.747650
0 0.365889 0.706897 0.415453 0.706897 0.415453 0.747649 0.365889 0.747649
0 0.403790 0.844828 0.440233 0.844828 0.440233 0.885580 0.403790 0.885580
0 0.424199 0.893417 0.462099 0.893417 0.462099 0.924765 0.424199 0.924765
0 0.469387 0.949843 0.494169 0.949843 0.494169 0.992163 0.469387 0.992163
0 0.430029 0.271159 0.463557 0.271159 0.463557 0.310345 0.430029 0.310345
0 0.462099 0.224138 0.505831 0.224138 0.505831 0.266458 0.462099 0.266458
0 0.485423 0.277429 0.526239 0.277429 0.526239 0.321317 0.485423 0.321317
0 0.473760 0.148903 0.513119 0.148903 0.513119 0.189655 0.473760 0.189655
0 0.488338 0.117554 0.534986 0.117554 0.534986 0.156739 0.488338 0.156739
0 0.502915 0.199060 0.536443 0.199060 0.536443 0.235110 0.502915 0.235110
0 0.533527 0.214733 0.581632 0.214733 0.581632 0.257053 0.533527 0.257053
0 0.580175 0.288401 0.625365 0.288401 0.625365 0.330721 0.580175 0.330721
0 0.561225 0.098747 0.597668 0.098747 0.597668 0.147336 0.561225 0.147336
0 0.572886 0.031348 0.619534 0.031348 0.619534 0.081504 0.572886 0.081504
0 0.615161 0.072100 0.655977 0.072100 0.655977 0.120689 0.615161 0.120689
0 0.567055 0.161442 0.599125 0.161442 0.599125 0.203762 0.567055 0.203762
0 0.600583 0.172413 0.641399 0.172413 0.641399 0.217869 0.600583 0.217869
0 0.682216 0.083072 0.736152 0.083072 0.736152 0.152038 0.682216 0.152038
0 0.664722 0.236677 0.702623 0.236677 0.702623 0.282132 0.664722 0.282132
0 0.664723 0.007836 0.705539 0.007836 0.705539 0.053292 0.664723 0.053292
0 0.679300 0.296239 0.720116 0.296239 0.720116 0.341694 0.679300 0.341694
0 0.673470 0.144200 0.714286 0.144200 0.714286 0.189656 0.673470 0.189656
0 0.657434 0.092476 0.680758 0.092476 0.680758 0.139498 0.657434 0.139498
0 0.644315 0.133228 0.677843 0.133228 0.677843 0.178684 0.644315 0.178684
0 0.440233 0.346395 0.485423 0.346395 0.485423 0.387147 0.440233 0.387147
0 0.489796 0.371473 0.530612 0.371473 0.530612 0.418495 0.489796 0.418495
0 0.497085 0.326018 0.534986 0.326018 0.534986 0.365204 0.497085 0.365204
0 0.475219 0.478056 0.508747 0.478056 0.508747 0.512540 0.475219 0.512540
0 0.491254 0.443574 0.523324 0.443574 0.523324 0.479624 0.491254 0.479624
0 0.527697 0.443574 0.577260 0.443574 0.577260 0.489029 0.527697 0.489029
0 0.511661 0.412226 0.558309 0.412226 0.558309 0.443574 0.511661 0.443574
0 0.491254 0.598746 0.529154 0.598746 0.529154 0.645768 0.491254 0.645768
0 0.505830 0.692789 0.542273 0.692789 0.542273 0.727272 0.505830 0.727272
0 0.567056 0.565831 0.607872 0.565831 0.607872 0.622257 0.567056 0.622257
0 0.564140 0.628527 0.604956 0.628527 0.604956 0.680251 0.564140 0.680251
0 0.559767 0.542320 0.600583 0.542320 0.600583 0.584640 0.559767 0.584640
0 0.462099 0.846394 0.502915 0.846394 0.502915 0.885579 0.462099 0.885579
0 0.511661 0.805643 0.551020 0.805643 0.551020 0.851098 0.511661 0.851098
0 0.537902 0.843260 0.572887 0.843260 0.572887 0.884012 0.537902 0.884012
0 0.578717 0.902821 0.618076 0.902821 0.618076 0.946708 0.578717 0.946708
0 0.594752 0.932602 0.626822 0.932602 0.626822 0.989028 0.594752 0.989028
0 0.556851 0.934169 0.590379 0.934169 0.590379 0.965517 0.556851 0.965517
0 0.562682 0.755486 0.597668 0.755486 0.597668 0.793104 0.562682 0.793104
0 0.593294 0.766458 0.638484 0.766458 0.638484 0.797806 0.593294 0.797806
0 0.714286 0.852664 0.756560 0.852664 0.756560 0.890282 0.714286 0.890282
0 0.753645 0.816615 0.790088 0.816615 0.790088 0.865204 0.753645 0.865204
0 0.794460 0.819749 0.839650 0.819749 0.839650 0.851097 0.794460 0.851097
0 0.832361 0.866772 0.877551 0.866772 0.877551 0.916929 0.832361 0.916929
0 0.679300 0.738244 0.715743 0.738244 0.715743 0.775862 0.679300 0.775862
0 0.674927 0.628526 0.696793 0.628526 0.696793 0.672413 0.674927 0.672413
0 0.741982 0.672413 0.779883 0.672413 0.779883 0.705329 0.741982 0.705329
0 0.816327 0.721003 0.857143 0.721003 0.857143 0.757053 0.816327 0.757053
0 0.810496 0.126960 0.854228 0.126960 0.854228 0.192790 0.810496 0.192790
0 0.809038 0.026645 0.844024 0.026645 0.844024 0.076802 0.809038 0.076802
0 0.860058 0.062696 0.906706 0.062696 0.906706 0.108150 0.860058 0.108150
0 0.864432 0.137931 0.900875 0.137931 0.900875 0.181818 0.864432 0.181818
0 0.854228 0.202194 0.889213 0.202194 0.889213 0.247650 0.854228 0.247650
0 0.804665 0.264891 0.855685 0.264891 0.855685 0.330722 0.804665 0.330722
0 0.750730 0.324452 0.807581 0.324452 0.807581 0.379310 0.750730 0.379310
0 0.922741 0.269592 0.965015 0.269592 0.965015 0.316614 0.922741 0.316614
0 0.927114 0.175548 0.967930 0.175548 0.967930 0.219436 0.927114 0.219436
0 0.932945 0.119122 0.973761 0.119122 0.973761 0.161442 0.932945 0.161442
0 0.669097 0.449844 0.708456 0.449844 0.708456 0.500000 0.669097 0.500000
0 0.635569 0.568966 0.674928 0.568966 0.674928 0.614421 0.635569 0.614421
0 0.709912 0.503135 0.743440 0.503135 0.743440 0.547022 0.709912 0.547022
0 0.733236 0.487460 0.769679 0.487460 0.769679 0.532915 0.733236 0.532915
0 0.804665 0.562696 0.844023 0.562696 0.844023 0.600314 0.804665 0.600314
0 0.811953 0.622256 0.860059 0.622256 0.860059 0.672413 0.811953 0.672413
0 0.833820 0.468652 0.870263 0.468652 0.870263 0.507837 0.833820 0.507837
0 0.912537 0.946708 0.953353 0.946708 0.953353 0.985893 0.912537 0.985893
0 0.935860 0.890282 0.973761 0.890282 0.973761 0.932602 0.935860 0.932602
0 0.897959 0.791536 0.953353 0.791536 0.953353 0.830722 0.897959 0.830722
0 0.150146 0.282132 0.201166 0.282132 0.201166 0.318182 0.150146 0.318182
0 0.387755 0.268025 0.431487 0.268025 0.431487 0.319749 0.387755 0.319749
0 0.479592 0.778997 0.516034 0.778997 0.516034 0.835423 0.479592 0.835423
0 0.610788 0.347963 0.648689 0.347963 0.648689 0.388715 0.610788 0.388715
0 0.950438 0.603448 0.988339 0.603448 0.988339 0.650470 0.950438 0.650470
0 0.944607 0.724139 0.973762 0.724139 0.973762 0.757054 0.944607 0.757054
0 0.639942 0.843260 0.677843 0.843260 0.677843 0.880878 0.639942 0.880878
0 0.679300 0.833856 0.714286 0.833856 0.714286 0.876176 0.679300 0.876176
0 0.166181 0.680250 0.198251 0.680250 0.198251 0.713166 0.166181 0.713166
0 0.189504 0.324451 0.236151 0.324451 0.236151 0.371473 0.189504 0.371473
0 0.227406 0.167711 0.266765 0.167711 0.266765 0.213167 0.227406 0.213167
0 0.240525 0.098747 0.278425 0.098747 0.278425 0.153606 0.240525 0.153606
0 0.959184 0.454545 1.000000 0.454545 1.000000 0.501567 0.959184 0.501567
0 0.959184 0.396551 0.992712 0.396551 0.992712 0.449843 0.959184 0.449843
0 0.931487 0.495297 0.965015 0.495297 0.965015 0.534482 0.931487 0.534482
0 0.890670 0.446709 0.924198 0.446709 0.924198 0.482759 0.890670 0.482759
0 0.928571 0.432602 0.962099 0.432602 0.962099 0.468652 0.928571 0.468652
0 0.492711 0.735109 0.524781 0.735109 0.524781 0.772727 0.492711 0.772727
0 0.354227 0.539185 0.386297 0.539185 0.386297 0.575235 0.354227 0.575235
0 0.437318 0.377744 0.470846 0.377744 0.470846 0.410659 0.437318 0.410659
0 0.855685 0.017241 0.879009 0.017241 0.879009 0.056426 0.855685 0.056426
0 0.676385 0.053292 0.715743 0.053292 0.715743 0.089342 0.676385 0.089342
0 0.619534 0.688087 0.657435 0.688087 0.657435 0.731974 0.619534 0.731974
0 0.594753 0.470220 0.631196 0.470220 0.631196 0.514107 0.594753 0.514107
0 0.622449 0.518809 0.653061 0.518809 0.653061 0.550157 0.622449 0.550157
0 0.645773 0.539184 0.672011 0.539184 0.672011 0.568966 0.645773 0.568966
0 0.688047 0.561128 0.718659 0.561128 0.718659 0.603448 0.688047 0.603448
0 0.832361 0.346395 0.868804 0.346395 0.868804 0.388715 0.832361 0.388715
0 0.854228 0.316614 0.883383 0.316614 0.883383 0.358934 0.854228 0.358934
0 0.884840 0.329153 0.919825 0.329153 0.919825 0.377742 0.884840 0.377742
0 0.685131 0.000000 0.737609 0.000000 0.737609 0.072100 0.685131 0.072100
0 0.427113 0.172414 0.462099 0.172414 0.462099 0.224138 0.427113 0.224138
0 0.346939 0.079938 0.377551 0.079938 0.377551 0.134797 0.346939 0.134797
0 0.104956 0.308777 0.148688 0.308777 0.148688 0.340125 0.104956 0.340125
0 0.718659 0.749216 0.752187 0.749216 0.752187 0.804075 0.718659 0.804075
0 0.728862 0.567399 0.776968 0.567399 0.776968 0.622258 0.728862 0.622258
0 0.772595 0.703762 0.806123 0.703762 0.806123 0.761756 0.772595 0.761756
0 0.810496 0.758621 0.849854 0.758621 0.849854 0.789969 0.810496 0.789969
0 0.648688 0.647335 0.682216 0.647335 0.682216 0.695924 0.648688 0.695924
0 0.768221 0.652038 0.791545 0.652038 0.791545 0.700627 0.768221 0.700627
0 0.518950 0.550157 0.553936 0.550157 0.553936 0.590909 0.518950 0.590909
0 0.400875 0.518809 0.437318 0.518809 0.437318 0.565831 0.400875 0.565831
0 0.352770 0.407523 0.389213 0.407523 0.389213 0.440439 0.352770 0.440439
0 0.230321 0.476489 0.259476 0.476489 0.259476 0.517241 0.230321 0.517241
0 0.233236 0.420063 0.266764 0.420063 0.266764 0.468651 0.233236 0.468651
0 0.268222 0.246081 0.314868 0.246081 0.314868 0.299373 0.268222 0.299373
0 0.239067 0.225706 0.284257 0.225706 0.284257 0.255487 0.239067 0.255487
0 0.604957 0.007837 0.642857 0.007837 0.642857 0.050157 0.604957 0.050157
0 0.001457 0.537617 0.037901 0.537617 0.037901 0.576802 0.001457 0.576802
0 0.533528 0.034482 0.565598 0.034482 0.565598 0.068965 0.533528 0.068965
0 0.530612 0.065831 0.558310 0.065831 0.558310 0.108151 0.530612 0.108151
0 0.513120 0.109717 0.553936 0.109717 0.553936 0.144200 0.513120 0.144200
0 0.629738 0.178683 0.667639 0.178683 0.667639 0.216301 0.629738 0.216301
0 0.892128 0.112853 0.924198 0.112853 0.924198 0.145767 0.892128 0.145767
0 0.422740 0.029780 0.478134 0.029780 0.478134 0.072100 0.422740 0.072100
0 0.443149 0.244514 0.485423 0.244514 0.485423 0.288401 0.443149 0.288401
0 0.421283 0.208463 0.459183 0.208463 0.459183 0.242946 0.421283 0.242946
0 0.338193 0.224138 0.376093 0.224138 0.376093 0.264890 0.338193 0.264890
0 0.327988 0.261756 0.357144 0.261756 0.357144 0.297806 0.327988 0.297806
0 0.145773 0.001567 0.186589 0.001567 0.186589 0.050156 0.145773 0.050156
0 0.198250 0.003135 0.227405 0.003135 0.227405 0.040753 0.198250 0.040753
0 0.294461 0.014107 0.330904 0.014107 0.330904 0.054859 0.294461 0.054859
0 0.290087 0.067398 0.339651 0.067398 0.339651 0.120690 0.290087 0.120690
0 0.549563 0.258621 0.591837 0.258621 0.591837 0.289969 0.549563 0.289969
0 0.819242 0.195925 0.851312 0.195925 0.851312 0.233543 0.819242 0.233543
0 0.186588 0.068966 0.224490 0.068966 0.224490 0.109718 0.186588 0.109718
0 0.379009 0.045454 0.411079 0.045454 0.411079 0.083072 0.379009 0.083072
0 0.379009 0.131661 0.406705 0.131661 0.406705 0.169279 0.379009 0.169279
0 0.336735 0.153605 0.360059 0.153605 0.360059 0.178683 0.336735 0.178683
0 0.603499 0.224137 0.635569 0.224137 0.635569 0.247648 0.603499 0.247648
0 0.650146 0.289968 0.673470 0.289968 0.673470 0.329153 0.650146 0.329153
0 0.562682 0.347963 0.590380 0.347963 0.590380 0.387148 0.562682 0.387148
0 0.577259 0.398119 0.606414 0.398119 0.606414 0.435737 0.577259 0.435737
0 0.804665 0.427899 0.838193 0.427899 0.838193 0.465517 0.804665 0.465517
0 0.644315 0.500000 0.677843 0.500000 0.677843 0.543887 0.644315 0.543887
0 0.263848 0.921631 0.307580 0.921631 0.307580 0.960816 0.263848 0.960816
0 0.247813 0.960815 0.293003 0.960815 0.293003 1.000000 0.247813 1.000000
0 0.361517 0.753918 0.387756 0.753918 0.387756 0.788401 0.361517 0.788401
0 0.110787 0.714734 0.139941 0.714734 0.139941 0.746082 0.110787 0.746082
0 0.211370 0.764891 0.249272 0.764891 0.249272 0.804076 0.211370 0.804076
0 0.000000 0.504702 0.024781 0.504702 0.024781 0.547022 0.000000 0.547022
0 0.167639 0.547022 0.195335 0.547022 0.195335 0.583072 0.167639 0.583072
0 0.058308 0.959248 0.096209 0.959248 0.096209 0.998433 0.058308 0.998433
0 0.053935 0.783699 0.090379 0.783699 0.090379 0.826019 0.053935 0.826019
0 0.352769 0.575235 0.397959 0.575235 0.397959 0.611285 0.352769 0.611285
0 0.724490 0.268025 0.752187 0.268025 0.752187 0.307210 0.724490 0.307210
0 0.753644 0.268026 0.775510 0.268026 0.775510 0.322885 0.753644 0.322885
0 0.880466 0.180250 0.928571 0.180250 0.928571 0.225706 0.880466 0.225706
0 0.655977 0.399687 0.698251 0.399687 0.698251 0.438872 0.655977 0.438872
0 0.065598 0.531347 0.096210 0.531347 0.096210 0.565831 0.065598 0.565831
0 0.192420 0.639498 0.227405 0.639498 0.227405 0.667712 0.192420 0.667712
0 0.263848 0.032916 0.287172 0.032916 0.287172 0.078370 0.263848 0.078370
0 0.755103 0.072101 0.790088 0.072101 0.790088 0.106583 0.755103 0.106583
0 0.297376 0.719436 0.333819 0.719436 0.333819 0.766458 0.297376 0.766458
0 0.434403 0.683385 0.462099 0.683385 0.462099 0.722571 0.434403 0.722571
0 0.462099 0.706897 0.485423 0.706897 0.485423 0.747649 0.462099 0.747649
0 0.877552 0.760188 0.903790 0.760188 0.903790 0.793103 0.877552 0.793103
0 0.900875 0.622257 0.930030 0.622257 0.930030 0.664577 0.900875 0.664577
0 0.867347 0.702194 0.902332 0.702194 0.902332 0.746081 0.867347 0.746081
0 0.870262 0.548589 0.916910 0.548589 0.916910 0.583072 0.870262 0.583072
0 0.867347 0.639499 0.893585 0.639499 0.893585 0.675549 0.867347 0.675549
0 0.478135 0.012539 0.516035 0.012539 0.516035 0.048589 0.478135 0.048589
0 0.873178 0.368339 0.899416 0.368339 0.899416 0.407524 0.873178 0.407524
0 0.905248 0.354232 0.935860 0.354232 0.935860 0.390282 0.905248 0.390282
0 0.879009 0.385580 0.911079 0.385580 0.911079 0.429468 0.879009 0.429468
0 0.537901 0.380877 0.568513 0.380877 0.568513 0.409091 0.537901 0.409091
0 0.104956 0.536050 0.132653 0.536050 0.132653 0.556426 0.104956 0.556426
0 0.548106 0.777429 0.583091 0.777429 0.583091 0.819749 0.548106 0.819749
0 0.752186 0.739812 0.776967 0.739812 0.776967 0.786834 0.752186 0.786834
0 0.706997 0.805643 0.736152 0.805643 0.736152 0.846395 0.706997 0.846395
0 0.699708 0.615988 0.723032 0.615988 0.723032 0.661443 0.699708 0.661443
0 0.930028 0.572101 0.959183 0.572101 0.959183 0.606584 0.930028 0.606584
0 0.960642 0.675548 0.986880 0.675548 0.986880 0.708464 0.960642 0.708464
0 0.927114 0.673982 0.959184 0.673982 0.959184 0.722571 0.927114 0.722571
0 0.902333 0.666144 0.928571 0.666144 0.928571 0.697492 0.902333 0.697492
0 0.900874 0.683385 0.928571 0.683385 0.928571 0.706897 0.900874 0.706897
0 0.950437 0.813480 0.997085 0.813480 0.997085 0.857367 0.950437 0.857367
0 0.711371 0.962382 0.736151 0.962382 0.736151 1.000000 0.711371 1.000000
0 0.497085 0.976489 0.534986 0.976489 0.534986 0.998433 0.497085 0.998433
0 0.838193 0.937304 0.887756 0.937304 0.887756 0.973354 0.838193 0.973354
0 0.902332 0.884012 0.924198 0.884012 0.924198 0.923198 0.902332 0.923198
0 0.794461 0.670846 0.832361 0.670846 0.832361 0.702194 0.794461 0.702194
0 0.740524 0.710031 0.768222 0.710031 0.768222 0.738244 0.740524 0.738244
0 0.661808 0.771159 0.692420 0.771159 0.692420 0.805643 0.661808 0.805643
0 0.591837 0.815047 0.618075 0.815047 0.618075 0.849530 0.591837 0.849530
0 0.975218 0.852665 0.999999 0.852665 0.999999 0.909091 0.975218 0.909091
0 0.750729 0.031348 0.784257 0.031348 0.784257 0.065831 0.750729 0.065831
0 0.696794 0.255487 0.721575 0.255487 0.721575 0.288402 0.696794 0.288402
0 0.335277 0.481191 0.362974 0.481191 0.362974 0.517241 0.335277 0.517241
2 0.801749 0.476489 0.835277 0.476489 0.835277 0.514107 0.801749 0.514107
2 0.284257 0.404389 0.314869 0.404389 0.314869 0.440439 0.284257 0.440439
2 0.772594 0.117555 0.801750 0.117555 0.801750 0.150471 0.772594 0.150471
2 0.776968 0.873040 0.810496 0.873040 0.810496 0.912226 0.776968 0.912226
