0 0.087398 0.153192 0.123983 0.153192 0.123983 0.174468 0.087398 0.174468
0 0.081301 0.172340 0.111789 0.172340 0.111789 0.196808 0.081301 0.196808
0 0.766260 0.161702 0.804878 0.161702 0.804878 0.196808 0.766260 0.196808
0 0.619919 0.165958 0.652439 0.165958 0.652439 0.198936 0.619919 0.198936
0 0.004064 0.365958 0.038617 0.365958 0.038617 0.396809 0.004064 0.396809
0 0.544716 0.559574 0.611788 0.559574 0.611788 0.580851 0.544716 0.580851
0 0.621951 0.529787 0.680894 0.529787 0.680894 0.555319 0.621951 0.555319
0 0.138211 0.863830 0.180895 0.863830 0.180895 0.888298 0.138211 0.888298
0 0.481707 0.842554 0.524390 0.842554 0.524390 0.860638 0.481707 0.860638
0 0.436992 0.818085 0.497968 0.818085 0.497968 0.842553 0.436992 0.842553
0 0.565040 0.864893 0.591464 0.864893 0.591464 0.895744 0.565040 0.895744
0 0.888212 0.824468 0.920732 0.824468 0.920732 0.852128 0.888212 0.852128
0 0.804878 0.786170 0.845528 0.786170 0.845528 0.805320 0.804878 0.805320
0 0.975610 0.697872 0.997968 0.697872 0.997968 0.722340 0.975610 0.722340
0 0.857724 0.711702 0.896342 0.711702 0.896342 0.736170 0.857724 0.736170
0 0.963415 0.605320 0.995935 0.605320 0.995935 0.634043 0.963415 0.634043
0 0.457317 0.394680 0.497967 0.394680 0.497967 0.414894 0.457317 0.414894
0 0.782520 0.528724 0.808944 0.528724 0.808944 0.546808 0.782520 0.546808
0 0.833334 0.639362 0.861788 0.639362 0.861788 0.657446 0.833334 0.657446
0 0.317074 0.221277 0.367887 0.221277 0.367887 0.258511 0.317074 0.258511
0 0.317073 0.138298 0.369919 0.138298 0.369919 0.154255 0.317073 0.154255
1 0.034553 0.003192 0.081301 0.003192 0.081301 0.025532 0.034553 0.025532
1 0.075204 0.013829 0.109757 0.013829 0.109757 0.031914 0.075204 0.031914
1 0.018292 0.038298 0.046747 0.038298 0.046747 0.054255 0.018292 0.054255
1 0.038618 0.059575 0.077236 0.059575 0.077236 0.082979 0.038618 0.082979
1 0.170731 0.015958 0.213415 0.015958 0.213415 0.038298 0.170731 0.038298
1 0.247967 0.004255 0.286585 0.004255 0.286585 0.027659 0.247967 0.027659
1 0.154472 0.054255 0.191056 0.054255 0.191056 0.069149 0.154472 0.069149
1 0.193089 0.042554 0.229674 0.042554 0.229674 0.060639 0.193089 0.060639
1 0.201220 0.064894 0.225610 0.064894 0.225610 0.078724 0.201220 0.078724
1 0.239838 0.054256 0.266261 0.054256 0.266261 0.074469 0.239838 0.074469
1 0.172764 0.075532 0.207317 0.075532 0.207317 0.098936 0.172764 0.098936
1 0.134147 0.087233 0.166667 0.087233 0.166667 0.107447 0.134147 0.107447
1 0.109756 0.090425 0.138211 0.090425 0.138211 0.118085 0.109756 0.118085
1 0.067073 0.090425 0.103659 0.090425 0.103659 0.110639 0.067073 0.110639
1 0.018293 0.106383 0.058943 0.106383 0.058943 0.123405 0.018293 0.123405
1 0.288619 0.041489 0.325203 0.041489 0.325203 0.060638 0.288619 0.060638
1 0.280488 0.063830 0.317072 0.063830 0.317072 0.079787 0.280488 0.079787
1 0.331301 0.046808 0.363821 0.046808 0.363821 0.068085 0.331301 0.068085
1 0.335366 0.077659 0.388212 0.077659 0.388212 0.097873 0.335366 0.097873
1 0.382114 0.112766 0.414634 0.112766 0.414634 0.129788 0.382114 0.129788
1 0.201220 0.122341 0.241870 0.122341 0.241870 0.142553 0.201220 0.142553
1 0.018293 0.135106 0.048781 0.135106 0.048781 0.151063 0.018293 0.151063
1 0.087398 0.197873 0.126016 0.197873 0.126016 0.219149 0.087398 0.219149
1 0.026422 0.152128 0.063007 0.152128 0.063007 0.164894 0.026422 0.164894
1 0.207317 0.201064 0.231707 0.201064 0.231707 0.215958 0.207317 0.215958
1 0.296748 0.193617 0.329268 0.193617 0.329268 0.210639 0.296748 0.210639
1 0.321138 0.185106 0.349594 0.185106 0.349594 0.200000 0.321138 0.200000
1 0.337399 0.163829 0.371951 0.163829 0.371951 0.180850 0.337399 0.180850
1 0.357723 0.189361 0.386178 0.189361 0.386178 0.206382 0.357723 0.206382
1 0.231708 0.084042 0.272358 0.084042 0.272358 0.101064 0.231708 0.101064
1 0.371951 0.061702 0.420731 0.061702 0.420731 0.075532 0.371951 0.075532
1 0.400406 0.129787 0.434960 0.129787 0.434960 0.152127 0.400406 0.152127
1 0.398374 0.163829 0.439024 0.163829 0.439024 0.180850 0.398374 0.180850
1 0.434960 0.157447 0.467480 0.157447 0.467480 0.173404 0.434960 0.173404
1 0.443089 0.136170 0.471544 0.136170 0.471544 0.154256 0.443089 0.154256
1 0.449187 0.123404 0.479675 0.123404 0.479675 0.136170 0.449187 0.136170
1 0.432927 0.102127 0.457317 0.102127 0.457317 0.117021 0.432927 0.117021
1 0.473577 0.104256 0.508131 0.104256 0.508131 0.120212 0.473577 0.120212
1 0.506097 0.139361 0.536585 0.139361 0.536585 0.156383 0.506097 0.156383
1 0.542684 0.124468 0.571138 0.124468 0.571138 0.136170 0.542684 0.136170
1 0.550812 0.100001 0.585365 0.100001 0.585365 0.118085 0.550812 0.118085
1 0.514227 0.087234 0.548781 0.087234 0.548781 0.104256 0.514227 0.104256
1 0.455285 0.075533 0.487805 0.075533 0.487805 0.092554 0.455285 0.092554
1 0.500001 0.063830 0.528455 0.063830 0.528455 0.079787 0.500001 0.079787
1 0.467479 0.055319 0.495935 0.055319 0.495935 0.072341 0.467479 0.072341
1 0.416667 0.021277 0.457317 0.021277 0.457317 0.050000 0.416667 0.050000
1 0.353659 0.009574 0.378049 0.009574 0.378049 0.022340 0.353659 0.022340
1 0.069106 0.111702 0.093496 0.111702 0.093496 0.123404 0.069106 0.123404
1 0.095529 0.141490 0.121952 0.141490 0.121952 0.152128 0.095529 0.152128
1 0.489838 0.161702 0.522358 0.161702 0.522358 0.178724 0.489838 0.178724
1 0.538617 0.159575 0.573171 0.159575 0.573171 0.175532 0.538617 0.175532
1 0.558943 0.141489 0.593496 0.141489 0.593496 0.156383 0.558943 0.156383
1 0.579268 0.119149 0.630081 0.119149 0.630081 0.142553 0.579268 0.142553
1 0.609757 0.105319 0.638211 0.105319 0.638211 0.125532 0.609757 0.125532
1 0.646341 0.110639 0.682926 0.110639 0.682926 0.130852 0.646341 0.130852
1 0.658536 0.157447 0.684960 0.157447 0.684960 0.170213 0.658536 0.170213
1 0.691056 0.122341 0.725610 0.122341 0.725610 0.140426 0.691056 0.140426
1 0.680894 0.101065 0.713414 0.101065 0.713414 0.117022 0.680894 0.117022
1 0.621951 0.080851 0.654471 0.080851 0.654471 0.097873 0.621951 0.097873
1 0.662601 0.057446 0.699187 0.057446 0.699187 0.074468 0.662601 0.074468
1 0.502033 0.048937 0.550813 0.048937 0.550813 0.064893 0.502033 0.064893
1 0.567073 0.044681 0.607723 0.044681 0.607723 0.069149 0.567073 0.069149
1 0.621951 0.029788 0.656505 0.029788 0.656505 0.050000 0.621951 0.050000
1 0.717479 0.026595 0.754065 0.026595 0.754065 0.043617 0.717479 0.043617
1 0.648373 0.008510 0.674797 0.008510 0.674797 0.023404 0.648373 0.023404
1 0.782520 0.005319 0.815040 0.005319 0.815040 0.020213 0.782520 0.020213
1 0.703252 0.075533 0.743902 0.075533 0.743902 0.091490 0.703252 0.091490
1 0.719512 0.089362 0.754066 0.089362 0.754066 0.104256 0.719512 0.104256
1 0.727642 0.110639 0.762196 0.110639 0.762196 0.126595 0.727642 0.126595
1 0.764228 0.097873 0.794716 0.097873 0.794716 0.115957 0.764228 0.115957
1 0.776423 0.084042 0.804877 0.084042 0.804877 0.098936 0.776423 0.098936
1 0.790650 0.031914 0.829268 0.031914 0.829268 0.051063 0.790650 0.051063
1 0.817073 0.076596 0.849593 0.076596 0.849593 0.094681 0.817073 0.094681
1 0.802845 0.104255 0.833333 0.104255 0.833333 0.118085 0.802845 0.118085
1 0.778456 0.121276 0.806910 0.121276 0.806910 0.136170 0.778456 0.136170
1 0.821138 0.120212 0.847562 0.120212 0.847562 0.137234 0.821138 0.137234
1 0.847560 0.095745 0.882113 0.095745 0.882113 0.121277 0.847560 0.121277
1 0.833333 0.141490 0.876016 0.141490 0.876016 0.161702 0.833333 0.161702
1 0.894309 0.138298 0.926829 0.138298 0.926829 0.159575 0.894309 0.159575
1 0.953252 0.081916 0.975610 0.081916 0.975610 0.097873 0.953252 0.097873
1 0.973577 0.075532 0.997967 0.075532 0.997967 0.094681 0.973577 0.094681
1 0.957317 0.056383 0.993903 0.056383 0.993903 0.070213 0.957317 0.070213
1 0.963414 0.031914 1.000000 0.031914 1.000000 0.051063 0.963414 0.051063
1 0.912601 0.018085 0.947155 0.018085 0.947155 0.028723 0.912601 0.028723
1 0.953252 0.128723 0.985772 0.128723 0.985772 0.145744 0.953252 0.145744
1 0.981708 0.146808 1.000000 0.146808 1.000000 0.160638 0.981708 0.160638
1 0.969512 0.163829 0.997967 0.163829 0.997967 0.180850 0.969512 0.180850
1 0.932927 0.154255 0.965447 0.154255 0.965447 0.167021 0.932927 0.167021
1 0.894309 0.178724 0.926829 0.178724 0.926829 0.200000 0.894309 0.200000
1 0.831301 0.172341 0.863821 0.172341 0.863821 0.188298 0.831301 0.188298
1 0.918699 0.198936 0.951219 0.198936 0.951219 0.214893 0.918699 0.214893
1 0.906504 0.218085 0.943090 0.218085 0.943090 0.231915 0.906504 0.231915
1 0.947155 0.226596 0.973578 0.226596 0.973578 0.238298 0.947155 0.238298
1 0.865854 0.228723 0.916667 0.228723 0.916667 0.243617 0.865854 0.243617
1 0.776423 0.224468 0.817073 0.224468 0.817073 0.244680 0.776423 0.244680
1 0.851625 0.190425 0.878049 0.190425 0.878049 0.207447 0.851625 0.207447
1 0.782520 0.246808 0.817074 0.246808 0.817074 0.261702 0.782520 0.261702
1 0.831300 0.238297 0.865854 0.238297 0.865854 0.256383 0.831300 0.256383
1 0.678862 0.207447 0.711382 0.207447 0.711382 0.227659 0.678862 0.227659
1 0.928862 0.263830 0.961382 0.263830 0.961382 0.280851 0.928862 0.280851
1 0.900407 0.254256 0.941057 0.254256 0.941057 0.271276 0.900407 0.271276
1 0.849593 0.262766 0.880081 0.262766 0.880081 0.277660 0.849593 0.277660
1 0.873984 0.276595 0.906504 0.276595 0.906504 0.292552 0.873984 0.292552
1 0.790650 0.264894 0.825203 0.264894 0.825203 0.278724 0.790650 0.278724
1 0.790650 0.296809 0.829268 0.296809 0.829268 0.318086 0.790650 0.318086
1 0.849593 0.291490 0.880081 0.291490 0.880081 0.310638 0.849593 0.310638
1 0.910569 0.297872 0.947155 0.297872 0.947155 0.318086 0.910569 0.318086
1 0.890244 0.309574 0.920732 0.309574 0.920732 0.327659 0.890244 0.327659
1 0.888211 0.329787 0.918699 0.329787 0.918699 0.344681 0.888211 0.344681
1 0.847561 0.355320 0.880081 0.355320 0.880081 0.373405 0.847561 0.373405
1 0.794716 0.328724 0.823170 0.328724 0.823170 0.347872 0.794716 0.347872
1 0.739837 0.319149 0.774390 0.319149 0.774390 0.334043 0.739837 0.334043
1 0.739838 0.331915 0.788618 0.331915 0.788618 0.355319 0.739838 0.355319
1 0.745935 0.288298 0.778455 0.288298 0.778455 0.310638 0.745935 0.310638
1 0.628049 0.230851 0.658537 0.230851 0.658537 0.252128 0.628049 0.252128
1 0.693089 0.289361 0.729675 0.289361 0.729675 0.305318 0.693089 0.305318
1 0.693089 0.343617 0.723577 0.343617 0.723577 0.356383 0.693089 0.356383
1 0.682927 0.320213 0.713415 0.320213 0.713415 0.339361 0.682927 0.339361
1 0.644309 0.308511 0.674797 0.308511 0.674797 0.325531 0.644309 0.325531
1 0.646341 0.329788 0.684959 0.329788 0.684959 0.345745 0.646341 0.345745
1 0.628049 0.347872 0.664634 0.347872 0.664634 0.363829 0.628049 0.363829
1 0.611789 0.302128 0.642277 0.302128 0.642277 0.319149 0.611789 0.319149
1 0.644308 0.265958 0.670732 0.265958 0.670732 0.285106 0.644308 0.285106
1 0.579268 0.247873 0.617886 0.247873 0.617886 0.264894 0.579268 0.264894
1 0.601626 0.275532 0.634146 0.275532 0.634146 0.294681 0.601626 0.294681
1 0.560975 0.270213 0.595529 0.270213 0.595529 0.289361 0.560975 0.289361
1 0.567073 0.292553 0.599593 0.292553 0.599593 0.310638 0.567073 0.310638
1 0.548781 0.314893 0.581301 0.314893 0.581301 0.330850 0.548781 0.330850
1 0.579268 0.334042 0.609756 0.334042 0.609756 0.348936 0.579268 0.348936
1 0.522357 0.336170 0.556910 0.336170 0.556910 0.354256 0.522357 0.354256
1 0.565041 0.356384 0.597561 0.356384 0.597561 0.373404 0.565041 0.373404
1 0.510163 0.275532 0.556911 0.275532 0.556911 0.304256 0.510163 0.304256
1 0.514227 0.240426 0.558943 0.240426 0.558943 0.259574 0.514227 0.259574
1 0.514227 0.211702 0.550813 0.211702 0.550813 0.229788 0.514227 0.229788
1 0.489837 0.302127 0.520325 0.302127 0.520325 0.321276 0.489837 0.321276
1 0.554878 0.201064 0.591464 0.201064 0.591464 0.215958 0.554878 0.215958
1 0.461382 0.268085 0.493902 0.268085 0.493902 0.288298 0.461382 0.288298
1 0.443089 0.239362 0.485772 0.239362 0.485772 0.259574 0.443089 0.259574
1 0.455285 0.194680 0.491870 0.194680 0.491870 0.212765 0.455285 0.212765
1 0.424797 0.326595 0.471545 0.326595 0.471545 0.347872 0.424797 0.347872
1 0.434960 0.309574 0.467480 0.309574 0.467480 0.324468 0.434960 0.324468
1 0.418699 0.278724 0.451219 0.278724 0.451219 0.297872 0.418699 0.297872
1 0.404472 0.255319 0.436992 0.255319 0.436992 0.270213 0.404472 0.270213
1 0.630082 0.203191 0.650406 0.203191 0.650406 0.221277 0.630082 0.221277
1 0.540651 0.175532 0.591464 0.175532 0.591464 0.197872 0.540651 0.197872
1 0.404471 0.188298 0.439025 0.188298 0.439025 0.215958 0.404471 0.215958
1 0.410570 0.213829 0.445122 0.213829 0.445122 0.231914 0.410570 0.231914
1 0.392276 0.234042 0.422764 0.234042 0.422764 0.252128 0.392276 0.252128
1 0.355691 0.222340 0.388211 0.222340 0.388211 0.238297 0.355691 0.238297
1 0.380082 0.279788 0.408537 0.279788 0.408537 0.296808 0.380082 0.296808
1 0.414634 0.298936 0.436992 0.298936 0.436992 0.314893 0.414634 0.314893
1 0.373984 0.315958 0.406504 0.315958 0.406504 0.336171 0.373984 0.336171
1 0.339431 0.205319 0.367887 0.205319 0.367887 0.219149 0.339431 0.219149
1 0.272357 0.218085 0.300812 0.218085 0.300812 0.235106 0.272357 0.235106
1 0.250000 0.232979 0.282520 0.232979 0.282520 0.246809 0.250000 0.246809
1 0.245936 0.214893 0.266261 0.214893 0.266261 0.232979 0.245936 0.232979
1 0.223577 0.244681 0.256097 0.244681 0.256097 0.259575 0.223577 0.259575
1 0.245935 0.254256 0.278455 0.254256 0.278455 0.270213 0.245935 0.270213
1 0.290650 0.256383 0.321138 0.256383 0.321138 0.272340 0.290650 0.272340
1 0.296748 0.274469 0.327236 0.274469 0.327236 0.291489 0.296748 0.291489
1 0.337398 0.296808 0.363821 0.296808 0.363821 0.314893 0.337398 0.314893
1 0.290651 0.292553 0.331301 0.292553 0.331301 0.315957 0.290651 0.315957
1 0.274390 0.329787 0.302845 0.329787 0.302845 0.344681 0.274390 0.344681
1 0.337399 0.332979 0.369919 0.332979 0.369919 0.348936 0.337399 0.348936
1 0.252032 0.274468 0.282520 0.274468 0.282520 0.295745 0.252032 0.295745
1 0.221545 0.294681 0.256097 0.294681 0.256097 0.311701 0.221545 0.311701
1 0.164634 0.234042 0.199187 0.234042 0.199187 0.252128 0.164634 0.252128
1 0.164634 0.261703 0.199187 0.261703 0.199187 0.277660 0.164634 0.277660
1 0.268293 0.312766 0.290651 0.312766 0.290651 0.323404 0.268293 0.323404
1 0.217480 0.319149 0.258130 0.319149 0.258130 0.334043 0.217480 0.334043
1 0.182927 0.311702 0.215447 0.311702 0.215447 0.327659 0.182927 0.327659
1 0.178862 0.340425 0.197155 0.340425 0.197155 0.355319 0.178862 0.355319
1 0.268293 0.347873 0.298781 0.347873 0.298781 0.367022 0.268293 0.367022
1 0.028455 0.227659 0.058943 0.227659 0.058943 0.243616 0.028455 0.243616
1 0.191057 0.359575 0.207317 0.359575 0.207317 0.370213 0.191057 0.370213
1 0.123984 0.354256 0.150406 0.354256 0.150406 0.376596 0.123984 0.376596
1 0.052846 0.395745 0.079269 0.395745 0.079269 0.424467 0.052846 0.424467
1 0.136179 0.388298 0.168699 0.388298 0.168699 0.407446 0.136179 0.407446
1 0.294716 0.359575 0.323171 0.359575 0.323171 0.378723 0.294716 0.378723
1 0.227642 0.356384 0.260162 0.356384 0.260162 0.387234 0.227642 0.387234
1 0.270325 0.404255 0.300813 0.404255 0.300813 0.423404 0.270325 0.423404
1 0.071138 0.431916 0.103658 0.431916 0.103658 0.447873 0.071138 0.447873
1 0.069106 0.489362 0.101626 0.489362 0.101626 0.506382 0.069106 0.506382
1 0.050813 0.474469 0.075203 0.474469 0.075203 0.490426 0.050813 0.490426
1 0.132114 0.474469 0.164634 0.474469 0.164634 0.492554 0.132114 0.492554
1 0.156503 0.488298 0.191056 0.488298 0.191056 0.503192 0.156503 0.503192
1 0.004065 0.407446 0.026423 0.407446 0.026423 0.415958 0.004065 0.415958
1 0.134146 0.455320 0.164634 0.455320 0.164634 0.472340 0.134146 0.472340
1 0.217479 0.443617 0.252032 0.443617 0.252032 0.462765 0.217479 0.462765
1 0.252032 0.438298 0.282520 0.438298 0.282520 0.452128 0.252032 0.452128
1 0.292683 0.453192 0.329268 0.453192 0.329268 0.469149 0.292683 0.469149
1 0.276423 0.470212 0.306911 0.470212 0.306911 0.486169 0.276423 0.486169
1 0.101625 0.505319 0.128048 0.505319 0.128048 0.517021 0.101625 0.517021
1 0.136179 0.504255 0.170732 0.504255 0.170732 0.525532 0.136179 0.525532
1 0.241870 0.497873 0.278455 0.497873 0.278455 0.513830 0.241870 0.513830
1 0.201219 0.495745 0.229675 0.495745 0.229675 0.508511 0.201219 0.508511
1 0.191057 0.512765 0.219512 0.512765 0.219512 0.532979 0.191057 0.532979
1 0.223577 0.517021 0.262195 0.517021 0.262195 0.542553 0.223577 0.542553
1 0.085365 0.520213 0.105691 0.520213 0.105691 0.535107 0.085365 0.535107
1 0.095529 0.530851 0.130082 0.530851 0.130082 0.553191 0.095529 0.553191
1 0.134147 0.535106 0.162602 0.535106 0.162602 0.559574 0.134147 0.559574
1 0.180894 0.539362 0.211382 0.539362 0.211382 0.562766 0.180894 0.562766
1 0.258130 0.526595 0.290650 0.526595 0.290650 0.545745 0.258130 0.545745
1 0.313009 0.521276 0.349594 0.521276 0.349594 0.540426 0.313009 0.540426
1 0.304878 0.497872 0.341463 0.497872 0.341463 0.517022 0.304878 0.517022
1 0.302845 0.417021 0.361788 0.417021 0.361788 0.435107 0.302845 0.435107
1 0.386178 0.418085 0.420732 0.418085 0.420732 0.436171 0.386178 0.436171
1 0.378049 0.455319 0.416667 0.455319 0.416667 0.471276 0.378049 0.471276
1 0.345528 0.488299 0.376016 0.488299 0.376016 0.505320 0.345528 0.505320
1 0.373984 0.498936 0.408536 0.498936 0.408536 0.517021 0.373984 0.517021
1 0.404471 0.475531 0.439025 0.475531 0.439025 0.493617 0.404471 0.493617
1 0.327236 0.378723 0.357724 0.378723 0.357724 0.398937 0.327236 0.398937
1 0.361788 0.375532 0.396342 0.375532 0.396342 0.394680 0.361788 0.394680
1 0.400406 0.386171 0.428862 0.386171 0.428862 0.402128 0.400406 0.402128
1 0.449187 0.370212 0.479675 0.370212 0.479675 0.391489 0.449187 0.391489
1 0.418700 0.405319 0.455284 0.405319 0.455284 0.421276 0.418700 0.421276
1 0.485772 0.374468 0.528455 0.374468 0.528455 0.392553 0.485772 0.392553
1 0.461383 0.359574 0.497968 0.359574 0.497968 0.373404 0.461383 0.373404
1 0.510163 0.358510 0.542683 0.358510 0.542683 0.373404 0.510163 0.373404
1 0.483739 0.342553 0.510162 0.342553 0.510162 0.355319 0.483739 0.355319
1 0.516260 0.395744 0.548780 0.395744 0.548780 0.413830 0.516260 0.413830
1 0.447154 0.439362 0.477642 0.439362 0.477642 0.455319 0.447154 0.455319
1 0.418699 0.438298 0.449187 0.438298 0.449187 0.456383 0.418699 0.456383
1 0.424797 0.424468 0.449187 0.424468 0.449187 0.438298 0.424797 0.438298
1 0.514227 0.418085 0.550813 0.418085 0.550813 0.432979 0.514227 0.432979
1 0.536586 0.434042 0.565040 0.434042 0.565040 0.451063 0.536586 0.451063
1 0.481707 0.447873 0.512195 0.447873 0.512195 0.467021 0.481707 0.467021
1 0.497968 0.431916 0.532521 0.431916 0.532521 0.447873 0.497968 0.447873
1 0.583333 0.435107 0.615853 0.435107 0.615853 0.454255 0.583333 0.454255
1 0.581301 0.408510 0.626016 0.408510 0.626016 0.425531 0.581301 0.425531
1 0.579268 0.375532 0.613822 0.375532 0.613822 0.394680 0.579268 0.394680
1 0.603658 0.362767 0.640244 0.362767 0.640244 0.379788 0.603658 0.379788
1 0.617886 0.382978 0.648374 0.382978 0.648374 0.402127 0.617886 0.402127
1 0.648374 0.373405 0.678862 0.373405 0.678862 0.390425 0.648374 0.390425
1 0.689025 0.378724 0.729675 0.378724 0.729675 0.395744 0.689025 0.395744
1 0.664635 0.398937 0.699188 0.398937 0.699188 0.414894 0.664635 0.414894
1 0.691056 0.420212 0.725610 0.420212 0.725610 0.436169 0.691056 0.436169
1 0.664634 0.429787 0.717480 0.429787 0.717480 0.451064 0.664634 0.451064
1 0.658536 0.453192 0.701219 0.453192 0.701219 0.470212 0.658536 0.470212
1 0.760162 0.459574 0.796748 0.459574 0.796748 0.479788 0.760162 0.479788
1 0.776422 0.473405 0.813007 0.473405 0.813007 0.493618 0.776422 0.493618
1 0.615854 0.430851 0.640244 0.430851 0.640244 0.443617 0.615854 0.443617
1 0.579268 0.460639 0.611788 0.460639 0.611788 0.478724 0.579268 0.478724
1 0.534552 0.477659 0.569106 0.477659 0.569106 0.492553 0.534552 0.492553
1 0.500000 0.488299 0.532520 0.488299 0.532520 0.504255 0.500000 0.504255
1 0.540651 0.511702 0.573171 0.511702 0.573171 0.530852 0.540651 0.530852
1 0.508130 0.508510 0.540650 0.508510 0.540650 0.524467 0.508130 0.524467
1 0.577236 0.505320 0.607724 0.505320 0.607724 0.522340 0.577236 0.522340
1 0.609756 0.501064 0.642276 0.501064 0.642276 0.513830 0.609756 0.513830
1 0.461382 0.517022 0.493902 0.517022 0.493902 0.532979 0.461382 0.532979
1 0.471545 0.531915 0.508130 0.531915 0.508130 0.547872 0.471545 0.547872
1 0.402440 0.541490 0.439024 0.541490 0.439024 0.558511 0.402440 0.558511
1 0.386180 0.557447 0.422764 0.557447 0.422764 0.570213 0.386180 0.570213
1 0.394309 0.572340 0.432927 0.572340 0.432927 0.585106 0.394309 0.585106
1 0.359756 0.562766 0.386178 0.562766 0.386178 0.575532 0.359756 0.575532
1 0.396342 0.586171 0.428862 0.586171 0.428862 0.604255 0.396342 0.604255
1 0.351626 0.596808 0.392276 0.596808 0.392276 0.612765 0.351626 0.612765
1 0.349594 0.540426 0.382114 0.540426 0.382114 0.556383 0.349594 0.556383
1 0.302845 0.545744 0.333333 0.545744 0.333333 0.565958 0.302845 0.565958
1 0.321138 0.559574 0.343496 0.559574 0.343496 0.578724 0.321138 0.578724
1 0.331300 0.615958 0.357723 0.615958 0.357723 0.634042 0.331300 0.634042
1 0.310976 0.630851 0.341464 0.630851 0.341464 0.654255 0.310976 0.654255
1 0.274390 0.588298 0.306910 0.588298 0.306910 0.603192 0.274390 0.603192
1 0.262196 0.573404 0.298781 0.573404 0.298781 0.586170 0.262196 0.586170
1 0.278456 0.535107 0.306911 0.535107 0.306911 0.553191 0.278456 0.553191
1 0.272358 0.515957 0.304878 0.515957 0.304878 0.530851 0.272358 0.530851
1 0.441056 0.489362 0.475610 0.489362 0.475610 0.503192 0.441056 0.503192
1 0.514227 0.543617 0.565040 0.543617 0.565040 0.567021 0.514227 0.567021
1 0.213415 0.586171 0.243903 0.586171 0.243903 0.602128 0.213415 0.602128
1 0.174797 0.574468 0.207317 0.574468 0.207317 0.589362 0.174797 0.589362
1 0.109757 0.574468 0.144310 0.574468 0.144310 0.589362 0.109757 0.589362
1 0.146342 0.589362 0.180895 0.589362 0.180895 0.607447 0.146342 0.607447
1 0.193089 0.604255 0.223577 0.604255 0.223577 0.624468 0.193089 0.624468
1 0.225609 0.613829 0.254064 0.613829 0.254064 0.632978 0.225609 0.632978
1 0.245935 0.648937 0.272357 0.648937 0.272357 0.667021 0.245935 0.667021
1 0.180894 0.631914 0.211382 0.631914 0.211382 0.652127 0.180894 0.652127
1 0.132115 0.614893 0.168700 0.614893 0.168700 0.635107 0.132115 0.635107
1 0.091463 0.615958 0.119918 0.615958 0.119918 0.634042 0.091463 0.634042
1 0.091464 0.635106 0.128049 0.635106 0.128049 0.654255 0.091464 0.654255
1 0.142276 0.657447 0.180894 0.657447 0.180894 0.671277 0.142276 0.671277
1 0.686992 0.554256 0.719512 0.554256 0.719512 0.571276 0.686992 0.571276
1 0.634147 0.560639 0.666667 0.560639 0.666667 0.576596 0.634147 0.576596
1 0.668699 0.575531 0.701219 0.575531 0.701219 0.596808 0.668699 0.596808
1 0.697155 0.592553 0.729675 0.592553 0.729675 0.607447 0.697155 0.607447
1 0.707317 0.578724 0.725609 0.578724 0.725609 0.588298 0.707317 0.588298
1 0.595529 0.586171 0.628049 0.586171 0.628049 0.603191 0.595529 0.603191
1 0.392277 0.625531 0.428862 0.625531 0.428862 0.644680 0.392277 0.644680
1 0.473578 0.624468 0.518293 0.624468 0.518293 0.646808 0.473578 0.646808
1 0.443089 0.630852 0.473577 0.630852 0.473577 0.650001 0.443089 0.650001
1 0.416666 0.637235 0.445122 0.637235 0.445122 0.655319 0.416666 0.655319
1 0.410570 0.655320 0.447155 0.655320 0.447155 0.672341 0.410570 0.672341
1 0.361789 0.654255 0.398373 0.654255 0.398373 0.669149 0.361789 0.669149
1 0.514228 0.642553 0.552846 0.642553 0.552846 0.659574 0.514228 0.659574
1 0.191057 0.662766 0.223577 0.662766 0.223577 0.681915 0.191057 0.681915
1 0.270325 0.670212 0.306910 0.670212 0.306910 0.687233 0.270325 0.687233
1 0.353658 0.672340 0.384146 0.672340 0.384146 0.685106 0.353658 0.685106
1 0.363822 0.684042 0.400406 0.684042 0.400406 0.697872 0.363822 0.697872
1 0.278456 0.692553 0.306911 0.692553 0.306911 0.707447 0.278456 0.707447
1 0.170732 0.689361 0.207316 0.689361 0.207316 0.705318 0.170732 0.705318
1 0.107723 0.674469 0.152439 0.674469 0.152439 0.692553 0.107723 0.692553
1 0.126016 0.696809 0.156504 0.696809 0.156504 0.712766 0.126016 0.712766
1 0.079268 0.712766 0.115853 0.712766 0.115853 0.743617 0.079268 0.743617
1 0.063008 0.742553 0.095528 0.742553 0.095528 0.772340 0.063008 0.772340
1 0.073170 0.767021 0.107723 0.767021 0.107723 0.786170 0.073170 0.786170
1 0.052845 0.787234 0.081300 0.787234 0.081300 0.806384 0.052845 0.806384
1 0.256098 0.715957 0.288618 0.715957 0.288618 0.735106 0.256098 0.735106
1 0.189025 0.732978 0.225609 0.732978 0.225609 0.748935 0.189025 0.748935
1 0.148374 0.740426 0.186992 0.740426 0.186992 0.757447 0.148374 0.757447
1 0.189025 0.749999 0.215447 0.749999 0.215447 0.769149 0.189025 0.769149
1 0.162602 0.761702 0.197155 0.761702 0.197155 0.785106 0.162602 0.785106
1 0.207316 0.774469 0.241869 0.774469 0.241869 0.793618 0.207316 0.793618
1 0.294715 0.727659 0.325203 0.727659 0.325203 0.746808 0.294715 0.746808
1 0.355691 0.712766 0.390243 0.712766 0.390243 0.728723 0.355691 0.728723
1 0.302846 0.689361 0.335366 0.689361 0.335366 0.705318 0.302846 0.705318
1 0.416667 0.688298 0.451219 0.688298 0.451219 0.703192 0.416667 0.703192
1 0.445122 0.665957 0.475610 0.665957 0.475610 0.682978 0.445122 0.682978
1 0.463415 0.688299 0.489837 0.688299 0.489837 0.704256 0.463415 0.704256
1 0.489837 0.700001 0.520325 0.700001 0.520325 0.717021 0.489837 0.717021
1 0.500001 0.715958 0.528455 0.715958 0.528455 0.732978 0.500001 0.732978
1 0.241869 0.747873 0.276423 0.747873 0.276423 0.770213 0.241869 0.770213
1 0.203253 0.796808 0.239837 0.796808 0.239837 0.811702 0.203253 0.811702
1 0.310976 0.749999 0.347560 0.749999 0.347560 0.769149 0.310976 0.769149
1 0.406504 0.739362 0.439024 0.739362 0.439024 0.754256 0.406504 0.754256
1 0.402439 0.722341 0.434959 0.722341 0.434959 0.738298 0.402439 0.738298
1 0.333334 0.726596 0.359756 0.726596 0.359756 0.740426 0.333334 0.740426
1 0.298781 0.762765 0.327236 0.762765 0.327236 0.781915 0.298781 0.781915
1 0.337399 0.774467 0.371951 0.774467 0.371951 0.795744 0.337399 0.795744
1 0.306911 0.792554 0.331301 0.792554 0.331301 0.808511 0.306911 0.808511
1 0.284552 0.779787 0.313007 0.779787 0.313007 0.793617 0.284552 0.793617
1 0.343496 0.696809 0.363822 0.696809 0.363822 0.712766 0.343496 0.712766
1 0.424797 0.705319 0.461381 0.705319 0.461381 0.725533 0.424797 0.725533
1 0.441057 0.721276 0.473577 0.721276 0.473577 0.747872 0.441057 0.747872
1 0.060976 0.839362 0.099594 0.839362 0.099594 0.857447 0.060976 0.857447
1 0.048780 0.828723 0.079268 0.828723 0.079268 0.842553 0.048780 0.842553
1 0.016261 0.837234 0.044716 0.837234 0.044716 0.854255 0.016261 0.854255
1 0.156504 0.804256 0.184959 0.804256 0.184959 0.823405 0.156504 0.823405
1 0.146342 0.838299 0.182926 0.838299 0.182926 0.855320 0.146342 0.855320
1 0.268293 0.800001 0.302845 0.800001 0.302845 0.817021 0.268293 0.817021
1 0.243903 0.821276 0.276423 0.821276 0.276423 0.837233 0.243903 0.837233
1 0.528456 0.775531 0.556910 0.775531 0.556910 0.795744 0.528456 0.795744
1 0.331300 0.830851 0.359756 0.830851 0.359756 0.844681 0.331300 0.844681
1 0.296748 0.813830 0.331300 0.813830 0.331300 0.827660 0.296748 0.827660
1 0.189025 0.836170 0.221545 0.836170 0.221545 0.848936 0.189025 0.848936
1 0.184959 0.854255 0.215447 0.854255 0.215447 0.873405 0.184959 0.873405
1 0.357723 0.846808 0.400406 0.846808 0.400406 0.862765 0.357723 0.862765
1 0.317074 0.845745 0.351626 0.845745 0.351626 0.859575 0.317074 0.859575
1 0.306910 0.858511 0.335365 0.858511 0.335365 0.872341 0.306910 0.872341
1 0.343497 0.870213 0.380082 0.870213 0.380082 0.887234 0.343497 0.887234
1 0.481708 0.772340 0.508131 0.772340 0.508131 0.789361 0.481708 0.789361
1 0.447155 0.776595 0.479675 0.776595 0.479675 0.795745 0.447155 0.795745
1 0.469512 0.793617 0.506097 0.793617 0.506097 0.808511 0.469512 0.808511
1 0.426830 0.845744 0.453253 0.845744 0.453253 0.860638 0.426830 0.860638
1 0.597561 0.774469 0.630081 0.774469 0.630081 0.790426 0.597561 0.790426
1 0.577236 0.784042 0.609756 0.784042 0.609756 0.803192 0.577236 0.803192
1 0.508130 0.746809 0.546748 0.746809 0.546748 0.771277 0.508130 0.771277
1 0.556911 0.730851 0.585365 0.730851 0.585365 0.747872 0.556911 0.747872
1 0.597562 0.746809 0.626016 0.746809 0.626016 0.764894 0.597562 0.764894
1 0.563008 0.791489 0.593496 0.791489 0.593496 0.811702 0.563008 0.811702
1 0.548781 0.814893 0.585366 0.814893 0.585366 0.829787 0.548781 0.829787
1 0.497968 0.814894 0.530488 0.814894 0.530488 0.828724 0.497968 0.828724
1 0.103659 0.878723 0.132113 0.878723 0.132113 0.894680 0.103659 0.894680
1 0.081301 0.882979 0.103659 0.882979 0.103659 0.895745 0.081301 0.895745
1 0.089431 0.896809 0.117887 0.896809 0.117887 0.915958 0.089431 0.915958
1 0.044715 0.910639 0.079268 0.910639 0.079268 0.926596 0.044715 0.926596
1 0.058943 0.951063 0.105691 0.951063 0.105691 0.971276 0.058943 0.971276
1 0.115854 0.936170 0.142277 0.936170 0.142277 0.950000 0.115854 0.950000
1 0.136179 0.902127 0.168699 0.902127 0.168699 0.922341 0.136179 0.922341
1 0.184960 0.889362 0.217480 0.889362 0.217480 0.902128 0.184960 0.902128
1 0.233740 0.911702 0.264228 0.911702 0.264228 0.928723 0.233740 0.928723
1 0.335366 0.904256 0.373984 0.904256 0.373984 0.922341 0.335366 0.922341
1 0.376017 0.878724 0.412602 0.878724 0.412602 0.902128 0.376017 0.902128
1 0.239838 0.935106 0.272358 0.935106 0.272358 0.954256 0.239838 0.954256
1 0.199187 0.980851 0.237805 0.980851 0.237805 0.997872 0.199187 0.997872
1 0.217480 0.964893 0.243902 0.964893 0.243902 0.979787 0.217480 0.979787
1 0.270325 0.956382 0.308943 0.956382 0.308943 0.975531 0.270325 0.975531
1 0.315041 0.955319 0.341463 0.955319 0.341463 0.972340 0.315041 0.972340
1 0.353659 0.942553 0.386179 0.942553 0.386179 0.965957 0.353659 0.965957
1 0.107724 0.988298 0.156504 0.988298 0.156504 0.998936 0.107724 0.998936
1 0.353658 0.979788 0.388212 0.979788 0.388212 0.996808 0.353658 0.996808
1 0.394310 0.957447 0.430895 0.957447 0.430895 0.980851 0.394310 0.980851
1 0.424797 0.981916 0.465447 0.981916 0.465447 0.998937 0.424797 0.998937
1 0.453252 0.969149 0.483740 0.969149 0.483740 0.984043 0.453252 0.984043
1 0.443090 0.945744 0.479675 0.945744 0.479675 0.965958 0.443090 0.965958
1 0.410569 0.932979 0.449187 0.932979 0.449187 0.946809 0.410569 0.946809
1 0.406504 0.915957 0.436992 0.915957 0.436992 0.928723 0.406504 0.928723
1 0.424797 0.864893 0.455285 0.864893 0.455285 0.884043 0.424797 0.884043
1 0.457317 0.877660 0.489837 0.877660 0.489837 0.893617 0.457317 0.893617
1 0.483739 0.894681 0.526423 0.894681 0.526423 0.908511 0.483739 0.908511
1 0.502033 0.873405 0.534553 0.873405 0.534553 0.889362 0.502033 0.889362
1 0.461382 0.851063 0.491870 0.851063 0.491870 0.868084 0.461382 0.868084
1 0.520325 0.829787 0.552845 0.829787 0.552845 0.843617 0.520325 0.843617
1 0.532520 0.860638 0.563008 0.860638 0.563008 0.876595 0.532520 0.876595
1 0.493903 0.935106 0.526423 0.935106 0.526423 0.954256 0.493903 0.954256
1 0.548780 0.934042 0.587398 0.934042 0.587398 0.953192 0.548780 0.953192
1 0.615854 0.873405 0.646342 0.873405 0.646342 0.890425 0.615854 0.890425
1 0.597562 0.847873 0.626016 0.847873 0.626016 0.865957 0.597562 0.865957
1 0.504064 0.913830 0.530488 0.913830 0.530488 0.930851 0.504064 0.930851
1 0.585365 0.896809 0.605690 0.896809 0.605690 0.907447 0.585365 0.907447
1 0.504065 0.978724 0.544715 0.978724 0.544715 0.996808 0.504065 0.996808
1 0.544716 0.972340 0.573170 0.972340 0.573170 0.985106 0.544716 0.985106
1 0.565040 0.956384 0.591464 0.956384 0.591464 0.973405 0.565040 0.973405
1 0.510163 0.960639 0.542683 0.960639 0.542683 0.977660 0.510163 0.977660
1 0.652438 0.970213 0.686991 0.970213 0.686991 0.988297 0.652438 0.988297
1 0.646342 0.951063 0.678862 0.951063 0.678862 0.970213 0.646342 0.970213
1 0.654472 0.934042 0.686992 0.934042 0.686992 0.949999 0.654472 0.949999
1 0.609756 0.990425 0.644309 0.990425 0.644309 0.997872 0.609756 0.997872
1 0.699187 0.903192 0.735773 0.903192 0.735773 0.921276 0.699187 0.921276
1 0.756098 0.897873 0.794716 0.897873 0.794716 0.915957 0.756098 0.915957
1 0.725610 0.941490 0.760163 0.941490 0.760163 0.959574 0.725610 0.959574
1 0.764228 0.942553 0.794716 0.942553 0.794716 0.961703 0.764228 0.961703
1 0.792682 0.943616 0.827236 0.943616 0.827236 0.962766 0.792682 0.962766
1 0.693090 0.986170 0.725610 0.986170 0.725610 0.997872 0.693090 0.997872
1 0.770325 0.991490 0.798780 0.991490 0.798780 0.998937 0.770325 0.998937
1 0.835366 0.964893 0.859756 0.964893 0.859756 0.979787 0.835366 0.979787
1 0.853658 0.982979 0.884146 0.982979 0.884146 0.997873 0.853658 0.997873
1 0.861789 0.940425 0.902439 0.940425 0.902439 0.955319 0.861789 0.955319
1 0.975610 0.955319 0.997968 0.955319 0.997968 0.968085 0.975610 0.968085
1 0.941057 0.946808 0.963415 0.946808 0.963415 0.961702 0.941057 0.961702
1 0.863821 0.913829 0.902439 0.913829 0.902439 0.934042 0.863821 0.934042
1 0.829268 0.903192 0.867886 0.903192 0.867886 0.923405 0.829268 0.923405
1 0.882113 0.886170 0.916667 0.886170 0.916667 0.903191 0.882113 0.903191
1 0.969512 0.878723 0.989837 0.878723 0.989837 0.892553 0.969512 0.892553
1 0.725610 0.884042 0.754064 0.884042 0.754064 0.899999 0.725610 0.899999
1 0.695122 0.868086 0.725610 0.868086 0.725610 0.885107 0.695122 0.885107
1 0.739837 0.855320 0.774390 0.855320 0.774390 0.872340 0.739837 0.872340
1 0.695121 0.846808 0.729675 0.846808 0.729675 0.865958 0.695121 0.865958
1 0.703252 0.828724 0.741870 0.828724 0.741870 0.846808 0.703252 0.846808
1 0.756097 0.829788 0.778455 0.829788 0.778455 0.845745 0.756097 0.845745
1 0.735772 0.809574 0.774390 0.809574 0.774390 0.823404 0.735772 0.823404
1 0.784553 0.807447 0.813007 0.807447 0.813007 0.821277 0.784553 0.821277
1 0.607723 0.827659 0.644309 0.827659 0.644309 0.843616 0.607723 0.843616
1 0.621951 0.813830 0.658537 0.813830 0.658537 0.827660 0.621951 0.827660
1 0.640244 0.835106 0.664634 0.835106 0.664634 0.846808 0.640244 0.846808
1 0.652439 0.780851 0.691057 0.780851 0.691057 0.800001 0.652439 0.800001
1 0.668700 0.765958 0.703253 0.765958 0.703253 0.782979 0.668700 0.782979
1 0.640244 0.735106 0.670732 0.735106 0.670732 0.754256 0.640244 0.754256
1 0.664634 0.722341 0.691057 0.722341 0.691057 0.739362 0.664634 0.739362
1 0.617886 0.704256 0.648374 0.704256 0.648374 0.721276 0.617886 0.721276
1 0.591464 0.714893 0.619918 0.714893 0.619918 0.730850 0.591464 0.730850
1 0.550813 0.703191 0.583333 0.703191 0.583333 0.718085 0.550813 0.718085
1 0.575203 0.685107 0.605691 0.685107 0.605691 0.703191 0.575203 0.703191
1 0.737804 0.732979 0.772358 0.732979 0.772358 0.751063 0.737804 0.751063
1 0.825203 0.769150 0.859757 0.769150 0.859757 0.785107 0.825203 0.785107
1 0.819106 0.754255 0.851626 0.754255 0.851626 0.769149 0.819106 0.769149
1 0.884146 0.761702 0.914634 0.761702 0.914634 0.786170 0.884146 0.786170
1 0.735772 0.793617 0.782520 0.793617 0.782520 0.807447 0.735772 0.807447
1 0.939025 0.753191 0.963415 0.753191 0.963415 0.767021 0.939025 0.767021
1 0.951219 0.765958 0.971544 0.765958 0.971544 0.776596 0.951219 0.776596
1 0.965448 0.756383 1.000000 0.756383 1.000000 0.768085 0.965448 0.768085
1 0.945121 0.726595 0.979675 0.726595 0.979675 0.742552 0.945121 0.742552
1 0.760163 0.718085 0.790651 0.718085 0.790651 0.731915 0.760163 0.731915
1 0.735772 0.703191 0.778455 0.703191 0.778455 0.719148 0.735772 0.719148
1 0.544715 0.653192 0.583333 0.653192 0.583333 0.670212 0.544715 0.670212
1 0.882114 0.704255 0.906504 0.704255 0.906504 0.714893 0.882114 0.714893
1 0.817074 0.701064 0.853659 0.701064 0.853659 0.712766 0.817074 0.712766
1 0.798780 0.721276 0.821138 0.721276 0.821138 0.735106 0.798780 0.735106
1 0.756098 0.671277 0.788618 0.671277 0.788618 0.689361 0.756098 0.689361
1 0.831301 0.662766 0.863821 0.662766 0.863821 0.681915 0.831301 0.681915
1 0.880081 0.657447 0.912601 0.657447 0.912601 0.681915 0.880081 0.681915
1 0.707317 0.654255 0.743903 0.654255 0.743903 0.675532 0.707317 0.675532
1 0.644309 0.668085 0.682927 0.668085 0.682927 0.682979 0.644309 0.682979
1 0.670732 0.638298 0.703252 0.638298 0.703252 0.655319 0.670732 0.655319
1 0.727642 0.631915 0.766260 0.631915 0.766260 0.646809 0.727642 0.646809
1 0.686991 0.618086 0.721545 0.618086 0.721545 0.636170 0.686991 0.636170
1 0.581301 0.617021 0.613821 0.617021 0.613821 0.631915 0.581301 0.631915
1 0.613821 0.607447 0.650406 0.607447 0.650406 0.624467 0.613821 0.624467
1 0.758130 0.607447 0.792683 0.607447 0.792683 0.621277 0.758130 0.621277
1 0.607724 0.630851 0.654472 0.630851 0.654472 0.654255 0.607724 0.654255
1 0.837398 0.603191 0.863822 0.603191 0.863822 0.622341 0.837398 0.622341
1 0.735773 0.538299 0.776423 0.538299 0.776423 0.555319 0.735773 0.555319
1 0.878049 0.581915 0.912602 0.581915 0.912602 0.599999 0.878049 0.599999
1 0.890243 0.560638 0.916667 0.560638 0.916667 0.584042 0.890243 0.584042
1 0.890243 0.535107 0.924797 0.535107 0.924797 0.553191 0.890243 0.553191
1 0.810976 0.498936 0.835366 0.498936 0.835366 0.521276 0.810976 0.521276
1 0.737805 0.520213 0.768293 0.520213 0.768293 0.532979 0.737805 0.532979
1 0.961382 0.501063 0.995935 0.501063 0.995935 0.518084 0.961382 0.518084
1 0.943089 0.478723 0.973577 0.478723 0.973577 0.492553 0.943089 0.492553
1 0.865854 0.484042 0.886178 0.484042 0.886178 0.498936 0.865854 0.498936
1 0.930894 0.448935 0.963414 0.448935 0.963414 0.470212 0.930894 0.470212
1 0.920732 0.471277 0.945122 0.471277 0.945122 0.482979 0.920732 0.482979
1 0.890244 0.414893 0.920732 0.414893 0.920732 0.435107 0.890244 0.435107
1 0.926829 0.386170 0.973577 0.386170 0.973577 0.413830 0.926829 0.413830
1 0.853658 0.377659 0.888212 0.377659 0.888212 0.395744 0.853658 0.395744
1 0.796748 0.385107 0.833334 0.385107 0.833334 0.401064 0.796748 0.401064
1 0.754065 0.365958 0.790651 0.365958 0.790651 0.382978 0.754065 0.382978
1 0.152439 0.285106 0.176829 0.285106 0.176829 0.297872 0.152439 0.297872
1 0.487805 0.186170 0.504065 0.186170 0.504065 0.200000 0.487805 0.200000
1 0.800813 0.281915 0.831301 0.281915 0.831301 0.296809 0.800813 0.296809
1 0.796748 0.202127 0.821138 0.202127 0.821138 0.219148 0.796748 0.219148
2 0.152439 0.414894 0.211383 0.414894 0.211383 0.450000 0.152439 0.450000
