1 0.455764 0.293065 0.501340 0.293065 0.501340 0.348993 0.455764 0.348993
1 0.530831 0.004474 0.581769 0.004474 0.581769 0.062640 0.530831 0.062640
1 0.525470 0.123042 0.573727 0.123042 0.573727 0.165548 0.525470 0.165548
1 0.576407 0.098434 0.624664 0.098434 0.624664 0.145414 0.576407 0.145414
1 0.608579 0.017897 0.659517 0.017897 0.659517 0.073825 0.608579 0.073825
1 0.584451 0.219239 0.635389 0.219239 0.635389 0.261745 0.584451 0.261745
1 0.772118 0.013422 0.825738 0.013422 0.825738 0.067113 0.772118 0.067113
1 0.664880 0.033557 0.723861 0.033557 0.723861 0.080537 0.664880 0.080537
1 0.686327 0.087248 0.739947 0.087248 0.739947 0.129754 0.686327 0.129754
1 0.686327 0.131991 0.726541 0.131991 0.726541 0.174497 0.686327 0.174497
1 0.702413 0.382550 0.764075 0.382550 0.764075 0.434004 0.702413 0.434004
1 0.546917 0.337808 0.603217 0.337808 0.603217 0.387024 0.546917 0.387024
1 0.670242 0.259508 0.710456 0.259508 0.710456 0.310962 0.670242 0.310962
1 0.718499 0.214765 0.764075 0.214765 0.764075 0.257271 0.718499 0.257271
1 0.731904 0.263982 0.777480 0.263982 0.777480 0.310962 0.731904 0.310962
1 0.753352 0.527964 0.796246 0.527964 0.796246 0.586130 0.753352 0.586130
1 0.656837 0.570469 0.702413 0.570469 0.702413 0.615212 0.656837 0.615212
1 0.892761 0.539150 0.941018 0.539150 0.941018 0.590604 0.892761 0.590604
1 0.860590 0.451901 0.914209 0.451901 0.914209 0.498881 0.860590 0.498881
1 0.785523 0.427293 0.833780 0.427293 0.833780 0.487696 0.785523 0.487696
1 0.922253 0.263982 0.965147 0.263982 0.965147 0.317673 0.922253 0.317673
1 0.898124 0.364654 0.967828 0.364654 0.967828 0.425057 0.898124 0.425057
1 0.935657 0.038032 0.991957 0.038032 0.991957 0.091723 0.935657 0.091723
1 0.817694 0.646532 0.871314 0.646532 0.871314 0.693512 0.817694 0.693512
1 0.924933 0.758389 0.978553 0.758389 0.978553 0.794183 0.924933 0.794183
1 0.898123 0.704697 0.935657 0.704697 0.935657 0.749440 0.898123 0.749440
1 0.844504 0.689038 0.884718 0.689038 0.884718 0.736018 0.844504 0.736018
1 0.380697 0.167786 0.420911 0.167786 0.420911 0.217003 0.380697 0.217003
1 0.455764 0.000000 0.501340 0.000000 0.501340 0.055928 0.455764 0.055928
1 0.310992 0.002237 0.361930 0.002237 0.361930 0.038031 0.310992 0.038031
1 0.600537 0.561522 0.648794 0.561522 0.648794 0.595079 0.600537 0.595079
1 0.595175 0.604027 0.670242 0.604027 0.670242 0.644295 0.595175 0.644295
1 0.517426 0.250560 0.573726 0.250560 0.573726 0.299777 0.517426 0.299777
1 0.576407 0.163311 0.611260 0.163311 0.611260 0.194631 0.576407 0.194631
1 0.428955 0.093960 0.471850 0.093960 0.471850 0.140940 0.428955 0.140940
1 0.522788 0.069351 0.571045 0.069351 0.571045 0.114095 0.522788 0.114095
1 0.388740 0.008949 0.426274 0.008949 0.426274 0.049217 0.388740 0.049217
1 0.005362 0.973154 0.048258 0.973154 0.048258 1.000000 0.005362 1.000000
1 0.546917 0.541387 0.600537 0.541387 0.600537 0.572707 0.546917 0.572707
1 0.544235 0.519015 0.579089 0.519015 0.579089 0.545861 0.544235 0.545861
1 0.415550 0.170023 0.455764 0.170023 0.455764 0.230426 0.415550 0.230426
1 0.560322 0.181208 0.589812 0.181208 0.589812 0.217002 0.560322 0.217002
1 0.908847 0.091723 0.975871 0.091723 0.975871 0.147651 0.908847 0.147651
1 0.619304 0.165548 0.667561 0.165548 0.667561 0.225950 0.619304 0.225950
2 0.067025 0.008948 0.147454 0.008948 0.147454 0.067114 0.067025 0.067114
2 0.112601 0.118569 0.174263 0.118569 0.174263 0.178972 0.112601 0.178972
2 0.174263 0.138703 0.241287 0.138703 0.241287 0.192393 0.174263 0.192393
2 0.104558 0.277405 0.182306 0.277405 0.182306 0.348993 0.104558 0.348993
2 0.016085 0.255034 0.101877 0.255034 0.101877 0.322148 0.016085 0.322148
2 0.042895 0.328859 0.115281 0.328859 0.115281 0.391499 0.042895 0.391499
2 0.083110 0.395973 0.171582 0.395973 0.171582 0.472035 0.083110 0.472035
2 0.273458 0.494407 0.327077 0.494407 0.327077 0.563758 0.273458 0.563758
2 0.262735 0.612976 0.329759 0.612976 0.329759 0.673378 0.262735 0.673378
2 0.201072 0.586129 0.262734 0.586129 0.262734 0.635347 0.201072 0.635347
2 0.246649 0.758390 0.319035 0.758390 0.319035 0.834453 0.246649 0.834453
2 0.364611 0.718120 0.455765 0.718120 0.455765 0.798658 0.364611 0.798658
2 0.512065 0.892618 0.581769 0.892618 0.581769 0.979866 0.512065 0.979866
2 0.608579 0.807607 0.691689 0.807607 0.691689 0.872484 0.608579 0.872484
