1 0.084280 0.155363 0.099432 0.155363 0.099432 0.177559 0.084280 0.177559
1 0.127842 0.030825 0.144887 0.030825 0.144887 0.048088 0.127842 0.048088
1 0.084280 0.007398 0.099432 0.007398 0.099432 0.023428 0.084280 0.023428
3 0.376893 0.651049 0.438446 0.651049 0.438446 0.716399 0.376893 0.716399
3 0.306818 0.711467 0.350378 0.711467 0.350378 0.766954 0.306818 0.766954
3 0.017993 0.287300 0.053978 0.287300 0.053978 0.339088 0.017993 0.339088
3 0.345643 0.530210 0.375946 0.530210 0.375946 0.567200 0.345643 0.567200
3 0.408143 0.027127 0.446022 0.027127 0.446022 0.097411 0.408143 0.097411
3 0.333334 0.198520 0.385416 0.198520 0.385416 0.266338 0.333334 0.266338
3 0.779355 0.934649 0.817234 0.934649 0.817234 1.000000 0.779355 1.000000
3 0.068182 0.496918 0.119318 0.496918 0.119318 0.552405 0.068182 0.552405
3 0.399620 0.150431 0.445076 0.150431 0.445076 0.229347 0.399620 0.229347
3 0.364583 0.141800 0.401515 0.141800 0.401515 0.182490 0.364583 0.182490
3 0.366478 0.739827 0.413826 0.739827 0.413826 0.780519 0.366478 0.780519
3 0.388257 0.718865 0.429924 0.718865 0.429924 0.762023 0.388257 0.762023
