1 0.642293 0.564644 0.671937 0.564644 0.671937 0.617414 0.642293 0.617414
3 0.102767 0.411610 0.199605 0.411610 0.199605 0.604222 0.102767 0.604222
3 0.073122 0.131926 0.195652 0.131926 0.195652 0.284960 0.073122 0.284960
3 0.254941 0.401056 0.541501 0.401056 0.541501 0.691293 0.254941 0.691293
3 0.280632 0.730871 0.383400 0.730871 0.383400 0.860159 0.280632 0.860159
3 0.581028 0.211081 0.701580 0.211081 0.701580 0.358839 0.581028 0.358839
3 0.666008 0.044855 0.760870 0.044855 0.760870 0.224275 0.666008 0.224275
3 0.626483 0.221636 0.772728 0.221636 0.772728 0.511873 0.626483 0.511873
3 0.693677 0.506596 0.828064 0.506596 0.828064 0.598944 0.693677 0.598944
3 0.278656 0.311346 0.472332 0.311346 0.472332 0.453826 0.278656 0.453826
3 0.853755 0.635885 0.962451 0.635885 0.962451 0.722955 0.853755 0.722955
3 0.122529 0.585752 0.197628 0.585752 0.197628 0.728232 0.122529 0.728232
3 0.215415 0.699208 0.284585 0.699208 0.284585 0.860158 0.215415 0.860158
3 0.535573 0.490764 0.628459 0.490764 0.628459 0.625329 0.535573 0.625329
3 0.492095 0.306069 0.622530 0.306069 0.622530 0.459103 0.492095 0.459103
