2 0.138182 0.562771 0.240000 0.562771 0.240000 0.701299 0.138182 0.701299
2 0.065454 0.640692 0.156363 0.640692 0.156363 0.783550 0.065454 0.783550
2 0.298182 0.580086 0.403637 0.580086 0.403637 0.705628 0.298182 0.705628
2 0.352727 0.484849 0.461819 0.484849 0.461819 0.597403 0.352727 0.597403
2 0.552728 0.783550 0.640000 0.783550 0.640000 0.904762 0.552728 0.904762
2 0.232728 0.393939 0.341819 0.393939 0.341819 0.528138 0.232728 0.528138
2 0.327273 0.307359 0.432727 0.307359 0.432727 0.411255 0.327273 0.411255
2 0.396364 0.129870 0.501819 0.129870 0.501819 0.251082 0.396364 0.251082
2 0.512728 0.021645 0.618183 0.021645 0.618183 0.168831 0.512728 0.168831
2 0.541818 0.160173 0.640000 0.160173 0.640000 0.272727 0.541818 0.272727
2 0.734545 0.047619 0.832727 0.047619 0.832727 0.177489 0.734545 0.177489
2 0.501819 0.350650 0.589091 0.350650 0.589091 0.476191 0.501819 0.476191
2 0.600000 0.337662 0.727272 0.337662 0.727272 0.467532 0.600000 0.467532
2 0.629090 0.251082 0.738182 0.251082 0.738182 0.354978 0.629090 0.354978
2 0.454545 0.857142 0.567272 0.857142 0.567272 0.982684 0.454545 0.982684
2 0.756363 0.523810 0.861819 0.523810 0.861819 0.653680 0.756363 0.653680
2 0.832727 0.606061 0.970909 0.606061 0.970909 0.740259 0.832727 0.740259
2 0.785454 0.424242 0.938182 0.424242 0.938182 0.567099 0.785454 0.567099
2 0.930909 0.445888 1.000000 0.445888 1.000000 0.562771 0.930909 0.562771
