0 0.201735 0.162058 0.217341 0.162058 0.217341 0.195084 0.201735 0.195084
0 0.241040 0.076805 0.261271 0.076805 0.261271 0.095239 0.241040 0.095239
0 0.527745 0.088326 0.546820 0.088326 0.546820 0.111367 0.527745 0.111367
0 0.498843 0.115207 0.516185 0.115207 0.516185 0.136712 0.498843 0.136712
0 0.478034 0.005376 0.493642 0.005376 0.493642 0.034562 0.478034 0.034562
0 0.675145 0.001536 0.693642 0.001536 0.693642 0.024577 0.675145 0.024577
0 0.657225 0.003072 0.683815 0.003072 0.683815 0.041474 0.657225 0.041474
0 0.573989 0.014593 0.584971 0.014593 0.584971 0.039939 0.573989 0.039939
0 0.727167 0.199693 0.753757 0.199693 0.753757 0.225039 0.727167 0.225039
0 0.931214 0.189708 0.950866 0.189708 0.950866 0.218126 0.931214 0.218126
0 0.707514 0.293396 0.724855 0.293396 0.724855 0.316437 0.707514 0.316437
0 0.972832 0.485407 0.988439 0.485407 0.988439 0.506912 0.972832 0.506912
0 0.665895 0.788018 0.680346 0.788018 0.680346 0.813364 0.665895 0.813364
0 0.278613 0.679724 0.291907 0.679724 0.291907 0.698925 0.278613 0.698925
0 0.254914 0.763441 0.276879 0.763441 0.276879 0.794931 0.254914 0.794931
0 0.321388 0.841782 0.340463 0.841782 0.340463 0.860214 0.321388 0.860214
0 0.377456 0.819508 0.391329 0.819508 0.391329 0.841781 0.377456 0.841781
0 0.375144 0.924731 0.395375 0.924731 0.395375 0.964669 0.375144 0.964669
0 0.589595 0.393241 0.607514 0.393241 0.607514 0.430107 0.589595 0.430107
0 0.615607 0.387097 0.627745 0.387097 0.627745 0.426267 0.615607 0.426267
1 0.179191 0.309523 0.190751 0.309523 0.190751 0.326421 0.179191 0.326421
1 0.171099 0.298004 0.182660 0.298004 0.182660 0.314132 0.171099 0.314132
1 0.154914 0.298771 0.167630 0.298771 0.167630 0.316437 0.154914 0.316437
1 0.140463 0.271890 0.152024 0.271890 0.152024 0.287250 0.140463 0.287250
1 0.128902 0.255761 0.141618 0.255761 0.141618 0.270353 0.128902 0.270353
1 0.048555 0.363287 0.060693 0.363287 0.060693 0.380185 0.048555 0.380185
1 0.115028 0.347158 0.127745 0.347158 0.127745 0.368663 0.115028 0.368663
1 0.173989 0.371735 0.185550 0.371735 0.185550 0.390169 0.173989 0.390169
1 0.145665 0.381721 0.157225 0.381721 0.157225 0.402458 0.145665 0.402458
1 0.157226 0.372504 0.171677 0.372504 0.171677 0.388632 0.157226 0.388632
1 0.173410 0.405529 0.184394 0.405529 0.184394 0.417818 0.173410 0.417818
1 0.172254 0.432412 0.183237 0.432412 0.183237 0.450077 0.172254 0.450077
1 0.156647 0.431643 0.169942 0.431643 0.169942 0.450076 0.156647 0.450076
1 0.121388 0.437020 0.134683 0.437020 0.134683 0.453148 0.121388 0.453148
1 0.107514 0.449308 0.120232 0.449308 0.120232 0.463901 0.107514 0.463901
1 0.095953 0.482334 0.108671 0.482334 0.108671 0.500768 0.095953 0.500768
1 0.028902 0.470815 0.038151 0.470815 0.038151 0.491552 0.028902 0.491552
1 0.024856 0.407066 0.040462 0.407066 0.040462 0.427804 0.024856 0.427804
1 0.135261 0.470815 0.150290 0.470815 0.150290 0.492320 0.135261 0.492320
1 0.121966 0.460830 0.133526 0.460830 0.133526 0.475422 0.121966 0.475422
1 0.161850 0.463901 0.173410 0.463901 0.173410 0.480799 0.161850 0.480799
1 0.231792 0.427804 0.244508 0.427804 0.244508 0.450844 0.231792 0.450844
1 0.236417 0.450076 0.248556 0.450076 0.248556 0.470046 0.236417 0.470046
1 0.208093 0.445468 0.220809 0.445468 0.220809 0.470814 0.208093 0.470814
1 0.097110 0.411674 0.108670 0.411674 0.108670 0.425499 0.097110 0.425499
1 0.157804 0.333334 0.166474 0.333334 0.166474 0.344855 0.157804 0.344855
1 0.317918 0.355607 0.328323 0.355607 0.328323 0.371735 0.317918 0.371735
1 0.294220 0.369431 0.300000 0.369431 0.300000 0.379416 0.294220 0.379416
1 0.352023 0.347158 0.364162 0.347158 0.364162 0.368663 0.352023 0.368663
1 0.375144 0.331030 0.386706 0.331030 0.386706 0.347158 0.375144 0.347158
1 0.396532 0.311828 0.407515 0.311828 0.407515 0.326421 0.396532 0.326421
1 0.384392 0.341013 0.396531 0.341013 0.396531 0.360214 0.384392 0.360214
1 0.393642 0.364056 0.404624 0.364056 0.404624 0.380184 0.393642 0.380184
1 0.395953 0.383256 0.407515 0.383256 0.407515 0.397849 0.395953 0.397849
1 0.387284 0.402458 0.401157 0.402458 0.401157 0.423195 0.387284 0.423195
1 0.356069 0.323349 0.367631 0.323349 0.367631 0.337174 0.356069 0.337174
1 0.372833 0.304148 0.385549 0.304148 0.385549 0.319508 0.372833 0.319508
1 0.362428 0.291090 0.373410 0.291090 0.373410 0.307988 0.362428 0.307988
1 0.371098 0.268817 0.383238 0.268817 0.383238 0.291858 0.371098 0.291858
1 0.332947 0.261136 0.344508 0.261136 0.344508 0.279570 0.332947 0.279570
1 0.345665 0.276498 0.353757 0.276498 0.353757 0.289554 0.345665 0.289554
1 0.354914 0.274962 0.362428 0.274962 0.362428 0.286483 0.354914 0.286483
1 0.224855 0.329493 0.238150 0.329493 0.238150 0.342550 0.224855 0.342550
1 0.222543 0.345622 0.233526 0.345622 0.233526 0.358679 0.222543 0.358679
1 0.334103 0.393242 0.343931 0.393242 0.343931 0.408602 0.334103 0.408602
1 0.311561 0.430876 0.320232 0.430876 0.320232 0.443933 0.311561 0.443933
1 0.096531 0.188172 0.108671 0.188172 0.108671 0.203534 0.096531 0.203534
1 0.089596 0.205838 0.103469 0.205838 0.103469 0.221967 0.089596 0.221967
1 0.127746 0.195084 0.136416 0.195084 0.136416 0.216589 0.127746 0.216589
1 0.112139 0.177419 0.123699 0.177419 0.123699 0.196621 0.112139 0.196621
1 0.165318 0.234255 0.173988 0.234255 0.173988 0.245008 0.165318 0.245008
1 0.186705 0.226575 0.194797 0.226575 0.194797 0.238096 0.186705 0.238096
1 0.231791 0.254993 0.241040 0.254993 0.241040 0.267282 0.231791 0.267282
1 0.343931 0.332566 0.350289 0.332566 0.350289 0.347158 0.343931 0.347158
1 0.036416 0.275730 0.046821 0.275730 0.046821 0.290322 0.036416 0.290322
1 0.160115 0.395545 0.172255 0.395545 0.172255 0.415515 0.160115 0.415515
1 0.043353 0.198156 0.054335 0.198156 0.054335 0.213517 0.043353 0.213517
1 0.033525 0.245776 0.045087 0.245776 0.045087 0.261904 0.033525 0.261904
1 0.079190 0.228111 0.089017 0.228111 0.089017 0.241935 0.079190 0.241935
1 0.097688 0.225807 0.105780 0.225807 0.105780 0.239631 0.097688 0.239631
1 0.053757 0.145930 0.068209 0.145930 0.068209 0.168970 0.053757 0.168970
1 0.076300 0.072196 0.091908 0.072196 0.091908 0.090630 0.076300 0.090630
1 0.108670 0.047620 0.120810 0.047620 0.120810 0.066821 0.108670 0.066821
1 0.134103 0.089861 0.147398 0.089861 0.147398 0.109062 0.134103 0.109062
1 0.097110 0.098311 0.106359 0.098311 0.106359 0.108296 0.097110 0.108296
1 0.089017 0.023810 0.100000 0.023810 0.100000 0.062980 0.089017 0.062980
1 0.312138 0.046852 0.322543 0.046852 0.322543 0.066053 0.312138 0.066053
1 0.334682 0.003073 0.346821 0.003073 0.346821 0.023809 0.334682 0.023809
1 0.367629 0.241167 0.379191 0.241167 0.379191 0.255761 0.367629 0.255761
1 0.446242 0.201229 0.458381 0.201229 0.458381 0.214285 0.446242 0.214285
1 0.557804 0.063748 0.571099 0.063748 0.571099 0.082182 0.557804 0.082182
1 0.523122 0.115975 0.534682 0.115975 0.534682 0.134408 0.523122 0.134408
1 0.508092 0.057603 0.521965 0.057603 0.521965 0.075268 0.508092 0.075268
1 0.316763 0.070661 0.329479 0.070661 0.329479 0.087557 0.316763 0.087557
1 0.430636 0.112135 0.439306 0.112135 0.439306 0.126728 0.430636 0.126728
1 0.513294 0.080646 0.526012 0.080646 0.526012 0.097543 0.513294 0.097543
1 0.492485 0.089093 0.509248 0.089093 0.509248 0.109063 0.492485 0.109063
1 0.364161 0.023041 0.381503 0.023041 0.381503 0.046851 0.364161 0.046851
1 0.739307 0.011521 0.751445 0.011521 0.751445 0.027650 0.739307 0.027650
1 0.720809 0.024577 0.734105 0.024577 0.734105 0.040706 0.720809 0.040706
1 0.748555 0.031491 0.765896 0.031491 0.765896 0.052996 0.748555 0.052996
1 0.717341 0.085253 0.734683 0.085253 0.734683 0.103687 0.717341 0.103687
1 0.713294 0.059908 0.723121 0.059908 0.723121 0.076037 0.713294 0.076037
1 0.781502 0.087557 0.794220 0.087557 0.794220 0.101383 0.781502 0.101383
1 0.769363 0.069125 0.780346 0.069125 0.780346 0.086022 0.769363 0.086022
1 0.782080 0.044547 0.794798 0.044547 0.794798 0.062212 0.782080 0.062212
1 0.819654 0.049155 0.834105 0.049155 0.834105 0.062980 0.819654 0.062980
1 0.806937 0.080646 0.817342 0.080646 0.817342 0.093702 0.806937 0.093702
1 0.793641 0.064517 0.802313 0.064517 0.802313 0.076805 0.793641 0.076805
1 0.816184 0.102918 0.826589 0.102918 0.826589 0.122119 0.816184 0.122119
1 0.754335 0.107526 0.768208 0.107526 0.768208 0.123656 0.754335 0.123656
1 0.787284 0.121352 0.798844 0.121352 0.798844 0.135945 0.787284 0.135945
1 0.806359 0.135944 0.817920 0.135944 0.817920 0.150538 0.806359 0.150538
1 0.751445 0.154378 0.767052 0.154378 0.767052 0.169739 0.751445 0.169739
1 0.772254 0.197388 0.784972 0.197388 0.784972 0.211982 0.772254 0.211982
1 0.791329 0.197388 0.804046 0.197388 0.804046 0.214285 0.791329 0.214285
1 0.578035 0.241935 0.589017 0.241935 0.589017 0.257296 0.578035 0.257296
1 0.598266 0.210446 0.610404 0.210446 0.610404 0.232718 0.598266 0.232718
1 0.608671 0.221966 0.619653 0.221966 0.619653 0.236560 0.608671 0.236560
1 0.671099 0.259601 0.683237 0.259601 0.683237 0.274193 0.671099 0.274193
1 0.699422 0.269586 0.710982 0.269586 0.710982 0.284179 0.699422 0.284179
1 0.728901 0.270353 0.742775 0.270353 0.742775 0.288019 0.728901 0.288019
1 0.750866 0.297235 0.760694 0.297235 0.760694 0.311827 0.750866 0.311827
1 0.778613 0.253457 0.790751 0.253457 0.790751 0.269585 0.778613 0.269585
1 0.798266 0.275729 0.810404 0.275729 0.810404 0.294162 0.798266 0.294162
1 0.792485 0.291859 0.802312 0.291859 0.802312 0.306451 0.792485 0.306451
1 0.809827 0.305684 0.821965 0.305684 0.821965 0.321813 0.809827 0.321813
1 0.944508 0.226575 0.957804 0.226575 0.957804 0.243472 0.944508 0.243472
1 0.922544 0.177420 0.934105 0.177420 0.934105 0.193549 0.922544 0.193549
1 0.788440 0.321813 0.803469 0.321813 0.803469 0.340246 0.788440 0.340246
1 0.816184 0.282642 0.829480 0.282642 0.829480 0.300308 0.816184 0.300308
1 0.824856 0.259600 0.832948 0.259600 0.832948 0.286482 0.824856 0.286482
1 0.861850 0.296467 0.873410 0.296467 0.873410 0.311059 0.861850 0.311059
1 0.654914 0.304147 0.667052 0.304147 0.667052 0.321813 0.654914 0.321813
1 0.634682 0.354071 0.646820 0.354071 0.646820 0.369431 0.634682 0.369431
1 0.613873 0.307988 0.624278 0.307988 0.624278 0.324116 0.613873 0.324116
1 0.671098 0.313365 0.680925 0.313365 0.680925 0.328726 0.671098 0.328726
1 0.651444 0.326421 0.661272 0.326421 0.661272 0.341781 0.651444 0.341781
1 0.838729 0.246543 0.846243 0.246543 0.846243 0.255761 0.838729 0.255761
1 0.973410 0.294164 0.987283 0.294164 0.987283 0.315669 0.973410 0.315669
1 0.949711 0.309524 0.958960 0.309524 0.958960 0.321045 0.949711 0.321045
1 0.958959 0.327958 0.971677 0.327958 0.971677 0.344086 0.958959 0.344086
1 0.961272 0.344854 0.975723 0.344854 0.975723 0.361752 0.961272 0.361752
1 0.939307 0.322580 0.955491 0.322580 0.955491 0.341782 0.939307 0.341782
1 0.939307 0.294930 0.951445 0.294930 0.951445 0.313364 0.939307 0.313364
1 0.905202 0.289554 0.921965 0.289554 0.921965 0.307988 0.905202 0.307988
1 0.895954 0.320277 0.908092 0.320277 0.908092 0.332566 0.895954 0.332566
1 0.969364 0.362519 0.982660 0.362519 0.982660 0.379417 0.969364 0.379417
1 0.982659 0.331797 0.998843 0.331797 0.998843 0.350231 0.982659 0.350231
1 0.924278 0.377112 0.935839 0.377112 0.935839 0.394010 0.924278 0.394010
1 0.915029 0.397081 0.930057 0.397081 0.930057 0.416282 0.915029 0.416282
1 0.864162 0.362519 0.877457 0.362519 0.877457 0.376344 0.864162 0.376344
1 0.828323 0.379417 0.843930 0.379417 0.843930 0.395545 0.828323 0.395545
1 0.840463 0.327189 0.856647 0.327189 0.856647 0.343317 0.840463 0.343317
1 0.841618 0.430108 0.855491 0.430108 0.855491 0.452381 0.841618 0.452381
1 0.843930 0.516130 0.857225 0.516130 0.857225 0.535331 0.843930 0.535331
1 0.868786 0.538403 0.881503 0.538403 0.881503 0.553763 0.868786 0.553763
1 0.784971 0.519201 0.797109 0.519201 0.797109 0.539938 0.784971 0.539938
1 0.794220 0.552227 0.805781 0.552227 0.805781 0.565285 0.794220 0.565285
1 0.797687 0.570661 0.809248 0.570661 0.809248 0.592934 0.797687 0.592934
1 0.849133 0.549924 0.860116 0.549924 0.860116 0.569125 0.849133 0.569125
1 0.858959 0.552996 0.868209 0.552996 0.868209 0.564516 0.858959 0.564516
1 0.967629 0.556835 0.980347 0.556835 0.980347 0.571429 0.967629 0.571429
1 0.978612 0.599846 0.994219 0.599846 0.994219 0.622888 0.978612 0.622888
1 0.993064 0.561443 0.999422 0.561443 0.999422 0.575268 0.993064 0.575268
1 0.986706 0.749616 0.998266 0.749616 0.998266 0.772657 0.986706 0.772657
1 0.943353 0.678956 0.951445 0.678956 0.951445 0.695852 0.943353 0.695852
1 0.923700 0.756529 0.936995 0.756529 0.936995 0.776497 0.923700 0.776497
1 0.964739 0.808756 0.979190 0.808756 0.979190 0.825653 0.964739 0.825653
1 0.958960 0.826421 0.970521 0.826421 0.970521 0.841781 0.958960 0.841781
1 0.959538 0.890937 0.973989 0.890937 0.973989 0.908602 0.959538 0.908602
1 0.989017 0.835638 0.999422 0.835638 0.999422 0.854070 0.989017 0.854070
1 0.977456 0.838709 0.990174 0.838709 0.990174 0.862519 0.977456 0.862519
1 0.985549 0.859448 0.995954 0.859448 0.995954 0.879416 0.985549 0.879416
1 0.984393 0.907065 0.996531 0.907065 0.996531 0.920123 0.984393 0.920123
1 0.960116 0.859447 0.971676 0.859447 0.971676 0.880953 0.960116 0.880953
1 0.936415 0.898618 0.945087 0.898618 0.945087 0.913979 0.936415 0.913979
1 0.949133 0.922427 0.964739 0.922427 0.964739 0.946237 0.949133 0.946237
1 0.925433 0.854070 0.946242 0.854070 0.946242 0.873271 0.925433 0.873271
1 0.928901 0.831029 0.942196 0.831029 0.942196 0.846390 0.928901 0.846390
1 0.943931 0.831797 0.952602 0.831797 0.952602 0.849463 0.943931 0.849463
1 0.945665 0.849463 0.956070 0.849463 0.956070 0.864056 0.945665 0.864056
1 0.916184 0.871735 0.926011 0.871735 0.926011 0.884024 0.916184 0.884024
1 0.919075 0.886328 0.931793 0.886328 0.931793 0.903994 0.919075 0.903994
1 0.905203 0.908602 0.918498 0.908602 0.918498 0.923196 0.905203 0.923196
1 0.924855 0.930107 0.934105 0.930107 0.934105 0.945468 0.924855 0.945468
1 0.909826 0.930107 0.922544 0.930107 0.922544 0.947004 0.909826 0.947004
1 0.917918 0.947773 0.931214 0.947773 0.931214 0.959293 0.917918 0.959293
1 0.938729 0.954685 0.954336 0.954685 0.954336 0.970815 0.938729 0.970815
1 0.927167 0.961597 0.935839 0.961597 0.935839 0.977727 0.927167 0.977727
1 0.918496 0.972351 0.927746 0.972351 0.927746 0.982335 0.918496 0.982335
1 0.928902 0.981567 0.939307 0.981567 0.939307 0.996160 0.928902 0.996160
1 0.891908 0.969278 0.904046 0.969278 0.904046 0.983872 0.891908 0.983872
1 0.890174 0.952380 0.901157 0.952380 0.901157 0.966205 0.890174 0.966205
1 0.878035 0.940092 0.890173 0.940092 0.890173 0.955453 0.878035 0.955453
1 0.873410 0.960062 0.888439 0.960062 0.888439 0.979263 0.873410 0.979263
1 0.847977 0.982334 0.857804 0.982334 0.857804 0.995392 0.847977 0.995392
1 0.861850 0.915515 0.873410 0.915515 0.873410 0.933947 0.861850 0.933947
1 0.871098 0.899385 0.879770 0.899385 0.879770 0.913979 0.871098 0.913979
1 0.840463 0.882489 0.852601 0.882489 0.852601 0.900921 0.840463 0.900921
1 0.878035 0.875576 0.890173 0.875576 0.890173 0.897849 0.878035 0.897849
1 0.836995 0.938556 0.849133 0.938556 0.849133 0.968510 0.836995 0.968510
1 0.817341 0.913979 0.828901 0.913979 0.828901 0.929339 0.817341 0.929339
1 0.819076 0.878648 0.839306 0.878648 0.839306 0.900154 0.819076 0.900154
1 0.808670 0.920122 0.821388 0.920122 0.821388 0.959294 0.808670 0.959294
1 0.797110 0.948541 0.809248 0.948541 0.809248 0.966973 0.797110 0.966973
1 0.783814 0.966974 0.798265 0.966974 0.798265 0.982334 0.783814 0.982334
1 0.793063 0.929339 0.806358 0.929339 0.806358 0.943164 0.793063 0.943164
1 0.794797 0.910906 0.808092 0.910906 0.808092 0.925500 0.794797 0.925500
1 0.776879 0.900153 0.790752 0.900153 0.790752 0.924731 0.776879 0.924731
1 0.804046 0.882489 0.813874 0.882489 0.813874 0.899385 0.804046 0.899385
1 0.765896 0.930875 0.778034 0.930875 0.778034 0.945469 0.765896 0.945469
1 0.776878 0.925500 0.785550 0.925500 0.785550 0.937020 0.776878 0.937020
1 0.761849 0.906299 0.772254 0.906299 0.772254 0.923195 0.761849 0.923195
1 0.741040 0.921659 0.759537 0.921659 0.759537 0.943165 0.741040 0.943165
1 0.751444 0.937789 0.764740 0.937789 0.764740 0.956221 0.751444 0.956221
1 0.735260 0.947005 0.747398 0.947005 0.747398 0.966206 0.735260 0.966206
1 0.715606 0.946236 0.728901 0.946236 0.728901 0.963901 0.715606 0.963901
1 0.720809 0.963901 0.735260 0.963901 0.735260 0.983102 0.720809 0.983102
1 0.696532 0.977726 0.708093 0.977726 0.708093 0.995391 0.696532 0.995391
1 0.674566 0.986944 0.683816 0.986944 0.683816 0.998464 0.674566 0.998464
1 0.682658 0.982334 0.695376 0.982334 0.695376 0.999231 0.682658 0.999231
1 0.654913 0.950844 0.667631 0.950844 0.667631 0.967741 0.654913 0.967741
1 0.702311 0.911675 0.713294 0.911675 0.713294 0.925500 0.702311 0.925500
1 0.738151 0.871735 0.749134 0.871735 0.749134 0.888632 0.738151 0.888632
1 0.745665 0.856375 0.757803 0.856375 0.757803 0.873271 0.745665 0.873271
1 0.765318 0.821812 0.781502 0.821812 0.781502 0.836406 0.765318 0.836406
1 0.709827 0.849463 0.721387 0.849463 0.721387 0.867128 0.709827 0.867128
1 0.719076 0.840245 0.735260 0.840245 0.735260 0.857911 0.719076 0.857911
1 0.736417 0.832566 0.747399 0.832566 0.747399 0.849463 0.736417 0.849463
1 0.727167 0.811828 0.740463 0.811828 0.740463 0.829493 0.727167 0.829493
1 0.710404 0.813365 0.724855 0.813365 0.724855 0.833333 0.710404 0.833333
1 0.678034 0.879417 0.693641 0.879417 0.693641 0.899385 0.678034 0.899385
1 0.672832 0.900154 0.690751 0.900154 0.690751 0.922427 0.672832 0.922427
1 0.647398 0.874039 0.658381 0.874039 0.658381 0.887864 0.647398 0.887864
1 0.646821 0.847159 0.661272 0.847159 0.661272 0.865591 0.646821 0.865591
1 0.632369 0.852534 0.645664 0.852534 0.645664 0.877112 0.632369 0.877112
1 0.620231 0.899385 0.633526 0.899385 0.633526 0.917050 0.620231 0.917050
1 0.630058 0.913978 0.642196 0.913978 0.642196 0.938556 0.630058 0.938556
1 0.610404 0.965437 0.623121 0.965437 0.623121 0.980031 0.610404 0.980031
1 0.614451 0.947773 0.626589 0.947773 0.626589 0.961597 0.614451 0.961597
1 0.613872 0.912443 0.627167 0.912443 0.627167 0.947773 0.613872 0.947773
1 0.598266 0.922427 0.613294 0.922427 0.613294 0.943164 0.598266 0.943164
1 0.559538 0.903226 0.571676 0.903226 0.571676 0.933948 0.559538 0.933948
1 0.578613 0.961597 0.590174 0.961597 0.590174 0.979263 0.578613 0.979263
1 0.583815 0.982334 0.591329 0.982334 0.591329 0.991552 0.583815 0.991552
1 0.567630 0.971583 0.580925 0.971583 0.580925 0.990784 0.567630 0.990784
1 0.540463 0.972351 0.556069 0.972351 0.556069 0.991552 0.540463 0.991552
1 0.515607 0.956221 0.531214 0.956221 0.531214 0.975422 0.515607 0.975422
1 0.506937 0.943933 0.517342 0.943933 0.517342 0.962365 0.506937 0.962365
1 0.489595 0.942396 0.503468 0.942396 0.503468 0.960062 0.489595 0.960062
1 0.496532 0.911674 0.509827 0.911674 0.509827 0.933180 0.496532 0.933180
1 0.476878 0.897081 0.491329 0.897081 0.491329 0.916282 0.476878 0.916282
1 0.495953 0.835638 0.508671 0.835638 0.508671 0.850998 0.495953 0.850998
1 0.434682 0.848695 0.447976 0.848695 0.447976 0.867896 0.434682 0.867896
1 0.441041 0.937020 0.456648 0.937020 0.456648 0.948540 0.441041 0.948540
1 0.448555 0.850998 0.461272 0.850998 0.461272 0.869431 0.448555 0.869431
1 0.457804 0.835637 0.470521 0.835637 0.470521 0.850231 0.457804 0.850231
1 0.440462 0.831797 0.452601 0.831797 0.452601 0.847927 0.440462 0.847927
1 0.431214 0.867896 0.439885 0.867896 0.439885 0.883256 0.431214 0.883256
1 0.510983 0.834870 0.524856 0.834870 0.524856 0.848695 0.510983 0.848695
1 0.519074 0.844085 0.527746 0.844085 0.527746 0.857143 0.519074 0.857143
1 0.056069 0.962365 0.069364 0.962365 0.069364 0.977726 0.056069 0.977726
1 0.129479 0.787250 0.143930 0.787250 0.143930 0.811828 0.129479 0.811828
1 0.166473 0.875576 0.176878 0.875576 0.176878 0.890937 0.166473 0.890937
1 0.211561 0.859447 0.226012 0.859447 0.226012 0.874807 0.211561 0.874807
1 0.239307 0.773425 0.250868 0.773425 0.250868 0.791091 0.239307 0.791091
1 0.226012 0.724270 0.236417 0.724270 0.236417 0.740399 0.226012 0.740399
1 0.205781 0.700461 0.217341 0.700461 0.217341 0.715821 0.205781 0.715821
1 0.167630 0.680492 0.182081 0.680492 0.182081 0.695852 0.167630 0.695852
1 0.185548 0.660523 0.196531 0.660523 0.196531 0.677419 0.185548 0.677419
1 0.202312 0.656682 0.212138 0.656682 0.212138 0.668971 0.202312 0.668971
1 0.212717 0.660523 0.220231 0.660523 0.220231 0.668971 0.212717 0.668971
1 0.196531 0.673579 0.208671 0.673579 0.208671 0.689709 0.196531 0.689709
1 0.227745 0.686636 0.241619 0.686636 0.241619 0.705838 0.227745 0.705838
1 0.255491 0.705070 0.269365 0.705070 0.269365 0.721199 0.255491 0.721199
1 0.254335 0.679723 0.265897 0.679723 0.265897 0.695852 0.254335 0.695852
1 0.128902 0.759601 0.141618 0.759601 0.141618 0.777266 0.128902 0.777266
1 0.280346 0.740399 0.294797 0.740399 0.294797 0.754993 0.280346 0.754993
1 0.256648 0.853302 0.265896 0.853302 0.265896 0.867127 0.256648 0.867127
1 0.258381 0.867128 0.269943 0.867128 0.269943 0.882489 0.258381 0.882489
1 0.259537 0.883256 0.271676 0.883256 0.271676 0.894010 0.259537 0.894010
1 0.239885 0.851766 0.248555 0.851766 0.248555 0.867896 0.239885 0.867896
1 0.238151 0.811828 0.249712 0.811828 0.249712 0.831029 0.238151 0.831029
1 0.391329 0.783411 0.400578 0.783411 0.400578 0.797235 0.391329 0.797235
1 0.280925 0.708909 0.295376 0.708909 0.295376 0.726575 0.280925 0.726575
1 0.253758 0.919354 0.268786 0.919354 0.268786 0.933948 0.253758 0.933948
1 0.295376 0.926268 0.308092 0.926268 0.308092 0.943164 0.295376 0.943164
1 0.342197 0.884024 0.354913 0.884024 0.354913 0.897849 0.342197 0.897849
1 0.340463 0.912443 0.355491 0.912443 0.355491 0.932411 0.340463 0.932411
1 0.313873 0.927036 0.327167 0.927036 0.327167 0.940860 0.313873 0.940860
1 0.353179 0.956221 0.365318 0.956221 0.365318 0.973886 0.353179 0.973886
1 0.448554 0.801844 0.460116 0.801844 0.460116 0.818740 0.448554 0.818740
1 0.290173 0.960061 0.309827 0.960061 0.309827 0.981567 0.290173 0.981567
1 0.318497 0.955453 0.329479 0.955453 0.329479 0.973118 0.318497 0.973118
1 0.420810 0.864823 0.431792 0.864823 0.431792 0.882489 0.420810 0.882489
1 0.398844 0.751153 0.415029 0.751153 0.415029 0.773425 0.398844 0.773425
1 0.373989 0.764209 0.383237 0.764209 0.383237 0.775729 0.373989 0.775729
1 0.338151 0.728878 0.353179 0.728878 0.353179 0.754992 0.338151 0.754992
1 0.432369 0.721198 0.447976 0.721198 0.447976 0.738864 0.432369 0.738864
1 0.451445 0.820276 0.467053 0.820276 0.467053 0.836406 0.451445 0.836406
1 0.349710 0.685867 0.361272 0.685867 0.361272 0.703533 0.349710 0.703533
1 0.376300 0.651305 0.387862 0.651305 0.387862 0.668971 0.376300 0.668971
1 0.341618 0.615975 0.353180 0.615975 0.353180 0.637481 0.341618 0.637481
1 0.305781 0.673579 0.324277 0.673579 0.324277 0.691245 0.305781 0.691245
1 0.320232 0.718125 0.332371 0.718125 0.332371 0.734255 0.320232 0.734255
1 0.336994 0.707373 0.345664 0.707373 0.345664 0.720431 0.336994 0.720431
1 0.442196 0.384793 0.452601 0.384793 0.452601 0.399386 0.442196 0.399386
1 0.452601 0.397082 0.461272 0.397082 0.461272 0.411674 0.452601 0.411674
1 0.424277 0.560675 0.435839 0.560675 0.435839 0.579877 0.424277 0.579877
1 0.291330 0.649769 0.302312 0.649769 0.302312 0.662827 0.291330 0.662827
1 0.320232 0.622120 0.334682 0.622120 0.334682 0.648234 0.320232 0.648234
1 0.290173 0.602919 0.305781 0.602919 0.305781 0.625192 0.290173 0.625192
1 0.476879 0.485407 0.490173 0.485407 0.490173 0.506144 0.476879 0.506144
1 0.523699 0.565284 0.533527 0.565284 0.533527 0.579109 0.523699 0.579109
1 0.557226 0.512289 0.572832 0.512289 0.572832 0.539171 0.557226 0.539171
1 0.567630 0.545315 0.578612 0.545315 0.578612 0.562211 0.567630 0.562211
1 0.583236 0.602919 0.596531 0.602919 0.596531 0.622120 0.583236 0.622120
1 0.663006 0.591398 0.672833 0.591398 0.672833 0.602151 0.663006 0.602151
1 0.682080 0.477726 0.690752 0.477726 0.690752 0.489248 0.682080 0.489248
1 0.561272 0.592166 0.568786 0.592166 0.568786 0.608295 0.561272 0.608295
1 0.582081 0.562980 0.593641 0.562980 0.593641 0.589094 0.582081 0.589094
1 0.591908 0.523041 0.607514 0.523041 0.607514 0.551459 0.591908 0.551459
1 0.617919 0.559908 0.638151 0.559908 0.638151 0.582950 0.617919 0.582950
1 0.623121 0.504609 0.632371 0.504609 0.632371 0.514593 0.623121 0.514593
1 0.595954 0.442397 0.603468 0.442397 0.603468 0.456222 0.595954 0.456222
1 0.583237 0.440860 0.594220 0.440860 0.594220 0.458526 0.583237 0.458526
1 0.701156 0.571429 0.715607 0.571429 0.715607 0.592166 0.701156 0.592166
1 0.712717 0.605991 0.719653 0.605991 0.719653 0.615976 0.712717 0.615976
1 0.718496 0.597542 0.727168 0.597542 0.727168 0.605222 0.718496 0.605222
1 0.536417 0.653609 0.547978 0.653609 0.547978 0.669739 0.536417 0.669739
1 0.526012 0.671274 0.534104 0.671274 0.534104 0.682028 0.526012 0.682028
1 0.524278 0.658987 0.530636 0.658987 0.530636 0.670507 0.524278 0.670507
1 0.561272 0.671274 0.572254 0.671274 0.572254 0.687404 0.561272 0.687404
1 0.580346 0.660523 0.589596 0.660523 0.589596 0.671276 0.580346 0.671276
1 0.562427 0.616744 0.577456 0.616744 0.577456 0.639016 0.562427 0.639016
1 0.543353 0.681259 0.557804 0.681259 0.557804 0.694317 0.543353 0.694317
1 0.523700 0.746544 0.535838 0.746544 0.535838 0.764976 0.523700 0.764976
1 0.693642 0.697388 0.704624 0.697388 0.704624 0.711982 0.693642 0.711982
1 0.651446 0.741935 0.665319 0.741935 0.665319 0.757296 0.651446 0.757296
1 0.736417 0.762672 0.747977 0.762672 0.747977 0.778802 0.736417 0.778802
1 0.736416 0.741167 0.746243 0.741167 0.746243 0.757297 0.736416 0.757297
1 0.747976 0.732718 0.757803 0.732718 0.757803 0.745776 0.747976 0.745776
1 0.721966 0.790322 0.731793 0.790322 0.731793 0.806451 0.721966 0.806451
1 0.727168 0.774193 0.738729 0.774193 0.738729 0.791090 0.727168 0.791090
1 0.823700 0.756528 0.834682 0.756528 0.834682 0.772657 0.823700 0.772657
1 0.763583 0.662826 0.776301 0.662826 0.776301 0.684332 0.763583 0.684332
1 0.708093 0.640553 0.725434 0.640553 0.725434 0.666667 0.708093 0.666667
1 0.668786 0.654378 0.679768 0.654378 0.679768 0.675884 0.668786 0.675884
1 0.622544 0.637481 0.633526 0.637481 0.633526 0.664363 0.622544 0.664363
1 0.643930 0.645929 0.661272 0.645929 0.661272 0.663594 0.643930 0.663594
1 0.652601 0.620583 0.663583 0.620583 0.663583 0.635177 0.652601 0.635177
1 0.656647 0.759601 0.674566 0.759601 0.674566 0.780338 0.656647 0.780338
1 0.557804 0.757297 0.571099 0.757297 0.571099 0.768050 0.557804 0.768050
1 0.494798 0.622119 0.509248 0.622119 0.509248 0.635177 0.494798 0.635177
1 0.515029 0.591398 0.526011 0.591398 0.526011 0.614440 0.515029 0.614440
1 0.476878 0.307219 0.490752 0.307219 0.490752 0.319508 0.476878 0.319508
1 0.356069 0.418587 0.366474 0.418587 0.366474 0.430876 0.356069 0.430876
1 0.482659 0.354839 0.497688 0.354839 0.497688 0.377111 0.482659 0.377111
1 0.355492 0.232718 0.366474 0.232718 0.366474 0.245775 0.355492 0.245775
1 0.336994 0.231950 0.345664 0.231950 0.345664 0.246543 0.336994 0.246543
1 0.343353 0.082181 0.358960 0.082181 0.358960 0.104455 0.343353 0.104455
1 0.649711 0.211982 0.674567 0.211982 0.674567 0.241168 0.649711 0.241168
1 0.171677 0.543011 0.183237 0.543011 0.183237 0.562979 0.171677 0.562979
1 0.197109 0.592166 0.208670 0.592166 0.208670 0.605990 0.197109 0.605990
1 0.195375 0.574501 0.206359 0.574501 0.206359 0.592934 0.195375 0.592934
1 0.171677 0.494624 0.180926 0.494624 0.180926 0.507681 0.171677 0.507681
1 0.121965 0.509217 0.134682 0.509217 0.134682 0.526114 0.121965 0.526114
1 0.116184 0.527649 0.128324 0.527649 0.128324 0.546851 0.116184 0.546851
1 0.141619 0.546084 0.157804 0.546084 0.157804 0.564516 0.141619 0.564516
1 0.143353 0.516896 0.151445 0.516896 0.151445 0.529954 0.143353 0.529954
1 0.086127 0.519201 0.097110 0.519201 0.097110 0.535331 0.086127 0.535331
1 0.094797 0.505377 0.106937 0.505377 0.106937 0.520737 0.094797 0.520737
1 0.099421 0.559140 0.116184 0.559140 0.116184 0.576036 0.099421 0.576036
1 0.095376 0.573732 0.109248 0.573732 0.109248 0.590629 0.095376 0.590629
1 0.103468 0.586789 0.116185 0.586789 0.116185 0.604455 0.103468 0.604455
1 0.135260 0.594471 0.147399 0.594471 0.147399 0.609064 0.135260 0.609064
1 0.157226 0.609831 0.169942 0.609831 0.169942 0.625961 0.157226 0.625961
1 0.161850 0.629800 0.174566 0.629800 0.174566 0.645161 0.161850 0.645161
1 0.076300 0.602919 0.089017 0.602919 0.089017 0.620584 0.076300 0.620584
1 0.097687 0.650537 0.109827 0.650537 0.109827 0.666667 0.097687 0.666667
1 0.131213 0.614440 0.145087 0.614440 0.145087 0.632105 0.131213 0.632105
1 0.123700 0.624424 0.135261 0.624424 0.135261 0.636713 0.123700 0.636713
1 0.009248 0.609063 0.020810 0.609063 0.020810 0.626729 0.009248 0.626729
1 0.854336 0.667435 0.871677 0.667435 0.871677 0.686636 0.854336 0.686636
1 0.825433 0.676651 0.842197 0.676651 0.842197 0.695852 0.825433 0.695852
1 0.832369 0.698925 0.843352 0.698925 0.843352 0.717357 0.832369 0.717357
1 0.846243 0.754224 0.860116 0.754224 0.860116 0.768049 0.846243 0.768049
1 0.830635 0.808755 0.839885 0.808755 0.839885 0.824885 0.830635 0.824885
1 0.755492 0.576037 0.767630 0.576037 0.767630 0.592934 0.755492 0.592934
1 0.866474 0.642090 0.880347 0.642090 0.880347 0.660523 0.866474 0.660523
1 0.701734 0.460061 0.712139 0.460061 0.712139 0.476959 0.701734 0.476959
2 0.071677 0.375576 0.088440 0.375576 0.088440 0.397849 0.071677 0.397849
2 0.957225 0.637481 0.974567 0.637481 0.974567 0.662827 0.957225 0.662827
3 0.145665 0.798003 0.186705 0.798003 0.186705 0.870968 0.145665 0.870968
3 0.143353 0.711214 0.196531 0.711214 0.196531 0.761136 0.143353 0.761136
3 0.501734 0.493088 0.522544 0.493088 0.522544 0.539938 0.501734 0.539938
