1 0.007968 0.560975 0.059761 0.560975 0.059761 0.639024 0.007968 0.639024
1 0.310756 0.702438 0.358565 0.702438 0.358565 0.780488 0.310756 0.780488
2 0.513944 0.326829 0.609562 0.326829 0.609562 0.439025 0.513944 0.439025
2 0.155378 0.702440 0.250996 0.702440 0.250996 0.809756 0.155378 0.809756
2 0.231076 0.580488 0.334662 0.580488 0.334662 0.702438 0.231076 0.702438
2 0.752988 0.278049 0.856574 0.278049 0.856574 0.414633 0.752988 0.414633
2 0.091633 0.604878 0.195219 0.604878 0.195219 0.726829 0.091633 0.726829
2 0.143426 0.243902 0.254980 0.243902 0.254980 0.365853 0.143426 0.365853
2 0.354581 0.107317 0.442230 0.107317 0.442230 0.200000 0.354581 0.200000
2 0.286853 0.268293 0.374501 0.268293 0.374501 0.370731 0.286853 0.370731
2 0.733068 0.151220 0.840638 0.151220 0.840638 0.268292 0.733068 0.268292
