0 0.441909 0.926952 0.477179 0.926952 0.477179 0.987406 0.441909 0.987406
0 0.576763 0.073048 0.616183 0.073048 0.616183 0.143576 0.576763 0.143576
1 0.026971 0.010075 0.076763 0.010075 0.076763 0.060453 0.026971 0.060453
1 0.093360 0.010075 0.143153 0.010075 0.143153 0.060453 0.093360 0.060453
1 0.093362 0.065491 0.132780 0.065491 0.132780 0.115869 0.093362 0.115869
1 0.002075 0.070529 0.056017 0.070529 0.056017 0.105793 0.002075 0.105793
1 0.047718 0.123426 0.082988 0.123426 0.082988 0.173804 0.047718 0.173804
1 0.056016 0.188916 0.097510 0.188916 0.097510 0.246852 0.056016 0.246852
1 0.093361 0.239295 0.139005 0.239295 0.139005 0.294711 0.093361 0.294711
1 0.209543 0.214106 0.255186 0.214106 0.255186 0.251889 0.209543 0.251889
1 0.184647 0.130983 0.219917 0.130983 0.219917 0.171285 0.184647 0.171285
1 0.290457 0.191436 0.329875 0.191436 0.329875 0.246852 0.290457 0.246852
1 0.336099 0.229219 0.369294 0.229219 0.369294 0.284635 0.336099 0.284635
1 0.381743 0.201512 0.414938 0.201512 0.414938 0.249370 0.381743 0.249370
1 0.188796 0.853904 0.221992 0.853904 0.221992 0.904282 0.188796 0.904282
1 0.286307 0.891687 0.313278 0.891687 0.313278 0.934508 0.286307 0.934508
1 0.255187 0.881613 0.290457 0.881613 0.290457 0.919395 0.255187 0.919395
1 0.211618 0.921914 0.246888 0.921914 0.246888 0.967254 0.211618 0.967254
1 0.257262 0.942066 0.290457 0.942066 0.290457 0.977330 0.257262 0.977330
1 0.323652 0.899244 0.354772 0.899244 0.354772 0.949622 0.323652 0.949622
1 0.334025 0.803526 0.369295 0.803526 0.369295 0.848866 0.334025 0.848866
1 0.377593 0.818640 0.406639 0.818640 0.406639 0.863980 0.377593 0.863980
1 0.356846 0.758186 0.398340 0.758186 0.398340 0.803526 0.356846 0.803526
1 0.278008 0.763224 0.315352 0.763224 0.315352 0.808564 0.278008 0.808564
1 0.209543 0.803527 0.242739 0.803527 0.242739 0.843829 0.209543 0.843829
1 0.512448 0.939546 0.547718 0.939546 0.547718 0.997482 0.512448 0.997482
1 0.587137 0.891688 0.630705 0.891688 0.630705 0.931990 0.587137 0.931990
1 0.500000 0.901763 0.541494 0.901763 0.541494 0.937027 0.500000 0.937027
1 0.688797 0.939546 0.726141 0.939546 0.726141 0.987406 0.688797 0.987406
1 0.769710 0.853905 0.813278 0.853905 0.813278 0.889169 0.769710 0.889169
1 0.825726 0.914357 0.865146 0.914357 0.865146 0.962217 0.825726 0.962217
1 0.919087 0.871537 0.966805 0.871537 0.966805 0.914358 0.919087 0.914358
1 0.877593 0.894207 0.906639 0.894207 0.906639 0.939547 0.877593 0.939547
1 0.896266 0.803526 0.933610 0.803526 0.933610 0.851386 0.896266 0.851386
1 0.966804 0.826197 0.993776 0.826197 0.993776 0.866499 0.966804 0.866499
1 0.829875 0.818640 0.869295 0.818640 0.869295 0.869018 0.829875 0.869018
1 0.912863 0.740555 0.946059 0.740555 0.946059 0.783376 0.912863 0.783376
1 0.925311 0.695214 0.973029 0.695214 0.973029 0.740554 0.925311 0.740554
1 0.865145 0.722922 0.896265 0.722922 0.896265 0.755668 0.865145 0.755668
1 0.819502 0.717884 0.852697 0.717884 0.852697 0.773300 0.819502 0.773300
1 0.732366 0.765744 0.765561 0.765744 0.765561 0.831234 0.732366 0.831234
1 0.782158 0.765744 0.819502 0.765744 0.819502 0.803526 0.782158 0.803526
1 0.676349 0.720403 0.707469 0.720403 0.707469 0.773300 0.676349 0.773300
1 0.678423 0.765743 0.717843 0.765743 0.717843 0.811083 0.678423 0.811083
1 0.780083 0.685138 0.825727 0.685138 0.825727 0.732998 0.780083 0.732998
1 0.701245 0.639799 0.748963 0.639799 0.748963 0.685139 0.701245 0.685139
1 0.632780 0.670026 0.682573 0.670026 0.682573 0.707808 0.632780 0.707808
1 0.620331 0.738035 0.653527 0.738035 0.653527 0.783375 0.620331 0.783375
1 0.587137 0.778337 0.628631 0.778337 0.628631 0.838790 0.587137 0.838790
1 0.514522 0.753149 0.566390 0.753149 0.566390 0.793451 0.514522 0.793451
1 0.817427 0.619648 0.846473 0.619648 0.846473 0.657430 0.817427 0.657430
1 0.765560 0.594459 0.798756 0.594459 0.798756 0.624686 0.765560 0.624686
1 0.877593 0.594458 0.923237 0.594458 0.923237 0.639798 0.877593 0.639798
1 0.921161 0.549118 0.954357 0.549118 0.954357 0.627204 0.921161 0.627204
1 0.919087 0.634761 0.948133 0.634761 0.948133 0.675063 0.919087 0.675063
1 0.896266 0.493702 0.933610 0.493702 0.933610 0.541562 0.896266 0.541562
1 0.948133 0.455919 0.989627 0.455919 0.989627 0.506297 0.948133 0.506297
1 0.925311 0.413098 0.958507 0.413098 0.958507 0.468514 0.925311 0.468514
1 0.887967 0.367758 0.931535 0.367758 0.931535 0.413098 0.887967 0.413098
1 0.923237 0.322418 0.948133 0.322418 0.948133 0.362720 0.923237 0.362720
1 0.877593 0.302267 0.910789 0.302267 0.910789 0.357683 0.877593 0.357683
1 0.964730 0.302267 0.995850 0.302267 0.995850 0.352645 0.964730 0.352645
1 0.939834 0.219143 0.981328 0.219143 0.981328 0.284634 0.939834 0.284634
1 0.804979 0.319900 0.842323 0.319900 0.842323 0.372796 0.804979 0.372796
1 0.829875 0.410579 0.863071 0.410579 0.863071 0.473551 0.829875 0.473551
1 0.865145 0.450882 0.900415 0.450882 0.900415 0.501260 0.865145 0.501260
1 0.717842 0.450882 0.763486 0.450882 0.763486 0.508817 0.717842 0.508817
1 0.724066 0.405541 0.751038 0.405541 0.751038 0.443325 0.724066 0.443325
1 0.682572 0.405541 0.711618 0.405541 0.711618 0.448362 0.682572 0.448362
1 0.661825 0.453400 0.695021 0.453400 0.695021 0.496221 0.661825 0.496221
1 0.711618 0.546600 0.759336 0.546600 0.759336 0.591940 0.711618 0.591940
1 0.865145 0.042821 0.894191 0.042821 0.894191 0.095718 0.865145 0.095718
1 0.898340 0.055415 0.927386 0.055415 0.927386 0.115868 0.898340 0.115868
1 0.968879 0.133501 0.997925 0.133501 0.997925 0.171285 0.968879 0.171285
1 0.964730 0.178842 1.000000 0.178842 1.000000 0.221663 0.964730 0.221663
1 0.827801 0.085642 0.869295 0.085642 0.869295 0.130982 0.827801 0.130982
1 0.778008 0.078086 0.817428 0.078086 0.817428 0.138539 0.778008 0.138539
1 0.834024 0.005038 0.860996 0.005038 0.860996 0.055416 0.834024 0.055416
1 0.180498 0.324937 0.217842 0.324937 0.217842 0.372796 0.180498 0.372796
1 0.209544 0.355164 0.246888 0.355164 0.246888 0.400504 0.209544 0.400504
1 0.259336 0.332493 0.300830 0.332493 0.300830 0.380352 0.259336 0.380352
1 0.311204 0.335013 0.360996 0.335013 0.360996 0.385391 0.311204 0.385391
1 0.292531 0.382871 0.325726 0.382871 0.325726 0.425692 0.292531 0.425692
1 0.331950 0.397985 0.385892 0.397985 0.385892 0.455919 0.331950 0.455919
1 0.392116 0.365239 0.427386 0.365239 0.427386 0.408060 0.392116 0.408060
1 0.273859 0.465995 0.311203 0.465995 0.311203 0.521411 0.273859 0.521411
1 0.331950 0.476071 0.396265 0.476071 0.396265 0.518892 0.331950 0.518892
1 0.400415 0.506297 0.429461 0.506297 0.429461 0.549118 0.400415 0.549118
1 0.427386 0.511334 0.470954 0.511334 0.470954 0.569269 0.427386 0.569269
1 0.338174 0.523930 0.375518 0.523930 0.375518 0.576827 0.338174 0.576827
1 0.280083 0.541562 0.321577 0.541562 0.321577 0.586902 0.280083 0.586902
1 0.236515 0.498741 0.280083 0.498741 0.280083 0.544081 0.236515 0.544081
1 0.215768 0.544080 0.255186 0.544080 0.255186 0.591940 0.215768 0.591940
1 0.188797 0.534004 0.219917 0.534004 0.219917 0.586901 0.188797 0.586901
1 0.172199 0.483627 0.203319 0.483627 0.203319 0.534005 0.172199 0.534005
1 0.195021 0.430731 0.236515 0.430731 0.236515 0.506297 0.195021 0.506297
1 0.367220 0.612090 0.404564 0.612090 0.404564 0.664987 0.367220 0.664987
1 0.321577 0.591940 0.358921 0.591940 0.358921 0.644837 0.321577 0.644837
1 0.267635 0.609572 0.311203 0.609572 0.311203 0.675063 0.267635 0.675063
1 0.587137 0.251889 0.622407 0.251889 0.622407 0.302267 0.587137 0.302267
1 0.659751 0.229219 0.695021 0.229219 0.695021 0.261965 0.659751 0.261965
1 0.699170 0.324937 0.744814 0.324937 0.744814 0.375315 0.699170 0.375315
1 0.636930 0.360201 0.680498 0.360201 0.680498 0.410579 0.636930 0.410579
1 0.589212 0.329975 0.626556 0.329975 0.626556 0.385391 0.589212 0.385391
1 0.560166 0.408061 0.601660 0.408061 0.601660 0.448363 0.560166 0.448363
1 0.516597 0.367758 0.551867 0.367758 0.551867 0.413098 0.516597 0.413098
1 0.493776 0.302266 0.531120 0.302266 0.531120 0.350125 0.493776 0.350125
1 0.506224 0.256927 0.549792 0.256927 0.549792 0.299748 0.506224 0.299748
1 0.443983 0.335013 0.485477 0.335013 0.485477 0.380353 0.443983 0.380353
1 0.479253 0.372796 0.504149 0.372796 0.504149 0.413098 0.479253 0.413098
1 0.485476 0.501260 0.535269 0.501260 0.535269 0.536524 0.485476 0.536524
1 0.562241 0.463476 0.603735 0.463476 0.603735 0.498740 0.562241 0.498740
1 0.599585 0.443325 0.634855 0.443325 0.634855 0.481108 0.599585 0.481108
1 0.609959 0.400504 0.641079 0.400504 0.641079 0.445844 0.609959 0.445844
1 0.672199 0.299748 0.699171 0.299748 0.699171 0.329975 0.672199 0.329975
1 0.145228 0.559194 0.178424 0.559194 0.178424 0.629723 0.145228 0.629723
1 0.118258 0.476071 0.157676 0.476071 0.157676 0.518892 0.118258 0.518892
1 0.112033 0.435769 0.143153 0.435769 0.143153 0.483627 0.112033 0.483627
1 0.099585 0.360202 0.136929 0.360202 0.136929 0.400504 0.099585 0.400504
1 0.008299 0.350126 0.056017 0.350126 0.056017 0.408060 0.008299 0.408060
1 0.118258 0.299748 0.163901 0.299748 0.163901 0.357682 0.118258 0.357682
1 0.047718 0.282116 0.101660 0.282116 0.101660 0.335012 0.047718 0.335012
1 0.002075 0.624685 0.045643 0.624685 0.045643 0.675063 0.002075 0.675063
1 0.014522 0.531486 0.066390 0.531486 0.066390 0.576826 0.014522 0.576826
1 0.485476 0.196473 0.535269 0.196473 0.535269 0.244332 0.485476 0.244332
1 0.628631 0.108312 0.672199 0.108312 0.672199 0.161210 0.628631 0.161210
1 0.699170 0.093199 0.730290 0.093199 0.730290 0.138539 0.699170 0.138539
1 0.684648 0.148615 0.721992 0.148615 0.721992 0.191436 0.684648 0.191436
1 0.663901 0.047859 0.701245 0.047859 0.701245 0.130983 0.663901 0.130983
1 0.470955 0.113350 0.514523 0.113350 0.514523 0.176322 0.470955 0.176322
1 0.396265 0.100756 0.452282 0.100756 0.452282 0.146096 0.396265 0.146096
1 0.394190 0.146096 0.446057 0.146096 0.446057 0.196474 0.394190 0.196474
1 0.354772 0.090680 0.392116 0.090680 0.392116 0.151134 0.354772 0.151134
1 0.336099 0.047859 0.365145 0.047859 0.365145 0.093199 0.336099 0.093199
1 0.414938 0.012594 0.454356 0.012594 0.454356 0.085642 0.414938 0.085642
1 0.466805 0.042821 0.520747 0.042821 0.520747 0.085642 0.466805 0.085642
1 0.518672 0.075567 0.547718 0.075567 0.547718 0.113349 0.518672 0.113349
1 0.443984 0.226701 0.487552 0.226701 0.487552 0.287154 0.443984 0.287154
1 0.412863 0.251889 0.448133 0.251889 0.448133 0.307305 0.412863 0.307305
1 0.396266 0.297229 0.427386 0.297229 0.427386 0.329975 0.396266 0.329975
1 0.605809 0.581863 0.653527 0.581863 0.653527 0.639799 0.605809 0.639799
1 0.531120 0.664988 0.572614 0.664988 0.572614 0.717885 0.531120 0.717885
1 0.180498 0.057935 0.253112 0.057935 0.253112 0.105794 0.180498 0.105794
1 0.217843 0.118388 0.255187 0.118388 0.255187 0.168766 0.217843 0.168766
1 0.269709 0.151134 0.298755 0.151134 0.298755 0.191436 0.269709 0.191436
1 0.000000 0.143576 0.041494 0.143576 0.041494 0.209068 0.000000 0.209068
1 0.259336 0.002519 0.296680 0.002519 0.296680 0.035265 0.259336 0.035265
1 0.348548 0.002520 0.394190 0.002520 0.394190 0.040302 0.348548 0.040302
1 0.757262 0.037783 0.782158 0.037783 0.782158 0.093199 0.757262 0.093199
1 0.620332 0.010076 0.663900 0.010076 0.663900 0.062973 0.620332 0.062973
1 0.709543 0.176322 0.755187 0.176322 0.755187 0.221662 0.709543 0.221662
1 0.736514 0.090680 0.771784 0.090680 0.771784 0.151134 0.736514 0.151134
1 0.724067 0.027708 0.755187 0.027708 0.755187 0.085643 0.724067 0.085643
1 0.269709 0.274559 0.323651 0.274559 0.323651 0.324937 0.269709 0.324937
1 0.045643 0.826197 0.095436 0.826197 0.095436 0.889169 0.045643 0.889169
1 0.012448 0.712846 0.045644 0.712846 0.045644 0.758186 0.012448 0.758186
1 0.468880 0.858942 0.493776 0.858942 0.493776 0.899244 0.468880 0.899244
1 0.402490 0.581865 0.460581 0.581865 0.460581 0.619647 0.402490 0.619647
1 0.609959 0.594458 0.676349 0.594458 0.676349 0.667506 0.609959 0.667506
1 0.541494 0.717885 0.601660 0.717885 0.601660 0.755667 0.541494 0.755667
1 0.394191 0.929472 0.431535 0.929472 0.431535 0.972293 0.394191 0.972293
