0 0.054670 0.130778 0.093394 0.130778 0.093394 0.157835 0.054670 0.157835
0 0.152620 0.087938 0.194761 0.087938 0.194761 0.114994 0.152620 0.114994
0 0.446469 0.131905 0.479499 0.131905 0.479499 0.162345 0.446469 0.162345
0 0.543280 0.147689 0.568338 0.147689 0.568338 0.184893 0.543280 0.184893
0 0.715261 0.091319 0.747153 0.091319 0.747153 0.120631 0.715261 0.120631
0 0.906606 0.142051 0.946469 0.142051 0.946469 0.178129 0.906606 0.178129
0 0.671982 0.278467 0.710706 0.278467 0.710706 0.308907 0.671982 0.308907
0 0.623007 0.411499 0.668565 0.411499 0.668565 0.432920 0.623007 0.432920
0 0.692483 0.438556 0.726651 0.438556 0.726651 0.474633 0.692483 0.474633
0 0.462414 0.479143 0.497722 0.479143 0.497722 0.515220 0.462414 0.515220
0 0.443053 0.569335 0.470388 0.569335 0.470388 0.605411 0.443053 0.605411
0 0.468109 0.588501 0.494305 0.588501 0.494305 0.621195 0.468109 0.621195
0 0.603645 0.639233 0.632119 0.639233 0.632119 0.666291 0.603645 0.666291
0 0.635536 0.620067 0.671982 0.620067 0.671982 0.650507 0.635536 0.650507
0 0.676537 0.583991 0.705011 0.583991 0.705011 0.615558 0.676537 0.615558
0 0.718679 0.507328 0.740319 0.507328 0.740319 0.547914 0.718679 0.547914
0 0.419135 0.660654 0.446470 0.660654 0.446470 0.692220 0.419135 0.692220
0 0.728930 0.812853 0.763098 0.812853 0.763098 0.845547 0.728930 0.845547
0 0.772210 0.839910 0.815490 0.839910 0.815490 0.865840 0.772210 0.865840
0 0.882688 0.826381 0.911162 0.826381 0.911162 0.860203 0.882688 0.860203
0 0.823462 0.907553 0.856492 0.907553 0.856492 0.937993 0.823462 0.937993
0 0.866742 0.956032 0.899772 0.956032 0.899772 0.981962 0.866742 0.981962
0 0.825740 0.662909 0.865603 0.662909 0.865603 0.691093 0.825740 0.691093
0 0.437357 0.780158 0.470387 0.780158 0.470387 0.809470 0.437357 0.809470
0 0.482916 0.760992 0.511390 0.760992 0.511390 0.790304 0.482916 0.790304
0 0.542141 0.788050 0.568337 0.788050 0.568337 0.822998 0.542141 0.822998
0 0.465832 0.827509 0.497723 0.827509 0.497723 0.855693 0.465832 0.855693
0 0.205012 0.710259 0.241458 0.710259 0.241458 0.751973 0.205012 0.751973
0 0.273348 0.683202 0.302961 0.683202 0.302961 0.724916 0.273348 0.724916
0 0.249431 0.727170 0.273349 0.727170 0.273349 0.757610 0.249431 0.757610
0 0.307517 0.731680 0.335991 0.731680 0.335991 0.773394 0.307517 0.773394
0 0.281321 0.733934 0.305239 0.733934 0.305239 0.764374 0.281321 0.764374
0 0.515946 0.829763 0.550114 0.829763 0.550114 0.860203 0.515946 0.860203
0 0.739180 0.775648 0.763098 0.775648 0.763098 0.801578 0.739180 0.801578
0 0.137813 0.533259 0.173121 0.533259 0.173121 0.556933 0.137813 0.556933
0 0.085421 0.521984 0.115034 0.521984 0.115034 0.547914 0.085421 0.547914
0 0.046698 0.459978 0.069476 0.459978 0.069476 0.500564 0.046698 0.500564
0 0.092255 0.367531 0.126423 0.367531 0.126423 0.401353 0.092255 0.401353
0 0.251708 0.505074 0.275626 0.505074 0.275626 0.537768 0.251708 0.537768
0 0.001139 0.434047 0.029613 0.434047 0.029613 0.476888 0.001139 0.476888
0 0.038724 0.276212 0.069476 0.276212 0.069476 0.311161 0.038724 0.311161
1 0.091117 0.011274 0.113895 0.011274 0.113895 0.031567 0.091117 0.031567
1 0.091116 0.073280 0.115034 0.073280 0.115034 0.094701 0.091116 0.094701
1 0.207289 0.108230 0.231207 0.108230 0.231207 0.128523 0.207289 0.128523
1 0.250570 0.092447 0.271070 0.092447 0.271070 0.117249 0.250570 0.117249
1 0.300683 0.083428 0.322323 0.083428 0.322323 0.103721 0.300683 0.103721
1 0.306378 0.121758 0.328018 0.121758 0.328018 0.142051 0.306378 0.142051
1 0.282461 0.109358 0.305239 0.109358 0.305239 0.127396 0.282461 0.127396
1 0.279043 0.127395 0.301822 0.127395 0.301822 0.144307 0.279043 0.144307
1 0.273348 0.153325 0.296127 0.153325 0.296127 0.174746 0.273348 0.174746
1 0.010250 0.181511 0.030751 0.181511 0.030751 0.204059 0.010250 0.204059
1 0.046698 0.179255 0.071754 0.179255 0.071754 0.199548 0.046698 0.199548
1 0.014806 0.154453 0.038724 0.154453 0.038724 0.177001 0.014806 0.177001
1 0.017084 0.113868 0.038724 0.113868 0.038724 0.140925 0.017084 0.140925
1 0.085421 0.178128 0.111617 0.178128 0.111617 0.200676 0.085421 0.200676
1 0.124146 0.157835 0.141230 0.157835 0.141230 0.181510 0.124146 0.181510
1 0.148064 0.161217 0.170843 0.161217 0.170843 0.178128 0.148064 0.178128
1 0.078588 0.204059 0.099088 0.204059 0.099088 0.231116 0.078588 0.231116
1 0.195900 0.133032 0.218678 0.133032 0.218678 0.154454 0.195900 0.154454
1 0.238042 0.028185 0.258543 0.028185 0.258543 0.057497 0.238042 0.057497
1 0.119589 0.068771 0.146924 0.068771 0.146924 0.096957 0.119589 0.096957
1 0.043280 0.156708 0.067198 0.156708 0.067198 0.175874 0.043280 0.175874
1 0.071754 0.161217 0.094533 0.161217 0.094533 0.184892 0.071754 0.184892
1 0.138952 0.052987 0.174260 0.052987 0.174260 0.069899 0.138952 0.069899
1 0.190205 0.071026 0.212984 0.071026 0.212984 0.095828 0.190205 0.095828
1 0.198178 0.200677 0.214122 0.200677 0.214122 0.224352 0.198178 0.224352
1 0.118451 0.187147 0.144647 0.187147 0.144647 0.207440 0.118451 0.207440
1 0.030752 0.080045 0.062643 0.080045 0.062643 0.108231 0.030752 0.108231
1 0.309795 0.093574 0.334852 0.093574 0.334852 0.117249 0.309795 0.117249
1 0.331435 0.118376 0.348519 0.118376 0.348519 0.130777 0.331435 0.130777
1 0.358770 0.113867 0.375854 0.113867 0.375854 0.133033 0.358770 0.133033
1 0.381549 0.118376 0.397494 0.118376 0.397494 0.138670 0.381549 0.138670
1 0.297267 0.143179 0.316629 0.143179 0.316629 0.165727 0.297267 0.165727
1 0.339408 0.136415 0.354214 0.136415 0.354214 0.155581 0.339408 0.155581
1 0.043280 0.202931 0.062642 0.202931 0.062642 0.222097 0.043280 0.222097
1 0.003417 0.204059 0.012529 0.204059 0.012529 0.218715 0.003417 0.218715
1 0.001138 0.167981 0.011390 0.167981 0.011390 0.192784 0.001138 0.192784
1 0.101367 0.157836 0.120729 0.157836 0.120729 0.175874 0.101367 0.175874
1 0.135535 0.146562 0.154897 0.146562 0.154897 0.161218 0.135535 0.161218
1 0.111617 0.118377 0.142369 0.118377 0.142369 0.147689 0.111617 0.147689
1 0.047836 0.233372 0.071754 0.233372 0.071754 0.257047 0.047836 0.257047
1 0.020501 0.255918 0.044419 0.255918 0.044419 0.279593 0.020501 0.279593
1 0.058086 0.258174 0.078587 0.258174 0.078587 0.276212 0.058086 0.276212
1 0.101366 0.339346 0.124145 0.339346 0.124145 0.355130 0.101366 0.355130
1 0.173121 0.250283 0.192483 0.250283 0.192483 0.273958 0.173121 0.273958
1 0.193622 0.250282 0.210706 0.250282 0.210706 0.272830 0.193622 0.272830
1 0.199317 0.270575 0.217539 0.270575 0.217539 0.293123 0.199317 0.293123
1 0.105922 0.297632 0.134396 0.297632 0.134396 0.319053 0.105922 0.319053
1 0.125285 0.263810 0.166287 0.263810 0.166287 0.282976 0.125285 0.282976
1 0.097950 0.231117 0.118451 0.231117 0.118451 0.254792 0.097950 0.254792
1 0.082004 0.263811 0.109339 0.263811 0.109339 0.287486 0.082004 0.287486
1 0.117312 0.225479 0.136674 0.225479 0.136674 0.242391 0.117312 0.242391
1 0.167426 0.228861 0.178816 0.228861 0.178816 0.255918 0.167426 0.255918
1 0.078588 0.233371 0.095672 0.233371 0.095672 0.250281 0.078588 0.250281
1 0.158314 0.196167 0.183371 0.196167 0.183371 0.222097 0.158314 0.222097
1 0.187927 0.219842 0.209567 0.219842 0.209567 0.245772 0.187927 0.245772
1 0.222096 0.216460 0.244874 0.216460 0.244874 0.242390 0.222096 0.242390
1 0.265375 0.223224 0.288154 0.223224 0.288154 0.244646 0.265375 0.244646
1 0.280182 0.197295 0.299544 0.197295 0.299544 0.220970 0.280182 0.220970
1 0.284739 0.175874 0.302961 0.175874 0.302961 0.193912 0.284739 0.193912
1 0.267653 0.182639 0.285876 0.182639 0.285876 0.202932 0.267653 0.202932
1 0.240319 0.228861 0.264237 0.228861 0.264237 0.251409 0.240319 0.251409
1 0.242596 0.255919 0.267653 0.255919 0.267653 0.275085 0.242596 0.275085
1 0.291572 0.242391 0.310934 0.242391 0.310934 0.269448 0.291572 0.269448
1 0.281321 0.298760 0.298405 0.298760 0.298405 0.323563 0.281321 0.323563
1 0.294989 0.279595 0.314351 0.279595 0.314351 0.299888 0.294989 0.299888
1 0.272209 0.271703 0.292710 0.271703 0.292710 0.303270 0.272209 0.303270
1 0.340547 0.271703 0.363326 0.271703 0.363326 0.293124 0.340547 0.293124
1 0.317767 0.242389 0.338268 0.242389 0.338268 0.267192 0.317767 0.267192
1 0.313212 0.267193 0.333713 0.267193 0.333713 0.286359 0.313212 0.286359
1 0.307517 0.291996 0.338269 0.291996 0.338269 0.312289 0.307517 0.312289
1 0.298406 0.312289 0.315490 0.312289 0.315490 0.334837 0.298406 0.334837
1 0.320045 0.315671 0.340546 0.315671 0.340546 0.341601 0.320045 0.341601
1 0.341686 0.301015 0.364465 0.301015 0.364465 0.328072 0.341686 0.328072
1 0.359909 0.286359 0.380410 0.286359 0.380410 0.303270 0.359909 0.303270
1 0.388383 0.279595 0.413440 0.279595 0.413440 0.299888 0.388383 0.299888
1 0.372437 0.260429 0.395216 0.260429 0.395216 0.280722 0.372437 0.280722
1 0.379271 0.235625 0.400911 0.235625 0.400911 0.255918 0.379271 0.255918
1 0.361048 0.236754 0.376993 0.236754 0.376993 0.260429 0.361048 0.260429
1 0.342825 0.251410 0.357631 0.251410 0.357631 0.264939 0.342825 0.264939
1 0.309795 0.208568 0.326879 0.208568 0.326879 0.226606 0.309795 0.226606
1 0.325740 0.204059 0.346241 0.204059 0.346241 0.227734 0.325740 0.227734
1 0.307517 0.179256 0.324601 0.179256 0.324601 0.205186 0.307517 0.205186
1 0.326879 0.177002 0.346241 0.177002 0.346241 0.197295 0.326879 0.197295
1 0.324601 0.153326 0.343963 0.153326 0.343963 0.173619 0.324601 0.173619
1 0.346241 0.188275 0.369020 0.188275 0.369020 0.208568 0.346241 0.208568
1 0.346241 0.166855 0.369020 0.166855 0.369020 0.184893 0.346241 0.184893
1 0.373576 0.162346 0.397494 0.162346 0.397494 0.182639 0.373576 0.182639
1 0.390661 0.169109 0.411162 0.169109 0.411162 0.193913 0.390661 0.193913
1 0.403189 0.192784 0.424829 0.192784 0.424829 0.217588 0.403189 0.217588
1 0.371298 0.189403 0.392938 0.189403 0.392938 0.214206 0.371298 0.214206
1 0.380410 0.209696 0.402050 0.209696 0.402050 0.229989 0.380410 0.229989
1 0.406606 0.225478 0.427107 0.225478 0.427107 0.250281 0.406606 0.250281
1 0.411162 0.164600 0.429385 0.164600 0.429385 0.182638 0.411162 0.182638
1 0.422552 0.174746 0.443053 0.174746 0.443053 0.196168 0.422552 0.196168
1 0.348519 0.214205 0.369020 0.214205 0.369020 0.233371 0.348519 0.233371
1 0.447609 0.175873 0.468110 0.175873 0.468110 0.196166 0.447609 0.196166
1 0.429385 0.197294 0.451025 0.197294 0.451025 0.222098 0.429385 0.222098
1 0.436219 0.218715 0.463554 0.218715 0.463554 0.241263 0.436219 0.241263
1 0.478360 0.214205 0.497722 0.214205 0.497722 0.231117 0.478360 0.231117
1 0.470388 0.182638 0.493167 0.182638 0.493167 0.200676 0.470388 0.200676
1 0.496583 0.179255 0.515945 0.179255 0.515945 0.200677 0.496583 0.200677
1 0.403189 0.258173 0.425968 0.258173 0.425968 0.277339 0.403189 0.277339
1 0.415718 0.276212 0.436219 0.276212 0.436219 0.299887 0.415718 0.299887
1 0.439636 0.243517 0.456720 0.243517 0.456720 0.263811 0.439636 0.263811
1 0.433941 0.263811 0.454441 0.263811 0.454441 0.284104 0.433941 0.284104
1 0.458998 0.266066 0.478360 0.266066 0.478360 0.284104 0.458998 0.284104
1 0.480638 0.259301 0.500000 0.259301 0.500000 0.278467 0.480638 0.278467
1 0.490889 0.229989 0.511390 0.229989 0.511390 0.252537 0.490889 0.252537
1 0.506834 0.216461 0.523918 0.216461 0.523918 0.236754 0.506834 0.236754
1 0.390661 0.304397 0.411162 0.304397 0.411162 0.323563 0.390661 0.323563
1 0.337130 0.337091 0.356492 0.337091 0.356492 0.359639 0.337130 0.359639
1 0.315489 0.347237 0.333712 0.347237 0.333712 0.368659 0.315489 0.368659
1 0.293849 0.338219 0.312072 0.338219 0.312072 0.357385 0.293849 0.357385
1 0.258542 0.340473 0.277904 0.340473 0.277904 0.357384 0.258542 0.357384
1 0.277904 0.347237 0.298405 0.347237 0.298405 0.364148 0.277904 0.364148
1 0.292710 0.364148 0.313211 0.364148 0.313211 0.384441 0.292710 0.384441
1 0.332574 0.360766 0.350797 0.360766 0.350797 0.379932 0.332574 0.379932
1 0.353075 0.360766 0.373576 0.360766 0.373576 0.381059 0.353075 0.381059
1 0.333713 0.383315 0.361048 0.383315 0.361048 0.405863 0.333713 0.405863
1 0.313213 0.375423 0.329157 0.375423 0.329157 0.401353 0.313213 0.401353
1 0.372437 0.335964 0.392938 0.335964 0.392938 0.358512 0.372437 0.358512
1 0.358770 0.329199 0.374715 0.329199 0.374715 0.352874 0.358770 0.352874
1 0.370160 0.310034 0.387244 0.310034 0.387244 0.326945 0.370160 0.326945
1 0.395217 0.325817 0.417996 0.325817 0.417996 0.349492 0.395217 0.349492
1 0.433941 0.323563 0.457859 0.323563 0.457859 0.346111 0.433941 0.346111
1 0.460137 0.316798 0.480637 0.316798 0.480637 0.337091 0.460137 0.337091
1 0.470387 0.294250 0.489749 0.294250 0.489749 0.316798 0.470387 0.316798
1 0.440775 0.349492 0.457859 0.349492 0.457859 0.369785 0.440775 0.369785
1 0.463554 0.347237 0.482916 0.347237 0.482916 0.368659 0.463554 0.368659
1 0.365604 0.385570 0.382688 0.385570 0.382688 0.406991 0.365604 0.406991
1 0.374715 0.370913 0.394077 0.370913 0.394077 0.388951 0.374715 0.388951
1 0.389522 0.356257 0.410023 0.356257 0.410023 0.375423 0.389522 0.375423
1 0.398633 0.376550 0.424829 0.376550 0.424829 0.395716 0.398633 0.395716
1 0.427107 0.370913 0.448747 0.370913 0.448747 0.393461 0.427107 0.393461
1 0.451026 0.374295 0.473805 0.374295 0.473805 0.400225 0.451026 0.400225
1 0.474943 0.368659 0.496583 0.368659 0.496583 0.388952 0.474943 0.388952
1 0.482915 0.319053 0.505695 0.319053 0.505695 0.343856 0.482915 0.343856
1 0.489750 0.346110 0.502278 0.346110 0.502278 0.363021 0.489750 0.363021
1 0.510251 0.334836 0.527335 0.334836 0.527335 0.355129 0.510251 0.355129
1 0.504556 0.361894 0.526196 0.361894 0.526196 0.384442 0.504556 0.384442
1 0.493167 0.387823 0.522779 0.387823 0.522779 0.409245 0.493167 0.409245
1 0.474943 0.394588 0.494305 0.394588 0.494305 0.413754 0.474943 0.413754
1 0.506834 0.308906 0.528474 0.308906 0.528474 0.328072 0.506834 0.328072
1 0.517084 0.290868 0.539864 0.290868 0.539864 0.313416 0.517084 0.313416
1 0.555808 0.289741 0.576310 0.289741 0.576310 0.310034 0.555808 0.310034
1 0.567198 0.267192 0.587700 0.267192 0.587700 0.290868 0.567198 0.290868
1 0.505694 0.275085 0.526196 0.275085 0.526196 0.289741 0.505694 0.289741
1 0.495445 0.282977 0.513668 0.282977 0.513668 0.303270 0.495445 0.303270
1 0.548975 0.324690 0.564921 0.324690 0.564921 0.342728 0.548975 0.342728
1 0.578587 0.319053 0.596811 0.319053 0.596811 0.342728 0.578587 0.342728
1 0.505695 0.257046 0.518223 0.257046 0.518223 0.276212 0.505695 0.276212
1 0.515945 0.245773 0.539863 0.245773 0.539863 0.266066 0.515945 0.266066
1 0.526196 0.224352 0.545558 0.224352 0.545558 0.242390 0.526196 0.242390
1 0.514806 0.189403 0.537586 0.189403 0.537586 0.210824 0.514806 0.210824
1 0.528474 0.201804 0.547836 0.201804 0.547836 0.224352 0.528474 0.224352
1 0.545558 0.263811 0.563782 0.263811 0.563782 0.286359 0.545558 0.286359
1 0.357631 0.153326 0.378132 0.153326 0.378132 0.171364 0.357631 0.171364
1 0.389522 0.102594 0.414579 0.102594 0.414579 0.122887 0.389522 0.122887
1 0.405467 0.122887 0.422551 0.122887 0.422551 0.149944 0.405467 0.149944
1 0.405467 0.151071 0.423690 0.151071 0.423690 0.166855 0.405467 0.166855
1 0.304100 0.063135 0.320045 0.063135 0.320045 0.076663 0.304100 0.076663
1 0.328018 0.063134 0.347380 0.063134 0.347380 0.080046 0.328018 0.080046
1 0.347380 0.094701 0.370159 0.094701 0.370159 0.109357 0.347380 0.109357
1 0.381549 0.085682 0.402050 0.085682 0.402050 0.104848 0.381549 0.104848
1 0.179954 0.138670 0.191344 0.138670 0.191344 0.157836 0.179954 0.157836
1 0.164009 0.135288 0.183371 0.135288 0.183371 0.155581 0.164009 0.155581
1 0.235763 0.128523 0.255125 0.128523 0.255125 0.163472 0.235763 0.163472
1 0.261959 0.119503 0.276765 0.119503 0.276765 0.158963 0.261959 0.158963
1 0.486333 0.155580 0.507973 0.155580 0.507973 0.174746 0.486333 0.174746
1 0.513667 0.164600 0.534169 0.164600 0.534169 0.182638 0.513667 0.182638
1 0.504556 0.113867 0.521640 0.113867 0.521640 0.134160 0.504556 0.134160
1 0.487472 0.114994 0.501139 0.114994 0.501139 0.138670 0.487472 0.138670
1 0.603645 0.122885 0.627563 0.122885 0.627563 0.144307 0.603645 0.144307
1 0.596811 0.140925 0.617313 0.140925 0.617313 0.157836 0.596811 0.157836
1 0.512529 0.062007 0.534169 0.062007 0.534169 0.085682 0.512529 0.085682
1 0.493167 0.085682 0.515946 0.085682 0.515946 0.108230 0.493167 0.108230
1 0.522779 0.091319 0.546697 0.091319 0.546697 0.108231 0.522779 0.108231
1 0.542141 0.080044 0.559225 0.080044 0.559225 0.093574 0.542141 0.093574
1 0.556948 0.093574 0.574032 0.093574 0.574032 0.107102 0.556948 0.107102
1 0.569476 0.064261 0.592256 0.064261 0.592256 0.089064 0.569476 0.089064
1 0.616173 0.051860 0.641231 0.051860 0.641231 0.071026 0.616173 0.071026
1 0.588838 0.042841 0.613896 0.042841 0.613896 0.064261 0.588838 0.064261
1 0.591116 0.102593 0.611618 0.102593 0.611618 0.131905 0.591116 0.131905
1 0.575171 0.101466 0.589977 0.101466 0.589977 0.125140 0.575171 0.125140
1 0.439636 0.011274 0.460137 0.011274 0.460137 0.032695 0.439636 0.032695
1 0.465832 0.018039 0.484054 0.018039 0.484054 0.038332 0.465832 0.038332
1 0.454442 0.038332 0.478360 0.038332 0.478360 0.058624 0.454442 0.058624
1 0.474944 0.058624 0.497723 0.058624 0.497723 0.078918 0.474944 0.078918
1 0.494306 0.045096 0.510251 0.045096 0.510251 0.064262 0.494306 0.064262
1 0.425969 0.052987 0.444192 0.052987 0.444192 0.072153 0.425969 0.072153
1 0.441914 0.052987 0.457859 0.052987 0.457859 0.073280 0.441914 0.073280
1 0.425969 0.033822 0.448748 0.033822 0.448748 0.051860 0.425969 0.051860
1 0.373576 0.050733 0.397494 0.050733 0.397494 0.068771 0.373576 0.068771
1 0.398633 0.040587 0.424829 0.040587 0.424829 0.067644 0.398633 0.067644
1 0.349658 0.031567 0.374715 0.031567 0.374715 0.050733 0.349658 0.050733
1 0.341686 0.016911 0.359909 0.016911 0.359909 0.037204 0.341686 0.037204
1 0.325740 0.016911 0.346241 0.016911 0.346241 0.032695 0.325740 0.032695
1 0.374715 0.025930 0.400911 0.025930 0.400911 0.046224 0.374715 0.046224
1 0.389522 0.006764 0.413440 0.006764 0.413440 0.023675 0.389522 0.023675
1 0.653759 0.126268 0.670843 0.126268 0.670843 0.155580 0.653759 0.155580
1 0.662870 0.174747 0.682232 0.174747 0.682232 0.192785 0.662870 0.192785
1 0.669703 0.156708 0.692483 0.156708 0.692483 0.171364 0.669703 0.171364
1 0.630980 0.127396 0.648064 0.127396 0.648064 0.149944 0.630980 0.149944
1 0.626423 0.147689 0.649203 0.147689 0.649203 0.164600 0.626423 0.164600
1 0.620729 0.169110 0.638953 0.169110 0.638953 0.187148 0.620729 0.187148
1 0.650342 0.160090 0.662870 0.160090 0.662870 0.175874 0.650342 0.175874
1 0.644646 0.187148 0.665148 0.187148 0.665148 0.205186 0.644646 0.205186
1 0.683371 0.103720 0.702733 0.103720 0.702733 0.124013 0.683371 0.124013
1 0.677676 0.126268 0.702734 0.126268 0.702734 0.145434 0.677676 0.145434
1 0.701594 0.114995 0.722096 0.114995 0.722096 0.139798 0.701594 0.139798
1 0.714122 0.139797 0.739180 0.139797 0.739180 0.160090 0.714122 0.160090
1 0.706150 0.167982 0.727790 0.167982 0.727790 0.187148 0.706150 0.187148
1 0.730068 0.165727 0.751708 0.165727 0.751708 0.182639 0.730068 0.182639
1 0.760820 0.136414 0.781322 0.136414 0.781322 0.156707 0.760820 0.156707
1 0.687927 0.179256 0.709567 0.179256 0.709567 0.198422 0.687927 0.198422
1 0.719818 0.189403 0.741458 0.189403 0.741458 0.201803 0.719818 0.201803
1 0.746013 0.178128 0.773349 0.178128 0.773349 0.197294 0.746013 0.197294
1 0.818906 0.081173 0.839408 0.081173 0.839408 0.102594 0.818906 0.102594
1 0.825740 0.128523 0.845102 0.128523 0.845102 0.157835 0.825740 0.157835
1 0.805239 0.116121 0.823463 0.116121 0.823463 0.144307 0.805239 0.144307
1 0.764236 0.084554 0.787016 0.084554 0.787016 0.104847 0.764236 0.104847
1 0.791572 0.078918 0.815490 0.078918 0.815490 0.099211 0.791572 0.099211
1 0.783599 0.099210 0.806378 0.099210 0.806378 0.119503 0.783599 0.119503
1 0.761959 0.062007 0.788155 0.062007 0.788155 0.080045 0.761959 0.080045
1 0.494306 0.015783 0.519363 0.015783 0.519363 0.038331 0.494306 0.038331
1 0.531891 0.055242 0.555809 0.055242 0.555809 0.074408 0.531891 0.074408
1 0.526196 0.006764 0.541002 0.006764 0.541002 0.030440 0.526196 0.030440
1 0.534168 0.019166 0.559226 0.019166 0.559226 0.041714 0.534168 0.041714
1 0.560364 0.023675 0.585422 0.023675 0.585422 0.048478 0.560364 0.048478
1 0.646925 0.031567 0.670843 0.031567 0.670843 0.049605 0.646925 0.049605
1 0.677676 0.032695 0.695900 0.032695 0.695900 0.054115 0.677676 0.054115
1 0.881549 0.087937 0.903189 0.087937 0.903189 0.104848 0.881549 0.104848
1 0.863326 0.004510 0.884966 0.004510 0.884966 0.024802 0.863326 0.024802
1 0.796127 0.040586 0.821185 0.040586 0.821185 0.071026 0.796127 0.071026
1 0.746013 0.034950 0.771071 0.034950 0.771071 0.058625 0.746013 0.058625
1 0.552392 0.227733 0.576310 0.227733 0.576310 0.252536 0.552392 0.252536
1 0.613895 0.215333 0.628701 0.215333 0.628701 0.239008 0.613895 0.239008
1 0.627563 0.201803 0.642369 0.201803 0.642369 0.226607 0.627563 0.226607
1 0.629841 0.229988 0.649203 0.229988 0.649203 0.250281 0.629841 0.250281
1 0.645786 0.245773 0.667426 0.245773 0.667426 0.269448 0.645786 0.269448
1 0.617312 0.250283 0.640092 0.250283 0.640092 0.277340 0.617312 0.277340
1 0.625284 0.288614 0.641230 0.288614 0.641230 0.312289 0.625284 0.312289
1 0.636674 0.305524 0.656036 0.305524 0.656036 0.333709 0.636674 0.333709
1 0.649202 0.290868 0.669704 0.290868 0.669704 0.308906 0.649202 0.308906
1 0.617312 0.312289 0.635536 0.312289 0.635536 0.335964 0.617312 0.335964
1 0.585421 0.298760 0.613895 0.298760 0.613895 0.321308 0.585421 0.321308
1 0.652619 0.204059 0.670843 0.204059 0.670843 0.227734 0.652619 0.227734
1 0.674260 0.199549 0.693622 0.199549 0.693622 0.223224 0.674260 0.223224
1 0.677676 0.227734 0.698178 0.227734 0.698178 0.244645 0.677676 0.244645
1 0.676537 0.246899 0.699317 0.246899 0.699317 0.267192 0.676537 0.267192
1 0.701594 0.240136 0.719817 0.240136 0.719817 0.263811 0.701594 0.263811
1 0.722096 0.252537 0.742597 0.252537 0.742597 0.270575 0.722096 0.270575
1 0.710706 0.271702 0.730068 0.271702 0.730068 0.286358 0.710706 0.286358
1 0.734624 0.270575 0.753986 0.270575 0.753986 0.285231 0.734624 0.285231
1 0.774488 0.272830 0.796128 0.272830 0.796128 0.285230 0.774488 0.285230
1 0.788154 0.245773 0.808656 0.245773 0.808656 0.273958 0.788154 0.273958
1 0.765376 0.250282 0.782460 0.250282 0.782460 0.272830 0.765376 0.272830
1 0.759681 0.231117 0.779043 0.231117 0.779043 0.251410 0.759681 0.251410
1 0.748292 0.209695 0.769932 0.209695 0.769932 0.234498 0.748292 0.234498
1 0.697038 0.217587 0.724374 0.217587 0.724374 0.231117 0.697038 0.231117
1 0.699316 0.196166 0.719817 0.196166 0.719817 0.213078 0.699316 0.213078
1 0.785877 0.215333 0.812073 0.215333 0.812073 0.239008 0.785877 0.239008
1 0.780182 0.181510 0.801822 0.181510 0.801822 0.209696 0.780182 0.209696
1 0.799544 0.202931 0.817768 0.202931 0.817768 0.217587 0.799544 0.217587
1 0.823462 0.161217 0.841686 0.161217 0.841686 0.180383 0.823462 0.180383
1 0.835991 0.183765 0.857631 0.183765 0.857631 0.207440 0.835991 0.207440
1 0.828018 0.207440 0.849658 0.207440 0.849658 0.232244 0.828018 0.232244
1 0.850797 0.206313 0.873577 0.206313 0.873577 0.232243 0.850797 0.232243
1 0.879271 0.211950 0.900911 0.211950 0.900911 0.233372 0.879271 0.233372
1 0.841685 0.234498 0.864465 0.234498 0.864465 0.258174 0.841685 0.258174
1 0.867881 0.234498 0.892939 0.234498 0.892939 0.258174 0.867881 0.258174
1 0.813212 0.252537 0.834852 0.252537 0.834852 0.271703 0.813212 0.271703
1 0.799544 0.272830 0.822324 0.272830 0.822324 0.290868 0.799544 0.290868
1 0.828018 0.266066 0.855354 0.266066 0.855354 0.287487 0.828018 0.287487
1 0.855353 0.259301 0.882689 0.259301 0.882689 0.277339 0.855353 0.277339
1 0.880409 0.263810 0.905467 0.263810 0.905467 0.294250 0.880409 0.294250
1 0.966970 0.246899 0.990888 0.246899 0.990888 0.271703 0.966970 0.271703
1 0.947608 0.179255 0.970388 0.179255 0.970388 0.207440 0.947608 0.207440
1 0.922551 0.222097 0.941913 0.222097 0.941913 0.240135 0.922551 0.240135
1 0.924829 0.191657 0.946469 0.191657 0.946469 0.217587 0.924829 0.217587
1 0.859909 0.178128 0.888383 0.178128 0.888383 0.209696 0.859909 0.209696
1 0.736902 0.291996 0.761960 0.291996 0.761960 0.319053 0.736902 0.319053
1 0.788155 0.308906 0.807517 0.308906 0.807517 0.334836 0.788155 0.334836
1 0.838268 0.315671 0.858770 0.315671 0.858770 0.334837 0.838268 0.334837
1 0.828018 0.307779 0.841686 0.307779 0.841686 0.328072 0.828018 0.328072
1 0.900911 0.295378 0.929385 0.295378 0.929385 0.330327 0.900911 0.330327
1 0.718678 0.313416 0.741458 0.313416 0.741458 0.334837 0.718678 0.334837
1 0.739180 0.325817 0.759682 0.325817 0.759682 0.348365 0.739180 0.348365
1 0.653758 0.363021 0.674260 0.363021 0.674260 0.383315 0.653758 0.383315
1 0.665148 0.337091 0.687928 0.337091 0.687928 0.359639 0.665148 0.359639
1 0.637813 0.342728 0.659453 0.342728 0.659453 0.370914 0.637813 0.370914
1 0.615034 0.355129 0.636674 0.355129 0.636674 0.376551 0.615034 0.376551
1 0.634396 0.375423 0.651480 0.375423 0.651480 0.390079 0.634396 0.390079
1 0.636674 0.388952 0.658314 0.388952 0.658314 0.400226 0.636674 0.400226
1 0.675399 0.369785 0.699317 0.369785 0.699317 0.391207 0.675399 0.391207
1 0.717540 0.340473 0.739180 0.340473 0.739180 0.357384 0.717540 0.357384
1 0.716400 0.366403 0.741458 0.366403 0.741458 0.386696 0.716400 0.386696
1 0.761959 0.349492 0.782461 0.349492 0.782461 0.376549 0.761959 0.376549
1 0.782461 0.341600 0.802962 0.341600 0.802962 0.363021 0.782461 0.363021
1 0.794989 0.365277 0.816629 0.365277 0.816629 0.390080 0.794989 0.390080
1 0.790432 0.394589 0.810934 0.394589 0.810934 0.414882 0.790432 0.414882
1 0.800683 0.410372 0.822323 0.410372 0.822323 0.430665 0.800683 0.430665
1 0.763098 0.391206 0.784738 0.391206 0.784738 0.413754 0.763098 0.413754
1 0.766515 0.417137 0.788155 0.417137 0.788155 0.434048 0.766515 0.434048
1 0.773349 0.432920 0.794989 0.432920 0.794989 0.449831 0.773349 0.449831
1 0.749430 0.428410 0.767654 0.428410 0.767654 0.447576 0.749430 0.447576
1 0.699316 0.399098 0.722096 0.399098 0.722096 0.417136 0.699316 0.417136
1 0.739180 0.356257 0.760820 0.356257 0.760820 0.388951 0.739180 0.388951
1 0.726652 0.405863 0.748292 0.405863 0.748292 0.429538 0.726652 0.429538
1 0.771071 0.464487 0.794989 0.464487 0.794989 0.481399 0.771071 0.481399
1 0.890660 0.378804 0.911162 0.378804 0.911162 0.400226 0.890660 0.400226
1 0.699317 0.312289 0.718679 0.312289 0.718679 0.330327 0.699317 0.330327
1 0.936219 0.376550 0.966971 0.376550 0.966971 0.399098 0.936219 0.399098
1 0.976082 0.402481 0.997722 0.402481 0.997722 0.422774 0.976082 0.422774
1 0.952164 0.410372 0.973804 0.410372 0.973804 0.431793 0.952164 0.431793
1 0.930524 0.431793 0.952164 0.431793 0.952164 0.452086 0.930524 0.452086
1 0.907745 0.385570 0.927107 0.385570 0.927107 0.410373 0.907745 0.410373
1 0.906606 0.412627 0.924830 0.412627 0.924830 0.431793 0.906606 0.431793
1 0.927107 0.409244 0.948747 0.409244 0.948747 0.425028 0.927107 0.425028
1 0.925968 0.320181 0.949886 0.320181 0.949886 0.338219 0.925968 0.338219
1 0.899772 0.343856 0.927108 0.343856 0.927108 0.361894 0.899772 0.361894
1 0.924829 0.354002 0.946469 0.354002 0.946469 0.374296 0.924829 0.374296
1 0.952164 0.351747 0.974944 0.351747 0.974944 0.370913 0.952164 0.370913
1 0.806378 0.339345 0.830296 0.339345 0.830296 0.360766 0.806378 0.360766
1 0.896355 0.484781 0.914579 0.484781 0.914579 0.511838 0.896355 0.511838
1 0.768792 0.483652 0.789294 0.483652 0.789294 0.503945 0.768792 0.503945
1 0.500000 0.426155 0.520502 0.426155 0.520502 0.445321 0.500000 0.445321
1 0.520501 0.417136 0.538725 0.417136 0.538725 0.432920 0.520501 0.432920
1 0.542141 0.393462 0.561503 0.393462 0.561503 0.420519 0.542141 0.420519
1 0.566059 0.399098 0.591117 0.399098 0.591117 0.421646 0.566059 0.421646
1 0.562643 0.381059 0.579727 0.381059 0.579727 0.397971 0.562643 0.397971
1 0.538725 0.369785 0.555809 0.369785 0.555809 0.390078 0.538725 0.390078
1 0.553530 0.359640 0.571754 0.359640 0.571754 0.379933 0.553530 0.379933
1 0.586560 0.351747 0.604784 0.351747 0.604784 0.372040 0.586560 0.372040
1 0.578587 0.367531 0.601367 0.367531 0.601367 0.390079 0.578587 0.390079
1 0.383827 0.399099 0.403189 0.399099 0.403189 0.419392 0.383827 0.419392
1 0.406606 0.401353 0.428246 0.401353 0.428246 0.419391 0.406606 0.419391
1 0.436219 0.406990 0.456720 0.406990 0.456720 0.423901 0.436219 0.423901
1 0.457859 0.411499 0.477221 0.411499 0.477221 0.432920 0.457859 0.432920
1 0.446469 0.434047 0.468109 0.434047 0.468109 0.455468 0.446469 0.455468
1 0.396356 0.446448 0.416857 0.446448 0.416857 0.459977 0.396356 0.459977
1 0.406606 0.429538 0.427107 0.429538 0.427107 0.452086 0.406606 0.452086
1 0.427107 0.428410 0.444191 0.428410 0.444191 0.452085 0.427107 0.452085
1 0.419134 0.466741 0.440774 0.466741 0.440774 0.490416 0.419134 0.490416
1 0.380410 0.487035 0.400911 0.487035 0.400911 0.512965 0.380410 0.512965
1 0.395217 0.470124 0.412301 0.470124 0.412301 0.488162 0.395217 0.488162
1 0.416857 0.496054 0.431663 0.496054 0.431663 0.511838 0.416857 0.511838
1 0.398633 0.527622 0.420273 0.527622 0.420273 0.547914 0.398633 0.547914
1 0.366743 0.519729 0.386105 0.519729 0.386105 0.538895 0.366743 0.538895
1 0.356492 0.500564 0.375854 0.500564 0.375854 0.523112 0.356492 0.523112
1 0.370160 0.418264 0.386105 0.418264 0.386105 0.437430 0.370160 0.437430
1 0.359909 0.440812 0.382688 0.440812 0.382688 0.459978 0.359909 0.459978
1 0.320045 0.425028 0.338268 0.425028 0.338268 0.444194 0.320045 0.444194
1 0.358770 0.464486 0.375854 0.464486 0.375854 0.489289 0.358770 0.489289
1 0.345102 0.456595 0.356492 0.456595 0.356492 0.480270 0.345102 0.480270
1 0.317768 0.446449 0.337130 0.446449 0.337130 0.465615 0.317768 0.465615
1 0.306378 0.435175 0.320045 0.435175 0.320045 0.461105 0.306378 0.461105
1 0.334852 0.487036 0.355353 0.487036 0.355353 0.510711 0.334852 0.510711
1 0.302961 0.494927 0.320045 0.494927 0.320045 0.512965 0.302961 0.512965
1 0.282461 0.505073 0.300683 0.505073 0.300683 0.528749 0.282461 0.528749
1 0.334852 0.517475 0.356492 0.517475 0.356492 0.534385 0.334852 0.534385
1 0.582005 0.426156 0.601367 0.426156 0.601367 0.446449 0.582005 0.446449
1 0.346242 0.538896 0.367882 0.538896 0.367882 0.559188 0.346242 0.559188
1 0.375854 0.540023 0.394077 0.540023 0.394077 0.560315 0.375854 0.560315
1 0.395217 0.553551 0.411162 0.553551 0.411162 0.571589 0.395217 0.571589
1 0.373576 0.564826 0.390660 0.564826 0.390660 0.585118 0.373576 0.585118
1 0.351936 0.562571 0.369020 0.562571 0.369020 0.582863 0.351936 0.582863
1 0.322324 0.552424 0.343964 0.552424 0.343964 0.573844 0.322324 0.573844
1 0.330296 0.580609 0.347380 0.580609 0.347380 0.603157 0.330296 0.603157
1 0.349658 0.586246 0.369020 0.586246 0.369020 0.605412 0.349658 0.605412
1 0.333713 0.606540 0.355353 0.606540 0.355353 0.630214 0.333713 0.630214
1 0.359909 0.599775 0.379271 0.599775 0.379271 0.625705 0.359909 0.625705
1 0.361048 0.627959 0.383827 0.627959 0.383827 0.647125 0.361048 0.647125
1 0.412301 0.618941 0.435080 0.618941 0.435080 0.640361 0.412301 0.640361
1 0.408884 0.593010 0.429385 0.593010 0.429385 0.611048 0.408884 0.611048
1 0.324601 0.633597 0.342824 0.633597 0.342824 0.655017 0.324601 0.655017
1 0.323462 0.666291 0.347380 0.666291 0.347380 0.682075 0.323462 0.682075
1 0.343964 0.642616 0.363326 0.642616 0.363326 0.670800 0.343964 0.670800
1 0.424829 0.630214 0.446469 0.630214 0.446469 0.653890 0.424829 0.653890
1 0.463553 0.661782 0.492027 0.661782 0.492027 0.685456 0.463553 0.685456
1 0.484054 0.688839 0.502278 0.688839 0.502278 0.708005 0.484054 0.708005
1 0.529612 0.684329 0.547836 0.684329 0.547836 0.706877 0.529612 0.706877
1 0.509112 0.692221 0.526196 0.692221 0.526196 0.719279 0.509112 0.719279
1 0.552391 0.683202 0.572893 0.683202 0.572893 0.704622 0.552391 0.704622
1 0.576310 0.683202 0.595672 0.683202 0.595672 0.704622 0.576310 0.704622
1 0.579727 0.653889 0.596811 0.653889 0.596811 0.666291 0.579727 0.666291
1 0.560365 0.657272 0.579727 0.657272 0.579727 0.668546 0.560365 0.668546
1 0.597950 0.687712 0.609340 0.687712 0.609340 0.705750 0.597950 0.705750
1 0.611617 0.696730 0.634397 0.696730 0.634397 0.715896 0.611617 0.715896
1 0.625285 0.674183 0.646925 0.674183 0.646925 0.691093 0.625285 0.691093
1 0.645785 0.680947 0.664009 0.680947 0.664009 0.693349 0.645785 0.693349
1 0.638952 0.696731 0.662870 0.696731 0.662870 0.721533 0.638952 0.721533
1 0.664009 0.685456 0.681093 0.685456 0.681093 0.704622 0.664009 0.704622
1 0.683371 0.693349 0.703873 0.693349 0.703873 0.714769 0.683371 0.714769
1 0.658314 0.660654 0.677676 0.660654 0.677676 0.679820 0.658314 0.679820
1 0.673121 0.643743 0.690205 0.643743 0.690205 0.662909 0.673121 0.662909
1 0.679954 0.667419 0.700456 0.667419 0.700456 0.688839 0.679954 0.688839
1 0.697039 0.648252 0.715262 0.648252 0.715262 0.667418 0.697039 0.667418
1 0.690204 0.624577 0.715262 0.624577 0.715262 0.642615 0.690204 0.642615
1 0.711845 0.631341 0.733485 0.631341 0.733485 0.652762 0.711845 0.652762
1 0.730068 0.622323 0.749430 0.622323 0.749430 0.642615 0.730068 0.642615
1 0.741457 0.599774 0.761959 0.599774 0.761959 0.618940 0.741457 0.618940
1 0.724374 0.588501 0.744875 0.588501 0.744875 0.612175 0.724374 0.612175
1 0.742597 0.562571 0.759681 0.562571 0.759681 0.590755 0.742597 0.590755
1 0.719817 0.656144 0.740319 0.656144 0.740319 0.674182 0.719817 0.674182
1 0.741458 0.642616 0.760820 0.642616 0.760820 0.662908 0.741458 0.662908
1 0.782461 0.607666 0.802962 0.607666 0.802962 0.627959 0.782461 0.627959
1 0.796128 0.623450 0.817768 0.623450 0.817768 0.642616 0.796128 0.642616
1 0.804100 0.647126 0.825740 0.647126 0.825740 0.667418 0.804100 0.667418
1 0.822324 0.597519 0.843964 0.597519 0.843964 0.621195 0.822324 0.621195
1 0.823463 0.563698 0.842825 0.563698 0.842825 0.583990 0.823463 0.583990
1 0.711845 0.684329 0.728929 0.684329 0.728929 0.705749 0.711845 0.705749
1 0.703872 0.706877 0.717539 0.706877 0.717539 0.728297 0.703872 0.728297
1 0.735763 0.666291 0.753987 0.666291 0.753987 0.685457 0.735763 0.685457
1 0.761959 0.657272 0.775626 0.657272 0.775626 0.671928 0.761959 0.671928
1 0.797266 0.537768 0.822324 0.537768 0.822324 0.567080 0.797266 0.567080
1 0.821185 0.540022 0.835991 0.540022 0.835991 0.559188 0.821185 0.559188
1 0.752848 0.517475 0.768793 0.517475 0.768793 0.542277 0.752848 0.542277
1 0.776765 0.520857 0.798405 0.520857 0.798405 0.543405 0.776765 0.543405
1 0.759681 0.533258 0.782461 0.533258 0.782461 0.559188 0.759681 0.559188
1 0.534168 0.717024 0.554670 0.717024 0.554670 0.730552 0.534168 0.730552
1 0.567198 0.704622 0.585422 0.704622 0.585422 0.727170 0.567198 0.727170
1 0.587699 0.710260 0.609339 0.710260 0.609339 0.730552 0.587699 0.730552
1 0.355353 0.711387 0.379271 0.711387 0.379271 0.730553 0.355353 0.730553
1 0.338269 0.698986 0.355353 0.698986 0.355353 0.727170 0.338269 0.727170
1 0.387244 0.720406 0.411162 0.720406 0.411162 0.737316 0.387244 0.737316
1 0.842824 0.571590 0.863326 0.571590 0.863326 0.600902 0.842824 0.600902
1 0.856492 0.591883 0.874716 0.591883 0.874716 0.614431 0.856492 0.614431
1 0.879271 0.594137 0.898633 0.594137 0.898633 0.616685 0.879271 0.616685
1 0.866742 0.564825 0.887244 0.564825 0.887244 0.587373 0.866742 0.587373
1 0.891800 0.568207 0.908884 0.568207 0.908884 0.591883 0.891800 0.591883
1 0.856492 0.520857 0.880410 0.520857 0.880410 0.540023 0.856492 0.540023
1 0.906606 0.503946 0.932802 0.503946 0.932802 0.535512 0.906606 0.535512
1 0.833713 0.618940 0.855353 0.618940 0.855353 0.645998 0.833713 0.645998
1 0.849658 0.630215 0.869020 0.630215 0.869020 0.650507 0.849658 0.650507
1 0.733485 0.693348 0.755125 0.693348 0.755125 0.712514 0.733485 0.712514
1 0.758542 0.679819 0.780182 0.679819 0.780182 0.698985 0.758542 0.698985
1 0.784738 0.686585 0.801822 0.686585 0.801822 0.706877 0.784738 0.706877
1 0.756264 0.722661 0.777904 0.722661 0.777904 0.736189 0.756264 0.736189
1 0.756265 0.702368 0.769932 0.702368 0.769932 0.715896 0.756265 0.715896
1 0.856492 0.701240 0.889522 0.701240 0.889522 0.719278 0.856492 0.719278
1 0.944191 0.660654 0.964693 0.660654 0.964693 0.680946 0.944191 0.680946
1 0.949886 0.683202 0.969248 0.683202 0.969248 0.702368 0.949886 0.702368
1 0.969248 0.666291 0.986332 0.666291 0.986332 0.684329 0.969248 0.684329
1 0.966970 0.689967 0.990888 0.689967 0.990888 0.710259 0.966970 0.710259
1 0.955581 0.645998 0.972665 0.645998 0.972665 0.664036 0.955581 0.664036
1 0.973804 0.633596 0.996584 0.633596 0.996584 0.660654 0.973804 0.660654
1 0.968109 0.606539 0.996583 0.606539 0.996583 0.631341 0.968109 0.631341
1 0.903189 0.674183 0.927107 0.674183 0.927107 0.693349 0.903189 0.693349
1 0.964693 0.534386 0.981777 0.534386 0.981777 0.547914 0.964693 0.547914
1 0.965831 0.492671 0.989749 0.492671 0.989749 0.517474 0.965831 0.517474
1 0.965831 0.447576 0.993167 0.447576 0.993167 0.481398 0.965831 0.481398
1 0.825740 0.447576 0.853076 0.447576 0.853076 0.471251 0.825740 0.471251
1 0.916856 0.587374 0.930524 0.587374 0.930524 0.607666 0.916856 0.607666
1 0.887244 0.621195 0.911162 0.621195 0.911162 0.640361 0.887244 0.640361
1 0.876993 0.652762 0.907745 0.652762 0.907745 0.679820 0.876993 0.679820
1 0.954442 0.777904 0.972666 0.777904 0.972666 0.801578 0.954442 0.801578
1 0.913440 0.731680 0.930524 0.731680 0.930524 0.750846 0.913440 0.750846
1 0.891800 0.757610 0.913440 0.757610 0.913440 0.788050 0.891800 0.788050
1 0.864465 0.777904 0.886105 0.777904 0.886105 0.801578 0.864465 0.801578
1 0.943052 0.718151 0.971526 0.718151 0.971526 0.740699 0.943052 0.740699
1 0.954442 0.740699 0.973804 0.740699 0.973804 0.765501 0.954442 0.765501
1 0.924829 0.751973 0.954443 0.751973 0.954443 0.782413 0.924829 0.782413
1 0.917995 0.785794 0.940775 0.785794 0.940775 0.809470 0.917995 0.809470
1 0.938497 0.789177 0.953303 0.789177 0.953303 0.810597 0.938497 0.810597
1 0.898633 0.786923 0.916857 0.786923 0.916857 0.815107 0.898633 0.815107
1 0.940774 0.820744 0.958998 0.820744 0.958998 0.844420 0.940774 0.844420
1 0.954442 0.810598 0.976082 0.810598 0.976082 0.834272 0.954442 0.834272
1 0.947608 0.856821 0.971526 0.856821 0.971526 0.874859 0.947608 0.874859
1 0.912301 0.865840 0.931663 0.865840 0.931663 0.890643 0.912301 0.890643
1 0.831435 0.865840 0.857631 0.865840 0.857631 0.886132 0.831435 0.886132
1 0.822323 0.886132 0.845103 0.886132 0.845103 0.907553 0.822323 0.907553
1 0.917995 0.898535 0.941913 0.898535 0.941913 0.922209 0.917995 0.922209
1 0.944191 0.878241 0.971527 0.878241 0.971527 0.889515 0.944191 0.889515
1 0.955580 0.890643 0.980638 0.890643 0.980638 0.919955 0.955580 0.919955
1 0.949886 0.949267 0.969248 0.949267 0.969248 0.965051 0.949886 0.965051
1 0.960137 0.937993 0.986333 0.937993 0.986333 0.961669 0.960137 0.961669
1 0.863325 0.910936 0.888383 0.910936 0.888383 0.940248 0.863325 0.940248
1 0.767653 0.913191 0.783599 0.913191 0.783599 0.934611 0.767653 0.934611
1 0.761959 0.874859 0.782461 0.874859 0.782461 0.889515 0.761959 0.889515
1 0.756264 0.891770 0.773348 0.891770 0.773348 0.907554 0.756264 0.907554
1 0.740319 0.862458 0.757403 0.862458 0.757403 0.883879 0.740319 0.883879
1 0.750570 0.935738 0.769932 0.935738 0.769932 0.958286 0.750570 0.958286
1 0.742597 0.965051 0.764237 0.965051 0.764237 0.984217 0.742597 0.984217
1 0.719817 0.962797 0.740319 0.962797 0.740319 0.983089 0.719817 0.983089
1 0.708428 0.937993 0.730068 0.937993 0.730068 0.956031 0.708428 0.956031
1 0.731207 0.952649 0.747152 0.952649 0.747152 0.963923 0.731207 0.963923
1 0.697039 0.930101 0.711845 0.930101 0.711845 0.945885 0.697039 0.945885
1 0.705011 0.903043 0.725513 0.903043 0.725513 0.927846 0.705011 0.927846
1 0.705011 0.878241 0.720957 0.878241 0.720957 0.896279 0.705011 0.896279
1 0.644647 0.918828 0.662871 0.918828 0.662871 0.935738 0.644647 0.935738
1 0.662870 0.908681 0.683372 0.908681 0.683372 0.927847 0.662870 0.927847
1 0.681093 0.887261 0.699317 0.887261 0.699317 0.910935 0.681093 0.910935
1 0.687927 0.915445 0.699317 0.915445 0.699317 0.927847 0.687927 0.927847
1 0.621868 0.909809 0.638952 0.909809 0.638952 0.937993 0.621868 0.937993
1 0.650341 0.891771 0.670843 0.891771 0.670843 0.912063 0.650341 0.912063
1 0.626423 0.883878 0.646925 0.883878 0.646925 0.898534 0.626423 0.898534
1 0.649203 0.880496 0.666287 0.880496 0.666287 0.896280 0.649203 0.896280
1 0.651480 0.846674 0.671982 0.846674 0.671982 0.870350 0.651480 0.870350
1 0.637813 0.859075 0.653759 0.859075 0.653759 0.878241 0.637813 0.878241
1 0.616173 0.866967 0.640091 0.866967 0.640091 0.886133 0.616173 0.886133
1 0.651481 0.816235 0.670843 0.816235 0.670843 0.841037 0.651481 0.841037
1 0.669704 0.832019 0.685650 0.832019 0.685650 0.848930 0.669704 0.848930
1 0.630979 0.819616 0.649203 0.819616 0.649203 0.843292 0.630979 0.843292
1 0.624145 0.839910 0.637813 0.839910 0.637813 0.857948 0.624145 0.857948
1 0.673121 0.788050 0.697039 0.788050 0.697039 0.809470 0.673121 0.809470
1 0.650342 0.791432 0.671982 0.791432 0.671982 0.810598 0.650342 0.810598
1 0.687927 0.765502 0.708429 0.765502 0.708429 0.789176 0.687927 0.789176
1 0.701595 0.741827 0.723235 0.741827 0.723235 0.766629 0.701595 0.766629
1 0.724374 0.729425 0.744875 0.729425 0.744875 0.747463 0.724374 0.747463
1 0.630979 0.771139 0.658315 0.771139 0.658315 0.788049 0.630979 0.788049
1 0.662870 0.770011 0.682232 0.770011 0.682232 0.788049 0.662870 0.788049
1 0.661731 0.750846 0.683371 0.750846 0.683371 0.768884 0.661731 0.768884
1 0.638952 0.746336 0.657176 0.746336 0.657176 0.765502 0.638952 0.765502
1 0.625285 0.789177 0.649203 0.789177 0.649203 0.808343 0.625285 0.808343
1 0.784738 0.975197 0.802961 0.975197 0.802961 0.997745 0.784738 0.997745
1 0.924829 0.969560 0.954443 0.969560 0.954443 0.996618 0.924829 0.996618
1 0.970387 0.977453 0.995445 0.977453 0.995445 0.997745 0.970387 0.997745
1 0.537586 0.963923 0.571754 0.963923 0.571754 0.997745 0.537586 0.997745
1 0.551253 0.931229 0.570615 0.931229 0.570615 0.954905 0.551253 0.954905
1 0.561503 0.905299 0.582005 0.905299 0.582005 0.927847 0.561503 0.927847
1 0.578588 0.882751 0.595672 0.882751 0.595672 0.901917 0.578588 0.901917
1 0.552391 0.889515 0.575171 0.889515 0.575171 0.907553 0.552391 0.907553
1 0.555809 0.873731 0.572893 0.873731 0.572893 0.886133 0.555809 0.886133
1 0.603645 0.845547 0.620729 0.845547 0.620729 0.866968 0.603645 0.866968
1 0.602505 0.910935 0.618451 0.910935 0.618451 0.937993 0.602505 0.937993
1 0.599088 0.890643 0.621868 0.890643 0.621868 0.904171 0.599088 0.904171
1 0.577448 0.847802 0.597950 0.847802 0.597950 0.873732 0.577448 0.873732
1 0.527334 0.869222 0.550114 0.869222 0.550114 0.890643 0.527334 0.890643
1 0.503416 0.872604 0.523918 0.872604 0.523918 0.890642 0.503416 0.890642
1 0.498861 0.896279 0.522779 0.896279 0.522779 0.912063 0.498861 0.912063
1 0.587699 0.829763 0.610479 0.829763 0.610479 0.844419 0.587699 0.844419
1 0.589977 0.812852 0.616173 0.812852 0.616173 0.830890 0.589977 0.830890
1 0.592255 0.776776 0.615035 0.776776 0.615035 0.797068 0.592255 0.797068
1 0.607062 0.763247 0.630980 0.763247 0.630980 0.782413 0.607062 0.782413
1 0.681093 0.730552 0.700455 0.730552 0.700455 0.753100 0.681093 0.753100
1 0.653759 0.729425 0.675399 0.729425 0.675399 0.748591 0.653759 0.748591
1 0.579727 0.731680 0.596811 0.731680 0.596811 0.750846 0.579727 0.750846
1 0.556947 0.731680 0.577449 0.731680 0.577449 0.748590 0.556947 0.748590
1 0.579726 0.756482 0.597950 0.756482 0.597950 0.775648 0.579726 0.775648
1 0.526195 0.736190 0.551253 0.736190 0.551253 0.757610 0.526195 0.757610
1 0.500000 0.728298 0.520502 0.728298 0.520502 0.753100 0.500000 0.753100
1 0.361048 0.733935 0.384966 0.733935 0.384966 0.754227 0.361048 0.754227
1 0.400912 0.740699 0.419135 0.740699 0.419135 0.765501 0.400912 0.765501
1 0.424830 0.731680 0.449887 0.731680 0.449887 0.753100 0.424830 0.753100
1 0.384966 0.757610 0.402050 0.757610 0.402050 0.773394 0.384966 0.773394
1 0.371298 0.776776 0.392938 0.776776 0.392938 0.793686 0.371298 0.793686
1 0.359909 0.763247 0.379271 0.763247 0.379271 0.781285 0.359909 0.781285
1 0.339408 0.750845 0.358770 0.750845 0.358770 0.766629 0.339408 0.766629
1 0.416857 0.838782 0.437358 0.838782 0.437358 0.854566 0.416857 0.854566
1 0.431663 0.864712 0.443053 0.864712 0.443053 0.888388 0.431663 0.888388
1 0.443052 0.850056 0.464692 0.850056 0.464692 0.869222 0.443052 0.869222
1 0.452165 0.875986 0.474944 0.875986 0.474944 0.891770 0.452165 0.891770
1 0.478360 0.875987 0.500000 0.875987 0.500000 0.896279 0.478360 0.896279
1 0.407745 0.857949 0.429385 0.857949 0.429385 0.871477 0.407745 0.871477
1 0.410023 0.873732 0.430524 0.873732 0.430524 0.897406 0.410023 0.897406
1 0.390661 0.870349 0.408884 0.870349 0.408884 0.892897 0.390661 0.892897
1 0.371299 0.871477 0.384966 0.871477 0.384966 0.882751 0.371299 0.882751
1 0.390661 0.892898 0.411162 0.892898 0.411162 0.914318 0.390661 0.914318
1 0.457859 0.897407 0.487472 0.897407 0.487472 0.913191 0.457859 0.913191
1 0.414579 0.905299 0.437358 0.905299 0.437358 0.936865 0.414579 0.936865
1 0.440775 0.913190 0.457859 0.913190 0.457859 0.932356 0.440775 0.932356
1 0.355353 0.888388 0.379271 0.888388 0.379271 0.912062 0.355353 0.912062
1 0.373576 0.820744 0.406606 0.820744 0.406606 0.844420 0.373576 0.844420
1 0.359909 0.844419 0.392939 0.844419 0.392939 0.863585 0.359909 0.863585
1 0.338269 0.860203 0.354214 0.860203 0.354214 0.880495 0.338269 0.880495
1 0.335991 0.919955 0.357631 0.919955 0.357631 0.940247 0.335991 0.940247
1 0.546697 0.750846 0.564921 0.750846 0.564921 0.771138 0.546697 0.771138
1 0.487472 0.971815 0.511390 0.971815 0.511390 0.990981 0.487472 0.990981
1 0.511390 0.941375 0.533030 0.941375 0.533030 0.978579 0.511390 0.978579
1 0.489749 0.927847 0.511389 0.927847 0.511389 0.947013 0.489749 0.947013
1 0.485194 0.948140 0.504556 0.948140 0.504556 0.966178 0.485194 0.966178
1 0.465832 0.960541 0.485194 0.960541 0.485194 0.981961 0.465832 0.981961
1 0.465832 0.925592 0.486333 0.925592 0.486333 0.953776 0.465832 0.953776
1 0.447609 0.931229 0.468110 0.931229 0.468110 0.958287 0.447609 0.958287
1 0.438497 0.961668 0.461276 0.961668 0.461276 0.980834 0.438497 0.980834
1 0.430525 0.941375 0.448748 0.941375 0.448748 0.963923 0.430525 0.963923
1 0.412301 0.934611 0.429385 0.934611 0.429385 0.956031 0.412301 0.956031
1 0.378132 0.926720 0.400911 0.926720 0.400911 0.951522 0.378132 0.951522
1 0.423691 0.983089 0.441914 0.983089 0.441914 0.998873 0.423691 0.998873
1 0.390661 0.961669 0.422552 0.961669 0.422552 0.983089 0.390661 0.983089
1 0.358770 0.952650 0.376993 0.952650 0.376993 0.969560 0.358770 0.969560
1 0.358770 0.974070 0.382688 0.974070 0.382688 0.995490 0.358770 0.995490
1 0.266514 0.956032 0.287015 0.956032 0.287015 0.976324 0.266514 0.976324
1 0.298405 0.936866 0.316628 0.936866 0.316628 0.956032 0.298405 0.956032
1 0.337130 0.947012 0.358770 0.947012 0.358770 0.972942 0.337130 0.972942
1 0.312073 0.937993 0.335991 0.937993 0.335991 0.968433 0.312073 0.968433
1 0.314351 0.880496 0.335991 0.880496 0.335991 0.898534 0.314351 0.898534
1 0.306378 0.903043 0.329157 0.903043 0.329157 0.927846 0.306378 0.927846
1 0.284738 0.878241 0.313212 0.878241 0.313212 0.915445 0.284738 0.915445
1 0.302961 0.836528 0.324601 0.836528 0.324601 0.856820 0.302961 0.856820
1 0.307517 0.810598 0.332574 0.810598 0.332574 0.828636 0.307517 0.828636
1 0.208428 0.954905 0.225512 0.954905 0.225512 0.979707 0.208428 0.979707
1 0.190204 0.930101 0.215261 0.930101 0.215261 0.952649 0.190204 0.952649
1 0.160592 0.921082 0.182232 0.921082 0.182232 0.939120 0.160592 0.939120
1 0.187927 0.875987 0.209567 0.875987 0.209567 0.899661 0.187927 0.899661
1 0.238041 0.865840 0.261959 0.865840 0.261959 0.891770 0.238041 0.891770
1 0.230068 0.811725 0.251708 0.811725 0.251708 0.833145 0.230068 0.833145
1 0.209568 0.822999 0.230069 0.822999 0.230069 0.845547 0.209568 0.845547
1 0.228930 0.838782 0.246014 0.838782 0.246014 0.861330 0.228930 0.861330
1 0.179955 0.856820 0.195900 0.856820 0.195900 0.880496 0.179955 0.880496
1 0.152620 0.963923 0.170843 0.963923 0.170843 0.983089 0.152620 0.983089
1 0.146925 0.895153 0.168565 0.895153 0.168565 0.915445 0.146925 0.915445
1 0.141230 0.914318 0.158314 0.914318 0.158314 0.932356 0.141230 0.932356
1 0.124145 0.891770 0.142368 0.891770 0.142368 0.914318 0.124145 0.914318
1 0.088838 0.873732 0.112756 0.873732 0.112756 0.888388 0.088838 0.888388
1 0.174260 0.943631 0.195900 0.943631 0.195900 0.963923 0.174260 0.963923
1 0.145786 0.937993 0.167426 0.937993 0.167426 0.959413 0.145786 0.959413
1 0.082005 0.943630 0.103645 0.943630 0.103645 0.966178 0.082005 0.966178
1 0.020502 0.939121 0.041002 0.939121 0.041002 0.953777 0.020502 0.953777
1 0.058086 0.941375 0.078587 0.941375 0.078587 0.956031 0.058086 0.956031
1 0.041003 0.916573 0.068338 0.916573 0.068338 0.941375 0.041003 0.941375
1 0.080866 0.899662 0.107062 0.899662 0.107062 0.924464 0.080866 0.924464
1 0.116174 0.875987 0.134397 0.875987 0.134397 0.892897 0.116174 0.892897
1 0.179954 0.792559 0.206150 0.792559 0.206150 0.811725 0.179954 0.811725
1 0.148064 0.811725 0.169704 0.811725 0.169704 0.832017 0.148064 0.832017
1 0.149203 0.786923 0.171982 0.786923 0.171982 0.807215 0.149203 0.807215
1 0.063781 0.878242 0.085421 0.878242 0.085421 0.899662 0.063781 0.899662
1 0.043280 0.886133 0.064920 0.886133 0.064920 0.908681 0.043280 0.908681
1 0.017084 0.870350 0.039863 0.870350 0.039863 0.896280 0.017084 0.896280
1 0.051253 0.802706 0.078588 0.802706 0.078588 0.821872 0.051253 0.821872
1 0.054669 0.773394 0.079726 0.773394 0.079726 0.790304 0.054669 0.790304
1 0.094533 0.758737 0.121868 0.758737 0.121868 0.784667 0.094533 0.784667
1 0.125284 0.784668 0.148063 0.784668 0.148063 0.804960 0.125284 0.804960
1 0.125285 0.729425 0.140091 0.729425 0.140091 0.759865 0.125285 0.759865
1 0.021641 0.750846 0.039864 0.750846 0.039864 0.771138 0.021641 0.771138
1 0.037585 0.750846 0.058086 0.750846 0.058086 0.773394 0.037585 0.773394
1 0.059226 0.727170 0.080866 0.727170 0.080866 0.750846 0.059226 0.750846
1 0.006833 0.730552 0.029612 0.730552 0.029612 0.754228 0.006833 0.754228
1 0.023918 0.711387 0.059226 0.711387 0.059226 0.739571 0.023918 0.739571
1 0.037585 0.691094 0.059225 0.691094 0.059225 0.719278 0.037585 0.719278
1 0.029612 0.666291 0.054669 0.666291 0.054669 0.685457 0.029612 0.685457
1 0.013668 0.686584 0.033030 0.686584 0.033030 0.708004 0.013668 0.708004
1 0.047836 0.564825 0.078588 0.564825 0.078588 0.594137 0.047836 0.594137
1 0.059225 0.596392 0.087699 0.596392 0.087699 0.623450 0.059225 0.623450
1 0.113896 0.660654 0.134397 0.660654 0.134397 0.682074 0.113896 0.682074
1 0.164010 0.697859 0.191345 0.697859 0.191345 0.718151 0.164010 0.718151
1 0.170843 0.677565 0.191343 0.677565 0.191343 0.693349 0.170843 0.693349
1 0.127562 0.679819 0.150341 0.679819 0.150341 0.695603 0.127562 0.695603
1 0.170843 0.640361 0.191343 0.640361 0.191343 0.656145 0.170843 0.656145
1 0.152620 0.651634 0.178816 0.651634 0.178816 0.678692 0.152620 0.678692
1 0.099089 0.635851 0.121868 0.635851 0.121868 0.653889 0.099089 0.653889
1 0.119590 0.625704 0.145786 0.625704 0.145786 0.642615 0.119590 0.642615
1 0.255125 0.667418 0.279043 0.667418 0.279043 0.691094 0.255125 0.691094
1 0.285877 0.645998 0.307517 0.645998 0.307517 0.662908 0.285877 0.662908
1 0.290433 0.624578 0.305239 0.624578 0.305239 0.641488 0.290433 0.641488
1 0.308657 0.650508 0.324601 0.650508 0.324601 0.667418 0.308657 0.667418
1 0.127562 0.589628 0.150341 0.589628 0.150341 0.617812 0.127562 0.617812
1 0.152619 0.568208 0.173120 0.568208 0.173120 0.589628 0.152619 0.589628
1 0.119591 0.567080 0.140092 0.567080 0.140092 0.581736 0.119591 0.581736
1 0.161731 0.587374 0.190205 0.587374 0.190205 0.625704 0.161731 0.625704
1 0.217539 0.603157 0.238040 0.603157 0.238040 0.622323 0.217539 0.622323
1 0.199317 0.598647 0.216401 0.598647 0.216401 0.618940 0.199317 0.618940
1 0.236902 0.595265 0.253986 0.595265 0.253986 0.615557 0.236902 0.615557
1 0.234624 0.578354 0.258542 0.578354 0.258542 0.590756 0.234624 0.590756
1 0.250570 0.549042 0.269932 0.549042 0.269932 0.574972 0.250570 0.574972
1 0.266515 0.538895 0.283599 0.538895 0.283599 0.553551 0.266515 0.553551
1 0.233485 0.561443 0.250569 0.561443 0.250569 0.571589 0.233485 0.571589
1 0.834852 0.744081 0.851936 0.744081 0.851936 0.763247 0.834852 0.763247
1 0.386105 0.638106 0.400911 0.638106 0.400911 0.657272 0.386105 0.657272
1 0.365604 0.651635 0.383827 0.651635 0.383827 0.688839 0.365604 0.688839
1 0.003416 0.528749 0.026196 0.528749 0.026196 0.561443 0.003416 0.561443
1 0.230068 0.333709 0.256264 0.333709 0.256264 0.349493 0.230068 0.349493
1 0.056948 0.420518 0.071754 0.420518 0.071754 0.441939 0.056948 0.441939
1 0.153758 0.282976 0.183371 0.282976 0.183371 0.316798 0.153758 0.316798
1 0.203873 0.302142 0.220957 0.302142 0.220957 0.312289 0.203873 0.312289
1 0.191345 0.320180 0.209567 0.320180 0.209567 0.334836 0.191345 0.334836
1 0.277905 0.423901 0.290433 0.423901 0.290433 0.453213 0.277905 0.453213
1 0.264237 0.392334 0.285877 0.392334 0.285877 0.423901 0.264237 0.423901
1 0.231207 0.190530 0.259681 0.190530 0.259681 0.216460 0.231207 0.216460
1 0.863325 0.735063 0.886105 0.735063 0.886105 0.766629 0.863325 0.766629
1 0.897494 0.697858 0.932802 0.697858 0.932802 0.711386 0.897494 0.711386
1 0.892938 0.719279 0.920274 0.719279 0.920274 0.732807 0.892938 0.732807
1 0.979499 0.801578 0.998861 0.801578 0.998861 0.827508 0.979499 0.827508
1 0.915717 0.826381 0.936219 0.826381 0.936219 0.856821 0.915717 0.856821
2 0.234624 0.160090 0.265376 0.160090 0.265376 0.183765 0.234624 0.183765
