3 0.415384 0.632780 0.550427 0.632780 0.550427 0.836100 0.415384 0.836100
3 0.039316 0.307053 0.184615 0.307053 0.184615 0.429461 0.039316 0.429461
3 0.675213 0.145228 0.779487 0.145228 0.779487 0.298756 0.675213 0.298756
3 0.760684 0.195021 0.861538 0.195021 0.861538 0.352697 0.760684 0.352697
3 0.505983 0.788382 0.581197 0.788382 0.581197 0.941909 0.505983 0.941909
3 0.847863 0.697095 0.924787 0.697095 0.924787 0.838174 0.847863 0.838174
3 0.548717 0.273859 0.632478 0.273859 0.632478 0.346473 0.548717 0.346473
3 0.569231 0.120332 0.676923 0.120332 0.676923 0.284232 0.569231 0.284232
3 0.825641 0.192946 0.947009 0.192946 0.947009 0.275934 0.825641 0.275934
3 0.808547 0.464730 0.919658 0.464730 0.919658 0.595436 0.808547 0.595436
3 0.700854 0.360996 0.887180 0.360996 0.887180 0.512448 0.700854 0.512448
3 0.841026 0.080913 0.994872 0.080913 0.994872 0.232365 0.841026 0.232365
3 0.198290 0.597510 0.324786 0.597510 0.324786 0.680498 0.198290 0.680498
3 0.001709 0.647303 0.111111 0.647303 0.111111 0.759336 0.001709 0.759336
3 0.545299 0.261411 0.699145 0.261411 0.699145 0.491701 0.545299 0.491701
