0 0.017456 0.037628 0.067332 0.037628 0.067332 0.092360 0.017456 0.092360
0 0.115960 0.013683 0.179552 0.013683 0.179552 0.068415 0.115960 0.068415
0 0.109726 0.049031 0.150872 0.049031 0.150872 0.086659 0.109726 0.086659
0 0.134664 0.109464 0.178305 0.109464 0.178305 0.149373 0.134664 0.149373
0 0.190773 0.002280 0.254364 0.002280 0.254364 0.064994 0.190773 0.064994
0 0.241896 0.129988 0.285537 0.129988 0.285537 0.177879 0.241896 0.177879
0 0.276808 0.147092 0.317956 0.147092 0.317956 0.194984 0.276808 0.194984
0 0.295511 0.112884 0.339153 0.112884 0.339153 0.153934 0.295511 0.153934
0 0.208230 0.209806 0.243142 0.209806 0.243142 0.246294 0.208230 0.246294
0 0.375312 0.047891 0.437656 0.047891 0.437656 0.099201 0.375312 0.099201
0 0.416459 0.092361 0.468828 0.092361 0.468828 0.140252 0.416459 0.140252
0 0.458853 0.129989 0.498753 0.129989 0.498753 0.171038 0.458853 0.171038
0 0.509975 0.224630 0.559851 0.224630 0.559851 0.273661 0.509975 0.273661
0 0.480049 0.003420 0.534913 0.003420 0.534913 0.045609 0.480049 0.045609
0 0.119701 0.232611 0.158354 0.232611 0.158354 0.275941 0.119701 0.275941
0 0.190774 0.255416 0.229427 0.255416 0.229427 0.294184 0.190774 0.294184
0 0.048628 0.250855 0.078553 0.250855 0.078553 0.286203 0.048628 0.286203
0 0.214464 0.334094 0.258105 0.334094 0.258105 0.370582 0.214464 0.370582
0 0.275561 0.251995 0.309227 0.251995 0.309227 0.293044 0.275561 0.293044
0 0.294264 0.307868 0.335412 0.307868 0.335412 0.353478 0.294264 0.353478
0 0.366584 0.316990 0.408978 0.316990 0.408978 0.360320 0.366584 0.360320
0 0.447631 0.245154 0.481297 0.245154 0.481297 0.285062 0.447631 0.285062
0 0.341645 0.181300 0.376558 0.181300 0.376558 0.217788 0.341645 0.217788
0 0.417706 0.171038 0.445136 0.171038 0.445136 0.200684 0.417706 0.200684
0 0.433916 0.187001 0.463840 0.187001 0.463840 0.213227 0.433916 0.213227
0 0.053616 0.940707 0.089776 0.940707 0.089776 0.988597 0.053616 0.988597
0 0.228180 0.946408 0.265586 0.946408 0.265586 0.979475 0.228180 0.979475
0 0.158354 0.841505 0.200748 0.841505 0.200748 0.887115 0.158354 0.887115
0 0.160848 0.775370 0.200748 0.775370 0.200748 0.816420 0.160848 0.816420
0 0.249377 0.810718 0.293018 0.810718 0.293018 0.855188 0.249377 0.855188
0 0.067332 0.800456 0.105984 0.800456 0.105984 0.836944 0.067332 0.836944
0 0.076060 0.835804 0.124688 0.835804 0.124688 0.889396 0.076060 0.889396
0 0.091022 0.888256 0.124688 0.888256 0.124688 0.916762 0.091022 0.916762
0 0.130923 0.883695 0.164589 0.883695 0.164589 0.913342 0.130923 0.913342
0 0.349127 0.891676 0.395263 0.891676 0.395263 0.939566 0.349127 0.939566
0 0.280549 0.748005 0.317955 0.748005 0.317955 0.795895 0.280549 0.795895
0 0.402744 0.844926 0.463840 0.844926 0.463840 0.880274 0.402744 0.880274
0 0.340399 0.958951 0.374065 0.958951 0.374065 0.996579 0.340399 0.996579
0 0.399002 0.908779 0.453865 0.908779 0.453865 0.958950 0.399002 0.958950
0 0.467581 0.901938 0.512469 0.901938 0.512469 0.941847 0.467581 0.941847
0 0.492519 0.937287 0.532419 0.937287 0.532419 0.970353 0.492519 0.970353
0 0.417705 0.794755 0.458852 0.794755 0.458852 0.827821 0.417705 0.827821
0 0.049875 0.743444 0.089775 0.743444 0.089775 0.783353 0.049875 0.783353
0 0.003740 0.753706 0.044887 0.753706 0.044887 0.799316 0.003740 0.799316
0 0.024938 0.663626 0.062344 0.663626 0.062344 0.708096 0.024938 0.708096
0 0.440150 0.689852 0.485038 0.689852 0.485038 0.734322 0.440150 0.734322
0 0.488777 0.716077 0.534913 0.716077 0.534913 0.757127 0.488777 0.757127
0 0.526185 0.742304 0.566085 0.742304 0.566085 0.784493 0.526185 0.784493
0 0.463840 0.618016 0.508728 0.618016 0.508728 0.660206 0.463840 0.660206
0 0.296758 0.598631 0.350374 0.598631 0.350374 0.655644 0.296758 0.655644
0 0.578553 0.901938 0.619700 0.901938 0.619700 0.938426 0.578553 0.938426
0 0.584788 0.962372 0.627182 0.962372 0.627182 0.995439 0.584788 0.995439
0 0.002494 0.615735 0.029924 0.615735 0.029924 0.655644 0.002494 0.655644
0 0.032419 0.579247 0.066085 0.579247 0.066085 0.615735 0.032419 0.615735
0 0.059850 0.543900 0.093516 0.543900 0.093516 0.579248 0.059850 0.579248
0 0.014962 0.543900 0.047382 0.543900 0.047382 0.581528 0.014962 0.581528
0 0.168329 0.599772 0.201995 0.599772 0.201995 0.629418 0.168329 0.629418
0 0.214464 0.608894 0.255611 0.608894 0.255611 0.646522 0.214464 0.646522
0 0.113466 0.491449 0.172070 0.491449 0.172070 0.541620 0.113466 0.541620
0 0.076060 0.465222 0.124688 0.465222 0.124688 0.510832 0.076060 0.510832
0 0.002494 0.397948 0.031172 0.397948 0.031172 0.438997 0.002494 0.438997
0 0.012469 0.360319 0.046135 0.360319 0.046135 0.394527 0.012469 0.394527
0 0.054863 0.381984 0.091023 0.381984 0.091023 0.418472 0.054863 0.418472
0 0.002494 0.503991 0.031172 0.503991 0.031172 0.539339 0.002494 0.539339
0 0.261846 0.420752 0.307981 0.420752 0.307981 0.465222 0.261846 0.465222
0 0.351621 0.457241 0.397756 0.457241 0.397756 0.502851 0.351621 0.502851
0 0.389027 0.436716 0.430175 0.436716 0.430175 0.475484 0.389027 0.475484
0 0.463840 0.473205 0.498753 0.473205 0.498753 0.506271 0.463840 0.506271
0 0.507481 0.539338 0.541147 0.539338 0.541147 0.571265 0.507481 0.571265
0 0.650873 0.460662 0.690773 0.460662 0.690773 0.502850 0.650873 0.502850
0 0.488779 0.379703 0.547381 0.379703 0.547381 0.421893 0.488779 0.421893
0 0.423940 0.342075 0.460100 0.342075 0.460100 0.394527 0.423940 0.394527
0 0.153367 0.358039 0.187033 0.358039 0.187033 0.392247 0.153367 0.392247
0 0.263092 0.340936 0.299252 0.340936 0.299252 0.383125 0.263092 0.383125
0 0.895263 0.015964 0.945137 0.015964 0.945137 0.061574 0.895263 0.061574
0 0.537406 0.017104 0.592270 0.017104 0.592270 0.070696 0.537406 0.070696
0 0.617206 0.078677 0.660848 0.078677 0.660848 0.115165 0.617206 0.115165
0 0.599750 0.112884 0.657108 0.112884 0.657108 0.161915 0.599750 0.161915
0 0.592270 0.163056 0.644638 0.163056 0.644638 0.209806 0.592270 0.209806
0 0.658354 0.177879 0.701995 0.177879 0.701995 0.214367 0.658354 0.214367
0 0.733167 0.144812 0.783043 0.144812 0.783043 0.173318 0.733167 0.173318
0 0.741895 0.221208 0.784289 0.221208 0.784289 0.264538 0.741895 0.264538
0 0.864090 0.261118 0.912718 0.261118 0.912718 0.301026 0.864090 0.301026
0 0.703242 0.250854 0.751870 0.250854 0.751870 0.289624 0.703242 0.289624
0 0.667083 0.225770 0.697008 0.225770 0.697008 0.264539 0.667083 0.264539
0 0.830424 0.938427 0.880300 0.938427 0.880300 0.986317 0.830424 0.986317
0 0.910224 0.964652 0.951372 0.964652 0.951372 0.998860 0.910224 0.998860
0 0.736908 0.948689 0.771821 0.948689 0.771821 0.988598 0.736908 0.988598
0 0.715710 0.864310 0.765586 0.864310 0.765586 0.907640 0.715710 0.907640
0 0.730674 0.793615 0.779302 0.793615 0.779302 0.840365 0.730674 0.840365
0 0.788030 0.816420 0.825436 0.816420 0.825436 0.860890 0.788030 0.860890
0 0.881545 0.815279 0.916458 0.815279 0.916458 0.843785 0.881545 0.843785
0 0.957606 0.814140 0.988778 0.814140 0.988778 0.855188 0.957606 0.855188
0 0.761845 0.706955 0.807980 0.706955 0.807980 0.750285 0.761845 0.750285
0 0.720698 0.680730 0.754364 0.680730 0.754364 0.718358 0.720698 0.718358
0 0.806733 0.685291 0.851621 0.685291 0.851621 0.724060 0.806733 0.724060
0 0.806733 0.659065 0.845387 0.659065 0.845387 0.684151 0.806733 0.684151
0 0.865336 0.579247 0.915212 0.579247 0.915212 0.622577 0.865336 0.622577
0 0.917706 0.622577 0.965088 0.622577 0.965088 0.665907 0.917706 0.665907
0 0.965087 0.619156 0.997506 0.619156 0.997506 0.654504 0.965087 0.654504
0 0.920200 0.676169 0.970074 0.676169 0.970074 0.722919 0.920200 0.722919
0 0.933915 0.734321 0.978803 0.734321 0.978803 0.778791 0.933915 0.778791
0 0.814214 0.778791 0.856608 0.778791 0.856608 0.823261 0.814214 0.823261
0 0.735661 0.557583 0.794264 0.557583 0.794264 0.602053 0.735661 0.602053
0 0.935163 0.524515 0.978804 0.524515 0.978804 0.565565 0.935163 0.565565
0 0.731920 0.425313 0.775562 0.425313 0.775562 0.460661 0.731920 0.460661
0 0.645885 0.401369 0.690773 0.401369 0.690773 0.440137 0.645885 0.440137
0 0.936408 0.345496 0.982544 0.345496 0.982544 0.387686 0.936408 0.387686
0 0.906483 0.363740 0.947631 0.363740 0.947631 0.401368 0.906483 0.401368
0 0.824190 0.319270 0.884040 0.319270 0.884040 0.374002 0.824190 0.374002
0 0.793017 0.280501 0.835411 0.280501 0.835411 0.312428 0.793017 0.312428
0 0.543641 0.318130 0.581047 0.318130 0.581047 0.352338 0.543641 0.352338
0 0.574813 0.359179 0.625935 0.359179 0.625935 0.396807 0.574813 0.396807
0 0.699501 0.364880 0.739401 0.364880 0.739401 0.411630 0.699501 0.411630
0 0.229427 0.473204 0.275562 0.473204 0.275562 0.518814 0.229427 0.518814
0 0.068579 0.115165 0.105985 0.115165 0.105985 0.150513 0.068579 0.150513
0 0.628429 0.251996 0.663342 0.251996 0.663342 0.291905 0.628429 0.291905
0 0.720698 0.311288 0.774314 0.311288 0.774314 0.359179 0.720698 0.359179
1 0.379053 0.026226 0.408977 0.026226 0.408977 0.043330 0.379053 0.043330
1 0.430175 0.047891 0.452619 0.047891 0.452619 0.070695 0.430175 0.070695
1 0.751870 0.655644 0.773067 0.655644 0.773067 0.671608 0.751870 0.671608
1 0.008728 0.844925 0.041148 0.844925 0.041148 0.876853 0.008728 0.876853
1 0.406484 0.572406 0.443890 0.572406 0.443890 0.615736 0.406484 0.615736
1 0.375311 0.628278 0.413965 0.628278 0.413965 0.662486 0.375311 0.662486
1 0.264339 0.576967 0.304239 0.576967 0.304239 0.610034 0.264339 0.610034
1 0.197008 0.446979 0.229426 0.446979 0.229426 0.478906 0.197008 0.478906
1 0.153367 0.459520 0.187033 0.459520 0.187033 0.490308 0.153367 0.490308
1 0.483791 0.183580 0.518703 0.183580 0.518703 0.217788 0.483791 0.217788
1 0.892768 0.221209 0.935162 0.221209 0.935162 0.257697 0.892768 0.257697
1 0.915212 0.834664 0.948878 0.834664 0.948878 0.867730 0.915212 0.867730
1 0.855362 0.855188 0.889028 0.855188 0.889028 0.891676 0.855362 0.891676
1 0.352868 0.798175 0.392768 0.798175 0.392768 0.833523 0.352868 0.833523
1 0.314214 0.815279 0.350374 0.815279 0.350374 0.849487 0.314214 0.849487
1 0.086035 0.602052 0.114713 0.602052 0.114713 0.638540 0.086035 0.638540
