1 0.273438 0.382812 0.306640 0.382812 0.306640 0.416015 0.273438 0.416015
1 0.291015 0.318360 0.328125 0.318360 0.328125 0.357422 0.291015 0.357422
1 0.244141 0.183594 0.279297 0.183594 0.279297 0.214844 0.244141 0.214844
1 0.140625 0.433593 0.177734 0.433593 0.177734 0.470703 0.140625 0.470703
2 0.228516 0.251953 0.279297 0.251953 0.279297 0.296875 0.228516 0.296875
2 0.283203 0.269531 0.333984 0.269531 0.333984 0.316406 0.283203 0.316406
2 0.439453 0.406250 0.498047 0.406250 0.498047 0.458984 0.439453 0.458984
2 0.351562 0.839843 0.402343 0.839843 0.402343 0.890624 0.351562 0.890624
2 0.388672 0.117187 0.441406 0.117187 0.441406 0.160156 0.388672 0.160156
2 0.257812 0.199219 0.314454 0.199219 0.314454 0.261719 0.257812 0.261719
2 0.341796 0.275391 0.398438 0.275391 0.398438 0.333985 0.341796 0.333985
2 0.037109 0.562500 0.085937 0.562500 0.085937 0.607422 0.037109 0.607422
2 0.103516 0.455078 0.152344 0.455078 0.152344 0.496094 0.103516 0.496094
2 0.341797 0.205078 0.390625 0.205078 0.390625 0.257812 0.341797 0.257812
2 0.142578 0.191406 0.195312 0.191406 0.195312 0.240234 0.142578 0.240234
2 0.222657 0.414062 0.279297 0.414062 0.279297 0.470704 0.222657 0.470704
3 0.173827 0.878907 0.261718 0.878907 0.261718 0.960938 0.173827 0.960938
