0 0.023835 0.006264 0.049837 0.006264 0.049837 0.064718 0.023835 0.064718
0 0.072589 0.068894 0.107259 0.068894 0.107259 0.133612 0.072589 0.133612
0 0.105092 0.031316 0.131094 0.031316 0.131094 0.077244 0.105092 0.077244
0 0.054171 0.054279 0.082340 0.054279 0.082340 0.110646 0.054171 0.110646
0 0.036837 0.112735 0.065005 0.112735 0.065005 0.169102 0.036837 0.169102
0 0.034669 0.175366 0.066088 0.175366 0.066088 0.223382 0.034669 0.223382
0 0.024919 0.229645 0.053088 0.229645 0.053088 0.271399 0.024919 0.271399
0 0.020585 0.275573 0.047671 0.275573 0.047671 0.311065 0.020585 0.311065
0 0.009750 0.317327 0.041169 0.317327 0.041169 0.352819 0.009750 0.352819
0 0.076923 0.377870 0.106175 0.377870 0.106175 0.425887 0.076923 0.425887
0 0.073673 0.317328 0.102925 0.317328 0.102925 0.369520 0.073673 0.369520
0 0.096424 0.290187 0.127843 0.290187 0.127843 0.338204 0.096424 0.338204
0 0.101842 0.248434 0.138678 0.248434 0.138678 0.288100 0.101842 0.288100
0 0.126760 0.175365 0.146262 0.175365 0.146262 0.235908 0.126760 0.235908
0 0.147345 0.131524 0.166847 0.131524 0.166847 0.183716 0.147345 0.183716
0 0.176598 0.081420 0.191766 0.081420 0.191766 0.127349 0.176598 0.127349
0 0.179849 0.008351 0.211267 0.008351 0.211267 0.075157 0.179849 0.075157
0 0.119177 0.361170 0.149513 0.361170 0.149513 0.417536 0.119177 0.417536
0 0.140845 0.382046 0.162513 0.382046 0.162513 0.438414 0.140845 0.438414
0 0.164680 0.361169 0.187432 0.361169 0.187432 0.425887 0.164680 0.425887
0 0.201516 0.392485 0.226436 0.392485 0.226436 0.440501 0.201516 0.440501
0 0.240520 0.382046 0.261105 0.382046 0.261105 0.432150 0.240520 0.432150
0 0.209101 0.281837 0.230769 0.281837 0.230769 0.336117 0.209101 0.336117
0 0.211268 0.225470 0.232936 0.225470 0.232936 0.267224 0.211268 0.267224
0 0.189599 0.242171 0.209101 0.242171 0.209101 0.283925 0.189599 0.283925
0 0.200434 0.194154 0.224269 0.194154 0.224269 0.233820 0.200434 0.233820
0 0.262188 0.288101 0.286024 0.288101 0.286024 0.336118 0.262188 0.336118
0 0.270856 0.204593 0.299025 0.204593 0.299025 0.269311 0.270856 0.269311
0 0.258938 0.085595 0.283857 0.085595 0.283857 0.139875 0.258938 0.139875
0 0.302275 0.277662 0.330444 0.277662 0.330444 0.323591 0.302275 0.323591
0 0.332611 0.323591 0.354279 0.323591 0.354279 0.363257 0.332611 0.363257
0 0.448537 0.070981 0.475623 0.070981 0.475623 0.121085 0.448537 0.121085
0 0.423619 0.277662 0.451788 0.277662 0.451788 0.331942 0.423619 0.331942
0 0.336944 0.121086 0.361864 0.121086 0.361864 0.171190 0.336944 0.171190
0 0.383531 0.127349 0.408450 0.127349 0.408450 0.181629 0.383531 0.181629
0 0.413868 0.137788 0.435536 0.137788 0.435536 0.196242 0.413868 0.196242
0 0.348862 0.271399 0.372698 0.271399 0.372698 0.311065 0.348862 0.311065
0 0.375949 0.361169 0.404118 0.361169 0.404118 0.411273 0.375949 0.411273
0 0.461539 0.283924 0.483207 0.283924 0.483207 0.319416 0.461539 0.319416
0 0.469123 0.225470 0.495125 0.225470 0.495125 0.273487 0.469123 0.273487
0 0.491875 0.106472 0.521127 0.106472 0.521127 0.156576 0.491875 0.156576
0 0.482123 0.185804 0.501625 0.185804 0.501625 0.227558 0.482123 0.227558
0 0.565548 0.077245 0.590467 0.077245 0.590467 0.121085 0.565548 0.121085
0 0.654388 0.010439 0.693390 0.010439 0.693390 0.073069 0.654388 0.073069
0 0.495125 0.321503 0.524377 0.321503 0.524377 0.365345 0.495125 0.365345
0 0.550379 0.233820 0.579631 0.233820 0.579631 0.294364 0.550379 0.294364
0 0.567713 0.204593 0.595883 0.204593 0.595883 0.254697 0.567713 0.254697
0 0.517876 0.244259 0.541712 0.244259 0.541712 0.308977 0.517876 0.308977
0 0.568797 0.319416 0.595883 0.319416 0.595883 0.369520 0.568797 0.369520
0 0.525461 0.348643 0.551463 0.348643 0.551463 0.375783 0.525461 0.375783
0 0.518960 0.382045 0.544962 0.382045 0.544962 0.427974 0.518960 0.427974
0 0.522210 0.411274 0.548212 0.411274 0.548212 0.457203 0.522210 0.457203
0 0.482123 0.421712 0.509209 0.421712 0.509209 0.469728 0.482123 0.469728
0 0.501625 0.467640 0.517876 0.467640 0.517876 0.503131 0.501625 0.503131
0 0.548212 0.423800 0.574214 0.423800 0.574214 0.473904 0.548212 0.473904
0 0.598050 0.436325 0.622968 0.436325 0.622968 0.496868 0.598050 0.496868
0 0.619719 0.413361 0.647887 0.413361 0.647887 0.465553 0.619719 0.465553
0 0.627302 0.373695 0.646804 0.373695 0.646804 0.409187 0.627302 0.409187
0 0.615385 0.265136 0.640303 0.265136 0.640303 0.311065 0.615385 0.311065
0 0.637053 0.275574 0.663055 0.275574 0.663055 0.325678 0.637053 0.325678
0 0.664138 0.311065 0.687974 0.311065 0.687974 0.361169 0.664138 0.361169
0 0.712893 0.311065 0.734561 0.311065 0.734561 0.352819 0.712893 0.352819
0 0.733478 0.252610 0.757313 0.252610 0.757313 0.302714 0.733478 0.302714
0 0.762730 0.329854 0.786566 0.329854 0.786566 0.377870 0.762730 0.377870
0 0.761647 0.221294 0.780065 0.221294 0.780065 0.275574 0.761647 0.275574
0 0.798484 0.244259 0.823402 0.244259 0.823402 0.283925 0.798484 0.283925
0 0.808234 0.281838 0.828820 0.281838 0.828820 0.329854 0.808234 0.329854
0 0.775731 0.175365 0.794149 0.175365 0.794149 0.217119 0.775731 0.217119
0 0.773565 0.073068 0.795233 0.073068 0.795233 0.118997 0.773565 0.118997
0 0.823402 0.171190 0.847237 0.171190 0.847237 0.221294 0.823402 0.221294
0 0.837487 0.123174 0.861322 0.123174 0.861322 0.171190 0.837487 0.171190
0 0.839653 0.048017 0.850487 0.048017 0.850487 0.093946 0.839653 0.093946
0 0.724810 0.008351 0.755146 0.008351 0.755146 0.060543 0.724810 0.060543
0 0.858072 0.016701 0.884074 0.016701 0.884074 0.058455 0.858072 0.058455
0 0.860238 0.116910 0.890574 0.116910 0.890574 0.158664 0.860238 0.158664
0 0.847237 0.204593 0.877573 0.204593 0.877573 0.244259 0.847237 0.244259
0 0.866739 0.250522 0.878657 0.250522 0.878657 0.290188 0.866739 0.290188
0 0.937161 0.185804 0.960997 0.185804 0.960997 0.223382 0.937161 0.223382
0 0.969665 0.185804 0.994583 0.185804 0.994583 0.225470 0.969665 0.225470
0 0.959913 0.229646 0.977249 0.229646 0.977249 0.263049 0.959913 0.263049
0 0.803901 0.354907 0.825569 0.354907 0.825569 0.400836 0.803901 0.400836
0 0.736728 0.411274 0.762730 0.411274 0.762730 0.444676 0.736728 0.444676
0 0.864572 0.327767 0.889490 0.327767 0.889490 0.375783 0.864572 0.375783
0 0.875406 0.390396 0.898158 0.390396 0.898158 0.434237 0.875406 0.434237
0 0.894908 0.315240 0.913326 0.315240 0.913326 0.367432 0.894908 0.367432
0 0.915492 0.317327 0.932828 0.317327 0.932828 0.373695 0.915492 0.373695
0 0.972914 0.290188 0.988082 0.290188 0.988082 0.323591 0.972914 0.323591
0 0.900325 0.450939 0.926327 0.450939 0.926327 0.503131 0.900325 0.503131
0 0.848321 0.471817 0.873239 0.471817 0.873239 0.519834 0.848321 0.519834
0 0.837487 0.509395 0.859155 0.509395 0.859155 0.544886 0.837487 0.544886
0 0.826652 0.538622 0.845070 0.538622 0.845070 0.580376 0.826652 0.580376
0 0.796316 0.542797 0.820152 0.542797 0.820152 0.584551 0.796316 0.584551
0 0.860238 0.567850 0.887324 0.567850 0.887324 0.617954 0.860238 0.617954
0 0.934994 0.590815 0.963164 0.590815 0.963164 0.622130 0.934994 0.622130
0 0.918743 0.603340 0.944745 0.603340 0.944745 0.647181 0.918743 0.647181
0 0.900325 0.649270 0.927411 0.649270 0.927411 0.699374 0.900325 0.699374
0 0.877574 0.676409 0.901409 0.676409 0.901409 0.720251 0.877574 0.720251
0 0.972915 0.707725 0.994583 0.707725 0.994583 0.753653 0.972915 0.753653
0 0.850487 0.726514 0.873239 0.726514 0.873239 0.772442 0.850487 0.772442
0 0.889491 0.782881 0.915493 0.782881 0.915493 0.822547 0.889491 0.822547
0 0.899241 0.820460 0.926327 0.820460 0.926327 0.864301 0.899241 0.864301
0 0.923077 0.866388 0.955580 0.866388 0.955580 0.918580 0.923077 0.918580
0 0.957746 0.895615 0.977248 0.895615 0.977248 0.941545 0.957746 0.941545
0 0.977248 0.922756 0.990250 0.922756 0.990250 0.972860 0.977248 0.972860
0 0.814734 0.801670 0.842904 0.801670 0.842904 0.843424 0.814734 0.843424
0 0.798483 0.762004 0.833153 0.762004 0.833153 0.803758 0.798483 0.803758
0 0.866739 0.939457 0.892741 0.939457 0.892741 1.000000 0.866739 1.000000
0 0.921993 0.964510 0.953412 0.964510 0.953412 0.995825 0.921993 0.995825
0 0.821235 0.922756 0.847237 0.922756 0.847237 0.968684 0.821235 0.968684
0 0.784398 0.807933 0.798483 0.807933 0.798483 0.841337 0.784398 0.841337
0 0.762730 0.853862 0.784398 0.853862 0.784398 0.924843 0.762730 0.924843
0 0.765980 0.949895 0.783316 0.949895 0.783316 0.991649 0.765980 0.991649
0 0.745395 0.956159 0.761647 0.956159 0.761647 0.991649 0.745395 0.991649
0 0.690140 0.914406 0.721560 0.914406 0.721560 0.972861 0.690140 0.972861
0 0.720476 0.891441 0.744312 0.891441 0.744312 0.954071 0.720476 0.954071
0 0.722644 0.837161 0.744312 0.837161 0.744312 0.878915 0.722644 0.878915
0 0.663056 0.814196 0.691224 0.814196 0.691224 0.860126 0.663056 0.860126
0 0.641386 0.774530 0.661972 0.774530 0.661972 0.814196 0.641386 0.814196
0 0.599133 0.755741 0.627303 0.755741 0.627303 0.803758 0.599133 0.803758
0 0.669555 0.668058 0.693391 0.668058 0.693391 0.716075 0.669555 0.716075
0 0.693391 0.640919 0.713977 0.640919 0.713977 0.688936 0.693391 0.688936
0 0.702059 0.705637 0.726977 0.705637 0.726977 0.747391 0.702059 0.747391
0 0.728060 0.680585 0.748646 0.680585 0.748646 0.730689 0.728060 0.730689
0 0.750813 0.651357 0.769231 0.651357 0.769231 0.701461 0.750813 0.701461
0 0.771397 0.620041 0.790899 0.620041 0.790899 0.665971 0.771397 0.665971
0 0.655472 0.519833 0.680391 0.519833 0.680391 0.569937 0.655472 0.569937
0 0.684724 0.559500 0.707476 0.559500 0.707476 0.603341 0.684724 0.603341
0 0.620802 0.603340 0.644637 0.603340 0.644637 0.647181 0.620802 0.647181
0 0.617551 0.551148 0.638136 0.551148 0.638136 0.603340 0.617551 0.603340
0 0.599133 0.538623 0.614301 0.538623 0.614301 0.594990 0.599133 0.594990
0 0.575298 0.597078 0.601300 0.597078 0.601300 0.640919 0.575298 0.640919
0 0.530877 0.557411 0.559047 0.557411 0.559047 0.601252 0.530877 0.601252
0 0.580715 0.849687 0.606717 0.849687 0.606717 0.901879 0.580715 0.901879
0 0.585048 0.910230 0.616468 0.910230 0.616468 0.945720 0.585048 0.945720
0 0.652222 0.966597 0.672807 0.966597 0.672807 1.000000 0.652222 1.000000
0 0.511375 0.947808 0.528711 0.947808 0.528711 0.995825 0.511375 0.995825
0 0.510293 0.895616 0.535211 0.895616 0.535211 0.935282 0.510293 0.935282
0 0.514626 0.791232 0.541712 0.791232 0.541712 0.837160 0.514626 0.837160
0 0.553630 0.807934 0.575298 0.807934 0.575298 0.853862 0.553630 0.853862
0 0.479957 0.688935 0.504876 0.688935 0.504876 0.739039 0.479957 0.739039
0 0.481040 0.962421 0.500542 0.962421 0.500542 0.991649 0.481040 0.991649
0 0.440953 0.914405 0.482123 0.914405 0.482123 0.970773 0.440953 0.970773
0 0.381366 0.891440 0.398701 0.891440 0.398701 0.933194 0.381366 0.933194
0 0.364030 0.906054 0.382448 0.906054 0.382448 0.947808 0.364030 0.947808
0 0.348863 0.839249 0.367281 0.839249 0.367281 0.887266 0.348863 0.887266
0 0.417118 0.799583 0.438786 0.799583 0.438786 0.845511 0.417118 0.845511
0 0.453954 0.745302 0.481040 0.745302 0.481040 0.791232 0.453954 0.791232
0 0.347779 0.745302 0.373781 0.745302 0.373781 0.789143 0.347779 0.789143
0 0.378115 0.726514 0.406284 0.726514 0.406284 0.774531 0.378115 0.774531
0 0.410618 0.693111 0.431202 0.693111 0.431202 0.728602 0.410618 0.728602
0 0.443120 0.653444 0.471289 0.653444 0.471289 0.701461 0.443120 0.701461
0 0.462622 0.594989 0.488624 0.594989 0.488624 0.651357 0.462622 0.651357
0 0.468039 0.503132 0.485374 0.503132 0.485374 0.553236 0.468039 0.553236
0 0.439870 0.540709 0.465872 0.540709 0.465872 0.584550 0.439870 0.584550
0 0.429035 0.569937 0.452871 0.569937 0.452871 0.613779 0.429035 0.613779
0 0.419285 0.586639 0.437703 0.586639 0.437703 0.634656 0.419285 0.634656
0 0.390033 0.605428 0.414952 0.605428 0.414952 0.657620 0.390033 0.657620
0 0.362947 0.615866 0.387866 0.615866 0.387866 0.663883 0.362947 0.663883
0 0.425786 0.764092 0.446371 0.764092 0.446371 0.801670 0.425786 0.801670
0 0.317443 0.851775 0.332611 0.851775 0.332611 0.891441 0.317443 0.891441
0 0.277357 0.931107 0.295775 0.931107 0.295775 0.981211 0.277357 0.981211
0 0.279523 0.853863 0.299025 0.853863 0.299025 0.912318 0.279523 0.912318
0 0.314193 0.601252 0.335861 0.601252 0.335861 0.649269 0.314193 0.649269
0 0.334778 0.592902 0.358614 0.592902 0.358614 0.643006 0.334778 0.643006
0 0.276273 0.622130 0.305525 0.622130 0.305525 0.697286 0.276273 0.697286
0 0.288190 0.688935 0.307692 0.688935 0.307692 0.730689 0.288190 0.730689
0 0.261105 0.718163 0.280607 0.718163 0.280607 0.755741 0.261105 0.755741
0 0.095341 0.893528 0.131095 0.893528 0.131095 0.939458 0.095341 0.939458
0 0.163597 0.891440 0.190683 0.891440 0.190683 0.939457 0.163597 0.939457
0 0.196100 0.876826 0.217768 0.876826 0.217768 0.933194 0.196100 0.933194
0 0.191766 0.914405 0.212351 0.914405 0.212351 0.970773 0.191766 0.970773
0 0.266522 0.768267 0.295774 0.768267 0.295774 0.801671 0.266522 0.801671
0 0.231852 0.822547 0.251354 0.822547 0.251354 0.876827 0.231852 0.876827
0 0.193933 0.784968 0.223185 0.784968 0.223185 0.832985 0.193933 0.832985
0 0.154929 0.747391 0.182015 0.747391 0.182015 0.805845 0.154929 0.805845
0 0.109425 0.797495 0.137595 0.797495 0.137595 0.860125 0.109425 0.860125
0 0.085590 0.849687 0.109425 0.849687 0.109425 0.885177 0.085590 0.885177
0 0.215602 0.640919 0.255688 0.640919 0.255688 0.693111 0.215602 0.693111
0 0.201517 0.695199 0.228603 0.695199 0.228603 0.745303 0.201517 0.745303
0 0.192850 0.645094 0.211268 0.645094 0.211268 0.697286 0.192850 0.697286
0 0.166847 0.659708 0.191767 0.659708 0.191767 0.711900 0.166847 0.711900
0 0.147346 0.622130 0.178764 0.622130 0.178764 0.693110 0.147346 0.693110
0 0.159263 0.557411 0.182015 0.557411 0.182015 0.607515 0.159263 0.607515
0 0.237270 0.465553 0.258938 0.465553 0.258938 0.521921 0.237270 0.521921
0 0.236186 0.536535 0.260022 0.536535 0.260022 0.584552 0.236186 0.584552
0 0.133261 0.584551 0.151679 0.584551 0.151679 0.622129 0.133261 0.622129
0 0.032503 0.726513 0.068255 0.726513 0.068255 0.780793 0.032503 0.780793
0 0.054171 0.793319 0.075839 0.793319 0.075839 0.845511 0.054171 0.845511
0 0.023835 0.784969 0.049837 0.784969 0.049837 0.835073 0.023835 0.835073
0 0.009751 0.810021 0.046587 0.810021 0.046587 0.862213 0.009751 0.862213
0 0.021669 0.862213 0.043337 0.862213 0.043337 0.893528 0.021669 0.893528
0 0.018418 0.931107 0.044420 0.931107 0.044420 0.966597 0.018418 0.966597
0 0.100759 0.478079 0.139762 0.478079 0.139762 0.536534 0.100759 0.536534
0 0.133261 0.511482 0.162513 0.511482 0.162513 0.553236 0.133261 0.553236
0 0.570964 0.749479 0.594800 0.749479 0.594800 0.780794 0.570964 0.780794
0 0.591550 0.697286 0.613218 0.697286 0.613218 0.736952 0.591550 0.736952
0 0.592633 0.645094 0.614301 0.645094 0.614301 0.686848 0.592633 0.686848
0 0.542795 0.768267 0.565547 0.768267 0.565547 0.799582 0.542795 0.799582
0 0.555796 0.933194 0.574214 0.933194 0.574214 0.979124 0.555796 0.979124
0 0.407367 0.947807 0.430119 0.947807 0.430119 0.981210 0.407367 0.981210
0 0.234020 0.164927 0.255688 0.164927 0.255688 0.204593 0.234020 0.204593
0 0.322860 0.242172 0.342362 0.242172 0.342362 0.263049 0.322860 0.263049
0 0.372697 0.304801 0.396533 0.304801 0.396533 0.346555 0.372697 0.346555
0 0.719393 0.517745 0.738895 0.517745 0.738895 0.557411 0.719393 0.557411
0 0.691225 0.455114 0.712893 0.455114 0.712893 0.498955 0.691225 0.498955
0 0.743228 0.572025 0.762730 0.572025 0.762730 0.632568 0.743228 0.632568
0 0.924160 0.519833 0.941496 0.519833 0.941496 0.555323 0.924160 0.555323
0 0.906826 0.526096 0.925244 0.526096 0.925244 0.567850 0.906826 0.567850
0 0.839653 0.645095 0.860239 0.645095 0.860239 0.676409 0.839653 0.676409
0 0.789816 0.586638 0.804984 0.586638 0.804984 0.620042 0.789816 0.620042
0 0.652221 0.586639 0.670639 0.586639 0.670639 0.628393 0.652221 0.628393
0 0.669556 0.233820 0.692308 0.233820 0.692308 0.277662 0.669556 0.277662
0 0.691225 0.334029 0.707476 0.334029 0.707476 0.373695 0.691225 0.373695
0 0.918743 0.154489 0.936079 0.154489 0.936079 0.189979 0.918743 0.189979
0 0.892741 0.164927 0.906825 0.164927 0.906825 0.192067 0.892741 0.192067
0 0.862405 0.164927 0.886240 0.164927 0.886240 0.189979 0.862405 0.189979
0 0.838570 0.242171 0.861322 0.242171 0.861322 0.279749 0.838570 0.279749
1 0.296858 0.229645 0.313109 0.229645 0.313109 0.265136 0.296858 0.265136
1 0.189599 0.367432 0.204767 0.367432 0.204767 0.398747 0.189599 0.398747
1 0.356446 0.356994 0.375948 0.356994 0.375948 0.394572 0.356446 0.394572
1 0.392200 0.073069 0.412784 0.073069 0.412784 0.104385 0.392200 0.104385
1 0.634886 0.162839 0.657638 0.162839 0.657638 0.202505 0.634886 0.202505
1 0.708559 0.377870 0.731311 0.377870 0.731311 0.413362 0.708559 0.413362
1 0.730227 0.356993 0.749729 0.356993 0.749729 0.392485 0.730227 0.392485
1 0.698808 0.818371 0.712892 0.818371 0.712892 0.847599 0.698808 0.847599
1 0.513543 0.843424 0.534128 0.843424 0.534128 0.868476 0.513543 0.868476
1 0.485374 0.862213 0.505958 0.862213 0.505958 0.891441 0.485374 0.891441
1 0.403034 0.749478 0.423619 0.749478 0.423619 0.784968 0.403034 0.784968
1 0.380282 0.977035 0.391116 0.977035 0.391116 0.997912 0.380282 0.997912
1 0.174432 0.843424 0.191767 0.843424 0.191767 0.860125 0.174432 0.860125
1 0.164681 0.851775 0.173347 0.851775 0.173347 0.864301 0.164681 0.864301
1 0.144095 0.816284 0.153846 0.816284 0.153846 0.830898 0.144095 0.830898
1 0.072590 0.962421 0.094258 0.962421 0.094258 0.995825 0.072590 0.995825
1 0.487541 0.630480 0.497291 0.630480 0.497291 0.643006 0.487541 0.643006
2 0.391116 0.260960 0.414952 0.260960 0.414952 0.304802 0.391116 0.304802
2 0.018418 0.676410 0.043338 0.676410 0.043338 0.722338 0.018418 0.722338
3 0.003250 0.463466 0.082340 0.463466 0.082340 0.674322 0.003250 0.674322
