0 0.258893 0.266145 0.298419 0.266145 0.298419 0.320940 0.258893 0.320940
0 0.330039 0.285714 0.383399 0.285714 0.383399 0.338552 0.330039 0.338552
0 0.415020 0.256360 0.456522 0.256360 0.456522 0.297456 0.415020 0.297456
0 0.428854 0.207436 0.470356 0.207436 0.470356 0.256360 0.428854 0.256360
0 0.444665 0.123287 0.494071 0.123287 0.494071 0.180038 0.444665 0.180038
0 0.602768 0.191780 0.640317 0.191780 0.640317 0.227005 0.602768 0.227005
0 0.561265 0.381605 0.602767 0.381605 0.602767 0.426615 0.561265 0.426615
0 0.654150 0.379647 0.705533 0.379647 0.705533 0.422700 0.654150 0.422700
0 0.391304 0.428572 0.432806 0.428572 0.432806 0.479453 0.391304 0.479453
0 0.411068 0.405088 0.446640 0.405088 0.446640 0.430528 0.411068 0.430528
0 0.310277 0.013698 0.365613 0.013698 0.365613 0.068493 0.310277 0.068493
0 0.294467 0.109589 0.345849 0.109589 0.345849 0.154599 0.294467 0.154599
0 0.187748 0.150685 0.237154 0.150685 0.237154 0.195695 0.187748 0.195695
0 0.189723 0.037182 0.243083 0.037182 0.243083 0.086106 0.189723 0.086106
0 0.525691 0.021527 0.573122 0.021527 0.573122 0.064579 0.525691 0.064579
0 0.023715 0.121331 0.063241 0.121331 0.063241 0.164384 0.023715 0.164384
0 0.001976 0.170255 0.033598 0.170255 0.033598 0.213308 0.001976 0.213308
0 0.162055 0.234833 0.205533 0.234833 0.205533 0.287671 0.162055 0.287671
0 0.130435 0.771037 0.185771 0.771037 0.185771 0.821917 0.130435 0.821917
0 0.189723 0.784736 0.231225 0.784736 0.231225 0.831703 0.189723 0.831703
0 0.306324 0.692759 0.355731 0.692759 0.355731 0.735812 0.306324 0.735812
0 0.387352 0.667319 0.444664 0.667319 0.444664 0.706458 0.387352 0.706458
0 0.326087 0.581214 0.367589 0.581214 0.367589 0.641879 0.326087 0.641879
0 0.233201 0.639922 0.270751 0.639922 0.270751 0.702544 0.233201 0.702544
0 0.314229 0.526419 0.361660 0.526419 0.361660 0.573385 0.314229 0.573385
0 0.349803 0.508807 0.397234 0.508807 0.397234 0.551860 0.349803 0.551860
0 0.509881 0.696674 0.555337 0.696674 0.555337 0.747555 0.509881 0.747555
0 0.488143 0.772994 0.533598 0.772994 0.533598 0.821918 0.488143 0.821918
0 0.430830 0.823875 0.472332 0.823875 0.472332 0.872799 0.430830 0.872799
0 0.241107 0.504893 0.284585 0.504893 0.284585 0.555774 0.241107 0.555774
0 0.486166 0.894325 0.533597 0.894325 0.533597 0.951076 0.486166 0.951076
0 0.557312 0.825832 0.592886 0.825832 0.592886 0.874756 0.557312 0.874756
0 0.616600 0.772994 0.650198 0.772994 0.650198 0.818004 0.616600 0.818004
0 0.551383 0.765166 0.584981 0.765166 0.584981 0.808219 0.551383 0.808219
0 0.616601 0.904110 0.660079 0.904110 0.660079 0.962818 0.616601 0.962818
0 0.701581 0.935421 0.741107 0.935421 0.741107 0.994129 0.701581 0.994129
0 0.839921 0.424657 0.893281 0.424657 0.893281 0.469667 0.839921 0.469667
0 0.905138 0.412916 0.958498 0.412916 0.958498 0.454012 0.905138 0.454012
0 0.887352 0.563601 0.938735 0.563601 0.938735 0.610568 0.887352 0.610568
0 0.717391 0.479452 0.766798 0.479452 0.766798 0.526419 0.717391 0.526419
0 0.687748 0.508806 0.739131 0.508806 0.739131 0.561644 0.687748 0.561644
0 0.667984 0.559687 0.719367 0.559687 0.719367 0.608611 0.667984 0.608611
0 0.697628 0.409002 0.749011 0.409002 0.749011 0.461840 0.697628 0.461840
0 0.768775 0.401174 0.826087 0.401174 0.826087 0.459882 0.768775 0.459882
0 0.468379 0.524462 0.521739 0.524462 0.521739 0.577300 0.468379 0.577300
0 0.721344 0.207436 0.760870 0.207436 0.760870 0.252446 0.721344 0.252446
0 0.756917 0.158513 0.810277 0.158513 0.810277 0.209394 0.756917 0.209394
0 0.832016 0.103718 0.885376 0.103718 0.885376 0.144814 0.832016 0.144814
0 0.934783 0.045009 0.996047 0.045009 0.996047 0.091977 0.934783 0.091977
0 0.835969 0.003914 0.887351 0.003914 0.887351 0.035224 0.835969 0.035224
0 0.745059 0.129159 0.770751 0.129159 0.770751 0.168297 0.745059 0.168297
0 0.956522 0.573385 0.996048 0.573385 0.996048 0.614481 0.956522 0.614481
0 0.766799 0.657535 0.818182 0.657535 0.818182 0.714286 0.766799 0.714286
0 0.786561 0.780822 0.828063 0.780822 0.828063 0.831703 0.786561 0.831703
0 0.810277 0.835616 0.851779 0.835616 0.851779 0.886497 0.810277 0.886497
0 0.824111 0.888454 0.865613 0.888454 0.865613 0.935420 0.824111 0.935420
0 0.733201 0.915852 0.780632 0.915852 0.780632 0.966732 0.733201 0.966732
0 0.037549 0.841487 0.083004 0.841487 0.083004 0.886497 0.037549 0.886497
0 0.029645 0.923679 0.079051 0.923679 0.079051 0.976517 0.029645 0.976517
0 0.017787 0.731898 0.063242 0.731898 0.063242 0.786693 0.017787 0.786693
0 0.003952 0.776908 0.035574 0.776908 0.035574 0.829746 0.003952 0.829746
0 0.225297 0.864970 0.254941 0.864970 0.254941 0.896282 0.225297 0.896282
0 0.207509 0.925636 0.239130 0.925636 0.239130 0.954990 0.207509 0.954990
0 0.158103 0.387475 0.205534 0.387475 0.205534 0.442271 0.158103 0.442271
0 0.217391 0.313111 0.262846 0.313111 0.262846 0.362035 0.217391 0.362035
0 0.116601 0.430528 0.166008 0.430528 0.166008 0.485324 0.116601 0.485324
0 0.282609 0.405088 0.333991 0.405088 0.333991 0.446184 0.282609 0.446184
0 0.871541 0.481409 0.911067 0.481409 0.911067 0.514677 0.871541 0.514677
0 0.415020 0.874756 0.458498 0.874756 0.458498 0.909981 0.415020 0.909981
0 0.472332 0.956947 0.519763 0.956947 0.519763 0.996086 0.472332 0.996086
0 0.027668 0.512719 0.057312 0.512719 0.057312 0.567514 0.027668 0.567514
