1 0.486328 0.726562 0.531250 0.726562 0.531250 0.769532 0.486328 0.769532
1 0.691406 0.500000 0.722656 0.500000 0.722656 0.537110 0.691406 0.537110
1 0.884765 0.847656 0.921875 0.847656 0.921875 0.878906 0.884765 0.878906
1 0.232422 0.826172 0.292969 0.826172 0.292969 0.863282 0.232422 0.863282
1 0.191406 0.947266 0.214844 0.947266 0.214844 0.968750 0.191406 0.968750
1 0.005860 0.875000 0.052735 0.875000 0.052735 0.900390 0.005860 0.900390
1 0.638672 0.867187 0.697266 0.867187 0.697266 0.894531 0.638672 0.894531
1 0.179688 0.107422 0.212890 0.107422 0.212890 0.136718 0.179688 0.136718
1 0.837891 0.363281 0.873047 0.363281 0.873047 0.402343 0.837891 0.402343
1 0.845704 0.572266 0.875000 0.572266 0.875000 0.611328 0.845704 0.611328
1 0.757812 0.515625 0.791016 0.515625 0.791016 0.556641 0.757812 0.556641
1 0.724609 0.812500 0.751953 0.812500 0.751953 0.837890 0.724609 0.837890
1 0.210938 0.544921 0.248047 0.544921 0.248047 0.578125 0.210938 0.578125
1 0.083984 0.238281 0.119140 0.238281 0.119140 0.261719 0.083984 0.261719
2 0.750000 0.242188 0.804688 0.242188 0.804688 0.285157 0.750000 0.285157
2 0.781250 0.630859 0.826172 0.630859 0.826172 0.675781 0.781250 0.675781
2 0.701172 0.542968 0.751953 0.542968 0.751953 0.585938 0.701172 0.585938
2 0.558594 0.250000 0.603516 0.250000 0.603516 0.287110 0.558594 0.287110
2 0.626953 0.220703 0.671875 0.220703 0.671875 0.261719 0.626953 0.261719
2 0.812500 0.261719 0.859375 0.261719 0.859375 0.310547 0.812500 0.310547
2 0.279298 0.560546 0.330078 0.560546 0.330078 0.603515 0.279298 0.603515
