1 0.610932 0.287390 0.668810 0.287390 0.668810 0.340176 0.610932 0.340176
1 0.546624 0.129033 0.627010 0.129033 0.627010 0.196482 0.546624 0.196482
1 0.456591 0.049854 0.549839 0.049854 0.549839 0.140763 0.456591 0.140763
2 0.887460 0.829912 0.967846 0.829912 0.967846 0.914956 0.887460 0.914956
2 0.627009 0.398827 0.713826 0.398827 0.713826 0.472141 0.627009 0.472141
3 0.299035 0.281525 0.401929 0.281525 0.401929 0.395895 0.299035 0.395895
3 0.405145 0.178886 0.524115 0.178886 0.524115 0.299121 0.405145 0.299121
3 0.241157 0.090909 0.414791 0.090909 0.414791 0.243401 0.241157 0.243401
3 0.180065 0.818182 0.321544 0.818182 0.321544 0.970674 0.180065 0.970674
3 0.083601 0.592376 0.176849 0.592376 0.176849 0.736070 0.083601 0.736070
3 0.633441 0.794722 0.733119 0.794722 0.733119 0.891496 0.633441 0.891496
3 0.678457 0.903226 0.790997 0.903226 0.790997 0.976540 0.678457 0.976540
