1 0.204918 0.233463 0.254098 0.233463 0.254098 0.266537 0.204918 0.266537
1 0.073770 0.007782 0.104508 0.007782 0.104508 0.048638 0.073770 0.048638
1 0.026639 0.040855 0.063524 0.040855 0.063524 0.079766 0.026639 0.079766
1 0.008196 0.087549 0.036886 0.087549 0.036886 0.122567 0.008196 0.122567
1 0.043033 0.105058 0.088115 0.105058 0.088115 0.142023 0.043033 0.142023
1 0.088115 0.044747 0.112705 0.044747 0.112705 0.075875 0.088115 0.075875
1 0.127049 0.040856 0.168033 0.040856 0.168033 0.073930 0.127049 0.073930
1 0.196721 0.029183 0.241803 0.029183 0.241803 0.064202 0.196721 0.064202
1 0.235656 0.105058 0.266394 0.105058 0.266394 0.142023 0.235656 0.142023
1 0.272541 0.089495 0.317623 0.089495 0.317623 0.118677 0.272541 0.118677
1 0.286885 0.056421 0.321721 0.056421 0.321721 0.083658 0.286885 0.083658
1 0.145491 0.204281 0.178279 0.204281 0.178279 0.231518 0.145491 0.231518
1 0.293033 0.169260 0.329917 0.169260 0.329917 0.204280 0.293033 0.204280
1 0.313524 0.210116 0.354508 0.210116 0.354508 0.247082 0.313524 0.247082
1 0.350410 0.245136 0.385246 0.245136 0.385246 0.285992 0.350410 0.285992
1 0.274590 0.278210 0.319672 0.278210 0.319672 0.319066 0.274590 0.319066
1 0.243853 0.322958 0.286886 0.322958 0.286886 0.357977 0.243853 0.357977
1 0.125000 0.328793 0.170082 0.328793 0.170082 0.367704 0.125000 0.367704
1 0.161885 0.392995 0.206967 0.392995 0.206967 0.431907 0.161885 0.431907
1 0.459016 0.289884 0.504098 0.289884 0.504098 0.317120 0.459016 0.317120
1 0.489754 0.252918 0.528688 0.252918 0.528688 0.289884 0.489754 0.289884
1 0.524590 0.229571 0.559426 0.229571 0.559426 0.266537 0.524590 0.266537
1 0.573771 0.225681 0.608607 0.225681 0.608607 0.258755 0.573771 0.258755
1 0.625000 0.243191 0.670082 0.243191 0.670082 0.272373 0.625000 0.272373
1 0.655738 0.200389 0.700820 0.200389 0.700820 0.235409 0.655738 0.235409
1 0.674180 0.161478 0.711066 0.161478 0.711066 0.188716 0.674180 0.188716
1 0.469262 0.210117 0.510246 0.210117 0.510246 0.241245 0.469262 0.241245
1 0.500000 0.165369 0.538934 0.165369 0.538934 0.208171 0.500000 0.208171
1 0.538934 0.196498 0.590164 0.196498 0.590164 0.221790 0.538934 0.221790
1 0.598361 0.188716 0.643443 0.188716 0.643443 0.219844 0.598361 0.219844
1 0.475410 0.398832 0.520492 0.398832 0.520492 0.433852 0.475410 0.433852
1 0.551229 0.385214 0.596311 0.385214 0.596311 0.418288 0.551229 0.418288
1 0.612705 0.377431 0.651639 0.377431 0.651639 0.414397 0.612705 0.414397
1 0.649590 0.416342 0.694672 0.416342 0.694672 0.457198 0.649590 0.457198
1 0.729508 0.359922 0.770492 0.359922 0.770492 0.396888 0.729508 0.396888
1 0.563525 0.274318 0.602459 0.274318 0.602459 0.313229 0.563525 0.313229
1 0.415984 0.476654 0.459016 0.476654 0.459016 0.515564 0.415984 0.515564
1 0.557377 0.447470 0.586066 0.447470 0.586066 0.494163 0.557377 0.494163
1 0.594262 0.525292 0.639344 0.525292 0.639344 0.556420 0.594262 0.556420
1 0.842213 0.044747 0.877049 0.044747 0.877049 0.079767 0.842213 0.079767
1 0.885246 0.081712 0.930328 0.081712 0.930328 0.114786 0.885246 0.114786
1 0.924180 0.151751 0.965164 0.151751 0.965164 0.182879 0.924180 0.182879
1 0.959016 0.116732 0.995901 0.116732 0.995901 0.151751 0.959016 0.151751
1 0.938524 0.066148 0.981558 0.066148 0.981558 0.099222 0.938524 0.099222
1 0.901639 0.023346 0.946721 0.023346 0.946721 0.062258 0.901639 0.062258
1 0.956967 0.027237 0.991803 0.027237 0.991803 0.066148 0.956967 0.066148
1 0.713115 0.114785 0.768443 0.114785 0.768443 0.151751 0.713115 0.151751
1 0.743852 0.180934 0.795082 0.180934 0.795082 0.223736 0.743852 0.223736
1 0.786885 0.138132 0.827869 0.138132 0.827869 0.175098 0.786885 0.175098
1 0.840164 0.132295 0.887296 0.132295 0.887296 0.159532 0.840164 0.159532
1 0.819673 0.171207 0.866804 0.171207 0.866804 0.217899 0.819673 0.217899
1 0.811476 0.252918 0.850410 0.252918 0.850410 0.289884 0.811476 0.289884
1 0.526640 0.001945 0.565574 0.001945 0.565574 0.036964 0.526640 0.036964
1 0.612704 0.060312 0.655738 0.060312 0.655738 0.097277 0.612704 0.097277
1 0.047131 0.192607 0.081967 0.192607 0.081967 0.231517 0.047131 0.231517
1 0.016393 0.192607 0.049180 0.192607 0.049180 0.229571 0.016393 0.229571
1 0.034836 0.155642 0.067624 0.155642 0.067624 0.188716 0.034836 0.188716
1 0.372951 0.077820 0.411885 0.077820 0.411885 0.107004 0.372951 0.107004
1 0.364754 0.151751 0.403688 0.151751 0.403688 0.188715 0.364754 0.188715
1 0.428279 0.095331 0.463115 0.095331 0.463115 0.143969 0.428279 0.143969
1 0.053278 0.284047 0.090163 0.284047 0.090163 0.309339 0.053278 0.309339
1 0.250000 0.258755 0.284836 0.258755 0.284836 0.284047 0.250000 0.284047
1 0.399590 0.350194 0.438524 0.350194 0.438524 0.400778 0.399590 0.400778
1 0.456967 0.357977 0.489754 0.357977 0.489754 0.398833 0.456967 0.398833
1 0.719262 0.252918 0.760246 0.252918 0.760246 0.295720 0.719262 0.295720
1 0.887296 0.223736 0.924181 0.223736 0.924181 0.268483 0.887296 0.268483
1 0.952869 0.233462 0.985655 0.233462 0.985655 0.272373 0.952869 0.272373
1 0.854508 0.223736 0.893442 0.223736 0.893442 0.268483 0.854508 0.268483
1 0.471311 0.081712 0.512295 0.081712 0.512295 0.110896 0.471311 0.110896
1 0.545082 0.118677 0.569672 0.118677 0.569672 0.143969 0.545082 0.143969
1 0.524591 0.132296 0.557377 0.132296 0.557377 0.149806 0.524591 0.149806
1 0.520491 0.112840 0.549180 0.112840 0.549180 0.132296 0.520491 0.132296
1 0.407787 0.527237 0.446721 0.527237 0.446721 0.560311 0.407787 0.560311
1 0.456967 0.511673 0.495901 0.511673 0.495901 0.550584 0.456967 0.550584
1 0.553279 0.548638 0.590164 0.548638 0.590164 0.587548 0.553279 0.587548
1 0.506147 0.538910 0.547131 0.538910 0.547131 0.583658 0.506147 0.583658
1 0.620901 0.560311 0.663935 0.560311 0.663935 0.607005 0.620901 0.607005
1 0.663935 0.531129 0.702869 0.531129 0.702869 0.566147 0.663935 0.566147
1 0.711066 0.540856 0.747951 0.540856 0.747951 0.583658 0.711066 0.583658
1 0.786885 0.550584 0.831967 0.550584 0.831967 0.589494 0.786885 0.589494
1 0.721312 0.626458 0.760246 0.626458 0.760246 0.673152 0.721312 0.673152
1 0.672131 0.618677 0.715165 0.618677 0.715165 0.657587 0.672131 0.657587
1 0.633197 0.612841 0.668033 0.612841 0.668033 0.643969 0.633197 0.643969
1 0.665983 0.583658 0.702869 0.583658 0.702869 0.614786 0.665983 0.614786
1 0.704918 0.589494 0.735656 0.589494 0.735656 0.622568 0.704918 0.622568
1 0.836066 0.591440 0.870902 0.591440 0.870902 0.628404 0.836066 0.628404
1 0.889344 0.634241 0.934426 0.634241 0.934426 0.673152 0.889344 0.673152
1 0.887295 0.591440 0.942623 0.591440 0.942623 0.624514 0.887295 0.624514
1 0.850409 0.548638 0.897540 0.548638 0.897540 0.589494 0.850409 0.589494
1 0.040983 0.863813 0.077869 0.863813 0.077869 0.906615 0.040983 0.906615
1 0.000000 0.937744 0.024590 0.937744 0.024590 0.972762 0.000000 0.972762
1 0.092213 0.931906 0.127049 0.931906 0.127049 0.959143 0.092213 0.959143
1 0.127049 0.819066 0.168033 0.819066 0.168033 0.861868 0.127049 0.861868
1 0.200820 0.840468 0.235656 0.840468 0.235656 0.875486 0.200820 0.875486
1 0.243852 0.854086 0.278688 0.854086 0.278688 0.889104 0.243852 0.889104
1 0.297131 0.846304 0.336065 0.846304 0.336065 0.877432 0.297131 0.877432
1 0.317623 0.871596 0.356557 0.871596 0.356557 0.908560 0.317623 0.908560
1 0.389344 0.943580 0.430328 0.943580 0.430328 0.982490 0.389344 0.982490
1 0.483607 0.937744 0.522541 0.937744 0.522541 0.972762 0.483607 0.972762
1 0.440574 0.939689 0.475410 0.939689 0.475410 0.976653 0.440574 0.976653
1 0.213115 0.931907 0.262295 0.931907 0.262295 0.968871 0.213115 0.968871
1 0.272541 0.922179 0.311475 0.922179 0.311475 0.959143 0.272541 0.959143
1 0.161885 0.877432 0.200819 0.877432 0.200819 0.916342 0.161885 0.916342
1 0.028688 0.797666 0.071721 0.797666 0.071721 0.832684 0.028688 0.832684
1 0.002049 0.881323 0.036885 0.881323 0.036885 0.922179 0.002049 0.922179
1 0.247950 0.727626 0.295081 0.727626 0.295081 0.770428 0.247950 0.770428
1 0.200819 0.764592 0.241803 0.764592 0.241803 0.803503 0.200819 0.803503
1 0.231558 0.807393 0.270492 0.807393 0.270492 0.840467 0.231558 0.840467
1 0.366804 0.846304 0.409836 0.846304 0.409836 0.883269 0.366804 0.883269
1 0.415984 0.846304 0.459016 0.846304 0.459016 0.887160 0.415984 0.887160
1 0.477459 0.896887 0.518443 0.896887 0.518443 0.929961 0.477459 0.929961
1 0.471312 0.817120 0.510246 0.817120 0.510246 0.861868 0.471312 0.861868
1 0.512295 0.842412 0.551229 0.842412 0.551229 0.889105 0.512295 0.889105
1 0.405738 0.795720 0.448771 0.795720 0.448771 0.836576 0.405738 0.836576
1 0.282787 0.675097 0.323771 0.675097 0.323771 0.719844 0.282787 0.719844
1 0.161886 0.721789 0.209016 0.721789 0.209016 0.766537 0.161886 0.766537
1 0.211066 0.638132 0.254099 0.638132 0.254099 0.678988 0.211066 0.678988
1 0.299180 0.628405 0.334016 0.628405 0.334016 0.669261 0.299180 0.669261
1 0.403689 0.632296 0.440573 0.632296 0.440573 0.669260 0.403689 0.669260
1 0.434426 0.651751 0.469262 0.651751 0.469262 0.690661 0.434426 0.690661
1 0.534836 0.632296 0.569672 0.632296 0.569672 0.667314 0.534836 0.667314
1 0.569672 0.661479 0.614754 0.661479 0.614754 0.698443 0.569672 0.698443
1 0.551229 0.749027 0.581967 0.749027 0.581967 0.797665 0.551229 0.797665
1 0.514345 0.758755 0.547131 0.758755 0.547131 0.799611 0.514345 0.799611
1 0.477459 0.747081 0.510246 0.747081 0.510246 0.791829 0.477459 0.791829
1 0.397541 0.725681 0.432377 0.725681 0.432377 0.756809 0.397541 0.756809
1 0.354508 0.688716 0.393442 0.688716 0.393442 0.731518 0.354508 0.731518
1 0.311476 0.717899 0.350410 0.717899 0.350410 0.750973 0.311476 0.750973
1 0.151640 0.603113 0.198770 0.603113 0.198770 0.640077 0.151640 0.640077
1 0.213115 0.566148 0.256148 0.566148 0.256148 0.608950 0.213115 0.608950
1 0.264345 0.581713 0.290984 0.581713 0.290984 0.618677 0.264345 0.618677
1 0.262296 0.618677 0.288934 0.618677 0.288934 0.649805 0.262296 0.649805
1 0.338115 0.575876 0.377049 0.575876 0.377049 0.616732 0.338115 0.616732
1 0.159836 0.680934 0.204918 0.680934 0.204918 0.712062 0.159836 0.712062
1 0.049181 0.675098 0.088115 0.675098 0.088115 0.714008 0.049181 0.714008
1 0.077870 0.657587 0.104509 0.657587 0.104509 0.677042 0.077870 0.677042
1 0.002049 0.678988 0.040983 0.678988 0.040983 0.717899 0.002049 0.717899
1 0.008197 0.642024 0.049181 0.642024 0.049181 0.673152 0.008197 0.673152
1 0.098361 0.577821 0.143443 0.577821 0.143443 0.614786 0.098361 0.614786
1 0.157787 0.554475 0.198771 0.554475 0.198771 0.591440 0.157787 0.591440
1 0.014344 0.556420 0.059426 0.556420 0.059426 0.597276 0.014344 0.597276
1 0.262295 0.451362 0.301229 0.451362 0.301229 0.494164 0.262295 0.494164
1 0.213115 0.443579 0.254099 0.443579 0.254099 0.482490 0.213115 0.482490
1 0.194672 0.486382 0.239754 0.486382 0.239754 0.517510 0.194672 0.517510
1 0.131148 0.490273 0.178278 0.490273 0.178278 0.521401 0.131148 0.521401
1 0.086066 0.459145 0.133196 0.459145 0.133196 0.494164 0.086066 0.494164
1 0.071721 0.429961 0.122951 0.429961 0.122951 0.463035 0.071721 0.463035
1 0.092214 0.396886 0.135246 0.396886 0.135246 0.435798 0.092214 0.435798
1 0.782787 0.889105 0.821721 0.889105 0.821721 0.929961 0.782787 0.929961
1 0.827869 0.865759 0.868853 0.865759 0.868853 0.906615 0.827869 0.906615
1 0.891393 0.840467 0.926229 0.840467 0.926229 0.885214 0.891393 0.885214
1 0.860656 0.892996 0.895492 0.892996 0.895492 0.933852 0.860656 0.933852
1 0.897541 0.898832 0.936475 0.898832 0.936475 0.941634 0.897541 0.941634
1 0.948771 0.885214 0.987705 0.885214 0.987705 0.926070 0.948771 0.926070
1 0.922131 0.852140 0.965165 0.852140 0.965165 0.891050 0.922131 0.891050
1 0.928279 0.801556 0.967213 0.801556 0.967213 0.842412 0.928279 0.842412
1 0.813525 0.933852 0.858607 0.933852 0.858607 0.978600 0.813525 0.978600
1 0.743852 0.943580 0.786886 0.943580 0.786886 0.978598 0.743852 0.978598
1 0.719263 0.904669 0.766394 0.904669 0.766394 0.935797 0.719263 0.935797
1 0.743853 0.869650 0.793033 0.869650 0.793033 0.900778 0.743853 0.900778
1 0.750000 0.813230 0.788934 0.813230 0.788934 0.850194 0.750000 0.850194
1 0.459016 0.044748 0.493852 0.044748 0.493852 0.071985 0.459016 0.071985
1 0.502050 0.042801 0.549181 0.042801 0.549181 0.070039 0.502050 0.070039
1 0.563525 0.038910 0.598361 0.038910 0.598361 0.064202 0.563525 0.064202
1 0.403689 0.038911 0.440573 0.038911 0.440573 0.068094 0.403689 0.068094
1 0.379099 0.031128 0.405737 0.031128 0.405737 0.060311 0.379099 0.060311
1 0.831967 0.675098 0.870901 0.675098 0.870901 0.704280 0.831967 0.704280
1 0.717213 0.714009 0.768443 0.714009 0.768443 0.749027 0.717213 0.749027
1 0.815574 0.756810 0.860656 0.756810 0.860656 0.793774 0.815574 0.793774
1 0.877049 0.750973 0.911885 0.750973 0.911885 0.789883 0.877049 0.789883
1 0.844262 0.795720 0.885246 0.795720 0.885246 0.828794 0.844262 0.828794
1 0.790983 0.789883 0.831967 0.789883 0.831967 0.822957 0.790983 0.822957
1 0.690573 0.832685 0.737704 0.832685 0.737704 0.865759 0.690573 0.865759
1 0.674180 0.795720 0.715164 0.795720 0.715164 0.824902 0.674180 0.824902
1 0.670082 0.749028 0.696721 0.749028 0.696721 0.784046 0.670082 0.784046
1 0.606557 0.741246 0.643443 0.741246 0.643443 0.776264 0.606557 0.776264
1 0.913935 0.408560 0.952869 0.408560 0.952869 0.449416 0.913935 0.449416
1 0.864754 0.406614 0.893443 0.406614 0.893443 0.443580 0.864754 0.443580
1 0.838115 0.363812 0.879099 0.363812 0.879099 0.402724 0.838115 0.402724
1 0.815573 0.416342 0.852459 0.416342 0.852459 0.459144 0.815573 0.459144
1 0.887295 0.334630 0.938525 0.334630 0.938525 0.369650 0.887295 0.369650
1 0.868852 0.476654 0.909836 0.476654 0.909836 0.521401 0.868852 0.521401
1 0.889344 0.285992 0.938524 0.285992 0.938524 0.322958 0.889344 0.322958
1 0.821722 0.319066 0.854509 0.319066 0.854509 0.350194 0.821722 0.350194
1 0.786885 0.357977 0.829919 0.357977 0.829919 0.398833 0.786885 0.398833
1 0.766394 0.270428 0.799180 0.270428 0.799180 0.299611 0.766394 0.299611
1 0.768443 0.315175 0.803279 0.315175 0.803279 0.346303 0.768443 0.346303
1 0.596312 0.313230 0.635246 0.313230 0.635246 0.340467 0.596312 0.340467
1 0.696722 0.416342 0.735656 0.416342 0.735656 0.459144 0.696722 0.459144
1 0.731557 0.453307 0.758197 0.453307 0.758197 0.492219 0.731557 0.492219
1 0.750000 0.482490 0.790984 0.482490 0.790984 0.523346 0.750000 0.523346
1 0.643442 0.463035 0.684426 0.463035 0.684426 0.505837 0.643442 0.505837
1 0.604509 0.447471 0.637295 0.447471 0.637295 0.482490 0.604509 0.482490
1 0.834017 0.466926 0.866803 0.466926 0.866803 0.498054 0.834017 0.498054
1 0.684426 0.373540 0.711066 0.373540 0.711066 0.410506 0.684426 0.410506
1 0.678278 0.494164 0.719262 0.494164 0.719262 0.531129 0.678278 0.531129
1 0.489754 0.599222 0.530738 0.599222 0.530738 0.642024 0.489754 0.642024
1 0.575820 0.612841 0.614754 0.612841 0.614754 0.647859 0.575820 0.647859
1 0.512296 0.667316 0.559427 0.667316 0.559427 0.704280 0.512296 0.704280
1 0.622951 0.929961 0.657787 0.929961 0.657787 0.968871 0.622951 0.968871
1 0.690573 0.945525 0.727459 0.945525 0.727459 0.978599 0.690573 0.978599
1 0.670082 0.920234 0.704918 0.920234 0.704918 0.951362 0.670082 0.951362
1 0.622951 0.842412 0.668033 0.842412 0.668033 0.875486 0.622951 0.875486
1 0.178279 0.291829 0.215164 0.291829 0.215164 0.324903 0.178279 0.324903
1 0.180328 0.332686 0.219262 0.332686 0.219262 0.359922 0.180328 0.359922
1 0.221312 0.365759 0.256148 0.365759 0.256148 0.398833 0.221312 0.398833
1 0.081967 0.319066 0.129099 0.319066 0.129099 0.352140 0.081967 0.352140
1 0.047131 0.344357 0.086065 0.344357 0.086065 0.381323 0.047131 0.381323
1 0.004098 0.404670 0.049180 0.404670 0.049180 0.439689 0.004098 0.439689
1 0.772541 0.081712 0.813525 0.081712 0.813525 0.114786 0.772541 0.114786
1 0.821722 0.085603 0.860656 0.085603 0.860656 0.120622 0.821722 0.120622
1 0.739754 0.068094 0.780738 0.068094 0.780738 0.099222 0.739754 0.099222
1 0.790984 0.042801 0.829918 0.042801 0.829918 0.068093 0.790984 0.068093
1 0.686475 0.062257 0.721311 0.062257 0.721311 0.085603 0.686475 0.085603
1 0.840164 0.001945 0.889344 0.001945 0.889344 0.031128 0.840164 0.031128
1 0.795082 0.000000 0.829918 0.000000 0.829918 0.017510 0.795082 0.017510
1 0.655738 0.001945 0.688524 0.001945 0.688524 0.029183 0.655738 0.029183
1 0.870901 0.153697 0.907787 0.153697 0.907787 0.206226 0.870901 0.206226
1 0.928279 0.186771 0.961065 0.186771 0.961065 0.215954 0.928279 0.215954
1 0.971311 0.157588 0.997951 0.157588 0.997951 0.188716 0.971311 0.188716
1 0.743853 0.136187 0.776639 0.136187 0.776639 0.169261 0.743853 0.169261
1 0.766394 0.221791 0.827869 0.221791 0.827869 0.256810 0.766394 0.256810
1 0.655738 0.305447 0.704918 0.305447 0.704918 0.344359 0.655738 0.344359
1 0.653689 0.346304 0.696722 0.346304 0.696722 0.387160 0.653689 0.387160
1 0.686476 0.258755 0.715164 0.258755 0.715164 0.291829 0.686476 0.291829
1 0.399590 0.445525 0.448770 0.445525 0.448770 0.480544 0.399590 0.480544
1 0.364754 0.414397 0.403688 0.414397 0.403688 0.459143 0.364754 0.459143
1 0.321721 0.509728 0.364754 0.509728 0.364754 0.538910 0.321721 0.538910
1 0.305328 0.488326 0.336066 0.488326 0.336066 0.517509 0.305328 0.517509
1 0.952869 0.507782 0.981557 0.507782 0.981557 0.538910 0.952869 0.538910
1 0.942623 0.546693 0.973361 0.546693 0.973361 0.581711 0.942623 0.581711
1 0.969262 0.589495 1.000000 0.589495 1.000000 0.624513 0.969262 0.624513
1 0.979508 0.540856 1.000000 0.540856 1.000000 0.581712 0.979508 0.581712
1 0.008197 0.511673 0.047131 0.511673 0.047131 0.544747 0.008197 0.544747
1 0.075820 0.507783 0.114754 0.507783 0.114754 0.542801 0.075820 0.542801
1 0.116803 0.525292 0.151639 0.525292 0.151639 0.562256 0.116803 0.562256
1 0.452869 0.161479 0.493853 0.161479 0.493853 0.198443 0.452869 0.198443
1 0.465164 0.128404 0.510246 0.128404 0.510246 0.163423 0.465164 0.163423
1 0.403688 0.155642 0.444672 0.155642 0.444672 0.214008 0.403688 0.214008
1 0.356557 0.198443 0.415983 0.198443 0.415983 0.237355 0.356557 0.237355
1 0.321721 0.038911 0.366803 0.038911 0.366803 0.068094 0.321721 0.068094
1 0.317623 0.071985 0.348361 0.071985 0.348361 0.101167 0.317623 0.101167
1 0.338115 0.095330 0.372951 0.095330 0.372951 0.122568 0.338115 0.122568
1 0.334016 0.009728 0.379098 0.009728 0.379098 0.044747 0.334016 0.044747
1 0.393443 0.001945 0.438525 0.001945 0.438525 0.027237 0.393443 0.027237
1 0.450819 0.013619 0.491803 0.013619 0.491803 0.040856 0.450819 0.040856
1 0.227459 0.001945 0.262295 0.001945 0.262295 0.029183 0.227459 0.029183
1 0.014344 0.023346 0.049180 0.023346 0.049180 0.060311 0.014344 0.060311
1 0.028688 0.000000 0.055327 0.000000 0.055327 0.015564 0.028688 0.015564
1 0.012295 0.278210 0.047131 0.278210 0.047131 0.313229 0.012295 0.313229
1 0.116803 0.278210 0.163934 0.278210 0.163934 0.309338 0.116803 0.309338
1 0.028689 0.245136 0.077869 0.245136 0.077869 0.278210 0.028689 0.278210
1 0.639344 0.112840 0.670082 0.112840 0.670082 0.147860 0.639344 0.147860
1 0.616803 0.155643 0.661885 0.155643 0.661885 0.192607 0.616803 0.192607
1 0.555328 0.147860 0.590164 0.147860 0.590164 0.177043 0.555328 0.177043
1 0.506147 0.359922 0.547131 0.359922 0.547131 0.394942 0.506147 0.394942
1 0.491803 0.340467 0.528689 0.340467 0.528689 0.365759 0.491803 0.365759
1 0.012296 0.470817 0.045082 0.470817 0.045082 0.501945 0.012296 0.501945
1 0.928279 0.945525 0.963115 0.945525 0.963115 0.970817 0.928279 0.970817
1 0.891393 0.941634 0.928279 0.941634 0.928279 0.982490 0.891393 0.982490
1 0.317623 0.151751 0.348361 0.151751 0.348361 0.178988 0.317623 0.178988
1 0.235656 0.173151 0.270492 0.173151 0.270492 0.200388 0.235656 0.200388
1 0.260246 0.194552 0.301230 0.194552 0.301230 0.221790 0.260246 0.221790
1 0.250000 0.145915 0.295082 0.145915 0.295082 0.173152 0.250000 0.173152
