0 0.792261 0.107954 0.885947 0.107954 0.885947 0.218749 0.792261 0.218749
0 0.763748 0.292614 0.835031 0.292614 0.835031 0.372159 0.763748 0.372159
0 0.857433 0.613636 0.940937 0.613636 0.940937 0.738636 0.857433 0.738636
0 0.780041 0.494318 0.818738 0.494318 0.818738 0.582386 0.780041 0.582386
0 0.832994 0.377841 0.900204 0.377841 0.900204 0.440341 0.832994 0.440341
1 0.384929 0.204545 0.439919 0.204545 0.439919 0.275568 0.384929 0.275568
1 0.686355 0.403409 0.727087 0.403409 0.727087 0.465909 0.686355 0.465909
1 0.291243 0.505683 0.350305 0.505683 0.350305 0.585228 0.291243 0.585228
1 0.539714 0.647727 0.592668 0.647727 0.592668 0.704545 0.539714 0.704545
1 0.348268 0.673295 0.380856 0.673295 0.380856 0.747159 0.348268 0.747159
2 0.103869 0.008523 0.156822 0.008523 0.156822 0.124999 0.103869 0.124999
2 0.148676 0.119318 0.217922 0.119318 0.217922 0.210228 0.148676 0.210228
2 0.230143 0.170455 0.287169 0.170455 0.287169 0.249999 0.230143 0.249999
2 0.287169 0.232955 0.338085 0.232955 0.338085 0.315341 0.287169 0.315341
2 0.319756 0.173295 0.376782 0.173295 0.376782 0.250001 0.319756 0.250001
2 0.421589 0.113637 0.476579 0.113637 0.476579 0.204546 0.421589 0.204546
2 0.488799 0.139204 0.541752 0.139204 0.541752 0.213068 0.488799 0.213068
2 0.556008 0.164772 0.606924 0.164772 0.606924 0.235795 0.556008 0.235795
2 0.523422 0.278409 0.574338 0.278409 0.574338 0.363637 0.523422 0.363637
2 0.570265 0.312500 0.627291 0.312500 0.627291 0.406250 0.570265 0.406250
2 0.631364 0.338068 0.686354 0.338068 0.686354 0.417613 0.631364 0.417613
2 0.706722 0.482955 0.759675 0.482955 0.759675 0.565341 0.706722 0.565341
2 0.741344 0.596591 0.798370 0.596591 0.798370 0.678977 0.741344 0.678977
2 0.810590 0.735796 0.869654 0.735796 0.869654 0.823864 0.810590 0.823864
2 0.796334 0.835228 0.855398 0.835228 0.855398 0.914772 0.796334 0.914772
2 0.865580 0.914772 0.912423 0.914772 0.912423 0.994317 0.865580 0.994317
2 0.920571 0.923295 0.971487 0.923295 0.971487 0.997159 0.920571 0.997159
2 0.894093 0.843750 0.940936 0.843750 0.940936 0.911932 0.894093 0.911932
2 0.818737 0.937501 0.867617 0.937501 0.867617 0.997159 0.818737 0.997159
