0 0.679688 0.996094 0.007812 0.007812
0 0.508789 0.990234 0.041016 0.019531
0 0.953125 0.989258 0.039062 0.021484
0 0.296875 0.989258 0.023438 0.021484
0 0.237305 0.989258 0.029297 0.021484
0 0.097656 0.988281 0.027344 0.019531
0 0.359375 0.988281 0.019531 0.023438
0 0.261719 0.988281 0.031250 0.023438
0 0.744141 0.985352 0.023438 0.021484
0 0.332031 0.987305 0.019531 0.025391
0 0.580078 0.985352 0.031250 0.029297
0 0.710938 0.984375 0.031250 0.031250
0 0.140625 0.983398 0.042969 0.033203
0 0.861328 0.982422 0.035156 0.035156
0 0.684570 0.975586 0.021484 0.021484
0 0.544922 0.973633 0.027344 0.017578
0 0.827148 0.974609 0.013672 0.023438
0 0.635742 0.980469 0.068359 0.039062
0 0.446289 0.979492 0.041016 0.037109
0 0.304688 0.965820 0.011719 0.009766
0 0.201172 0.980469 0.062500 0.039062
0 0.387695 0.977539 0.037109 0.037109
0 0.990234 0.974609 0.019531 0.039062
0 0.843750 0.968750 0.019531 0.027344
0 0.030273 0.972656 0.060547 0.054688
0 0.787109 0.971680 0.054688 0.056641
0 0.648438 0.958984 0.050781 0.031250
0 0.262695 0.955078 0.033203 0.023438
0 0.618164 0.947266 0.013672 0.011719
0 0.347656 0.954102 0.050781 0.029297
0 0.115234 0.957031 0.042969 0.042969
0 0.840820 0.942383 0.017578 0.017578
0 0.420898 0.954102 0.048828 0.041016
0 0.697266 0.944336 0.031250 0.029297
0 0.760742 0.945312 0.048828 0.035156
0 0.902344 0.954102 0.050781 0.056641
0 0.571289 0.945312 0.048828 0.039062
0 0.309570 0.935547 0.025391 0.023438
0 0.233398 0.940430 0.037109 0.033203
0 0.192383 0.940430 0.033203 0.033203
0 0.384766 0.935547 0.023438 0.027344
0 0.868164 0.934570 0.041016 0.041016
0 0.105469 0.922852 0.031250 0.017578
0 0.975586 0.928711 0.048828 0.033203
0 0.574219 0.918945 0.015625 0.013672
0 0.162109 0.932617 0.046875 0.041016
0 0.050781 0.951172 0.078125 0.078125
0 0.523438 0.928711 0.035156 0.037109
0 0.011719 0.924805 0.023438 0.029297
0 0.475586 0.929688 0.044922 0.050781
0 0.640625 0.919922 0.054688 0.035156
0 0.200195 0.909180 0.017578 0.017578
0 0.733398 0.917969 0.037109 0.042969
0 0.359375 0.912109 0.050781 0.035156
0 0.933594 0.908203 0.042969 0.031250
0 0.031250 0.902344 0.027344 0.019531
0 0.416016 0.903320 0.039062 0.029297
0 0.232422 0.903320 0.042969 0.041016
0 0.347656 0.893555 0.035156 0.025391
0 0.717773 0.890625 0.021484 0.023438
0 0.644531 0.885742 0.007812 0.013672
0 0.311523 0.900391 0.037109 0.042969
0 0.602539 0.897461 0.037109 0.041016
0 0.885742 0.893555 0.044922 0.037109
0 0.552734 0.895508 0.042969 0.041016
0 0.176758 0.886719 0.033203 0.027344
0 0.819336 0.877930 0.013672 0.013672
0 0.970703 0.889648 0.035156 0.044922
0 0.119141 0.892578 0.070312 0.054688
0 0.433594 0.870117 0.019531 0.017578
0 0.782227 0.893555 0.052734 0.068359
0 0.948242 0.870117 0.033203 0.037109
0 0.015625 0.875000 0.031250 0.046875
0 0.993164 0.871094 0.013672 0.042969
0 0.908203 0.870117 0.039062 0.041016
0 0.251953 0.865234 0.035156 0.031250
0 0.143555 0.864258 0.033203 0.033203
0 0.744141 0.866211 0.039062 0.041016
0 0.684570 0.878906 0.072266 0.082031
0 0.395508 0.865234 0.041016 0.054688
0 0.568359 0.844727 0.015625 0.017578
0 0.847656 0.852539 0.054688 0.037109
0 0.338867 0.855469 0.068359 0.042969
0 0.209961 0.852539 0.041016 0.041016
0 0.174805 0.848633 0.029297 0.037109
0 0.533203 0.852539 0.042969 0.048828
0 0.103516 0.846680 0.042969 0.037109
0 0.933594 0.834961 0.039062 0.037109
0 0.794922 0.835938 0.042969 0.042969
0 0.638672 0.844727 0.050781 0.068359
0 0.561523 0.820312 0.021484 0.023438
0 0.420898 0.832031 0.041016 0.046875
0 0.136719 0.824219 0.046875 0.031250
0 0.738281 0.823242 0.042969 0.033203
0 0.976562 0.826172 0.039062 0.042969
0 0.041992 0.830078 0.041016 0.050781
0 0.873047 0.824219 0.089844 0.046875
0 0.594727 0.816406 0.041016 0.039062
0 0.392578 0.809570 0.023438 0.025391
0 0.483398 0.823242 0.064453 0.068359
0 0.434570 0.808594 0.029297 0.039062
0 0.326172 0.809570 0.031250 0.041016
0 0.247070 0.810547 0.029297 0.050781
0 0.407227 0.791016 0.013672 0.015625
0 0.288086 0.816406 0.037109 0.066406
0 0.665039 0.798828 0.033203 0.035156
0 0.370117 0.792969 0.029297 0.027344
0 0.208008 0.803711 0.033203 0.056641
0 0.532227 0.795898 0.044922 0.052734
0 0.707031 0.801758 0.042969 0.068359
0 0.429688 0.774414 0.015625 0.013672
0 0.768555 0.787109 0.044922 0.050781
0 0.650391 0.770508 0.011719 0.017578
0 0.066406 0.782227 0.050781 0.041016
0 0.678711 0.767578 0.013672 0.015625
0 0.016602 0.783203 0.033203 0.050781
0 0.583984 0.773438 0.046875 0.035156
0 0.944336 0.781250 0.048828 0.058594
0 0.662109 0.758789 0.015625 0.013672
0 0.228516 0.771484 0.039062 0.039062
0 0.989258 0.775391 0.021484 0.050781
0 0.462891 0.768555 0.039062 0.037109
0 0.168945 0.782227 0.056641 0.064453
0 0.875977 0.775391 0.052734 0.058594
0 0.737305 0.764648 0.044922 0.037109
0 0.505859 0.759766 0.042969 0.039062
0 0.818359 0.767578 0.054688 0.066406
0 0.040039 0.750000 0.037109 0.031250
0 0.713867 0.746094 0.041016 0.027344
0 0.972656 0.746094 0.035156 0.031250
0 0.560547 0.743164 0.042969 0.029297
0 0.379883 0.747070 0.048828 0.044922
0 0.618164 0.740234 0.056641 0.035156
0 0.197266 0.748047 0.042969 0.050781
0 0.907227 0.746094 0.044922 0.050781
0 0.016602 0.735352 0.033203 0.029297
0 0.247070 0.735352 0.041016 0.037109
0 0.748047 0.722656 0.019531 0.023438
0 0.666992 0.727539 0.029297 0.033203
0 0.071289 0.732422 0.044922 0.042969
0 0.784180 0.729492 0.048828 0.044922
0 0.435547 0.728516 0.031250 0.046875
0 0.992188 0.719727 0.015625 0.033203
0 0.857422 0.720703 0.046875 0.035156
0 0.525391 0.723633 0.042969 0.041016
0 0.945312 0.717773 0.046875 0.033203
0 0.901367 0.703125 0.009766 0.011719
0 0.638672 0.709961 0.042969 0.029297
0 0.381836 0.711914 0.044922 0.033203
0 0.279297 0.704102 0.027344 0.021484
0 0.719727 0.707031 0.037109 0.035156
0 0.569336 0.705078 0.044922 0.031250
0 0.478516 0.711914 0.046875 0.048828
0 0.008789 0.707031 0.017578 0.039062
0 0.139648 0.712891 0.041016 0.054688
0 0.829102 0.692383 0.021484 0.017578
0 0.337891 0.694336 0.042969 0.021484
0 0.238281 0.686523 0.035156 0.021484
0 0.174805 0.687500 0.029297 0.023438
0 0.923828 0.683594 0.046875 0.023438
0 0.101562 0.694336 0.054688 0.044922
0 0.297852 0.683594 0.021484 0.031250
0 0.599609 0.686523 0.042969 0.041016
0 0.972656 0.676758 0.035156 0.033203
0 0.427734 0.669922 0.027344 0.023438
0 0.645508 0.676758 0.044922 0.041016
0 0.268555 0.670898 0.037109 0.033203
0 0.196289 0.664062 0.017578 0.019531
0 0.078125 0.668945 0.019531 0.033203
0 0.047852 0.674805 0.029297 0.044922
0 0.330078 0.665039 0.054688 0.037109
0 0.691406 0.669922 0.054688 0.066406
0 0.533203 0.668945 0.066406 0.064453
0 0.982422 0.643555 0.023438 0.017578
0 0.769531 0.661133 0.046875 0.052734
0 0.876953 0.668945 0.035156 0.072266
0 0.025391 0.659180 0.039062 0.052734
0 0.713867 0.646484 0.021484 0.031250
0 0.112305 0.648438 0.033203 0.035156
0 0.281250 0.638672 0.042969 0.031250
0 0.246094 0.632812 0.011719 0.019531
0 0.064453 0.634766 0.042969 0.027344
0 0.473633 0.642578 0.041016 0.046875
0 0.159180 0.643555 0.060547 0.048828
0 0.816406 0.626953 0.027344 0.027344
0 0.332031 0.625977 0.039062 0.025391
0 0.375977 0.634766 0.052734 0.046875
0 0.430664 0.631836 0.033203 0.044922
0 0.012695 0.625977 0.025391 0.033203
0 0.866211 0.617188 0.017578 0.019531
0 0.505859 0.612305 0.019531 0.017578
0 0.114258 0.613281 0.025391 0.023438
0 0.918945 0.634766 0.052734 0.074219
0 0.740234 0.620117 0.035156 0.044922
0 0.610352 0.611328 0.025391 0.027344
0 0.240234 0.605469 0.015625 0.015625
0 0.828125 0.603516 0.023438 0.015625
0 0.782227 0.612305 0.029297 0.033203
0 0.632812 0.601562 0.011719 0.011719
0 0.175781 0.610352 0.031250 0.029297
0 0.952148 0.605469 0.017578 0.023438
0 0.581055 0.603516 0.021484 0.019531
0 0.082031 0.604492 0.023438 0.029297
0 0.211914 0.606445 0.033203 0.037109
0 0.665039 0.605469 0.048828 0.042969
0 0.421875 0.596680 0.039062 0.033203
0 0.916992 0.585938 0.021484 0.015625
0 0.503906 0.589844 0.019531 0.023438
0 0.291992 0.596680 0.056641 0.041016
0 0.788086 0.582031 0.029297 0.015625
0 0.976562 0.601562 0.039062 0.058594
0 0.707031 0.587891 0.035156 0.031250
0 0.599609 0.582031 0.019531 0.019531
0 0.041016 0.592773 0.039062 0.041016
0 0.008789 0.587891 0.017578 0.035156
0 0.248047 0.580078 0.019531 0.031250
0 0.135742 0.583984 0.033203 0.039062
0 0.550781 0.590820 0.066406 0.060547
0 0.365234 0.583984 0.062500 0.046875
0 0.638672 0.572266 0.046875 0.031250
0 0.871094 0.571289 0.042969 0.033203
0 0.467773 0.581055 0.052734 0.052734
0 0.791016 0.562500 0.023438 0.019531
0 0.381836 0.567383 0.029297 0.029297
0 0.315430 0.568359 0.041016 0.031250
0 0.264648 0.567383 0.029297 0.033203
0 0.412109 0.562500 0.035156 0.027344
0 0.183594 0.565430 0.031250 0.033203
0 0.092773 0.569336 0.033203 0.044922
0 0.824219 0.551758 0.023438 0.013672
0 0.988281 0.563477 0.023438 0.041016
0 0.941406 0.560547 0.046875 0.035156
0 0.332031 0.546875 0.011719 0.007812
0 0.713867 0.554688 0.052734 0.027344
0 0.127930 0.549805 0.021484 0.017578
0 0.762695 0.553711 0.033203 0.033203
0 0.468750 0.545898 0.031250 0.029297
0 0.313477 0.539062 0.021484 0.015625
0 0.850586 0.539062 0.025391 0.027344
0 0.522461 0.547852 0.056641 0.048828
0 0.642578 0.536133 0.035156 0.037109
0 0.042969 0.542969 0.062500 0.050781
0 0.576172 0.533203 0.035156 0.035156
0 0.416016 0.530273 0.035156 0.033203
0 0.098633 0.527344 0.037109 0.031250
0 0.216797 0.534180 0.042969 0.048828
0 0.152344 0.525391 0.054688 0.035156
0 0.366211 0.528320 0.044922 0.044922
0 0.612305 0.523438 0.041016 0.042969
0 0.435547 0.519531 0.039062 0.039062
0 0.916016 0.520508 0.042969 0.048828
0 0.752930 0.514648 0.025391 0.037109
0 0.277344 0.520508 0.050781 0.048828
0 0.869141 0.511719 0.039062 0.035156
0 0.821289 0.517578 0.041016 0.046875
0 0.713867 0.514648 0.037109 0.041016
0 0.670898 0.526367 0.052734 0.064453
0 0.997070 0.502930 0.005859 0.021484
0 0.331055 0.500000 0.033203 0.019531
0 0.970703 0.519531 0.046875 0.066406
0 0.680664 0.497070 0.029297 0.025391
0 0.530273 0.500000 0.033203 0.031250
0 0.490234 0.505859 0.062500 0.066406
0 0.169922 0.492188 0.054688 0.039062
0 0.245117 0.486328 0.037109 0.031250
0 0.796875 0.484375 0.035156 0.031250
0 0.286133 0.482422 0.033203 0.027344
0 0.070312 0.488281 0.035156 0.039062
0 0.363281 0.482422 0.042969 0.031250
0 0.764648 0.486328 0.029297 0.042969
0 0.117188 0.489258 0.039062 0.048828
0 0.629883 0.481445 0.037109 0.044922
0 0.208008 0.477539 0.029297 0.037109
0 0.946289 0.470703 0.025391 0.031250
0 0.564453 0.474609 0.058594 0.039062
0 0.876953 0.468750 0.031250 0.031250
0 0.776367 0.463867 0.021484 0.021484
0 0.146484 0.461914 0.031250 0.021484
0 0.031250 0.479492 0.035156 0.056641
0 0.674805 0.461914 0.041016 0.029297
0 0.981445 0.463867 0.037109 0.037109
0 0.396484 0.465820 0.046875 0.041016
0 0.728516 0.460938 0.046875 0.039062
0 0.830078 0.459961 0.031250 0.041016
0 0.508789 0.449219 0.025391 0.019531
0 0.359375 0.449219 0.023438 0.019531
0 0.315430 0.461914 0.041016 0.044922
0 0.452148 0.460938 0.072266 0.050781
0 0.914062 0.456055 0.039062 0.044922
0 0.004883 0.454102 0.009766 0.044922
0 0.185547 0.446289 0.039062 0.037109
0 0.255859 0.443359 0.054688 0.039062
0 0.795898 0.436523 0.041016 0.044922
0 0.098633 0.436523 0.041016 0.048828
0 0.688477 0.427734 0.064453 0.035156
0 0.544922 0.429688 0.039062 0.039062
0 0.938477 0.426758 0.025391 0.041016
0 0.055664 0.425781 0.044922 0.042969
0 0.618164 0.426758 0.068359 0.048828
0 0.153320 0.424805 0.052734 0.044922
0 0.020508 0.417969 0.017578 0.031250
0 0.751953 0.421875 0.035156 0.042969
0 0.385742 0.418945 0.056641 0.037109
0 0.446289 0.415039 0.044922 0.033203
0 0.973633 0.415039 0.052734 0.037109
0 0.503906 0.417969 0.050781 0.042969
0 0.211914 0.415039 0.044922 0.044922
0 0.089844 0.397461 0.011719 0.021484
0 0.825195 0.412109 0.052734 0.054688
0 0.941406 0.390625 0.015625 0.015625
0 0.044922 0.390625 0.023438 0.019531
0 0.530273 0.389648 0.017578 0.021484
0 0.337891 0.392578 0.039062 0.031250
0 0.168945 0.386719 0.025391 0.019531
0 0.897461 0.398438 0.044922 0.046875
0 0.301758 0.403320 0.056641 0.056641
0 0.590820 0.395508 0.044922 0.048828
0 0.380859 0.382812 0.031250 0.027344
0 0.124023 0.391602 0.048828 0.044922
0 0.844727 0.388672 0.052734 0.042969
0 0.650391 0.377930 0.019531 0.021484
0 0.686523 0.389648 0.060547 0.052734
0 0.503906 0.375977 0.019531 0.029297
0 0.726562 0.367188 0.011719 0.015625
0 0.477539 0.374023 0.021484 0.033203
0 0.257812 0.384766 0.046875 0.054688
0 0.194336 0.371094 0.025391 0.031250
0 0.969727 0.367188 0.044922 0.035156
0 0.774414 0.375000 0.072266 0.050781
0 0.559570 0.375977 0.044922 0.052734
0 0.441406 0.373047 0.042969 0.046875
0 0.228516 0.367188 0.031250 0.039062
0 0.631836 0.366211 0.060547 0.048828
0 0.870117 0.360352 0.056641 0.041016
0 0.671875 0.346680 0.019531 0.013672
0 0.744141 0.347656 0.023438 0.019531
0 0.325195 0.352539 0.037109 0.041016
0 0.995117 0.341797 0.009766 0.023438
0 0.369141 0.336914 0.011719 0.017578
0 0.969727 0.334961 0.025391 0.017578
0 0.525391 0.344727 0.039062 0.044922
0 0.009766 0.337891 0.019531 0.035156
0 0.705078 0.335938 0.042969 0.035156
0 0.581055 0.333984 0.029297 0.031250
0 0.142578 0.344727 0.042969 0.052734
0 0.890625 0.329102 0.042969 0.033203
0 0.297852 0.334961 0.044922 0.044922
0 0.182617 0.336914 0.029297 0.048828
0 0.603516 0.319336 0.015625 0.021484
0 0.832031 0.332031 0.050781 0.050781
0 0.815430 0.317383 0.025391 0.021484
0 0.424805 0.323242 0.041016 0.033203
0 0.652344 0.323242 0.050781 0.037109
0 0.076172 0.338867 0.074219 0.068359
0 0.549805 0.315430 0.013672 0.025391
0 0.009766 0.308594 0.019531 0.011719
0 0.959961 0.309570 0.021484 0.017578
0 0.933594 0.322266 0.035156 0.042969
0 0.984375 0.314453 0.031250 0.035156
0 0.756836 0.311523 0.025391 0.033203
0 0.220703 0.318359 0.039062 0.050781
0 0.258789 0.314453 0.033203 0.062500
0 0.472656 0.316406 0.066406 0.074219
0 0.705078 0.294922 0.054688 0.035156
0 0.601562 0.291992 0.054688 0.029297
0 0.798828 0.293945 0.070312 0.048828
0 0.516602 0.290039 0.048828 0.041016
0 0.322266 0.290039 0.039062 0.041016
0 0.950195 0.281250 0.033203 0.027344
0 0.656250 0.277344 0.035156 0.031250
0 0.019531 0.277344 0.039062 0.042969
0 0.983398 0.270508 0.033203 0.033203
0 0.876953 0.280273 0.039062 0.060547
0 0.789062 0.258789 0.023438 0.017578
0 0.380859 0.287109 0.054688 0.074219
0 0.913086 0.275391 0.033203 0.054688
0 0.094727 0.273438 0.056641 0.054688
0 0.164062 0.282227 0.046875 0.076172
0 0.270508 0.247070 0.009766 0.009766
0 0.143555 0.264648 0.037109 0.048828
0 0.760742 0.243164 0.009766 0.009766
0 0.719727 0.259766 0.037109 0.046875
0 0.504883 0.253906 0.037109 0.035156
0 0.341797 0.261719 0.042969 0.050781
0 0.543945 0.265625 0.037109 0.062500
0 0.419922 0.264648 0.050781 0.060547
0 0.835938 0.251953 0.054688 0.050781
0 0.659180 0.240234 0.044922 0.035156
0 0.603516 0.245117 0.035156 0.044922
0 0.868164 0.228516 0.021484 0.023438
0 0.693359 0.234375 0.035156 0.035156
0 0.991211 0.229492 0.017578 0.033203
0 0.003906 0.225586 0.007812 0.025391
0 0.907227 0.224609 0.025391 0.027344
0 0.368164 0.224609 0.029297 0.031250
0 0.744141 0.224609 0.031250 0.035156
0 0.140625 0.219727 0.031250 0.029297
0 0.887695 0.209961 0.025391 0.013672
0 0.088867 0.217773 0.044922 0.037109
0 0.503906 0.214844 0.046875 0.035156
0 0.844727 0.208008 0.025391 0.025391
0 0.644531 0.205078 0.023438 0.019531
0 0.219727 0.219727 0.033203 0.048828
0 0.261719 0.218750 0.035156 0.050781
0 0.717773 0.205078 0.033203 0.027344
0 0.180664 0.210938 0.044922 0.042969
0 0.033203 0.215820 0.042969 0.060547
0 0.973633 0.217773 0.048828 0.072266
0 0.065430 0.198242 0.029297 0.037109
0 0.003906 0.195312 0.007812 0.031250
0 0.320312 0.208008 0.054688 0.060547
0 0.935547 0.201172 0.042969 0.050781
0 0.437500 0.208984 0.085938 0.085938
0 0.368164 0.180664 0.033203 0.041016
0 0.197266 0.176758 0.039062 0.033203
0 0.293945 0.171875 0.033203 0.027344
0 0.240234 0.176758 0.042969 0.037109
0 0.115234 0.178711 0.050781 0.041016
0 0.790039 0.198242 0.072266 0.083984
0 0.021484 0.168945 0.039062 0.025391
0 0.795898 0.154297 0.013672 0.015625
0 0.537109 0.174805 0.039062 0.056641
0 0.958984 0.162109 0.027344 0.035156
0 0.914062 0.167969 0.039062 0.046875
0 0.079102 0.161133 0.033203 0.033203
0 0.485352 0.166992 0.056641 0.048828
0 0.437500 0.150391 0.027344 0.019531
0 0.688477 0.144531 0.013672 0.011719
0 0.612305 0.173828 0.044922 0.070312
0 0.158203 0.160156 0.039062 0.050781
0 0.840820 0.154297 0.056641 0.042969
0 0.649414 0.149414 0.037109 0.037109
0 0.246094 0.140625 0.035156 0.019531
0 0.391602 0.153320 0.037109 0.048828
0 0.042969 0.147461 0.027344 0.037109
0 0.324219 0.147461 0.042969 0.044922
0 0.897461 0.130859 0.021484 0.027344
0 0.199219 0.132812 0.046875 0.039062
0 0.583984 0.130859 0.035156 0.042969
0 0.356445 0.125000 0.025391 0.035156
0 0.982422 0.123047 0.035156 0.039062
0 0.531250 0.125977 0.066406 0.052734
0 0.698242 0.115234 0.037109 0.035156
0 0.282227 0.125000 0.033203 0.054688
0 0.420898 0.116211 0.044922 0.044922
0 0.998047 0.099609 0.003906 0.015625
0 0.245117 0.109375 0.037109 0.035156
0 0.852539 0.109375 0.044922 0.042969
0 0.742188 0.136719 0.050781 0.097656
0 0.468750 0.117188 0.039062 0.058594
0 0.793945 0.103516 0.044922 0.039062
0 0.209961 0.093750 0.033203 0.027344
0 0.936523 0.107422 0.056641 0.058594
0 0.116211 0.110352 0.095703 0.068359
0 0.375000 0.100586 0.039062 0.052734
0 0.169922 0.095703 0.035156 0.042969
0 0.994141 0.077148 0.011719 0.009766
0 0.496094 0.089844 0.039062 0.035156
0 0.666016 0.096680 0.039062 0.052734
0 0.064453 0.090820 0.042969 0.041016
0 0.884766 0.082031 0.046875 0.042969
0 0.613281 0.089844 0.050781 0.062500
0 0.559570 0.078125 0.044922 0.042969
0 0.431641 0.071289 0.050781 0.033203
0 0.049805 0.061523 0.021484 0.013672
0 0.024414 0.089844 0.048828 0.070312
0 0.167969 0.060547 0.023438 0.015625
0 0.819336 0.068359 0.033203 0.039062
0 0.705078 0.071289 0.042969 0.044922
0 0.120117 0.056641 0.017578 0.023438
0 0.751953 0.061523 0.039062 0.041016
0 0.975586 0.056641 0.033203 0.035156
0 0.850586 0.052734 0.033203 0.031250
0 0.474609 0.056641 0.031250 0.042969
0 0.317383 0.071289 0.060547 0.076172
0 0.400391 0.052734 0.050781 0.046875
0 0.248047 0.058594 0.054688 0.058594
0 0.517578 0.051758 0.039062 0.048828
0 0.143555 0.043945 0.013672 0.041016
0 0.286133 0.045898 0.037109 0.052734
0 0.206055 0.042969 0.044922 0.058594
0 0.675781 0.035156 0.062500 0.050781
0 0.918945 0.042969 0.048828 0.070312
0 0.826172 0.023438 0.031250 0.031250
0 0.171875 0.027344 0.035156 0.042969
0 0.363281 0.012695 0.019531 0.017578
0 0.958008 0.017578 0.044922 0.035156
0 0.900391 0.003906 0.031250 0.007812
0 0.868164 0.019531 0.044922 0.039062
0 0.792969 0.011719 0.042969 0.023438
0 0.745117 0.021484 0.060547 0.042969
0 0.706055 0.008789 0.044922 0.017578
0 0.641602 0.014648 0.041016 0.029297
0 0.585938 0.028320 0.062500 0.056641
0 0.516602 0.008789 0.037109 0.017578
0 0.453125 0.024414 0.042969 0.048828
0 0.417969 0.012695 0.027344 0.025391
0 0.389648 0.009766 0.025391 0.019531
0 0.308594 0.012695 0.054688 0.025391
0 0.267578 0.002930 0.015625 0.005859
0 0.068359 0.023438 0.105469 0.046875
0 0.005859 0.011719 0.011719 0.023438
