0 0.146484 0.996094 0.023438 0.007812
0 0.261719 0.990234 0.031250 0.019531
0 0.093750 0.989258 0.046875 0.021484
0 0.594727 0.987305 0.033203 0.025391
0 0.768555 0.986328 0.044922 0.027344
0 0.486328 0.986328 0.042969 0.027344
0 0.728516 0.981445 0.039062 0.037109
0 0.208984 0.977539 0.042969 0.044922
0 0.152344 0.968750 0.050781 0.035156
0 0.945312 0.965820 0.058594 0.041016
0 0.989258 0.964844 0.021484 0.042969
0 0.675781 0.971680 0.050781 0.056641
0 0.861328 0.947266 0.042969 0.046875
0 0.049805 0.947266 0.041016 0.050781
0 0.273438 0.956055 0.070312 0.072266
0 0.168945 0.937500 0.044922 0.035156
0 0.381836 0.946289 0.052734 0.056641
0 0.008789 0.926758 0.017578 0.025391
0 0.342773 0.931641 0.037109 0.039062
0 0.521484 0.934570 0.058594 0.068359
0 0.462891 0.918945 0.042969 0.037109
0 0.991211 0.917969 0.017578 0.039062
0 0.016602 0.909180 0.025391 0.025391
0 0.962891 0.908203 0.027344 0.035156
0 0.820312 0.935547 0.078125 0.093750
0 0.925781 0.912109 0.039062 0.058594
0 0.063477 0.882812 0.037109 0.046875
0 0.235352 0.867188 0.033203 0.019531
0 0.310547 0.883789 0.097656 0.056641
0 0.506836 0.872070 0.048828 0.041016
0 0.813477 0.870117 0.048828 0.044922
0 0.533203 0.850586 0.019531 0.021484
0 0.027344 0.859375 0.046875 0.054688
0 0.977539 0.850586 0.037109 0.048828
0 0.765625 0.848633 0.039062 0.052734
0 0.873047 0.859375 0.062500 0.078125
0 0.136719 0.847656 0.058594 0.058594
0 0.676758 0.846680 0.068359 0.072266
0 0.541992 0.822266 0.013672 0.023438
0 0.450195 0.831055 0.064453 0.060547
0 0.715820 0.816406 0.044922 0.050781
0 0.026367 0.793945 0.029297 0.025391
0 0.392578 0.786133 0.019531 0.013672
0 0.834961 0.791016 0.025391 0.027344
0 0.208984 0.776367 0.015625 0.005859
0 0.561523 0.796875 0.025391 0.050781
0 0.538086 0.776367 0.013672 0.017578
0 0.747070 0.762695 0.013672 0.013672
0 0.613281 0.768555 0.078125 0.060547
0 0.837891 0.752930 0.042969 0.037109
0 0.172852 0.776367 0.048828 0.087891
0 0.096680 0.751953 0.048828 0.046875
0 0.710938 0.745117 0.054688 0.037109
0 0.226562 0.742188 0.039062 0.035156
0 0.026367 0.747070 0.041016 0.048828
0 0.041016 0.732422 0.031250 0.050781
0 0.134766 0.711914 0.027344 0.025391
0 0.362305 0.709961 0.021484 0.041016
0 0.552734 0.691406 0.019531 0.015625
0 0.946289 0.704102 0.044922 0.048828
0 0.819336 0.703125 0.033203 0.046875
0 0.319336 0.685547 0.013672 0.019531
0 0.085938 0.695312 0.054688 0.042969
0 0.963867 0.675781 0.017578 0.023438
0 0.735352 0.687500 0.037109 0.050781
0 0.333984 0.666992 0.035156 0.013672
0 0.610352 0.676758 0.091797 0.072266
0 0.012695 0.656250 0.025391 0.039062
0 0.833984 0.653320 0.046875 0.052734
0 0.381836 0.645508 0.044922 0.037109
0 0.039062 0.645508 0.019531 0.037109
0 0.897461 0.655273 0.048828 0.076172
0 0.954102 0.625977 0.017578 0.025391
0 0.298828 0.636719 0.046875 0.046875
0 0.925781 0.616211 0.027344 0.017578
0 0.848633 0.611328 0.017578 0.027344
0 0.895508 0.600586 0.025391 0.017578
0 0.415039 0.604492 0.044922 0.041016
0 0.290039 0.592773 0.021484 0.021484
0 0.257812 0.601562 0.035156 0.042969
0 0.802734 0.591797 0.035156 0.039062
0 0.963867 0.581055 0.037109 0.021484
0 0.470703 0.612305 0.058594 0.083984
0 0.369141 0.599609 0.046875 0.058594
0 0.810547 0.571289 0.015625 0.009766
0 0.228516 0.580078 0.031250 0.046875
0 0.660156 0.555664 0.035156 0.029297
0 0.200195 0.555664 0.044922 0.037109
0 0.701172 0.554688 0.031250 0.050781
0 0.988281 0.545898 0.023438 0.041016
0 0.646484 0.535156 0.031250 0.023438
0 0.514648 0.546875 0.033203 0.050781
0 0.806641 0.539062 0.054688 0.050781
0 0.382812 0.533203 0.058594 0.050781
0 0.584961 0.527344 0.037109 0.058594
0 0.385742 0.498047 0.029297 0.027344
0 0.733398 0.500000 0.041016 0.035156
0 0.026367 0.511719 0.041016 0.070312
0 0.988281 0.482422 0.023438 0.027344
0 0.136719 0.477539 0.035156 0.025391
0 0.868164 0.484375 0.052734 0.042969
0 0.680664 0.482422 0.033203 0.042969
0 0.270508 0.486328 0.099609 0.058594
0 0.238281 0.462891 0.039062 0.031250
0 0.931641 0.503906 0.082031 0.121094
0 0.734375 0.451172 0.023438 0.023438
0 0.079102 0.456055 0.033203 0.037109
0 0.209961 0.435547 0.025391 0.027344
0 0.582031 0.434570 0.027344 0.029297
0 0.806641 0.428711 0.027344 0.021484
0 0.652344 0.441406 0.042969 0.046875
0 0.895508 0.421875 0.021484 0.019531
0 0.712891 0.426758 0.031250 0.037109
0 0.007812 0.428711 0.015625 0.041016
0 0.048828 0.426758 0.039062 0.056641
0 0.291992 0.404297 0.064453 0.031250
0 0.666992 0.398438 0.025391 0.023438
0 0.266602 0.385742 0.041016 0.033203
0 0.175781 0.383789 0.023438 0.029297
0 0.021484 0.384766 0.042969 0.042969
0 0.411133 0.432617 0.087891 0.142578
0 0.617188 0.378906 0.042969 0.039062
0 0.821289 0.363281 0.041016 0.039062
0 0.655273 0.353516 0.033203 0.035156
0 0.102539 0.372070 0.056641 0.087891
0 0.695312 0.332031 0.027344 0.015625
0 0.585938 0.349609 0.035156 0.050781
0 0.177734 0.340820 0.015625 0.033203
0 0.510742 0.396484 0.091797 0.164062
0 0.882812 0.338867 0.046875 0.052734
0 0.342773 0.328125 0.044922 0.042969
0 0.292969 0.319336 0.027344 0.029297
0 0.429688 0.313477 0.027344 0.033203
0 0.641602 0.304688 0.052734 0.031250
0 0.021484 0.315430 0.042969 0.052734
0 0.758789 0.345703 0.076172 0.121094
0 0.152344 0.304688 0.031250 0.039062
0 0.959961 0.295898 0.056641 0.041016
0 0.576172 0.304688 0.074219 0.058594
0 0.812500 0.285156 0.027344 0.023438
0 0.002930 0.275391 0.005859 0.023438
0 0.842773 0.286133 0.021484 0.048828
0 0.890625 0.265625 0.031250 0.039062
0 0.406250 0.276367 0.050781 0.068359
0 0.239258 0.274414 0.103516 0.080078
0 0.114258 0.251953 0.044922 0.050781
0 0.728516 0.248047 0.082031 0.058594
0 0.924805 0.233398 0.037109 0.037109
0 0.061523 0.241211 0.044922 0.052734
0 0.884766 0.221680 0.023438 0.033203
0 0.635742 0.220703 0.033203 0.039062
0 0.017578 0.227539 0.035156 0.052734
0 0.472656 0.219727 0.058594 0.060547
0 0.962891 0.213867 0.042969 0.052734
0 0.155273 0.208984 0.033203 0.050781
0 0.580078 0.213867 0.058594 0.064453
0 0.699219 0.192383 0.035156 0.025391
0 0.746094 0.193359 0.042969 0.042969
0 0.273438 0.180664 0.019531 0.025391
0 0.524414 0.205078 0.041016 0.078125
0 0.647461 0.174805 0.052734 0.025391
0 0.197266 0.184570 0.031250 0.044922
0 0.927734 0.175781 0.031250 0.031250
0 0.403320 0.172852 0.029297 0.033203
0 0.254883 0.167969 0.013672 0.023438
0 0.840820 0.175781 0.037109 0.042969
0 0.429688 0.160156 0.019531 0.015625
0 0.958008 0.162109 0.041016 0.023438
0 0.238281 0.163086 0.023438 0.025391
0 0.009766 0.166992 0.019531 0.044922
0 0.275391 0.141602 0.019531 0.029297
0 0.302734 0.138672 0.035156 0.031250
0 0.876953 0.142578 0.042969 0.042969
0 0.790039 0.119141 0.021484 0.019531
0 0.167969 0.128906 0.031250 0.050781
0 0.968750 0.120117 0.031250 0.037109
0 0.844727 0.111328 0.025391 0.019531
0 0.031250 0.130859 0.062500 0.062500
0 0.559570 0.130859 0.064453 0.066406
0 0.368164 0.126953 0.087891 0.058594
0 0.610352 0.110352 0.025391 0.033203
0 0.453125 0.103516 0.023438 0.031250
0 0.102539 0.112305 0.060547 0.060547
0 0.678711 0.110352 0.099609 0.064453
0 0.567383 0.081055 0.013672 0.017578
0 0.795898 0.075195 0.044922 0.048828
0 0.604492 0.060547 0.048828 0.019531
0 0.545898 0.063477 0.033203 0.033203
0 0.320312 0.080078 0.105469 0.074219
0 0.452148 0.050781 0.017578 0.023438
0 0.522461 0.044922 0.037109 0.019531
0 0.946289 0.051758 0.107422 0.044922
0 0.005859 0.042969 0.011719 0.035156
0 0.840820 0.040039 0.064453 0.044922
0 0.241211 0.060547 0.044922 0.101562
0 0.420898 0.049805 0.060547 0.083984
0 0.180664 0.020508 0.037109 0.029297
0 0.318359 0.016602 0.058594 0.025391
0 0.968750 0.008789 0.031250 0.017578
0 0.878906 0.008789 0.066406 0.017578
0 0.740234 0.011719 0.039062 0.023438
0 0.699219 0.009766 0.035156 0.019531
0 0.165039 0.007812 0.021484 0.015625
0 0.126953 0.005859 0.035156 0.011719
0 0.075195 0.002930 0.029297 0.005859
