0 0.880859 0.995117 0.011719 0.009766
0 0.578125 0.995117 0.027344 0.009766
0 0.923828 0.989258 0.042969 0.021484
0 0.120117 0.985352 0.029297 0.021484
0 0.063477 0.987305 0.080078 0.025391
0 0.215820 0.967773 0.044922 0.017578
0 0.955078 0.967773 0.023438 0.041016
0 0.028320 0.966797 0.056641 0.042969
0 0.138672 0.953125 0.046875 0.023438
0 0.897461 0.948242 0.029297 0.017578
0 0.843750 0.958008 0.031250 0.044922
0 0.860352 0.941406 0.029297 0.027344
0 0.666016 0.954102 0.097656 0.052734
0 0.965820 0.939453 0.021484 0.027344
0 0.583008 0.940430 0.052734 0.029297
0 0.184570 0.951172 0.076172 0.058594
0 0.424805 0.940430 0.044922 0.048828
0 0.916992 0.923828 0.017578 0.019531
0 0.741211 0.945312 0.048828 0.082031
0 0.666016 0.908203 0.007812 0.015625
0 0.100586 0.925781 0.130859 0.050781
0 0.530273 0.904297 0.029297 0.015625
0 0.383789 0.916992 0.044922 0.041016
0 0.963867 0.902344 0.013672 0.015625
0 0.572266 0.899414 0.035156 0.033203
0 0.887695 0.887695 0.021484 0.025391
0 0.011719 0.882812 0.023438 0.023438
0 0.852539 0.886719 0.041016 0.035156
0 0.192383 0.888672 0.044922 0.039062
0 0.630859 0.893555 0.062500 0.052734
0 0.110352 0.880859 0.072266 0.027344
0 0.744141 0.878906 0.035156 0.031250
0 0.251953 0.887695 0.050781 0.048828
0 0.005859 0.870117 0.011719 0.017578
0 0.789062 0.920898 0.054688 0.130859
0 0.683594 0.870117 0.035156 0.048828
0 0.447266 0.869141 0.062500 0.046875
0 0.375000 0.863281 0.062500 0.035156
0 0.611328 0.849609 0.023438 0.019531
0 0.731445 0.845703 0.021484 0.015625
0 0.511719 0.855469 0.058594 0.039062
0 0.991211 0.852539 0.017578 0.037109
0 0.012695 0.840820 0.025391 0.013672
0 0.299805 0.846680 0.072266 0.033203
0 0.148438 0.828125 0.046875 0.019531
0 0.933594 0.829102 0.046875 0.041016
0 0.387695 0.824219 0.076172 0.039062
0 0.450195 0.816406 0.025391 0.027344
0 0.982422 0.808594 0.035156 0.015625
0 0.173828 0.800781 0.011719 0.007812
0 0.217773 0.816406 0.072266 0.046875
0 0.014648 0.803711 0.029297 0.021484
0 0.578125 0.808594 0.078125 0.054688
0 0.059570 0.784180 0.017578 0.009766
0 0.958984 0.809570 0.031250 0.072266
0 0.362305 0.784180 0.029297 0.025391
0 0.100586 0.783203 0.041016 0.023438
0 0.746094 0.794922 0.035156 0.050781
0 0.277344 0.780273 0.042969 0.033203
0 0.467773 0.785156 0.056641 0.058594
0 0.786133 0.767578 0.041016 0.027344
0 0.890625 0.820312 0.152344 0.140625
0 0.596680 0.774414 0.076172 0.048828
0 0.029297 0.757812 0.058594 0.031250
0 0.698242 0.754883 0.052734 0.029297
0 0.198242 0.750977 0.048828 0.029297
0 0.404297 0.760742 0.042969 0.060547
0 0.364258 0.746094 0.025391 0.031250
0 0.606445 0.735352 0.025391 0.025391
0 0.738281 0.733398 0.050781 0.025391
0 0.308594 0.750000 0.070312 0.066406
0 0.790039 0.733398 0.060547 0.037109
0 0.012695 0.732422 0.025391 0.035156
0 0.919922 0.737305 0.050781 0.048828
0 0.988281 0.726562 0.023438 0.039062
0 0.375000 0.717773 0.031250 0.021484
0 0.225586 0.718750 0.037109 0.023438
0 0.167969 0.725586 0.027344 0.037109
0 0.109375 0.733398 0.070312 0.056641
0 0.839844 0.716797 0.027344 0.027344
0 0.420898 0.719727 0.041016 0.037109
0 0.741211 0.707031 0.064453 0.023438
0 0.967773 0.740234 0.033203 0.101562
0 0.081055 0.701172 0.052734 0.039062
0 0.483398 0.699219 0.044922 0.042969
0 0.304688 0.699219 0.035156 0.042969
0 0.164062 0.681641 0.027344 0.031250
0 0.203125 0.676758 0.031250 0.033203
0 0.558594 0.694336 0.074219 0.076172
0 0.759766 0.679688 0.128906 0.050781
0 0.650391 0.674805 0.039062 0.044922
0 0.352539 0.655273 0.044922 0.025391
0 0.666992 0.658203 0.037109 0.039062
0 0.607422 0.660156 0.046875 0.046875
0 0.084961 0.663086 0.044922 0.052734
0 0.725586 0.646484 0.056641 0.023438
0 0.805664 0.642578 0.044922 0.027344
0 0.048828 0.650391 0.050781 0.046875
0 0.768555 0.631836 0.025391 0.013672
0 0.468750 0.656250 0.082031 0.062500
0 0.377930 0.629883 0.021484 0.017578
0 0.678711 0.632812 0.025391 0.027344
0 0.927734 0.634766 0.046875 0.035156
0 0.159180 0.640625 0.080078 0.050781
0 0.860352 0.630859 0.048828 0.039062
0 0.632812 0.618164 0.031250 0.025391
0 0.305664 0.627930 0.064453 0.048828
0 0.047852 0.614258 0.037109 0.021484
0 0.362305 0.611328 0.025391 0.019531
0 0.113281 0.609375 0.054688 0.027344
0 0.533203 0.602539 0.113281 0.044922
0 0.965820 0.604492 0.068359 0.052734
0 0.803711 0.596680 0.041016 0.037109
0 0.617188 0.588867 0.074219 0.029297
0 0.042969 0.583008 0.023438 0.021484
0 0.502930 0.570312 0.017578 0.011719
0 0.386719 0.584961 0.082031 0.044922
0 0.273438 0.577148 0.054688 0.029297
0 0.177734 0.581055 0.117188 0.037109
0 0.196289 0.562500 0.025391 0.011719
0 0.423828 0.562500 0.039062 0.023438
0 0.109375 0.555664 0.027344 0.013672
0 0.013672 0.600586 0.027344 0.107422
0 0.311523 0.562500 0.056641 0.039062
0 0.979492 0.563477 0.041016 0.056641
0 0.450195 0.541016 0.025391 0.011719
0 0.710938 0.579102 0.136719 0.095703
0 0.936523 0.550781 0.056641 0.042969
0 0.157227 0.542969 0.060547 0.027344
0 0.039062 0.545898 0.054688 0.041016
0 0.340820 0.530273 0.037109 0.021484
0 0.772461 0.522461 0.017578 0.013672
0 0.124023 0.527344 0.029297 0.023438
0 0.611328 0.520508 0.011719 0.013672
0 0.084961 0.523438 0.033203 0.023438
0 0.336914 0.503906 0.029297 0.019531
0 0.559570 0.514648 0.041016 0.052734
0 0.656250 0.496094 0.023438 0.019531
0 0.420898 0.509766 0.080078 0.050781
0 0.249023 0.496094 0.056641 0.035156
0 0.147461 0.495117 0.064453 0.037109
0 0.771484 0.492188 0.039062 0.035156
0 0.053711 0.492188 0.025391 0.058594
0 0.902344 0.484375 0.062500 0.062500
0 0.980469 0.492188 0.039062 0.082031
0 0.828125 0.470703 0.039062 0.058594
0 0.707031 0.465820 0.039062 0.056641
0 0.511719 0.470703 0.070312 0.066406
0 0.198242 0.448242 0.033203 0.037109
0 0.091797 0.440430 0.031250 0.021484
0 0.417969 0.444336 0.062500 0.037109
0 0.141602 0.434570 0.029297 0.025391
0 0.008789 0.467773 0.017578 0.095703
0 0.604492 0.456055 0.056641 0.076172
0 0.375977 0.433594 0.029297 0.035156
0 0.299805 0.442383 0.115234 0.056641
0 0.152344 0.421875 0.023438 0.019531
0 0.478516 0.416992 0.054688 0.041016
0 0.767578 0.419922 0.105469 0.054688
0 0.937500 0.424805 0.062500 0.083984
0 0.347656 0.391602 0.078125 0.033203
0 0.263672 0.389648 0.058594 0.037109
0 0.874023 0.381836 0.021484 0.029297
0 0.720703 0.370117 0.035156 0.021484
0 0.422852 0.385742 0.052734 0.060547
0 0.113281 0.386719 0.039062 0.066406
0 0.778320 0.365234 0.013672 0.050781
0 0.238281 0.361328 0.050781 0.042969
0 0.177734 0.348633 0.062500 0.021484
0 0.541016 0.356445 0.101562 0.052734
0 0.349609 0.338867 0.035156 0.029297
0 0.369141 0.327148 0.039062 0.029297
0 0.255859 0.332031 0.125000 0.039062
0 0.046875 0.349609 0.085938 0.097656
0 0.766602 0.311523 0.029297 0.029297
0 0.691406 0.341797 0.066406 0.093750
0 0.973633 0.347656 0.052734 0.117188
0 0.422852 0.306641 0.041016 0.035156
0 0.478516 0.306641 0.035156 0.042969
0 0.875000 0.319336 0.054688 0.080078
0 0.652344 0.313477 0.074219 0.076172
0 0.203125 0.295898 0.050781 0.041016
0 0.009766 0.291016 0.019531 0.035156
0 0.597656 0.283203 0.035156 0.031250
0 0.137695 0.289062 0.056641 0.054688
0 0.417969 0.270508 0.027344 0.021484
0 0.328125 0.280273 0.113281 0.044922
0 0.507812 0.274414 0.070312 0.041016
0 0.088867 0.282227 0.052734 0.060547
0 0.054688 0.257812 0.007812 0.015625
0 0.556641 0.253906 0.031250 0.046875
0 0.330078 0.248047 0.113281 0.039062
0 0.767578 0.243164 0.023438 0.033203
0 0.846680 0.238281 0.068359 0.035156
0 0.510742 0.245117 0.052734 0.048828
0 0.005859 0.235352 0.011719 0.037109
0 0.226562 0.238281 0.078125 0.046875
0 0.655273 0.232422 0.041016 0.042969
0 0.971680 0.222656 0.048828 0.039062
0 0.868164 0.215820 0.033203 0.029297
0 0.721680 0.216797 0.111328 0.035156
0 0.074219 0.219727 0.046875 0.041016
0 0.275391 0.208984 0.027344 0.023438
0 0.801758 0.204102 0.033203 0.021484
0 0.174805 0.207031 0.021484 0.031250
0 0.991211 0.198242 0.017578 0.029297
0 0.434570 0.221680 0.056641 0.076172
0 0.603516 0.213867 0.070312 0.068359
0 0.329102 0.206055 0.044922 0.060547
0 0.830078 0.178711 0.070312 0.017578
0 0.138672 0.183594 0.023438 0.031250
0 0.024414 0.178711 0.021484 0.025391
0 0.807617 0.165039 0.044922 0.009766
0 0.239258 0.164062 0.037109 0.019531
0 0.105469 0.163086 0.023438 0.017578
0 0.195312 0.169922 0.039062 0.054688
0 0.443359 0.155273 0.039062 0.033203
0 0.065430 0.151367 0.025391 0.025391
0 0.957031 0.166016 0.054688 0.058594
0 0.383789 0.153320 0.033203 0.033203
0 0.362305 0.162109 0.048828 0.050781
0 0.099609 0.141602 0.023438 0.021484
0 0.596680 0.142578 0.033203 0.031250
0 0.748047 0.137695 0.027344 0.029297
0 0.507812 0.131836 0.031250 0.021484
0 0.546875 0.142578 0.058594 0.046875
0 0.019531 0.134766 0.039062 0.031250
0 0.153320 0.124023 0.029297 0.029297
0 0.759766 0.110352 0.023438 0.021484
0 0.850586 0.118164 0.048828 0.041016
0 0.275391 0.126953 0.152344 0.062500
0 0.798828 0.110352 0.042969 0.052734
0 0.059570 0.102539 0.056641 0.037109
0 0.930664 0.096680 0.033203 0.033203
0 0.189453 0.093750 0.042969 0.031250
0 0.406250 0.102539 0.031250 0.052734
0 0.883789 0.096680 0.025391 0.044922
0 0.282227 0.083008 0.044922 0.017578
0 0.974609 0.110352 0.031250 0.080078
0 0.742188 0.107422 0.058594 0.078125
0 0.500000 0.090820 0.054688 0.052734
0 0.026367 0.065430 0.017578 0.025391
0 0.986328 0.061523 0.027344 0.025391
0 0.569336 0.070312 0.041016 0.046875
0 0.463867 0.041992 0.029297 0.025391
0 0.872070 0.041016 0.033203 0.031250
0 0.517578 0.038086 0.070312 0.037109
0 0.723633 0.037109 0.044922 0.039062
0 0.910156 0.029297 0.019531 0.035156
0 0.958984 0.022461 0.027344 0.044922
0 0.942383 0.003906 0.009766 0.007812
0 0.888672 0.007812 0.019531 0.015625
0 0.861328 0.011719 0.027344 0.023438
0 0.775391 0.007812 0.011719 0.015625
0 0.654297 0.004883 0.019531 0.009766
0 0.640625 0.025391 0.039062 0.050781
0 0.429688 0.053711 0.062500 0.107422
0 0.325195 0.019531 0.044922 0.039062
0 0.298828 0.028320 0.054688 0.056641
0 0.208984 0.035156 0.101562 0.070312
0 0.100586 0.052734 0.119141 0.105469
