0 0.143555 0.997070 0.029297 0.005859
0 0.250000 0.993164 0.031250 0.013672
0 0.362305 0.992188 0.029297 0.015625
0 0.432617 0.957031 0.021484 0.035156
0 0.196289 0.951172 0.056641 0.042969
0 0.711914 0.935547 0.099609 0.031250
0 0.983398 0.915039 0.033203 0.013672
0 0.584961 0.927734 0.142578 0.039062
0 0.820312 0.920898 0.058594 0.029297
0 0.060547 0.935547 0.019531 0.074219
0 0.601562 0.897461 0.230469 0.029297
0 0.247070 0.903320 0.048828 0.060547
0 0.117188 0.905273 0.050781 0.072266
0 0.029297 0.906250 0.042969 0.078125
0 0.166016 0.877930 0.070312 0.044922
0 0.513672 0.875977 0.144531 0.048828
0 0.063477 0.834961 0.033203 0.080078
0 0.145508 0.824219 0.041016 0.062500
0 0.022461 0.824219 0.044922 0.062500
0 0.195312 0.800781 0.058594 0.058594
0 0.255859 0.785156 0.050781 0.125000
0 0.588867 0.723633 0.076172 0.041016
0 0.791016 0.724609 0.074219 0.062500
0 0.846680 0.714844 0.060547 0.062500
0 0.101562 0.698242 0.031250 0.048828
0 0.716797 0.736328 0.070312 0.132812
0 0.131836 0.689453 0.033203 0.042969
0 0.227539 0.683594 0.044922 0.062500
0 0.820312 0.656250 0.042969 0.035156
0 0.649414 0.687500 0.056641 0.109375
0 0.571289 0.652344 0.048828 0.046875
0 0.414062 0.646484 0.132812 0.093750
0 0.176758 0.614258 0.021484 0.041016
0 0.118164 0.618164 0.037109 0.056641
0 0.343750 0.592773 0.046875 0.037109
0 0.292969 0.577148 0.019531 0.017578
0 0.822266 0.579102 0.023438 0.037109
0 0.789062 0.572266 0.035156 0.035156
0 0.581055 0.568359 0.041016 0.031250
0 0.749023 0.529297 0.013672 0.011719
0 0.706055 0.526367 0.017578 0.013672
0 0.995117 0.532227 0.009766 0.037109
0 0.152344 0.523438 0.023438 0.019531
0 0.742188 0.515625 0.015625 0.011719
0 0.625977 0.528320 0.048828 0.044922
0 0.575195 0.524414 0.033203 0.037109
0 0.352539 0.528320 0.048828 0.048828
0 0.675781 0.514648 0.023438 0.025391
0 0.260742 0.508789 0.017578 0.025391
0 0.536133 0.507812 0.029297 0.035156
0 0.037109 0.511719 0.046875 0.046875
0 0.266602 0.479492 0.025391 0.025391
0 0.623047 0.487305 0.039062 0.048828
0 0.658203 0.471680 0.023438 0.021484
0 0.293945 0.462891 0.025391 0.023438
0 0.086914 0.472656 0.052734 0.062500
0 0.192383 0.470703 0.076172 0.074219
0 0.989258 0.441406 0.021484 0.027344
0 0.826172 0.430664 0.105469 0.064453
0 0.334961 0.429688 0.048828 0.078125
0 0.673828 0.395508 0.019531 0.033203
0 0.461914 0.384766 0.048828 0.074219
0 0.550781 0.367188 0.031250 0.042969
0 0.710938 0.364258 0.019531 0.044922
0 0.247070 0.367188 0.080078 0.054688
0 0.359375 0.363281 0.058594 0.066406
0 0.107422 0.348633 0.039062 0.052734
0 0.498047 0.326172 0.023438 0.039062
0 0.971680 0.340820 0.056641 0.072266
0 0.568359 0.322266 0.035156 0.035156
0 0.882812 0.333008 0.054688 0.076172
0 0.178711 0.312500 0.060547 0.054688
0 0.417969 0.291016 0.042969 0.042969
0 0.267578 0.303711 0.089844 0.076172
0 0.806641 0.295898 0.093750 0.076172
0 0.681641 0.267578 0.023438 0.042969
0 0.005859 0.265625 0.011719 0.050781
0 0.105469 0.266602 0.042969 0.056641
0 0.520508 0.255859 0.037109 0.039062
0 0.691406 0.237305 0.039062 0.021484
0 0.166992 0.243164 0.087891 0.064453
0 0.660156 0.231445 0.066406 0.060547
0 0.466797 0.246094 0.062500 0.089844
0 0.588867 0.233398 0.076172 0.068359
0 0.013672 0.193359 0.019531 0.023438
0 0.547852 0.189453 0.037109 0.039062
0 0.616211 0.164062 0.017578 0.015625
0 0.140625 0.174805 0.039062 0.044922
0 0.226562 0.171875 0.074219 0.058594
0 0.301758 0.155273 0.056641 0.056641
0 0.214844 0.106445 0.050781 0.052734
0 0.390625 0.072266 0.039062 0.039062
0 0.958008 0.071289 0.060547 0.048828
0 0.045898 0.058594 0.029297 0.035156
0 0.285156 0.077148 0.085938 0.080078
0 0.360352 0.031250 0.056641 0.039062
0 0.553711 0.044922 0.064453 0.070312
0 0.087891 0.013672 0.031250 0.027344
