0 0.770508 0.996094 0.041016 0.007812
0 0.387695 0.996094 0.021484 0.007812
0 0.197266 0.996094 0.023438 0.007812
0 0.886719 0.995117 0.035156 0.009766
0 0.501953 0.994141 0.031250 0.011719
0 0.252930 0.992188 0.033203 0.015625
0 0.833008 0.991211 0.048828 0.017578
0 0.931641 0.990234 0.042969 0.019531
0 0.677734 0.990234 0.046875 0.019531
0 0.593750 0.986328 0.015625 0.011719
0 0.144531 0.984375 0.035156 0.031250
0 0.302734 0.983398 0.066406 0.033203
0 0.034180 0.983398 0.068359 0.033203
0 0.783203 0.975586 0.042969 0.025391
0 0.883789 0.973633 0.044922 0.029297
0 0.484375 0.976562 0.054688 0.035156
0 0.261719 0.969727 0.039062 0.025391
0 0.519531 0.957031 0.027344 0.023438
0 0.736328 0.963867 0.035156 0.044922
0 0.835938 0.958008 0.042969 0.041016
0 0.300781 0.946289 0.035156 0.025391
0 0.186523 0.959961 0.048828 0.056641
0 0.111328 0.950195 0.039062 0.037109
0 0.969727 0.950195 0.052734 0.041016
0 0.786133 0.942383 0.037109 0.033203
0 0.554688 0.940430 0.023438 0.029297
0 0.923828 0.949219 0.042969 0.050781
0 0.022461 0.943359 0.037109 0.042969
0 0.429688 0.939453 0.046875 0.039062
0 0.379883 0.959961 0.111328 0.080078
0 0.068359 0.938477 0.042969 0.044922
0 0.287109 0.917969 0.054688 0.023438
0 0.572266 0.952148 0.082031 0.095703
0 0.881836 0.916992 0.048828 0.041016
0 0.755859 0.910156 0.042969 0.031250
0 0.174805 0.909180 0.033203 0.033203
0 0.238281 0.911133 0.031250 0.041016
0 0.104492 0.908203 0.037109 0.035156
0 0.799805 0.908203 0.041016 0.039062
0 0.357422 0.900391 0.042969 0.039062
0 0.136719 0.897461 0.039062 0.033203
0 0.427734 0.895508 0.039062 0.037109
0 0.516602 0.889648 0.056641 0.044922
0 0.331055 0.873047 0.029297 0.011719
0 0.289062 0.883789 0.042969 0.033203
0 0.013672 0.888672 0.027344 0.042969
0 0.848633 0.879883 0.037109 0.029297
0 0.669922 0.917969 0.117188 0.109375
0 0.887695 0.871094 0.021484 0.019531
0 0.077148 0.886719 0.064453 0.050781
0 0.733398 0.878906 0.029297 0.039062
0 0.771484 0.870117 0.031250 0.029297
0 0.173828 0.872070 0.042969 0.033203
0 0.395508 0.863281 0.033203 0.031250
0 0.970703 0.853516 0.031250 0.015625
0 0.688477 0.864258 0.052734 0.037109
0 0.812500 0.860352 0.027344 0.037109
0 0.562500 0.850586 0.027344 0.021484
0 0.090820 0.843750 0.044922 0.027344
0 0.944336 0.833008 0.017578 0.013672
0 0.268555 0.847656 0.041016 0.042969
0 0.994141 0.834961 0.011719 0.025391
0 0.912109 0.839844 0.042969 0.035156
0 0.134766 0.846680 0.035156 0.048828
0 0.344727 0.844727 0.060547 0.048828
0 0.728516 0.833984 0.035156 0.035156
0 0.644531 0.829102 0.027344 0.025391
0 0.422852 0.839844 0.041016 0.050781
0 0.199219 0.836914 0.054688 0.044922
0 0.238281 0.819336 0.031250 0.037109
0 0.813477 0.813477 0.033203 0.033203
0 0.005859 0.806641 0.011719 0.023438
0 0.973633 0.811523 0.037109 0.041016
0 0.861328 0.824219 0.066406 0.066406
0 0.925781 0.800781 0.046875 0.039062
0 0.136719 0.799805 0.066406 0.048828
0 0.296875 0.791992 0.042969 0.048828
0 0.862305 0.775391 0.041016 0.023438
0 0.574219 0.777344 0.050781 0.035156
0 0.029297 0.780273 0.039062 0.048828
0 0.982422 0.767578 0.035156 0.031250
0 0.826172 0.773438 0.027344 0.042969
0 0.938477 0.763672 0.044922 0.027344
0 0.112305 0.765625 0.037109 0.035156
0 0.060547 0.769531 0.035156 0.042969
0 0.008789 0.766602 0.017578 0.037109
0 0.184570 0.775391 0.072266 0.062500
0 0.580078 0.750977 0.023438 0.017578
0 0.231445 0.766602 0.037109 0.048828
0 0.874023 0.751953 0.052734 0.023438
0 0.650391 0.772461 0.050781 0.064453
0 0.329102 0.764648 0.037109 0.052734
0 0.389648 0.759766 0.037109 0.046875
0 0.435547 0.758789 0.031250 0.048828
0 0.274414 0.747070 0.041016 0.037109
0 0.362305 0.741211 0.029297 0.029297
0 0.613281 0.732422 0.027344 0.015625
0 0.770508 0.736328 0.041016 0.035156
0 0.051758 0.727539 0.044922 0.029297
0 0.101562 0.726562 0.035156 0.035156
0 0.761719 0.709961 0.023438 0.009766
0 0.005859 0.721680 0.011719 0.033203
0 0.570312 0.719727 0.039062 0.033203
0 0.170898 0.722656 0.041016 0.039062
0 0.819336 0.718750 0.041016 0.035156
0 0.755859 0.772461 0.105469 0.142578
0 0.476562 0.720703 0.042969 0.039062
0 0.979492 0.722656 0.041016 0.046875
0 0.674805 0.720703 0.060547 0.046875
0 0.251953 0.713867 0.039062 0.033203
0 0.066406 0.700195 0.019531 0.017578
0 0.399414 0.710938 0.048828 0.046875
0 0.298828 0.697266 0.031250 0.039062
0 0.871094 0.695312 0.042969 0.046875
0 0.824219 0.682617 0.039062 0.029297
0 0.762695 0.684570 0.068359 0.037109
0 0.672852 0.679688 0.044922 0.027344
0 0.537109 0.684570 0.035156 0.037109
0 0.028320 0.681641 0.048828 0.035156
0 0.491211 0.676758 0.037109 0.029297
0 0.265625 0.673828 0.039062 0.031250
0 0.213867 0.676758 0.033203 0.037109
0 0.434570 0.673828 0.048828 0.039062
0 0.970703 0.664062 0.027344 0.031250
0 0.153320 0.661133 0.044922 0.029297
0 0.374023 0.664062 0.044922 0.039062
0 0.703125 0.656250 0.039062 0.039062
0 0.235352 0.647461 0.048828 0.025391
0 0.848633 0.645508 0.041016 0.025391
0 0.320312 0.653320 0.046875 0.044922
0 0.922852 0.625000 0.029297 0.011719
0 0.288086 0.634766 0.029297 0.031250
0 0.948242 0.633789 0.037109 0.033203
0 0.762695 0.626953 0.037109 0.023438
0 0.548828 0.633789 0.039062 0.041016
0 0.125000 0.627930 0.031250 0.033203
0 0.184570 0.630859 0.044922 0.042969
0 0.985352 0.628906 0.029297 0.042969
0 0.251953 0.617188 0.039062 0.027344
0 0.352539 0.615234 0.037109 0.027344
0 0.629883 0.626953 0.099609 0.054688
0 0.075195 0.633789 0.068359 0.072266
0 0.545898 0.598633 0.013672 0.009766
0 0.310547 0.607422 0.031250 0.027344
0 0.015625 0.628906 0.031250 0.070312
0 0.038086 0.603516 0.037109 0.035156
0 0.850586 0.601562 0.072266 0.035156
0 0.531250 0.589844 0.011719 0.011719
0 0.728516 0.595703 0.058594 0.031250
0 0.495117 0.588867 0.017578 0.017578
0 0.145508 0.595703 0.048828 0.031250
0 0.656250 0.585938 0.039062 0.019531
0 0.384766 0.588867 0.039062 0.037109
0 0.616211 0.580078 0.017578 0.023438
0 0.004883 0.579102 0.009766 0.025391
0 0.953125 0.583984 0.093750 0.039062
0 0.593750 0.582031 0.031250 0.039062
0 0.208984 0.585938 0.054688 0.046875
0 0.130859 0.566406 0.027344 0.015625
0 0.669922 0.564453 0.035156 0.015625
0 0.088867 0.570312 0.029297 0.031250
0 0.403320 0.563477 0.029297 0.021484
0 0.999023 0.551758 0.001953 0.001953
0 0.545898 0.567383 0.025391 0.033203
0 0.341797 0.567383 0.035156 0.033203
0 0.578125 0.565430 0.023438 0.048828
0 0.995117 0.542969 0.005859 0.011719
0 0.878906 0.556641 0.132812 0.039062
0 0.041992 0.556641 0.064453 0.042969
0 0.256836 0.559570 0.033203 0.060547
0 0.720703 0.533203 0.027344 0.015625
0 0.440430 0.567383 0.072266 0.083984
0 0.775391 0.530273 0.035156 0.021484
0 0.392578 0.528320 0.015625 0.017578
0 0.185547 0.529297 0.015625 0.019531
0 0.362305 0.536133 0.029297 0.037109
0 0.991211 0.523438 0.017578 0.023438
0 0.454102 0.531250 0.033203 0.039062
0 0.220703 0.530273 0.035156 0.037109
0 0.603516 0.530273 0.035156 0.041016
0 0.373047 0.516602 0.019531 0.013672
0 0.509766 0.523438 0.031250 0.031250
0 0.639648 0.522461 0.037109 0.041016
0 0.852539 0.516602 0.080078 0.033203
0 0.562500 0.519531 0.039062 0.039062
0 0.820312 0.489258 0.007812 0.009766
0 0.292969 0.512695 0.046875 0.056641
0 0.938477 0.496094 0.087891 0.027344
0 0.425781 0.492188 0.062500 0.039062
0 0.613281 0.488281 0.078125 0.035156
0 0.481445 0.491211 0.033203 0.041016
0 0.213867 0.483398 0.029297 0.025391
0 0.666016 0.484375 0.042969 0.039062
0 0.281250 0.479492 0.031250 0.029297
0 0.253906 0.475586 0.023438 0.025391
0 0.833984 0.470703 0.054688 0.027344
0 0.393555 0.474609 0.087891 0.042969
0 0.148438 0.489258 0.085938 0.072266
0 0.718750 0.476562 0.066406 0.050781
0 0.982422 0.460938 0.035156 0.023438
0 0.167969 0.455078 0.015625 0.019531
0 0.068359 0.496094 0.136719 0.109375
0 0.782227 0.454102 0.033203 0.029297
0 0.252930 0.450195 0.025391 0.021484
0 0.887695 0.462891 0.041016 0.050781
0 0.193359 0.450195 0.039062 0.033203
0 0.512695 0.447266 0.025391 0.031250
0 0.992188 0.436523 0.015625 0.013672
0 0.281250 0.442383 0.027344 0.025391
0 0.338867 0.443359 0.060547 0.046875
0 0.926758 0.437500 0.048828 0.039062
0 0.828125 0.438477 0.042969 0.041016
0 0.151367 0.432617 0.029297 0.029297
0 0.224609 0.425781 0.042969 0.027344
0 0.073242 0.428711 0.044922 0.033203
0 0.745117 0.429688 0.041016 0.039062
0 0.032227 0.428711 0.033203 0.037109
0 0.508789 0.418945 0.029297 0.025391
0 0.580078 0.434570 0.058594 0.060547
0 0.627930 0.432617 0.048828 0.060547
0 0.189453 0.410156 0.042969 0.031250
0 0.056641 0.404297 0.031250 0.019531
0 0.547852 0.408203 0.033203 0.035156
0 0.487305 0.409180 0.029297 0.044922
0 0.367188 0.402344 0.042969 0.031250
0 0.415039 0.416016 0.037109 0.062500
0 0.645508 0.389648 0.033203 0.029297
0 0.455078 0.404297 0.035156 0.058594
0 0.201172 0.384766 0.015625 0.019531
0 0.279297 0.391602 0.050781 0.037109
0 0.758789 0.391602 0.041016 0.041016
0 0.931641 0.392578 0.046875 0.046875
0 0.228516 0.379883 0.023438 0.029297
0 0.823242 0.390625 0.064453 0.054688
0 0.022461 0.379883 0.044922 0.033203
0 0.598633 0.377930 0.044922 0.041016
0 0.713867 0.372070 0.037109 0.037109
0 0.507812 0.369141 0.062500 0.054688
0 0.083008 0.369141 0.041016 0.054688
0 0.631836 0.353516 0.033203 0.035156
0 0.457031 0.352539 0.035156 0.044922
0 0.291992 0.344727 0.037109 0.029297
0 0.134766 0.347656 0.027344 0.035156
0 0.590820 0.333008 0.021484 0.017578
0 0.037109 0.338867 0.042969 0.033203
0 0.367188 0.365234 0.117188 0.089844
0 0.802734 0.335938 0.042969 0.042969
0 0.839844 0.325195 0.023438 0.025391
0 0.008789 0.326172 0.017578 0.027344
0 0.290039 0.311523 0.025391 0.017578
0 0.372070 0.315430 0.033203 0.037109
0 0.744141 0.329102 0.082031 0.072266
0 0.440430 0.310547 0.041016 0.042969
0 0.169922 0.306641 0.039062 0.035156
0 0.209961 0.335938 0.123047 0.097656
0 0.011719 0.297852 0.023438 0.021484
0 0.606445 0.303711 0.037109 0.037109
0 0.102539 0.302734 0.037109 0.035156
0 0.491211 0.308594 0.048828 0.050781
0 0.642578 0.295898 0.023438 0.029297
0 0.818359 0.295898 0.031250 0.033203
0 0.903320 0.318359 0.076172 0.089844
0 0.282227 0.287109 0.033203 0.027344
0 0.244141 0.284180 0.023438 0.025391
0 0.844727 0.285156 0.029297 0.035156
0 0.212891 0.274414 0.023438 0.017578
0 0.971680 0.298828 0.048828 0.070312
0 0.928711 0.281250 0.037109 0.042969
0 0.538086 0.274414 0.021484 0.029297
0 0.409180 0.277344 0.037109 0.035156
0 0.328125 0.288086 0.042969 0.060547
0 0.735352 0.268555 0.025391 0.025391
0 0.055664 0.289062 0.048828 0.066406
0 0.672852 0.278320 0.064453 0.048828
0 0.872070 0.260742 0.021484 0.017578
0 0.112305 0.267578 0.048828 0.035156
0 0.992188 0.252930 0.015625 0.021484
0 0.773438 0.255859 0.042969 0.035156
0 0.603516 0.263672 0.062500 0.050781
0 0.907227 0.252930 0.033203 0.033203
0 0.009766 0.254883 0.019531 0.041016
0 0.431641 0.247070 0.023438 0.029297
0 0.578125 0.250977 0.035156 0.044922
0 0.827148 0.235352 0.033203 0.029297
0 0.201172 0.250977 0.101562 0.064453
0 0.065430 0.226562 0.021484 0.015625
0 0.974609 0.233398 0.031250 0.033203
0 0.885742 0.231445 0.048828 0.033203
0 0.686523 0.230469 0.037109 0.039062
0 0.051758 0.215820 0.009766 0.013672
0 0.937500 0.221680 0.039062 0.029297
0 0.994141 0.210938 0.011719 0.027344
0 0.561523 0.217773 0.037109 0.041016
0 0.093750 0.219727 0.046875 0.044922
0 0.666992 0.205078 0.021484 0.019531
0 0.605469 0.210938 0.042969 0.031250
0 0.745117 0.211914 0.037109 0.037109
0 0.007812 0.208984 0.015625 0.035156
0 0.380859 0.216797 0.074219 0.054688
0 0.152344 0.217773 0.062500 0.056641
0 0.437500 0.205078 0.027344 0.035156
0 0.478516 0.208008 0.042969 0.048828
0 0.980469 0.193359 0.039062 0.031250
0 0.055664 0.188477 0.029297 0.021484
0 0.238281 0.201172 0.089844 0.054688
0 0.144531 0.190430 0.035156 0.033203
0 0.933594 0.187500 0.046875 0.031250
0 0.097656 0.182617 0.039062 0.021484
0 0.541992 0.190430 0.052734 0.044922
0 0.711914 0.184570 0.037109 0.044922
0 0.380859 0.171875 0.027344 0.023438
0 0.314453 0.215820 0.085938 0.115234
0 0.576172 0.167969 0.039062 0.039062
0 0.981445 0.159180 0.037109 0.025391
0 0.334961 0.164062 0.048828 0.039062
0 0.220703 0.154297 0.019531 0.019531
0 0.078125 0.158203 0.039062 0.027344
0 0.644531 0.167969 0.093750 0.050781
0 0.414062 0.159180 0.023438 0.033203
0 0.181641 0.156250 0.039062 0.031250
0 0.293945 0.147461 0.017578 0.017578
0 0.256836 0.157227 0.041016 0.052734
0 0.021484 0.162109 0.042969 0.062500
0 0.775391 0.149414 0.082031 0.052734
0 0.955078 0.141602 0.062500 0.041016
0 0.375000 0.134766 0.050781 0.039062
0 0.717773 0.134766 0.033203 0.042969
0 0.541992 0.129883 0.037109 0.044922
0 0.161133 0.115234 0.041016 0.023438
0 0.665039 0.124023 0.044922 0.048828
0 0.902344 0.112305 0.031250 0.029297
0 0.333984 0.119141 0.054688 0.042969
0 0.623047 0.109375 0.027344 0.027344
0 0.013672 0.116211 0.027344 0.041016
0 0.822266 0.159180 0.109375 0.130859
0 0.752930 0.112305 0.037109 0.041016
0 0.799805 0.098633 0.044922 0.033203
0 0.989258 0.091797 0.021484 0.023438
0 0.518555 0.093750 0.017578 0.027344
0 0.484375 0.092773 0.046875 0.029297
0 0.719727 0.091797 0.037109 0.039062
0 0.422852 0.081055 0.033203 0.021484
0 0.359375 0.079102 0.039062 0.025391
0 0.121094 0.109375 0.082031 0.089844
0 0.016602 0.076172 0.033203 0.023438
0 0.549805 0.079102 0.025391 0.037109
0 0.510742 0.064453 0.037109 0.019531
0 0.286133 0.084961 0.076172 0.060547
0 0.195312 0.083008 0.066406 0.056641
0 0.911133 0.071289 0.064453 0.041016
0 0.840820 0.066406 0.052734 0.031250
0 0.588867 0.095703 0.044922 0.089844
0 0.777344 0.063477 0.031250 0.033203
0 0.471680 0.057617 0.056641 0.037109
0 0.615234 0.062500 0.035156 0.050781
0 0.830078 0.041016 0.039062 0.011719
0 0.958008 0.053711 0.029297 0.041016
0 0.987305 0.051758 0.025391 0.044922
0 0.340820 0.049805 0.052734 0.041016
0 0.019531 0.045898 0.039062 0.033203
0 0.273438 0.037109 0.035156 0.019531
0 0.750000 0.042969 0.046875 0.042969
0 0.887695 0.034180 0.044922 0.037109
0 0.212891 0.019531 0.015625 0.011719
0 0.680664 0.047852 0.080078 0.072266
0 0.514648 0.021484 0.037109 0.027344
0 0.925781 0.019531 0.039062 0.031250
0 0.566406 0.022461 0.042969 0.037109
0 0.379883 0.029297 0.037109 0.050781
0 0.840820 0.015625 0.037109 0.027344
0 0.875000 0.007812 0.046875 0.015625
0 0.669922 0.009766 0.027344 0.019531
0 0.620117 0.008789 0.025391 0.017578
0 0.533203 0.009766 0.035156 0.019531
0 0.478516 0.012695 0.039062 0.025391
0 0.403320 0.005859 0.033203 0.011719
0 0.333984 0.002930 0.011719 0.005859
0 0.296875 0.012695 0.050781 0.025391
0 0.241211 0.015625 0.041016 0.031250
0 0.202148 0.004883 0.029297 0.009766
0 0.131836 0.034180 0.095703 0.068359
0 0.065430 0.038086 0.060547 0.076172
0 0.015625 0.012695 0.031250 0.025391
