0 0.687500 0.996094 0.035156 0.007812
0 0.971680 0.994141 0.037109 0.011719
0 0.648438 0.992188 0.031250 0.015625
0 0.532227 0.985352 0.076172 0.029297
0 0.782227 0.979492 0.033203 0.037109
0 0.976562 0.966797 0.046875 0.027344
0 0.251953 0.969727 0.031250 0.041016
0 0.660156 0.958008 0.050781 0.033203
0 0.357422 0.945312 0.011719 0.027344
0 0.320312 0.960938 0.054688 0.058594
0 0.417969 0.959961 0.050781 0.068359
0 0.838867 0.929688 0.025391 0.019531
0 0.349609 0.920898 0.035156 0.033203
0 0.738281 0.902344 0.046875 0.035156
0 0.453125 0.918945 0.039062 0.076172
0 0.068359 0.916992 0.070312 0.076172
0 0.698242 0.888672 0.037109 0.023438
0 0.286133 0.858398 0.017578 0.013672
0 0.422852 0.863281 0.052734 0.027344
0 0.984375 0.854492 0.011719 0.017578
0 0.392578 0.836914 0.019531 0.017578
0 0.476562 0.851562 0.035156 0.050781
0 0.643555 0.843750 0.041016 0.050781
0 0.690430 0.811523 0.033203 0.017578
0 0.470703 0.795898 0.019531 0.017578
0 0.264648 0.791016 0.025391 0.039062
0 0.643555 0.780273 0.037109 0.029297
0 0.555664 0.775391 0.025391 0.019531
0 0.217773 0.785156 0.033203 0.039062
0 0.529297 0.773438 0.011719 0.019531
0 0.338867 0.794922 0.080078 0.070312
0 0.397461 0.768555 0.033203 0.041016
0 0.486328 0.774414 0.046875 0.056641
0 0.021484 0.748047 0.027344 0.031250
0 0.618164 0.750977 0.056641 0.041016
0 0.742188 0.746094 0.031250 0.039062
0 0.392578 0.723633 0.015625 0.009766
0 0.281250 0.727539 0.035156 0.029297
0 0.081055 0.740234 0.048828 0.062500
0 0.340820 0.713867 0.021484 0.013672
0 0.780273 0.714844 0.021484 0.023438
0 0.895508 0.729492 0.017578 0.060547
0 0.648438 0.691406 0.046875 0.031250
0 0.523438 0.688477 0.046875 0.033203
0 0.396484 0.692383 0.042969 0.041016
0 0.710938 0.687500 0.031250 0.062500
0 0.505859 0.667969 0.019531 0.031250
0 0.509766 0.644531 0.011719 0.011719
0 0.541016 0.642578 0.023438 0.023438
0 0.046875 0.634766 0.023438 0.031250
0 0.074219 0.627930 0.015625 0.021484
0 0.956055 0.621094 0.009766 0.011719
0 0.943359 0.599609 0.019531 0.019531
0 0.307617 0.615234 0.029297 0.050781
0 0.968750 0.594727 0.011719 0.017578
0 0.414062 0.620117 0.046875 0.068359
0 0.558594 0.595703 0.039062 0.042969
0 0.826172 0.578125 0.066406 0.027344
0 0.081055 0.573242 0.048828 0.033203
0 0.275391 0.572266 0.031250 0.039062
0 0.928711 0.563477 0.021484 0.025391
0 0.202148 0.561523 0.033203 0.025391
0 0.892578 0.559570 0.023438 0.037109
0 0.816406 0.542969 0.062500 0.031250
0 0.984375 0.533203 0.031250 0.023438
0 0.377930 0.544922 0.056641 0.046875
0 0.311523 0.535156 0.029297 0.027344
0 0.203125 0.530273 0.023438 0.029297
0 0.773438 0.522461 0.019531 0.021484
0 0.145508 0.525391 0.037109 0.035156
0 0.108398 0.531250 0.017578 0.046875
0 0.938477 0.518555 0.029297 0.025391
0 0.166016 0.541992 0.035156 0.072266
0 0.072266 0.522461 0.023438 0.033203
0 0.800781 0.515625 0.031250 0.027344
0 0.765625 0.504883 0.011719 0.017578
0 0.865234 0.493164 0.019531 0.009766
0 0.234375 0.519531 0.046875 0.062500
0 0.140625 0.483398 0.015625 0.013672
0 0.750000 0.483398 0.023438 0.021484
0 0.120117 0.480469 0.017578 0.015625
0 0.070312 0.487305 0.062500 0.029297
0 0.411133 0.491211 0.056641 0.052734
0 0.174805 0.468750 0.009766 0.015625
0 0.776367 0.466797 0.017578 0.015625
0 0.517578 0.470703 0.015625 0.023438
0 0.720703 0.467773 0.023438 0.021484
0 0.553711 0.481445 0.021484 0.048828
0 0.163086 0.449219 0.017578 0.023438
0 0.995117 0.454102 0.009766 0.048828
0 0.255859 0.446289 0.054688 0.037109
0 0.047852 0.444336 0.029297 0.033203
0 0.159180 0.423828 0.009766 0.019531
0 0.960938 0.412109 0.031250 0.027344
0 0.695312 0.402344 0.031250 0.031250
0 0.586914 0.401367 0.052734 0.044922
0 0.913086 0.394531 0.103516 0.054688
0 0.466797 0.366211 0.011719 0.009766
0 0.496094 0.383789 0.054688 0.052734
0 0.147461 0.367188 0.048828 0.027344
0 0.648438 0.359375 0.007812 0.015625
0 0.400391 0.366211 0.050781 0.037109
0 0.966797 0.351562 0.035156 0.019531
0 0.833984 0.345703 0.035156 0.042969
0 0.381836 0.330078 0.025391 0.015625
0 0.262695 0.338867 0.033203 0.033203
0 0.454102 0.345703 0.044922 0.050781
0 0.422852 0.319336 0.013672 0.013672
0 0.544922 0.320312 0.074219 0.042969
0 0.996094 0.297852 0.007812 0.013672
0 0.581055 0.294922 0.029297 0.019531
0 0.932617 0.303711 0.037109 0.044922
0 0.174805 0.308594 0.041016 0.058594
0 0.090820 0.289062 0.041016 0.050781
0 0.485352 0.284180 0.037109 0.044922
0 0.331055 0.280273 0.017578 0.044922
0 0.007812 0.251953 0.015625 0.027344
0 0.786133 0.248047 0.041016 0.070312
0 0.973633 0.220703 0.021484 0.019531
0 0.192383 0.241211 0.126953 0.064453
0 0.123047 0.217773 0.031250 0.033203
0 0.500977 0.212891 0.052734 0.031250
0 0.798828 0.192383 0.019531 0.013672
0 0.301758 0.191406 0.021484 0.019531
0 0.651367 0.187500 0.033203 0.035156
0 0.017578 0.167969 0.035156 0.031250
0 0.075195 0.164062 0.041016 0.027344
0 0.852539 0.156250 0.017578 0.015625
0 0.101562 0.145508 0.015625 0.021484
0 0.520508 0.154297 0.076172 0.046875
0 0.375000 0.130859 0.031250 0.027344
0 0.333008 0.124023 0.013672 0.013672
0 0.206055 0.099609 0.060547 0.046875
0 0.644531 0.083008 0.031250 0.029297
0 0.454102 0.061523 0.025391 0.048828
0 0.384766 0.074219 0.039062 0.078125
0 0.971680 0.017578 0.044922 0.035156
0 0.756836 0.032227 0.044922 0.064453
0 0.690430 0.003906 0.029297 0.007812
0 0.367188 0.021484 0.054688 0.042969
0 0.219727 0.019531 0.044922 0.039062
0 0.142578 0.035156 0.070312 0.070312
