0 0.751953 0.994141 0.019531 0.011719
0 0.721680 0.992188 0.021484 0.015625
0 0.582031 0.985352 0.035156 0.029297
0 0.632812 0.984375 0.035156 0.031250
0 0.585938 0.949219 0.027344 0.039062
0 0.054688 0.940430 0.027344 0.025391
0 0.341797 0.956055 0.058594 0.064453
0 0.640625 0.942383 0.035156 0.048828
0 0.982422 0.952148 0.019531 0.095703
0 0.748047 0.938477 0.046875 0.080078
0 0.194336 0.910156 0.025391 0.035156
0 0.617188 0.916992 0.031250 0.072266
0 0.272461 0.909180 0.064453 0.060547
0 0.657227 0.888672 0.025391 0.050781
0 0.433594 0.923828 0.109375 0.152344
0 0.522461 0.853516 0.056641 0.050781
0 0.245117 0.857422 0.064453 0.062500
0 0.087891 0.849609 0.058594 0.046875
0 0.635742 0.834961 0.021484 0.052734
0 0.383789 0.836914 0.068359 0.056641
0 0.983398 0.844727 0.033203 0.076172
0 0.150391 0.827148 0.050781 0.044922
0 0.750000 0.820312 0.035156 0.042969
0 0.485352 0.812500 0.041016 0.035156
0 0.802734 0.805664 0.046875 0.044922
0 0.708008 0.806641 0.021484 0.054688
0 0.208984 0.798828 0.070312 0.054688
0 0.373047 0.781250 0.039062 0.023438
0 0.670898 0.811523 0.041016 0.087891
0 0.440430 0.793945 0.044922 0.056641
0 0.975586 0.774414 0.017578 0.029297
0 0.784180 0.768555 0.037109 0.029297
0 0.901367 0.810547 0.029297 0.132812
0 0.376953 0.752930 0.039062 0.021484
0 0.965820 0.748047 0.013672 0.023438
0 0.745117 0.718750 0.029297 0.023438
0 0.336914 0.712891 0.025391 0.015625
0 0.661133 0.727539 0.044922 0.052734
0 0.237305 0.730469 0.041016 0.058594
0 0.161133 0.714844 0.033203 0.039062
0 0.708008 0.706055 0.025391 0.025391
0 0.392578 0.714844 0.046875 0.042969
0 0.992188 0.725586 0.015625 0.068359
0 0.875977 0.696289 0.017578 0.025391
0 0.012695 0.700195 0.025391 0.033203
0 0.851562 0.699219 0.027344 0.046875
0 0.634766 0.689453 0.023438 0.035156
0 0.888672 0.673828 0.007812 0.007812
0 0.098633 0.710938 0.048828 0.085938
0 0.621094 0.671875 0.007812 0.015625
0 0.900391 0.657227 0.007812 0.005859
0 0.043945 0.673828 0.037109 0.039062
0 0.542969 0.676758 0.066406 0.072266
0 0.339844 0.666992 0.062500 0.052734
0 0.233398 0.663086 0.056641 0.056641
0 0.948242 0.638672 0.017578 0.035156
0 0.778320 0.656250 0.107422 0.078125
0 0.807617 0.625000 0.033203 0.027344
0 0.897461 0.613281 0.009766 0.019531
0 0.995117 0.611328 0.009766 0.019531
0 0.856445 0.637695 0.025391 0.072266
0 0.606445 0.610352 0.017578 0.029297
0 0.686523 0.599609 0.041016 0.031250
0 0.754883 0.591797 0.021484 0.023438
0 0.629883 0.580078 0.033203 0.062500
0 0.429688 0.630859 0.125000 0.164062
0 0.014648 0.554688 0.009766 0.011719
0 0.890625 0.566406 0.027344 0.054688
0 0.792969 0.564453 0.031250 0.054688
0 0.549805 0.541992 0.013672 0.017578
0 0.365234 0.564453 0.046875 0.062500
0 0.709961 0.541016 0.017578 0.031250
0 0.252930 0.557617 0.060547 0.064453
0 0.861328 0.507812 0.039062 0.042969
0 0.612305 0.519531 0.037109 0.066406
0 0.700195 0.481445 0.041016 0.041016
0 0.649414 0.486328 0.041016 0.050781
0 0.415039 0.491211 0.052734 0.064453
0 0.485352 0.479492 0.048828 0.056641
0 0.844727 0.455078 0.017578 0.023438
0 0.604492 0.456055 0.033203 0.037109
0 0.942383 0.460938 0.041016 0.054688
0 0.389648 0.454102 0.044922 0.064453
0 0.299805 0.447266 0.068359 0.066406
0 0.545898 0.420898 0.013672 0.017578
0 0.909180 0.435547 0.025391 0.054688
0 0.635742 0.425781 0.041016 0.058594
0 0.685547 0.421875 0.039062 0.058594
0 0.590820 0.399414 0.021484 0.013672
0 0.486328 0.396484 0.046875 0.027344
0 0.798828 0.423828 0.062500 0.117188
0 0.191406 0.441406 0.132812 0.171875
0 0.285156 0.374023 0.078125 0.056641
0 0.756836 0.336914 0.013672 0.025391
0 0.037109 0.319336 0.015625 0.025391
0 0.807617 0.308594 0.033203 0.050781
0 0.043945 0.292969 0.017578 0.019531
0 0.385742 0.305664 0.064453 0.048828
0 0.889648 0.309570 0.076172 0.072266
0 0.492188 0.310547 0.093750 0.085938
0 0.083008 0.295898 0.041016 0.076172
0 0.962891 0.267578 0.035156 0.027344
0 0.794922 0.266602 0.031250 0.029297
0 0.146484 0.274414 0.058594 0.056641
0 0.639648 0.286133 0.091797 0.087891
0 0.205078 0.242188 0.027344 0.058594
0 0.914062 0.223633 0.035156 0.037109
0 0.052734 0.238281 0.046875 0.070312
0 0.554688 0.221680 0.039062 0.041016
0 0.864258 0.210938 0.037109 0.039062
0 0.704102 0.194336 0.021484 0.021484
0 0.677734 0.234375 0.117188 0.128906
0 0.292969 0.249023 0.121094 0.177734
0 0.842773 0.162109 0.025391 0.039062
0 0.164062 0.168945 0.050781 0.064453
0 0.610352 0.157227 0.021484 0.048828
0 0.723633 0.150391 0.037109 0.046875
0 0.401367 0.153320 0.052734 0.052734
0 0.661133 0.144531 0.041016 0.046875
0 0.040039 0.152344 0.060547 0.066406
0 0.552734 0.137695 0.050781 0.072266
0 0.426758 0.116211 0.037109 0.044922
0 0.938477 0.082031 0.025391 0.035156
0 0.151367 0.104492 0.099609 0.099609
0 0.803711 0.103516 0.138672 0.128906
0 0.900391 0.045898 0.015625 0.021484
0 0.088867 0.042969 0.029297 0.042969
0 0.997070 0.020508 0.005859 0.013672
0 0.113281 0.011719 0.019531 0.015625
0 0.446289 0.042969 0.048828 0.082031
0 0.968750 0.077148 0.035156 0.154297
0 0.919922 0.025391 0.042969 0.050781
0 0.801758 0.014648 0.041016 0.029297
0 0.712891 0.008789 0.050781 0.017578
0 0.580078 0.005859 0.027344 0.011719
0 0.323242 0.003906 0.025391 0.007812
0 0.259766 0.022461 0.023438 0.044922
0 0.202148 0.004883 0.025391 0.009766
0 0.067383 0.004883 0.021484 0.009766
