0 0.023438 0.996094 0.035156 0.007812
0 0.583984 0.995117 0.023438 0.009766
0 0.891602 0.991211 0.044922 0.017578
0 0.967773 0.986328 0.064453 0.027344
0 0.113281 0.973633 0.031250 0.029297
0 0.365234 0.975586 0.066406 0.048828
0 0.035156 0.960938 0.027344 0.019531
0 0.906250 0.963867 0.050781 0.029297
0 0.169922 0.974609 0.085938 0.050781
0 0.670898 0.973633 0.087891 0.052734
0 0.752930 0.971680 0.041016 0.052734
0 0.775391 0.952148 0.027344 0.025391
0 0.188477 0.938477 0.037109 0.037109
0 0.328125 0.950195 0.050781 0.064453
0 0.258789 0.957031 0.083984 0.085938
0 0.749023 0.916992 0.013672 0.013672
0 0.468750 0.951172 0.093750 0.082031
0 0.666016 0.925781 0.054688 0.050781
0 0.381836 0.918945 0.048828 0.048828
0 0.942383 0.919922 0.052734 0.058594
0 0.583984 0.917969 0.097656 0.062500
0 0.125000 0.916016 0.093750 0.062500
0 0.886719 0.898438 0.019531 0.035156
0 0.422852 0.886719 0.041016 0.019531
0 0.212891 0.900391 0.070312 0.050781
0 0.286133 0.890625 0.044922 0.039062
0 0.078125 0.867188 0.011719 0.011719
0 0.131836 0.880859 0.060547 0.046875
0 0.019531 0.868164 0.023438 0.021484
0 0.832031 0.889648 0.089844 0.076172
0 0.460938 0.866211 0.046875 0.029297
0 0.995117 0.858398 0.009766 0.021484
0 0.543945 0.862305 0.060547 0.044922
0 0.174805 0.862305 0.072266 0.048828
0 0.364258 0.857422 0.033203 0.042969
0 0.322266 0.841797 0.019531 0.015625
0 0.268555 0.851562 0.083984 0.035156
0 0.429688 0.843750 0.031250 0.023438
0 0.512695 0.833984 0.029297 0.011719
0 0.612305 0.854492 0.060547 0.056641
0 0.561523 0.834961 0.052734 0.017578
0 0.395508 0.849609 0.025391 0.046875
0 0.912109 0.833008 0.031250 0.021484
0 0.463867 0.835938 0.041016 0.027344
0 0.964844 0.830078 0.054688 0.050781
0 0.659180 0.810547 0.009766 0.011719
0 0.006836 0.818359 0.013672 0.027344
0 0.501953 0.810547 0.027344 0.015625
0 0.857422 0.833008 0.046875 0.072266
0 0.255859 0.808594 0.035156 0.042969
0 0.011719 0.794922 0.023438 0.023438
0 0.897461 0.796875 0.029297 0.031250
0 0.743164 0.831055 0.181641 0.111328
0 0.092773 0.808594 0.072266 0.066406
0 0.392578 0.780273 0.007812 0.017578
0 0.832031 0.789062 0.046875 0.046875
0 0.176758 0.801758 0.107422 0.072266
0 0.458008 0.786133 0.076172 0.060547
0 0.012695 0.766602 0.025391 0.025391
0 0.539062 0.787109 0.089844 0.078125
0 0.321289 0.785156 0.083984 0.089844
0 0.687500 0.762695 0.031250 0.056641
0 0.655273 0.758789 0.033203 0.060547
0 0.449219 0.739258 0.023438 0.021484
0 0.375977 0.750000 0.044922 0.054688
0 0.038086 0.751953 0.037109 0.058594
0 0.796875 0.745117 0.046875 0.072266
0 0.336914 0.733398 0.048828 0.048828
0 0.094727 0.728516 0.041016 0.039062
0 0.430664 0.735352 0.060547 0.064453
0 0.600586 0.757812 0.056641 0.113281
0 0.499023 0.727539 0.080078 0.064453
0 0.390625 0.694336 0.015625 0.021484
0 0.628906 0.699219 0.031250 0.054688
0 0.886719 0.720703 0.132812 0.105469
0 0.402344 0.672852 0.015625 0.021484
0 0.451172 0.679688 0.046875 0.039062
0 0.426758 0.669922 0.029297 0.023438
0 0.281250 0.698242 0.066406 0.087891
0 0.769531 0.661133 0.023438 0.017578
0 0.558594 0.681641 0.062500 0.070312
0 0.302734 0.649414 0.015625 0.009766
0 0.680664 0.668945 0.087891 0.052734
0 0.011719 0.680664 0.023438 0.080078
0 0.084961 0.674805 0.068359 0.072266
0 0.349609 0.660156 0.089844 0.078125
0 0.776367 0.632812 0.025391 0.039062
0 0.045898 0.632812 0.025391 0.039062
0 0.493164 0.636719 0.041016 0.050781
0 0.190430 0.702148 0.134766 0.181641
0 0.168945 0.619141 0.017578 0.015625
0 0.445312 0.633789 0.042969 0.048828
0 0.860352 0.625000 0.052734 0.054688
0 0.812500 0.622070 0.039062 0.060547
0 0.906250 0.616211 0.035156 0.052734
0 0.420898 0.598633 0.029297 0.017578
0 0.748047 0.582031 0.011719 0.019531
0 0.565430 0.586914 0.029297 0.041016
0 0.305664 0.603516 0.052734 0.078125
0 0.780273 0.583008 0.033203 0.041016
0 0.719727 0.589844 0.068359 0.074219
0 0.079102 0.573242 0.048828 0.052734
0 0.143555 0.570312 0.044922 0.050781
0 0.653320 0.593750 0.119141 0.109375
0 0.221680 0.556641 0.037109 0.039062
0 0.987305 0.559570 0.025391 0.048828
0 0.538086 0.549805 0.041016 0.037109
0 0.781250 0.540039 0.042969 0.029297
0 0.888672 0.546875 0.046875 0.050781
0 0.450195 0.538086 0.044922 0.037109
0 0.501953 0.532227 0.042969 0.037109
0 0.830078 0.548828 0.058594 0.074219
0 0.368164 0.561523 0.080078 0.107422
0 0.257812 0.561523 0.062500 0.115234
0 0.012695 0.520508 0.025391 0.037109
0 0.734375 0.524414 0.039062 0.052734
0 0.985352 0.508789 0.029297 0.025391
0 0.691406 0.517578 0.039062 0.042969
0 0.304688 0.516602 0.046875 0.041016
0 0.196289 0.515625 0.048828 0.039062
0 0.119141 0.517578 0.039062 0.050781
0 0.956055 0.492188 0.025391 0.023438
0 0.466797 0.498047 0.050781 0.039062
0 0.418945 0.502930 0.044922 0.048828
0 0.150391 0.500000 0.039062 0.042969
0 0.071289 0.497070 0.048828 0.041016
0 0.937500 0.477539 0.007812 0.013672
0 0.369141 0.496094 0.042969 0.050781
0 0.874023 0.497070 0.080078 0.056641
0 0.003906 0.476562 0.007812 0.023438
0 0.541016 0.485352 0.062500 0.048828
0 0.225586 0.479492 0.033203 0.048828
0 0.340820 0.471680 0.029297 0.041016
0 0.783203 0.483398 0.070312 0.072266
0 0.181641 0.467773 0.035156 0.044922
0 0.697266 0.463867 0.046875 0.041016
0 0.605469 0.468750 0.050781 0.070312
0 0.269531 0.458984 0.046875 0.066406
0 0.065430 0.450195 0.064453 0.048828
0 0.836914 0.440430 0.056641 0.037109
0 0.478516 0.450195 0.058594 0.056641
0 0.226562 0.435547 0.031250 0.027344
0 0.737305 0.445312 0.037109 0.050781
0 0.764648 0.431641 0.025391 0.031250
0 0.313477 0.441406 0.056641 0.058594
0 0.395508 0.443359 0.060547 0.066406
0 0.011719 0.430664 0.023438 0.044922
0 0.884766 0.432617 0.039062 0.052734
0 0.636719 0.431641 0.054688 0.062500
0 0.597656 0.409180 0.027344 0.029297
0 0.517578 0.409180 0.050781 0.029297
0 0.738281 0.403320 0.039062 0.021484
0 0.045898 0.408203 0.044922 0.031250
0 0.954102 0.427734 0.064453 0.089844
0 0.786133 0.409180 0.029297 0.052734
0 0.364258 0.411133 0.044922 0.056641
0 0.845703 0.395508 0.054688 0.029297
0 0.435547 0.403320 0.042969 0.044922
0 0.241211 0.393555 0.064453 0.048828
0 0.315430 0.386719 0.072266 0.042969
0 0.838867 0.375000 0.048828 0.023438
0 0.791016 0.370117 0.031250 0.017578
0 0.011719 0.381836 0.023438 0.044922
0 0.452148 0.374023 0.056641 0.041016
0 0.964844 0.375977 0.046875 0.048828
0 0.380859 0.370117 0.054688 0.044922
0 0.061523 0.371094 0.044922 0.054688
0 0.189453 0.364258 0.046875 0.048828
0 0.625000 0.363281 0.070312 0.058594
0 0.147461 0.395508 0.126953 0.134766
0 0.875977 0.349609 0.044922 0.046875
0 0.239258 0.343750 0.060547 0.046875
0 0.759766 0.345703 0.058594 0.070312
0 0.422852 0.324219 0.044922 0.046875
0 0.894531 0.310547 0.011719 0.023438
0 0.380859 0.318359 0.027344 0.042969
0 0.167969 0.319336 0.074219 0.048828
0 0.232422 0.304688 0.035156 0.023438
0 0.315430 0.323242 0.076172 0.072266
0 0.863281 0.297852 0.042969 0.037109
0 0.526367 0.301758 0.044922 0.048828
0 0.462891 0.309570 0.054688 0.068359
0 0.033203 0.313477 0.066406 0.083984
0 0.766602 0.291016 0.048828 0.042969
0 0.689453 0.286133 0.054688 0.048828
0 0.643555 0.274414 0.017578 0.029297
0 0.121094 0.286133 0.066406 0.052734
0 0.574219 0.255859 0.031250 0.031250
0 0.540039 0.255859 0.029297 0.031250
0 0.905273 0.264648 0.048828 0.052734
0 0.232422 0.261719 0.054688 0.054688
0 0.021484 0.253906 0.042969 0.039062
0 0.399414 0.256836 0.037109 0.052734
0 0.756836 0.235352 0.021484 0.017578
0 0.314453 0.257812 0.109375 0.062500
0 0.995117 0.245117 0.009766 0.048828
0 0.823242 0.274414 0.068359 0.111328
0 0.735352 0.225586 0.017578 0.017578
0 0.583008 0.231445 0.033203 0.029297
0 0.099609 0.233398 0.046875 0.033203
0 0.002930 0.217773 0.005859 0.017578
0 0.875000 0.222656 0.027344 0.050781
0 0.348633 0.208008 0.025391 0.021484
0 0.145508 0.219727 0.041016 0.044922
0 0.476562 0.232422 0.097656 0.074219
0 0.698242 0.204102 0.056641 0.029297
0 0.065430 0.207031 0.037109 0.035156
0 0.634766 0.213867 0.058594 0.064453
0 0.948242 0.247070 0.076172 0.162109
0 0.736328 0.184570 0.039062 0.041016
0 0.415039 0.192383 0.060547 0.068359
0 0.277344 0.189453 0.082031 0.066406
0 0.143555 0.172852 0.029297 0.037109
0 0.550781 0.185547 0.046875 0.066406
0 0.071289 0.166016 0.025391 0.027344
0 0.981445 0.178711 0.037109 0.064453
0 0.024414 0.168945 0.025391 0.044922
0 0.108398 0.173828 0.041016 0.082031
0 0.448242 0.142578 0.037109 0.027344
0 0.869141 0.153320 0.035156 0.052734
0 0.829102 0.168945 0.041016 0.091797
0 0.315430 0.134766 0.056641 0.035156
0 0.420898 0.127930 0.025391 0.033203
0 0.080078 0.119141 0.039062 0.023438
0 0.037109 0.128906 0.035156 0.042969
0 0.449219 0.112305 0.031250 0.025391
0 0.366211 0.141602 0.064453 0.083984
0 0.266602 0.122070 0.037109 0.052734
0 0.734375 0.123047 0.046875 0.062500
0 0.505859 0.136719 0.082031 0.089844
0 0.187500 0.176758 0.109375 0.177734
0 0.411133 0.091797 0.025391 0.019531
0 0.889648 0.104492 0.037109 0.060547
0 0.031250 0.086914 0.035156 0.029297
0 0.569336 0.087891 0.041016 0.042969
0 0.322266 0.094727 0.097656 0.056641
0 0.118164 0.082031 0.041016 0.042969
0 0.079102 0.082031 0.044922 0.042969
0 0.636719 0.120117 0.164062 0.126953
0 0.851562 0.083008 0.035156 0.056641
0 0.003906 0.069336 0.007812 0.029297
0 0.479492 0.084961 0.083984 0.072266
0 0.602539 0.066406 0.041016 0.050781
0 0.313477 0.052734 0.048828 0.027344
0 0.914062 0.042969 0.011719 0.011719
0 0.431641 0.054688 0.035156 0.035156
0 0.115234 0.046875 0.023438 0.019531
0 0.721680 0.058594 0.025391 0.058594
0 0.954102 0.080078 0.091797 0.105469
0 0.806641 0.085938 0.082031 0.117188
0 0.363281 0.053711 0.042969 0.052734
0 0.169922 0.055664 0.039062 0.056641
0 0.255859 0.041992 0.058594 0.056641
0 0.005859 0.021484 0.011719 0.015625
0 0.880859 0.033203 0.046875 0.042969
0 0.771484 0.036133 0.035156 0.048828
0 0.561523 0.031250 0.056641 0.046875
0 0.126953 0.007812 0.015625 0.011719
0 0.890625 0.004883 0.046875 0.009766
0 0.719727 0.009766 0.048828 0.019531
0 0.609375 0.004883 0.035156 0.009766
0 0.525391 0.011719 0.023438 0.023438
0 0.490234 0.019531 0.042969 0.039062
0 0.430664 0.005859 0.037109 0.011719
0 0.380859 0.009766 0.035156 0.019531
0 0.323242 0.018555 0.060547 0.037109
0 0.274414 0.010742 0.037109 0.021484
0 0.233398 0.000977 0.013672 0.001953
0 0.045898 0.030273 0.060547 0.060547
