0 0.574219 0.996094 0.039062 0.007812
0 0.046875 0.993164 0.015625 0.013672
0 0.409180 0.980469 0.068359 0.039062
0 0.117188 0.977539 0.066406 0.044922
0 0.987305 0.975586 0.025391 0.044922
0 0.045898 0.966797 0.017578 0.031250
0 0.006836 0.966797 0.013672 0.031250
0 0.591797 0.960938 0.046875 0.050781
0 0.414062 0.945312 0.062500 0.039062
0 0.960938 0.942383 0.042969 0.037109
0 0.504883 0.942383 0.033203 0.056641
0 0.018555 0.924805 0.029297 0.021484
0 0.623047 0.916992 0.023438 0.029297
0 0.601562 0.898438 0.015625 0.007812
0 0.309570 0.916992 0.048828 0.060547
0 0.617188 0.888672 0.015625 0.011719
0 0.447266 0.893555 0.058594 0.044922
0 0.052734 0.874023 0.019531 0.029297
0 0.018555 0.872070 0.021484 0.025391
0 0.594727 0.871094 0.029297 0.035156
0 0.240234 0.868164 0.039062 0.029297
0 0.089844 0.868164 0.039062 0.033203
0 0.302734 0.854492 0.039062 0.052734
0 0.423828 0.837891 0.046875 0.054688
0 0.540039 0.814453 0.013672 0.023438
0 0.177734 0.813477 0.023438 0.029297
0 0.041992 0.805664 0.060547 0.041016
0 0.612305 0.803711 0.029297 0.041016
0 0.112305 0.799805 0.025391 0.037109
0 0.265625 0.791016 0.050781 0.050781
0 0.306641 0.785156 0.023438 0.062500
0 0.059570 0.758789 0.037109 0.052734
0 0.952148 0.741211 0.044922 0.041016
0 0.593750 0.740234 0.027344 0.042969
0 0.459961 0.741211 0.048828 0.044922
0 0.208008 0.740234 0.056641 0.042969
0 0.637695 0.728516 0.041016 0.023438
0 0.307617 0.714844 0.021484 0.027344
0 0.217773 0.701172 0.052734 0.039062
0 0.959961 0.677734 0.021484 0.015625
0 0.166016 0.684570 0.035156 0.041016
0 0.105469 0.672852 0.015625 0.033203
0 0.591797 0.673828 0.050781 0.042969
0 0.635742 0.651367 0.013672 0.017578
0 0.408203 0.640625 0.031250 0.035156
0 0.373047 0.641602 0.046875 0.041016
0 0.979492 0.634766 0.041016 0.050781
0 0.589844 0.632812 0.062500 0.050781
0 0.139648 0.620117 0.017578 0.033203
0 0.680664 0.626953 0.056641 0.050781
0 0.026367 0.604492 0.021484 0.017578
0 0.218750 0.613281 0.066406 0.058594
0 0.099609 0.590820 0.031250 0.041016
0 0.577148 0.583008 0.056641 0.048828
0 0.026367 0.562500 0.009766 0.039062
0 0.482422 0.551758 0.050781 0.033203
0 0.349609 0.542969 0.019531 0.023438
0 0.151367 0.550781 0.048828 0.046875
0 0.093750 0.543945 0.035156 0.033203
0 0.298828 0.543945 0.031250 0.037109
0 0.319336 0.516602 0.013672 0.013672
0 0.134766 0.511719 0.023438 0.027344
0 0.969727 0.525391 0.060547 0.058594
0 0.628906 0.510742 0.039062 0.060547
0 0.275391 0.498047 0.031250 0.042969
0 0.097656 0.493164 0.031250 0.052734
0 0.975586 0.475586 0.048828 0.025391
0 0.555664 0.484375 0.037109 0.042969
0 0.511719 0.474609 0.035156 0.039062
0 0.130859 0.460938 0.023438 0.027344
0 0.877930 0.467773 0.083984 0.044922
0 0.556641 0.454102 0.031250 0.017578
0 0.449219 0.461914 0.035156 0.087891
0 0.192383 0.447266 0.056641 0.058594
0 0.475586 0.423828 0.037109 0.039062
0 0.061523 0.413086 0.041016 0.029297
0 0.525391 0.416992 0.046875 0.041016
0 0.110352 0.411133 0.041016 0.033203
0 0.041992 0.389648 0.037109 0.021484
0 0.195312 0.398438 0.031250 0.050781
0 0.159180 0.398438 0.041016 0.078125
0 0.486328 0.369141 0.027344 0.062500
0 0.134766 0.353516 0.039062 0.039062
0 0.888672 0.346680 0.023438 0.029297
0 0.020508 0.335938 0.041016 0.070312
0 0.212891 0.322266 0.050781 0.046875
0 0.289062 0.301758 0.039062 0.041016
0 0.268555 0.270508 0.017578 0.017578
0 0.186523 0.262695 0.013672 0.021484
0 0.478516 0.263672 0.011719 0.031250
0 0.133789 0.267578 0.037109 0.050781
0 0.013672 0.264648 0.027344 0.048828
0 0.049805 0.267578 0.033203 0.078125
0 0.484375 0.226562 0.027344 0.019531
0 0.292969 0.240234 0.050781 0.046875
0 0.985352 0.231445 0.029297 0.052734
0 0.412109 0.245117 0.031250 0.080078
0 0.835938 0.202148 0.035156 0.013672
0 0.443359 0.185547 0.046875 0.027344
0 0.027344 0.191406 0.023438 0.039062
0 0.314453 0.185547 0.117188 0.039062
0 0.497070 0.181641 0.025391 0.039062
0 0.461914 0.157227 0.041016 0.033203
0 0.223633 0.144531 0.029297 0.015625
0 0.987305 0.148438 0.025391 0.046875
0 0.833008 0.143555 0.029297 0.041016
0 0.224609 0.125977 0.031250 0.021484
0 0.946289 0.121094 0.021484 0.023438
0 0.327148 0.123047 0.048828 0.031250
0 0.469727 0.121094 0.033203 0.035156
0 0.279297 0.117188 0.039062 0.046875
0 0.047852 0.106445 0.080078 0.052734
0 0.478516 0.075195 0.031250 0.029297
0 0.177734 0.092773 0.042969 0.064453
0 0.802734 0.076172 0.035156 0.039062
0 0.313477 0.074219 0.037109 0.046875
0 0.060547 0.068359 0.050781 0.062500
0 0.930664 0.054688 0.048828 0.042969
0 0.109375 0.055664 0.042969 0.044922
0 0.356445 0.037109 0.041016 0.042969
0 0.602539 0.019531 0.060547 0.015625
0 0.939453 0.016602 0.035156 0.033203
0 0.820312 0.011719 0.074219 0.023438
0 0.657227 0.007812 0.048828 0.015625
0 0.267578 0.021484 0.062500 0.042969
0 0.216797 0.006836 0.015625 0.013672
0 0.170898 0.005859 0.017578 0.011719
