0 0.091797 0.991211 0.046875 0.017578
0 0.271484 0.989258 0.027344 0.021484
0 0.824219 0.984375 0.062500 0.031250
0 0.665039 0.978516 0.044922 0.042969
0 0.867188 0.965820 0.054688 0.021484
0 0.975586 0.957031 0.048828 0.042969
0 0.919922 0.950195 0.062500 0.041016
0 0.716797 0.950195 0.050781 0.044922
0 0.413086 0.940430 0.033203 0.037109
0 0.006836 0.920898 0.013672 0.013672
0 0.112305 0.916016 0.009766 0.007812
0 0.081055 0.946289 0.060547 0.072266
0 0.934570 0.910156 0.025391 0.023438
0 0.239258 0.920898 0.083984 0.052734
0 0.217773 0.905273 0.041016 0.029297
0 0.751953 0.905273 0.042969 0.060547
0 0.257812 0.880859 0.035156 0.019531
0 0.908203 0.875000 0.042969 0.023438
0 0.820312 0.852539 0.031250 0.037109
0 0.389648 0.860352 0.052734 0.068359
0 0.655273 0.859375 0.048828 0.070312
0 0.968750 0.858398 0.062500 0.072266
0 0.135742 0.829102 0.009766 0.017578
0 0.739258 0.836914 0.056641 0.044922
0 0.057617 0.818359 0.009766 0.011719
0 0.551758 0.834961 0.044922 0.048828
0 0.076172 0.823242 0.027344 0.033203
0 0.234375 0.807617 0.023438 0.025391
0 0.113281 0.791992 0.007812 0.009766
0 0.615234 0.801758 0.050781 0.033203
0 0.991211 0.790039 0.017578 0.029297
0 0.801758 0.791016 0.044922 0.054688
0 0.454102 0.777344 0.041016 0.031250
0 0.342773 0.771484 0.021484 0.019531
0 0.176758 0.805664 0.080078 0.099609
0 0.821289 0.750000 0.056641 0.031250
0 0.735352 0.743164 0.060547 0.044922
0 0.918945 0.784180 0.162109 0.134766
0 0.897461 0.734375 0.056641 0.058594
0 0.121094 0.725586 0.035156 0.041016
0 0.427734 0.714844 0.046875 0.027344
0 0.377930 0.706055 0.017578 0.013672
0 0.240234 0.724609 0.050781 0.054688
0 0.032227 0.724609 0.041016 0.062500
0 0.481445 0.708984 0.033203 0.035156
0 0.367188 0.692383 0.007812 0.009766
0 0.838867 0.690430 0.013672 0.013672
0 0.584961 0.698242 0.029297 0.052734
0 0.174805 0.688477 0.052734 0.044922
0 0.059570 0.669922 0.009766 0.007812
0 0.400391 0.669922 0.011719 0.011719
0 0.455078 0.665039 0.031250 0.013672
0 0.944336 0.682617 0.111328 0.060547
0 0.676758 0.670898 0.044922 0.052734
0 0.067383 0.639648 0.029297 0.017578
0 0.299805 0.640625 0.052734 0.039062
0 0.222656 0.644531 0.074219 0.046875
0 0.834961 0.623047 0.009766 0.011719
0 0.517578 0.633789 0.089844 0.044922
0 0.620117 0.623047 0.056641 0.031250
0 0.921875 0.643555 0.152344 0.076172
0 0.727539 0.624023 0.044922 0.048828
0 0.010742 0.596680 0.017578 0.009766
0 0.223633 0.597656 0.033203 0.023438
0 0.754883 0.589844 0.017578 0.019531
0 0.568359 0.574219 0.019531 0.031250
0 0.124023 0.573242 0.029297 0.033203
0 0.194336 0.581055 0.068359 0.072266
0 0.165039 0.560547 0.037109 0.031250
0 0.446289 0.561523 0.048828 0.072266
0 0.072266 0.549805 0.046875 0.080078
0 0.490234 0.523438 0.042969 0.039062
0 0.309570 0.546875 0.056641 0.097656
0 0.764648 0.532227 0.029297 0.072266
0 0.712891 0.508789 0.046875 0.029297
0 0.936523 0.517578 0.095703 0.058594
0 0.841797 0.541992 0.125000 0.111328
0 0.420898 0.519531 0.076172 0.070312
0 0.255859 0.498047 0.035156 0.027344
0 0.918945 0.474609 0.041016 0.039062
0 0.040039 0.452148 0.017578 0.025391
0 0.416016 0.455078 0.042969 0.039062
0 0.838867 0.457031 0.033203 0.058594
0 0.080078 0.454102 0.042969 0.056641
0 0.564453 0.432617 0.062500 0.021484
0 0.245117 0.424805 0.021484 0.017578
0 0.193359 0.424805 0.062500 0.033203
0 0.766602 0.447266 0.037109 0.082031
0 0.145508 0.412109 0.017578 0.031250
0 0.187500 0.398438 0.015625 0.015625
0 0.102539 0.416016 0.033203 0.054688
0 0.517578 0.395508 0.023438 0.021484
0 0.994141 0.403320 0.011719 0.041016
0 0.252930 0.380859 0.013672 0.019531
0 0.189453 0.376953 0.011719 0.015625
0 0.165039 0.375977 0.009766 0.021484
0 0.734375 0.369141 0.050781 0.027344
0 0.074219 0.356445 0.023438 0.021484
0 0.313477 0.349609 0.033203 0.011719
0 0.564453 0.371094 0.042969 0.058594
0 0.113281 0.329102 0.019531 0.017578
0 0.233398 0.337891 0.033203 0.039062
0 0.915039 0.321289 0.041016 0.060547
0 0.343750 0.295898 0.011719 0.013672
0 0.285156 0.300781 0.011719 0.023438
0 0.170898 0.303711 0.013672 0.033203
0 0.272461 0.271484 0.009766 0.023438
0 0.185547 0.284180 0.039062 0.048828
0 0.870117 0.256836 0.037109 0.044922
0 0.140625 0.239258 0.011719 0.013672
0 0.684570 0.250977 0.025391 0.052734
0 0.163086 0.235352 0.017578 0.025391
0 0.805664 0.272461 0.119141 0.115234
0 0.152344 0.209961 0.007812 0.013672
0 0.124023 0.193359 0.021484 0.015625
0 0.416992 0.200195 0.052734 0.076172
0 0.915039 0.176758 0.048828 0.064453
0 0.860352 0.151367 0.033203 0.013672
0 0.155273 0.154297 0.017578 0.027344
0 0.065430 0.129883 0.009766 0.013672
0 0.620117 0.161133 0.048828 0.083984
0 0.718750 0.138672 0.074219 0.046875
0 0.083008 0.121094 0.009766 0.015625
0 0.663086 0.098633 0.048828 0.037109
0 0.596680 0.083984 0.009766 0.015625
0 0.050781 0.083008 0.031250 0.025391
0 0.059570 0.062500 0.029297 0.011719
0 0.613281 0.062500 0.019531 0.023438
0 0.712891 0.042969 0.011719 0.011719
0 0.839844 0.054688 0.062500 0.042969
0 0.945312 0.035156 0.023438 0.011719
0 0.188477 0.033203 0.021484 0.031250
0 0.054688 0.002930 0.015625 0.005859
0 0.005859 0.004883 0.011719 0.009766
