0 0.705078 0.988281 0.031250 0.023438
0 0.207031 0.979492 0.062500 0.041016
0 0.752930 0.973633 0.056641 0.044922
0 0.566406 0.973633 0.031250 0.052734
0 0.990234 0.955078 0.019531 0.023438
0 0.850586 0.955078 0.048828 0.023438
0 0.628906 0.963867 0.035156 0.056641
0 0.346680 0.963867 0.044922 0.068359
0 0.270508 0.959961 0.056641 0.064453
0 0.886719 0.928711 0.011719 0.013672
0 0.057617 0.942383 0.037109 0.041016
0 0.936523 0.928711 0.044922 0.029297
0 0.846680 0.924805 0.044922 0.025391
0 0.212891 0.928711 0.058594 0.033203
0 0.691406 0.935547 0.019531 0.058594
0 0.718750 0.918945 0.035156 0.037109
0 0.019531 0.905273 0.019531 0.017578
0 0.588867 0.914062 0.025391 0.039062
0 0.535156 0.909180 0.027344 0.029297
0 0.977539 0.909180 0.044922 0.044922
0 0.627930 0.894531 0.048828 0.031250
0 0.561523 0.909180 0.033203 0.060547
0 0.303711 0.887695 0.017578 0.025391
0 0.595703 0.875000 0.019531 0.015625
0 0.810547 0.879883 0.117188 0.044922
0 0.705078 0.871094 0.027344 0.035156
0 0.179688 0.880859 0.046875 0.066406
0 0.977539 0.861328 0.033203 0.039062
0 0.016602 0.870117 0.033203 0.056641
0 0.730469 0.844727 0.015625 0.021484
0 0.002930 0.833984 0.005859 0.011719
0 0.499023 0.853516 0.060547 0.058594
0 0.147461 0.840820 0.033203 0.041016
0 0.077148 0.852539 0.123047 0.068359
0 0.413086 0.828125 0.033203 0.042969
0 0.130859 0.812500 0.027344 0.011719
0 0.681641 0.834961 0.078125 0.076172
0 0.272461 0.814453 0.048828 0.046875
0 0.517578 0.810547 0.042969 0.042969
0 0.788086 0.796875 0.021484 0.023438
0 0.355469 0.804688 0.074219 0.054688
0 0.959961 0.799805 0.041016 0.048828
0 0.897461 0.822266 0.107422 0.093750
0 0.093750 0.795898 0.089844 0.044922
0 0.911133 0.783203 0.021484 0.023438
0 0.994141 0.778320 0.011719 0.025391
0 0.734375 0.792969 0.054688 0.058594
0 0.536133 0.771484 0.013672 0.027344
0 0.487305 0.768555 0.021484 0.041016
0 0.201172 0.766602 0.046875 0.048828
0 0.891602 0.751953 0.029297 0.042969
0 0.953125 0.746094 0.027344 0.035156
0 0.509766 0.739258 0.023438 0.037109
0 0.474609 0.728516 0.031250 0.027344
0 0.556641 0.723633 0.039062 0.037109
0 0.138672 0.726562 0.113281 0.070312
0 0.098633 0.694336 0.072266 0.025391
0 0.466797 0.694336 0.054688 0.029297
0 0.911133 0.676758 0.009766 0.021484
0 0.882812 0.692383 0.031250 0.052734
0 0.495117 0.675781 0.017578 0.019531
0 0.313477 0.674805 0.037109 0.017578
0 0.234375 0.682617 0.050781 0.041016
0 0.178711 0.671875 0.021484 0.023438
0 0.771484 0.665039 0.039062 0.021484
0 0.147461 0.669922 0.025391 0.035156
0 0.712891 0.662109 0.015625 0.023438
0 0.528320 0.678711 0.130859 0.064453
0 0.839844 0.671875 0.050781 0.062500
0 0.749023 0.640625 0.044922 0.031250
0 0.114258 0.645508 0.064453 0.044922
0 0.882812 0.634766 0.027344 0.027344
0 0.005859 0.634766 0.011719 0.027344
0 0.823242 0.627930 0.029297 0.021484
0 0.783203 0.622070 0.019531 0.013672
0 0.572266 0.624023 0.042969 0.021484
0 0.492188 0.625977 0.066406 0.025391
0 0.910156 0.603516 0.027344 0.023438
0 0.529297 0.600586 0.035156 0.021484
0 0.939453 0.597656 0.011719 0.019531
0 0.376953 0.609375 0.156250 0.074219
0 0.422852 0.585938 0.041016 0.039062
0 0.712891 0.598633 0.070312 0.068359
0 0.609375 0.584961 0.062500 0.041016
0 0.195312 0.582031 0.042969 0.035156
0 0.844727 0.585938 0.060547 0.054688
0 0.005859 0.562500 0.011719 0.019531
0 0.042969 0.608398 0.046875 0.126953
0 0.292969 0.564453 0.046875 0.046875
0 0.692383 0.548828 0.021484 0.019531
0 0.595703 0.548828 0.027344 0.019531
0 0.526367 0.547852 0.037109 0.037109
0 0.736328 0.539062 0.042969 0.027344
0 0.176758 0.546875 0.091797 0.042969
0 0.906250 0.544922 0.027344 0.050781
0 0.848633 0.534180 0.052734 0.041016
0 0.059570 0.522461 0.025391 0.021484
0 0.453125 0.523438 0.050781 0.031250
0 0.553711 0.520508 0.044922 0.029297
0 0.308594 0.502930 0.058594 0.021484
0 0.406250 0.502930 0.050781 0.029297
0 0.716797 0.506836 0.031250 0.041016
0 0.644531 0.501953 0.031250 0.031250
0 0.621094 0.497070 0.031250 0.029297
0 0.462891 0.494141 0.042969 0.023438
0 0.177734 0.501953 0.074219 0.046875
0 0.073242 0.490234 0.021484 0.023438
0 0.353516 0.485352 0.019531 0.021484
0 0.570312 0.482422 0.031250 0.031250
0 0.257812 0.484375 0.042969 0.050781
0 0.474609 0.464844 0.035156 0.027344
0 0.864258 0.468750 0.044922 0.050781
0 0.427734 0.449219 0.050781 0.031250
0 0.767578 0.469727 0.058594 0.076172
0 0.183594 0.461914 0.070312 0.060547
0 0.988281 0.456055 0.023438 0.052734
0 0.523438 0.452148 0.054688 0.052734
0 0.812500 0.452148 0.031250 0.064453
0 0.588867 0.451172 0.048828 0.074219
0 0.770508 0.416016 0.029297 0.015625
0 0.006836 0.411133 0.013672 0.017578
0 0.332031 0.419922 0.050781 0.039062
0 0.145508 0.414062 0.033203 0.027344
0 0.075195 0.413086 0.013672 0.025391
0 0.624023 0.408203 0.033203 0.027344
0 0.488281 0.400391 0.015625 0.011719
0 0.692383 0.414062 0.056641 0.054688
0 0.761719 0.392578 0.019531 0.027344
0 0.667969 0.379883 0.039062 0.029297
0 0.101562 0.377930 0.027344 0.025391
0 0.986328 0.384766 0.027344 0.050781
0 0.722656 0.367188 0.042969 0.019531
0 0.428711 0.378906 0.048828 0.042969
0 0.315430 0.368164 0.025391 0.041016
0 0.010742 0.342773 0.021484 0.017578
0 0.740234 0.345703 0.042969 0.031250
0 0.958984 0.362305 0.054688 0.072266
0 0.637695 0.338867 0.041016 0.029297
0 0.561523 0.362305 0.044922 0.080078
0 0.257812 0.338867 0.050781 0.033203
0 0.892578 0.336914 0.054688 0.037109
0 0.010742 0.314453 0.021484 0.035156
0 0.522461 0.318359 0.041016 0.046875
0 0.837891 0.331055 0.035156 0.087891
0 0.265625 0.298828 0.027344 0.027344
0 0.439453 0.301758 0.035156 0.037109
0 0.350586 0.300781 0.064453 0.039062
0 0.224609 0.307617 0.042969 0.052734
0 0.633789 0.289062 0.029297 0.035156
0 0.878906 0.285156 0.042969 0.050781
0 0.208008 0.270508 0.017578 0.029297
0 0.588867 0.263672 0.048828 0.039062
0 0.278320 0.259766 0.072266 0.035156
0 0.980469 0.253906 0.039062 0.027344
0 0.416016 0.246094 0.042969 0.031250
0 0.009766 0.245117 0.019531 0.029297
0 0.760742 0.257812 0.029297 0.062500
0 0.123047 0.234375 0.011719 0.015625
0 0.960938 0.239258 0.050781 0.029297
0 0.635742 0.239258 0.033203 0.048828
0 0.787109 0.225586 0.035156 0.025391
0 0.010742 0.218750 0.021484 0.019531
0 0.477539 0.249023 0.044922 0.083984
0 0.853516 0.243164 0.046875 0.080078
0 0.181641 0.219727 0.031250 0.033203
0 0.051758 0.241211 0.052734 0.080078
0 0.008789 0.198242 0.017578 0.009766
0 0.325195 0.217773 0.119141 0.060547
0 0.551758 0.201172 0.048828 0.050781
0 0.951172 0.197266 0.058594 0.054688
0 0.410156 0.192383 0.074219 0.044922
0 0.024414 0.173828 0.025391 0.015625
0 0.493164 0.176758 0.037109 0.029297
0 0.286133 0.164062 0.021484 0.027344
0 0.213867 0.195312 0.056641 0.097656
0 0.824219 0.163086 0.054688 0.037109
0 0.224609 0.158203 0.023438 0.035156
0 0.009766 0.146484 0.019531 0.015625
0 0.633789 0.147461 0.025391 0.025391
0 0.330078 0.166016 0.058594 0.070312
0 0.993164 0.126953 0.013672 0.019531
0 0.340820 0.126953 0.041016 0.023438
0 0.914062 0.122070 0.023438 0.021484
0 0.932617 0.115234 0.013672 0.011719
0 0.543945 0.121094 0.017578 0.023438
0 0.712891 0.122070 0.027344 0.037109
0 0.480469 0.124023 0.050781 0.041016
0 0.382812 0.128906 0.058594 0.070312
0 0.583008 0.121094 0.056641 0.062500
0 0.837891 0.107422 0.042969 0.039062
0 0.995117 0.091797 0.009766 0.015625
0 0.645508 0.096680 0.052734 0.025391
0 0.020508 0.096680 0.041016 0.025391
0 0.538086 0.070312 0.021484 0.019531
0 0.902344 0.080078 0.039062 0.042969
0 0.465820 0.079102 0.060547 0.044922
0 0.151367 0.087891 0.087891 0.062500
0 0.749023 0.070312 0.025391 0.031250
0 0.211914 0.070312 0.017578 0.031250
0 0.006836 0.059570 0.013672 0.025391
0 0.159180 0.047852 0.033203 0.021484
0 0.640625 0.056641 0.058594 0.042969
0 0.061523 0.051758 0.041016 0.044922
0 0.272461 0.053711 0.064453 0.052734
0 0.470703 0.037109 0.054688 0.027344
0 0.335938 0.051758 0.042969 0.072266
0 0.040039 0.030273 0.033203 0.041016
0 0.506836 0.021484 0.060547 0.039062
0 0.166016 0.025391 0.097656 0.046875
0 0.988281 0.008789 0.023438 0.017578
0 0.923828 0.012695 0.027344 0.025391
0 0.892578 0.006836 0.019531 0.013672
0 0.835938 0.015625 0.046875 0.031250
0 0.638672 0.012695 0.027344 0.025391
0 0.508789 0.002930 0.009766 0.005859
0 0.394531 0.023438 0.023438 0.046875
0 0.314453 0.002930 0.023438 0.005859
0 0.276367 0.006836 0.025391 0.013672
0 0.240234 0.003906 0.027344 0.007812
0 0.106445 0.010742 0.037109 0.021484
0 0.006836 0.005859 0.013672 0.011719
