0 0.949219 0.997070 0.011719 0.005859
0 0.926758 0.994141 0.021484 0.011719
0 0.625977 0.994141 0.037109 0.011719
0 0.558594 0.994141 0.031250 0.011719
0 0.473633 0.993164 0.037109 0.013672
0 0.188477 0.993164 0.041016 0.013672
0 0.353516 0.989258 0.027344 0.021484
0 0.434570 0.988281 0.029297 0.023438
0 0.143555 0.988281 0.037109 0.023438
0 0.752930 0.987305 0.048828 0.025391
0 0.939453 0.970703 0.011719 0.011719
0 0.884766 0.981445 0.042969 0.037109
0 0.837891 0.981445 0.062500 0.037109
0 0.673828 0.979492 0.046875 0.041016
0 0.972656 0.976562 0.042969 0.039062
0 0.451172 0.967773 0.027344 0.025391
0 0.261719 0.977539 0.109375 0.044922
0 0.004883 0.969727 0.009766 0.037109
0 0.404297 0.974609 0.050781 0.050781
0 0.713867 0.968750 0.021484 0.050781
0 0.625000 0.961914 0.062500 0.041016
0 0.508789 0.958008 0.037109 0.033203
0 0.909180 0.955078 0.037109 0.042969
0 0.780273 0.951172 0.037109 0.046875
0 0.755859 0.943359 0.019531 0.035156
0 0.126953 0.941406 0.042969 0.039062
0 0.961914 0.933594 0.056641 0.031250
0 0.434570 0.934570 0.025391 0.033203
0 0.826172 0.934570 0.046875 0.041016
0 0.551758 0.941406 0.029297 0.058594
0 0.223633 0.931641 0.056641 0.042969
0 0.296875 0.931641 0.027344 0.046875
0 0.636719 0.925781 0.035156 0.042969
0 0.268555 0.925781 0.025391 0.046875
0 0.915039 0.915039 0.041016 0.033203
0 0.723633 0.905273 0.017578 0.013672
0 0.168945 0.915039 0.044922 0.037109
0 0.123047 0.902344 0.039062 0.023438
0 0.675781 0.920898 0.050781 0.064453
0 0.883789 0.893555 0.009766 0.013672
0 0.068359 0.905273 0.027344 0.037109
0 0.595703 0.902344 0.039062 0.035156
0 0.726562 0.888672 0.011719 0.015625
0 0.492188 0.916016 0.078125 0.070312
0 0.840820 0.898438 0.033203 0.039062
0 0.925781 0.886719 0.023438 0.019531
0 0.333984 0.930664 0.054688 0.107422
0 0.030273 0.907227 0.037109 0.064453
0 0.958984 0.889648 0.023438 0.044922
0 0.860352 0.871094 0.009766 0.011719
0 0.230469 0.881836 0.042969 0.033203
0 0.614258 0.876953 0.044922 0.035156
0 0.104492 0.867188 0.021484 0.019531
0 0.546875 0.865234 0.019531 0.019531
0 0.403320 0.873047 0.029297 0.042969
0 0.672852 0.867188 0.052734 0.035156
0 0.563477 0.856445 0.013672 0.013672
0 0.449219 0.866211 0.042969 0.037109
0 0.947266 0.856445 0.046875 0.021484
0 0.173828 0.869141 0.085938 0.046875
0 0.323242 0.854492 0.048828 0.033203
0 0.086914 0.849609 0.021484 0.027344
0 0.112305 0.840820 0.009766 0.013672
0 0.480469 0.846680 0.050781 0.033203
0 0.137695 0.843750 0.025391 0.027344
0 0.541016 0.841797 0.031250 0.027344
0 0.778320 0.872070 0.080078 0.103516
0 0.961914 0.825195 0.021484 0.033203
0 0.649414 0.829102 0.041016 0.041016
0 0.603516 0.831055 0.046875 0.048828
0 0.375000 0.831055 0.050781 0.048828
0 0.440430 0.815430 0.060547 0.044922
0 0.051758 0.799805 0.033203 0.017578
0 0.747070 0.829102 0.044922 0.080078
0 0.501953 0.812500 0.042969 0.046875
0 0.208008 0.809570 0.048828 0.044922
0 0.270508 0.840820 0.068359 0.115234
0 0.719727 0.800781 0.033203 0.042969
0 0.861328 0.797852 0.039062 0.044922
0 0.060547 0.780273 0.019531 0.009766
0 0.290039 0.780273 0.017578 0.017578
0 0.918945 0.794922 0.037109 0.050781
0 0.024414 0.811523 0.048828 0.083984
0 0.576172 0.785156 0.035156 0.035156
0 0.150391 0.787109 0.027344 0.042969
0 0.680664 0.793945 0.044922 0.060547
0 0.181641 0.782227 0.027344 0.041016
0 0.845703 0.770508 0.027344 0.021484
0 0.486328 0.773438 0.027344 0.027344
0 0.106445 0.791992 0.056641 0.064453
0 0.358398 0.791016 0.111328 0.074219
0 0.441406 0.767578 0.039062 0.039062
0 0.725586 0.760742 0.037109 0.029297
0 0.805664 0.768555 0.044922 0.048828
0 0.208984 0.763672 0.035156 0.039062
0 0.323242 0.750000 0.041016 0.031250
0 0.244141 0.755859 0.042969 0.042969
0 0.785156 0.755859 0.050781 0.050781
0 0.586914 0.746094 0.037109 0.039062
0 0.651367 0.760742 0.072266 0.076172
0 0.960938 0.733398 0.023438 0.025391
0 0.778320 0.739258 0.041016 0.041016
0 0.139648 0.741211 0.095703 0.044922
0 0.083984 0.720703 0.023438 0.015625
0 0.282227 0.733398 0.041016 0.044922
0 0.194336 0.716797 0.013672 0.011719
0 0.043945 0.743164 0.056641 0.068359
0 0.395508 0.725586 0.041016 0.041016
0 0.007812 0.729492 0.015625 0.048828
0 0.229492 0.714844 0.041016 0.023438
0 0.842773 0.719727 0.052734 0.037109
0 0.354492 0.719727 0.029297 0.048828
0 0.393555 0.692383 0.005859 0.005859
0 0.181641 0.699219 0.039062 0.019531
0 0.746094 0.714844 0.046875 0.054688
0 0.111328 0.706055 0.035156 0.037109
0 0.675781 0.704102 0.031250 0.037109
0 0.625000 0.719727 0.066406 0.068359
0 0.447266 0.714844 0.031250 0.058594
0 0.377930 0.692383 0.017578 0.013672
0 0.320312 0.707031 0.042969 0.042969
0 0.992188 0.712891 0.015625 0.062500
0 0.712891 0.713867 0.031250 0.072266
0 0.591797 0.687500 0.015625 0.019531
0 0.505859 0.725586 0.046875 0.095703
0 0.143555 0.685547 0.021484 0.027344
0 0.869141 0.688477 0.023438 0.041016
0 0.222656 0.682617 0.031250 0.044922
0 0.486328 0.666016 0.019531 0.015625
0 0.072266 0.676758 0.058594 0.037109
0 0.790039 0.679688 0.041016 0.046875
0 0.934570 0.670898 0.025391 0.033203
0 0.679688 0.663086 0.023438 0.017578
0 0.722656 0.666992 0.070312 0.033203
0 0.841797 0.662109 0.031250 0.027344
0 0.399414 0.687500 0.060547 0.078125
0 0.172852 0.662109 0.037109 0.027344
0 0.013672 0.672852 0.027344 0.052734
0 0.627930 0.664062 0.037109 0.039062
0 0.549805 0.663086 0.033203 0.041016
0 0.666992 0.645508 0.021484 0.021484
0 0.440430 0.656250 0.041016 0.042969
0 0.945312 0.644531 0.042969 0.042969
0 0.750977 0.639648 0.048828 0.033203
0 0.161133 0.630859 0.029297 0.019531
0 0.367188 0.637695 0.042969 0.041016
0 0.697266 0.630859 0.035156 0.035156
0 0.340820 0.623047 0.017578 0.019531
0 0.881836 0.619141 0.033203 0.015625
0 0.147461 0.615234 0.005859 0.007812
0 0.275391 0.631836 0.070312 0.044922
0 0.528320 0.619141 0.037109 0.031250
0 0.843750 0.622070 0.027344 0.041016
0 0.221680 0.616211 0.021484 0.033203
0 0.470703 0.613281 0.046875 0.042969
0 0.760742 0.602539 0.048828 0.029297
0 0.712891 0.601562 0.031250 0.031250
0 0.431641 0.605469 0.035156 0.039062
0 0.035156 0.624023 0.070312 0.076172
0 0.185547 0.599609 0.035156 0.035156
0 0.297852 0.589844 0.017578 0.019531
0 0.058594 0.598633 0.031250 0.037109
0 0.246094 0.590820 0.058594 0.025391
0 0.358398 0.592773 0.021484 0.037109
0 0.329102 0.595703 0.033203 0.042969
0 0.874023 0.588867 0.056641 0.041016
0 0.398438 0.584961 0.031250 0.037109
0 0.623047 0.592773 0.042969 0.056641
0 0.481445 0.575195 0.033203 0.021484
0 0.120117 0.611328 0.095703 0.105469
0 0.729492 0.572266 0.048828 0.031250
0 0.266602 0.565430 0.072266 0.021484
0 0.663086 0.575195 0.052734 0.044922
0 0.397461 0.557617 0.017578 0.013672
0 0.532227 0.570312 0.052734 0.046875
0 0.332031 0.553711 0.031250 0.017578
0 0.199219 0.560547 0.050781 0.031250
0 0.001953 0.545898 0.003906 0.009766
0 0.805664 0.562500 0.041016 0.046875
0 0.019531 0.559570 0.039062 0.041016
0 0.893555 0.545898 0.060547 0.037109
0 0.772461 0.544922 0.033203 0.039062
0 0.477539 0.541992 0.025391 0.033203
0 0.434570 0.554688 0.048828 0.058594
0 0.086914 0.562500 0.072266 0.074219
0 0.511719 0.536133 0.027344 0.025391
0 0.247070 0.534180 0.060547 0.025391
0 0.700195 0.541016 0.041016 0.042969
0 0.179688 0.531250 0.027344 0.023438
0 0.735352 0.525391 0.029297 0.031250
0 0.003906 0.522461 0.007812 0.025391
0 0.422852 0.522461 0.017578 0.029297
0 0.387695 0.525391 0.033203 0.039062
0 0.144531 0.530273 0.054688 0.056641
0 0.505859 0.510742 0.023438 0.025391
0 0.299805 0.514648 0.041016 0.041016
0 0.847656 0.518555 0.105469 0.060547
0 0.542969 0.511719 0.039062 0.050781
0 0.210938 0.502930 0.039062 0.037109
0 0.650391 0.514648 0.074219 0.076172
0 0.256836 0.491211 0.044922 0.029297
0 0.958008 0.524414 0.044922 0.099609
0 0.845703 0.484375 0.019531 0.023438
0 0.766602 0.498047 0.060547 0.050781
0 0.179688 0.489258 0.035156 0.033203
0 0.609375 0.482422 0.050781 0.039062
0 0.779297 0.473633 0.031250 0.025391
0 0.446289 0.484375 0.111328 0.062500
0 0.104492 0.488281 0.107422 0.070312
0 0.084961 0.464844 0.029297 0.023438
0 0.554688 0.463867 0.046875 0.033203
0 0.351562 0.465820 0.042969 0.037109
0 0.006836 0.470703 0.013672 0.050781
0 0.296875 0.467773 0.050781 0.048828
0 0.210938 0.459961 0.089844 0.044922
0 0.003906 0.435547 0.007812 0.011719
0 0.895508 0.471680 0.068359 0.087891
0 0.666992 0.446289 0.048828 0.037109
0 0.434570 0.443359 0.048828 0.035156
0 0.828125 0.443359 0.070312 0.042969
0 0.220703 0.432617 0.027344 0.021484
0 0.785156 0.437500 0.046875 0.035156
0 0.713867 0.453125 0.033203 0.070312
0 0.746094 0.426758 0.015625 0.025391
0 0.598633 0.429688 0.025391 0.031250
0 0.331055 0.432617 0.044922 0.037109
0 0.062500 0.452148 0.058594 0.080078
0 0.442383 0.418945 0.033203 0.021484
0 0.642578 0.422852 0.046875 0.041016
0 0.850586 0.415039 0.048828 0.029297
0 0.355469 0.407227 0.015625 0.013672
0 0.574219 0.416016 0.023438 0.042969
0 0.515625 0.426758 0.050781 0.068359
0 0.765625 0.408203 0.035156 0.035156
0 0.463867 0.405273 0.044922 0.037109
0 0.152344 0.413086 0.046875 0.052734
0 0.306641 0.404297 0.042969 0.046875
0 0.119141 0.405273 0.039062 0.048828
0 0.037109 0.404297 0.042969 0.046875
0 0.005859 0.394531 0.011719 0.039062
0 0.572266 0.381836 0.031250 0.025391
0 0.608398 0.376953 0.029297 0.023438
0 0.338867 0.381836 0.025391 0.037109
0 0.938477 0.370117 0.025391 0.017578
0 0.857422 0.383789 0.031250 0.044922
0 0.294922 0.370117 0.031250 0.025391
0 0.375000 0.376953 0.035156 0.042969
0 0.642578 0.371094 0.031250 0.035156
0 0.487305 0.372070 0.037109 0.037109
0 0.250000 0.395508 0.093750 0.083984
0 0.894531 0.365234 0.027344 0.031250
0 0.174805 0.362305 0.052734 0.033203
0 0.693359 0.356445 0.023438 0.025391
0 0.919922 0.349609 0.031250 0.015625
0 0.314453 0.351562 0.054688 0.031250
0 0.251953 0.342773 0.042969 0.033203
0 0.085938 0.359375 0.062500 0.066406
0 0.028320 0.350586 0.044922 0.048828
0 0.656250 0.332031 0.019531 0.031250
0 0.581055 0.342773 0.041016 0.052734
0 0.530273 0.346680 0.029297 0.068359
0 0.395508 0.337891 0.060547 0.054688
0 0.088867 0.317383 0.029297 0.017578
0 0.063477 0.327148 0.029297 0.037109
0 0.331055 0.323242 0.056641 0.033203
0 0.934570 0.322266 0.052734 0.042969
0 0.009766 0.324219 0.019531 0.046875
0 0.805664 0.346680 0.126953 0.095703
0 0.253906 0.307617 0.039062 0.025391
0 0.146484 0.320312 0.046875 0.054688
0 0.625000 0.316406 0.039062 0.050781
0 0.496094 0.303711 0.042969 0.025391
0 0.182617 0.291016 0.009766 0.011719
0 0.882812 0.309570 0.046875 0.052734
0 0.308594 0.292969 0.035156 0.023438
0 0.769531 0.292969 0.082031 0.035156
0 0.862305 0.281250 0.017578 0.015625
0 0.454102 0.294922 0.041016 0.046875
0 0.123047 0.294922 0.031250 0.046875
0 0.959961 0.291992 0.029297 0.044922
0 0.655273 0.289062 0.033203 0.039062
0 0.268555 0.279297 0.013672 0.019531
0 0.037109 0.288086 0.042969 0.041016
0 0.577148 0.287109 0.041016 0.042969
0 0.005859 0.277344 0.011719 0.031250
0 0.706055 0.337891 0.064453 0.156250
0 0.395508 0.280273 0.029297 0.041016
0 0.828125 0.273438 0.035156 0.035156
0 0.311523 0.263672 0.029297 0.027344
0 0.228516 0.278320 0.074219 0.060547
0 0.083984 0.274414 0.046875 0.056641
0 0.358398 0.273438 0.041016 0.062500
0 0.162109 0.262695 0.058594 0.052734
0 0.472656 0.252930 0.027344 0.037109
0 0.655273 0.248047 0.037109 0.039062
0 0.596680 0.241211 0.025391 0.025391
0 0.428711 0.249023 0.037109 0.044922
0 0.713867 0.235352 0.041016 0.025391
0 0.291016 0.235352 0.031250 0.033203
0 0.632812 0.239258 0.042969 0.044922
0 0.214844 0.237305 0.035156 0.041016
0 0.001953 0.225586 0.003906 0.021484
0 0.924805 0.214844 0.013672 0.015625
0 0.381836 0.223633 0.025391 0.033203
0 0.822266 0.227539 0.066406 0.048828
0 0.538086 0.236328 0.052734 0.070312
0 0.339844 0.221680 0.050781 0.041016
0 0.254883 0.222656 0.029297 0.042969
0 0.174805 0.215820 0.044922 0.029297
0 0.598633 0.209961 0.041016 0.033203
0 0.764648 0.216797 0.037109 0.058594
0 0.686523 0.206055 0.033203 0.041016
0 0.110352 0.194336 0.041016 0.029297
0 0.722656 0.200195 0.039062 0.044922
0 0.317383 0.196289 0.091797 0.041016
0 0.403320 0.197266 0.029297 0.046875
0 0.741211 0.180664 0.033203 0.033203
0 0.047852 0.221680 0.095703 0.115234
0 0.889648 0.174805 0.029297 0.029297
0 0.315430 0.170898 0.033203 0.021484
0 0.166016 0.183594 0.058594 0.046875
0 0.449219 0.190430 0.039062 0.064453
0 0.642578 0.174805 0.019531 0.037109
0 0.602539 0.175781 0.048828 0.039062
0 0.844727 0.188477 0.068359 0.068359
0 0.502930 0.176758 0.033203 0.056641
0 0.930664 0.161133 0.033203 0.029297
0 0.117188 0.162109 0.039062 0.031250
0 0.405273 0.151367 0.013672 0.013672
0 0.341797 0.155273 0.042969 0.021484
0 0.274414 0.154297 0.048828 0.027344
0 0.080078 0.160156 0.031250 0.042969
0 0.759766 0.156250 0.050781 0.042969
0 0.460938 0.153320 0.039062 0.037109
0 0.670898 0.154297 0.041016 0.042969
0 0.171875 0.134766 0.023438 0.007812
0 0.844727 0.147461 0.072266 0.044922
0 0.006836 0.137695 0.013672 0.025391
0 0.708008 0.137695 0.037109 0.041016
0 0.152344 0.125977 0.031250 0.017578
0 0.921875 0.126953 0.027344 0.023438
0 0.551758 0.122070 0.041016 0.017578
0 0.209961 0.130859 0.056641 0.039062
0 0.278320 0.123047 0.037109 0.027344
0 0.761719 0.119141 0.023438 0.027344
0 0.645508 0.119141 0.025391 0.027344
0 0.001953 0.112305 0.003906 0.013672
0 0.900391 0.115234 0.027344 0.031250
0 0.510742 0.121094 0.041016 0.042969
0 0.152344 0.103516 0.035156 0.015625
0 0.109375 0.112305 0.039062 0.037109
0 0.971680 0.116211 0.025391 0.048828
0 0.620117 0.098633 0.021484 0.021484
0 0.356445 0.116211 0.107422 0.064453
0 0.267578 0.090820 0.015625 0.013672
0 0.944336 0.106445 0.013672 0.048828
0 0.812500 0.105469 0.062500 0.046875
0 0.736328 0.096680 0.042969 0.029297
0 0.531250 0.096680 0.035156 0.029297
0 0.287109 0.084961 0.007812 0.009766
0 0.652344 0.083984 0.046875 0.046875
0 0.185547 0.079102 0.035156 0.041016
0 0.290039 0.062500 0.017578 0.015625
0 0.868164 0.085938 0.033203 0.066406
0 0.829102 0.057617 0.009766 0.009766
0 0.794922 0.062500 0.035156 0.019531
0 0.927734 0.068359 0.027344 0.035156
0 0.453125 0.075195 0.042969 0.060547
0 0.898438 0.067383 0.023438 0.048828
0 0.541016 0.059570 0.054688 0.033203
0 0.390625 0.067383 0.046875 0.048828
0 0.257812 0.043945 0.015625 0.017578
0 0.048828 0.084961 0.097656 0.099609
0 0.314453 0.047852 0.039062 0.029297
0 0.588867 0.049805 0.037109 0.041016
0 0.197266 0.038086 0.023438 0.017578
0 0.167969 0.038086 0.027344 0.033203
0 0.727539 0.045898 0.087891 0.056641
0 0.377930 0.028320 0.041016 0.029297
0 0.932617 0.033203 0.044922 0.042969
0 0.708984 0.014648 0.023438 0.013672
0 0.003906 0.016602 0.007812 0.025391
0 0.850586 0.025391 0.037109 0.046875
0 0.616211 0.009766 0.013672 0.015625
0 0.975586 0.022461 0.029297 0.044922
0 0.945312 0.004883 0.027344 0.009766
0 0.887695 0.016602 0.033203 0.033203
0 0.804688 0.010742 0.046875 0.021484
0 0.657227 0.025391 0.068359 0.050781
0 0.516602 0.003906 0.033203 0.007812
0 0.459961 0.003906 0.017578 0.007812
0 0.341797 0.012695 0.031250 0.025391
0 0.292969 0.018555 0.035156 0.037109
0 0.254883 0.014648 0.048828 0.029297
0 0.207031 0.013672 0.031250 0.027344
0 0.151367 0.007812 0.037109 0.015625
0 0.075195 0.022461 0.091797 0.044922
0 0.069336 0.005859 0.029297 0.011719
0 0.032227 0.004883 0.033203 0.009766
