0 0.598633 0.973633 0.021484 0.044922
0 0.451172 0.975586 0.035156 0.048828
0 0.647461 0.972656 0.060547 0.046875
0 0.199219 0.973633 0.050781 0.052734
0 0.070312 0.967773 0.050781 0.044922
0 0.374023 0.959961 0.021484 0.044922
0 0.030273 0.968750 0.060547 0.062500
0 0.774414 0.956055 0.072266 0.044922
0 0.203125 0.919922 0.042969 0.035156
0 0.792969 0.905273 0.082031 0.044922
0 0.956055 0.913086 0.068359 0.076172
0 0.167969 0.869141 0.027344 0.019531
0 0.262695 0.874023 0.064453 0.048828
0 0.908203 0.867188 0.066406 0.039062
0 0.498047 0.877930 0.039062 0.072266
0 0.646484 0.852539 0.027344 0.029297
0 0.205078 0.852539 0.023438 0.029297
0 0.774414 0.862305 0.060547 0.060547
0 0.570312 0.867188 0.070312 0.085938
0 0.718750 0.840820 0.050781 0.048828
0 0.375000 0.835938 0.039062 0.042969
0 0.056641 0.822266 0.035156 0.062500
0 0.430664 0.802734 0.029297 0.042969
0 0.122070 0.800781 0.044922 0.046875
0 0.641602 0.799805 0.037109 0.048828
0 0.812500 0.776367 0.039062 0.052734
0 0.022461 0.771484 0.033203 0.046875
0 0.162109 0.769531 0.050781 0.046875
0 0.762695 0.771484 0.041016 0.058594
0 0.926758 0.738281 0.083984 0.050781
0 0.117188 0.740234 0.035156 0.058594
0 0.616211 0.714844 0.009766 0.019531
0 0.253906 0.740234 0.042969 0.070312
0 0.784180 0.718750 0.033203 0.039062
0 0.989258 0.718750 0.021484 0.042969
0 0.674805 0.714844 0.068359 0.042969
0 0.452148 0.707031 0.056641 0.042969
0 0.698242 0.683594 0.041016 0.031250
0 0.214844 0.687500 0.042969 0.042969
0 0.521484 0.686523 0.054688 0.048828
0 0.834961 0.684570 0.068359 0.056641
0 0.753906 0.678711 0.035156 0.048828
0 0.062500 0.670898 0.039062 0.037109
0 0.973633 0.676758 0.052734 0.064453
0 0.921875 0.671875 0.035156 0.054688
0 0.545898 0.633789 0.044922 0.033203
0 0.627930 0.647461 0.048828 0.068359
0 0.316406 0.634766 0.011719 0.046875
0 0.130859 0.633789 0.039062 0.052734
0 0.231445 0.618164 0.048828 0.044922
0 0.992188 0.610352 0.015625 0.068359
0 0.744141 0.584961 0.050781 0.029297
0 0.142578 0.575195 0.015625 0.021484
0 0.445312 0.580078 0.039062 0.046875
0 0.396484 0.574219 0.050781 0.050781
0 0.243164 0.556641 0.048828 0.015625
0 0.679688 0.578125 0.050781 0.070312
0 0.312500 0.527344 0.011719 0.019531
0 0.472656 0.530273 0.027344 0.037109
0 0.287109 0.515625 0.031250 0.035156
0 0.333008 0.490234 0.033203 0.019531
0 0.008789 0.498047 0.017578 0.050781
0 0.733398 0.501953 0.060547 0.062500
0 0.171875 0.498047 0.019531 0.062500
0 0.033203 0.489258 0.042969 0.052734
0 0.517578 0.474609 0.035156 0.042969
0 0.221680 0.474609 0.037109 0.042969
0 0.980469 0.500977 0.039062 0.099609
0 0.188477 0.458008 0.021484 0.013672
0 0.127930 0.480469 0.037109 0.062500
0 0.281250 0.456055 0.050781 0.052734
0 0.458008 0.469727 0.048828 0.087891
0 0.035156 0.434570 0.042969 0.041016
0 0.344727 0.426758 0.017578 0.041016
0 0.956055 0.395508 0.029297 0.021484
0 0.392578 0.406250 0.027344 0.042969
0 0.298828 0.401367 0.027344 0.044922
0 0.616211 0.408203 0.064453 0.066406
0 0.504883 0.399414 0.044922 0.056641
0 0.108398 0.400391 0.041016 0.074219
0 0.210938 0.393555 0.058594 0.064453
0 0.147461 0.382812 0.044922 0.042969
0 0.995117 0.354492 0.009766 0.025391
0 0.929688 0.363281 0.074219 0.046875
0 0.842773 0.358398 0.080078 0.064453
0 0.802734 0.344727 0.027344 0.044922
0 0.746094 0.337891 0.027344 0.039062
0 0.562500 0.333008 0.066406 0.048828
0 0.165039 0.326172 0.037109 0.042969
0 0.114258 0.311523 0.044922 0.037109
0 0.047852 0.314453 0.048828 0.054688
0 0.302734 0.292969 0.027344 0.023438
0 0.922852 0.284180 0.029297 0.021484
0 0.642578 0.303711 0.046875 0.060547
0 0.191406 0.270508 0.066406 0.056641
0 0.102539 0.246094 0.060547 0.042969
0 0.476562 0.232422 0.031250 0.058594
0 0.875977 0.222656 0.080078 0.042969
0 0.271484 0.218750 0.042969 0.035156
0 0.678711 0.229492 0.052734 0.068359
0 0.743164 0.219727 0.072266 0.068359
0 0.042969 0.208008 0.039062 0.068359
0 0.565430 0.203125 0.041016 0.062500
0 0.334961 0.204102 0.021484 0.064453
0 0.456055 0.175781 0.029297 0.019531
0 0.066406 0.180664 0.031250 0.064453
0 0.182617 0.178711 0.072266 0.076172
0 0.100586 0.170898 0.029297 0.068359
0 0.386719 0.134766 0.027344 0.031250
0 0.147461 0.130859 0.041016 0.023438
0 0.614258 0.138672 0.107422 0.062500
0 0.263672 0.143555 0.042969 0.072266
0 0.016602 0.131836 0.033203 0.048828
0 0.470703 0.126953 0.054688 0.066406
0 0.422852 0.105469 0.017578 0.027344
0 0.320312 0.125977 0.066406 0.072266
0 0.664062 0.118164 0.121094 0.068359
0 0.023438 0.088867 0.046875 0.033203
0 0.184570 0.103516 0.087891 0.066406
0 0.894531 0.095703 0.070312 0.054688
0 0.401367 0.084961 0.048828 0.041016
0 0.347656 0.088867 0.050781 0.048828
0 0.758789 0.068359 0.025391 0.019531
0 0.280273 0.061523 0.033203 0.041016
0 0.165039 0.043945 0.044922 0.041016
0 0.710938 0.052734 0.042969 0.062500
0 0.889648 0.018555 0.041016 0.037109
0 0.847656 0.025391 0.035156 0.050781
0 0.789062 0.017578 0.042969 0.035156
0 0.633789 0.008789 0.033203 0.017578
0 0.572266 0.010742 0.050781 0.021484
0 0.428711 0.021484 0.052734 0.042969
0 0.325195 0.004883 0.033203 0.009766
0 0.167969 0.008789 0.074219 0.017578
0 0.073242 0.015625 0.052734 0.031250
