0 0.135742 0.989258 0.033203 0.021484
0 0.890625 0.985352 0.066406 0.029297
0 0.081055 0.985352 0.037109 0.029297
0 0.307617 0.963867 0.052734 0.052734
0 0.445312 0.954102 0.050781 0.037109
0 0.512695 0.964844 0.072266 0.066406
0 0.982422 0.933594 0.011719 0.015625
0 0.574219 0.936523 0.023438 0.021484
0 0.149414 0.946289 0.064453 0.048828
0 0.963867 0.914062 0.005859 0.007812
0 0.478516 0.909180 0.058594 0.044922
0 0.705078 0.913086 0.050781 0.060547
0 0.219727 0.917969 0.076172 0.085938
0 0.581055 0.895508 0.048828 0.052734
0 0.342773 0.887695 0.056641 0.056641
0 0.302734 0.872070 0.070312 0.044922
0 0.398438 0.877930 0.031250 0.060547
0 0.473633 0.860352 0.021484 0.033203
0 0.511719 0.868164 0.035156 0.056641
0 0.057617 0.873047 0.068359 0.070312
0 0.620117 0.861328 0.029297 0.050781
0 0.983398 0.863281 0.033203 0.062500
0 0.682617 0.851562 0.068359 0.058594
0 0.143555 0.868164 0.072266 0.091797
0 0.440430 0.828125 0.037109 0.054688
0 0.390625 0.811523 0.019531 0.021484
0 0.732422 0.797852 0.039062 0.021484
0 0.224609 0.816406 0.082031 0.070312
0 0.343750 0.810547 0.062500 0.062500
0 0.693359 0.782227 0.042969 0.037109
0 0.622070 0.791016 0.037109 0.058594
0 0.136719 0.768555 0.035156 0.021484
0 0.739258 0.769531 0.037109 0.027344
0 0.160156 0.757812 0.015625 0.011719
0 0.541992 0.770508 0.052734 0.048828
0 0.258789 0.764648 0.072266 0.044922
0 0.085938 0.750977 0.050781 0.037109
0 0.408203 0.759766 0.074219 0.058594
0 0.985352 0.730469 0.029297 0.046875
0 0.502930 0.723633 0.060547 0.044922
0 0.184570 0.716797 0.072266 0.054688
0 0.665039 0.716797 0.064453 0.074219
0 0.334961 0.714844 0.029297 0.070312
0 0.037109 0.718750 0.070312 0.078125
0 0.137695 0.697266 0.044922 0.042969
0 0.459961 0.681641 0.041016 0.035156
0 0.751953 0.699219 0.050781 0.074219
0 0.563477 0.677734 0.029297 0.035156
0 0.838867 0.680664 0.037109 0.068359
0 0.361328 0.642578 0.019531 0.015625
0 0.264648 0.659180 0.044922 0.060547
0 0.075195 0.643555 0.013672 0.033203
0 0.873047 0.645508 0.027344 0.060547
0 0.456055 0.631836 0.037109 0.037109
0 0.427734 0.630859 0.031250 0.035156
0 0.189453 0.617188 0.023438 0.039062
0 0.282227 0.609375 0.033203 0.054688
0 0.384766 0.589844 0.007812 0.019531
0 0.716797 0.603516 0.046875 0.058594
0 0.544922 0.607422 0.058594 0.085938
0 0.054688 0.595703 0.062500 0.074219
0 0.791992 0.574219 0.064453 0.046875
0 0.612305 0.543945 0.025391 0.013672
0 0.226562 0.541016 0.042969 0.054688
0 0.899414 0.513672 0.041016 0.042969
0 0.459961 0.515625 0.044922 0.070312
0 0.338867 0.511719 0.044922 0.070312
0 0.867188 0.500977 0.027344 0.060547
0 0.176758 0.493164 0.052734 0.064453
0 0.771484 0.492188 0.070312 0.078125
0 0.244141 0.474609 0.046875 0.050781
0 0.909180 0.458984 0.033203 0.042969
0 0.140625 0.463867 0.054688 0.072266
0 0.549805 0.444336 0.021484 0.044922
0 0.743164 0.423828 0.021484 0.031250
0 0.701172 0.413086 0.039062 0.033203
0 0.508789 0.412109 0.041016 0.035156
0 0.224609 0.418945 0.058594 0.064453
0 0.378906 0.403320 0.046875 0.052734
0 0.454102 0.382812 0.029297 0.031250
0 0.958984 0.392578 0.039062 0.054688
0 0.878906 0.395508 0.042969 0.068359
0 0.330078 0.387695 0.054688 0.052734
0 0.146484 0.372070 0.042969 0.044922
0 0.920898 0.370117 0.025391 0.044922
0 0.796875 0.392578 0.058594 0.089844
0 0.627930 0.344727 0.033203 0.025391
0 0.267578 0.343750 0.074219 0.039062
0 0.483398 0.344727 0.025391 0.044922
0 0.206055 0.325195 0.025391 0.013672
0 0.945312 0.321289 0.027344 0.044922
0 0.115234 0.331055 0.054688 0.064453
0 0.315430 0.306641 0.025391 0.027344
0 0.189453 0.298828 0.039062 0.042969
0 0.539062 0.298828 0.031250 0.050781
0 0.864258 0.297852 0.037109 0.052734
0 0.241211 0.290039 0.044922 0.037109
0 0.054688 0.289062 0.062500 0.050781
0 0.950195 0.275391 0.025391 0.031250
0 0.376953 0.273438 0.023438 0.027344
0 0.913086 0.235352 0.021484 0.037109
0 0.392578 0.240234 0.023438 0.046875
0 0.328125 0.250977 0.070312 0.076172
0 0.541992 0.237305 0.048828 0.068359
0 0.456055 0.211914 0.033203 0.025391
0 0.991211 0.210938 0.017578 0.027344
0 0.856445 0.178711 0.029297 0.060547
0 0.423828 0.171875 0.039062 0.062500
0 0.803711 0.168945 0.056641 0.072266
0 0.288086 0.171875 0.056641 0.085938
0 0.670898 0.159180 0.130859 0.083984
0 0.462891 0.113281 0.027344 0.031250
0 0.928711 0.108398 0.060547 0.060547
0 0.860352 0.090820 0.052734 0.052734
0 0.595703 0.078125 0.039062 0.042969
0 0.428711 0.072266 0.029297 0.039062
0 0.705078 0.057617 0.050781 0.037109
0 0.470703 0.041992 0.019531 0.013672
0 0.955078 0.050781 0.027344 0.035156
0 0.351562 0.054688 0.062500 0.070312
0 0.755859 0.048828 0.042969 0.066406
0 0.538086 0.047852 0.064453 0.072266
0 0.942383 0.012695 0.017578 0.017578
0 0.022461 0.022461 0.044922 0.044922
