0 0.996094 0.998047 0.007812 0.003906
0 0.840820 0.997070 0.021484 0.005859
0 0.533203 0.996094 0.027344 0.007812
0 0.947266 0.995117 0.042969 0.009766
0 0.787109 0.995117 0.050781 0.009766
0 0.401367 0.995117 0.033203 0.009766
0 0.352539 0.994141 0.033203 0.011719
0 0.797852 0.982422 0.041016 0.015625
0 0.747070 0.984375 0.013672 0.019531
0 0.580078 0.987305 0.035156 0.025391
0 0.464844 0.980469 0.019531 0.019531
0 0.238281 0.977539 0.046875 0.037109
0 0.131836 0.974609 0.033203 0.042969
0 0.718750 0.975586 0.035156 0.048828
0 0.160156 0.961914 0.023438 0.029297
0 0.565430 0.958984 0.048828 0.027344
0 0.697266 0.960938 0.039062 0.035156
0 0.098633 0.948242 0.029297 0.021484
0 0.061523 0.945312 0.025391 0.019531
0 0.262695 0.951172 0.029297 0.035156
0 0.183594 0.966797 0.054688 0.066406
0 0.682617 0.962891 0.048828 0.062500
0 0.791016 0.949219 0.078125 0.042969
0 0.641602 0.949219 0.029297 0.042969
0 0.506836 0.957031 0.037109 0.058594
0 0.899414 0.954102 0.033203 0.064453
0 0.133789 0.925781 0.033203 0.015625
0 0.840820 0.940430 0.025391 0.048828
0 0.409180 0.933594 0.037109 0.035156
0 0.872070 0.920898 0.017578 0.013672
0 0.459961 0.925781 0.037109 0.023438
0 0.958984 0.952148 0.078125 0.080078
0 0.557617 0.932617 0.056641 0.041016
0 0.038086 0.923828 0.025391 0.027344
0 0.379883 0.925781 0.037109 0.039062
0 0.608398 0.916992 0.025391 0.029297
0 0.056641 0.909180 0.007812 0.013672
0 0.781250 0.909180 0.039062 0.033203
0 0.155273 0.899414 0.033203 0.029297
0 0.499023 0.894531 0.041016 0.027344
0 0.183594 0.897461 0.031250 0.033203
0 0.108398 0.898438 0.029297 0.035156
0 0.622070 0.890625 0.037109 0.023438
0 0.886719 0.880859 0.015625 0.011719
0 0.698242 0.897461 0.095703 0.052734
0 0.991211 0.881836 0.017578 0.029297
0 0.543945 0.877930 0.021484 0.021484
0 0.867188 0.888672 0.035156 0.054688
0 0.673828 0.872070 0.039062 0.021484
0 0.637695 0.872070 0.025391 0.021484
0 0.825195 0.878906 0.041016 0.039062
0 0.440430 0.883789 0.044922 0.048828
0 0.497070 0.867188 0.052734 0.023438
0 0.213867 0.876953 0.033203 0.046875
0 0.756836 0.879883 0.056641 0.056641
0 0.337891 0.864258 0.015625 0.029297
0 0.024414 0.873047 0.048828 0.046875
0 0.188477 0.854492 0.017578 0.021484
0 0.678711 0.851562 0.041016 0.019531
0 0.363281 0.852539 0.011719 0.021484
0 0.401367 0.865234 0.041016 0.050781
0 0.226562 0.855469 0.027344 0.031250
0 0.909180 0.847656 0.029297 0.019531
0 0.152344 0.855469 0.031250 0.035156
0 0.508789 0.841797 0.021484 0.019531
0 0.448242 0.846680 0.041016 0.029297
0 0.985352 0.852539 0.029297 0.044922
0 0.554688 0.838867 0.046875 0.029297
0 0.012695 0.838867 0.025391 0.029297
0 0.954102 0.837891 0.041016 0.035156
0 0.118164 0.833984 0.033203 0.031250
0 0.677734 0.826172 0.031250 0.023438
0 0.084961 0.846680 0.052734 0.064453
0 0.769531 0.836914 0.027344 0.052734
0 0.201172 0.822266 0.050781 0.031250
0 0.315430 0.812500 0.025391 0.019531
0 0.455078 0.816406 0.054688 0.035156
0 0.805664 0.820312 0.041016 0.050781
0 0.722656 0.813477 0.031250 0.037109
0 0.496094 0.812500 0.019531 0.039062
0 0.662109 0.803711 0.019531 0.029297
0 0.519531 0.796875 0.019531 0.015625
0 0.691406 0.795898 0.015625 0.017578
0 0.994141 0.796875 0.011719 0.023438
0 0.608398 0.790039 0.025391 0.021484
0 0.041992 0.791016 0.064453 0.027344
0 0.604492 0.813477 0.103516 0.076172
0 0.959961 0.792969 0.052734 0.039062
0 0.156250 0.791016 0.023438 0.039062
0 0.409180 0.783203 0.044922 0.031250
0 0.353516 0.794922 0.031250 0.058594
0 0.203125 0.784180 0.062500 0.037109
0 0.881836 0.773438 0.009766 0.019531
0 0.842773 0.766602 0.009766 0.009766
0 0.375977 0.767578 0.017578 0.019531
0 0.518555 0.770508 0.052734 0.033203
0 0.113281 0.775391 0.046875 0.042969
0 0.574219 0.767578 0.035156 0.031250
0 0.036133 0.761719 0.017578 0.023438
0 0.980469 0.762695 0.031250 0.033203
0 0.709961 0.765625 0.060547 0.046875
0 0.843750 0.747070 0.015625 0.013672
0 0.791992 0.769531 0.080078 0.066406
0 0.632812 0.763672 0.027344 0.054688
0 0.500000 0.744141 0.015625 0.015625
0 0.457031 0.744141 0.027344 0.027344
0 0.245117 0.754883 0.041016 0.056641
0 0.955078 0.740234 0.019531 0.031250
0 0.588867 0.729492 0.037109 0.025391
0 0.870117 0.731445 0.029297 0.041016
0 0.658203 0.721680 0.031250 0.025391
0 0.627930 0.718750 0.017578 0.019531
0 0.105469 0.721680 0.019531 0.025391
0 0.835938 0.721680 0.027344 0.033203
0 0.408203 0.740234 0.058594 0.074219
0 0.967773 0.712891 0.013672 0.027344
0 0.512695 0.715820 0.029297 0.033203
0 0.202148 0.729492 0.056641 0.060547
0 0.139648 0.708984 0.009766 0.019531
0 0.918945 0.733398 0.037109 0.072266
0 0.297852 0.715820 0.048828 0.044922
0 0.785156 0.713867 0.066406 0.048828
0 0.492188 0.705078 0.035156 0.035156
0 0.177734 0.700195 0.039062 0.029297
0 0.887695 0.699219 0.037109 0.039062
0 0.645508 0.684570 0.017578 0.013672
0 0.712891 0.705078 0.062500 0.062500
0 0.081055 0.702148 0.033203 0.060547
0 0.339844 0.691406 0.039062 0.042969
0 0.752930 0.678711 0.037109 0.033203
0 0.417969 0.669922 0.011719 0.015625
0 0.176758 0.671875 0.025391 0.019531
0 0.400391 0.677734 0.019531 0.035156
0 0.372070 0.706055 0.048828 0.091797
0 0.608398 0.673828 0.044922 0.035156
0 0.437500 0.674805 0.023438 0.037109
0 0.269531 0.676758 0.042969 0.060547
0 0.745117 0.655273 0.037109 0.025391
0 0.463867 0.662109 0.025391 0.039062
0 0.154297 0.665039 0.027344 0.048828
0 0.109375 0.667969 0.039062 0.054688
0 0.474609 0.673828 0.050781 0.074219
0 0.239258 0.643555 0.021484 0.013672
0 0.976562 0.677734 0.046875 0.085938
0 0.596680 0.638672 0.044922 0.035156
0 0.203125 0.624023 0.011719 0.013672
0 0.040039 0.666016 0.064453 0.097656
0 0.438477 0.625977 0.017578 0.025391
0 0.289062 0.628906 0.027344 0.031250
0 0.663086 0.638672 0.060547 0.054688
0 0.538086 0.629883 0.025391 0.037109
0 0.801758 0.627930 0.048828 0.044922
0 0.919922 0.625977 0.062500 0.052734
0 0.404297 0.612305 0.027344 0.025391
0 0.796875 0.598633 0.015625 0.013672
0 0.856445 0.611328 0.041016 0.050781
0 0.314453 0.599609 0.042969 0.027344
0 0.776367 0.598633 0.013672 0.029297
0 0.474609 0.606445 0.046875 0.048828
0 0.204102 0.590820 0.021484 0.021484
0 0.826172 0.587891 0.015625 0.023438
0 0.139648 0.596680 0.025391 0.041016
0 0.879883 0.583984 0.013672 0.019531
0 0.064453 0.594727 0.050781 0.041016
0 0.558594 0.586914 0.027344 0.033203
0 0.450195 0.575195 0.025391 0.017578
0 0.368164 0.579102 0.025391 0.029297
0 0.909180 0.579102 0.029297 0.037109
0 0.313477 0.569336 0.017578 0.021484
0 0.779297 0.559570 0.007812 0.013672
0 0.192383 0.567383 0.037109 0.033203
0 0.508789 0.570312 0.044922 0.042969
0 0.171875 0.559570 0.031250 0.033203
0 0.429688 0.556641 0.031250 0.031250
0 0.978516 0.557617 0.019531 0.037109
0 0.458008 0.542969 0.017578 0.015625
0 0.389648 0.547852 0.033203 0.029297
0 0.751953 0.554688 0.035156 0.050781
0 0.274414 0.548828 0.037109 0.039062
0 0.327148 0.542969 0.041016 0.035156
0 0.208984 0.535156 0.023438 0.019531
0 0.453125 0.524414 0.015625 0.013672
0 0.399414 0.528320 0.013672 0.021484
0 0.152344 0.530273 0.046875 0.025391
0 0.040039 0.541016 0.033203 0.046875
0 0.487305 0.529297 0.029297 0.027344
0 0.842773 0.536133 0.095703 0.052734
0 0.012695 0.515625 0.017578 0.015625
0 0.967773 0.516602 0.029297 0.029297
0 0.253906 0.519531 0.035156 0.035156
0 0.373047 0.515625 0.031250 0.031250
0 0.761719 0.516602 0.042969 0.041016
0 0.699219 0.508789 0.023438 0.025391
0 0.416016 0.517578 0.035156 0.042969
0 0.654297 0.514648 0.050781 0.041016
0 0.899414 0.501953 0.025391 0.031250
0 0.569336 0.502930 0.033203 0.033203
0 0.982422 0.503906 0.019531 0.039062
0 0.295898 0.504883 0.044922 0.041016
0 0.344727 0.511719 0.033203 0.058594
0 0.866211 0.499023 0.029297 0.041016
0 0.326172 0.485352 0.019531 0.017578
0 0.204102 0.497070 0.052734 0.044922
0 0.529297 0.488281 0.042969 0.039062
0 0.452148 0.487305 0.025391 0.037109
0 0.823242 0.494141 0.044922 0.054688
0 0.125000 0.497070 0.042969 0.060547
0 0.056641 0.511719 0.078125 0.101562
0 0.608398 0.486328 0.033203 0.054688
0 0.753906 0.462891 0.054688 0.027344
0 0.251953 0.472656 0.042969 0.046875
0 0.983398 0.460938 0.033203 0.031250
0 0.500977 0.460938 0.013672 0.031250
0 0.532227 0.451172 0.029297 0.019531
0 0.896484 0.458984 0.031250 0.039062
0 0.025391 0.458984 0.042969 0.039062
0 0.464844 0.460938 0.035156 0.058594
0 0.393555 0.458008 0.056641 0.060547
0 0.180664 0.461914 0.044922 0.072266
0 0.689453 0.449219 0.039062 0.050781
0 0.575195 0.430664 0.005859 0.013672
0 0.641602 0.455078 0.041016 0.066406
0 0.275391 0.441406 0.042969 0.039062
0 0.362305 0.439453 0.044922 0.046875
0 0.524414 0.423828 0.068359 0.027344
0 0.869141 0.434570 0.031250 0.052734
0 0.471680 0.421875 0.021484 0.027344
0 0.063477 0.432617 0.064453 0.052734
0 0.025391 0.410156 0.027344 0.011719
0 0.318359 0.438477 0.046875 0.072266
0 0.149414 0.421875 0.041016 0.042969
0 0.690430 0.415039 0.033203 0.033203
0 0.441406 0.407227 0.023438 0.017578
0 0.800781 0.414062 0.015625 0.035156
0 0.202148 0.412109 0.048828 0.031250
0 0.661133 0.400391 0.005859 0.011719
0 0.748047 0.422852 0.066406 0.064453
0 0.554688 0.402344 0.023438 0.023438
0 0.354492 0.409180 0.017578 0.037109
0 0.300781 0.405273 0.027344 0.029297
0 0.587891 0.394531 0.011719 0.011719
0 0.236328 0.422852 0.054688 0.068359
0 0.633789 0.401367 0.044922 0.029297
0 0.827148 0.415039 0.033203 0.064453
0 0.521484 0.395508 0.015625 0.025391
0 0.006836 0.390625 0.013672 0.019531
0 0.062500 0.392578 0.050781 0.027344
0 0.988281 0.401367 0.023438 0.048828
0 0.956055 0.424805 0.056641 0.107422
0 0.324219 0.380859 0.035156 0.023438
0 0.152344 0.383789 0.023438 0.029297
0 0.384766 0.377930 0.019531 0.021484
0 0.841797 0.389648 0.035156 0.048828
0 0.190430 0.375977 0.033203 0.041016
0 0.108398 0.377930 0.029297 0.048828
0 0.083008 0.367188 0.029297 0.035156
0 0.875977 0.370117 0.029297 0.048828
0 0.276367 0.367188 0.044922 0.042969
0 0.416992 0.359375 0.025391 0.031250
0 0.494141 0.368164 0.054688 0.052734
0 0.665039 0.356445 0.025391 0.037109
0 0.387695 0.348633 0.017578 0.025391
0 0.344727 0.347656 0.033203 0.023438
0 0.982422 0.350586 0.035156 0.041016
0 0.866211 0.338867 0.017578 0.017578
0 0.762695 0.364258 0.083984 0.072266
0 0.631836 0.333984 0.009766 0.011719
0 0.310547 0.341797 0.019531 0.031250
0 0.232422 0.351562 0.031250 0.050781
0 0.809570 0.341797 0.037109 0.035156
0 0.150391 0.341797 0.027344 0.035156
0 0.649414 0.332031 0.009766 0.019531
0 0.446289 0.339844 0.044922 0.035156
0 0.003906 0.323242 0.007812 0.009766
0 0.041992 0.328125 0.033203 0.023438
0 0.841797 0.322266 0.027344 0.019531
0 0.485352 0.324219 0.025391 0.023438
0 0.432617 0.317383 0.013672 0.009766
0 0.400391 0.324219 0.023438 0.023438
0 0.327148 0.320312 0.044922 0.023438
0 0.786133 0.318359 0.029297 0.023438
0 0.221680 0.311523 0.009766 0.013672
0 0.189453 0.327148 0.054688 0.044922
0 0.014648 0.310547 0.017578 0.011719
0 0.948242 0.329102 0.025391 0.052734
0 0.119141 0.323242 0.046875 0.056641
0 0.522461 0.306641 0.037109 0.035156
0 0.152344 0.296875 0.011719 0.015625
0 0.870117 0.306641 0.021484 0.039062
0 0.076172 0.308594 0.035156 0.042969
0 0.808594 0.296875 0.031250 0.027344
0 0.988281 0.303711 0.023438 0.048828
0 0.832031 0.289062 0.015625 0.019531
0 0.700195 0.339844 0.029297 0.121094
0 0.613281 0.300781 0.078125 0.050781
0 0.301758 0.290039 0.064453 0.033203
0 0.494141 0.279297 0.027344 0.015625
0 0.172852 0.285156 0.029297 0.031250
0 0.010742 0.282227 0.021484 0.025391
0 0.458008 0.284180 0.041016 0.033203
0 0.417969 0.284180 0.023438 0.033203
0 0.541992 0.285156 0.033203 0.039062
0 0.251953 0.276367 0.019531 0.021484
0 0.069336 0.273438 0.017578 0.019531
0 0.914062 0.325195 0.062500 0.126953
0 0.263672 0.260742 0.011719 0.013672
0 0.361328 0.271484 0.039062 0.042969
0 0.963867 0.270508 0.052734 0.044922
0 0.750000 0.276367 0.054688 0.060547
0 0.038086 0.250977 0.013672 0.013672
0 0.664062 0.261719 0.023438 0.039062
0 0.333984 0.249023 0.058594 0.029297
0 0.845703 0.250000 0.035156 0.035156
0 0.809570 0.253906 0.037109 0.042969
0 0.197266 0.253906 0.023438 0.042969
0 0.759766 0.242188 0.058594 0.031250
0 0.609375 0.250000 0.066406 0.046875
0 0.536133 0.240234 0.044922 0.031250
0 0.436523 0.239258 0.021484 0.029297
0 0.501953 0.246094 0.042969 0.046875
0 0.294922 0.235352 0.066406 0.029297
0 0.651367 0.231445 0.009766 0.025391
0 0.057617 0.230469 0.013672 0.023438
0 0.130859 0.237305 0.031250 0.048828
0 0.692383 0.232422 0.033203 0.042969
0 0.085938 0.227539 0.039062 0.037109
0 0.673828 0.209961 0.031250 0.017578
0 0.388672 0.225586 0.085938 0.064453
0 0.041016 0.208008 0.035156 0.029297
0 0.637695 0.210938 0.025391 0.039062
0 0.738281 0.208008 0.042969 0.037109
0 0.013672 0.216797 0.027344 0.058594
0 0.540039 0.197266 0.041016 0.027344
0 0.865234 0.204102 0.035156 0.044922
0 0.587891 0.211914 0.035156 0.064453
0 0.167969 0.219727 0.046875 0.080078
0 0.110352 0.190430 0.025391 0.021484
0 0.919922 0.197266 0.046875 0.039062
0 0.722656 0.181641 0.007812 0.007812
0 0.341797 0.197266 0.046875 0.042969
0 0.292969 0.203125 0.046875 0.054688
0 0.208008 0.201172 0.029297 0.054688
0 0.452148 0.200195 0.080078 0.060547
0 0.748047 0.172852 0.007812 0.017578
0 0.981445 0.185547 0.037109 0.050781
0 0.484375 0.175781 0.031250 0.031250
0 0.663086 0.167969 0.021484 0.019531
0 0.240234 0.169922 0.023438 0.023438
0 0.539062 0.168945 0.039062 0.025391
0 0.281250 0.174805 0.031250 0.037109
0 0.024414 0.171875 0.017578 0.035156
0 0.873047 0.164062 0.031250 0.023438
0 0.826172 0.176758 0.054688 0.052734
0 0.252930 0.153320 0.017578 0.017578
0 0.139648 0.166016 0.041016 0.046875
0 0.099609 0.154297 0.027344 0.027344
0 0.004883 0.161133 0.009766 0.041016
0 0.942383 0.158203 0.025391 0.042969
0 0.796875 0.152344 0.035156 0.035156
0 0.915039 0.153320 0.025391 0.041016
0 0.200195 0.158203 0.033203 0.050781
0 0.974609 0.140625 0.023438 0.019531
0 0.609375 0.143555 0.019531 0.025391
0 0.339844 0.143555 0.062500 0.025391
0 0.485352 0.131836 0.025391 0.025391
0 0.203125 0.124023 0.007812 0.009766
0 0.683594 0.134766 0.027344 0.035156
0 0.876953 0.130859 0.031250 0.031250
0 0.838867 0.125000 0.033203 0.035156
0 0.054688 0.135742 0.046875 0.060547
0 0.786133 0.117188 0.021484 0.027344
0 0.531250 0.128906 0.039062 0.050781
0 0.448242 0.132812 0.080078 0.062500
0 0.560547 0.107422 0.011719 0.015625
0 0.373047 0.112305 0.027344 0.025391
0 0.905273 0.109375 0.029297 0.023438
0 0.746094 0.121094 0.039062 0.050781
0 0.542969 0.101562 0.011719 0.011719
0 0.171875 0.125977 0.035156 0.064453
0 0.500000 0.096680 0.015625 0.013672
0 0.318359 0.104492 0.027344 0.033203
0 0.269531 0.109375 0.039062 0.046875
0 0.983398 0.101562 0.033203 0.039062
0 0.831055 0.089844 0.025391 0.023438
0 0.948242 0.103516 0.033203 0.054688
0 0.572266 0.082031 0.019531 0.011719
0 0.110352 0.105469 0.041016 0.058594
0 0.876953 0.088867 0.050781 0.037109
0 0.127930 0.089844 0.033203 0.039062
0 0.803711 0.082031 0.025391 0.039062
0 0.065430 0.087891 0.037109 0.050781
0 0.597656 0.068359 0.011719 0.019531
0 0.245117 0.071289 0.021484 0.025391
0 0.836914 0.070312 0.037109 0.027344
0 0.343750 0.063477 0.019531 0.013672
0 0.698242 0.080078 0.060547 0.050781
0 0.508789 0.062500 0.037109 0.019531
0 0.452148 0.066406 0.041016 0.027344
0 0.210938 0.079102 0.023438 0.052734
0 0.179688 0.060547 0.015625 0.015625
0 0.541992 0.068359 0.037109 0.035156
0 0.583008 0.050781 0.025391 0.015625
0 0.008789 0.070312 0.017578 0.054688
0 0.931641 0.052734 0.042969 0.027344
0 0.968750 0.053711 0.035156 0.037109
0 0.850586 0.045898 0.017578 0.021484
0 0.759766 0.063477 0.039062 0.056641
0 0.539062 0.042969 0.015625 0.015625
0 0.551758 0.032227 0.005859 0.009766
0 0.411133 0.041992 0.021484 0.029297
0 0.691406 0.035156 0.031250 0.031250
0 0.381836 0.045898 0.029297 0.052734
0 0.134766 0.047852 0.062500 0.056641
0 0.189453 0.029297 0.027344 0.023438
0 0.510742 0.022461 0.017578 0.017578
0 0.876953 0.017578 0.007812 0.011719
0 0.257812 0.031250 0.023438 0.039062
0 0.481445 0.017578 0.025391 0.019531
0 0.363281 0.013672 0.011719 0.011719
0 0.103516 0.021484 0.050781 0.031250
0 0.443359 0.021484 0.039062 0.039062
0 0.987305 0.020508 0.025391 0.041016
0 0.935547 0.011719 0.031250 0.023438
0 0.911133 0.002930 0.009766 0.005859
0 0.896484 0.015625 0.023438 0.031250
0 0.833008 0.006836 0.013672 0.013672
0 0.819336 0.019531 0.029297 0.039062
0 0.702148 0.006836 0.021484 0.013672
0 0.637695 0.019531 0.044922 0.039062
0 0.588867 0.018555 0.033203 0.037109
0 0.548828 0.012695 0.019531 0.025391
0 0.521484 0.005859 0.015625 0.011719
0 0.500000 0.002930 0.011719 0.005859
0 0.466797 0.001953 0.007812 0.003906
0 0.299805 0.022461 0.041016 0.044922
0 0.224609 0.030273 0.031250 0.060547
0 0.176758 0.002930 0.013672 0.005859
0 0.127930 0.002930 0.033203 0.005859
0 0.018555 0.018555 0.037109 0.037109
