0 0.014648 0.996094 0.029297 0.007812
0 0.285156 0.989258 0.015625 0.013672
0 0.777344 0.989258 0.050781 0.021484
0 0.880859 0.980469 0.066406 0.039062
0 0.385742 0.979492 0.064453 0.037109
0 0.299805 0.970703 0.064453 0.031250
0 0.604492 0.976562 0.048828 0.046875
0 0.538086 0.957031 0.025391 0.035156
0 0.735352 0.957031 0.048828 0.039062
0 0.816406 0.961914 0.054688 0.064453
0 0.118164 0.949219 0.033203 0.046875
0 0.385742 0.935547 0.044922 0.039062
0 0.347656 0.923828 0.019531 0.023438
0 0.941406 0.911133 0.031250 0.013672
0 0.455078 0.919922 0.062500 0.054688
0 0.919922 0.893555 0.019531 0.013672
0 0.276367 0.900391 0.029297 0.027344
0 0.518555 0.887695 0.052734 0.033203
0 0.207031 0.881836 0.023438 0.021484
0 0.714844 0.873047 0.066406 0.031250
0 0.530273 0.869141 0.080078 0.046875
0 0.445312 0.857422 0.035156 0.046875
0 0.949219 0.858398 0.050781 0.056641
0 0.047852 0.847656 0.033203 0.054688
0 0.350586 0.850586 0.091797 0.068359
0 0.868164 0.824219 0.048828 0.054688
0 0.753906 0.819336 0.046875 0.064453
0 0.475586 0.799805 0.041016 0.048828
0 0.637695 0.780273 0.095703 0.021484
0 0.543945 0.768555 0.044922 0.033203
0 0.472656 0.755859 0.019531 0.023438
0 0.206055 0.760742 0.021484 0.033203
0 0.657227 0.743164 0.017578 0.033203
0 0.933594 0.757812 0.054688 0.066406
0 0.090820 0.768555 0.091797 0.115234
0 0.314453 0.714844 0.058594 0.031250
0 0.748047 0.707031 0.031250 0.035156
0 0.684570 0.712891 0.021484 0.046875
0 0.787109 0.712891 0.046875 0.050781
0 0.146484 0.702148 0.050781 0.029297
0 0.205078 0.709961 0.062500 0.064453
0 0.541016 0.661133 0.035156 0.048828
0 0.222656 0.652344 0.031250 0.031250
0 0.297852 0.643555 0.017578 0.029297
0 0.256836 0.644531 0.021484 0.042969
0 0.471680 0.645508 0.087891 0.048828
0 0.754883 0.652344 0.087891 0.070312
0 0.214844 0.592773 0.019531 0.021484
0 0.187500 0.587891 0.007812 0.011719
0 0.243164 0.584961 0.017578 0.017578
0 0.785156 0.597656 0.082031 0.050781
0 0.426758 0.585938 0.017578 0.035156
0 0.018555 0.572266 0.037109 0.035156
0 0.729492 0.568359 0.044922 0.046875
0 0.308594 0.561523 0.062500 0.048828
0 0.464844 0.559570 0.046875 0.048828
0 0.381836 0.563477 0.056641 0.064453
0 0.782227 0.536133 0.017578 0.029297
0 0.094727 0.529297 0.056641 0.027344
0 0.811523 0.522461 0.060547 0.048828
0 0.323242 0.504883 0.080078 0.041016
0 0.488281 0.494141 0.062500 0.031250
0 0.557617 0.491211 0.044922 0.056641
0 0.859375 0.448242 0.085938 0.044922
0 0.439453 0.435547 0.027344 0.042969
0 0.105469 0.435547 0.046875 0.070312
0 0.053711 0.438477 0.064453 0.087891
0 0.790039 0.385742 0.021484 0.013672
0 0.702148 0.406250 0.056641 0.054688
0 0.444336 0.387695 0.021484 0.025391
0 0.644531 0.388672 0.042969 0.031250
0 0.754883 0.371094 0.044922 0.023438
0 0.274414 0.368164 0.060547 0.029297
0 0.207031 0.368164 0.039062 0.029297
0 0.294922 0.350586 0.011719 0.021484
0 0.233398 0.343750 0.013672 0.011719
0 0.271484 0.340820 0.019531 0.009766
0 0.987305 0.357422 0.025391 0.054688
0 0.213867 0.333008 0.025391 0.013672
0 0.503906 0.336914 0.089844 0.041016
0 0.316406 0.315430 0.039062 0.017578
0 0.107422 0.331055 0.050781 0.056641
0 0.153320 0.326172 0.080078 0.082031
0 0.697266 0.290039 0.058594 0.033203
0 0.257812 0.298828 0.066406 0.054688
0 0.895508 0.284180 0.072266 0.033203
0 0.912109 0.270508 0.066406 0.041016
0 0.044922 0.250977 0.011719 0.009766
0 0.735352 0.253906 0.080078 0.031250
0 0.013672 0.256836 0.027344 0.041016
0 0.428711 0.256836 0.033203 0.044922
0 0.538086 0.253906 0.041016 0.050781
0 0.293945 0.237305 0.033203 0.017578
0 0.206055 0.245117 0.064453 0.052734
0 0.686523 0.225586 0.033203 0.025391
0 0.720703 0.219727 0.023438 0.017578
0 0.286133 0.218750 0.044922 0.027344
0 0.930664 0.221680 0.111328 0.044922
0 0.508789 0.215820 0.072266 0.060547
0 0.074219 0.210938 0.066406 0.054688
0 0.568359 0.185547 0.027344 0.027344
0 0.012695 0.182617 0.025391 0.029297
0 0.874023 0.184570 0.048828 0.041016
0 0.410156 0.201172 0.054688 0.074219
0 0.619141 0.158203 0.062500 0.019531
0 0.426758 0.147461 0.029297 0.013672
0 0.687500 0.154297 0.035156 0.035156
0 0.220703 0.151367 0.101562 0.044922
0 0.116211 0.138672 0.009766 0.019531
0 0.329102 0.151367 0.123047 0.064453
0 0.467773 0.113281 0.064453 0.023438
0 0.586914 0.104492 0.029297 0.021484
0 0.713867 0.100586 0.041016 0.021484
0 0.473633 0.087891 0.009766 0.011719
0 0.795898 0.090820 0.052734 0.029297
0 0.451172 0.075195 0.027344 0.013672
0 0.515625 0.080078 0.042969 0.035156
0 0.418945 0.073242 0.029297 0.021484
0 0.212891 0.083008 0.062500 0.041016
0 0.721680 0.061523 0.041016 0.025391
0 0.442383 0.048828 0.025391 0.011719
0 0.652344 0.053711 0.054688 0.037109
0 0.327148 0.046875 0.052734 0.039062
0 0.286133 0.039062 0.025391 0.023438
0 0.993164 0.036133 0.013672 0.021484
0 0.770508 0.028320 0.037109 0.025391
0 0.528320 0.035156 0.154297 0.039062
0 0.411133 0.029297 0.044922 0.027344
0 0.810547 0.014648 0.023438 0.013672
0 0.964844 0.005859 0.019531 0.011719
0 0.658203 0.013672 0.125000 0.027344
0 0.363281 0.008789 0.054688 0.017578
0 0.291992 0.009766 0.048828 0.019531
