0 0.806641 0.995117 0.031250 0.009766
0 0.862305 0.994141 0.037109 0.011719
0 0.505859 0.993164 0.015625 0.013672
0 0.538086 0.990234 0.041016 0.019531
0 0.118164 0.981445 0.029297 0.037109
0 0.586914 0.980469 0.044922 0.039062
0 0.260742 0.974609 0.041016 0.050781
0 0.748047 0.973633 0.117188 0.052734
0 0.982422 0.971680 0.035156 0.052734
0 0.215820 0.966797 0.033203 0.050781
0 0.183594 0.960938 0.019531 0.046875
0 0.925781 0.961914 0.066406 0.052734
0 0.326172 0.966797 0.066406 0.066406
0 0.918945 0.938477 0.017578 0.017578
0 0.607422 0.952148 0.078125 0.044922
0 0.738281 0.949219 0.066406 0.042969
0 0.977539 0.945312 0.044922 0.050781
0 0.117188 0.939453 0.035156 0.042969
0 0.461914 0.921875 0.041016 0.019531
0 0.683594 0.923828 0.062500 0.035156
0 0.497070 0.908203 0.021484 0.019531
0 0.353516 0.908203 0.031250 0.023438
0 0.614258 0.910156 0.060547 0.031250
0 0.415039 0.937500 0.080078 0.085938
0 0.845703 0.911133 0.054688 0.068359
0 0.326172 0.891602 0.023438 0.029297
0 0.404297 0.885742 0.042969 0.025391
0 0.144531 0.902344 0.027344 0.066406
0 0.500000 0.885742 0.046875 0.041016
0 0.260742 0.880859 0.083984 0.058594
0 0.638672 0.856445 0.027344 0.025391
0 0.771484 0.883789 0.101562 0.087891
0 0.455078 0.856445 0.042969 0.033203
0 0.106445 0.854492 0.029297 0.033203
0 0.366211 0.850586 0.068359 0.048828
0 0.980469 0.827148 0.039062 0.037109
0 0.927734 0.845703 0.066406 0.074219
0 0.866211 0.836914 0.056641 0.060547
0 0.167969 0.820312 0.023438 0.027344
0 0.286133 0.821289 0.044922 0.033203
0 0.233398 0.815430 0.056641 0.041016
0 0.513672 0.805664 0.046875 0.025391
0 0.767578 0.824219 0.062500 0.066406
0 0.705078 0.808594 0.031250 0.035156
0 0.726562 0.807617 0.035156 0.052734
0 0.376953 0.803711 0.062500 0.044922
0 0.446289 0.789062 0.041016 0.027344
0 0.672852 0.781250 0.041016 0.027344
0 0.976562 0.786133 0.046875 0.056641
0 0.167969 0.781250 0.027344 0.046875
0 0.383789 0.762695 0.044922 0.029297
0 0.255859 0.752930 0.046875 0.033203
0 0.698242 0.739258 0.041016 0.029297
0 0.495117 0.761719 0.107422 0.078125
0 0.202148 0.759766 0.044922 0.078125
0 0.916992 0.752930 0.037109 0.068359
0 0.761719 0.740234 0.042969 0.046875
0 0.851562 0.745117 0.109375 0.060547
0 0.098633 0.760742 0.029297 0.103516
0 0.682617 0.713867 0.060547 0.033203
0 0.546875 0.708984 0.042969 0.023438
0 0.096680 0.700195 0.013672 0.017578
0 0.155273 0.693359 0.009766 0.019531
0 0.432617 0.700195 0.056641 0.060547
0 0.364258 0.688477 0.029297 0.041016
0 0.832031 0.695312 0.074219 0.062500
0 0.610352 0.685547 0.033203 0.046875
0 0.201172 0.684570 0.042969 0.044922
0 0.733398 0.674805 0.076172 0.029297
0 0.541016 0.672852 0.050781 0.029297
0 0.326172 0.683594 0.089844 0.089844
0 0.269531 0.658203 0.035156 0.039062
0 0.139648 0.656250 0.033203 0.042969
0 0.971680 0.658203 0.056641 0.050781
0 0.552734 0.640625 0.046875 0.019531
0 0.805664 0.643555 0.052734 0.041016
0 0.095703 0.647461 0.031250 0.052734
0 0.303711 0.625000 0.021484 0.019531
0 0.341797 0.630859 0.035156 0.035156
0 0.888672 0.627930 0.082031 0.048828
0 0.867188 0.606445 0.019531 0.017578
0 0.732422 0.625000 0.046875 0.054688
0 0.407227 0.601562 0.025391 0.023438
0 0.977539 0.610352 0.044922 0.048828
0 0.777344 0.611328 0.039062 0.054688
0 0.003906 0.590820 0.007812 0.025391
0 0.216797 0.600586 0.054688 0.052734
0 0.089844 0.585938 0.039062 0.035156
0 0.836914 0.589844 0.052734 0.046875
0 0.994141 0.566406 0.011719 0.019531
0 0.057617 0.578125 0.021484 0.042969
0 0.668945 0.589844 0.107422 0.074219
0 0.126953 0.572266 0.062500 0.042969
0 0.501953 0.568359 0.042969 0.042969
0 0.382812 0.559570 0.027344 0.025391
0 0.286133 0.575195 0.087891 0.064453
0 0.896484 0.544922 0.019531 0.011719
0 0.159180 0.545898 0.037109 0.029297
0 0.103516 0.537109 0.027344 0.019531
0 0.521484 0.532227 0.027344 0.021484
0 0.875977 0.528320 0.029297 0.029297
0 0.653320 0.530273 0.041016 0.037109
0 0.156250 0.522461 0.062500 0.029297
0 0.801758 0.545898 0.083984 0.083984
0 0.475586 0.537109 0.068359 0.066406
0 0.950195 0.515625 0.033203 0.031250
0 0.552734 0.515625 0.035156 0.031250
0 0.744141 0.514648 0.039062 0.044922
0 0.086914 0.500000 0.017578 0.023438
0 0.236328 0.490234 0.046875 0.023438
0 0.135742 0.490234 0.103516 0.023438
0 0.355469 0.489258 0.039062 0.041016
0 0.788086 0.477539 0.029297 0.033203
0 0.699219 0.480469 0.042969 0.039062
0 0.747070 0.466797 0.017578 0.015625
0 0.494141 0.475586 0.035156 0.041016
0 0.886719 0.478516 0.101562 0.050781
0 0.670898 0.469727 0.025391 0.033203
0 0.840820 0.465820 0.037109 0.029297
0 0.206055 0.453125 0.083984 0.019531
0 0.982422 0.459961 0.035156 0.037109
0 0.098633 0.462891 0.072266 0.046875
0 0.500000 0.439453 0.015625 0.023438
0 0.622070 0.454102 0.060547 0.068359
0 0.464844 0.442383 0.039062 0.048828
0 0.136719 0.420898 0.023438 0.013672
0 0.341797 0.435547 0.039062 0.046875
0 0.397461 0.423828 0.033203 0.035156
0 0.688477 0.419922 0.037109 0.035156
0 0.509766 0.410156 0.015625 0.023438
0 0.452148 0.415039 0.029297 0.037109
0 0.237305 0.411133 0.083984 0.037109
0 0.081055 0.406250 0.033203 0.027344
0 0.760742 0.417969 0.060547 0.054688
0 0.512695 0.387695 0.021484 0.013672
0 0.124023 0.393555 0.037109 0.029297
0 0.425781 0.417969 0.023438 0.085938
0 0.178711 0.385742 0.056641 0.029297
0 0.647461 0.392578 0.017578 0.046875
0 0.223633 0.375000 0.025391 0.019531
0 0.933594 0.378906 0.046875 0.031250
0 0.740234 0.376953 0.035156 0.035156
0 0.856445 0.389648 0.080078 0.072266
0 0.806641 0.371094 0.046875 0.035156
0 0.717773 0.366211 0.029297 0.033203
0 0.340820 0.368164 0.068359 0.037109
0 0.614258 0.348633 0.017578 0.025391
0 0.391602 0.346680 0.033203 0.044922
0 0.144531 0.344727 0.042969 0.041016
0 0.813477 0.333008 0.060547 0.029297
0 0.199219 0.333008 0.054688 0.029297
0 0.958008 0.328125 0.029297 0.023438
0 0.262695 0.334961 0.060547 0.048828
0 0.061523 0.334961 0.056641 0.052734
0 0.990234 0.324219 0.019531 0.035156
0 0.866211 0.312500 0.017578 0.019531
0 0.549805 0.310547 0.021484 0.019531
0 0.700195 0.309570 0.037109 0.029297
0 0.441406 0.301758 0.023438 0.025391
0 0.325195 0.303711 0.044922 0.029297
0 0.136719 0.303711 0.058594 0.033203
0 0.893555 0.292969 0.025391 0.015625
0 0.928711 0.299805 0.029297 0.041016
0 0.725586 0.293945 0.013672 0.029297
0 0.502930 0.307617 0.041016 0.056641
0 0.618164 0.294922 0.052734 0.042969
0 0.705078 0.273438 0.015625 0.019531
0 0.167969 0.271484 0.039062 0.019531
0 0.975586 0.284180 0.048828 0.048828
0 0.828125 0.277344 0.046875 0.042969
0 0.316406 0.268555 0.050781 0.033203
0 0.934570 0.265625 0.044922 0.039062
0 0.405273 0.268555 0.064453 0.052734
0 0.541016 0.262695 0.042969 0.048828
0 0.493164 0.249023 0.029297 0.029297
0 0.227539 0.241211 0.017578 0.013672
0 0.738281 0.246094 0.039062 0.027344
0 0.248047 0.238281 0.019531 0.011719
0 0.046875 0.279297 0.070312 0.105469
0 0.746094 0.230469 0.011719 0.011719
0 0.629883 0.244141 0.044922 0.042969
0 0.595703 0.237305 0.027344 0.033203
0 0.992188 0.233398 0.015625 0.037109
0 0.775391 0.217773 0.023438 0.021484
0 0.440430 0.217773 0.017578 0.029297
0 0.917969 0.218750 0.042969 0.054688
0 0.393555 0.204102 0.033203 0.037109
0 0.080078 0.204102 0.046875 0.037109
0 0.701172 0.195312 0.046875 0.035156
0 0.830078 0.201172 0.042969 0.050781
0 0.320312 0.206055 0.042969 0.060547
0 0.625000 0.196289 0.035156 0.044922
0 0.566406 0.196289 0.042969 0.048828
0 0.416992 0.180664 0.025391 0.025391
0 0.152344 0.166992 0.066406 0.013672
0 0.804688 0.172852 0.042969 0.033203
0 0.339844 0.169922 0.058594 0.039062
0 0.116211 0.175781 0.060547 0.058594
0 0.642578 0.158203 0.027344 0.039062
0 0.870117 0.153320 0.037109 0.033203
0 0.962891 0.156250 0.074219 0.042969
0 0.011719 0.137695 0.023438 0.013672
0 0.728516 0.156250 0.050781 0.058594
0 0.384766 0.142578 0.054688 0.035156
0 0.605469 0.150391 0.031250 0.054688
0 0.568359 0.122070 0.039062 0.033203
0 0.534180 0.117188 0.033203 0.027344
0 0.720703 0.110352 0.031250 0.017578
0 0.662109 0.108398 0.019531 0.013672
0 0.257812 0.125000 0.113281 0.046875
0 0.004883 0.110352 0.009766 0.017578
0 0.403320 0.112305 0.052734 0.033203
0 0.817383 0.101562 0.029297 0.019531
0 0.055664 0.107422 0.048828 0.031250
0 0.128906 0.101562 0.078125 0.031250
0 0.296875 0.093750 0.058594 0.023438
0 0.975586 0.088867 0.017578 0.017578
0 0.928711 0.079102 0.009766 0.013672
0 0.879883 0.089844 0.037109 0.042969
0 0.723633 0.072266 0.044922 0.027344
0 0.262695 0.063477 0.017578 0.009766
0 0.658203 0.066406 0.031250 0.019531
0 0.353516 0.072266 0.070312 0.054688
0 0.824219 0.061523 0.054688 0.037109
0 0.125000 0.052734 0.078125 0.031250
0 0.049805 0.053711 0.048828 0.037109
0 0.416016 0.047852 0.054688 0.029297
0 0.529297 0.044922 0.046875 0.039062
0 0.481445 0.058594 0.044922 0.066406
0 0.220703 0.045898 0.054688 0.041016
0 0.678711 0.031250 0.037109 0.027344
0 0.987305 0.045898 0.025391 0.064453
0 0.858398 0.013672 0.103516 0.027344
0 0.641602 0.004883 0.017578 0.009766
0 0.622070 0.020508 0.033203 0.041016
0 0.425781 0.008789 0.039062 0.017578
0 0.320312 0.011719 0.042969 0.023438
0 0.227539 0.012695 0.037109 0.025391
0 0.151367 0.014648 0.037109 0.029297
0 0.055664 0.013672 0.068359 0.027344
0 0.012695 0.014648 0.025391 0.029297
