0 0.044922 0.990234 0.050781 0.019531
0 0.660156 0.976562 0.042969 0.023438
0 0.148438 0.934570 0.031250 0.041016
0 0.694336 0.930664 0.048828 0.037109
0 0.549805 0.924805 0.025391 0.029297
0 0.482422 0.944336 0.062500 0.087891
0 0.802734 0.918945 0.058594 0.048828
0 0.321289 0.943359 0.107422 0.097656
0 0.182617 0.898438 0.017578 0.023438
0 0.573242 0.894531 0.056641 0.042969
0 0.163086 0.874023 0.021484 0.017578
0 0.306641 0.873047 0.042969 0.042969
0 0.814453 0.864258 0.054688 0.041016
0 0.454102 0.851562 0.033203 0.023438
0 0.578125 0.849609 0.066406 0.039062
0 0.729492 0.853516 0.060547 0.054688
0 0.658203 0.845703 0.042969 0.046875
0 0.881836 0.859375 0.080078 0.082031
0 0.380859 0.814453 0.007812 0.027344
0 0.223633 0.815430 0.037109 0.041016
0 0.440430 0.807617 0.044922 0.037109
0 0.833984 0.787109 0.035156 0.027344
0 0.365234 0.783203 0.062500 0.042969
0 0.667969 0.784180 0.042969 0.052734
0 0.452148 0.767578 0.060547 0.035156
0 0.974609 0.752930 0.023438 0.017578
0 0.786133 0.759766 0.056641 0.050781
0 0.168945 0.768555 0.068359 0.072266
0 0.956055 0.723633 0.052734 0.029297
0 0.714844 0.724609 0.070312 0.035156
0 0.285156 0.714844 0.074219 0.058594
0 0.968750 0.695312 0.035156 0.023438
0 0.462891 0.710938 0.066406 0.054688
0 0.595703 0.712891 0.078125 0.070312
0 0.043945 0.687500 0.025391 0.027344
0 0.406250 0.665039 0.031250 0.029297
0 0.653320 0.667969 0.033203 0.039062
0 0.321289 0.653320 0.041016 0.029297
0 0.358398 0.643555 0.033203 0.017578
0 0.995117 0.646484 0.009766 0.027344
0 0.171875 0.645508 0.054688 0.048828
0 0.930664 0.623047 0.009766 0.023438
0 0.822266 0.633789 0.062500 0.060547
0 0.547852 0.639648 0.076172 0.087891
0 0.481445 0.628906 0.064453 0.082031
0 0.050781 0.602539 0.070312 0.029297
0 0.117188 0.614258 0.042969 0.056641
0 0.964844 0.614258 0.050781 0.064453
0 0.868164 0.586914 0.013672 0.013672
0 0.393555 0.580078 0.013672 0.011719
0 0.302734 0.597656 0.074219 0.050781
0 0.907227 0.565430 0.033203 0.044922
0 0.409180 0.555664 0.029297 0.025391
0 0.834961 0.553711 0.056641 0.048828
0 0.319336 0.556641 0.060547 0.054688
0 0.372070 0.555664 0.041016 0.068359
0 0.553711 0.523438 0.033203 0.046875
0 0.114258 0.533203 0.044922 0.078125
0 0.247070 0.528320 0.068359 0.091797
0 0.599609 0.468750 0.011719 0.015625
0 0.120117 0.471680 0.037109 0.029297
0 0.005859 0.459961 0.011719 0.029297
0 0.729492 0.471680 0.060547 0.056641
0 0.717773 0.434570 0.017578 0.009766
0 0.977539 0.444336 0.044922 0.052734
0 0.385742 0.423828 0.064453 0.066406
0 0.156250 0.404297 0.039062 0.039062
0 0.792969 0.376953 0.039062 0.039062
0 0.982422 0.357422 0.035156 0.054688
0 0.519531 0.372070 0.093750 0.087891
0 0.714844 0.324219 0.007812 0.011719
0 0.102539 0.338867 0.064453 0.048828
0 0.445312 0.313477 0.039062 0.021484
0 0.072266 0.310547 0.007812 0.019531
0 0.930664 0.316406 0.091797 0.054688
0 0.709961 0.272461 0.017578 0.025391
0 0.291016 0.257812 0.035156 0.031250
0 0.092773 0.258789 0.064453 0.044922
0 0.896484 0.264648 0.046875 0.064453
0 0.688477 0.233398 0.044922 0.056641
0 0.296875 0.215820 0.031250 0.033203
0 0.464844 0.188477 0.027344 0.021484
0 0.873047 0.161133 0.035156 0.025391
0 0.465820 0.154297 0.033203 0.011719
0 0.411133 0.169922 0.064453 0.058594
0 0.129883 0.130859 0.044922 0.039062
0 0.002930 0.125977 0.005859 0.029297
0 0.481445 0.122070 0.033203 0.025391
0 0.542969 0.116211 0.066406 0.060547
0 0.957031 0.079102 0.042969 0.017578
0 0.583008 0.081055 0.029297 0.021484
0 0.704102 0.068359 0.037109 0.035156
0 0.745117 0.056641 0.037109 0.039062
0 0.307617 0.059570 0.041016 0.052734
0 0.891602 0.055664 0.041016 0.048828
0 0.783203 0.059570 0.058594 0.060547
0 0.251953 0.063477 0.042969 0.072266
0 0.698242 0.038086 0.052734 0.025391
0 0.865234 0.025391 0.058594 0.031250
0 0.962891 0.005859 0.031250 0.011719
0 0.514648 0.007812 0.041016 0.015625
0 0.439453 0.006836 0.054688 0.013672
0 0.292969 0.006836 0.054688 0.013672
0 0.234375 0.006836 0.054688 0.013672
