0 0.150391 0.995117 0.011719 0.009766
0 0.092773 0.958008 0.033203 0.013672
0 0.515625 0.957031 0.050781 0.035156
0 0.815430 0.963867 0.044922 0.052734
0 0.539062 0.935547 0.054688 0.031250
0 0.181641 0.927734 0.011719 0.015625
0 0.279297 0.943359 0.031250 0.050781
0 0.072266 0.921875 0.042969 0.058594
0 0.030273 0.906250 0.029297 0.031250
0 0.003906 0.895508 0.007812 0.009766
0 0.155273 0.925781 0.072266 0.078125
0 0.123047 0.906250 0.042969 0.042969
0 0.986328 0.896484 0.027344 0.050781
0 0.129883 0.871094 0.056641 0.027344
0 0.441406 0.867188 0.027344 0.031250
0 0.608398 0.845703 0.025391 0.050781
0 0.909180 0.846680 0.037109 0.064453
0 0.978516 0.833008 0.042969 0.060547
0 0.330078 0.824219 0.039062 0.046875
0 0.618164 0.808594 0.025391 0.023438
0 0.373047 0.827148 0.035156 0.060547
0 0.062500 0.820312 0.046875 0.058594
0 0.250000 0.797852 0.035156 0.048828
0 0.807617 0.778320 0.025391 0.017578
0 0.530273 0.789062 0.068359 0.050781
0 0.453125 0.759766 0.054688 0.023438
0 0.002930 0.755859 0.005859 0.023438
0 0.044922 0.749023 0.011719 0.013672
0 0.143555 0.751953 0.044922 0.050781
0 0.216797 0.744141 0.062500 0.046875
0 0.291992 0.730469 0.037109 0.042969
0 0.517578 0.708984 0.019531 0.015625
0 0.623047 0.713867 0.035156 0.041016
0 0.079102 0.702148 0.025391 0.021484
0 0.195312 0.702148 0.058594 0.029297
0 0.320312 0.695312 0.031250 0.027344
0 0.943359 0.684570 0.015625 0.009766
0 0.516602 0.678711 0.021484 0.021484
0 0.125977 0.689453 0.044922 0.050781
0 0.033203 0.674805 0.031250 0.033203
0 0.182617 0.672852 0.048828 0.033203
0 0.128906 0.612305 0.050781 0.060547
0 0.364258 0.594727 0.052734 0.056641
0 0.004883 0.568359 0.009766 0.027344
0 0.666016 0.561523 0.062500 0.041016
0 0.335938 0.546875 0.054688 0.046875
0 0.528320 0.545898 0.060547 0.052734
0 0.155273 0.547852 0.052734 0.056641
0 0.656250 0.524414 0.035156 0.017578
0 0.587891 0.532227 0.035156 0.044922
0 0.297852 0.521484 0.044922 0.031250
0 0.687500 0.508789 0.011719 0.017578
0 0.019531 0.518555 0.039062 0.056641
0 0.772461 0.500977 0.044922 0.048828
0 0.309570 0.461914 0.041016 0.017578
0 0.480469 0.451172 0.027344 0.023438
0 0.986328 0.454102 0.027344 0.041016
0 0.944336 0.429688 0.037109 0.023438
0 0.350586 0.431641 0.052734 0.046875
0 0.627930 0.425781 0.052734 0.039062
0 0.784180 0.424805 0.080078 0.041016
0 0.201172 0.415039 0.062500 0.037109
0 0.707031 0.405273 0.054688 0.044922
0 0.100586 0.387695 0.021484 0.021484
0 0.381836 0.385742 0.064453 0.064453
0 0.011719 0.363281 0.023438 0.023438
0 0.941406 0.369141 0.046875 0.054688
0 0.831055 0.358398 0.068359 0.068359
0 0.749023 0.343750 0.041016 0.039062
0 0.472656 0.330078 0.050781 0.039062
0 0.622070 0.332031 0.052734 0.050781
0 0.916016 0.312500 0.066406 0.035156
0 0.128906 0.301758 0.035156 0.044922
0 0.012695 0.307617 0.025391 0.083984
0 0.384766 0.278320 0.039062 0.033203
0 0.879883 0.285156 0.083984 0.050781
0 0.734375 0.258789 0.054688 0.041016
0 0.433594 0.245117 0.015625 0.013672
0 0.814453 0.247070 0.039062 0.025391
0 0.003906 0.243164 0.007812 0.021484
0 0.571289 0.237305 0.041016 0.033203
0 0.870117 0.237305 0.041016 0.044922
0 0.145508 0.225586 0.033203 0.033203
0 0.184570 0.215820 0.021484 0.029297
0 0.340820 0.213867 0.068359 0.044922
0 0.740234 0.208008 0.062500 0.060547
0 0.543945 0.204102 0.064453 0.056641
0 0.843750 0.190430 0.035156 0.041016
0 0.646484 0.202148 0.050781 0.064453
0 0.042969 0.180664 0.027344 0.025391
0 0.790039 0.190430 0.060547 0.060547
0 0.123047 0.166016 0.085938 0.058594
0 0.290039 0.156250 0.060547 0.062500
0 0.351562 0.145508 0.035156 0.052734
0 0.764648 0.122070 0.072266 0.056641
0 0.508789 0.108398 0.080078 0.087891
0 0.106445 0.089844 0.048828 0.050781
0 0.735352 0.066406 0.044922 0.050781
0 0.241211 0.056641 0.056641 0.046875
0 0.580078 0.056641 0.054688 0.050781
0 0.710938 0.039062 0.035156 0.023438
0 0.750000 0.031250 0.015625 0.011719
0 0.055664 0.053711 0.048828 0.056641
0 0.483398 0.033203 0.052734 0.046875
0 0.158203 0.033203 0.042969 0.066406
0 0.015625 0.019531 0.031250 0.039062
