0 0.833984 0.993164 0.027344 0.013672
0 0.390625 0.984375 0.019531 0.019531
0 0.291992 0.977539 0.060547 0.044922
0 0.812500 0.957031 0.023438 0.042969
0 0.322266 0.965820 0.074219 0.068359
0 0.391602 0.938477 0.025391 0.037109
0 0.054688 0.927734 0.023438 0.023438
0 0.865234 0.949219 0.039062 0.074219
0 0.774414 0.939453 0.044922 0.058594
0 0.662109 0.937500 0.039062 0.062500
0 0.466797 0.919922 0.027344 0.039062
0 0.427734 0.914062 0.019531 0.031250
0 0.199219 0.912109 0.027344 0.035156
0 0.371094 0.899414 0.031250 0.025391
0 0.983398 0.914062 0.033203 0.058594
0 0.800781 0.899414 0.027344 0.029297
0 0.555664 0.878906 0.013672 0.011719
0 0.372070 0.870117 0.037109 0.017578
0 0.463867 0.868164 0.056641 0.033203
0 0.743164 0.870117 0.044922 0.041016
0 0.889648 0.857422 0.025391 0.035156
0 0.331055 0.843750 0.009766 0.015625
0 0.606445 0.871094 0.068359 0.082031
0 0.246094 0.857422 0.046875 0.062500
0 0.819336 0.852539 0.072266 0.060547
0 0.400391 0.837891 0.046875 0.031250
0 0.791992 0.833008 0.017578 0.025391
0 0.688477 0.858398 0.017578 0.091797
0 0.188477 0.844727 0.076172 0.064453
0 0.483398 0.821289 0.033203 0.025391
0 0.824219 0.818359 0.007812 0.031250
0 0.592773 0.807617 0.033203 0.033203
0 0.299805 0.805664 0.025391 0.033203
0 0.679688 0.793945 0.019531 0.021484
0 0.514648 0.797852 0.033203 0.037109
0 0.378906 0.791992 0.042969 0.025391
0 0.725586 0.792969 0.021484 0.054688
0 0.250000 0.784180 0.054688 0.041016
0 0.982422 0.790039 0.035156 0.056641
0 0.476562 0.780273 0.031250 0.037109
0 0.054688 0.769531 0.023438 0.023438
0 0.015625 0.777344 0.031250 0.042969
0 0.807617 0.766602 0.037109 0.029297
0 0.793945 0.745117 0.013672 0.009766
0 0.907227 0.750977 0.021484 0.025391
0 0.271484 0.758789 0.035156 0.044922
0 0.525391 0.749023 0.023438 0.029297
0 0.356445 0.747070 0.052734 0.044922
0 0.719727 0.739258 0.029297 0.044922
0 0.650391 0.745117 0.031250 0.064453
0 0.240234 0.709961 0.015625 0.009766
0 0.309570 0.715820 0.033203 0.025391
0 0.057617 0.722656 0.025391 0.039062
0 0.497070 0.707031 0.017578 0.015625
0 0.207031 0.701172 0.046875 0.027344
0 0.484375 0.689453 0.019531 0.023438
0 0.686523 0.714844 0.013672 0.082031
0 0.094727 0.683594 0.021484 0.031250
0 0.345703 0.671875 0.058594 0.046875
0 0.138672 0.670898 0.066406 0.048828
0 0.879883 0.655273 0.009766 0.025391
0 0.987305 0.657227 0.025391 0.033203
0 0.063477 0.648438 0.056641 0.027344
0 0.481445 0.642578 0.029297 0.027344
0 0.312500 0.639648 0.019531 0.025391
0 0.260742 0.627930 0.013672 0.013672
0 0.620117 0.637695 0.017578 0.041016
0 0.125000 0.621094 0.007812 0.007812
0 0.240234 0.597656 0.011719 0.015625
0 0.106445 0.598633 0.037109 0.017578
0 0.833984 0.596680 0.023438 0.029297
0 0.173828 0.605469 0.066406 0.050781
0 0.228516 0.575195 0.011719 0.013672
0 0.974609 0.586914 0.050781 0.048828
0 0.987305 0.556641 0.021484 0.023438
0 0.697266 0.548828 0.042969 0.019531
0 0.593750 0.571289 0.039062 0.076172
0 0.302734 0.548828 0.042969 0.031250
0 0.071289 0.562500 0.095703 0.062500
0 0.958984 0.533203 0.039062 0.031250
0 0.532227 0.548828 0.037109 0.062500
0 0.563477 0.517578 0.029297 0.019531
0 0.736328 0.549805 0.027344 0.103516
0 0.291016 0.508789 0.039062 0.029297
0 0.128906 0.501953 0.039062 0.015625
0 0.038086 0.511719 0.048828 0.035156
0 0.682617 0.504883 0.025391 0.033203
0 0.839844 0.510742 0.039062 0.056641
0 0.208984 0.492188 0.054688 0.031250
0 0.009766 0.491211 0.019531 0.029297
0 0.147461 0.483398 0.060547 0.021484
0 0.895508 0.495117 0.052734 0.052734
0 0.248047 0.474609 0.019531 0.019531
0 0.442383 0.458008 0.013672 0.021484
0 0.050781 0.456055 0.078125 0.029297
0 0.130859 0.449219 0.054688 0.027344
0 0.313477 0.456055 0.021484 0.044922
0 0.280273 0.454102 0.021484 0.041016
0 0.477539 0.446289 0.025391 0.029297
0 0.385742 0.446289 0.044922 0.052734
0 0.683594 0.434570 0.019531 0.037109
0 0.249023 0.438477 0.044922 0.048828
0 0.789062 0.441406 0.035156 0.066406
0 0.315430 0.406250 0.017578 0.015625
0 0.025391 0.423828 0.046875 0.050781
0 0.260742 0.386719 0.044922 0.019531
0 0.209961 0.396484 0.029297 0.039062
0 0.438477 0.392578 0.056641 0.054688
0 0.123047 0.389648 0.039062 0.048828
0 0.900391 0.367188 0.011719 0.019531
0 0.755859 0.374023 0.039062 0.033203
0 0.101562 0.364258 0.011719 0.017578
0 0.699219 0.396484 0.035156 0.097656
0 0.283203 0.369141 0.078125 0.042969
0 0.837891 0.369141 0.054688 0.046875
0 0.783203 0.351562 0.023438 0.015625
0 0.665039 0.369141 0.033203 0.062500
0 0.587891 0.358398 0.031250 0.041016
0 0.855469 0.343750 0.023438 0.019531
0 0.553711 0.379883 0.056641 0.099609
0 0.562500 0.349609 0.015625 0.042969
0 0.150391 0.346680 0.058594 0.044922
0 0.280273 0.327148 0.017578 0.013672
0 0.246094 0.332031 0.019531 0.023438
0 0.744141 0.335938 0.046875 0.035156
0 0.954102 0.351562 0.072266 0.070312
0 0.320312 0.311523 0.019531 0.021484
0 0.482422 0.334961 0.035156 0.076172
0 0.259766 0.306641 0.015625 0.023438
0 0.286133 0.306641 0.021484 0.031250
0 0.678711 0.308594 0.044922 0.039062
0 0.974609 0.308594 0.050781 0.062500
0 0.531250 0.305664 0.035156 0.087891
0 0.363281 0.280273 0.031250 0.037109
0 0.257812 0.279297 0.039062 0.046875
0 0.208984 0.276367 0.046875 0.041016
0 0.267578 0.224609 0.042969 0.027344
0 0.004883 0.205078 0.009766 0.023438
0 0.035156 0.185547 0.019531 0.011719
0 0.413086 0.176758 0.017578 0.009766
0 0.231445 0.181641 0.017578 0.023438
0 0.268555 0.160156 0.017578 0.023438
0 0.415039 0.156250 0.017578 0.019531
0 0.296875 0.157227 0.039062 0.021484
0 0.214844 0.146484 0.011719 0.015625
0 0.058594 0.163086 0.031250 0.048828
0 0.021484 0.153320 0.023438 0.048828
0 0.145508 0.127930 0.013672 0.009766
0 0.659180 0.140625 0.025391 0.042969
0 0.038086 0.110352 0.009766 0.009766
0 0.342773 0.113281 0.021484 0.019531
0 0.247070 0.114258 0.029297 0.025391
0 0.450195 0.103516 0.017578 0.015625
0 0.129883 0.107422 0.021484 0.035156
0 0.214844 0.090820 0.015625 0.013672
0 0.336914 0.083984 0.017578 0.019531
0 0.476562 0.078125 0.023438 0.027344
0 0.251953 0.079102 0.054688 0.029297
0 0.589844 0.056641 0.015625 0.011719
0 0.225586 0.047852 0.009766 0.013672
0 0.545898 0.030273 0.017578 0.025391
0 0.197266 0.021484 0.015625 0.011719
0 0.377930 0.024414 0.013672 0.021484
0 0.599609 0.017578 0.031250 0.035156
0 0.531250 0.007812 0.031250 0.015625
0 0.487305 0.004883 0.037109 0.009766
0 0.137695 0.020508 0.095703 0.041016
