0 0.431641 0.996094 0.011719 0.007812
0 0.387695 0.996094 0.009766 0.007812
0 0.407227 0.995117 0.009766 0.009766
0 0.354492 0.992188 0.017578 0.015625
0 0.931641 0.983398 0.031250 0.033203
0 0.924805 0.952148 0.009766 0.017578
0 0.110352 0.945312 0.037109 0.066406
0 0.351562 0.944336 0.035156 0.072266
0 0.791016 0.916016 0.042969 0.042969
0 0.732422 0.916992 0.046875 0.044922
0 0.665039 0.932617 0.080078 0.099609
0 0.042969 0.937500 0.078125 0.125000
0 0.230469 0.892578 0.042969 0.050781
0 0.637695 0.887695 0.056641 0.056641
0 0.425781 0.907227 0.066406 0.099609
0 0.560547 0.899414 0.078125 0.091797
0 0.228516 0.849609 0.011719 0.015625
0 0.140625 0.879883 0.078125 0.080078
0 0.207031 0.854492 0.027344 0.033203
0 0.777344 0.849609 0.054688 0.050781
0 0.767578 0.795898 0.023438 0.021484
0 0.489258 0.778320 0.087891 0.087891
0 0.147461 0.757812 0.056641 0.058594
0 0.916016 0.719727 0.054688 0.072266
0 0.621094 0.708984 0.082031 0.058594
0 0.536133 0.707031 0.072266 0.066406
0 0.458984 0.680664 0.070312 0.056641
0 0.694336 0.668945 0.052734 0.041016
0 0.927734 0.646484 0.050781 0.046875
0 0.322266 0.620117 0.019531 0.029297
0 0.608398 0.633789 0.021484 0.064453
0 0.659180 0.633789 0.044922 0.080078
0 0.016602 0.629883 0.033203 0.080078
0 0.867188 0.607422 0.050781 0.046875
0 0.144531 0.593750 0.058594 0.023438
0 0.793945 0.590820 0.025391 0.064453
0 0.577148 0.572266 0.041016 0.031250
0 0.278320 0.566406 0.041016 0.070312
0 0.054688 0.549805 0.042969 0.052734
0 0.609375 0.541016 0.019531 0.039062
0 0.114258 0.531250 0.048828 0.027344
0 0.362305 0.515625 0.037109 0.039062
0 0.752930 0.495117 0.013672 0.017578
0 0.044922 0.500000 0.062500 0.050781
0 0.431641 0.507812 0.054688 0.078125
0 0.097656 0.470703 0.050781 0.031250
0 0.782227 0.484375 0.033203 0.062500
0 0.355469 0.466797 0.050781 0.066406
0 0.177734 0.444336 0.035156 0.044922
0 0.080078 0.425781 0.054688 0.042969
0 0.341797 0.416992 0.027344 0.029297
0 0.781250 0.424805 0.031250 0.056641
0 0.901367 0.462891 0.076172 0.136719
0 0.668945 0.416016 0.056641 0.042969
0 0.490234 0.397461 0.031250 0.029297
0 0.036133 0.388672 0.021484 0.019531
0 0.578125 0.423828 0.105469 0.093750
0 0.240234 0.385742 0.027344 0.021484
0 0.379883 0.402344 0.029297 0.062500
0 0.213867 0.376953 0.013672 0.011719
0 0.654297 0.371094 0.050781 0.027344
0 0.456055 0.372070 0.033203 0.029297
0 0.299805 0.379883 0.064453 0.056641
0 0.887695 0.354492 0.017578 0.021484
0 0.016602 0.351562 0.033203 0.023438
0 0.597656 0.365234 0.082031 0.054688
0 0.858398 0.342773 0.033203 0.029297
0 0.318359 0.333984 0.066406 0.039062
0 0.489258 0.321289 0.044922 0.037109
0 0.427734 0.334961 0.058594 0.076172
0 0.851562 0.282227 0.007812 0.013672
0 0.444336 0.250977 0.017578 0.009766
0 0.686523 0.263672 0.056641 0.046875
0 0.458008 0.237305 0.017578 0.009766
0 0.902344 0.250000 0.019531 0.042969
0 0.332031 0.252930 0.089844 0.048828
0 0.396484 0.238281 0.027344 0.035156
0 0.430664 0.215820 0.044922 0.033203
0 0.508789 0.220703 0.056641 0.058594
0 0.172852 0.216797 0.064453 0.062500
0 0.906250 0.197266 0.027344 0.042969
0 0.084961 0.185547 0.033203 0.039062
0 0.250000 0.162109 0.054688 0.042969
0 0.004883 0.155273 0.009766 0.037109
0 0.432617 0.112305 0.033203 0.025391
0 0.139648 0.155273 0.060547 0.123047
0 0.546875 0.079102 0.035156 0.021484
0 0.375977 0.083008 0.072266 0.044922
0 0.360352 0.035156 0.025391 0.035156
0 0.644531 0.002930 0.027344 0.005859
0 0.536133 0.020508 0.048828 0.041016
0 0.142578 0.013672 0.050781 0.027344
