0 0.266773 0.695578 0.038204 0.026014
0 0.335631 0.608434 0.026183 0.032226
0 0.358340 0.603947 0.015026 0.015833
0 0.347502 0.585742 0.015890 0.010742
0 0.676240 0.142839 0.028437 0.033046
0 0.729320 0.146549 0.030841 0.016307
0 0.673535 0.206191 0.019497 0.022476
0 0.726916 0.126704 0.015515 0.019241
0 0.224117 0.441372 0.050639 0.032442
0 0.383847 0.389409 0.017431 0.019974
0 0.548385 0.226294 0.018107 0.014280
0 0.222633 0.428322 0.010781 0.014625
0 0.252817 0.420686 0.017130 0.011260
0 0.165646 0.542860 0.008678 0.012036
0 0.124361 0.557614 0.005222 0.015746
0 0.105748 0.593874 0.018182 0.010613
0 0.298685 0.602847 0.029452 0.035289
0 0.351578 0.559275 0.022915 0.019154
0 0.393426 0.498231 0.025770 0.017084
0 0.488373 0.345578 0.062246 0.044478
0 0.515101 0.270815 0.030954 0.060009
0 0.581649 0.192450 0.072389 0.061001
0 0.691341 0.175280 0.066304 0.045902
0 0.909880 0.306234 0.023291 0.053969
0 0.902122 0.183822 0.030992 0.064538
0 0.807588 0.122929 0.021638 0.037144
0 0.161890 0.853645 0.030015 0.069068