0 0.372498 0.803506 0.056474 0.020443
0 0.789417 0.125572 0.054040 0.017934
0 0.642172 0.161125 0.019054 0.011624
0 0.515657 0.274041 0.036731 0.017601
0 0.469582 0.306218 0.034389 0.022989
0 0.451814 0.289483 0.043756 0.016753
0 0.490886 0.312159 0.065152 0.026679
0 0.496832 0.256808 0.029385 0.010812
0 0.548049 0.235590 0.017952 0.013173
0 0.441873 0.322214 0.011662 0.008635
0 0.675872 0.153856 0.016850 0.011919
0 0.730165 0.136292 0.065748 0.031328
0 0.759734 0.099852 0.016162 0.009446
0 0.818274 0.082251 0.083930 0.039631
0 0.328811 0.780443 0.036961 0.031882
0 0.367700 0.792491 0.036961 0.012804