0 0.216602 0.529273 0.029072 0.038457
0 0.766173 0.854023 0.023071 0.026027
0 0.798266 0.860294 0.033398 0.030577
0 0.834451 0.459906 0.053546 0.059212
0 0.784100 0.648557 0.021122 0.045505
0 0.545012 0.726221 0.011068 0.034462
0 0.604521 0.623668 0.029150 0.022919
0 0.808496 0.688679 0.017147 0.019423
0 0.808924 0.583657 0.012237 0.015927
0 0.796882 0.534101 0.008574 0.011376
0 0.803644 0.564401 0.008769 0.011931
0 0.836419 0.568868 0.017966 0.010766
0 0.791855 0.543979 0.010756 0.005938
0 0.570830 0.741509 0.029501 0.022863
0 0.638270 0.558296 0.027747 0.016371
0 0.640316 0.515733 0.013133 0.024584
0 0.672915 0.472253 0.009977 0.018868
0 0.662217 0.537320 0.018433 0.013707
0 0.616797 0.653968 0.011224 0.040233
0 0.687198 0.458463 0.013835 0.017592
0 0.627572 0.610821 0.012899 0.017980
0 0.596746 0.712597 0.007054 0.019534
0 0.605729 0.711487 0.008807 0.025638
0 0.196843 0.489234 0.029618 0.038291
0 0.183223 0.388901 0.017888 0.018646
0 0.175351 0.430189 0.013367 0.019534
0 0.212471 0.597780 0.016758 0.026637
0 0.405203 0.517814 0.018355 0.026859
0 0.414478 0.435377 0.021707 0.013374