0 0.601536 0.885752 0.028385 0.022564
0 0.540813 0.889195 0.010922 0.005791
0 0.548123 0.895374 0.007281 0.010311
0 0.505788 0.859322 0.024943 0.017444
0 0.524189 0.867673 0.006058 0.011617
0 0.514576 0.872157 0.012258 0.009710
0 0.391112 0.872564 0.014761 0.009675
0 0.366283 0.858792 0.011860 0.010028
0 0.359457 0.862747 0.009016 0.010240
0 0.382338 0.855579 0.007338 0.005650
0 0.389121 0.851554 0.011746 0.009393
0 0.338254 0.858810 0.008532 0.008298
0 0.308148 0.867920 0.009471 0.016984
0 0.288993 0.885470 0.015529 0.023694
0 0.242051 0.887288 0.018117 0.013206
0 0.236334 0.904502 0.018970 0.011688
0 0.239676 0.896981 0.005518 0.004908
0 0.245677 0.891578 0.006826 0.005897
0 0.206456 0.919121 0.008476 0.018468
0 0.217804 0.898694 0.011377 0.009816
0 0.218302 0.889619 0.008902 0.005932
0 0.167947 0.894862 0.009841 0.009499
0 0.405219 0.690378 0.047241 0.045021
0 0.294681 0.692832 0.017292 0.022458
0 0.320065 0.691190 0.039278 0.034852
0 0.359073 0.680085 0.028157 0.028037
0 0.482366 0.703231 0.022014 0.015713
0 0.490074 0.719809 0.009443 0.010099
0 0.510836 0.717832 0.014619 0.013771
0 0.514349 0.707345 0.024943 0.011864
0 0.523450 0.736600 0.016980 0.012041
0 0.512301 0.732645 0.010210 0.005685
0 0.500981 0.702225 0.019881 0.006709
0 0.434954 0.714530 0.005176 0.013171
0 0.460779 0.705155 0.012344 0.015749
0 0.472341 0.719597 0.007309 0.010452
0 0.126778 0.338930 0.031769 0.023199
0 0.149744 0.336105 0.009272 0.027931
0 0.158902 0.285858 0.011889 0.015713
0 0.217776 0.370816 0.007907 0.006038
0 0.214420 0.362800 0.005688 0.006744
0 0.226507 0.359710 0.007679 0.007980
0 0.354764 0.435876 0.016297 0.015466
0 0.372739 0.442903 0.013168 0.013983
0 0.400057 0.448570 0.012457 0.012677
0 0.439249 0.446628 0.015131 0.017549
0 0.506328 0.468344 0.009642 0.009287
0 0.582765 0.477878 0.020023 0.014230
0 0.706783 0.485328 0.167719 0.074894
0 0.372568 0.215766 0.099232 0.083651
0 0.456044 0.212818 0.083532 0.050000
0 0.558262 0.238648 0.035011 0.034145
0 0.634869 0.259216 0.127019 0.047599
0 0.744440 0.252613 0.078129 0.070198
0 0.808305 0.247105 0.086803 0.085028