0 0.727973 0.687751 0.014701 0.012806
0 0.729127 0.709967 0.009483 0.009131
0 0.720961 0.700418 0.003337 0.008073
0 0.158392 0.399638 0.022654 0.045267
0 0.141834 0.395629 0.013121 0.037249
0 0.148256 0.424304 0.016984 0.020546
0 0.150991 0.454482 0.019945 0.039811
0 0.132351 0.425445 0.012168 0.056570
0 0.125401 0.458324 0.028475 0.080902
0 0.101794 0.449081 0.016934 0.034354
0 0.108292 0.487945 0.014476 0.031347
0 0.097479 0.492177 0.005043 0.016982
0 0.071902 0.449415 0.022428 0.017539
0 0.097479 0.474165 0.007150 0.021604
0 0.093703 0.518708 0.004616 0.012027
0 0.113999 0.414115 0.006523 0.012639
0 0.167223 0.449332 0.007401 0.017706
0 0.119481 0.496047 0.005494 0.021047
0 0.743201 0.699861 0.014802 0.041258
0 0.725050 0.630512 0.009458 0.045100
0 0.716984 0.631654 0.005168 0.010412
0 0.725903 0.672049 0.002785 0.015367