0 0.342478 0.605343 0.063827 0.043023
0 0.465902 0.539203 0.047179 0.032226
0 0.308158 0.658887 0.039436 0.036157
0 0.365902 0.577076 0.035675 0.054374
0 0.441261 0.437265 0.033518 0.048173
0 0.237970 0.796069 0.036007 0.037320
0 0.270520 0.772924 0.020575 0.022370
0 0.307688 0.703931 0.022677 0.036323
0 0.313357 0.565532 0.012998 0.029402
0 0.336560 0.562625 0.021018 0.019934
0 0.366869 0.533167 0.023562 0.048394
0 0.479231 0.639756 0.049170 0.057697
0 0.518086 0.579900 0.046018 0.025360
0 0.527904 0.527187 0.045299 0.036434
0 0.522345 0.468992 0.047345 0.030454
0 0.445990 0.591224 0.045631 0.038594
0 0.461311 0.340836 0.059237 0.057863