0 0.328960 0.408315 0.089313 0.052217
0 0.377696 0.603825 0.043559 0.054435
0 0.418678 0.657206 0.067128 0.063193
0 0.394847 0.558343 0.026718 0.053049
0 0.250095 0.904019 0.032252 0.028215
0 0.242343 0.915743 0.055391 0.046674
0 0.200930 0.893043 0.025716 0.021452
0 0.193464 0.871092 0.014790 0.016796
0 0.189194 0.832733 0.020468 0.027550
0 0.095682 0.793598 0.026288 0.029213
0 0.178125 0.823420 0.014456 0.021452
0 0.361093 0.708592 0.024666 0.017960
0 0.384804 0.693293 0.017700 0.025388
0 0.374690 0.485421 0.018559 0.011308
0 0.342343 0.496840 0.015124 0.013969
0 0.399427 0.515493 0.040458 0.032871