0 0.583850 0.487336 0.028658 0.034590
0 0.624728 0.426373 0.028371 0.046516
0 0.645974 0.381496 0.012141 0.013730
0 0.658003 0.386475 0.012812 0.015984
0 0.624121 0.468340 0.008946 0.017828
0 0.567843 0.527705 0.014026 0.015082
0 0.455192 0.581557 0.013387 0.008770
0 0.485831 0.595820 0.017923 0.015164
0 0.574441 0.510061 0.015591 0.012910
0 0.595495 0.459385 0.016550 0.015082
0 0.603498 0.481844 0.008914 0.020656
0 0.645751 0.431209 0.009585 0.013893
0 0.649537 0.359816 0.010767 0.012910
0 0.626086 0.354631 0.007061 0.006148
0 0.714026 0.322602 0.004856 0.015451
0 0.402636 0.662992 0.013514 0.015984
0 0.556374 0.496578 0.018562 0.010533
0 0.589153 0.431926 0.007891 0.017213
0 0.713163 0.301414 0.009457 0.024795