0 0.604858 0.661819 0.020352 0.033258
0 0.701361 0.697573 0.036977 0.031534
0 0.728915 0.670372 0.017881 0.020599
0 0.741562 0.755445 0.033626 0.027768
0 0.851382 0.797981 0.014824 0.015472
0 0.731344 0.708371 0.027178 0.017922
0 0.753894 0.707396 0.009715 0.016697
0 0.746252 0.683303 0.013945 0.008258
0 0.698178 0.666379 0.005653 0.017604
0 0.691604 0.652291 0.003978 0.007396
0 0.649456 0.658961 0.004271 0.016198
0 0.680528 0.664882 0.007538 0.008621
0 0.698116 0.650363 0.004020 0.007804
0 0.686977 0.723548 0.009631 0.014882