0 0.161642 0.213530 0.039844 0.035663
0 0.184195 0.220699 0.008554 0.020968
0 0.444762 0.449462 0.040485 0.023536
0 0.354163 0.387276 0.022781 0.034648
0 0.842498 0.783453 0.031016 0.029988
0 0.839113 0.821356 0.011162 0.008423
0 0.860293 0.825209 0.026715 0.022222
0 0.173376 0.245042 0.012077 0.009200
0 0.200091 0.219683 0.026075 0.023238
0 0.189135 0.240681 0.008188 0.010514
0 0.510087 0.514456 0.017246 0.016726
0 0.480192 0.504719 0.006404 0.010753
0 0.557800 0.595430 0.014776 0.025388
0 0.798742 0.775866 0.012214 0.027240
0 0.816903 0.748178 0.062534 0.049642
0 0.821089 0.816577 0.022598 0.018100