0 0.336833 0.698474 0.030267 0.049370
0 0.382058 0.716061 0.038764 0.048789
0 0.534252 0.764995 0.010709 0.023014
0 0.549737 0.753246 0.005583 0.009012
0 0.432356 0.754918 0.029740 0.042587
0 0.292082 0.743290 0.026229 0.009351
0 0.318048 0.732267 0.016784 0.023450
0 0.313062 0.691061 0.007514 0.043847
0 0.207602 0.707195 0.010147 0.019234
0 0.188272 0.666400 0.015520 0.013614
0 0.352528 0.746972 0.013272 0.010223
0 0.508374 0.706056 0.031004 0.020640
0 0.596383 0.721778 0.010183 0.015940
0 0.600105 0.746802 0.032374 0.031105
0 0.637798 0.755620 0.017170 0.017442
0 0.552335 0.735102 0.008532 0.008769