0 0.884151 0.611084 0.020340 0.046777
0 0.907793 0.652441 0.009352 0.052930
0 0.954846 0.724219 0.011667 0.016992
0 0.954645 0.672900 0.011327 0.028809
0 0.931883 0.605322 0.007778 0.026465
0 0.945571 0.739258 0.004167 0.008203
0 0.940880 0.682617 0.005463 0.009570
0 0.934398 0.658691 0.002932 0.009961
0 0.912176 0.680908 0.007562 0.014160
0 0.895278 0.595947 0.003704 0.019043
0 0.895062 0.561523 0.003025 0.006055
0 0.898194 0.542236 0.005772 0.017871
0 0.637948 0.508789 0.030772 0.086914
0 0.494769 0.327686 0.014969 0.021777
0 0.478302 0.349365 0.016667 0.037988
0 0.404244 0.481299 0.007623 0.030566
0 0.403256 0.537988 0.026512 0.033984
0 0.358873 0.529834 0.014414 0.012988
0 0.327269 0.501709 0.018981 0.024121
0 0.333565 0.551758 0.013302 0.044922
0 0.278472 0.450977 0.006265 0.010742
0 0.288241 0.446045 0.011543 0.012793
0 0.215324 0.461914 0.025463 0.038867
0 0.122623 0.491113 0.015000 0.026562
0 0.309074 0.562256 0.022284 0.032129
0 0.306003 0.525439 0.007438 0.009668