0 0.769231 0.267839 0.044505 0.044968
0 0.830105 0.226065 0.023123 0.030710
0 0.802060 0.220258 0.014744 0.020258
0 0.738645 0.309097 0.012729 0.022194
0 0.707189 0.290226 0.021886 0.012710
0 0.572413 0.340000 0.034936 0.049032
0 0.791506 0.289290 0.023581 0.022452
0 0.822207 0.191581 0.029304 0.037484
0 0.808059 0.275645 0.018407 0.023290
0 0.456914 0.433323 0.010897 0.009355
0 0.503274 0.442903 0.020742 0.014452
0 0.527610 0.369161 0.041026 0.017161
0 0.596016 0.310516 0.014194 0.016258
0 0.598214 0.341065 0.014560 0.013871
0 0.736928 0.256903 0.013874 0.010968