0 0.651981 0.504231 0.132658 0.115522
0 0.634375 0.678240 0.081250 0.032689
0 0.686708 0.658873 0.045246 0.020745
0 0.671435 0.613878 0.099032 0.021373
0 0.670467 0.592384 0.010827 0.010300
0 0.686488 0.593424 0.016109 0.018085
0 0.711972 0.598162 0.027993 0.021373
0 0.601629 0.503119 0.028961 0.018327
0 0.650924 0.425242 0.092342 0.042070
0 0.351629 0.159889 0.010299 0.015232
0 0.435431 0.159744 0.035123 0.010880
0 0.279710 0.169753 0.014349 0.005271
0 0.251408 0.277442 0.009331 0.006528
0 0.636576 0.530222 0.025440 0.007060
0 0.637456 0.448162 0.020511 0.019246