0 0.594241 0.440929 0.086911 0.113496
0 0.602814 0.537666 0.039136 0.046128
0 0.465085 0.431139 0.022709 0.040819
0 0.383933 0.521571 0.031872 0.050221
0 0.288613 0.608462 0.010340 0.017367
0 0.491099 0.474336 0.029319 0.040044
0 0.745942 0.405365 0.012304 0.045465
0 0.342670 0.647954 0.032330 0.047677
0 0.496204 0.528429 0.028141 0.026327
0 0.567343 0.531803 0.050916 0.063606
0 0.296106 0.593473 0.011191 0.008407
0 0.319732 0.604259 0.011453 0.014270
0 0.418783 0.527931 0.036911 0.109624
0 0.451505 0.567754 0.029712 0.064712