0 0.535026 0.514227 0.098021 0.043196
0 0.451253 0.560052 0.082190 0.031443
0 0.467150 0.434278 0.067282 0.026289
0 0.622296 0.441314 0.075198 0.037474
0 0.417744 0.427887 0.032850 0.010000
0 0.681135 0.699330 0.031398 0.010412
0 0.532652 0.647938 0.065567 0.017526
0 0.439908 0.614562 0.060554 0.013557
0 0.528958 0.584459 0.052111 0.011907
0 0.394063 0.552423 0.019789 0.030103
0 0.642084 0.520619 0.083377 0.036082
0 0.627968 0.475361 0.070976 0.039072
0 0.555145 0.461340 0.050660 0.020928
0 0.647427 0.399278 0.045778 0.008144
0 0.558641 0.294021 0.220976 0.062062
0 0.565765 0.206134 0.028628 0.007113
0 0.517546 0.357552 0.046174 0.009227
0 0.575792 0.349948 0.041821 0.012577
0 0.401253 0.355799 0.023087 0.015928
0 0.477375 0.517784 0.063720 0.018969
0 0.493272 0.550490 0.027441 0.014588
0 0.545383 0.548711 0.046966 0.014330