0 0.439600 0.839223 0.057115 0.074404
0 0.472998 0.706503 0.029588 0.031554
0 0.485284 0.758264 0.016058 0.021503
0 0.486392 0.743575 0.010498 0.012850
0 0.504296 0.734404 0.021423 0.027668
0 0.528888 0.738679 0.022084 0.010829
0 0.548931 0.734637 0.016602 0.011554
0 0.521676 0.712591 0.016369 0.029534
0 0.419051 0.880596 0.013919 0.013627
0 0.418293 0.925389 0.015513 0.025492
0 0.421890 0.898964 0.013142 0.013575
0 0.502566 0.768212 0.009642 0.012798
0 0.481182 0.774741 0.008942 0.012383
0 0.549378 0.753886 0.007154 0.013057
0 0.532271 0.797979 0.007543 0.012746
0 0.521676 0.805777 0.007582 0.008653
0 0.555463 0.682824 0.009759 0.017150
0 0.524436 0.690389 0.012636 0.011865
0 0.549203 0.719767 0.011625 0.014663
0 0.514366 0.788005 0.010614 0.004611
0 0.513841 0.799249 0.005832 0.009896
0 0.514055 0.778601 0.005638 0.008705
0 0.396598 0.938705 0.007037 0.008394