0 0.571169 0.762336 0.047273 0.017479
0 0.642662 0.769741 0.061948 0.015429
0 0.590390 0.682850 0.052468 0.009938
0 0.527597 0.580317 0.056753 0.021191
0 0.492922 0.194451 0.224286 0.039559
0 0.389610 0.163032 0.116623 0.034725
0 0.631039 0.745089 0.078442 0.012529
0 0.622208 0.723666 0.049870 0.009745
0 0.550844 0.539308 0.080649 0.009629
0 0.562922 0.527320 0.036494 0.004911
0 0.430649 0.524845 0.044935 0.013496
0 0.495649 0.471152 0.031299 0.010982
0 0.491494 0.365429 0.092078 0.019335
0 0.417532 0.379196 0.047532 0.009126
0 0.638571 0.349865 0.070909 0.018291
0 0.529481 0.271017 0.061818 0.019528
0 0.511753 0.251856 0.091558 0.013534
0 0.478377 0.267653 0.044545 0.014346
0 0.481364 0.239443 0.042208 0.012684
0 0.528506 0.377707 0.065844 0.012026
0 0.621494 0.301373 0.105325 0.024710