0 0.503630 0.570497 0.048126 0.040839
0 0.181587 0.386879 0.016101 0.030435
0 0.458343 0.509123 0.041042 0.064519
0 0.404215 0.530668 0.035831 0.031211
0 0.366833 0.482337 0.021604 0.047438
0 0.219877 0.411141 0.025000 0.017935
0 0.110275 0.462151 0.048419 0.035637
0 0.071751 0.367275 0.038817 0.041537
0 0.107728 0.348564 0.028689 0.049457
0 0.060363 0.314596 0.034192 0.021739
0 0.236973 0.336025 0.033548 0.026242
0 0.197365 0.404814 0.029742 0.048137
0 0.169087 0.427834 0.025761 0.031444
0 0.240896 0.463820 0.062471 0.047360
0 0.292594 0.381832 0.013642 0.035093
0 0.233314 0.364868 0.025527 0.023525
0 0.319614 0.411452 0.028689 0.033773
0 0.365369 0.394255 0.034485 0.035248
0 0.394789 0.423292 0.025644 0.036957
0 0.287968 0.474767 0.037881 0.052795
0 0.431001 0.488665 0.029215 0.040994
0 0.390164 0.487461 0.020843 0.028804
0 0.522804 0.482182 0.061768 0.092935
0 0.489637 0.505474 0.029508 0.033618
0 0.642740 0.545807 0.038876 0.028416
0 0.663759 0.591460 0.036885 0.050776
0 0.747248 0.516731 0.033607 0.027873
0 0.919701 0.596467 0.055445 0.078804
0 0.874649 0.623292 0.044731 0.062112