0 0.295705 0.296685 0.097219 0.066008
0 0.271755 0.408780 0.043881 0.042243
0 0.243912 0.387236 0.033313 0.036389
0 0.314802 0.381100 0.029481 0.032863
0 0.297126 0.248872 0.028739 0.030465
0 0.314122 0.426305 0.024289 0.050212
0 0.298084 0.469640 0.028059 0.066502
0 0.347590 0.328984 0.024845 0.035825
0 0.404697 0.568900 0.027689 0.041326
0 0.442336 0.578526 0.024845 0.014739
0 0.572250 0.620310 0.042274 0.062200
0 0.538597 0.617384 0.018727 0.064386
0 0.710012 0.681276 0.043016 0.078914
0 0.650464 0.664316 0.066193 0.062059
0 0.695643 0.612094 0.027874 0.016714
0 0.479388 0.545733 0.024784 0.078209
0 0.450309 0.523413 0.023609 0.027080
0 0.376761 0.571827 0.011743 0.020240