0 0.520183 0.362224 0.028692 0.014507
0 0.689416 0.373398 0.051266 0.027798
0 0.738080 0.362095 0.049719 0.020066
0 0.632771 0.353958 0.039803 0.019772
0 0.483439 0.350368 0.054219 0.022091
0 0.428024 0.368170 0.059986 0.033321
0 0.192792 0.543501 0.025105 0.022349
0 0.218108 0.518428 0.014557 0.009389
0 0.257349 0.491789 0.017792 0.009720
0 0.195113 0.457401 0.012447 0.008837
0 0.410724 0.360696 0.031857 0.020361
0 0.510197 0.376915 0.051055 0.015464
0 0.537412 0.325387 0.043882 0.011966
0 0.566104 0.325994 0.027848 0.013476
0 0.609845 0.336911 0.020534 0.018446
0 0.569233 0.352633 0.051125 0.016384
0 0.743249 0.318722 0.028411 0.011230