0 0.407014 0.769018 0.034380 0.029702
0 0.382977 0.742649 0.021315 0.013393
0 0.308501 0.783720 0.041960 0.013036
0 0.171189 0.697143 0.018593 0.013690
0 0.213777 0.710089 0.019095 0.011964
0 0.615452 0.546637 0.022613 0.028869
0 0.644703 0.477470 0.012437 0.022917
0 0.670247 0.394792 0.008752 0.011726
0 0.684820 0.355893 0.018049 0.022381
0 0.196671 0.694137 0.026005 0.015298
0 0.529250 0.663661 0.026675 0.023869
0 0.583773 0.602500 0.020477 0.026667
0 0.621880 0.605655 0.013275 0.011071
0 0.698848 0.343571 0.030193 0.019762
0 0.667023 0.599375 0.011097 0.018036
0 0.654334 0.596667 0.009338 0.015476