0 0.186587 0.783540 0.029812 0.033333
0 0.210509 0.774407 0.031748 0.023117
0 0.197124 0.801445 0.016372 0.011042
0 0.180780 0.843705 0.018639 0.028586
0 0.187085 0.864035 0.032135 0.024252
0 0.333739 0.681450 0.049779 0.040712
0 0.689408 0.287513 0.028706 0.042518
0 0.734735 0.276600 0.016925 0.028638
0 0.161173 0.827890 0.043916 0.043911
0 0.219248 0.798194 0.020907 0.019608
0 0.254784 0.763622 0.015431 0.016099
0 0.304646 0.768756 0.014934 0.042363
0 0.276798 0.723942 0.023175 0.010320
0 0.304176 0.737049 0.022400 0.018163
0 0.205254 0.757095 0.017810 0.022755
0 0.246350 0.750052 0.017810 0.012900
0 0.624834 0.348710 0.031748 0.027864
0 0.666676 0.306373 0.028263 0.027915
0 0.629204 0.314319 0.031637 0.031424
0 0.722345 0.288029 0.017810 0.021672
0 0.379729 0.577606 0.025719 0.019298
0 0.405393 0.596672 0.024392 0.023787
0 0.357826 0.717673 0.007909 0.024200
0 0.366759 0.692905 0.038717 0.016770
0 0.271598 0.811842 0.053153 0.050310
0 0.163966 0.888132 0.007799 0.019092
0 0.147345 0.912074 0.008407 0.007430