0 0.185768 0.803969 0.052675 0.073175
0 0.365833 0.642815 0.014649 0.013367
0 0.418531 0.623335 0.020395 0.021670
0 0.391820 0.626437 0.014518 0.016560
0 0.453355 0.576665 0.014518 0.015192
0 0.522873 0.529288 0.017149 0.011496
0 0.498026 0.536086 0.012719 0.012956
0 0.839254 0.220757 0.030965 0.036496
0 0.216579 0.767473 0.011930 0.035128
0 0.332018 0.688070 0.013772 0.007892
0 0.438180 0.588207 0.016009 0.021670
0 0.573991 0.506866 0.039737 0.024498
0 0.665285 0.475730 0.016009 0.007938
0 0.768246 0.292359 0.007368 0.017473
0 0.815855 0.304015 0.006096 0.007847
0 0.797303 0.311907 0.007675 0.006022
0 0.853355 0.254288 0.012325 0.009945
0 0.863838 0.238914 0.011360 0.014690
0 0.889912 0.233029 0.012368 0.015055
0 0.882829 0.188344 0.004167 0.008714