0 0.523553 0.521693 0.055063 0.017344
0 0.493083 0.412734 0.059222 0.040885
0 0.421248 0.308333 0.040145 0.023854
0 0.333318 0.323385 0.026130 0.014063
0 0.869123 0.931094 0.083273 0.079167
0 0.606872 0.551771 0.049910 0.047708
0 0.519937 0.574688 0.027939 0.029062
0 0.494078 0.470677 0.041139 0.024688
0 0.304159 0.327474 0.024412 0.013698
0 0.382505 0.309974 0.037161 0.019635
0 0.408906 0.276380 0.036076 0.023073
0 0.378255 0.245964 0.021067 0.019219
0 0.326808 0.213021 0.045841 0.033542
0 0.244982 0.207682 0.037342 0.018906
0 0.178165 0.110104 0.046564 0.036042
0 0.107188 0.137005 0.041139 0.033594
0 0.113517 0.111198 0.040597 0.026354
0 0.576085 0.657161 0.029204 0.022552
0 0.595479 0.636745 0.035262 0.019531