0 0.299406 0.671373 0.021159 0.026219
0 0.344867 0.662426 0.037640 0.042687
0 0.318156 0.641617 0.037849 0.015577
0 0.303876 0.627883 0.020601 0.011891
0 0.331564 0.612545 0.032263 0.021998
0 0.302933 0.708472 0.086592 0.028478
0 0.653282 0.412366 0.033520 0.061593
0 0.767947 0.153864 0.045251 0.025922
0 0.198743 0.463882 0.018994 0.020273
0 0.261138 0.500803 0.012919 0.013258
0 0.508939 0.668401 0.037709 0.021225
0 0.698184 0.475684 0.024860 0.021879
0 0.560964 0.480826 0.031145 0.037277
0 0.736313 0.484512 0.016480 0.017895
0 0.768645 0.445392 0.023603 0.016468