0 0.168453 0.650791 0.019754 0.009733
0 0.173609 0.640126 0.006524 0.005341
0 0.301186 0.502091 0.030566 0.026599
0 0.363390 0.509786 0.014279 0.028496
0 0.386930 0.494202 0.032436 0.019536
0 0.450433 0.454568 0.029881 0.019677
0 0.474612 0.405358 0.031706 0.014933
0 0.166651 0.659610 0.006296 0.003900
0 0.182231 0.643535 0.013276 0.007800
0 0.236337 0.581746 0.029516 0.011490
0 0.273586 0.528830 0.038321 0.017252
0 0.330018 0.498243 0.032664 0.027337
0 0.382870 0.503496 0.019480 0.011630
0 0.380383 0.460805 0.011314 0.015566
0 0.409238 0.484891 0.023221 0.013914
0 0.404676 0.426089 0.023038 0.010014
0 0.422628 0.427916 0.009763 0.013809
0 0.441766 0.423595 0.019571 0.014722
0 0.465374 0.427266 0.005383 0.007238
0 0.525776 0.372417 0.021624 0.022839