0 0.228962 0.255954 0.020507 0.019657
0 0.256699 0.258768 0.033007 0.026754
0 0.256127 0.295616 0.035294 0.026468
0 0.256332 0.314315 0.027206 0.008401
0 0.364175 0.384951 0.047141 0.021044
0 0.344363 0.428344 0.026961 0.012806
0 0.308374 0.328507 0.025082 0.011664
0 0.409477 0.519800 0.026144 0.012031
0 0.545384 0.508279 0.066585 0.045351
0 0.324755 0.406852 0.033497 0.020555
0 0.337173 0.367007 0.029902 0.011990
0 0.300327 0.284462 0.043627 0.025938
0 0.300327 0.250958 0.028922 0.017088
0 0.245670 0.319719 0.051471 0.010889
0 0.276920 0.362255 0.033252 0.007708
0 0.393015 0.401427 0.031127 0.007423
0 0.469199 0.497268 0.026961 0.023491