0 0.610563 0.704764 0.111972 0.024012
0 0.622993 0.655132 0.043169 0.018784
0 0.614613 0.670565 0.040352 0.016421
0 0.594120 0.683172 0.025563 0.012277
0 0.655070 0.727653 0.039296 0.016421
0 0.729014 0.796108 0.027746 0.008947
0 0.650528 0.685476 0.020352 0.018745
0 0.542324 0.700407 0.012113 0.011038
0 0.453345 0.448238 0.034155 0.016383
0 0.473873 0.458617 0.025915 0.012200
0 0.330599 0.380693 0.040775 0.027382
0 0.368451 0.373974 0.030563 0.011464
0 0.398732 0.385205 0.022676 0.008598
0 0.298803 0.326723 0.012676 0.007746