0 0.797890 0.246373 0.068776 0.040619
0 0.786744 0.276789 0.048031 0.042263
0 0.615155 0.511388 0.075457 0.046083
0 0.374543 0.724662 0.035724 0.025822
0 0.332700 0.742142 0.014346 0.010880
0 0.474121 0.711315 0.022785 0.019439
0 0.478586 0.754279 0.021589 0.006431
0 0.474508 0.727732 0.016948 0.007979
0 0.786252 0.204400 0.076442 0.040812
0 0.820710 0.319536 0.013713 0.014313
0 0.692300 0.453240 0.033966 0.019536
0 0.715963 0.483293 0.041913 0.034961
0 0.600211 0.593182 0.012236 0.008994
0 0.518143 0.623332 0.022504 0.017360
0 0.299684 0.795962 0.016807 0.011557