0 0.218711 0.570655 0.021484 0.033617
0 0.252109 0.607175 0.018906 0.050962
0 0.099492 0.348354 0.008047 0.013572
0 0.124590 0.396246 0.005508 0.005658
0 0.659570 0.444675 0.123750 0.051923
0 0.627246 0.465311 0.032070 0.013757
0 0.506855 0.355862 0.062148 0.039164
0 0.525605 0.387611 0.030820 0.034467
0 0.553242 0.374797 0.013281 0.012019
0 0.444766 0.350277 0.017500 0.021487
0 0.437715 0.285780 0.018789 0.020821
0 0.485020 0.342049 0.043008 0.024112
0 0.461816 0.307452 0.007383 0.018528
0 0.427168 0.319656 0.005508 0.018158
0 0.586152 0.444360 0.026289 0.009357
0 0.686523 0.479438 0.037891 0.015163