0 0.124324 0.518377 0.089990 0.135455
0 0.694069 0.316753 0.028879 0.026234
0 0.712988 0.349091 0.046096 0.054026
0 0.728003 0.412857 0.022873 0.050390
0 0.218719 0.578766 0.039239 0.101688
0 0.267017 0.560974 0.044144 0.052338
0 0.250225 0.527532 0.011061 0.052468
0 0.303554 0.603052 0.016316 0.018831
0 0.658809 0.428701 0.056056 0.063896
0 0.604454 0.517727 0.041341 0.084026
0 0.763514 0.392597 0.009810 0.029870
0 0.688814 0.393247 0.060811 0.074805
0 0.801451 0.436039 0.009810 0.026104
0 0.566266 0.451883 0.010711 0.047403
0 0.724550 0.452208 0.010460 0.019740
0 0.592643 0.402143 0.005105 0.057273