0 0.186629 0.807343 0.027612 0.020973
0 0.216231 0.805491 0.021891 0.014858
0 0.485386 0.755103 0.019279 0.015805
0 0.489459 0.738071 0.007898 0.014901
0 0.478762 0.710508 0.019838 0.012575
0 0.744621 0.540310 0.057400 0.040568
0 0.166231 0.830835 0.050000 0.027993
0 0.245367 0.800818 0.054167 0.030233
0 0.317071 0.778122 0.092475 0.074246
0 0.736847 0.254048 0.030162 0.025840
0 0.750498 0.292571 0.050746 0.022351
0 0.658706 0.605168 0.026493 0.024031
0 0.602736 0.698988 0.018532 0.015030
0 0.259546 0.835034 0.064117 0.045866