0 0.462837 0.271408 0.071827 0.023011
0 0.396010 0.285288 0.080096 0.011161
0 0.452981 0.239996 0.090385 0.015463
0 0.423413 0.433300 0.048750 0.022687
0 0.442019 0.419217 0.022500 0.008076
0 0.477548 0.427374 0.014519 0.009131
0 0.503798 0.414063 0.049135 0.009213
0 0.533510 0.436080 0.063942 0.006818
0 0.612500 0.450751 0.020769 0.007427
0 0.629135 0.445049 0.042885 0.004951
0 0.411346 0.850751 0.090962 0.022200
0 0.387163 0.257670 0.067596 0.029058
0 0.367163 0.224229 0.025481 0.013231
0 0.512019 0.292431 0.022115 0.006209