0 0.676420 0.178384 0.031836 0.008405
0 0.711592 0.204397 0.041546 0.011810
0 0.679723 0.201724 0.040159 0.022672
0 0.691810 0.211703 0.041876 0.008233
0 0.693395 0.244591 0.075561 0.037112
0 0.773415 0.234095 0.056737 0.021983
0 0.760139 0.268599 0.069155 0.028405
0 0.707332 0.271250 0.016513 0.005862
0 0.674703 0.267263 0.016909 0.005905
0 0.766314 0.351789 0.037649 0.007888
0 0.578501 0.439009 0.041149 0.020431
0 0.537087 0.479698 0.063871 0.039483
0 0.549075 0.524655 0.035271 0.020086
0 0.613342 0.491250 0.025231 0.017759
0 0.553170 0.551918 0.041480 0.017543
0 0.717801 0.286358 0.048018 0.019526