0 0.783727 0.659675 0.007702 0.076441
0 0.764053 0.651738 0.013634 0.050961
0 0.434037 0.253705 0.059130 0.047575
0 0.698773 0.550023 0.018975 0.023468
0 0.638789 0.507708 0.023665 0.031336
0 0.608463 0.518024 0.012205 0.027173
0 0.676429 0.492155 0.005963 0.028957
0 0.582811 0.477653 0.005062 0.011299
0 0.543929 0.443984 0.017360 0.021089
0 0.544736 0.422827 0.015683 0.019488
0 0.520388 0.396455 0.020901 0.035178
0 0.545994 0.395974 0.019752 0.025252
0 0.453152 0.327127 0.025248 0.025709
0 0.481661 0.301029 0.037671 0.034721