0 0.133684 0.810936 0.017193 0.039038
0 0.160855 0.804783 0.031447 0.030765
0 0.164079 0.782601 0.027632 0.015770
0 0.211469 0.781282 0.013465 0.022027
0 0.290241 0.761091 0.010044 0.016598
0 0.299298 0.775388 0.016491 0.007446
0 0.436491 0.640228 0.035175 0.046949
0 0.485680 0.597983 0.035921 0.030093
0 0.538860 0.570269 0.033421 0.024509
0 0.636031 0.468252 0.048289 0.049121
0 0.718904 0.413418 0.040877 0.057135
0 0.781360 0.372363 0.073333 0.044002
0 0.595329 0.487952 0.029605 0.039297
0 0.615724 0.506618 0.022237 0.023268