0 0.677262 0.723402 0.065893 0.009305
0 0.628828 0.728248 0.025638 0.006917
0 0.671926 0.737272 0.017633 0.007409
0 0.642111 0.653564 0.037819 0.017732
0 0.602900 0.593504 0.085615 0.067205
0 0.621056 0.551650 0.053016 0.014958
0 0.374942 0.264466 0.046404 0.007795
0 0.394026 0.385463 0.022390 0.006461
0 0.436253 0.430495 0.024710 0.012605
0 0.540487 0.664185 0.018794 0.012360
0 0.557483 0.460060 0.035847 0.032971
0 0.468271 0.459673 0.034687 0.026018
0 0.417227 0.414185 0.034919 0.010534
0 0.384397 0.419224 0.019838 0.008603
0 0.480510 0.173964 0.029930 0.009094