0 0.533208 0.432852 0.055695 0.034200
0 0.562060 0.394075 0.107454 0.034200
0 0.591415 0.414258 0.016248 0.014836
0 0.607265 0.349398 0.028266 0.025963
0 0.639238 0.376445 0.029146 0.029094
0 0.683857 0.370159 0.018886 0.021724
0 0.612270 0.408767 0.024958 0.012042
0 0.619472 0.426180 0.008710 0.008237
0 0.630297 0.401951 0.011600 0.010067
0 0.651675 0.393473 0.012312 0.010164
0 0.697843 0.330395 0.013023 0.023218
0 0.710930 0.342654 0.010804 0.016426
0 0.710867 0.284008 0.014363 0.009730
0 0.733878 0.308406 0.008878 0.010838
0 0.750984 0.287958 0.016374 0.019171
0 0.658982 0.342389 0.011265 0.012717
0 0.427617 0.673218 0.033291 0.066859
0 0.455151 0.614523 0.032245 0.040703
0 0.464489 0.639475 0.015578 0.021435
0 0.573074 0.442486 0.014657 0.023796