0 0.555117 0.473359 0.059474 0.034308
0 0.601082 0.382667 0.038421 0.037768
0 0.661023 0.427685 0.041111 0.032339
0 0.714766 0.299702 0.027310 0.016587
0 0.725731 0.314469 0.019649 0.022255
0 0.538509 0.553878 0.022982 0.040692
0 0.534094 0.520674 0.019181 0.030609
0 0.507602 0.510889 0.017193 0.018914
0 0.504211 0.535680 0.023977 0.029356
0 0.120117 0.775716 0.018713 0.015394
0 0.113918 0.803073 0.021287 0.015811
0 0.107982 0.769033 0.013743 0.009785
0 0.229678 0.764171 0.022398 0.022375
0 0.285117 0.742601 0.035848 0.029833
0 0.286316 0.685531 0.023275 0.016885
0 0.460848 0.608144 0.028363 0.030489
0 0.510789 0.591199 0.013860 0.013067
0 0.512661 0.546599 0.030351 0.033890
0 0.572515 0.526492 0.040351 0.078878
0 0.543363 0.419063 0.031404 0.023329
0 0.666374 0.342572 0.036257 0.015215
0 0.663538 0.359875 0.011053 0.015215