0 0.765877 0.704911 0.021040 0.014940
0 0.780978 0.721042 0.009161 0.016726
0 0.750039 0.741607 0.012811 0.010952
0 0.683249 0.507708 0.015955 0.023274
0 0.695167 0.517768 0.010443 0.013274
0 0.689247 0.377798 0.032298 0.032500
0 0.845846 0.256905 0.023525 0.037976
0 0.825796 0.312679 0.010675 0.017500
0 0.834433 0.269107 0.035559 0.050357
0 0.837422 0.868363 0.016770 0.028869
0 0.778901 0.738244 0.014790 0.023393
0 0.746991 0.759673 0.033191 0.036250
0 0.747302 0.705476 0.043207 0.089405
0 0.664383 0.527708 0.024340 0.053512
0 0.686471 0.463899 0.020536 0.017440
0 0.678416 0.428214 0.006211 0.020714
0 0.651980 0.423006 0.005047 0.018036
0 0.729736 0.285268 0.047127 0.059464
0 0.813936 0.278333 0.013121 0.032857
0 0.826281 0.296250 0.006211 0.023452
0 0.836413 0.311101 0.013276 0.021369
0 0.860520 0.276935 0.010714 0.011845