0 0.439404 0.380286 0.029305 0.019571
0 0.449462 0.400857 0.035182 0.013143
0 0.332575 0.359679 0.035182 0.028500
0 0.774545 0.652143 0.026242 0.028714
0 0.516763 0.461036 0.016639 0.019500
0 0.826159 0.661679 0.077483 0.020071
0 0.798882 0.604143 0.071440 0.027143
0 0.827401 0.640714 0.046358 0.014143
0 0.741349 0.617500 0.022268 0.010286
0 0.575869 0.574179 0.036341 0.022786
0 0.629139 0.572179 0.022020 0.011214
0 0.621689 0.499250 0.102483 0.065357
0 0.558444 0.471929 0.072351 0.063714
0 0.565190 0.432357 0.017301 0.023857
0 0.490480 0.501036 0.027318 0.027643
0 0.408195 0.423929 0.018212 0.024857
0 0.435430 0.425714 0.016556 0.024571
0 0.394247 0.396464 0.022434 0.021929
0 0.410555 0.353536 0.020281 0.039214
0 0.216142 0.283393 0.014735 0.025643
0 0.250993 0.286643 0.036093 0.029286
0 0.211341 0.252571 0.016391 0.027143
0 0.475869 0.377143 0.018295 0.013429
0 0.564321 0.550286 0.042881 0.021429
0 0.931374 0.732286 0.031623 0.022857
0 0.761631 0.875000 0.032368 0.053000