0 0.358995 0.530838 0.017742 0.015438
0 0.388524 0.514333 0.010918 0.005702
0 0.337810 0.596160 0.017928 0.007525
0 0.338648 0.612878 0.039082 0.022653
0 0.361663 0.594046 0.013027 0.009814
0 0.244045 0.736676 0.038710 0.025175
0 0.295037 0.672595 0.053474 0.042785
0 0.404963 0.541486 0.050620 0.019589
0 0.603970 0.355741 0.018114 0.006905
0 0.349349 0.581866 0.034057 0.013305
0 0.388244 0.620035 0.014578 0.024631
0 0.279529 0.700446 0.023821 0.014391
0 0.187066 0.799728 0.037035 0.026920
0 0.207196 0.831245 0.022829 0.019977
0 0.183871 0.731497 0.019231 0.020171
0 0.190633 0.711268 0.014888 0.012917