0 0.442725 0.146446 0.017600 0.039788
0 0.394526 0.271119 0.007844 0.020098
0 0.276414 0.420997 0.056319 0.026389
0 0.393016 0.295792 0.010809 0.030556
0 0.325527 0.317422 0.013581 0.014011
0 0.101386 0.760764 0.036031 0.025449
0 0.103728 0.681658 0.010504 0.045098
0 0.144360 0.658333 0.014163 0.022141
0 0.138914 0.683599 0.015022 0.026593
0 0.439634 0.188133 0.012306 0.034436
0 0.460075 0.161928 0.016103 0.023448
0 0.337029 0.293893 0.015909 0.027574
0 0.118057 0.727022 0.012389 0.018505
0 0.067184 0.807598 0.014357 0.033007
0 0.058273 0.807108 0.003742 0.008660
0 0.160061 0.568301 0.009479 0.006863