0 0.335594 0.677046 0.048395 0.028233
0 0.253812 0.632977 0.030899 0.050178
0 0.501806 0.422776 0.043579 0.028351
0 0.418579 0.529567 0.024639 0.013345
0 0.505618 0.526157 0.026164 0.012456
0 0.387199 0.459786 0.038925 0.012337
0 0.395385 0.436803 0.046469 0.026750
0 0.368981 0.708452 0.051926 0.040154
0 0.281822 0.576750 0.018860 0.020522
0 0.360674 0.502313 0.029856 0.013167
0 0.529254 0.477491 0.031059 0.027224
0 0.555859 0.432977 0.054735 0.030012
0 0.493379 0.504241 0.040530 0.021174
0 0.593419 0.321767 0.066292 0.025267