0 0.362390 0.504199 0.025748 0.032687
0 0.384397 0.503553 0.019322 0.010788
0 0.376805 0.413582 0.024208 0.039373
0 0.407196 0.436418 0.024516 0.028391
0 0.434375 0.189583 0.035651 0.015472
0 0.705370 0.204893 0.034595 0.024257
0 0.337258 0.585740 0.136840 0.160368
0 0.367496 0.455265 0.037104 0.024354
0 0.402883 0.407284 0.021699 0.018249
0 0.415317 0.241505 0.019542 0.014083
0 0.434199 0.226906 0.043750 0.014212
0 0.437654 0.239486 0.019850 0.011208
0 0.486246 0.193718 0.025484 0.021932
0 0.462104 0.183107 0.019014 0.019638
0 0.675352 0.193831 0.064789 0.021705
0 0.661510 0.164454 0.113248 0.036337
0 0.720577 0.215019 0.043266 0.017183
0 0.727421 0.189147 0.035563 0.022739