0 0.470169 0.586117 0.019962 0.020527
0 0.599192 0.433764 0.016955 0.034850
0 0.596635 0.456618 0.015977 0.016649
0 0.704041 0.347751 0.016504 0.028904
0 0.817086 0.278413 0.037105 0.036453
0 0.765414 0.335341 0.026391 0.027146
0 0.452763 0.633118 0.027180 0.038728
0 0.470508 0.656696 0.009286 0.012565
0 0.475583 0.616546 0.007857 0.010962
0 0.467519 0.606774 0.006241 0.016029
0 0.479774 0.603749 0.005338 0.008014
0 0.496128 0.608687 0.014962 0.031024
0 0.510489 0.508764 0.019398 0.011013
0 0.512068 0.518304 0.011729 0.008583
0 0.521823 0.492709 0.014925 0.013650
0 0.571560 0.453645 0.012820 0.008221
0 0.614267 0.438573 0.007030 0.013030
0 0.623195 0.423268 0.010977 0.017477
0 0.610677 0.412978 0.007218 0.009928
0 0.650789 0.407110 0.011955 0.046484
0 0.666504 0.421820 0.014211 0.008790
0 0.694793 0.404990 0.039211 0.041003
0 0.732763 0.355869 0.031015 0.023009
0 0.708684 0.374690 0.018797 0.011531
0 0.842162 0.226732 0.044173 0.057394