0 0.298247 0.383864 0.050683 0.057727
0 0.292054 0.424886 0.011521 0.012318
0 0.480305 0.583750 0.020082 0.015045
0 0.492600 0.600227 0.017987 0.015909
0 0.482582 0.637909 0.012978 0.010182
0 0.631239 0.752591 0.028415 0.012636
0 0.771926 0.769818 0.016530 0.014545
0 0.780852 0.782977 0.018898 0.016136
0 0.788684 0.797591 0.036293 0.028091
0 0.737933 0.758159 0.023133 0.017227
0 0.714686 0.745795 0.020173 0.018409
0 0.574112 0.715591 0.022177 0.022000
0 0.404918 0.538614 0.051548 0.072955
0 0.343602 0.443864 0.032286 0.024091
0 0.311475 0.443500 0.009381 0.015545
0 0.678119 0.793818 0.033197 0.010091