0 0.149962 0.345926 0.036165 0.025848
0 0.172030 0.526862 0.036767 0.018916
0 0.173195 0.551715 0.028496 0.016925
0 0.134568 0.584237 0.020263 0.022456
0 0.173628 0.852636 0.026504 0.033149
0 0.259398 0.855476 0.025564 0.011025
0 0.249662 0.869451 0.027895 0.011320
0 0.139643 0.765007 0.008008 0.009587
0 0.111880 0.769948 0.008346 0.011357
0 0.101692 0.717275 0.014812 0.008370
0 0.110602 0.669045 0.052556 0.067072
0 0.141278 0.543639 0.013459 0.010583
0 0.174041 0.180494 0.008008 0.009587
0 0.149173 0.640597 0.015188 0.013274
0 0.133910 0.620557 0.023684 0.011836