0 0.211598 0.831836 0.045505 0.017971
0 0.216176 0.743552 0.029689 0.027304
0 0.552858 0.324903 0.046559 0.032146
0 0.609822 0.261328 0.019201 0.028699
0 0.720838 0.204493 0.042675 0.031913
0 0.206326 0.868338 0.030078 0.013362
0 0.147947 0.878331 0.033185 0.010651
0 0.157963 0.862568 0.008713 0.010573
0 0.165899 0.899012 0.027913 0.018087
0 0.456548 0.372444 0.018757 0.019791
0 0.488152 0.328718 0.033352 0.045585
0 0.554967 0.286716 0.067758 0.065763
0 0.633518 0.258191 0.107880 0.077653
0 0.658824 0.216983 0.061931 0.034895
0 0.594118 0.233075 0.039845 0.022928