0 0.628186 0.333155 0.084781 0.076117
0 0.698478 0.300291 0.014651 0.013592
0 0.404647 0.387184 0.012865 0.014466
0 0.553896 0.341481 0.011120 0.017524
0 0.173498 0.754490 0.018831 0.009660
0 0.189326 0.616092 0.021591 0.025194
0 0.440625 0.360194 0.039529 0.029126
0 0.466011 0.386699 0.020252 0.025243
0 0.135755 0.816529 0.034497 0.077233
0 0.158421 0.692476 0.019115 0.032718
0 0.481717 0.354053 0.017492 0.015194
0 0.500670 0.371845 0.012946 0.015825
0 0.523701 0.379248 0.021023 0.020146
0 0.554830 0.372427 0.017208 0.026408
0 0.657833 0.283350 0.052273 0.043107
0 0.519359 0.409005 0.017045 0.017330
0 0.178592 0.725461 0.034862 0.028495
0 0.153287 0.875558 0.015422 0.021408
0 0.112277 0.905049 0.026583 0.037670
0 0.495191 0.402937 0.012297 0.020340