0 0.194093 0.576062 0.049701 0.065637
0 0.263684 0.499469 0.041924 0.017181
0 0.279711 0.477172 0.024925 0.017181
0 0.378614 0.364865 0.025224 0.028764
0 0.809397 0.160111 0.016899 0.018678
0 0.207627 0.521380 0.044068 0.011293
0 0.361690 0.397346 0.013809 0.011100
0 0.379262 0.394860 0.009472 0.013465
0 0.368470 0.409001 0.015404 0.008639
0 0.302617 0.475772 0.014407 0.006274
0 0.269217 0.457770 0.014905 0.008108
0 0.178938 0.562162 0.015703 0.008977
0 0.746535 0.210256 0.015703 0.013658
0 0.613161 0.290034 0.014955 0.024276
0 0.579312 0.305912 0.015753 0.006998
0 0.397208 0.350483 0.010867 0.017954
0 0.410269 0.344570 0.007577 0.015396
0 0.151097 0.635087 0.010668 0.017085