0 0.440118 0.649525 0.028403 0.013420
0 0.480955 0.622328 0.022775 0.017933
0 0.578240 0.220012 0.042081 0.040499
0 0.600687 0.241924 0.037238 0.056651
0 0.578109 0.168795 0.052552 0.037945
0 0.659391 0.231265 0.024280 0.015380
0 0.689889 0.257156 0.025982 0.023575
0 0.713220 0.281473 0.023429 0.029691
0 0.580366 0.669507 0.012565 0.013717
0 0.315641 0.619656 0.018194 0.021496
0 0.311518 0.669596 0.029712 0.019477
0 0.263645 0.582215 0.058050 0.050178
0 0.252520 0.486490 0.044830 0.024287
0 0.203272 0.247001 0.016230 0.009442
0 0.198626 0.272506 0.009424 0.009857
0 0.223593 0.302346 0.008835 0.018587
0 0.597513 0.279305 0.031152 0.020368
0 0.745157 0.313153 0.023691 0.018943
0 0.288973 0.617963 0.044045 0.044952
0 0.503076 0.640944 0.019634 0.010154
0 0.478829 0.686580 0.012893 0.023159