0 0.209829 0.613768 0.031217 0.016972
0 0.239295 0.585000 0.047942 0.051831
0 0.322307 0.564613 0.050219 0.045282
0 0.445140 0.358275 0.027320 0.051901
0 0.503371 0.384331 0.020140 0.039366
0 0.523533 0.340246 0.028503 0.036408
0 0.693892 0.257465 0.033056 0.050845
0 0.152999 0.735528 0.023687 0.020775
0 0.215696 0.685458 0.016856 0.025423
0 0.243257 0.664930 0.014011 0.024507
0 0.264164 0.654085 0.011165 0.023239
0 0.242163 0.563134 0.024869 0.028239
0 0.315806 0.521232 0.031261 0.029366
0 0.349037 0.523345 0.032049 0.032746
0 0.366156 0.455282 0.009982 0.023380
0 0.522701 0.296937 0.020709 0.035563