0 0.762931 0.302220 0.018124 0.025474
0 0.201913 0.750043 0.016190 0.017241
0 0.710387 0.308944 0.017746 0.024267
0 0.187447 0.741530 0.023507 0.023405
0 0.771993 0.262478 0.015055 0.018836
0 0.141674 0.798448 0.012532 0.021638
0 0.111880 0.802996 0.038478 0.041853
0 0.181833 0.795216 0.047183 0.074741
0 0.250042 0.752435 0.019008 0.015819
0 0.243503 0.733384 0.016358 0.019181
0 0.289718 0.722026 0.014760 0.013621
0 0.396447 0.634310 0.043944 0.032759
0 0.507485 0.485086 0.044491 0.051379
0 0.530425 0.507845 0.065307 0.065517
0 0.624748 0.440991 0.035029 0.041552
0 0.628364 0.396789 0.048234 0.049440
0 0.668650 0.416185 0.042094 0.048319
0 0.671173 0.346315 0.061859 0.060216
0 0.731413 0.332478 0.041632 0.062457
0 0.778154 0.291164 0.068167 0.051983