0 0.782020 0.309117 0.024306 0.026867
0 0.786376 0.363434 0.022031 0.025703
0 0.764401 0.342774 0.023363 0.014840
0 0.197808 0.764791 0.022919 0.025800
0 0.194062 0.790640 0.041620 0.030262
0 0.214234 0.773909 0.031798 0.015131
0 0.822558 0.332444 0.016038 0.021920
0 0.207603 0.740858 0.039290 0.023909
0 0.206992 0.801552 0.057825 0.047430
0 0.173613 0.773933 0.017814 0.019350
0 0.228524 0.754486 0.033407 0.036518
0 0.259156 0.738967 0.019201 0.023618
0 0.260350 0.707420 0.026582 0.034530
0 0.180522 0.754049 0.030522 0.020708
0 0.166398 0.736736 0.015816 0.011688
0 0.744617 0.358729 0.030411 0.041125
0 0.764262 0.278274 0.049390 0.093404
0 0.806521 0.349855 0.021920 0.048012
0 0.818618 0.227037 0.026582 0.012173
0 0.799473 0.162585 0.051776 0.066392
0 0.811487 0.300727 0.032852 0.015325