0 0.221834 0.266015 0.046570 0.011736
0 0.252803 0.240933 0.043470 0.018623
0 0.280046 0.256927 0.031728 0.014751
0 0.555310 0.194580 0.040172 0.015159
0 0.512929 0.337225 0.030739 0.015607
0 0.527540 0.369254 0.051517 0.016993
0 0.534103 0.396475 0.046174 0.023187
0 0.478298 0.703015 0.023615 0.019234
0 0.415666 0.717645 0.036478 0.032355
0 0.442579 0.704340 0.028562 0.018297
0 0.433344 0.749837 0.024340 0.018826
0 0.440930 0.769947 0.023153 0.012184
0 0.484697 0.685799 0.006728 0.017808
0 0.435653 0.645884 0.016425 0.009780
0 0.459136 0.611125 0.028034 0.018989
0 0.489479 0.647800 0.017480 0.006846
0 0.446339 0.576976 0.011807 0.013692
0 0.527507 0.548879 0.031135 0.025224
0 0.476748 0.557274 0.031069 0.013896
0 0.539413 0.522046 0.034763 0.021353
0 0.527441 0.475102 0.021636 0.015322
0 0.533641 0.456683 0.024670 0.016300
0 0.552078 0.163977 0.050330 0.033333