0 0.562447 0.709816 0.017316 0.016525
0 0.583579 0.688806 0.014737 0.009251
0 0.259421 0.380826 0.040632 0.031285
0 0.279263 0.434499 0.030000 0.037782
0 0.664237 0.288136 0.022579 0.030650
0 0.296342 0.343538 0.031211 0.021681
0 0.474079 0.688171 0.016579 0.026907
0 0.478184 0.714936 0.011947 0.018997
0 0.565579 0.358934 0.030316 0.047105
0 0.552079 0.313242 0.015000 0.021257
0 0.335895 0.550141 0.037579 0.020480
0 0.514395 0.668432 0.038474 0.078955
0 0.448947 0.701660 0.044211 0.047387
0 0.377816 0.553708 0.033842 0.039336
0 0.327342 0.521822 0.041947 0.042090
0 0.330842 0.394668 0.089895 0.087076
0 0.391105 0.383298 0.056316 0.071963