0 0.510288 0.729332 0.015660 0.020039
0 0.294838 0.832188 0.023525 0.012197
0 0.550808 0.752807 0.015379 0.008906
0 0.549017 0.767619 0.017275 0.008228
0 0.385183 0.792667 0.155337 0.080300
0 0.409726 0.731994 0.057795 0.036980
0 0.347718 0.753340 0.011868 0.016747
0 0.302809 0.777348 0.040028 0.054405
0 0.517837 0.763529 0.040028 0.050871
0 0.574017 0.740053 0.051966 0.036641
0 0.620506 0.720644 0.122051 0.075460
0 0.639115 0.685237 0.016854 0.010745
0 0.669452 0.705082 0.038483 0.028170
0 0.761938 0.632430 0.084831 0.053049
0 0.794558 0.568708 0.120576 0.056002
0 0.799157 0.475992 0.108287 0.087125
0 0.785744 0.327202 0.125983 0.172604