0 0.553195 0.646285 0.090301 0.036533
0 0.434248 0.535475 0.041128 0.025335
0 0.253496 0.297162 0.025639 0.028689
0 0.640789 0.656966 0.054812 0.023013
0 0.613797 0.639396 0.032406 0.010681
0 0.547857 0.687822 0.044436 0.014654
0 0.599398 0.696543 0.021955 0.011558
0 0.565902 0.616176 0.063534 0.014912
0 0.489887 0.601290 0.036316 0.030650
0 0.525639 0.597368 0.023910 0.008772
0 0.579323 0.591099 0.027519 0.012332
0 0.554135 0.585243 0.020602 0.010217
0 0.538346 0.561146 0.036391 0.017853
0 0.446880 0.554257 0.035564 0.013674
0 0.483684 0.546207 0.021654 0.018008
0 0.406316 0.507946 0.043910 0.018679
0 0.346654 0.482508 0.021278 0.009907
0 0.392256 0.484314 0.093083 0.027554
0 0.486203 0.488596 0.018571 0.024768
0 0.316015 0.405083 0.031880 0.009236
0 0.311466 0.360939 0.023985 0.011971
0 0.312744 0.320924 0.021429 0.009649
0 0.245451 0.278406 0.048346 0.009236
0 0.246241 0.265712 0.033684 0.013777
0 0.573534 0.667466 0.022556 0.016667