0 0.440834 0.323944 0.025558 0.063889
0 0.578778 0.409556 0.037582 0.041556
0 0.613699 0.449333 0.008739 0.022889
0 0.459724 0.440500 0.010512 0.020556
0 0.760874 0.443389 0.075361 0.168556
0 0.258443 0.377556 0.060775 0.112000
0 0.306833 0.324222 0.015506 0.040000
0 0.376544 0.423667 0.017740 0.048889
0 0.389915 0.386833 0.032129 0.078556
0 0.469087 0.337556 0.059198 0.071778
0 0.526675 0.293722 0.047569 0.059889
0 0.565966 0.356111 0.065834 0.049556
0 0.610907 0.347944 0.033509 0.029889
0 0.643200 0.306111 0.020434 0.031778
0 0.656603 0.373444 0.041590 0.062000
0 0.708706 0.347611 0.065769 0.057889
0 0.734100 0.448111 0.020499 0.042000
0 0.711465 0.726611 0.032260 0.106556
0 0.761761 0.620833 0.015637 0.039444