0 0.251099 0.788846 0.031166 0.032557
0 0.544455 0.516356 0.027629 0.017288
0 0.590296 0.406858 0.014149 0.015683
0 0.567973 0.445135 0.030306 0.019669
0 0.782122 0.225776 0.012046 0.015839
0 0.204446 0.807971 0.078298 0.047723
0 0.304613 0.705564 0.018308 0.062267
0 0.572729 0.422593 0.033891 0.037836
0 0.181883 0.763354 0.036329 0.040787
0 0.134130 0.792598 0.015296 0.016563
0 0.170913 0.844695 0.020411 0.025932
0 0.303872 0.751786 0.032792 0.027381
0 0.281979 0.740606 0.015105 0.013923
0 0.278776 0.708282 0.014149 0.019462
0 0.320817 0.684032 0.018595 0.028313
0 0.374068 0.644281 0.024809 0.010404
0 0.430999 0.591511 0.023279 0.013458
0 0.436831 0.562914 0.024140 0.011232
0 0.474379 0.591201 0.019981 0.013458
0 0.595889 0.496222 0.032218 0.020911
0 0.605139 0.435818 0.015727 0.021739
0 0.641969 0.443608 0.017400 0.033799
0 0.615607 0.346920 0.023375 0.020859
0 0.351530 0.634653 0.029637 0.026035