0 0.182946 0.184830 0.024142 0.024320
0 0.682087 0.807160 0.059856 0.075874
0 0.691085 0.849636 0.021152 0.010437
0 0.775388 0.597694 0.029734 0.020922
0 0.167940 0.159854 0.040199 0.021165
0 0.205620 0.212015 0.033056 0.017913
0 0.653848 0.856578 0.045127 0.023738
0 0.644048 0.872039 0.028627 0.021942
0 0.784358 0.806262 0.014009 0.013883
0 0.870792 0.772330 0.017220 0.008350
0 0.877907 0.752354 0.015061 0.011117
0 0.833832 0.765340 0.008859 0.032233
0 0.797841 0.769272 0.008970 0.008835
0 0.762735 0.653714 0.009856 0.007524
0 0.767774 0.640049 0.010853 0.006505
0 0.787514 0.583350 0.023976 0.015534
0 0.374945 0.375146 0.021429 0.010388
0 0.322342 0.371432 0.056423 0.032573
0 0.147010 0.181335 0.047508 0.037524
0 0.145321 0.213301 0.015781 0.015631
0 0.159164 0.222184 0.015227 0.017184
0 0.178599 0.220704 0.017553 0.016942
0 0.168577 0.237840 0.023533 0.011019
0 0.207724 0.233908 0.025748 0.024709
0 0.211739 0.264515 0.042303 0.030874
0 0.220764 0.284563 0.014175 0.011456
0 0.260105 0.254029 0.050664 0.041262
0 0.235770 0.198568 0.042968 0.011990