0 0.098709 0.726036 0.015296 0.033549
0 0.492615 0.537338 0.026052 0.017940
0 0.593141 0.281444 0.015918 0.031541
0 0.390822 0.577073 0.015870 0.021762
0 0.136759 0.702396 0.058031 0.051166
0 0.082792 0.717552 0.010899 0.027332
0 0.080951 0.745078 0.012380 0.012824
0 0.138002 0.740674 0.027629 0.038083
0 0.159273 0.682772 0.028394 0.039119
0 0.193188 0.665479 0.027103 0.057254
0 0.211592 0.635136 0.015535 0.039054
0 0.271582 0.646729 0.070507 0.107189
0 0.332481 0.590382 0.096511 0.092681
0 0.440583 0.556153 0.083652 0.106088
0 0.492161 0.497053 0.045602 0.052267
0 0.525359 0.541775 0.035612 0.037176
0 0.879493 0.543912 0.032983 0.026684
0 0.878776 0.581088 0.032505 0.043782