0 0.449107 0.316660 0.043781 0.030998
0 0.457574 0.279625 0.024261 0.022872
0 0.441533 0.610855 0.048461 0.020240
0 0.456435 0.637500 0.043658 0.024381
0 0.312685 0.899729 0.075616 0.034288
0 0.512315 0.199361 0.025123 0.015286
0 0.517180 0.218943 0.017488 0.014280
0 0.290856 0.933862 0.045012 0.026316
0 0.326755 0.927632 0.030234 0.008591
0 0.369489 0.914706 0.020998 0.016873
0 0.323276 0.855786 0.021552 0.010101
0 0.345536 0.825097 0.012869 0.008553
0 0.477094 0.243789 0.016626 0.010023
0 0.495135 0.217628 0.012438 0.007392
0 0.517395 0.299439 0.016564 0.007159
0 0.525954 0.364648 0.011268 0.010333
0 0.282666 0.663545 0.014347 0.005882
0 0.307174 0.662597 0.021860 0.006772
0 0.339563 0.639222 0.009667 0.007624
0 0.341718 0.627612 0.013116 0.010642