0 0.136412 0.261215 0.019701 0.005600
0 0.154837 0.264316 0.019349 0.013010
0 0.151825 0.228532 0.017194 0.021568
0 0.115919 0.363713 0.024274 0.027254
0 0.461983 0.620075 0.052814 0.014934
0 0.468602 0.593179 0.019173 0.006404
0 0.515435 0.606275 0.015831 0.005543
0 0.129068 0.393237 0.039842 0.020075
0 0.133839 0.369342 0.013500 0.007668
0 0.117414 0.326134 0.028056 0.009765
0 0.124890 0.306548 0.037467 0.019414
0 0.134059 0.277111 0.034521 0.011200
0 0.170405 0.217677 0.014952 0.005887
0 0.144085 0.238196 0.011478 0.013441
0 0.128254 0.289647 0.026517 0.010942
0 0.111104 0.340867 0.013412 0.018093