0 0.541021 0.532050 0.028803 0.015444
0 0.346690 0.660391 0.038451 0.022249
0 0.307113 0.735534 0.071549 0.028932
0 0.420599 0.582804 0.029648 0.025428
0 0.600775 0.495945 0.016479 0.019764
0 0.553099 0.493317 0.009718 0.005542
0 0.541056 0.508802 0.014789 0.004564
0 0.059049 0.983659 0.030352 0.013203
0 0.074366 0.967665 0.021831 0.005501
0 0.097465 0.919478 0.035352 0.017115
0 0.104824 0.929218 0.013451 0.009372
0 0.139894 0.930827 0.010352 0.007702
0 0.147676 0.883782 0.016056 0.017930
0 0.171338 0.875081 0.022958 0.016422
0 0.167254 0.820355 0.043521 0.033211
0 0.166268 0.850632 0.014507 0.009739
0 0.201479 0.829095 0.016761 0.008639
0 0.180246 0.853403 0.019507 0.012021
0 0.203486 0.809271 0.020634 0.019275
0 0.292359 0.715933 0.039507 0.019397
0 0.318451 0.705216 0.068310 0.026895
0 0.311092 0.674939 0.036408 0.010024
0 0.353028 0.640668 0.031549 0.031785
0 0.411831 0.611716 0.053521 0.029299
0 0.450211 0.594601 0.031549 0.037694
0 0.500704 0.528158 0.039014 0.032681
0 0.563732 0.480420 0.021690 0.019356
0 0.734049 0.285289 0.018099 0.006927