0 0.447581 0.524796 0.013984 0.012367
0 0.458971 0.539816 0.034916 0.020204
0 0.161016 0.839837 0.028100 0.037061
0 0.710708 0.358286 0.030651 0.033633
0 0.902924 0.283082 0.023791 0.021837
0 0.678804 0.331918 0.020141 0.018531
0 0.338391 0.655592 0.127089 0.101061
0 0.464336 0.557265 0.009323 0.014694
0 0.494723 0.520939 0.074230 0.074776
0 0.504749 0.510796 0.038259 0.035714
0 0.497735 0.460245 0.035136 0.017306
0 0.553100 0.488082 0.048329 0.036408
0 0.546240 0.448388 0.034609 0.024776
0 0.749714 0.296857 0.118602 0.061551
0 0.865567 0.243286 0.069217 0.028204
0 0.838456 0.301143 0.037071 0.049143