0 0.703023 0.256529 0.079750 0.017334
0 0.675864 0.284736 0.089155 0.034713
0 0.737620 0.239149 0.081190 0.014149
0 0.642994 0.341947 0.022265 0.015833
0 0.535413 0.404026 0.020537 0.012693
0 0.467898 0.421315 0.035797 0.007689
0 0.544914 0.343062 0.058541 0.017152
0 0.467466 0.473317 0.117466 0.040810
0 0.410605 0.497748 0.059789 0.032257
0 0.454655 0.497611 0.042322 0.014331
0 0.475672 0.510350 0.040595 0.016151
0 0.548273 0.473021 0.041459 0.030027
0 0.523321 0.428685 0.042226 0.014695
0 0.497073 0.414263 0.035029 0.008781
0 0.520250 0.393904 0.058925 0.013740
0 0.505374 0.377025 0.039155 0.011829
0 0.565883 0.368016 0.032917 0.007279
0 0.576536 0.356870 0.023129 0.007461
0 0.670250 0.273931 0.038388 0.013922
0 0.784405 0.214240 0.047505 0.023658