0 0.177667 0.821130 0.038444 0.019659
0 0.222361 0.840344 0.027944 0.017144
0 0.859750 0.104276 0.032944 0.030534
0 0.228944 0.817879 0.059222 0.032198
0 0.266333 0.787016 0.028667 0.019002
0 0.527583 0.452303 0.029500 0.013661
0 0.214361 0.790499 0.066500 0.039280
0 0.481417 0.509675 0.013056 0.011687
0 0.509972 0.467221 0.009500 0.011533
0 0.517889 0.469756 0.008333 0.010255
0 0.544139 0.441176 0.008611 0.007276
0 0.784056 0.336300 0.028111 0.045279
0 0.793000 0.230147 0.013333 0.011068
0 0.801694 0.338042 0.013833 0.010681
0 0.240083 0.805979 0.015278 0.007933