0 0.702280 0.849038 0.012744 0.011021
0 0.608106 0.777977 0.014653 0.009726
0 0.669992 0.823909 0.011925 0.027478
0 0.584957 0.765496 0.016290 0.015163
0 0.157892 0.394896 0.021941 0.008506
0 0.264614 0.444804 0.103585 0.080067
0 0.328410 0.486890 0.040062 0.027034
0 0.298305 0.487759 0.006586 0.011391
0 0.352260 0.493658 0.021044 0.014904
0 0.341836 0.520285 0.029345 0.028883
0 0.422740 0.573003 0.068083 0.110355
0 0.514770 0.714312 0.049571 0.070266
0 0.553605 0.726572 0.036672 0.031472
0 0.554131 0.752348 0.032034 0.022522
0 0.567303 0.766790 0.027670 0.013757
0 0.605436 0.793417 0.057405 0.026109
0 0.625292 0.774519 0.017615 0.012574
0 0.651656 0.796154 0.027708 0.019009
0 0.705164 0.837592 0.054521 0.052330
0 0.766504 0.854493 0.075019 0.037907
0 0.756060 0.889275 0.082580 0.037130