0 0.470401 0.852837 0.080896 0.026455
0 0.478125 0.910372 0.053892 0.015586
0 0.254658 0.709543 0.071108 0.014886
0 0.412205 0.302579 0.115920 0.024761
0 0.546698 0.888154 0.026651 0.004901
0 0.534434 0.894455 0.026415 0.005785
0 0.273821 0.780785 0.054009 0.011017
0 0.275413 0.741783 0.061203 0.020781
0 0.245342 0.742944 0.077005 0.022808
0 0.351769 0.738357 0.025000 0.015991
0 0.264800 0.680416 0.066392 0.007332
0 0.233844 0.657111 0.095991 0.031024
0 0.220283 0.634359 0.023585 0.012417
0 0.355189 0.614720 0.027123 0.007775
0 0.309021 0.655711 0.028420 0.006485
0 0.308903 0.449134 0.027948 0.007553
0 0.468160 0.365825 0.085377 0.019860
0 0.381604 0.367907 0.059906 0.016728
0 0.438915 0.337841 0.156132 0.024024
0 0.493160 0.310096 0.037264 0.020044
0 0.467276 0.281282 0.044222 0.008106
0 0.509198 0.254679 0.031368 0.007369