0 0.720657 0.252627 0.034821 0.050608
0 0.613028 0.232550 0.039854 0.027489
0 0.599351 0.210868 0.045942 0.026051
0 0.653247 0.243584 0.026299 0.018473
0 0.586039 0.339629 0.035065 0.031471
0 0.432062 0.468473 0.052922 0.029867
0 0.668750 0.260758 0.040260 0.020188
0 0.688109 0.232494 0.027516 0.020409
0 0.293019 0.485260 0.049513 0.025166
0 0.326826 0.501272 0.073295 0.035288
0 0.401461 0.460398 0.061526 0.041482
0 0.449675 0.443778 0.029870 0.018529
0 0.397443 0.393778 0.024107 0.019967
0 0.412744 0.375083 0.029545 0.012666
0 0.468709 0.497843 0.028977 0.014270
0 0.557670 0.220409 0.020536 0.023562
0 0.657995 0.216952 0.020698 0.033131
0 0.642614 0.135647 0.059416 0.036228
0 0.654911 0.156775 0.037094 0.021958
0 0.644724 0.178125 0.026136 0.018639
0 0.743872 0.160813 0.038068 0.039436
0 0.708117 0.126162 0.029870 0.036062