0 0.777249 0.894662 0.074339 0.047101
0 0.772884 0.920459 0.067328 0.024686
0 0.748909 0.810966 0.033532 0.038454
0 0.772123 0.845024 0.054299 0.038744
0 0.769048 0.768237 0.045767 0.030386
0 0.707837 0.898720 0.023611 0.044879
0 0.687599 0.831304 0.029431 0.021256
0 0.709623 0.805652 0.013955 0.019614
0 0.732771 0.729638 0.020437 0.016570
0 0.684623 0.697101 0.022553 0.016908
0 0.690675 0.716473 0.016270 0.018164
0 0.652017 0.621594 0.031548 0.011401
0 0.652579 0.597150 0.012963 0.014106
0 0.481283 0.336208 0.019312 0.025749
0 0.235020 0.211039 0.018452 0.026425
0 0.253472 0.156812 0.024140 0.015459