0 0.491854 0.533473 0.011657 0.029961
0 0.522577 0.513724 0.036728 0.022165
0 0.723876 0.453640 0.033006 0.046456
0 0.530723 0.547262 0.057514 0.034214
0 0.455583 0.552996 0.027317 0.026482
0 0.235077 0.708505 0.037289 0.015722
0 0.277353 0.712081 0.032514 0.021070
0 0.244768 0.671553 0.015801 0.039755
0 0.326615 0.693879 0.028511 0.021263
0 0.381671 0.529994 0.027107 0.023389
0 0.434515 0.570844 0.042486 0.008312
0 0.466046 0.588853 0.021980 0.012500
0 0.481074 0.609085 0.031531 0.013273
0 0.563624 0.506186 0.040730 0.025515
0 0.688027 0.435438 0.040520 0.030541
0 0.619242 0.424195 0.039326 0.038982
0 0.740976 0.404124 0.096138 0.029768
0 0.759375 0.379285 0.017907 0.017075
0 0.789923 0.373582 0.028020 0.007990
0 0.753160 0.442075 0.016433 0.013531
0 0.762570 0.457442 0.026545 0.011662
0 0.791573 0.420780 0.021629 0.010116
0 0.659235 0.396617 0.044452 0.017977
0 0.693820 0.379543 0.042135 0.026353