0 0.376094 0.119137 0.066705 0.022552
0 0.415956 0.144201 0.035829 0.017268
0 0.403744 0.303436 0.049194 0.022079
0 0.330645 0.363058 0.090783 0.031701
0 0.401728 0.390936 0.142396 0.023282
0 0.437442 0.439626 0.036406 0.029424
0 0.367915 0.504059 0.077074 0.041108
0 0.466705 0.534858 0.059217 0.037672
0 0.552477 0.586598 0.037212 0.028351
0 0.390092 0.621070 0.043088 0.022380
0 0.337961 0.804059 0.080760 0.031057
0 0.342108 0.834558 0.046659 0.023067
0 0.526094 0.663767 0.029378 0.009665
0 0.429896 0.633505 0.042972 0.018471
0 0.372408 0.421220 0.035829 0.006100
0 0.384332 0.447917 0.025346 0.013445
0 0.496141 0.421671 0.026843 0.010610
0 0.418491 0.325945 0.030300 0.022251
0 0.464343 0.335997 0.024078 0.018041
0 0.319528 0.199291 0.022696 0.013960
0 0.277189 0.201353 0.033871 0.026418
0 0.289747 0.158226 0.054608 0.018428
0 0.359562 0.155026 0.044009 0.017955
0 0.266532 0.314197 0.039055 0.012586