0 0.160892 0.820748 0.037392 0.031518
0 0.257081 0.803654 0.016329 0.018693
0 0.247110 0.777460 0.008526 0.009171
0 0.838204 0.202354 0.010947 0.019466
0 0.902854 0.188721 0.010694 0.024807
0 0.911380 0.163721 0.013078 0.015355
0 0.624115 0.429058 0.021568 0.032396
0 0.611452 0.462509 0.020520 0.011103
0 0.617522 0.481413 0.019942 0.016936
0 0.149693 0.852477 0.008490 0.013176
0 0.243046 0.760488 0.005022 0.005095
0 0.245827 0.744905 0.007984 0.007941
0 0.408887 0.633556 0.006575 0.005200
0 0.511434 0.560137 0.007840 0.006360
0 0.509158 0.553935 0.005166 0.004919
0 0.540083 0.572997 0.007840 0.010857
0 0.534068 0.579779 0.003974 0.005376
0 0.520033 0.539283 0.020051 0.010682
0 0.541727 0.556079 0.006720 0.008222
0 0.588421 0.510401 0.008418 0.009206
0 0.564957 0.498911 0.010910 0.005833
0 0.632514 0.442516 0.006647 0.011665
0 0.650452 0.455675 0.005744 0.012755
0 0.706647 0.388387 0.020303 0.028848
0 0.885405 0.176476 0.003396 0.005587
0 0.908960 0.206167 0.006720 0.003197
0 0.918840 0.185805 0.010947 0.012649