0 0.257440 0.869912 0.025317 0.013627
0 0.226093 0.855176 0.022003 0.006479
0 0.329302 0.802289 0.053103 0.009577
0 0.417066 0.703592 0.023836 0.021831
0 0.506453 0.278239 0.044499 0.020352
0 0.518406 0.255053 0.055853 0.026444
0 0.541396 0.277606 0.020310 0.013099
0 0.189669 0.878908 0.027856 0.008662
0 0.234450 0.871637 0.029972 0.012500
0 0.217736 0.863063 0.017419 0.006127
0 0.251269 0.855863 0.015938 0.010739
0 0.352151 0.818081 0.009097 0.005880
0 0.313399 0.810352 0.011142 0.006761
0 0.366467 0.804613 0.011777 0.008239
0 0.399859 0.751479 0.013681 0.017465
0 0.356664 0.830880 0.014457 0.006972
0 0.339915 0.825264 0.011142 0.010880
0 0.397003 0.706004 0.013893 0.004965
0 0.493618 0.678944 0.016432 0.004225
0 0.534732 0.666479 0.023484 0.017183
0 0.508039 0.332606 0.040056 0.021127
0 0.561777 0.297025 0.038787 0.024472
0 0.526234 0.295264 0.015233 0.008908
0 0.493018 0.234085 0.030042 0.025282
0 0.535437 0.197025 0.055078 0.039754
0 0.487377 0.154982 0.092948 0.057148