0 0.865583 0.611337 0.070753 0.066396
0 0.290177 0.134713 0.023929 0.014232
0 0.295901 0.189340 0.030355 0.017749
0 0.308346 0.171429 0.026145 0.014177
0 0.822563 0.595725 0.021049 0.013095
0 0.921677 0.582224 0.018685 0.027327
0 0.867282 0.554221 0.027474 0.020346
0 0.839549 0.551245 0.009970 0.019481
0 0.911263 0.557549 0.010709 0.022565
0 0.923006 0.622267 0.013811 0.018669
0 0.911115 0.629464 0.006573 0.009361
0 0.756462 0.481845 0.068907 0.029708
0 0.722674 0.443966 0.026145 0.029383
0 0.722821 0.475135 0.020532 0.014556
0 0.667245 0.393290 0.027843 0.034199
0 0.636817 0.361228 0.021787 0.019968
0 0.599483 0.336661 0.038405 0.015097
0 0.615066 0.351272 0.025258 0.015639
0 0.610524 0.304924 0.011300 0.007684
0 0.583087 0.274432 0.030428 0.016180
0 0.629284 0.280384 0.015583 0.010985
0 0.583530 0.244535 0.022747 0.009416
0 0.591285 0.229004 0.009453 0.009091
0 0.502548 0.208658 0.028730 0.012121
0 0.409417 0.174811 0.038626 0.020400
0 0.350443 0.172565 0.038405 0.015584
0 0.250480 0.123891 0.025480 0.018236