0 0.735205 0.726629 0.108404 0.087134
0 0.731638 0.628257 0.053390 0.023208
0 0.761158 0.755334 0.022458 0.015879
0 0.668397 0.797537 0.023517 0.019666
0 0.641419 0.830924 0.034675 0.023005
0 0.736794 0.800916 0.032345 0.023575
0 0.739901 0.753868 0.018927 0.006678
0 0.717302 0.773779 0.035028 0.010586
0 0.713771 0.702341 0.019915 0.011767
0 0.608792 0.609568 0.020551 0.014902
0 0.600883 0.592182 0.017161 0.012948
0 0.571540 0.572353 0.023164 0.013111
0 0.619915 0.535932 0.039831 0.016002
0 0.595233 0.519890 0.018008 0.012011
0 0.586158 0.497333 0.016808 0.010953