0 0.401724 0.667446 0.046154 0.023223
0 0.414390 0.649343 0.042175 0.014760
0 0.391114 0.626159 0.027851 0.009892
0 0.430405 0.577260 0.018103 0.014335
0 0.488627 0.585066 0.046485 0.016808
0 0.532493 0.479772 0.028780 0.030564
0 0.470690 0.466094 0.031698 0.012403
0 0.560776 0.428381 0.025531 0.014335
0 0.263229 0.758346 0.046220 0.053323
0 0.356399 0.669880 0.040650 0.013253
0 0.426326 0.539162 0.016048 0.016886
0 0.510312 0.515147 0.049403 0.031762
0 0.461804 0.498261 0.028515 0.020556
0 0.547944 0.461051 0.025332 0.015611
0 0.569562 0.443605 0.017374 0.012867
0 0.623972 0.272952 0.044098 0.025116
0 0.655902 0.235800 0.035013 0.019745
0 0.745391 0.211515 0.062931 0.031144
0 0.723176 0.180390 0.078846 0.022836
0 0.757427 0.168238 0.049735 0.022720