0 0.589702 0.700114 0.016781 0.036401
0 0.631018 0.454190 0.029305 0.062683
0 0.668200 0.281502 0.018200 0.026190
0 0.664176 0.336607 0.022921 0.019734
0 0.602948 0.649519 0.004428 0.015614
0 0.597896 0.645994 0.002789 0.013507
0 0.624645 0.542033 0.011864 0.032784
0 0.633623 0.519986 0.012402 0.031273
0 0.666597 0.304144 0.012011 0.015430
0 0.655284 0.317102 0.017515 0.021749
0 0.694704 0.276923 0.009320 0.015934
0 0.700771 0.231708 0.010005 0.017811
0 0.714702 0.209684 0.005186 0.013965
0 0.748288 0.182257 0.005920 0.016712
0 0.736008 0.180128 0.004941 0.014011
0 0.799572 0.114538 0.011424 0.009478
0 0.703865 0.192285 0.014286 0.013049