0 0.248889 0.358818 0.066784 0.053295
0 0.601316 0.234811 0.053860 0.044041
0 0.805322 0.235514 0.056491 0.031589
0 0.231433 0.417587 0.043216 0.030717
0 0.177281 0.404748 0.013392 0.015891
0 0.205409 0.380620 0.014912 0.014438
0 0.293450 0.331904 0.035439 0.025533
0 0.380965 0.328585 0.034444 0.033818
0 0.794240 0.197214 0.012456 0.018944
0 0.856082 0.180547 0.011111 0.015165
0 0.648421 0.230523 0.013099 0.010465
0 0.851871 0.167902 0.011930 0.008963
0 0.862895 0.126986 0.015263 0.009205
0 0.814298 0.157922 0.014795 0.010029
0 0.832602 0.208648 0.014211 0.014874
0 0.815614 0.196657 0.008421 0.010562
0 0.806170 0.186676 0.006374 0.009205