0 0.350234 0.695938 0.046307 0.020213
0 0.358148 0.668931 0.018640 0.024226
0 0.360639 0.635928 0.017057 0.020116
0 0.377726 0.622655 0.020516 0.025580
0 0.396571 0.633922 0.018230 0.018617
0 0.229924 0.772727 0.045545 0.034139
0 0.281594 0.754739 0.036928 0.021663
0 0.287104 0.718786 0.017819 0.013395
0 0.369138 0.682640 0.030657 0.020986
0 0.414801 0.690837 0.029601 0.033801
0 0.416120 0.629304 0.018288 0.020406
0 0.418757 0.598017 0.017819 0.013733
0 0.446864 0.589749 0.014361 0.011509
0 0.381272 0.602708 0.009437 0.016248
0 0.461342 0.553482 0.008382 0.014023
0 0.470985 0.526136 0.019695 0.020164
0 0.517233 0.502394 0.031653 0.023936
0 0.524326 0.522872 0.030481 0.012379
0 0.549033 0.511025 0.020926 0.009381
0 0.489009 0.511291 0.016354 0.009139
0 0.498798 0.554304 0.019637 0.009574
0 0.598623 0.427224 0.038746 0.019536
0 0.585141 0.404497 0.014830 0.011605
0 0.605598 0.393496 0.012485 0.011847