0 0.163189 0.802533 0.057091 0.026961
0 0.305186 0.826348 0.023582 0.019935
0 0.397022 0.776777 0.036994 0.036397
0 0.501600 0.677431 0.021353 0.028717
0 0.614627 0.588358 0.018476 0.022876
0 0.642382 0.545037 0.038979 0.044158
0 0.819267 0.277757 0.038938 0.025858
0 0.103201 0.786499 0.026418 0.027083
0 0.158712 0.826573 0.143679 0.049387
0 0.443436 0.810478 0.039384 0.031822
0 0.413736 0.675899 0.022366 0.034886
0 0.517788 0.620404 0.022123 0.030515
0 0.535474 0.629534 0.027350 0.034477
0 0.498845 0.608150 0.068841 0.056904
0 0.591349 0.571507 0.023865 0.017770
0 0.685028 0.476757 0.026540 0.031536
0 0.712642 0.469567 0.020989 0.022059
0 0.721130 0.433742 0.025729 0.015441
0 0.777188 0.397876 0.036953 0.019363
0 0.746009 0.368546 0.014708 0.038317
0 0.811163 0.262623 0.030024 0.016503
0 0.775729 0.359845 0.019692 0.019036
0 0.695199 0.509538 0.018274 0.013930
0 0.700588 0.492341 0.022407 0.015237
0 0.653424 0.513480 0.012601 0.025327