0 0.495789 0.355590 0.024593 0.027950
0 0.505526 0.389014 0.018421 0.033463
0 0.547847 0.425815 0.005646 0.008618
0 0.422967 0.357259 0.022392 0.020885
0 0.398397 0.288238 0.018325 0.023680
0 0.292129 0.270575 0.024067 0.068168
0 0.351938 0.345536 0.006459 0.011879
0 0.411077 0.232803 0.032871 0.051630
0 0.430718 0.254581 0.012440 0.014286
0 0.438373 0.307298 0.012919 0.015839
0 0.435167 0.323486 0.013780 0.008773
0 0.439689 0.338121 0.009809 0.013665
0 0.463947 0.274107 0.014689 0.024457
0 0.539976 0.385908 0.066938 0.098835