0 0.717915 0.188525 0.025304 0.019401
0 0.729555 0.161280 0.007368 0.011253
0 0.820000 0.163248 0.036194 0.049335
0 0.171275 0.613969 0.025223 0.034035
0 0.154696 0.639412 0.006478 0.017738
0 0.108563 0.727328 0.015425 0.024723
0 0.124291 0.743237 0.006316 0.012195
0 0.126113 0.703298 0.007206 0.011031
0 0.125486 0.762334 0.010324 0.007594
0 0.165789 0.658176 0.025830 0.018792
0 0.269069 0.582012 0.009798 0.013581
0 0.270040 0.566186 0.011660 0.010200
0 0.282794 0.447256 0.017328 0.013359
0 0.229170 0.536059 0.034453 0.021231
0 0.486984 0.237943 0.014615 0.021674
0 0.571741 0.215133 0.066316 0.079047