0 0.198911 0.677136 0.026071 0.013665
0 0.636202 0.394280 0.029847 0.032627
0 0.116848 0.768538 0.033696 0.021116
0 0.183769 0.739742 0.028250 0.024188
0 0.126198 0.750706 0.019717 0.014831
0 0.173602 0.679608 0.012854 0.006886
0 0.170897 0.702101 0.008824 0.009075
0 0.183715 0.695233 0.011583 0.004802
0 0.245643 0.664107 0.007335 0.016419
0 0.471678 0.462888 0.010022 0.016667
0 0.502651 0.460417 0.009877 0.010946
0 0.705901 0.377666 0.009477 0.009357
0 0.752996 0.315078 0.013689 0.012218
0 0.772222 0.287200 0.011474 0.012606
0 0.793936 0.182733 0.030937 0.021822
0 0.839179 0.173005 0.032680 0.027790