0 0.381333 0.828509 0.064667 0.047725
0 0.502611 0.770934 0.034778 0.021733
0 0.493611 0.713964 0.029556 0.022217
0 0.605944 0.692135 0.045778 0.025702
0 0.389583 0.791191 0.029056 0.017425
0 0.417111 0.786133 0.016000 0.019216
0 0.458083 0.814061 0.024722 0.015150
0 0.463361 0.783470 0.019722 0.008277
0 0.547667 0.723451 0.070778 0.038190
0 0.628056 0.665634 0.023778 0.018296
0 0.704694 0.541142 0.033278 0.023136
0 0.680444 0.405881 0.029778 0.016409
0 0.713500 0.374564 0.051000 0.011084
0 0.855556 0.155639 0.038111 0.020378
0 0.868361 0.174782 0.015944 0.014230
0 0.645750 0.642062 0.033833 0.020426
0 0.585972 0.686786 0.035167 0.022556
0 0.679472 0.523258 0.036056 0.028606