0 0.112709 0.333123 0.022841 0.024852
0 0.129211 0.350964 0.010679 0.037685
0 0.112581 0.365894 0.009862 0.015838
0 0.152052 0.389392 0.013000 0.016543
0 0.186850 0.459069 0.010829 0.010794
0 0.197325 0.451298 0.009261 0.009866
0 0.207402 0.442934 0.007327 0.011461
0 0.101375 0.294492 0.022862 0.023553
0 0.096498 0.321031 0.039450 0.029303
0 0.156231 0.368194 0.027159 0.030527
0 0.122185 0.378375 0.005479 0.010163
0 0.134454 0.339800 0.015019 0.035015
0 0.140406 0.393620 0.011453 0.022997
0 0.153062 0.408791 0.010206 0.019881
0 0.170875 0.436461 0.015535 0.021662
0 0.252546 0.502207 0.011066 0.014206
0 0.250355 0.530007 0.009777 0.020030
0 0.294284 0.600019 0.018908 0.023776
0 0.306833 0.580007 0.008638 0.021365
0 0.332929 0.631231 0.029459 0.042285