0 0.262218 0.721873 0.043383 0.017839
0 0.356391 0.629885 0.046466 0.024315
0 0.369662 0.607143 0.046541 0.023612
0 0.428872 0.589933 0.058496 0.027091
0 0.594812 0.335326 0.050226 0.032828
0 0.709286 0.134771 0.069398 0.044449
0 0.244699 0.745836 0.081579 0.031421
0 0.439248 0.566987 0.073083 0.012879
0 0.391466 0.590248 0.027293 0.018838
0 0.429286 0.507865 0.026391 0.009141
0 0.459023 0.510104 0.027068 0.008068
0 0.508383 0.453756 0.032406 0.011140
0 0.592444 0.396669 0.034211 0.017543
0 0.618496 0.365303 0.033233 0.025500
0 0.635789 0.347002 0.030677 0.014064
0 0.612782 0.319560 0.073684 0.027794
0 0.618120 0.298594 0.056541 0.027017
0 0.676391 0.167894 0.070376 0.047927