0 0.502891 0.439307 0.038376 0.033214
0 0.459550 0.510245 0.042114 0.057885
0 0.475175 0.454630 0.024883 0.030526
0 0.520181 0.570609 0.024474 0.054241
0 0.717202 0.553524 0.118750 0.057228
0 0.511887 0.653435 0.027862 0.022640
0 0.550000 0.668369 0.015654 0.015352
0 0.445298 0.730496 0.024357 0.021446
0 0.547985 0.785992 0.012675 0.020968
0 0.528183 0.772342 0.019918 0.014098
0 0.535631 0.740293 0.028738 0.033154
0 0.558557 0.759677 0.008586 0.016249
0 0.509521 0.741756 0.012734 0.015293
0 0.574620 0.770789 0.015713 0.024253
0 0.558937 0.776941 0.006308 0.012903
0 0.549474 0.710633 0.011682 0.014217
0 0.504089 0.556452 0.009463 0.014456
0 0.492144 0.512903 0.025993 0.019594