0 0.348510 0.752540 0.036635 0.021568
0 0.303269 0.726430 0.013846 0.008378
0 0.316875 0.613509 0.038173 0.013022
0 0.257692 0.571383 0.028654 0.010128
0 0.345433 0.393809 0.115673 0.034051
0 0.226154 0.422746 0.049038 0.015612
0 0.440000 0.290192 0.073462 0.014637
0 0.452067 0.267816 0.074712 0.020895
0 0.407067 0.845760 0.014135 0.008143
0 0.404327 0.796703 0.009808 0.004913
0 0.445769 0.789620 0.012308 0.007167
0 0.413654 0.763442 0.014615 0.005686
0 0.355913 0.681982 0.017788 0.009186
0 0.305721 0.602019 0.022019 0.004711
0 0.255625 0.550421 0.022019 0.006427
0 0.206058 0.492379 0.023462 0.010128
0 0.258654 0.338022 0.023462 0.013392
0 0.354423 0.274512 0.018846 0.011070
0 0.325288 0.310397 0.028077 0.008816
0 0.417885 0.305619 0.016923 0.006191