0 0.732233 0.308610 0.077388 0.084884
0 0.738237 0.403239 0.093469 0.064286
0 0.581777 0.572841 0.017205 0.016334
0 0.611306 0.556949 0.021770 0.013455
0 0.620365 0.563455 0.010674 0.010963
0 0.646805 0.523256 0.011587 0.011960
0 0.710112 0.468328 0.021208 0.010299
0 0.722226 0.448145 0.011447 0.006921
0 0.704916 0.438040 0.012360 0.008859
0 0.683743 0.364729 0.026615 0.021927
0 0.787711 0.328488 0.032444 0.012237
0 0.754740 0.359025 0.021699 0.013178
0 0.755302 0.339424 0.025772 0.013953
0 0.686587 0.382890 0.030618 0.019491
0 0.706426 0.491002 0.018188 0.009136
0 0.686271 0.461573 0.008778 0.005094
0 0.713624 0.454236 0.027247 0.006257
0 0.719347 0.358915 0.014677 0.013400