0 0.650094 0.747256 0.028990 0.005960
0 0.652712 0.740606 0.017768 0.005387
0 0.692830 0.726987 0.017082 0.013367
0 0.492363 0.486700 0.017394 0.016902
0 0.546135 0.427088 0.032170 0.005623
0 0.633728 0.760286 0.050374 0.010404
0 0.678055 0.704512 0.023940 0.007879
0 0.693703 0.682845 0.016958 0.015185
0 0.600748 0.644024 0.025810 0.011684
0 0.640617 0.621061 0.024626 0.010202
0 0.621665 0.597104 0.027494 0.012660
0 0.593610 0.583620 0.016521 0.005017
0 0.658292 0.572391 0.012594 0.014343
0 0.598317 0.437508 0.023192 0.006599
0 0.518485 0.363367 0.050935 0.016162
0 0.499751 0.317963 0.040025 0.031886
0 0.354239 0.347391 0.010723 0.018283
0 0.376403 0.302963 0.067768 0.022290
0 0.614090 0.788098 0.019327 0.011010
0 0.641241 0.797828 0.023628 0.021111
0 0.660505 0.819764 0.045574 0.018855