0 0.788406 0.136629 0.052644 0.034017
0 0.718693 0.124536 0.038897 0.011610
0 0.710838 0.137268 0.012613 0.006269
0 0.688784 0.130031 0.018656 0.013854
0 0.796412 0.117163 0.018807 0.017454
0 0.278021 0.839029 0.109366 0.091215
0 0.276435 0.725464 0.031269 0.010836
0 0.290219 0.703580 0.045393 0.017454
0 0.330211 0.718402 0.061480 0.030689
0 0.299245 0.655747 0.026284 0.018847
0 0.332893 0.596130 0.038897 0.018808
0 0.444298 0.447968 0.014728 0.016834
0 0.698263 0.263351 0.027190 0.018808
0 0.724736 0.222330 0.036480 0.017647
0 0.777417 0.189222 0.039879 0.030379
0 0.727568 0.184868 0.024471 0.026161
0 0.682213 0.158301 0.040710 0.020550
0 0.765785 0.143150 0.019184 0.010836
0 0.817258 0.127012 0.019713 0.021285
0 0.768844 0.084327 0.030438 0.010604
0 0.787840 0.104296 0.013595 0.007353
0 0.688746 0.114009 0.018127 0.009211