0 0.057519 0.628678 0.063609 0.034988
0 0.018816 0.637978 0.015526 0.017344
0 0.044906 0.662739 0.013195 0.015789
0 0.063515 0.670096 0.019511 0.030981
0 0.372481 0.532237 0.031579 0.035885
0 0.019041 0.726286 0.022143 0.021352
0 0.103233 0.761513 0.015789 0.021830
0 0.119211 0.752004 0.010977 0.024222
0 0.091353 0.824043 0.022932 0.062081
0 0.086147 0.663517 0.048158 0.066746
0 0.388684 0.567524 0.024511 0.030144
0 0.401861 0.524611 0.021015 0.025299
0 0.547989 0.547010 0.037556 0.083852
0 0.538778 0.268092 0.033647 0.043242
0 0.527538 0.221232 0.011241 0.020694
0 0.364586 0.255801 0.014211 0.025120
0 0.293365 0.536842 0.035150 0.045215
0 0.413515 0.539324 0.038985 0.071471
0 0.470056 0.578319 0.039737 0.051495
0 0.224944 0.592733 0.038383 0.057476
0 0.103571 0.658224 0.010827 0.014533