0 0.349248 0.624322 0.024774 0.022829
0 0.102658 0.291705 0.046540 0.016667
0 0.331745 0.618721 0.016750 0.033721
0 0.313867 0.605969 0.015597 0.021705
0 0.315496 0.624632 0.008726 0.011667
0 0.336535 0.568101 0.049498 0.037209
0 0.341600 0.538547 0.013892 0.009651
0 0.375276 0.530426 0.016851 0.023101
0 0.364569 0.492151 0.036459 0.021202
0 0.359955 0.506899 0.016901 0.005504
0 0.484328 0.418837 0.024524 0.009380
0 0.477182 0.406512 0.012237 0.007132
0 0.517202 0.264283 0.025777 0.027248
0 0.559905 0.238159 0.027934 0.022132
0 0.584980 0.247733 0.022718 0.020039
0 0.563892 0.204186 0.025577 0.021395
0 0.596615 0.182539 0.028736 0.038566
0 0.647041 0.186453 0.075827 0.056628
0 0.573821 0.145853 0.024072 0.015736
0 0.629814 0.114225 0.026229 0.018915
0 0.654764 0.094535 0.016249 0.011628
0 0.197192 0.315523 0.120963 0.069574
0 0.170913 0.268236 0.031194 0.010891