0 0.572556 0.541731 0.042556 0.044798
0 0.588278 0.589402 0.034111 0.026398
0 0.143000 0.744565 0.054111 0.033307
0 0.398139 0.613063 0.030056 0.023797
0 0.361000 0.667702 0.032889 0.032764
0 0.377833 0.715004 0.016667 0.015877
0 0.087444 0.855474 0.032111 0.008696
0 0.173528 0.795225 0.016611 0.007065
0 0.112056 0.768711 0.014556 0.016071
0 0.166750 0.785054 0.016611 0.008152
0 0.209222 0.712966 0.025556 0.013509
0 0.201139 0.697341 0.010056 0.010675
0 0.385972 0.664557 0.017167 0.013820
0 0.378611 0.534336 0.038667 0.034356
0 0.414472 0.538393 0.028611 0.044488
0 0.406500 0.727465 0.018889 0.011297
0 0.616278 0.429445 0.034111 0.015411
0 0.572528 0.480105 0.018722 0.023874
0 0.573667 0.500175 0.016222 0.020148
0 0.610306 0.460268 0.023611 0.017585