0 0.325992 0.281189 0.020292 0.019508
0 0.437440 0.676045 0.136401 0.102090
0 0.757768 0.808422 0.012859 0.026516
0 0.770758 0.824365 0.007672 0.031680
0 0.756943 0.839037 0.015320 0.016434
0 0.792591 0.832336 0.010803 0.034016
0 0.803059 0.840902 0.004111 0.017377
0 0.811341 0.826947 0.018188 0.031189
0 0.475167 0.409057 0.014914 0.023197
0 0.240918 0.368197 0.022228 0.043361
0 0.275227 0.340635 0.006429 0.013811
0 0.280796 0.332643 0.004708 0.007992
0 0.290404 0.327664 0.004183 0.009016
0 0.329708 0.307008 0.007887 0.007213