0 0.511779 0.801066 0.031763 0.054167
0 0.659008 0.761337 0.043847 0.022674
0 0.842267 0.827907 0.047062 0.047965
0 0.547118 0.790262 0.041907 0.032558
0 0.488720 0.772408 0.030322 0.013711
0 0.462888 0.809084 0.028659 0.029603
0 0.428963 0.803367 0.011807 0.021366
0 0.392711 0.777156 0.029213 0.009060
0 0.861419 0.648183 0.031929 0.041134
0 0.645122 0.423619 0.022062 0.025436
0 0.789357 0.319138 0.025388 0.039341
0 0.823697 0.172190 0.052384 0.057074
0 0.747034 0.779845 0.052162 0.039050
0 0.812999 0.788711 0.033647 0.019477