0 0.401420 0.498472 0.117289 0.041280
0 0.399472 0.461858 0.040016 0.017359
0 0.450568 0.615750 0.035877 0.019030
0 0.406615 0.545538 0.058198 0.017237
0 0.591153 0.634209 0.039610 0.019112
0 0.274188 0.145293 0.072565 0.031826
0 0.232468 0.164650 0.038312 0.033048
0 0.268182 0.170395 0.037338 0.029299
0 0.222971 0.191626 0.063636 0.015363
0 0.247727 0.376915 0.037500 0.010962
0 0.208604 0.245151 0.016558 0.010513
0 0.237946 0.205746 0.028490 0.019804
0 0.349797 0.474552 0.040666 0.025713
0 0.437378 0.596496 0.067127 0.010350
0 0.488149 0.588407 0.028247 0.008761
0 0.457508 0.635086 0.024432 0.012795
0 0.503856 0.635595 0.031575 0.027588
0 0.558401 0.622494 0.021997 0.008150
0 0.613271 0.671985 0.013880 0.010391
0 0.669846 0.702669 0.021834 0.016911
0 0.741356 0.718256 0.031088 0.012551
0 0.784903 0.759698 0.053409 0.021027
0 0.641964 0.736390 0.013149 0.011165
0 0.634740 0.750978 0.019968 0.007579
0 0.669805 0.674715 0.027597 0.008109
0 0.458036 0.554605 0.051623 0.030644
0 0.482102 0.531296 0.039367 0.028036