0 0.599380 0.246342 0.060174 0.041909
0 0.363213 0.469549 0.023821 0.015746
0 0.237717 0.582025 0.011911 0.023547
0 0.275962 0.553852 0.029467 0.018847
0 0.284398 0.556129 0.049318 0.048207
0 0.145471 0.828973 0.019479 0.012209
0 0.129901 0.848910 0.020099 0.011579
0 0.160763 0.813590 0.031203 0.016812
0 0.233468 0.605935 0.024628 0.014196
0 0.350931 0.502204 0.022333 0.038614
0 0.395844 0.418217 0.015757 0.018895
0 0.396247 0.382001 0.024380 0.018653
0 0.438089 0.392393 0.020347 0.014535
0 0.554063 0.263784 0.069169 0.056831
0 0.638989 0.234448 0.080583 0.045543
0 0.514733 0.300484 0.029467 0.033236