0 0.769960 0.577539 0.154471 0.127095
0 0.763214 0.486375 0.075000 0.037539
0 0.697672 0.429180 0.055026 0.050643
0 0.678175 0.510078 0.048466 0.032395
0 0.625939 0.505022 0.043677 0.034967
0 0.623148 0.470410 0.031376 0.025344
0 0.412632 0.477783 0.050450 0.041685
0 0.403492 0.429734 0.037354 0.047672
0 0.425265 0.395111 0.026667 0.043481
0 0.487011 0.388237 0.039259 0.029734
0 0.519444 0.325078 0.059471 0.041508
0 0.484563 0.308271 0.027540 0.028958
0 0.075225 0.451341 0.041825 0.054035
0 0.115026 0.477716 0.027513 0.022483
0 0.425926 0.149745 0.053175 0.058647