0 0.705011 0.573319 0.020851 0.013132
0 0.684775 0.590948 0.005977 0.003563
0 0.689733 0.586925 0.003938 0.002989
0 0.362096 0.596451 0.019902 0.026006
0 0.732243 0.149828 0.011533 0.013161
0 0.302496 0.775848 0.027848 0.034914
0 0.335338 0.775014 0.030450 0.017845
0 0.348277 0.785302 0.025598 0.018247
0 0.769726 0.888707 0.018917 0.013046
0 0.666895 0.592629 0.010021 0.008190
0 0.417827 0.788736 0.007736 0.009138
0 0.591157 0.858937 0.020077 0.019195
0 0.780327 0.712055 0.010513 0.012443
0 0.486181 0.388822 0.014135 0.013793
0 0.744902 0.095833 0.018706 0.012299