0 0.665182 0.712124 0.021336 0.022334
0 0.644637 0.676048 0.012016 0.015360
0 0.706038 0.689517 0.011489 0.010574
0 0.406829 0.788537 0.019168 0.008067
0 0.679894 0.755264 0.021102 0.020465
0 0.642644 0.740565 0.060317 0.037192
0 0.624179 0.760962 0.026084 0.018733
0 0.535727 0.808387 0.022919 0.038742
0 0.416794 0.801299 0.017292 0.009617
0 0.574795 0.765770 0.023447 0.020055
0 0.725615 0.703327 0.037749 0.011851
0 0.668933 0.685779 0.050879 0.048769
0 0.700088 0.650706 0.029601 0.017457
0 0.705979 0.676208 0.024033 0.015223
0 0.387046 0.497242 0.076202 0.048541
0 0.291999 0.501823 0.100879 0.061167
0 0.226172 0.487580 0.044490 0.024111