0 0.616711 0.523674 0.018246 0.026003
0 0.587434 0.493047 0.031009 0.023221
0 0.568640 0.442141 0.021667 0.024903
0 0.682895 0.592723 0.013246 0.026973
0 0.439825 0.390653 0.030614 0.034217
0 0.779759 0.708344 0.055658 0.058991
0 0.708180 0.544599 0.040746 0.033829
0 0.637939 0.474709 0.031579 0.050065
0 0.803706 0.757956 0.085219 0.064812
0 0.738311 0.614909 0.043904 0.037710
0 0.690066 0.548577 0.018377 0.020440
0 0.631404 0.528234 0.051579 0.060996
0 0.558355 0.470246 0.039254 0.066753
0 0.436623 0.365944 0.040789 0.031113
0 0.392412 0.305013 0.014123 0.037451
0 0.313531 0.247380 0.008289 0.029043
0 0.297719 0.296442 0.011667 0.021992
0 0.337522 0.283215 0.026886 0.032277