0 0.076376 0.864155 0.021271 0.027750
0 0.094239 0.861467 0.014866 0.008950
0 0.175206 0.871224 0.012963 0.014978
0 0.387191 0.211886 0.014403 0.016004
0 0.084735 0.883561 0.006456 0.008515
0 0.092001 0.878558 0.012449 0.014854
0 0.101235 0.855718 0.027984 0.012865
0 0.097672 0.789636 0.013503 0.014264
0 0.084684 0.778216 0.019727 0.011995
0 0.119123 0.733126 0.011394 0.016159
0 0.110159 0.735876 0.011471 0.019608
0 0.107922 0.680127 0.022994 0.025886
0 0.133179 0.697296 0.018570 0.020510
0 0.149563 0.645385 0.009722 0.014388
0 0.117773 0.708002 0.025823 0.025264
0 0.135044 0.651942 0.012423 0.013953