0 0.157456 0.873948 0.030058 0.032427
0 0.446798 0.768851 0.012602 0.017055
0 0.244693 0.662039 0.017573 0.014563
0 0.371140 0.592120 0.028129 0.027864
0 0.320395 0.638754 0.006988 0.007605
0 0.369094 0.474806 0.012515 0.013430
0 0.430249 0.448350 0.014240 0.011456
0 0.136096 0.887799 0.009912 0.017411
0 0.143392 0.882605 0.009123 0.015372
0 0.224532 0.676246 0.009649 0.006861
0 0.250936 0.676068 0.008304 0.012006
0 0.342646 0.591311 0.013713 0.008252
0 0.707529 0.505809 0.020673 0.011618
0 0.313728 0.485421 0.019152 0.021197
0 0.325819 0.493220 0.015673 0.006893
0 0.312003 0.531796 0.018216 0.010065
0 0.321711 0.502977 0.028158 0.011974
0 0.353377 0.482605 0.006696 0.004951
0 0.355702 0.461375 0.006491 0.014207
0 0.221623 0.473350 0.016988 0.012848
0 0.205760 0.479256 0.013275 0.018123