0 0.211830 0.486797 0.016954 0.023151
0 0.465501 0.358691 0.045626 0.034393
0 0.215342 0.152922 0.020275 0.036243
0 0.490485 0.608654 0.012835 0.017678
0 0.218439 0.508136 0.025064 0.016642
0 0.171360 0.488018 0.018135 0.012574
0 0.240996 0.443491 0.018263 0.033210
0 0.445929 0.387001 0.014080 0.020155
0 0.472126 0.347670 0.014432 0.013536
0 0.495019 0.589811 0.006258 0.012019
0 0.497925 0.605381 0.007535 0.009061
0 0.499122 0.573928 0.010824 0.007766
0 0.433493 0.435595 0.009387 0.025925
0 0.458030 0.382304 0.014527 0.009652
0 0.455172 0.331084 0.007599 0.006324
0 0.465326 0.331305 0.006513 0.005658
0 0.462229 0.323576 0.003512 0.003291
0 0.473356 0.337445 0.010185 0.007064
0 0.463107 0.341993 0.008333 0.005658
0 0.473260 0.403902 0.008269 0.009800