0 0.074218 0.000000 0.111327 0.000000 0.111327 0.033203 0.074218 0.033203
0 0.628907 0.000001 0.716797 0.000001 0.716797 0.046876 0.628907 0.046876
0 0.492187 0.003907 0.519531 0.003907 0.519531 0.046876 0.492187 0.046876
0 0.777344 0.021485 0.835938 0.021485 0.835938 0.085938 0.777344 0.085938
0 0.857422 0.025391 0.896484 0.025391 0.896484 0.095703 0.857422 0.095703
0 0.683593 0.048828 0.730468 0.048828 0.730468 0.103516 0.683593 0.103516
0 0.333985 0.074219 0.394532 0.074219 0.394532 0.105469 0.333985 0.105469
0 0.074219 0.080078 0.119141 0.080078 0.119141 0.125000 0.074219 0.125000
0 0.947266 0.078126 0.986328 0.078126 0.986328 0.128907 0.947266 0.128907
0 0.345703 0.087890 0.373047 0.087890 0.373047 0.113281 0.345703 0.113281
0 0.978516 0.105469 1.000000 0.105469 1.000000 0.140625 0.978516 0.140625
0 0.017579 0.142577 0.078126 0.142577 0.078126 0.167968 0.017579 0.167968
0 0.160157 0.216797 0.207032 0.216797 0.207032 0.244141 0.160157 0.244141
0 0.000001 0.230468 0.064453 0.230468 0.064453 0.298828 0.000001 0.298828
0 0.224609 0.238281 0.273437 0.238281 0.273437 0.283203 0.224609 0.283203
0 0.964844 0.244141 1.000000 0.244141 1.000000 0.310547 0.964844 0.310547
0 0.335938 0.267578 0.365235 0.267578 0.365235 0.298828 0.335938 0.298828
0 0.888672 0.298828 0.925782 0.298828 0.925782 0.339844 0.888672 0.339844
0 0.453125 0.300781 0.490235 0.300781 0.490235 0.341797 0.453125 0.341797
0 0.078124 0.306641 0.138672 0.306641 0.138672 0.359375 0.078124 0.359375
0 0.671875 0.306641 0.707031 0.306641 0.707031 0.359375 0.671875 0.359375
0 0.187500 0.318360 0.236328 0.318360 0.236328 0.357422 0.187500 0.357422
0 0.255860 0.371093 0.289062 0.371093 0.289062 0.408203 0.255860 0.408203
0 0.210937 0.375000 0.255859 0.375000 0.255859 0.402344 0.210937 0.402344
0 0.687500 0.380859 0.716796 0.380859 0.716796 0.404297 0.687500 0.404297
0 0.056641 0.382813 0.107422 0.382813 0.107422 0.421875 0.056641 0.421875
0 0.173828 0.396485 0.238281 0.396485 0.238281 0.443360 0.173828 0.443360
0 0.609375 0.406250 0.666015 0.406250 0.666015 0.451172 0.609375 0.451172
0 0.150391 0.412110 0.187500 0.412110 0.187500 0.433594 0.150391 0.433594
0 0.013672 0.419922 0.076172 0.419922 0.076172 0.460938 0.013672 0.460938
0 0.357422 0.425782 0.406250 0.425782 0.406250 0.462890 0.357422 0.462890
0 0.412110 0.425781 0.458985 0.425781 0.458985 0.470703 0.412110 0.470703
0 0.460938 0.433594 0.482422 0.433594 0.482422 0.496094 0.460938 0.496094
0 0.730469 0.470702 0.748047 0.470702 0.748047 0.496094 0.730469 0.496094
0 0.000000 0.478516 0.048828 0.478516 0.048828 0.527344 0.000000 0.527344
0 0.949218 0.486328 0.999999 0.486328 0.999999 0.542968 0.949218 0.542968
0 0.884765 0.500000 0.939453 0.500000 0.939453 0.564454 0.884765 0.564454
0 0.126953 0.515625 0.162109 0.515625 0.162109 0.574219 0.126953 0.574219
0 0.597657 0.529296 0.648438 0.529296 0.648438 0.603515 0.597657 0.603515
0 0.130859 0.572265 0.171875 0.572265 0.171875 0.609375 0.130859 0.609375
0 0.462891 0.611328 0.513672 0.611328 0.513672 0.683594 0.462891 0.683594
0 0.787110 0.615235 0.806640 0.615235 0.806640 0.636719 0.787110 0.636719
0 0.357422 0.648438 0.398438 0.648438 0.398438 0.685547 0.357422 0.685547
0 0.447265 0.687501 0.470703 0.687501 0.470703 0.707032 0.447265 0.707032
0 0.841797 0.716797 0.886719 0.716797 0.886719 0.751953 0.841797 0.751953
0 0.720703 0.718750 0.748047 0.718750 0.748047 0.767578 0.720703 0.767578
0 0.564453 0.736328 0.634765 0.736328 0.634765 0.843750 0.564453 0.843750
0 0.005860 0.742187 0.044922 0.742187 0.044922 0.773437 0.005860 0.773437
0 0.423828 0.820312 0.458984 0.820312 0.458984 0.849609 0.423828 0.849609
0 0.650391 0.824219 0.681641 0.824219 0.681641 0.865235 0.650391 0.865235
0 0.009766 0.830078 0.041016 0.830078 0.041016 0.869140 0.009766 0.869140
0 0.884765 0.833984 0.939453 0.833984 0.939453 0.865234 0.884765 0.865234
0 0.687499 0.845704 0.761718 0.845704 0.761718 0.892579 0.687499 0.892579
0 0.402344 0.861328 0.447266 0.861328 0.447266 0.906250 0.402344 0.906250
0 0.146484 0.867187 0.195312 0.867187 0.195312 0.921875 0.146484 0.921875
0 0.294922 0.869141 0.328124 0.869141 0.328124 0.908203 0.294922 0.908203
0 0.470703 0.878906 0.511719 0.878906 0.511719 0.933594 0.470703 0.933594
0 0.054687 0.892578 0.099609 0.892578 0.099609 0.937500 0.054687 0.937500
0 0.671875 0.890625 0.707031 0.890625 0.707031 0.947265 0.671875 0.947265
0 0.275390 0.910157 0.304688 0.910157 0.304688 0.939453 0.275390 0.939453
0 0.396485 0.916016 0.453125 0.916016 0.453125 0.945312 0.396485 0.945312
0 0.460938 0.931641 0.486329 0.931641 0.486329 0.960938 0.460938 0.960938
0 0.156250 0.933594 0.232422 0.933594 0.232422 0.974610 0.156250 0.974610
0 0.345703 0.941406 0.410156 0.941406 0.410156 1.000000 0.345703 1.000000
0 0.425781 0.941406 0.460937 0.941406 0.460937 1.000000 0.425781 1.000000
0 0.093750 0.949218 0.148438 0.949218 0.148438 0.999999 0.093750 0.999999
0 0.216797 0.968750 0.248047 0.968750 0.248047 1.000000 0.216797 1.000000
0 0.259765 0.970704 0.289062 0.970704 0.289062 1.000000 0.259765 1.000000
0 0.000000 0.976562 0.042968 0.976562 0.042968 1.000000 0.000000 1.000000
