0 0.244141 0.000000 0.312500 0.000000 0.312500 0.015624 0.244141 0.015624
0 0.390625 0.000000 0.509765 0.000000 0.509765 0.056640 0.390625 0.056640
0 0.414063 0.037110 0.462891 0.037110 0.462891 0.076172 0.414063 0.076172
0 0.482422 0.046875 0.544922 0.046875 0.544922 0.082031 0.482422 0.082031
0 0.451172 0.056641 0.509766 0.056641 0.509766 0.091797 0.451172 0.091797
0 0.761719 0.058594 0.800781 0.058594 0.800781 0.097656 0.761719 0.097656
0 0.386719 0.066407 0.435547 0.066407 0.435547 0.095703 0.386719 0.095703
0 0.093749 0.111328 0.154297 0.111328 0.154297 0.179688 0.093749 0.179688
0 0.287110 0.117188 0.339844 0.117188 0.339844 0.166016 0.287110 0.166016
0 0.443359 0.123047 0.492187 0.123047 0.492187 0.175781 0.443359 0.175781
0 0.505860 0.125000 0.552735 0.125000 0.552735 0.164062 0.505860 0.164062
0 0.681641 0.152344 0.742188 0.152344 0.742188 0.207032 0.681641 0.207032
0 0.259766 0.160156 0.304688 0.160156 0.304688 0.226562 0.259766 0.226562
0 0.968750 0.160156 1.000000 0.160156 1.000000 0.191406 0.968750 0.191406
0 0.312500 0.166016 0.343750 0.166016 0.343750 0.222657 0.312500 0.222657
0 0.201172 0.167969 0.251953 0.167969 0.251953 0.220703 0.201172 0.220703
0 0.162109 0.175781 0.220703 0.175781 0.220703 0.234375 0.162109 0.234375
0 0.486328 0.175781 0.509766 0.175781 0.509766 0.203125 0.486328 0.203125
0 0.003906 0.197266 0.087890 0.197266 0.087890 0.246094 0.003906 0.246094
0 0.359375 0.195312 0.398437 0.195312 0.398437 0.267578 0.359375 0.267578
0 0.791016 0.207031 0.826172 0.207031 0.826172 0.246093 0.791016 0.246093
0 0.876953 0.220704 0.917969 0.220704 0.917969 0.289062 0.876953 0.289062
0 0.701172 0.234375 0.753906 0.234375 0.753906 0.292969 0.701172 0.292969
0 0.126953 0.238281 0.166015 0.238281 0.166015 0.296875 0.126953 0.296875
0 0.019532 0.248047 0.089844 0.248047 0.089844 0.300781 0.019532 0.300781
0 0.177734 0.248047 0.224609 0.248047 0.224609 0.302735 0.177734 0.302735
0 0.634765 0.255859 0.703125 0.255859 0.703125 0.300781 0.634765 0.300781
0 0.320312 0.265625 0.363282 0.265625 0.363282 0.310547 0.320312 0.310547
0 0.376953 0.273437 0.416015 0.273437 0.416015 0.332031 0.376953 0.332031
0 0.650390 0.281251 0.722656 0.281251 0.722656 0.328126 0.650390 0.328126
0 0.789062 0.283203 0.835938 0.283203 0.835938 0.324219 0.789062 0.324219
0 0.220703 0.285157 0.275391 0.285157 0.275391 0.349610 0.220703 0.349610
0 0.072266 0.292968 0.123047 0.292968 0.123047 0.347656 0.072266 0.347656
0 0.341797 0.294922 0.373047 0.294922 0.373047 0.353516 0.341797 0.353516
0 0.119141 0.296875 0.164063 0.296875 0.164063 0.341797 0.119141 0.341797
0 0.027344 0.306640 0.070312 0.306640 0.070312 0.332032 0.027344 0.332032
0 0.724609 0.304688 0.796875 0.304688 0.796875 0.361329 0.724609 0.361329
0 0.169922 0.316406 0.214844 0.316406 0.214844 0.361328 0.169922 0.361328
0 0.640625 0.318359 0.677735 0.318359 0.677735 0.345703 0.640625 0.345703
0 0.869140 0.328125 0.912110 0.328125 0.912110 0.359375 0.869140 0.359375
0 0.369140 0.333984 0.410156 0.333984 0.410156 0.375000 0.369140 0.375000
0 0.783203 0.355469 0.853515 0.355469 0.853515 0.386719 0.783203 0.386719
0 0.251953 0.359375 0.294923 0.359375 0.294923 0.421875 0.251953 0.421875
0 0.892578 0.359375 0.933594 0.359375 0.933594 0.425781 0.892578 0.425781
0 0.187500 0.365235 0.246094 0.365235 0.246094 0.412110 0.187500 0.412110
0 0.615234 0.371094 0.673828 0.371094 0.673828 0.419922 0.615234 0.419922
0 0.412110 0.376954 0.447266 0.376954 0.447266 0.445312 0.412110 0.445312
0 0.322265 0.380859 0.359375 0.380859 0.359375 0.425781 0.322265 0.425781
0 0.367188 0.382812 0.410157 0.382812 0.410157 0.445312 0.367188 0.445312
0 0.794922 0.384765 0.861328 0.384765 0.861328 0.427735 0.794922 0.427735
0 0.447266 0.398438 0.482422 0.398438 0.482422 0.447266 0.447266 0.447266
0 0.685547 0.400390 0.746093 0.400390 0.746093 0.455078 0.685547 0.455078
0 0.326172 0.404297 0.365234 0.404297 0.365234 0.458985 0.326172 0.458985
0 0.291016 0.414063 0.326172 0.414063 0.326172 0.466797 0.291016 0.466797
0 0.001953 0.423829 0.082031 0.423829 0.082031 0.460938 0.001953 0.460938
0 0.660156 0.429688 0.697265 0.429688 0.697265 0.466796 0.660156 0.466796
0 0.101563 0.435547 0.150391 0.435547 0.150391 0.509765 0.101563 0.509765
0 0.761719 0.433594 0.841797 0.433594 0.841797 0.500000 0.761719 0.500000
0 0.189453 0.443359 0.250001 0.443359 0.250001 0.488281 0.189453 0.488281
0 0.554688 0.441406 0.591797 0.441406 0.591797 0.468750 0.554688 0.468750
0 0.000000 0.453124 0.074218 0.453124 0.074218 0.499999 0.000000 0.499999
0 0.685547 0.457031 0.738281 0.457031 0.738281 0.517578 0.685547 0.517578
0 0.208985 0.468751 0.273438 0.468751 0.273438 0.519532 0.208985 0.519532
0 0.636718 0.468750 0.691406 0.468750 0.691406 0.546875 0.636718 0.546875
0 0.318360 0.478516 0.365235 0.478516 0.365235 0.517578 0.318360 0.517578
0 0.912109 0.478515 0.978515 0.478515 0.978515 0.566406 0.912109 0.566406
0 0.425781 0.484375 0.474609 0.484375 0.474609 0.539063 0.425781 0.539063
0 0.787109 0.484375 0.849609 0.484375 0.849609 0.525391 0.787109 0.525391
0 0.171875 0.503906 0.222657 0.503906 0.222657 0.541015 0.171875 0.541015
0 0.300781 0.513672 0.363281 0.513672 0.363281 0.558594 0.300781 0.558594
0 0.767578 0.511719 0.832032 0.511719 0.832032 0.568360 0.767578 0.568360
0 0.224609 0.519531 0.281250 0.519531 0.281250 0.595703 0.224609 0.595703
0 0.628907 0.537110 0.675782 0.537110 0.675782 0.593750 0.628907 0.593750
0 0.429688 0.544922 0.468750 0.544922 0.468750 0.607422 0.429688 0.607422
0 0.277344 0.564453 0.332032 0.564453 0.332032 0.619141 0.277344 0.619141
0 0.011719 0.582031 0.070313 0.582031 0.070313 0.626953 0.011719 0.626953
0 0.173828 0.583985 0.234376 0.583985 0.234376 0.634765 0.173828 0.634765
0 0.332031 0.587891 0.386719 0.587891 0.386719 0.632813 0.332031 0.632813
0 0.474609 0.597656 0.523437 0.597656 0.523437 0.652344 0.474609 0.652344
0 0.609375 0.601563 0.664063 0.601563 0.664063 0.654297 0.609375 0.654297
0 0.072266 0.609375 0.136718 0.609375 0.136718 0.656250 0.072266 0.656250
0 0.796875 0.609375 0.894531 0.609375 0.894531 0.671875 0.796875 0.671875
0 0.296874 0.615235 0.357422 0.615235 0.357422 0.693360 0.296874 0.693360
0 0.509765 0.615234 0.550781 0.615234 0.550781 0.705078 0.509765 0.705078
0 0.556640 0.615235 0.599610 0.615235 0.599610 0.675781 0.556640 0.675781
0 0.382812 0.634766 0.423828 0.634766 0.423828 0.673828 0.382812 0.673828
0 0.892578 0.642578 0.955078 0.642578 0.955078 0.707032 0.892578 0.707032
0 0.628907 0.648438 0.675782 0.648438 0.675782 0.710938 0.628907 0.710938
0 0.048828 0.652343 0.125000 0.652343 0.125000 0.703124 0.048828 0.703124
0 0.474609 0.652343 0.498047 0.652343 0.498047 0.689453 0.474609 0.689453
0 0.806640 0.662110 0.892578 0.662110 0.892578 0.722656 0.806640 0.722656
0 0.554688 0.677734 0.605468 0.677734 0.605468 0.732422 0.554688 0.732422
0 0.251953 0.701172 0.292969 0.701172 0.292969 0.759766 0.251953 0.759766
0 0.349609 0.699219 0.373047 0.699219 0.373047 0.751953 0.349609 0.751953
0 0.048828 0.707032 0.107422 0.707032 0.107422 0.757812 0.048828 0.757812
0 0.693359 0.707031 0.734375 0.707031 0.734375 0.769531 0.693359 0.769531
0 0.865234 0.708984 0.937500 0.708984 0.937500 0.736328 0.865234 0.736328
0 0.111328 0.710938 0.152344 0.710938 0.152344 0.767578 0.111328 0.767578
0 0.419922 0.712891 0.468750 0.712891 0.468750 0.775391 0.419922 0.775391
0 0.646485 0.712890 0.685547 0.712890 0.685547 0.767578 0.646485 0.767578
0 0.322266 0.716796 0.341797 0.716796 0.341797 0.750000 0.322266 0.750000
0 0.181641 0.718750 0.240235 0.718750 0.240235 0.785156 0.181641 0.785156
0 0.531250 0.732421 0.572266 0.732421 0.572266 0.775390 0.531250 0.775390
0 0.578125 0.730468 0.626953 0.730468 0.626953 0.781249 0.578125 0.781249
0 0.281250 0.742188 0.330078 0.742188 0.330078 0.779297 0.281250 0.779297
0 0.470703 0.746094 0.515625 0.746094 0.515625 0.808594 0.470703 0.808594
0 0.871094 0.746094 0.931640 0.746094 0.931640 0.802735 0.871094 0.802735
0 0.398438 0.775390 0.447266 0.775390 0.447266 0.816406 0.398438 0.816406
0 0.689453 0.779297 0.751953 0.779297 0.751953 0.841797 0.689453 0.841797
0 0.042969 0.785157 0.109375 0.785157 0.109375 0.841797 0.042969 0.841797
0 0.570313 0.785157 0.623047 0.785157 0.623047 0.824219 0.570313 0.824219
0 0.203125 0.789062 0.248047 0.789062 0.248047 0.816406 0.203125 0.816406
0 0.136719 0.794922 0.181641 0.794922 0.181641 0.863282 0.136719 0.863282
0 0.613281 0.792969 0.679687 0.792969 0.679687 0.837891 0.613281 0.837891
0 0.865234 0.794922 0.945312 0.794922 0.945312 0.832032 0.865234 0.832032
0 0.962890 0.794922 1.000000 0.794922 1.000000 0.855468 0.962890 0.855468
0 0.371093 0.796875 0.414062 0.796875 0.414062 0.857421 0.371093 0.857421
0 0.431640 0.796875 0.478515 0.796875 0.478515 0.849609 0.431640 0.849609
0 0.699219 0.814453 0.751953 0.814453 0.751953 0.876953 0.699219 0.876953
0 0.023438 0.818360 0.060547 0.818360 0.060547 0.865235 0.023438 0.865235
0 0.253906 0.822266 0.298828 0.822266 0.298828 0.888672 0.253906 0.888672
0 0.533203 0.826171 0.568359 0.826171 0.568359 0.869140 0.533203 0.869140
0 0.609375 0.830078 0.656250 0.830078 0.656250 0.888672 0.609375 0.888672
0 0.859375 0.832032 0.939453 0.832032 0.939453 0.878907 0.859375 0.878907
0 0.197266 0.835938 0.232422 0.835938 0.232422 0.882812 0.197266 0.882812
0 0.292969 0.837890 0.343749 0.837890 0.343749 0.906250 0.292969 0.906250
0 0.066407 0.839844 0.130859 0.839844 0.130859 0.896485 0.066407 0.896485
0 0.576172 0.841797 0.605468 0.841797 0.605468 0.908203 0.576172 0.908203
0 0.431641 0.859375 0.470703 0.859375 0.470703 0.904297 0.431641 0.904297
0 0.130859 0.865234 0.189453 0.865234 0.189453 0.941406 0.130859 0.941406
0 0.837890 0.873047 0.888671 0.873047 0.888671 0.923828 0.837890 0.923828
0 0.908203 0.871094 0.976562 0.871094 0.976562 0.916016 0.908203 0.916016
0 0.376953 0.888672 0.412109 0.888672 0.412109 0.964844 0.376953 0.964844
0 0.689453 0.888672 0.753907 0.888672 0.753907 0.964844 0.689453 0.964844
0 0.451172 0.892578 0.486328 0.892578 0.486328 0.945312 0.451172 0.945312
0 0.412109 0.896484 0.443359 0.896484 0.443359 0.937500 0.412109 0.937500
0 0.501953 0.912110 0.560547 0.912110 0.560547 0.986329 0.501953 0.986329
0 0.800781 0.910157 0.841797 0.910157 0.841797 0.966797 0.800781 0.966797
0 0.898438 0.916015 0.958984 0.916015 0.958984 0.958985 0.898438 0.958985
0 0.167969 0.919921 0.208985 0.919921 0.208985 0.953125 0.167969 0.953125
0 0.951172 0.921875 0.996094 0.921875 0.996094 0.974609 0.951172 0.974609
0 0.837891 0.929688 0.882813 0.929688 0.882813 0.968750 0.837891 0.968750
0 0.474609 0.939454 0.517578 0.939454 0.517578 1.000000 0.474609 1.000000
0 0.445312 0.941406 0.470704 0.941406 0.470704 0.986328 0.445312 0.986328
0 0.072265 0.947266 0.115235 0.947266 0.115235 0.976562 0.072265 0.976562
0 0.410156 0.947266 0.441406 0.947266 0.441406 1.000000 0.410156 1.000000
0 0.220703 0.951172 0.261719 0.951172 0.261719 1.000000 0.220703 1.000000
0 0.662110 0.951172 0.722656 0.951172 0.722656 1.000000 0.662110 1.000000
0 0.179688 0.955078 0.214844 0.955078 0.214844 0.980468 0.179688 0.980468
0 0.343750 0.953125 0.384766 0.953125 0.384766 1.000000 0.343750 1.000000
0 0.005859 0.962890 0.091797 0.962890 0.091797 1.000000 0.005859 1.000000
0 0.552734 0.962890 0.585938 0.962890 0.585938 1.000000 0.552734 1.000000
0 0.880860 0.964844 0.941406 0.964844 0.941406 1.000000 0.880860 1.000000
0 0.833984 0.968750 0.882812 0.968750 0.882812 1.000000 0.833984 1.000000
0 0.324218 0.974610 0.353515 0.974610 0.353515 1.000000 0.324218 1.000000
