0 0.593750 0.037109 0.621094 0.037109 0.621094 0.068359 0.593750 0.068359
0 0.857422 0.105469 0.886718 0.105469 0.886718 0.177735 0.857422 0.177735
0 0.441406 0.236327 0.472656 0.236327 0.472656 0.261719 0.441406 0.261719
0 0.064453 0.337891 0.115234 0.337891 0.115234 0.396485 0.064453 0.396485
0 0.285156 0.363281 0.320312 0.363281 0.320312 0.392578 0.285156 0.392578
0 0.755860 0.414062 0.781250 0.414062 0.781250 0.447265 0.755860 0.447265
0 0.410156 0.482422 0.482422 0.482422 0.482422 0.554688 0.410156 0.554688
0 0.738281 0.511718 0.773437 0.511718 0.773437 0.548828 0.738281 0.548828
0 0.652343 0.695313 0.685547 0.695313 0.685547 0.726563 0.652343 0.726563
0 0.535157 0.708984 0.582032 0.708984 0.582032 0.744140 0.535157 0.744140
0 0.302735 0.783203 0.332032 0.783203 0.332032 0.837891 0.302735 0.837891
0 0.523438 0.867187 0.572266 0.867187 0.572266 0.898437 0.523438 0.898437
0 0.935547 0.970704 0.980469 0.970704 0.980469 1.000000 0.935547 1.000000
