0 0.134766 0.000000 0.183594 0.000000 0.183594 0.031250 0.134766 0.031250
0 0.298828 0.000000 0.378906 0.000000 0.378906 0.041016 0.298828 0.041016
0 0.398438 0.000000 0.414062 0.000000 0.414062 0.023438 0.398438 0.023438
0 0.632812 0.001952 0.683593 0.001952 0.683593 0.027343 0.632812 0.027343
0 0.978516 0.000000 1.000000 0.000000 1.000000 0.015624 0.978516 0.015624
0 0.644531 0.011719 0.724609 0.011719 0.724609 0.046875 0.644531 0.046875
0 0.779296 0.021484 0.826171 0.021484 0.826171 0.068359 0.779296 0.068359
0 0.400390 0.029297 0.433593 0.029297 0.433593 0.091797 0.400390 0.091797
0 0.269531 0.037109 0.316406 0.037109 0.316406 0.078125 0.269531 0.078125
0 0.328125 0.044922 0.373047 0.044922 0.373047 0.080078 0.328125 0.080078
0 0.966797 0.048828 0.998047 0.048828 0.998047 0.115234 0.966797 0.115234
0 0.115234 0.060546 0.171875 0.060546 0.171875 0.093749 0.115234 0.093749
0 0.207032 0.068359 0.244141 0.068359 0.244141 0.113281 0.207032 0.113281
0 0.263672 0.087891 0.308594 0.087891 0.308594 0.152343 0.263672 0.152343
0 0.435547 0.087890 0.478516 0.087890 0.478516 0.128906 0.435547 0.128906
0 0.316406 0.091797 0.343750 0.091797 0.343750 0.148438 0.316406 0.148438
0 0.183594 0.097656 0.214844 0.097656 0.214844 0.134765 0.183594 0.134765
0 0.880860 0.097656 0.910156 0.097656 0.910156 0.134765 0.880860 0.134765
0 0.339843 0.103515 0.376953 0.103515 0.376953 0.146484 0.339843 0.146484
0 0.519531 0.109375 0.542969 0.109375 0.542969 0.156250 0.519531 0.156250
0 0.107421 0.113281 0.150390 0.113281 0.150390 0.146484 0.107421 0.146484
0 0.160156 0.121094 0.189453 0.121094 0.189453 0.154297 0.160156 0.154297
0 0.376953 0.126953 0.406251 0.126953 0.406251 0.154297 0.376953 0.154297
0 0.220703 0.132813 0.267578 0.132813 0.267578 0.167969 0.220703 0.167969
0 0.189453 0.144531 0.212891 0.144531 0.212891 0.167969 0.189453 0.167969
0 0.859375 0.154297 0.880859 0.154297 0.880859 0.173828 0.859375 0.173828
0 0.318359 0.156250 0.359375 0.156250 0.359375 0.195312 0.318359 0.195312
0 0.681640 0.162109 0.701171 0.162109 0.701171 0.193359 0.681640 0.193359
0 0.167969 0.164062 0.195313 0.164062 0.195313 0.210938 0.167969 0.210938
0 0.287109 0.171875 0.318359 0.171875 0.318359 0.212891 0.287109 0.212891
0 0.875000 0.171875 0.892578 0.171875 0.892578 0.208984 0.875000 0.208984
0 0.228516 0.177734 0.259766 0.177734 0.259766 0.222656 0.228516 0.222656
0 0.023437 0.185547 0.050781 0.185547 0.050781 0.259765 0.023437 0.259765
0 0.941406 0.191406 0.962890 0.191406 0.962890 0.212890 0.941406 0.212890
0 0.691406 0.205078 0.714844 0.205078 0.714844 0.226562 0.691406 0.226562
0 0.050781 0.212891 0.078125 0.212891 0.078125 0.246093 0.050781 0.246093
0 0.238281 0.228515 0.283203 0.228515 0.283203 0.251953 0.238281 0.251953
0 0.462891 0.238282 0.476563 0.238282 0.476563 0.275390 0.462891 0.275390
0 0.945312 0.240234 0.972656 0.240234 0.972656 0.277343 0.945312 0.277343
0 0.755859 0.242188 0.796875 0.242188 0.796875 0.304688 0.755859 0.304688
0 0.193359 0.246093 0.222657 0.246093 0.222657 0.275390 0.193359 0.275390
0 0.855469 0.255860 0.904297 0.255860 0.904297 0.316407 0.855469 0.316407
0 0.039063 0.259766 0.074219 0.259766 0.074219 0.310547 0.039063 0.310547
0 0.394531 0.257813 0.421875 0.257813 0.421875 0.310547 0.394531 0.310547
0 0.000000 0.287109 0.035156 0.287109 0.035156 0.332031 0.000000 0.332031
0 0.480469 0.294922 0.541015 0.294922 0.541015 0.386719 0.480469 0.386719
0 0.759766 0.294922 0.787110 0.294922 0.787110 0.328124 0.759766 0.328124
0 0.916015 0.308594 0.953125 0.308594 0.953125 0.339844 0.916015 0.339844
0 0.023437 0.312499 0.054687 0.312499 0.054687 0.337891 0.023437 0.337891
0 0.234375 0.330078 0.314453 0.330078 0.314453 0.441406 0.234375 0.441406
0 0.041016 0.337890 0.068360 0.337890 0.068360 0.365234 0.041016 0.365234
0 0.208984 0.347656 0.250000 0.347656 0.250000 0.406250 0.208984 0.406250
0 0.003907 0.351563 0.046876 0.351563 0.046876 0.400391 0.003907 0.400391
0 0.357421 0.378906 0.382812 0.378906 0.382812 0.423828 0.357421 0.423828
0 0.941406 0.380859 0.972656 0.380859 0.972656 0.412109 0.941406 0.412109
0 0.140626 0.396484 0.173828 0.396484 0.173828 0.470703 0.140626 0.470703
0 0.000001 0.404297 0.046876 0.404297 0.046876 0.447266 0.000001 0.447266
0 0.812500 0.412109 0.833984 0.412109 0.833984 0.466797 0.812500 0.466797
0 0.675782 0.427734 0.701172 0.427734 0.701172 0.462890 0.675782 0.462890
0 0.408203 0.431640 0.439453 0.431640 0.439453 0.458984 0.408203 0.458984
0 0.154297 0.441406 0.183594 0.441406 0.183594 0.566406 0.154297 0.566406
0 0.333984 0.443360 0.361328 0.443360 0.361328 0.482422 0.333984 0.482422
0 0.021484 0.457031 0.052734 0.457031 0.052734 0.480469 0.021484 0.480469
0 0.199218 0.458985 0.224609 0.458985 0.224609 0.511719 0.199218 0.511719
0 0.939453 0.472656 0.962891 0.472656 0.962891 0.498048 0.939453 0.498048
0 0.015625 0.482422 0.056641 0.482422 0.056641 0.513672 0.015625 0.513672
0 0.677735 0.480469 0.703125 0.480469 0.703125 0.539063 0.677735 0.539063
0 0.792969 0.496093 0.824219 0.496093 0.824219 0.539062 0.792969 0.539062
0 0.923828 0.496094 0.945312 0.496094 0.945312 0.523438 0.923828 0.523438
0 0.285157 0.505860 0.324219 0.505860 0.324219 0.544922 0.285157 0.544922
0 0.000000 0.509765 0.056640 0.509765 0.056640 0.546875 0.000000 0.546875
0 0.234374 0.507812 0.263672 0.507812 0.263672 0.537109 0.234374 0.537109
0 0.001953 0.546875 0.037109 0.546875 0.037109 0.568359 0.001953 0.568359
0 0.308594 0.556641 0.335938 0.556641 0.335938 0.587891 0.308594 0.587891
0 0.015625 0.566406 0.060547 0.566406 0.060547 0.599610 0.015625 0.599610
0 0.183594 0.609375 0.205078 0.609375 0.205078 0.634765 0.183594 0.634765
0 0.886718 0.615235 0.919922 0.615235 0.919922 0.654297 0.886718 0.654297
0 0.523437 0.621094 0.550781 0.621094 0.550781 0.666016 0.523437 0.666016
0 0.156250 0.625000 0.191406 0.625000 0.191406 0.679688 0.156250 0.679688
0 0.785157 0.628906 0.814453 0.628906 0.814453 0.662110 0.785157 0.662110
0 0.019532 0.634765 0.066407 0.634765 0.066407 0.671875 0.019532 0.671875
0 0.003906 0.660157 0.027344 0.660157 0.027344 0.689453 0.003906 0.689453
0 0.304688 0.667969 0.339844 0.667969 0.339844 0.707031 0.304688 0.707031
0 0.017578 0.675782 0.072266 0.675782 0.072266 0.718751 0.017578 0.718751
0 0.558594 0.681640 0.580078 0.681640 0.580078 0.707031 0.558594 0.707031
0 0.646485 0.697266 0.671875 0.697266 0.671875 0.724610 0.646485 0.724610
0 0.601562 0.705078 0.628906 0.705078 0.628906 0.781250 0.601562 0.781250
0 0.136719 0.708985 0.160157 0.708985 0.160157 0.734375 0.136719 0.734375
0 0.228516 0.716797 0.263672 0.716797 0.263672 0.748047 0.228516 0.748047
0 0.982422 0.714844 1.000000 0.714844 1.000000 0.746094 0.982422 0.746094
0 0.121094 0.734375 0.140625 0.734375 0.140625 0.759765 0.121094 0.759765
0 0.244141 0.736328 0.275391 0.736328 0.275391 0.771484 0.244141 0.771484
0 0.039062 0.750000 0.080078 0.750000 0.080078 0.798828 0.039062 0.798828
0 0.107423 0.775390 0.144532 0.775390 0.144532 0.830078 0.107423 0.830078
0 0.000000 0.777343 0.041016 0.777343 0.041016 0.820312 0.000000 0.820312
0 0.814453 0.789062 0.853515 0.789062 0.853515 0.826172 0.814453 0.826172
0 0.757812 0.792968 0.800782 0.792968 0.800782 0.830078 0.757812 0.830078
0 0.121094 0.804687 0.162110 0.804687 0.162110 0.880859 0.121094 0.880859
0 0.962890 0.808594 0.990234 0.808594 0.990234 0.839844 0.962890 0.839844
0 0.013672 0.824219 0.058594 0.824219 0.058594 0.876953 0.013672 0.876953
0 0.468750 0.832032 0.505860 0.832032 0.505860 0.875001 0.468750 0.875001
0 0.146484 0.857422 0.187500 0.857422 0.187500 0.933594 0.146484 0.933594
0 0.000000 0.865234 0.031250 0.865234 0.031250 0.910156 0.000000 0.910156
0 0.355469 0.869141 0.402344 0.869141 0.402344 0.898438 0.355469 0.898438
0 0.730469 0.888672 0.775391 0.888672 0.775391 0.929688 0.730469 0.929688
0 0.019531 0.900391 0.062501 0.900391 0.062501 0.949219 0.019531 0.949219
0 0.597656 0.906250 0.628906 0.906250 0.628906 0.945312 0.597656 0.945312
0 0.945312 0.919922 0.970703 0.919922 0.970703 0.958984 0.945312 0.958984
0 0.000000 0.927734 0.015624 0.927734 0.015624 0.972656 0.000000 0.972656
0 0.789063 0.935547 0.824219 0.935547 0.824219 0.966797 0.789063 0.966797
0 0.285157 0.941407 0.318360 0.941407 0.318360 0.992188 0.285157 0.992188
0 0.455078 0.974610 0.490234 0.974610 0.490234 1.000000 0.455078 1.000000
0 0.494141 0.972656 0.511719 0.972656 0.511719 1.000000 0.494141 1.000000
0 0.142578 0.978516 0.164062 0.978516 0.164062 1.000000 0.142578 1.000000
0 0.824219 0.978516 0.859375 0.978516 0.859375 1.000000 0.824219 1.000000
0 0.773437 0.986328 0.796875 0.986328 0.796875 1.000000 0.773437 1.000000
0 0.742188 0.988282 0.767578 0.988282 0.767578 1.000000 0.742188 1.000000
