0 0.435546 0.009766 0.460938 0.009766 0.460938 0.048828 0.435546 0.048828
0 0.830078 0.115234 0.861328 0.115234 0.861328 0.142578 0.830078 0.142578
0 0.812500 0.166015 0.828125 0.166015 0.828125 0.185547 0.812500 0.185547
0 0.732422 0.224609 0.757812 0.224609 0.757812 0.283203 0.732422 0.283203
0 0.083985 0.259766 0.103515 0.259766 0.103515 0.423828 0.083985 0.423828
0 0.193360 0.281250 0.226562 0.281250 0.226562 0.400390 0.193360 0.400390
0 0.115234 0.304688 0.138672 0.304688 0.138672 0.361329 0.115234 0.361329
0 0.431640 0.306641 0.468750 0.306641 0.468750 0.386719 0.431640 0.386719
0 0.183594 0.308593 0.201172 0.308593 0.201172 0.351562 0.183594 0.351562
0 0.404297 0.330077 0.431641 0.330077 0.431641 0.435547 0.404297 0.435547
0 0.052734 0.347656 0.080078 0.347656 0.080078 0.376953 0.052734 0.376953
0 0.474609 0.376954 0.486328 0.376954 0.486328 0.445312 0.474609 0.445312
0 0.267578 0.384766 0.296876 0.384766 0.296876 0.429688 0.267578 0.429688
0 0.455078 0.419921 0.505860 0.419921 0.505860 0.507812 0.455078 0.507812
0 0.265625 0.494141 0.283203 0.494141 0.283203 0.525391 0.265625 0.525391
0 0.423828 0.500000 0.468750 0.500000 0.468750 0.578125 0.423828 0.578125
0 0.499999 0.505860 0.525390 0.505860 0.525390 0.544922 0.499999 0.544922
0 0.470702 0.515624 0.496094 0.515624 0.496094 0.589843 0.470702 0.589843
0 0.394531 0.656250 0.410156 0.656250 0.410156 0.718750 0.394531 0.718750
0 0.402344 0.720703 0.468750 0.720703 0.468750 0.822265 0.402344 0.822265
0 0.890625 0.990234 0.912109 0.990234 0.912109 1.000000 0.890625 1.000000
