0 0.035156 0.000000 0.119140 0.000000 0.119140 0.044922 0.035156 0.044922
0 0.699219 0.000000 0.726563 0.000000 0.726563 0.029296 0.699219 0.029296
0 0.869141 0.000000 0.904297 0.000000 0.904297 0.033203 0.869141 0.033203
0 0.703125 0.027344 0.738281 0.027344 0.738281 0.066406 0.703125 0.066406
0 0.451172 0.068359 0.488282 0.068359 0.488282 0.111328 0.451172 0.111328
0 0.750000 0.068359 0.773438 0.068359 0.773438 0.101562 0.750000 0.101562
0 0.380859 0.111327 0.408203 0.111327 0.408203 0.136718 0.380859 0.136718
0 0.595703 0.164063 0.609375 0.164063 0.609375 0.199219 0.595703 0.199219
0 0.697266 0.164062 0.728516 0.164062 0.728516 0.208984 0.697266 0.208984
0 0.406250 0.167969 0.443360 0.167969 0.443360 0.203125 0.406250 0.203125
0 0.136719 0.193359 0.177735 0.193359 0.177735 0.238281 0.136719 0.238281
0 0.414063 0.205078 0.453125 0.205078 0.453125 0.240234 0.414063 0.240234
0 0.929688 0.212891 0.955078 0.212891 0.955078 0.251953 0.929688 0.251953
0 0.912110 0.214843 0.927735 0.214843 0.927735 0.244141 0.912110 0.244141
0 0.951172 0.222656 0.980468 0.222656 0.980468 0.257812 0.951172 0.257812
0 0.455078 0.236328 0.490234 0.236328 0.490234 0.283203 0.455078 0.283203
0 0.732422 0.242187 0.759766 0.242187 0.759766 0.279296 0.732422 0.279296
0 0.556641 0.263672 0.578125 0.263672 0.578125 0.285156 0.556641 0.285156
0 0.960938 0.261718 0.998047 0.261718 0.998047 0.291015 0.960938 0.291015
0 0.847656 0.269531 0.884765 0.269531 0.884765 0.345703 0.847656 0.345703
0 0.000000 0.300781 0.035156 0.300781 0.035156 0.359375 0.000000 0.359375
0 0.128907 0.300782 0.162109 0.300782 0.162109 0.351562 0.128907 0.351562
0 0.236329 0.314453 0.304688 0.314453 0.304688 0.367187 0.236329 0.367187
0 0.070312 0.318359 0.128906 0.318359 0.128906 0.363281 0.070312 0.363281
0 0.986328 0.316406 1.000000 0.316406 1.000000 0.333984 0.986328 0.333984
0 0.597657 0.335938 0.640626 0.335938 0.640626 0.369140 0.597657 0.369140
0 0.726562 0.337891 0.773438 0.337891 0.773438 0.376953 0.726562 0.376953
0 0.066407 0.361328 0.130859 0.361328 0.130859 0.406250 0.066407 0.406250
0 0.009765 0.367188 0.060547 0.367188 0.060547 0.417968 0.009765 0.417968
0 0.416015 0.386719 0.453125 0.386719 0.453125 0.419922 0.416015 0.419922
0 0.099610 0.398438 0.146485 0.398438 0.146485 0.451172 0.099610 0.451172
0 0.023438 0.404297 0.091797 0.404297 0.091797 0.476563 0.023438 0.476563
0 0.939454 0.474610 0.990235 0.474610 0.990235 0.574219 0.939454 0.574219
0 0.070313 0.498047 0.123047 0.498047 0.123047 0.560547 0.070313 0.560547
0 0.113282 0.509766 0.169923 0.509766 0.169923 0.554688 0.113282 0.554688
0 0.902344 0.566407 0.947266 0.566407 0.947266 0.609376 0.902344 0.609376
0 0.007813 0.572265 0.074219 0.572265 0.074219 0.605469 0.007813 0.605469
0 0.189453 0.591797 0.238281 0.591797 0.238281 0.630859 0.189453 0.630859
0 0.673828 0.591797 0.691406 0.591797 0.691406 0.609375 0.673828 0.609375
0 0.041015 0.597657 0.109374 0.597657 0.109374 0.648438 0.041015 0.648438
0 0.164062 0.609375 0.187500 0.609375 0.187500 0.632813 0.164062 0.632813
0 0.539062 0.611328 0.564453 0.611328 0.564453 0.681640 0.539062 0.681640
0 0.083984 0.634766 0.115234 0.634766 0.115234 0.664062 0.083984 0.664062
0 0.166016 0.632812 0.191407 0.632812 0.191407 0.666016 0.166016 0.666016
0 0.041016 0.650391 0.076172 0.650391 0.076172 0.695313 0.041016 0.695313
0 0.107422 0.654296 0.160156 0.654296 0.160156 0.701171 0.107422 0.701171
0 0.000000 0.664062 0.013672 0.664062 0.013672 0.691406 0.000000 0.691406
0 0.083984 0.677735 0.111328 0.677735 0.111328 0.703125 0.083984 0.703125
0 0.250000 0.701172 0.294922 0.701172 0.294922 0.769532 0.250000 0.769532
0 0.638672 0.716797 0.683594 0.716797 0.683594 0.765625 0.638672 0.765625
0 0.095703 0.732422 0.160156 0.732422 0.160156 0.787110 0.095703 0.787110
0 0.722656 0.730469 0.755860 0.730469 0.755860 0.783203 0.722656 0.783203
0 0.535156 0.744141 0.558594 0.744141 0.558594 0.789063 0.535156 0.789063
0 0.171875 0.750000 0.199219 0.750000 0.199219 0.771484 0.171875 0.771484
0 0.119141 0.781250 0.175782 0.781250 0.175782 0.822266 0.119141 0.822266
0 0.720703 0.789063 0.751953 0.789063 0.751953 0.841797 0.720703 0.841797
0 0.660157 0.796875 0.699219 0.796875 0.699219 0.863281 0.660157 0.863281
0 0.044922 0.814453 0.091797 0.814453 0.091797 0.871093 0.044922 0.871093
0 0.000000 0.822265 0.037110 0.822265 0.037110 0.878906 0.000000 0.878906
0 0.146484 0.837890 0.214843 0.837890 0.214843 0.884765 0.146484 0.884765
0 0.767578 0.837890 0.816406 0.837890 0.816406 0.902344 0.767578 0.902344
0 0.382812 0.873047 0.406250 0.873047 0.406250 0.904297 0.382812 0.904297
0 0.091797 0.876954 0.152343 0.876954 0.152343 0.923829 0.091797 0.923829
0 0.111328 0.906250 0.173828 0.906250 0.173828 0.943360 0.111328 0.943360
0 0.705078 0.906250 0.740234 0.906250 0.740234 0.935546 0.705078 0.935546
0 0.761719 0.906250 0.800781 0.906250 0.800781 0.943360 0.761719 0.943360
0 0.205078 0.914062 0.263672 0.914062 0.263672 0.968750 0.205078 0.968750
0 0.316407 0.921874 0.349610 0.921874 0.349610 0.964843 0.316407 0.964843
0 0.085937 0.933594 0.113281 0.933594 0.113281 0.982422 0.085937 0.982422
0 0.863282 0.935547 0.892578 0.935547 0.892578 0.980469 0.863282 0.980469
0 0.189453 0.941406 0.242187 0.941406 0.242187 0.990234 0.189453 0.990234
0 0.775390 0.947266 0.800781 0.947266 0.800781 0.974610 0.775390 0.974610
0 0.269531 0.958984 0.341797 0.958984 0.341797 1.000000 0.269531 1.000000
0 0.730469 0.968750 0.769531 0.968750 0.769531 1.000000 0.730469 1.000000
0 0.000000 0.980468 0.041016 0.980468 0.041016 0.999999 0.000000 0.999999
