0 0.943359 0.000000 0.974609 0.000000 0.974609 0.039062 0.943359 0.039062
0 0.648438 0.123047 0.695312 0.123047 0.695312 0.171875 0.648438 0.171875
0 0.179688 0.205078 0.212890 0.205078 0.212890 0.250000 0.179688 0.250000
0 0.560547 0.261719 0.611328 0.261719 0.611328 0.306641 0.560547 0.306641
0 0.957031 0.326172 0.992187 0.326172 0.992187 0.359374 0.957031 0.359374
0 0.533203 0.328125 0.599609 0.328125 0.599609 0.380859 0.533203 0.380859
0 0.878906 0.474609 0.912110 0.474609 0.912110 0.519531 0.878906 0.519531
0 0.843750 0.484375 0.869140 0.484375 0.869140 0.539063 0.843750 0.539063
0 0.679688 0.507813 0.708984 0.507813 0.708984 0.546875 0.679688 0.546875
0 0.628906 0.527343 0.666015 0.527343 0.666015 0.570312 0.628906 0.570312
0 0.837890 0.546875 0.871094 0.546875 0.871094 0.603515 0.837890 0.603515
0 0.386719 0.582032 0.439453 0.582032 0.439453 0.638672 0.386719 0.638672
0 0.201173 0.585938 0.238282 0.585938 0.238282 0.615234 0.201173 0.615234
0 0.205078 0.617188 0.269531 0.617188 0.269531 0.638672 0.205078 0.638672
0 0.791015 0.630860 0.845703 0.630860 0.845703 0.666016 0.791015 0.666016
0 0.974610 0.681640 1.000000 0.681640 1.000000 0.724610 0.974610 0.724610
0 0.878906 0.730469 0.927734 0.730469 0.927734 0.779297 0.878906 0.779297
0 0.753906 0.750000 0.802734 0.750000 0.802734 0.796875 0.753906 0.796875
0 0.718750 0.798828 0.757812 0.798828 0.757812 0.837890 0.718750 0.837890
0 0.863281 0.894531 0.902343 0.894531 0.902343 0.933593 0.863281 0.933593
0 0.000000 0.962890 0.035156 0.962890 0.035156 1.000000 0.000000 1.000000
