0 0.203125 0.000000 0.261719 0.000000 0.261719 0.093750 0.203125 0.093750
0 0.457031 0.000000 0.501953 0.000000 0.501953 0.027344 0.457031 0.027344
0 0.052735 0.011718 0.089844 0.011718 0.089844 0.080077 0.052735 0.080077
0 0.744141 0.027344 0.765625 0.027344 0.765625 0.062500 0.744141 0.062500
0 0.705078 0.033203 0.742188 0.033203 0.742188 0.076173 0.705078 0.076173
0 0.113281 0.058593 0.171875 0.058593 0.171875 0.140625 0.113281 0.140625
0 0.453125 0.064453 0.505859 0.064453 0.505859 0.115234 0.453125 0.115234
0 0.636719 0.083984 0.716797 0.083984 0.716797 0.158203 0.636719 0.158203
0 0.044922 0.105468 0.083984 0.105468 0.083984 0.187500 0.044922 0.187500
0 0.224610 0.111328 0.267578 0.111328 0.267578 0.156250 0.224610 0.156250
0 0.191407 0.175781 0.216798 0.175781 0.216798 0.205078 0.191407 0.205078
0 0.658203 0.187499 0.712891 0.187499 0.712891 0.248047 0.658203 0.248047
0 0.373048 0.214844 0.423828 0.214844 0.423828 0.304688 0.373048 0.304688
0 0.224609 0.222656 0.306640 0.222656 0.306640 0.298828 0.224609 0.298828
0 0.707031 0.250000 0.775390 0.250000 0.775390 0.308594 0.707031 0.308594
0 0.322265 0.269532 0.363281 0.269532 0.363281 0.320312 0.322265 0.320312
0 0.039062 0.283204 0.093750 0.283204 0.093750 0.351562 0.039062 0.351562
0 0.671875 0.306641 0.710937 0.306641 0.710937 0.345703 0.671875 0.345703
0 0.277343 0.310547 0.302735 0.310547 0.302735 0.355469 0.277343 0.355469
0 0.041016 0.312500 0.125000 0.312500 0.125000 0.410156 0.041016 0.410156
0 0.113281 0.343750 0.156250 0.343750 0.156250 0.384766 0.113281 0.384766
0 0.384766 0.359375 0.435547 0.359375 0.435547 0.417969 0.384766 0.417969
0 0.568360 0.371094 0.650390 0.371094 0.650390 0.410156 0.568360 0.410156
0 0.376953 0.441407 0.484375 0.441407 0.484375 0.498047 0.376953 0.498047
0 0.048828 0.445312 0.095703 0.445312 0.095703 0.482421 0.048828 0.482421
0 0.560546 0.494141 0.603515 0.494141 0.603515 0.556641 0.560546 0.556641
0 0.611329 0.511719 0.671875 0.511719 0.671875 0.582031 0.611329 0.582031
0 0.222656 0.527343 0.281250 0.527343 0.281250 0.574218 0.222656 0.574218
0 0.546875 0.566407 0.580079 0.566407 0.580079 0.617188 0.546875 0.617188
0 0.353516 0.576172 0.398438 0.576172 0.398438 0.617188 0.353516 0.617188
0 0.423828 0.603516 0.470703 0.603516 0.470703 0.652344 0.423828 0.652344
0 0.705079 0.634766 0.755860 0.634766 0.755860 0.728516 0.705079 0.728516
0 0.644531 0.642578 0.689453 0.642578 0.689453 0.681640 0.644531 0.681640
0 0.080078 0.644531 0.107422 0.644531 0.107422 0.697265 0.080078 0.697265
0 0.000000 0.652344 0.052734 0.652344 0.052734 0.712890 0.000000 0.712890
0 0.169922 0.652344 0.210938 0.652344 0.210938 0.679688 0.169922 0.679688
0 0.390625 0.652344 0.443359 0.652344 0.443359 0.697266 0.390625 0.697266
0 0.216797 0.671875 0.251953 0.671875 0.251953 0.708985 0.216797 0.708985
0 0.126953 0.683593 0.164062 0.683593 0.164062 0.716797 0.126953 0.716797
0 0.316406 0.685546 0.351562 0.685546 0.351562 0.718750 0.316406 0.718750
0 0.451172 0.693360 0.498047 0.693360 0.498047 0.736329 0.451172 0.736329
0 0.000000 0.708984 0.029296 0.708984 0.029296 0.740234 0.000000 0.740234
0 0.521484 0.708984 0.556640 0.708984 0.556640 0.750000 0.521484 0.750000
0 0.099610 0.728516 0.136719 0.728516 0.136719 0.777344 0.099610 0.777344
0 0.660156 0.734375 0.714844 0.734375 0.714844 0.771485 0.660156 0.771485
0 0.568359 0.753907 0.630859 0.753907 0.630859 0.804688 0.568359 0.804688
0 0.283203 0.759766 0.328125 0.759766 0.328125 0.812500 0.283203 0.812500
0 0.408204 0.759765 0.476562 0.759765 0.476562 0.810546 0.408204 0.810546
0 0.230468 0.781250 0.287110 0.781250 0.287110 0.841796 0.230468 0.841796
0 0.500000 0.783203 0.566406 0.783203 0.566406 0.826172 0.500000 0.826172
0 0.000000 0.794922 0.009766 0.794922 0.009766 0.822266 0.000000 0.822266
0 0.041015 0.794922 0.097656 0.794922 0.097656 0.843750 0.041015 0.843750
0 0.693359 0.796875 0.748047 0.796875 0.748047 0.861329 0.693359 0.861329
0 0.080079 0.804688 0.140626 0.804688 0.140626 0.875000 0.080079 0.875000
0 0.566407 0.806640 0.617188 0.806640 0.617188 0.849610 0.566407 0.849610
0 0.183594 0.832031 0.214844 0.832031 0.214844 0.880859 0.183594 0.880859
0 0.210938 0.843750 0.248047 0.843750 0.248047 0.890625 0.210938 0.890625
0 0.361329 0.867188 0.398438 0.867188 0.398438 0.900391 0.361329 0.900391
0 0.654297 0.867187 0.691407 0.867187 0.691407 0.939453 0.654297 0.939453
0 0.041016 0.876953 0.072266 0.876953 0.072266 0.921875 0.041016 0.921875
0 0.539062 0.875000 0.589843 0.875000 0.589843 0.908204 0.539062 0.908204
0 0.162110 0.878907 0.195312 0.878907 0.195312 0.929688 0.162110 0.929688
0 0.197266 0.888672 0.224610 0.888672 0.224610 0.919922 0.197266 0.919922
0 0.076172 0.910156 0.111328 0.910156 0.111328 0.964844 0.076172 0.964844
0 0.171875 0.933594 0.253906 0.933594 0.253906 0.986328 0.171875 0.986328
0 0.312500 0.939453 0.335938 0.939453 0.335938 0.964843 0.312500 0.964843
0 0.671875 0.943360 0.697265 0.943360 0.697265 0.986329 0.671875 0.986329
0 0.714844 0.943359 0.791016 0.943359 0.791016 0.984375 0.714844 0.984375
0 0.054688 0.949218 0.087891 0.949218 0.087891 0.982422 0.054688 0.982422
0 0.000000 0.957031 0.009766 0.957031 0.009766 0.980469 0.000000 0.980469
0 0.263672 0.970704 0.312500 0.970704 0.312500 1.000000 0.263672 1.000000
0 0.222657 0.986328 0.261719 0.986328 0.261719 1.000000 0.222657 1.000000
