0 0.021484 0.000000 0.093750 0.000000 0.093750 0.070312 0.021484 0.070312
0 0.126953 0.000000 0.189453 0.000000 0.189453 0.072266 0.126953 0.072266
0 0.199219 0.000000 0.269531 0.000000 0.269531 0.044922 0.199219 0.044922
0 0.617188 0.000000 0.701172 0.000000 0.701172 0.054688 0.617188 0.054688
0 0.726562 0.009766 0.814453 0.009766 0.814453 0.087891 0.726562 0.087891
0 0.888672 0.033203 0.964844 0.033203 0.964844 0.099609 0.888672 0.099609
0 0.269531 0.041016 0.324219 0.041016 0.324219 0.121094 0.269531 0.121094
0 0.218749 0.048828 0.279297 0.048828 0.279297 0.107422 0.218749 0.107422
0 0.021484 0.068360 0.052734 0.068360 0.052734 0.107422 0.021484 0.107422
0 0.353515 0.070312 0.408203 0.070312 0.408203 0.113282 0.353515 0.113282
0 0.906250 0.080078 0.990234 0.080078 0.990234 0.138672 0.906250 0.138672
0 0.392578 0.095703 0.447266 0.095703 0.447266 0.193359 0.392578 0.193359
0 0.646484 0.166015 0.705078 0.166015 0.705078 0.216797 0.646484 0.216797
0 0.322266 0.173828 0.423828 0.173828 0.423828 0.250000 0.322266 0.250000
0 0.527344 0.187500 0.593750 0.187500 0.593750 0.250000 0.527344 0.250000
0 0.886719 0.195312 0.943360 0.195312 0.943360 0.246094 0.886719 0.246094
0 0.226562 0.218750 0.308593 0.218750 0.308593 0.267578 0.226562 0.267578
0 0.783203 0.224609 0.826172 0.224609 0.826172 0.300781 0.783203 0.300781
0 0.138672 0.236328 0.187500 0.236328 0.187500 0.271484 0.138672 0.271484
0 0.667968 0.236328 0.785156 0.236328 0.785156 0.306640 0.667968 0.306640
0 0.310547 0.248047 0.392577 0.248047 0.392577 0.314453 0.310547 0.314453
0 0.531250 0.251953 0.587890 0.251953 0.587890 0.294923 0.531250 0.294923
0 0.134765 0.277343 0.195312 0.277343 0.195312 0.337890 0.134765 0.337890
0 0.230469 0.277343 0.296875 0.277343 0.296875 0.320312 0.230469 0.320312
0 0.283203 0.310547 0.353515 0.310547 0.353515 0.369141 0.283203 0.369141
0 0.957032 0.312500 1.000000 0.312500 1.000000 0.375000 0.957032 0.375000
0 0.041016 0.320312 0.101562 0.320312 0.101562 0.425782 0.041016 0.425782
0 0.449218 0.343749 0.492188 0.343749 0.492188 0.386719 0.449218 0.386719
0 0.205078 0.349610 0.271484 0.349610 0.271484 0.410157 0.205078 0.410157
0 0.560547 0.363282 0.599609 0.363282 0.599609 0.396485 0.560547 0.396485
0 0.494141 0.375000 0.533203 0.375000 0.533203 0.406250 0.494141 0.406250
0 0.312501 0.378906 0.394531 0.378906 0.394531 0.421876 0.312501 0.421876
0 0.000000 0.402344 0.011718 0.402344 0.011718 0.453124 0.000000 0.453124
0 0.576172 0.408203 0.720703 0.408203 0.720703 0.470703 0.576172 0.470703
0 0.144531 0.412110 0.195312 0.412110 0.195312 0.482422 0.144531 0.482422
0 0.482421 0.416016 0.560546 0.416016 0.560546 0.523438 0.482421 0.523438
0 0.212891 0.423828 0.265625 0.423828 0.265625 0.464844 0.212891 0.464844
0 0.056641 0.429688 0.123047 0.429688 0.123047 0.503907 0.056641 0.503907
0 0.277343 0.433594 0.369140 0.433594 0.369140 0.468750 0.277343 0.468750
0 0.375000 0.437500 0.455078 0.437500 0.455078 0.517578 0.375000 0.517578
0 0.937500 0.470704 1.000000 0.470704 1.000000 0.548829 0.937500 0.548829
0 0.230468 0.478516 0.291015 0.478516 0.291015 0.527344 0.230468 0.527344
0 0.326172 0.500000 0.394532 0.500000 0.394532 0.568360 0.326172 0.568360
0 0.164063 0.507813 0.234375 0.507813 0.234375 0.560547 0.164063 0.560547
0 0.570313 0.507812 0.640625 0.507812 0.640625 0.593750 0.570313 0.593750
0 0.531250 0.517578 0.568360 0.517578 0.568360 0.562500 0.531250 0.562500
0 0.250000 0.541015 0.302734 0.541015 0.302734 0.595703 0.250000 0.595703
0 0.343750 0.568359 0.410156 0.568359 0.410156 0.613281 0.343750 0.613281
0 0.777343 0.593750 0.855468 0.593750 0.855468 0.640625 0.777343 0.640625
0 0.501953 0.609375 0.587891 0.609375 0.587891 0.666015 0.501953 0.666015
0 0.005859 0.634765 0.068359 0.634765 0.068359 0.671875 0.005859 0.671875
0 0.123047 0.642578 0.167969 0.642578 0.167969 0.677734 0.123047 0.677734
0 0.466797 0.646484 0.515625 0.646484 0.515625 0.691406 0.466797 0.691406
0 0.882812 0.650390 0.951172 0.650390 0.951172 0.728515 0.882812 0.728515
0 0.183594 0.652344 0.253906 0.652344 0.253906 0.701172 0.183594 0.701172
0 0.673828 0.652343 0.750000 0.652343 0.750000 0.734374 0.673828 0.734374
0 0.300782 0.660156 0.333985 0.660156 0.333985 0.691406 0.300782 0.691406
0 0.964844 0.662109 1.000000 0.662109 1.000000 0.769531 0.964844 0.769531
0 0.554688 0.671875 0.628907 0.671875 0.628907 0.718750 0.554688 0.718750
0 0.066406 0.697266 0.101562 0.697266 0.101562 0.728516 0.066406 0.728516
0 0.173828 0.699218 0.218750 0.699218 0.218750 0.742188 0.173828 0.742188
0 0.625000 0.699218 0.662110 0.699218 0.662110 0.736328 0.625000 0.736328
0 0.095703 0.716797 0.150391 0.716797 0.150391 0.761719 0.095703 0.761719
0 0.392578 0.728516 0.439453 0.728516 0.439453 0.767578 0.392578 0.767578
0 0.833985 0.732421 0.904297 0.732421 0.904297 0.796875 0.833985 0.796875
0 0.039062 0.746093 0.093750 0.746093 0.093750 0.789062 0.039062 0.789062
0 0.552734 0.750000 0.607422 0.750000 0.607422 0.781250 0.552734 0.781250
0 0.130859 0.753906 0.179687 0.753906 0.179687 0.798828 0.130859 0.798828
0 0.890626 0.763672 0.941407 0.763672 0.941407 0.816406 0.890626 0.816406
0 0.578125 0.767579 0.681641 0.767579 0.681641 0.828125 0.578125 0.828125
0 0.353515 0.769532 0.408203 0.769532 0.408203 0.826172 0.353515 0.826172
0 0.414062 0.777344 0.455078 0.777344 0.455078 0.832032 0.414062 0.832032
0 0.767578 0.783203 0.841797 0.783203 0.841797 0.857422 0.767578 0.857422
0 0.552734 0.787109 0.593750 0.787109 0.593750 0.828125 0.552734 0.828125
0 0.066406 0.804688 0.113281 0.804688 0.113281 0.843750 0.066406 0.843750
0 0.341797 0.820312 0.376953 0.820312 0.376953 0.849609 0.341797 0.849609
0 0.320312 0.857422 0.367188 0.857422 0.367188 0.896484 0.320312 0.896484
0 0.207032 0.859375 0.320312 0.859375 0.320312 0.937500 0.207032 0.937500
0 0.044922 0.869140 0.101562 0.869140 0.101562 0.937500 0.044922 0.937500
0 0.675781 0.871094 0.800781 0.871094 0.800781 0.919922 0.675781 0.919922
0 0.000000 0.882812 0.044922 0.882812 0.044922 0.939453 0.000000 0.939453
0 0.138672 0.888672 0.173828 0.888672 0.173828 0.929688 0.138672 0.929688
0 0.357422 0.888672 0.429688 0.888672 0.429688 0.916016 0.357422 0.916016
0 0.597657 0.886718 0.671876 0.886718 0.671876 0.955078 0.597657 0.955078
0 0.894531 0.890625 0.994140 0.890625 0.994140 1.000000 0.894531 1.000000
0 0.093750 0.900391 0.152344 0.900391 0.152344 0.960938 0.093750 0.960938
0 0.736329 0.914062 0.787110 0.914062 0.787110 0.970703 0.736329 0.970703
0 0.291016 0.917968 0.353516 0.917968 0.353516 0.968749 0.291016 0.968749
0 0.771485 0.925782 0.828125 0.925782 0.828125 0.986328 0.771485 0.986328
0 0.330078 0.941406 0.412109 0.941406 0.412109 0.978515 0.330078 0.978515
0 0.529297 0.949218 0.640625 0.949218 0.640625 0.999999 0.529297 0.999999
0 0.666015 0.958984 0.734375 0.958984 0.734375 1.000000 0.666015 1.000000
0 0.015625 0.960938 0.087891 0.960938 0.087891 1.000000 0.015625 1.000000
0 0.085937 0.976562 0.130859 0.976562 0.130859 1.000000 0.085937 1.000000
0 0.330078 0.990234 0.365234 0.990234 0.365234 1.000000 0.330078 1.000000
