0 0.566406 0.000000 0.607422 0.000000 0.607422 0.041016 0.566406 0.041016
0 0.009765 0.003906 0.052735 0.003906 0.052735 0.041015 0.009765 0.041015
0 0.531250 0.023438 0.560546 0.023438 0.560546 0.048828 0.531250 0.048828
0 0.019531 0.037109 0.052735 0.037109 0.052735 0.074218 0.019531 0.074218
0 0.568359 0.046875 0.599609 0.046875 0.599609 0.087891 0.568359 0.087891
0 0.728515 0.085938 0.769531 0.085938 0.769531 0.125000 0.728515 0.125000
0 0.896484 0.095703 0.914062 0.095703 0.914062 0.113281 0.896484 0.113281
0 0.617188 0.107421 0.646484 0.107421 0.646484 0.140624 0.617188 0.140624
0 0.107422 0.109375 0.154297 0.109375 0.154297 0.146484 0.107422 0.146484
0 0.402343 0.126953 0.470703 0.126953 0.470703 0.160156 0.402343 0.160156
0 0.826171 0.146484 0.921875 0.146484 0.921875 0.205078 0.826171 0.205078
0 0.078126 0.158203 0.111329 0.158203 0.111329 0.195312 0.078126 0.195312
0 0.460937 0.156249 0.519531 0.156249 0.519531 0.185547 0.460937 0.185547
0 0.310547 0.169923 0.347657 0.169923 0.347657 0.207032 0.310547 0.207032
0 0.373047 0.177734 0.421875 0.177734 0.421875 0.212890 0.373047 0.212890
0 0.851562 0.195312 0.892578 0.195312 0.892578 0.224610 0.851562 0.224610
0 0.332032 0.208984 0.369140 0.208984 0.369140 0.257812 0.332032 0.257812
0 0.210938 0.224609 0.240235 0.224609 0.240235 0.265625 0.210938 0.265625
0 0.156250 0.248047 0.195312 0.248047 0.195312 0.263672 0.156250 0.263672
0 0.156249 0.265625 0.185547 0.265625 0.185547 0.300781 0.156249 0.300781
0 0.093750 0.271485 0.117188 0.271485 0.117188 0.308593 0.093750 0.308593
0 0.203125 0.275391 0.228516 0.275391 0.228516 0.306641 0.203125 0.306641
0 0.000000 0.283203 0.021484 0.283203 0.021484 0.312501 0.000000 0.312501
0 0.669922 0.281250 0.714844 0.281250 0.714844 0.322266 0.669922 0.322266
0 0.841797 0.283203 0.863281 0.283203 0.863281 0.314453 0.841797 0.314453
0 0.859375 0.289062 0.888671 0.289062 0.888671 0.330078 0.859375 0.330078
0 0.796875 0.349609 0.835937 0.349609 0.835937 0.390625 0.796875 0.390625
0 0.404297 0.406250 0.447266 0.406250 0.447266 0.443360 0.404297 0.443360
0 0.656250 0.410156 0.695312 0.410156 0.695312 0.464844 0.656250 0.464844
0 0.761719 0.417969 0.837891 0.417969 0.837891 0.480469 0.761719 0.480469
0 0.146484 0.427734 0.171875 0.427734 0.171875 0.453126 0.146484 0.453126
0 0.962891 0.433594 0.998047 0.433594 0.998047 0.466797 0.962891 0.466797
0 0.746093 0.490235 0.789062 0.490235 0.789062 0.527344 0.746093 0.527344
0 0.029296 0.505860 0.072265 0.505860 0.072265 0.541016 0.029296 0.541016
0 0.664062 0.513671 0.720703 0.513671 0.720703 0.560546 0.664062 0.560546
0 0.906250 0.521484 0.996094 0.521484 0.996094 0.580078 0.906250 0.580078
0 0.835938 0.542969 0.869141 0.542969 0.869141 0.582031 0.835938 0.582031
0 0.148438 0.554687 0.195312 0.554687 0.195312 0.582031 0.148438 0.582031
0 0.160156 0.603516 0.195312 0.603516 0.195312 0.634766 0.160156 0.634766
0 0.871093 0.605469 0.908203 0.605469 0.908203 0.646485 0.871093 0.646485
0 0.695312 0.628906 0.738282 0.628906 0.738282 0.660156 0.695312 0.660156
0 0.632812 0.664062 0.689453 0.664062 0.689453 0.714843 0.632812 0.714843
0 0.794922 0.667968 0.830078 0.667968 0.830078 0.705078 0.794922 0.705078
0 0.523438 0.687500 0.566407 0.687500 0.566407 0.712890 0.523438 0.712890
0 0.494140 0.712890 0.531250 0.712890 0.531250 0.746094 0.494140 0.746094
0 0.251953 0.728516 0.298828 0.728516 0.298828 0.767578 0.251953 0.767578
0 0.619141 0.728515 0.648438 0.728515 0.648438 0.771485 0.619141 0.771485
0 0.798828 0.726563 0.837890 0.726563 0.837890 0.761719 0.798828 0.761719
0 0.308594 0.742188 0.355469 0.742188 0.355469 0.763672 0.308594 0.763672
0 0.783203 0.773438 0.822265 0.773438 0.822265 0.794922 0.783203 0.794922
0 0.291016 0.777344 0.330078 0.777344 0.330078 0.839844 0.291016 0.839844
0 0.912110 0.785156 0.951172 0.785156 0.951172 0.843750 0.912110 0.843750
0 0.650390 0.806641 0.693360 0.806641 0.693360 0.835938 0.650390 0.835938
0 0.142578 0.808594 0.195312 0.808594 0.195312 0.861328 0.142578 0.861328
0 0.035156 0.832032 0.068360 0.832032 0.068360 0.861328 0.035156 0.861328
0 0.367187 0.857422 0.394531 0.857422 0.394531 0.886718 0.367187 0.886718
0 0.396484 0.869141 0.427734 0.869141 0.427734 0.900391 0.396484 0.900391
0 0.775391 0.867188 0.810547 0.867188 0.810547 0.900391 0.775391 0.900391
0 0.322265 0.875000 0.380859 0.875000 0.380859 0.908204 0.322265 0.908204
0 0.113281 0.884765 0.148437 0.884765 0.148437 0.921875 0.113281 0.921875
0 0.619140 0.898438 0.656250 0.898438 0.656250 0.935547 0.619140 0.935547
0 0.066407 0.908203 0.085938 0.908203 0.085938 0.957031 0.066407 0.957031
0 0.099610 0.914063 0.128907 0.914063 0.128907 0.953125 0.099610 0.953125
0 0.185547 0.914063 0.234375 0.914063 0.234375 0.945313 0.185547 0.945313
0 0.585938 0.914062 0.607422 0.914062 0.607422 0.960938 0.585938 0.960938
0 0.818360 0.917969 0.875000 0.917969 0.875000 0.976563 0.818360 0.976563
