0 0.228516 0.000000 0.271485 0.000000 0.271485 0.025390 0.228516 0.025390
0 0.341797 0.000000 0.382813 0.000000 0.382813 0.013672 0.341797 0.013672
0 0.833984 0.000000 0.867188 0.000000 0.867188 0.023438 0.833984 0.023438
0 0.890625 0.000000 0.917969 0.000000 0.917969 0.035156 0.890625 0.035156
0 0.017578 0.009765 0.111328 0.009765 0.111328 0.070312 0.017578 0.070312
0 0.333985 0.013672 0.367188 0.013672 0.367188 0.048828 0.333985 0.048828
0 0.482422 0.011719 0.527344 0.011719 0.527344 0.056641 0.482422 0.056641
0 0.867187 0.031250 0.898437 0.031250 0.898437 0.074219 0.867187 0.074219
0 0.121094 0.048828 0.175782 0.048828 0.175782 0.089844 0.121094 0.089844
0 0.402344 0.046874 0.460938 0.046874 0.460938 0.103515 0.402344 0.103515
0 0.888672 0.046876 0.919922 0.046876 0.919922 0.080079 0.888672 0.080079
0 0.857421 0.072266 0.890625 0.072266 0.890625 0.103516 0.857421 0.103516
0 0.066406 0.078125 0.107422 0.078125 0.107422 0.117187 0.066406 0.117187
0 0.568360 0.078125 0.615235 0.078125 0.615235 0.119141 0.568360 0.119141
0 0.125000 0.093749 0.148438 0.093749 0.148438 0.123046 0.125000 0.123046
0 0.458984 0.093751 0.521484 0.093751 0.521484 0.158203 0.458984 0.158203
0 0.347657 0.105468 0.386719 0.105468 0.386719 0.152343 0.347657 0.152343
0 0.683594 0.107422 0.732422 0.107422 0.732422 0.158203 0.683594 0.158203
0 0.898438 0.132812 0.962891 0.132812 0.962891 0.177734 0.898438 0.177734
0 0.017578 0.154297 0.056640 0.154297 0.056640 0.210938 0.017578 0.210938
0 0.183593 0.154297 0.230468 0.154297 0.230468 0.197265 0.183593 0.197265
0 0.585938 0.162110 0.638672 0.162110 0.638672 0.205078 0.585938 0.205078
0 0.400390 0.164062 0.443360 0.164062 0.443360 0.205078 0.400390 0.205078
0 0.707031 0.167968 0.742187 0.167968 0.742187 0.218750 0.707031 0.218750
0 0.855468 0.183594 0.892578 0.183594 0.892578 0.218750 0.855468 0.218750
0 0.501953 0.187500 0.568359 0.187500 0.568359 0.250000 0.501953 0.250000
0 0.205078 0.203125 0.253906 0.203125 0.253906 0.250000 0.205078 0.250000
0 0.941406 0.203125 0.986328 0.203125 0.986328 0.250000 0.941406 0.250000
0 0.058594 0.208984 0.083985 0.208984 0.083985 0.234375 0.058594 0.234375
0 0.085938 0.210938 0.121094 0.210938 0.121094 0.244140 0.085938 0.244140
0 0.134766 0.212890 0.177734 0.212890 0.177734 0.263672 0.134766 0.263672
0 0.730469 0.236328 0.769531 0.236328 0.769531 0.287109 0.730469 0.287109
0 0.355469 0.257812 0.390625 0.257812 0.390625 0.287110 0.355469 0.287110
0 0.621094 0.257813 0.656250 0.257813 0.656250 0.296875 0.621094 0.296875
0 0.935547 0.259766 0.996093 0.259766 0.996093 0.308594 0.935547 0.308594
0 0.005860 0.263672 0.044922 0.263672 0.044922 0.310547 0.005860 0.310547
0 0.189453 0.267578 0.234375 0.267578 0.234375 0.322266 0.189453 0.322266
0 0.648438 0.273438 0.695312 0.273438 0.695312 0.320312 0.648438 0.320312
0 0.068359 0.289063 0.134765 0.289063 0.134765 0.355469 0.068359 0.355469
0 0.269531 0.302734 0.296875 0.302734 0.296875 0.326172 0.269531 0.326172
0 0.697265 0.306641 0.740235 0.306641 0.740235 0.355469 0.697265 0.355469
0 0.748046 0.326172 0.791015 0.326172 0.791015 0.365234 0.748046 0.365234
0 0.175781 0.335937 0.238281 0.335937 0.238281 0.380859 0.175781 0.380859
0 0.279298 0.341798 0.330078 0.341798 0.330078 0.392578 0.279298 0.392578
0 0.531250 0.351563 0.591796 0.351563 0.591796 0.400391 0.531250 0.400391
0 0.796875 0.357421 0.833985 0.357421 0.833985 0.414062 0.796875 0.414062
0 0.902343 0.367188 0.953124 0.367188 0.953124 0.416016 0.902343 0.416016
0 0.699219 0.378906 0.748047 0.378906 0.748047 0.423828 0.699219 0.423828
0 0.984375 0.378906 1.000000 0.378906 1.000000 0.414062 0.984375 0.414062
0 0.449219 0.400390 0.488281 0.400390 0.488281 0.437500 0.449219 0.437500
0 0.066406 0.402344 0.111328 0.402344 0.111328 0.443360 0.066406 0.443360
0 0.212890 0.429688 0.232422 0.429688 0.232422 0.466796 0.212890 0.466796
0 0.808594 0.451172 0.853516 0.451172 0.853516 0.505860 0.808594 0.505860
0 0.572265 0.474609 0.609375 0.474609 0.609375 0.519531 0.572265 0.519531
0 0.869140 0.472657 0.923828 0.472657 0.923828 0.509765 0.869140 0.509765
0 0.261719 0.488281 0.283203 0.488281 0.283203 0.509765 0.261719 0.509765
0 0.367188 0.492188 0.404296 0.492188 0.404296 0.541016 0.367188 0.541016
0 0.964844 0.499999 1.000000 0.499999 1.000000 0.542968 0.964844 0.542968
0 0.832031 0.507813 0.869140 0.507813 0.869140 0.546875 0.832031 0.546875
0 0.150390 0.511719 0.179688 0.511719 0.179688 0.552735 0.150390 0.552735
0 0.250000 0.525390 0.298828 0.525390 0.298828 0.580078 0.250000 0.580078
0 0.474610 0.531250 0.525390 0.531250 0.525390 0.566406 0.474610 0.566406
0 0.390625 0.552734 0.435547 0.552734 0.435547 0.601562 0.390625 0.601562
0 0.583984 0.556641 0.628906 0.556641 0.628906 0.595703 0.583984 0.595703
0 0.000000 0.566406 0.039062 0.566406 0.039062 0.615234 0.000000 0.615234
0 0.058594 0.568360 0.103516 0.568360 0.103516 0.605469 0.058594 0.605469
0 0.949219 0.574219 0.980469 0.574219 0.980469 0.615235 0.949219 0.615235
0 0.779296 0.582031 0.826171 0.582031 0.826171 0.640625 0.779296 0.640625
0 0.355469 0.587891 0.390625 0.587891 0.390625 0.632813 0.355469 0.632813
0 0.103516 0.595703 0.138672 0.595703 0.138672 0.638672 0.103516 0.638672
0 0.421875 0.619141 0.460937 0.619141 0.460937 0.667969 0.421875 0.667969
0 0.892578 0.621093 0.935547 0.621093 0.935547 0.658203 0.892578 0.658203
0 0.847656 0.646484 0.888672 0.646484 0.888672 0.708984 0.847656 0.708984
0 0.382812 0.662110 0.423828 0.662110 0.423828 0.714844 0.382812 0.714844
0 0.761719 0.660157 0.828125 0.660157 0.828125 0.710938 0.761719 0.710938
0 0.513672 0.705078 0.554688 0.705078 0.554688 0.750000 0.513672 0.750000
0 0.708984 0.705078 0.740234 0.705078 0.740234 0.738282 0.708984 0.738282
0 0.902343 0.707031 0.949218 0.707031 0.949218 0.740235 0.902343 0.740235
0 0.285156 0.714843 0.343750 0.714843 0.343750 0.765624 0.285156 0.765624
0 0.402343 0.720703 0.439453 0.720703 0.439453 0.761719 0.402343 0.761719
0 0.697266 0.755860 0.742188 0.755860 0.742188 0.802735 0.697266 0.802735
0 0.792968 0.779297 0.839843 0.779297 0.839843 0.820313 0.792968 0.820313
0 0.863281 0.777344 0.912109 0.777344 0.912109 0.833985 0.863281 0.833985
0 0.550781 0.800781 0.603515 0.800781 0.603515 0.855469 0.550781 0.855469
0 0.189453 0.822265 0.216797 0.822265 0.216797 0.869140 0.189453 0.869140
0 0.626953 0.830079 0.671875 0.830079 0.671875 0.876954 0.626953 0.876954
0 0.748047 0.828124 0.800781 0.828124 0.800781 0.871093 0.748047 0.871093
0 0.699218 0.837890 0.736328 0.837890 0.736328 0.884765 0.699218 0.884765
0 0.107421 0.861328 0.150390 0.861328 0.150390 0.902344 0.107421 0.902344
0 0.482421 0.865235 0.525390 0.865235 0.525390 0.925781 0.482421 0.925781
0 0.259766 0.867188 0.310547 0.867188 0.310547 0.896484 0.259766 0.896484
0 0.806640 0.869140 0.839844 0.869140 0.839844 0.902344 0.806640 0.902344
0 0.855469 0.873047 0.900391 0.873047 0.900391 0.929688 0.855469 0.929688
0 0.951172 0.906249 0.988282 0.906249 0.988282 0.949218 0.951172 0.949218
0 0.765625 0.912110 0.800781 0.912110 0.800781 0.947266 0.765625 0.947266
0 0.501953 0.916016 0.550781 0.916016 0.550781 0.964844 0.501953 0.964844
0 0.347657 0.919922 0.380860 0.919922 0.380860 0.949218 0.347657 0.949218
0 0.654296 0.919922 0.697265 0.919922 0.697265 0.958984 0.654296 0.958984
0 0.562499 0.931640 0.605468 0.931640 0.605468 0.982421 0.562499 0.982421
0 0.484374 0.937500 0.509765 0.937500 0.509765 0.972656 0.484374 0.972656
0 0.443360 0.958984 0.480468 0.958984 0.480468 0.990234 0.443360 0.990234
0 0.488281 0.968750 0.556640 0.968750 0.556640 1.000000 0.488281 1.000000
0 0.785157 0.968750 0.828126 0.968750 0.828126 1.000000 0.785157 1.000000
