0 0.441406 0.044922 0.490234 0.044922 0.490234 0.076172 0.441406 0.076172
0 0.386718 0.136718 0.423828 0.136718 0.423828 0.156250 0.386718 0.156250
0 0.574219 0.185547 0.603515 0.185547 0.603515 0.236328 0.574219 0.236328
0 0.609375 0.216798 0.666015 0.216798 0.666015 0.253907 0.609375 0.253907
0 0.263672 0.230468 0.302734 0.230468 0.302734 0.255860 0.263672 0.255860
0 0.064453 0.240234 0.134765 0.240234 0.134765 0.265626 0.064453 0.265626
0 0.769531 0.240235 0.796875 0.240235 0.796875 0.269532 0.769531 0.269532
0 0.421874 0.261719 0.468749 0.261719 0.468749 0.289063 0.421874 0.289063
0 0.169922 0.267578 0.244140 0.267578 0.244140 0.314453 0.169922 0.314453
0 0.599610 0.265625 0.628906 0.265625 0.628906 0.283203 0.599610 0.283203
0 0.792969 0.351562 0.816407 0.351562 0.816407 0.396484 0.792969 0.396484
0 0.437500 0.400391 0.474610 0.400391 0.474610 0.435547 0.437500 0.435547
0 0.835937 0.515625 0.859375 0.515625 0.859375 0.550781 0.835937 0.550781
0 0.416016 0.521484 0.451172 0.521484 0.451172 0.562500 0.416016 0.562500
0 0.162109 0.541015 0.291015 0.541015 0.291015 0.619140 0.162109 0.619140
0 0.791015 0.546874 0.841796 0.546874 0.841796 0.589843 0.791015 0.589843
0 0.746093 0.603516 0.783203 0.603516 0.783203 0.638672 0.746093 0.638672
0 0.269532 0.623047 0.306640 0.623047 0.306640 0.660157 0.269532 0.660157
0 0.300781 0.638672 0.345703 0.638672 0.345703 0.679688 0.300781 0.679688
0 0.701172 0.636719 0.746094 0.636719 0.746094 0.675781 0.701172 0.675781
0 0.820312 0.636719 0.857422 0.636719 0.857422 0.675781 0.820312 0.675781
0 0.693359 0.697265 0.734375 0.697265 0.734375 0.734375 0.693359 0.734375
0 0.000000 0.736328 0.023438 0.736328 0.023438 0.767578 0.000000 0.767578
0 0.119140 0.867188 0.160156 0.867188 0.160156 0.900391 0.119140 0.900391
0 0.537109 0.869141 0.591797 0.869141 0.591797 0.898438 0.537109 0.898438
0 0.052734 0.884766 0.093750 0.884766 0.093750 0.914062 0.052734 0.914062
0 0.972656 0.884766 1.000000 0.884766 1.000000 0.906250 0.972656 0.906250
0 0.769531 0.962890 0.853515 0.962890 0.853515 0.990234 0.769531 0.990234
0 0.517578 0.974610 0.556640 0.974610 0.556640 1.000000 0.517578 1.000000
