0 0.435547 0.019531 0.464844 0.019531 0.464844 0.058593 0.435547 0.058593
0 0.003906 0.042968 0.062500 0.042968 0.062500 0.068360 0.003906 0.068360
0 0.216797 0.083984 0.275391 0.083984 0.275391 0.128906 0.216797 0.128906
0 0.503907 0.292969 0.533203 0.292969 0.533203 0.333985 0.503907 0.333985
0 0.492188 0.328125 0.529297 0.328125 0.529297 0.384765 0.492188 0.384765
0 0.804688 0.550781 0.843750 0.550781 0.843750 0.583985 0.804688 0.583985
0 0.400390 0.558594 0.429688 0.558594 0.429688 0.607422 0.400390 0.607422
0 0.880859 0.566406 0.912109 0.566406 0.912109 0.589844 0.880859 0.589844
0 0.642578 0.621093 0.666016 0.621093 0.666016 0.640624 0.642578 0.640624
0 0.359375 0.658203 0.445313 0.658203 0.445313 0.703125 0.359375 0.703125
0 0.976562 0.656251 1.000000 0.656251 1.000000 0.675782 0.976562 0.675782
0 0.517579 0.757812 0.578125 0.757812 0.578125 0.822266 0.517579 0.822266
0 0.966797 0.779297 0.984375 0.779297 0.984375 0.818359 0.966797 0.818359
0 0.738282 0.783203 0.785157 0.783203 0.785157 0.804687 0.738282 0.804687
0 0.859375 0.845703 0.886719 0.845703 0.886719 0.873047 0.859375 0.873047
0 0.917968 0.894531 0.937499 0.894531 0.937499 0.933593 0.917968 0.933593
0 0.427734 0.904296 0.468750 0.904296 0.468750 0.951171 0.427734 0.951171
0 0.873047 0.914062 0.898438 0.914062 0.898438 0.951172 0.873047 0.951172
0 0.937500 0.953125 0.960938 0.953125 0.960938 0.984375 0.937500 0.984375
0 0.904297 0.988282 0.925781 0.988282 0.925781 1.000000 0.904297 1.000000
