0 0.531250 0.000000 0.554688 0.000000 0.554688 0.023438 0.531250 0.023438
0 0.544922 0.013672 0.576172 0.013672 0.576172 0.062500 0.544922 0.062500
0 0.255859 0.025390 0.296875 0.025390 0.296875 0.068360 0.255859 0.068360
0 0.580078 0.027344 0.601562 0.027344 0.601562 0.066406 0.580078 0.066406
0 0.685547 0.041015 0.724609 0.041015 0.724609 0.099609 0.685547 0.099609
0 0.414062 0.068359 0.478515 0.068359 0.478515 0.101562 0.414062 0.101562
0 0.667969 0.162110 0.712891 0.162110 0.712891 0.201172 0.667969 0.201172
0 0.521484 0.169922 0.566406 0.169922 0.566406 0.203124 0.521484 0.203124
0 0.220703 0.210938 0.267578 0.210938 0.267578 0.244140 0.220703 0.244140
0 0.531250 0.220703 0.564454 0.220703 0.564454 0.255859 0.531250 0.255859
0 0.865234 0.246093 0.910156 0.246093 0.910156 0.289062 0.865234 0.289062
0 0.066407 0.273438 0.117188 0.273438 0.117188 0.316407 0.066407 0.316407
0 0.806640 0.277344 0.853515 0.277344 0.853515 0.304688 0.806640 0.304688
0 0.486328 0.343750 0.521484 0.343750 0.521484 0.384766 0.486328 0.384766
0 0.378907 0.406249 0.443360 0.406249 0.443360 0.449219 0.378907 0.449219
0 0.908203 0.423829 0.949219 0.423829 0.949219 0.460938 0.908203 0.460938
0 0.388672 0.460937 0.433594 0.460937 0.433594 0.484375 0.388672 0.484375
0 0.878906 0.460938 0.927734 0.460938 0.927734 0.529296 0.878906 0.529296
0 0.750000 0.466797 0.808594 0.466797 0.808594 0.501953 0.750000 0.501953
0 0.373047 0.478516 0.421875 0.478516 0.421875 0.523438 0.373047 0.523438
0 0.171875 0.480468 0.203125 0.480468 0.203125 0.509765 0.171875 0.509765
0 0.144531 0.490234 0.171875 0.490234 0.171875 0.515625 0.144531 0.515625
0 0.716797 0.501953 0.761719 0.501953 0.761719 0.533203 0.716797 0.533203
0 0.656250 0.541015 0.677734 0.541015 0.677734 0.574219 0.656250 0.574219
0 0.031250 0.548828 0.101562 0.548828 0.101562 0.597656 0.031250 0.597656
0 0.103515 0.548829 0.195312 0.548829 0.195312 0.599610 0.103515 0.599610
0 0.261718 0.550781 0.318360 0.550781 0.318360 0.589843 0.261718 0.589843
0 0.460938 0.554688 0.509766 0.554688 0.509766 0.615234 0.460938 0.615234
0 0.597656 0.558594 0.630860 0.558594 0.630860 0.599610 0.597656 0.599610
0 0.804688 0.566407 0.853516 0.566407 0.853516 0.609376 0.804688 0.609376
0 0.917969 0.566407 0.941407 0.566407 0.941407 0.591797 0.917969 0.591797
0 0.828125 0.574219 0.890625 0.574219 0.890625 0.664063 0.828125 0.664063
0 0.392578 0.585938 0.400390 0.585938 0.400390 0.607422 0.392578 0.607422
0 0.115234 0.591797 0.164062 0.591797 0.164062 0.632813 0.115234 0.632813
0 0.236328 0.589843 0.269531 0.589843 0.269531 0.623047 0.236328 0.623047
0 0.046876 0.611328 0.080079 0.611328 0.080079 0.642578 0.046876 0.642578
0 0.306641 0.619140 0.357422 0.619140 0.357422 0.666015 0.306641 0.666015
0 0.484375 0.617188 0.531250 0.617188 0.531250 0.656250 0.484375 0.656250
0 0.613282 0.623047 0.642578 0.623047 0.642578 0.646485 0.613282 0.646485
0 0.021484 0.640625 0.068359 0.640625 0.068359 0.695313 0.021484 0.695313
0 0.183593 0.652344 0.207031 0.652344 0.207031 0.673828 0.183593 0.673828
0 0.658204 0.664063 0.687500 0.664063 0.687500 0.695313 0.658204 0.695313
0 0.390625 0.669922 0.453125 0.669922 0.453125 0.718750 0.390625 0.718750
0 0.125000 0.703125 0.171875 0.703125 0.171875 0.755859 0.125000 0.755859
0 0.611328 0.707031 0.654297 0.707031 0.654297 0.761719 0.611328 0.761719
0 0.509766 0.718750 0.593750 0.718750 0.593750 0.767578 0.509766 0.767578
0 0.167969 0.730468 0.220703 0.730468 0.220703 0.777343 0.167969 0.777343
0 0.472656 0.732422 0.517578 0.732422 0.517578 0.767578 0.472656 0.767578
0 0.005859 0.734376 0.031251 0.734376 0.031251 0.753907 0.005859 0.753907
0 0.287110 0.736328 0.320312 0.736328 0.320312 0.777344 0.287110 0.777344
0 0.417968 0.738282 0.447265 0.738282 0.447265 0.781251 0.417968 0.781251
0 0.095703 0.748047 0.128907 0.748047 0.128907 0.775391 0.095703 0.775391
0 0.914062 0.746094 0.955078 0.746094 0.955078 0.771485 0.914062 0.771485
0 0.322265 0.763672 0.351562 0.763672 0.351562 0.816406 0.322265 0.816406
0 0.015626 0.765624 0.083985 0.765624 0.083985 0.808593 0.015626 0.808593
0 0.621094 0.804688 0.691406 0.804688 0.691406 0.839844 0.621094 0.839844
0 0.755860 0.835937 0.806640 0.835937 0.806640 0.925781 0.755860 0.925781
0 0.605468 0.841797 0.669922 0.841797 0.669922 0.908203 0.605468 0.908203
0 0.234375 0.847656 0.322265 0.847656 0.322265 0.892578 0.234375 0.892578
0 0.437500 0.847657 0.496094 0.847657 0.496094 0.898438 0.437500 0.898438
0 0.564453 0.853516 0.595703 0.853516 0.595703 0.906250 0.564453 0.906250
0 0.896485 0.857422 0.953125 0.857422 0.953125 0.914062 0.896485 0.914062
0 0.185547 0.873047 0.218749 0.873047 0.218749 0.921875 0.185547 0.921875
0 0.490234 0.871093 0.525390 0.871093 0.525390 0.886718 0.490234 0.886718
0 0.710938 0.875000 0.740234 0.875000 0.740234 0.929688 0.710938 0.929688
0 0.337891 0.880860 0.359375 0.880860 0.359375 0.892579 0.337891 0.892579
0 0.789063 0.902343 0.841797 0.902343 0.841797 0.935547 0.789063 0.935547
0 0.886719 0.955078 0.916015 0.955078 0.916015 0.978516 0.886719 0.978516
0 0.566406 0.968750 0.601562 0.968750 0.601562 1.000000 0.566406 1.000000
