0 0.009766 0.000000 0.062500 0.000000 0.062500 0.031250 0.009766 0.031250
0 0.259765 0.000000 0.292968 0.000000 0.292968 0.021484 0.259765 0.021484
0 0.294922 0.000000 0.328124 0.000000 0.328124 0.021484 0.294922 0.021484
0 0.386719 0.000000 0.433594 0.000000 0.433594 0.041016 0.386719 0.041016
0 0.458984 0.000001 0.484376 0.000001 0.484376 0.019532 0.458984 0.019532
0 0.525390 0.000000 0.634765 0.000000 0.634765 0.044922 0.525390 0.044922
0 0.675781 0.000000 0.724609 0.000000 0.724609 0.031250 0.675781 0.031250
0 0.835938 0.000000 0.896484 0.000000 0.896484 0.039062 0.835938 0.039062
0 0.238281 0.003906 0.259765 0.003906 0.259765 0.031250 0.238281 0.031250
0 0.183594 0.017578 0.236328 0.017578 0.236328 0.072266 0.183594 0.072266
0 0.125000 0.019531 0.162109 0.019531 0.162109 0.062501 0.125000 0.062501
0 0.666016 0.025390 0.705078 0.025390 0.705078 0.058594 0.666016 0.058594
0 0.072266 0.031251 0.123047 0.031251 0.123047 0.078126 0.072266 0.078126
0 0.263672 0.037109 0.306641 0.037109 0.306641 0.085937 0.263672 0.085937
0 0.156250 0.041016 0.207032 0.041016 0.207032 0.085938 0.156250 0.085938
0 0.212891 0.044922 0.259765 0.044922 0.259765 0.101562 0.212891 0.101562
0 0.406249 0.044922 0.435547 0.044922 0.435547 0.097656 0.406249 0.097656
0 0.474609 0.044922 0.546875 0.044922 0.546875 0.099610 0.474609 0.099610
0 0.826172 0.042969 0.888672 0.042969 0.888672 0.099610 0.826172 0.099610
0 0.560547 0.050781 0.613281 0.050781 0.613281 0.103515 0.560547 0.103515
0 0.009766 0.068359 0.074218 0.068359 0.074218 0.123047 0.009766 0.123047
0 0.111329 0.068359 0.162110 0.068359 0.162110 0.117187 0.111329 0.117187
0 0.906250 0.066407 0.937500 0.066407 0.937500 0.105469 0.906250 0.105469
0 0.306641 0.074219 0.341797 0.074219 0.341797 0.123047 0.306641 0.123047
0 0.382812 0.080078 0.408204 0.080078 0.408204 0.107422 0.382812 0.107422
0 0.529296 0.080078 0.576171 0.080078 0.576171 0.126953 0.529296 0.126953
0 0.261718 0.087891 0.316406 0.087891 0.316406 0.132813 0.261718 0.132813
0 0.185547 0.091797 0.226563 0.091797 0.226563 0.121093 0.185547 0.121093
0 0.941406 0.091797 1.000000 0.091797 1.000000 0.156249 0.941406 0.156249
0 0.566406 0.109375 0.628906 0.109375 0.628906 0.154297 0.566406 0.154297
0 0.000000 0.113281 0.013672 0.113281 0.013672 0.154297 0.000000 0.154297
0 0.492188 0.115234 0.554688 0.115234 0.554688 0.164062 0.492188 0.164062
0 0.244141 0.125000 0.302735 0.125000 0.302735 0.169922 0.244141 0.169922
0 0.312500 0.128906 0.361328 0.128906 0.361328 0.169922 0.312500 0.169922
0 0.107422 0.136718 0.166016 0.136718 0.166016 0.205077 0.107422 0.205077
0 0.460938 0.138672 0.482422 0.138672 0.482422 0.169922 0.460938 0.169922
0 0.410157 0.152344 0.449219 0.152344 0.449219 0.195312 0.410157 0.195312
0 0.000000 0.156250 0.041016 0.156250 0.041016 0.214844 0.000000 0.214844
0 0.945312 0.156250 1.000000 0.156250 1.000000 0.208984 0.945312 0.208984
0 0.210938 0.162109 0.246094 0.162109 0.246094 0.191407 0.210938 0.191407
0 0.513672 0.162110 0.607422 0.162110 0.607422 0.232422 0.513672 0.232422
0 0.357422 0.167969 0.398438 0.167969 0.398438 0.201172 0.357422 0.201172
0 0.498047 0.169922 0.533203 0.169922 0.533203 0.208984 0.498047 0.208984
0 0.458985 0.175781 0.498047 0.175781 0.498047 0.226562 0.458985 0.226562
0 0.412109 0.199218 0.457031 0.199218 0.457031 0.236327 0.412109 0.236327
0 0.931640 0.199219 0.972656 0.199219 0.972656 0.234375 0.931640 0.234375
0 0.041015 0.208984 0.099609 0.208984 0.099609 0.269531 0.041015 0.269531
0 0.349610 0.208985 0.406250 0.208985 0.406250 0.242188 0.349610 0.242188
0 0.554688 0.220703 0.605468 0.220703 0.605468 0.273437 0.554688 0.273437
0 0.242188 0.228516 0.285157 0.228516 0.285157 0.277344 0.242188 0.277344
0 0.443360 0.232422 0.496094 0.232422 0.496094 0.267578 0.443360 0.267578
0 0.939453 0.242187 0.982422 0.242187 0.982422 0.269531 0.939453 0.269531
0 0.500000 0.246093 0.552734 0.246093 0.552734 0.283203 0.500000 0.283203
0 0.843750 0.261719 0.892578 0.261719 0.892578 0.302735 0.843750 0.302735
0 0.345704 0.271484 0.382812 0.271484 0.382812 0.333984 0.345704 0.333984
0 0.386719 0.279297 0.425781 0.279297 0.425781 0.343749 0.386719 0.343749
0 0.464843 0.281250 0.490235 0.281250 0.490235 0.320312 0.464843 0.320312
0 0.949219 0.287110 0.974610 0.287110 0.974610 0.337890 0.949219 0.337890
0 0.974610 0.289062 1.000000 0.289062 1.000000 0.361328 0.974610 0.361328
0 0.818359 0.294922 0.859375 0.294922 0.859375 0.373047 0.818359 0.373047
0 0.761719 0.298828 0.818360 0.298828 0.818360 0.373048 0.761719 0.373048
0 0.904297 0.296874 0.933593 0.296874 0.933593 0.322266 0.904297 0.322266
0 0.857422 0.302735 0.910156 0.302735 0.910156 0.355469 0.857422 0.355469
0 0.271484 0.304688 0.314453 0.304688 0.314453 0.365235 0.271484 0.365235
0 0.728516 0.330078 0.763672 0.330078 0.763672 0.406250 0.728516 0.406250
0 0.660156 0.335937 0.730468 0.335937 0.730468 0.408203 0.660156 0.408203
0 0.015624 0.341797 0.072265 0.341797 0.072265 0.404297 0.015624 0.404297
0 0.566406 0.339844 0.619140 0.339844 0.619140 0.390624 0.566406 0.390624
0 0.443359 0.359374 0.505859 0.359374 0.505859 0.433594 0.443359 0.433594
0 0.943359 0.359375 0.974609 0.359375 0.974609 0.447265 0.943359 0.447265
0 0.205078 0.369141 0.263672 0.369141 0.263672 0.431641 0.205078 0.431641
0 0.978516 0.384766 1.000000 0.384766 1.000000 0.455078 0.978516 0.455078
0 0.378906 0.386719 0.419922 0.386719 0.419922 0.466797 0.378906 0.466797
0 0.000000 0.398438 0.025390 0.398438 0.025390 0.455079 0.000000 0.455079
0 0.580078 0.398438 0.636718 0.398438 0.636718 0.462890 0.580078 0.462890
0 0.269532 0.402344 0.326172 0.402344 0.326172 0.460938 0.269532 0.460938
0 0.730469 0.410156 0.759765 0.410156 0.759765 0.455078 0.730469 0.455078
0 0.513672 0.421875 0.580078 0.421875 0.580078 0.488281 0.513672 0.488281
0 0.019531 0.427734 0.062501 0.427734 0.062501 0.472656 0.019531 0.472656
0 0.345703 0.431641 0.402343 0.431641 0.402343 0.501953 0.345703 0.501953
0 0.066406 0.437500 0.132812 0.437500 0.132812 0.482422 0.066406 0.482422
0 0.177734 0.439453 0.236328 0.439453 0.236328 0.505859 0.177734 0.505859
0 0.423828 0.447265 0.468750 0.447265 0.468750 0.507812 0.423828 0.507812
0 0.238281 0.470703 0.279297 0.470703 0.279297 0.523437 0.238281 0.523437
0 0.152343 0.472656 0.181641 0.472656 0.181641 0.503906 0.152343 0.503906
0 0.298828 0.494141 0.345703 0.494141 0.345703 0.556641 0.298828 0.556641
0 0.197266 0.519531 0.224610 0.519531 0.224610 0.542969 0.197266 0.542969
0 0.925781 0.527343 0.960937 0.527343 0.960937 0.546874 0.925781 0.546874
0 0.910156 0.533204 0.947265 0.533204 0.947265 0.562500 0.910156 0.562500
0 0.712891 0.560546 0.775391 0.560546 0.775391 0.603515 0.712891 0.603515
0 0.378907 0.574218 0.429688 0.574218 0.429688 0.638672 0.378907 0.638672
0 0.847656 0.578125 0.896484 0.578125 0.896484 0.642579 0.847656 0.642579
0 0.654297 0.591796 0.683593 0.591796 0.683593 0.625000 0.654297 0.625000
0 0.792968 0.626953 0.843749 0.626953 0.843749 0.681641 0.792968 0.681641
0 0.294922 0.632812 0.359374 0.632812 0.359374 0.693359 0.294922 0.693359
0 0.673828 0.638672 0.712890 0.638672 0.712890 0.687500 0.673828 0.687500
0 0.916015 0.640625 0.972656 0.640625 0.972656 0.705079 0.916015 0.705079
0 0.501954 0.667969 0.552735 0.667969 0.552735 0.707031 0.501954 0.707031
0 0.578125 0.677735 0.619141 0.677735 0.619141 0.714844 0.578125 0.714844
0 0.746094 0.677735 0.794922 0.677735 0.794922 0.730469 0.746094 0.730469
0 0.234375 0.705078 0.300781 0.705078 0.300781 0.763672 0.234375 0.763672
0 0.785156 0.703125 0.849610 0.703125 0.849610 0.767579 0.785156 0.767579
0 0.869140 0.710938 0.923828 0.710938 0.923828 0.781250 0.869140 0.781250
0 0.041016 0.728515 0.072266 0.728515 0.072266 0.753906 0.041016 0.753906
0 0.150390 0.732422 0.191406 0.732422 0.191406 0.785156 0.150390 0.785156
0 0.460938 0.742187 0.498046 0.742187 0.498046 0.783203 0.460938 0.783203
0 0.529297 0.742188 0.580078 0.742188 0.580078 0.775391 0.529297 0.775391
0 0.316406 0.751953 0.378906 0.751953 0.378906 0.806641 0.316406 0.806641
0 0.000001 0.767579 0.019532 0.767579 0.019532 0.796875 0.000001 0.796875
0 0.425781 0.765625 0.457031 0.765625 0.457031 0.792969 0.425781 0.792969
0 0.781250 0.767578 0.835938 0.767578 0.835938 0.837890 0.781250 0.837890
0 0.369141 0.791016 0.419922 0.791016 0.419922 0.853516 0.369141 0.853516
0 0.107421 0.792969 0.150390 0.792969 0.150390 0.853515 0.107421 0.853515
0 0.203125 0.794921 0.226563 0.794921 0.226563 0.828125 0.203125 0.828125
0 0.000001 0.796875 0.050782 0.796875 0.050782 0.830079 0.000001 0.830079
0 0.000000 0.828125 0.052734 0.828125 0.052734 0.875000 0.000000 0.875000
0 0.320312 0.828125 0.376954 0.828125 0.376954 0.875000 0.320312 0.875000
0 0.167968 0.841797 0.228516 0.841797 0.228516 0.898438 0.167968 0.898438
0 0.050781 0.843750 0.103515 0.843750 0.103515 0.898438 0.050781 0.898438
0 0.138672 0.853516 0.193360 0.853516 0.193360 0.916016 0.138672 0.916016
0 0.410156 0.855468 0.480468 0.855468 0.480468 0.933593 0.410156 0.933593
0 0.652344 0.857422 0.681640 0.857422 0.681640 0.888672 0.652344 0.888672
0 0.476563 0.859375 0.546875 0.859375 0.546875 0.923829 0.476563 0.923829
0 0.228516 0.863281 0.285157 0.863281 0.285157 0.929687 0.228516 0.929687
0 0.000000 0.880859 0.060547 0.880859 0.060547 0.929687 0.000000 0.929687
0 0.351562 0.878907 0.412110 0.878907 0.412110 0.939453 0.351562 0.939453
0 0.046876 0.896484 0.111328 0.896484 0.111328 0.951172 0.046876 0.951172
0 0.919922 0.894531 0.974610 0.894531 0.974610 0.949219 0.919922 0.949219
0 0.501953 0.931640 0.578125 0.931640 0.578125 1.000000 0.501953 1.000000
0 0.597657 0.933594 0.644532 0.933594 0.644532 0.964844 0.597657 0.964844
0 0.812500 0.945312 0.843750 0.945312 0.843750 0.978516 0.812500 0.978516
0 0.251953 0.960938 0.318359 0.960938 0.318359 1.000000 0.251953 1.000000
0 0.853515 0.966796 0.912109 0.966796 0.912109 1.000000 0.853515 1.000000
0 0.386719 0.972656 0.451172 0.972656 0.451172 1.000000 0.386719 1.000000
0 0.962890 0.974610 1.000000 0.974610 1.000000 1.000000 0.962890 1.000000
0 0.126952 0.976562 0.183593 0.976562 0.183593 1.000000 0.126952 1.000000
0 0.181640 0.980468 0.242188 0.980468 0.242188 0.999999 0.181640 0.999999
