0 0.068359 0.000000 0.142578 0.000000 0.142578 0.044922 0.068359 0.044922
0 0.302735 0.000000 0.386719 0.000000 0.386719 0.082032 0.302735 0.082032
0 0.410156 0.000000 0.441406 0.000000 0.441406 0.009766 0.410156 0.009766
0 0.451172 0.000000 0.503906 0.000000 0.503906 0.058594 0.451172 0.058594
0 0.519531 0.000000 0.560547 0.000000 0.560547 0.021484 0.519531 0.021484
0 0.580078 0.000000 0.623047 0.000000 0.623047 0.023438 0.580078 0.023438
0 0.771484 0.000000 0.804688 0.000000 0.804688 0.021484 0.771484 0.021484
0 0.851562 0.000000 0.914062 0.000000 0.914062 0.039062 0.851562 0.039062
0 0.201172 0.003906 0.257812 0.003906 0.257812 0.052734 0.201172 0.052734
0 0.789062 0.015625 0.861328 0.015625 0.861328 0.082031 0.789062 0.082031
0 0.931640 0.017578 1.000000 0.017578 1.000000 0.087890 0.931640 0.087890
0 0.630860 0.019531 0.683594 0.019531 0.683594 0.068359 0.630860 0.068359
0 0.890625 0.021485 0.927735 0.021485 0.927735 0.060547 0.890625 0.060547
0 0.406251 0.033203 0.453126 0.033203 0.453126 0.087891 0.406251 0.087891
0 0.505859 0.033203 0.568359 0.033203 0.568359 0.091797 0.505859 0.091797
0 0.003907 0.037110 0.068359 0.037110 0.068359 0.115235 0.003907 0.115235
0 0.205078 0.044922 0.281250 0.044922 0.281250 0.111328 0.205078 0.111328
0 0.367188 0.044921 0.392579 0.044921 0.392579 0.074218 0.367188 0.074218
0 0.074219 0.048828 0.124999 0.048828 0.124999 0.087890 0.074219 0.087890
0 0.757812 0.064453 0.820312 0.064453 0.820312 0.128907 0.757812 0.128907
0 0.697266 0.087891 0.759766 0.087891 0.759766 0.152343 0.697266 0.152343
0 0.333985 0.099609 0.394532 0.099609 0.394532 0.156250 0.333985 0.156250
0 0.423828 0.097656 0.484376 0.097656 0.484376 0.164062 0.423828 0.164062
0 0.517578 0.103516 0.550782 0.103516 0.550782 0.138672 0.517578 0.138672
0 0.070312 0.113282 0.107422 0.113282 0.107422 0.138673 0.070312 0.138673
0 0.158203 0.119141 0.189453 0.119141 0.189453 0.156250 0.158203 0.156250
0 0.275391 0.123047 0.320313 0.123047 0.320313 0.150391 0.275391 0.150391
0 0.404297 0.123048 0.427735 0.123048 0.427735 0.191407 0.404297 0.191407
0 0.556641 0.130860 0.585938 0.130860 0.585938 0.164062 0.556641 0.164062
0 0.820313 0.144531 0.904297 0.144531 0.904297 0.205078 0.820313 0.205078
0 0.037110 0.148438 0.056640 0.148438 0.056640 0.183594 0.037110 0.183594
0 0.468750 0.160157 0.509766 0.160157 0.509766 0.224609 0.468750 0.224609
0 0.572266 0.160157 0.603516 0.160157 0.603516 0.199219 0.572266 0.199219
0 0.738281 0.164062 0.791015 0.164062 0.791015 0.228515 0.738281 0.228515
0 0.371093 0.181640 0.394531 0.181640 0.394531 0.205078 0.371093 0.205078
0 0.166016 0.183594 0.197266 0.183594 0.197266 0.232422 0.166016 0.232422
0 0.066407 0.187500 0.140625 0.187500 0.140625 0.232422 0.066407 0.232422
0 0.216797 0.191407 0.246094 0.191407 0.246094 0.234375 0.216797 0.234375
0 0.249999 0.201172 0.279297 0.201172 0.279297 0.250000 0.249999 0.250000
0 0.306640 0.203125 0.332032 0.203125 0.332032 0.246093 0.306640 0.246093
0 0.609375 0.203125 0.640625 0.203125 0.640625 0.244141 0.609375 0.244141
0 0.949218 0.203125 0.999999 0.203125 0.999999 0.283203 0.949218 0.283203
0 0.906250 0.218750 0.945312 0.218750 0.945312 0.292969 0.906250 0.292969
0 0.337890 0.224609 0.398438 0.224609 0.398438 0.283203 0.337890 0.283203
0 0.738281 0.246094 0.779297 0.246094 0.779297 0.304688 0.738281 0.304688
0 0.087891 0.255860 0.164063 0.255860 0.164063 0.302735 0.087891 0.302735
0 0.275390 0.255860 0.298828 0.255860 0.298828 0.294922 0.275390 0.294922
0 0.455078 0.259765 0.521484 0.259765 0.521484 0.285157 0.455078 0.285157
0 0.593750 0.263672 0.658204 0.263672 0.658204 0.333984 0.593750 0.333984
0 0.220703 0.265625 0.250001 0.265625 0.250001 0.283203 0.220703 0.283203
0 0.183593 0.273438 0.208984 0.273438 0.208984 0.292968 0.183593 0.292968
0 0.046875 0.285156 0.136719 0.285156 0.136719 0.382812 0.046875 0.382812
0 0.611328 0.310546 0.669922 0.310546 0.669922 0.367188 0.611328 0.367188
0 0.789062 0.310548 0.857422 0.310548 0.857422 0.361328 0.789062 0.361328
0 0.505860 0.328126 0.552735 0.328126 0.552735 0.378906 0.505860 0.378906
0 0.982422 0.332031 1.000000 0.332031 1.000000 0.376953 0.982422 0.376953
0 0.900390 0.345703 0.951171 0.345703 0.951171 0.425781 0.900390 0.425781
0 0.646485 0.351563 0.703125 0.351563 0.703125 0.404297 0.646485 0.404297
0 0.732422 0.353516 0.777344 0.353516 0.777344 0.392578 0.732422 0.392578
0 0.181640 0.357422 0.210938 0.357422 0.210938 0.429688 0.181640 0.429688
0 0.218750 0.357422 0.250000 0.357422 0.250000 0.410156 0.218750 0.410156
0 0.792969 0.357422 0.851563 0.357422 0.851563 0.433594 0.792969 0.433594
0 0.550781 0.367187 0.634765 0.367187 0.634765 0.439453 0.550781 0.439453
0 0.279297 0.380859 0.322266 0.380859 0.322266 0.425781 0.279297 0.425781
0 0.884765 0.380859 0.931640 0.380859 0.931640 0.439453 0.884765 0.439453
0 0.390625 0.390624 0.439453 0.390624 0.439453 0.437499 0.390625 0.437499
0 0.699219 0.390625 0.757813 0.390625 0.757813 0.445313 0.699219 0.445313
0 0.857422 0.392578 0.882812 0.392578 0.882812 0.431640 0.857422 0.431640
0 0.132812 0.402344 0.175781 0.402344 0.175781 0.443360 0.132812 0.443360
0 0.498047 0.402344 0.548828 0.402344 0.548828 0.449219 0.498047 0.449219
0 0.759765 0.404297 0.785156 0.404297 0.785156 0.435547 0.759765 0.435547
0 0.326172 0.419922 0.363282 0.419922 0.363282 0.455078 0.326172 0.455078
0 0.273438 0.421875 0.316407 0.421875 0.316407 0.466797 0.273438 0.466797
0 0.417968 0.429688 0.478515 0.429688 0.478515 0.507812 0.417968 0.507812
0 0.279297 0.439453 0.365235 0.439453 0.365235 0.488281 0.279297 0.488281
0 0.541015 0.441406 0.595703 0.441406 0.595703 0.513672 0.541015 0.513672
0 0.689454 0.449219 0.736329 0.449219 0.736329 0.494141 0.689454 0.494141
0 0.892578 0.457032 0.951172 0.457032 0.951172 0.521485 0.892578 0.521485
0 0.607421 0.460938 0.671875 0.460938 0.671875 0.523438 0.607421 0.523438
0 0.499999 0.464844 0.525390 0.464844 0.525390 0.500000 0.499999 0.500000
0 0.837891 0.478515 0.882813 0.478515 0.882813 0.550781 0.837891 0.550781
0 0.275391 0.480469 0.333985 0.480469 0.333985 0.529297 0.275391 0.529297
0 0.226562 0.500000 0.255860 0.500000 0.255860 0.515625 0.226562 0.515625
0 0.398438 0.500000 0.472657 0.500000 0.472657 0.566406 0.398438 0.566406
0 0.343750 0.503906 0.365234 0.503906 0.365234 0.531250 0.343750 0.531250
0 0.529297 0.507812 0.595703 0.507812 0.595703 0.603516 0.529297 0.603516
0 0.654297 0.509766 0.716797 0.509766 0.716797 0.572266 0.654297 0.572266
0 0.970704 0.513672 1.000000 0.513672 1.000000 0.550782 0.970704 0.550782
0 0.787110 0.515625 0.839844 0.515625 0.839844 0.580079 0.787110 0.580079
0 0.228516 0.519532 0.328125 0.519532 0.328125 0.607422 0.228516 0.607422
0 0.722657 0.527344 0.761719 0.527344 0.761719 0.566406 0.722657 0.566406
0 0.986328 0.544922 1.000000 0.544922 1.000000 0.582032 0.986328 0.582032
0 0.855469 0.546875 0.914063 0.546875 0.914063 0.626953 0.855469 0.626953
0 0.806641 0.556640 0.851563 0.556640 0.851563 0.593750 0.806641 0.593750
0 0.716797 0.580078 0.753907 0.580078 0.753907 0.666016 0.716797 0.666016
0 0.949218 0.585937 0.999999 0.585937 0.999999 0.658203 0.949218 0.658203
0 0.603516 0.591797 0.656250 0.591797 0.656250 0.664063 0.603516 0.664063
0 0.882812 0.591797 0.927734 0.591797 0.927734 0.636719 0.882812 0.636719
0 0.761718 0.603516 0.830078 0.603516 0.830078 0.683594 0.761718 0.683594
0 0.292969 0.619140 0.332031 0.619140 0.332031 0.652344 0.292969 0.652344
0 0.251953 0.628906 0.285156 0.628906 0.285156 0.662110 0.251953 0.662110
0 0.343750 0.628907 0.402344 0.628907 0.402344 0.685547 0.343750 0.685547
0 0.642578 0.630860 0.697266 0.630860 0.697266 0.708985 0.642578 0.708985
0 0.216797 0.634765 0.255859 0.634765 0.255859 0.685546 0.216797 0.685546
0 0.882812 0.636719 0.912109 0.636719 0.912109 0.685547 0.882812 0.685547
0 0.927734 0.638672 0.962890 0.638672 0.962890 0.693360 0.927734 0.693360
0 0.457031 0.644531 0.511719 0.644531 0.511719 0.699219 0.457031 0.699219
0 0.394531 0.650391 0.441406 0.650391 0.441406 0.689453 0.394531 0.689453
0 0.158203 0.664063 0.228515 0.664063 0.228515 0.730469 0.158203 0.730469
0 0.847656 0.667969 0.875000 0.667969 0.875000 0.755860 0.847656 0.755860
0 0.947266 0.681641 0.986328 0.681641 0.986328 0.744141 0.947266 0.744141
0 0.794922 0.689453 0.849610 0.689453 0.849610 0.765625 0.794922 0.765625
0 0.240234 0.691406 0.259765 0.691406 0.259765 0.712890 0.240234 0.712890
0 0.513672 0.693359 0.572266 0.693359 0.572266 0.748047 0.513672 0.748047
0 0.605468 0.693359 0.656249 0.693359 0.656249 0.773437 0.605468 0.773437
0 0.298829 0.705078 0.367188 0.705078 0.367188 0.791016 0.298829 0.791016
0 0.402344 0.712890 0.472656 0.712890 0.472656 0.787110 0.402344 0.787110
0 0.875000 0.716797 0.914062 0.716797 0.914062 0.783203 0.875000 0.783203
0 0.250000 0.724609 0.287110 0.724609 0.287110 0.769531 0.250000 0.769531
0 0.675782 0.728516 0.722657 0.728516 0.722657 0.759766 0.675782 0.759766
0 0.187499 0.740234 0.216797 0.740234 0.216797 0.785156 0.187499 0.785156
0 0.730469 0.744140 0.771485 0.744140 0.771485 0.787110 0.730469 0.787110
0 0.136719 0.759765 0.158203 0.759765 0.158203 0.783203 0.136719 0.783203
0 0.410157 0.761719 0.447265 0.761719 0.447265 0.806641 0.410157 0.806641
0 0.265625 0.779296 0.320313 0.779296 0.320313 0.853515 0.265625 0.853515
0 0.714844 0.787110 0.767578 0.787110 0.767578 0.833985 0.714844 0.833985
0 0.884766 0.796875 0.919922 0.796875 0.919922 0.830079 0.884766 0.830079
0 0.917969 0.808594 0.974610 0.808594 0.974610 0.863282 0.917969 0.863282
0 0.488282 0.814454 0.531251 0.814454 0.531251 0.861329 0.488282 0.861329
0 0.384765 0.824219 0.458985 0.824219 0.458985 0.882813 0.384765 0.882813
0 0.847656 0.833984 0.896484 0.833984 0.896484 0.898438 0.847656 0.898438
0 0.902344 0.833985 0.951172 0.833985 0.951172 0.890625 0.902344 0.890625
0 0.232422 0.837890 0.302734 0.837890 0.302734 0.910156 0.232422 0.910156
0 0.703125 0.837890 0.779297 0.837890 0.779297 0.912110 0.703125 0.912110
0 0.552735 0.843750 0.609375 0.843750 0.609375 0.884766 0.552735 0.884766
0 0.578125 0.880859 0.601563 0.880859 0.601563 0.908203 0.578125 0.908203
0 0.529297 0.884765 0.578125 0.884765 0.578125 0.927735 0.529297 0.927735
0 0.689453 0.900390 0.724609 0.900390 0.724609 0.927734 0.689453 0.927734
0 0.000000 0.929688 0.058594 0.929688 0.058594 1.000000 0.000000 1.000000
0 0.169922 0.937500 0.201172 0.937500 0.201172 0.966796 0.169922 0.966796
0 0.804687 0.949218 0.845703 0.949218 0.845703 0.999999 0.804687 0.999999
0 0.160157 0.974610 0.216798 0.974610 0.216798 1.000000 0.160157 1.000000
