0 0.509765 0.019531 0.566406 0.019531 0.566406 0.062501 0.509765 0.062501
0 0.214843 0.164062 0.244141 0.164062 0.244141 0.207031 0.214843 0.207031
0 0.099609 0.169922 0.132812 0.169922 0.132812 0.203124 0.099609 0.203124
0 0.246094 0.169922 0.281250 0.169922 0.281250 0.203124 0.246094 0.203124
0 0.044922 0.171876 0.083984 0.171876 0.083984 0.205078 0.044922 0.205078
0 0.361328 0.185547 0.400390 0.185547 0.400390 0.232422 0.361328 0.232422
0 0.175782 0.195312 0.212891 0.195312 0.212891 0.236328 0.175782 0.236328
0 0.048828 0.226562 0.070312 0.226562 0.070312 0.251953 0.048828 0.251953
0 0.736329 0.226562 0.783204 0.226562 0.783204 0.267578 0.736329 0.267578
0 0.271484 0.236328 0.316406 0.236328 0.316406 0.275390 0.271484 0.275390
0 0.183594 0.242188 0.228516 0.242188 0.228516 0.312500 0.183594 0.312500
0 0.072266 0.273438 0.099610 0.273438 0.099610 0.316407 0.072266 0.316407
0 0.234375 0.277344 0.273437 0.277344 0.273437 0.312500 0.234375 0.312500
0 0.441406 0.298828 0.464844 0.298828 0.464844 0.322266 0.441406 0.322266
0 0.166016 0.300782 0.203125 0.300782 0.203125 0.337890 0.166016 0.337890
0 0.121094 0.322265 0.154297 0.322265 0.154297 0.369140 0.121094 0.369140
0 0.000000 0.328125 0.042968 0.328125 0.042968 0.359375 0.000000 0.359375
0 0.654297 0.357422 0.681641 0.357422 0.681641 0.388672 0.654297 0.388672
0 0.000000 0.369140 0.029296 0.369140 0.029296 0.402343 0.000000 0.402343
0 0.109374 0.455078 0.152343 0.455078 0.152343 0.490234 0.109374 0.490234
0 0.265625 0.492188 0.300781 0.492188 0.300781 0.531250 0.265625 0.531250
0 0.304688 0.503907 0.322266 0.503907 0.322266 0.519532 0.304688 0.519532
0 0.349609 0.533203 0.390625 0.533203 0.390625 0.576172 0.349609 0.576172
0 0.136719 0.560547 0.171875 0.560547 0.171875 0.597657 0.136719 0.597657
0 0.250000 0.558594 0.281250 0.558594 0.281250 0.585938 0.250000 0.585938
0 0.763672 0.574219 0.800782 0.574219 0.800782 0.623047 0.763672 0.623047
0 0.000000 0.578125 0.021484 0.578125 0.021484 0.623047 0.000000 0.623047
0 0.080078 0.582031 0.115234 0.582031 0.115234 0.619140 0.080078 0.619140
0 0.650391 0.582032 0.671875 0.582032 0.671875 0.632812 0.650391 0.632812
0 0.052734 0.595703 0.095703 0.595703 0.095703 0.628907 0.052734 0.628907
0 0.820312 0.595703 0.861328 0.595703 0.861328 0.623047 0.820312 0.623047
0 0.050781 0.621093 0.068359 0.621093 0.068359 0.644531 0.050781 0.644531
0 0.851563 0.624999 0.882813 0.624999 0.882813 0.699218 0.851563 0.699218
0 0.585938 0.630859 0.623047 0.630859 0.623047 0.664062 0.585938 0.664062
0 0.125000 0.646484 0.144532 0.646484 0.144532 0.673828 0.125000 0.673828
0 0.960938 0.660157 1.000000 0.660157 1.000000 0.710938 0.960938 0.710938
0 0.115235 0.675782 0.166016 0.675782 0.166016 0.705078 0.115235 0.705078
0 0.558594 0.679688 0.597656 0.679688 0.597656 0.740234 0.558594 0.740234
0 0.777344 0.693360 0.787110 0.693360 0.787110 0.718750 0.777344 0.718750
0 0.097656 0.707032 0.138672 0.707032 0.138672 0.736328 0.097656 0.736328
0 0.265625 0.728515 0.296875 0.728515 0.296875 0.761719 0.265625 0.761719
0 0.824218 0.730468 0.861328 0.730468 0.861328 0.763672 0.824218 0.763672
0 0.105468 0.742187 0.152343 0.742187 0.152343 0.769531 0.105468 0.769531
0 0.080078 0.748047 0.111328 0.748047 0.111328 0.779297 0.080078 0.779297
0 0.191406 0.767579 0.240234 0.767579 0.240234 0.818360 0.191406 0.818360
0 0.316406 0.777343 0.357422 0.777343 0.357422 0.824218 0.316406 0.824218
0 0.066406 0.789063 0.134765 0.789063 0.134765 0.859375 0.066406 0.859375
0 0.359375 0.789062 0.408203 0.789062 0.408203 0.814453 0.359375 0.814453
0 0.027343 0.814453 0.060547 0.814453 0.060547 0.851562 0.027343 0.851562
0 0.951172 0.822265 0.996094 0.822265 0.996094 0.869140 0.951172 0.869140
0 0.312500 0.833985 0.382812 0.833985 0.382812 0.863281 0.312500 0.863281
0 0.056640 0.839844 0.099610 0.839844 0.099610 0.888672 0.056640 0.888672
0 0.126953 0.943359 0.177735 0.943359 0.177735 0.988281 0.126953 0.988281
0 0.917969 0.953125 0.957031 0.953125 0.957031 1.000000 0.917969 1.000000
0 0.185547 0.974610 0.216797 0.974610 0.216797 1.000000 0.185547 1.000000
0 0.263672 0.976562 0.328124 0.976562 0.328124 1.000000 0.263672 1.000000
