0 0.162109 0.000000 0.187500 0.000000 0.187500 0.035156 0.162109 0.035156
0 0.630860 0.013672 0.683594 0.013672 0.683594 0.052734 0.630860 0.052734
0 0.000001 0.017578 0.019532 0.017578 0.019532 0.054688 0.000001 0.054688
0 0.179688 0.025391 0.216797 0.025391 0.216797 0.064453 0.179688 0.064453
0 0.216797 0.033203 0.238281 0.033203 0.238281 0.050781 0.216797 0.050781
0 0.763672 0.035156 0.792968 0.035156 0.792968 0.056640 0.763672 0.056640
0 0.353515 0.039062 0.396485 0.039062 0.396485 0.095703 0.353515 0.095703
0 0.234374 0.044922 0.294922 0.044922 0.294922 0.087891 0.234374 0.087891
0 0.578125 0.068360 0.644531 0.068360 0.644531 0.097656 0.578125 0.097656
0 0.132812 0.076172 0.166015 0.076172 0.166015 0.097656 0.132812 0.097656
0 0.029297 0.078125 0.068359 0.078125 0.068359 0.113281 0.029297 0.113281
0 0.089844 0.078125 0.130860 0.078125 0.130860 0.117187 0.089844 0.117187
0 0.277343 0.078124 0.320312 0.078124 0.320312 0.107421 0.277343 0.107421
0 0.476562 0.089843 0.523438 0.089843 0.523438 0.123047 0.476562 0.123047
0 0.205077 0.095702 0.230468 0.095702 0.230468 0.107422 0.205077 0.107422
0 0.654297 0.093749 0.699219 0.093749 0.699219 0.123046 0.654297 0.123046
0 0.154297 0.115234 0.185547 0.115234 0.185547 0.173828 0.154297 0.173828
0 0.222656 0.113281 0.267578 0.113281 0.267578 0.148437 0.222656 0.148437
0 0.691406 0.119141 0.712890 0.119141 0.712890 0.150391 0.691406 0.150391
0 0.392577 0.123047 0.417969 0.123047 0.417969 0.146485 0.392577 0.146485
0 0.121094 0.146484 0.148438 0.146484 0.148438 0.177734 0.121094 0.177734
0 0.181641 0.160156 0.224609 0.160156 0.224609 0.232422 0.181641 0.232422
0 0.103516 0.179688 0.121094 0.179688 0.121094 0.195312 0.103516 0.195312
0 0.013672 0.185547 0.037110 0.185547 0.037110 0.236328 0.013672 0.236328
0 0.000000 0.191406 0.007812 0.191406 0.007812 0.214844 0.000000 0.214844
0 0.085937 0.197266 0.130859 0.197266 0.130859 0.236328 0.085937 0.236328
0 0.865234 0.197265 0.898438 0.197265 0.898438 0.216797 0.865234 0.216797
0 0.802734 0.224609 0.857422 0.224609 0.857422 0.265625 0.802734 0.265625
0 0.734375 0.242187 0.773437 0.242187 0.773437 0.287109 0.734375 0.287109
0 0.158203 0.296875 0.222656 0.296875 0.222656 0.345703 0.158203 0.345703
0 0.757812 0.330078 0.816406 0.330078 0.816406 0.425781 0.757812 0.425781
0 0.175781 0.359375 0.216797 0.359375 0.216797 0.390625 0.175781 0.390625
0 0.142578 0.371093 0.171876 0.371093 0.171876 0.408203 0.142578 0.408203
0 0.000000 0.431641 0.039062 0.431641 0.039062 0.511719 0.000000 0.511719
0 0.750000 0.433594 0.814454 0.433594 0.814454 0.513672 0.750000 0.513672
0 0.128907 0.439453 0.162109 0.439453 0.162109 0.480469 0.128907 0.480469
0 0.095703 0.441407 0.123047 0.441407 0.123047 0.492188 0.095703 0.492188
0 0.064452 0.451172 0.089843 0.451172 0.089843 0.501953 0.064452 0.501953
0 0.785156 0.486328 0.816406 0.486328 0.816406 0.525390 0.785156 0.525390
0 0.134766 0.501953 0.171875 0.501953 0.171875 0.554687 0.134766 0.554687
0 0.078125 0.509766 0.105469 0.509766 0.105469 0.527344 0.078125 0.527344
0 0.763672 0.519531 0.792968 0.519531 0.792968 0.560547 0.763672 0.560547
0 0.111328 0.560547 0.201172 0.560547 0.201172 0.626953 0.111328 0.626953
0 0.167969 0.560547 0.195313 0.560547 0.195313 0.582031 0.167969 0.582031
0 0.544922 0.572266 0.572266 0.572266 0.572266 0.599610 0.544922 0.599610
0 0.671874 0.636718 0.714843 0.636718 0.714843 0.679688 0.671874 0.679688
0 0.703125 0.689453 0.742187 0.689453 0.742187 0.730469 0.703125 0.730469
0 0.382813 0.720703 0.417969 0.720703 0.417969 0.755859 0.382813 0.755859
0 0.541015 0.718750 0.582031 0.718750 0.582031 0.765625 0.541015 0.765625
0 0.597656 0.726562 0.691406 0.726562 0.691406 0.781250 0.597656 0.781250
0 0.398437 0.761718 0.425781 0.761718 0.425781 0.808593 0.398437 0.808593
0 0.505859 0.806641 0.570312 0.806641 0.570312 0.855469 0.505859 0.855469
0 0.421876 0.826172 0.472656 0.826172 0.472656 0.875000 0.421876 0.875000
0 0.978516 0.859375 1.000000 0.859375 1.000000 0.892579 0.978516 0.892579
0 0.523437 0.884765 0.568359 0.884765 0.568359 0.943359 0.523437 0.943359
0 0.550782 0.955078 0.601562 0.955078 0.601562 1.000000 0.550782 1.000000
