0 0.041016 0.000000 0.117188 0.000000 0.117188 0.033203 0.041016 0.033203
0 0.164063 0.000000 0.234375 0.000000 0.234375 0.013672 0.164063 0.013672
0 0.488281 0.000000 0.589843 0.000000 0.589843 0.035156 0.488281 0.035156
0 0.667969 0.000000 0.728515 0.000000 0.728515 0.025390 0.667969 0.025390
0 0.759766 0.000000 0.804688 0.000000 0.804688 0.011718 0.759766 0.011718
0 0.812500 0.000000 0.873046 0.000000 0.873046 0.056640 0.812500 0.056640
0 0.962890 0.000000 1.000000 0.000000 1.000000 0.031250 0.962890 0.031250
0 0.181641 0.003906 0.259765 0.003906 0.259765 0.037110 0.181641 0.037110
0 0.345703 0.009766 0.410156 0.009766 0.410156 0.058594 0.345703 0.058594
0 0.527344 0.013672 0.597656 0.013672 0.597656 0.048828 0.527344 0.048828
0 0.115235 0.025391 0.179688 0.025391 0.179688 0.070313 0.115235 0.070313
0 0.386718 0.023438 0.429688 0.023438 0.429688 0.074219 0.386718 0.074219
0 0.000000 0.031250 0.017578 0.031250 0.017578 0.062500 0.000000 0.062500
0 0.177734 0.031250 0.240234 0.031250 0.240234 0.076172 0.177734 0.076172
0 0.638672 0.041016 0.710938 0.041016 0.710938 0.105468 0.638672 0.105468
0 0.513671 0.048828 0.623046 0.048828 0.623046 0.132812 0.513671 0.132812
0 0.753907 0.056640 0.804688 0.056640 0.804688 0.103515 0.753907 0.103515
0 0.916016 0.058594 0.986328 0.058594 0.986328 0.113282 0.916016 0.113282
0 0.152344 0.066406 0.246094 0.066406 0.246094 0.103515 0.152344 0.103515
0 0.039062 0.072265 0.085938 0.072265 0.085938 0.109374 0.039062 0.109374
0 0.093750 0.076171 0.156250 0.076171 0.156250 0.109374 0.093750 0.109374
0 0.423829 0.091797 0.492188 0.091797 0.492188 0.132813 0.423829 0.132813
0 0.599609 0.095703 0.640625 0.095703 0.640625 0.134765 0.599609 0.134765
0 0.787109 0.095703 0.859375 0.095703 0.859375 0.162109 0.787109 0.162109
0 0.681641 0.097656 0.726563 0.097656 0.726563 0.138672 0.681641 0.138672
0 0.080078 0.105468 0.150390 0.105468 0.150390 0.142577 0.080078 0.142577
0 0.335938 0.117188 0.398438 0.117188 0.398438 0.156250 0.335938 0.156250
0 0.005859 0.121093 0.060547 0.121093 0.060547 0.189452 0.005859 0.189452
0 0.750000 0.134765 0.818360 0.134765 0.818360 0.189453 0.750000 0.189453
0 0.066406 0.142578 0.136718 0.142578 0.136718 0.205078 0.066406 0.205078
0 0.880860 0.140626 0.941406 0.140626 0.941406 0.205078 0.880860 0.205078
0 0.917968 0.140625 0.968749 0.140625 0.968749 0.175781 0.917968 0.175781
0 0.492188 0.150390 0.548828 0.150390 0.548828 0.191406 0.492188 0.191406
0 0.113282 0.152343 0.181641 0.152343 0.181641 0.208984 0.113282 0.208984
0 0.943360 0.162109 1.000000 0.162109 1.000000 0.216797 0.943360 0.216797
0 0.638672 0.164062 0.710938 0.164062 0.710938 0.187500 0.638672 0.187500
0 0.169922 0.169922 0.230469 0.169922 0.230469 0.250000 0.169922 0.250000
0 0.115235 0.177735 0.175782 0.177735 0.175782 0.242188 0.115235 0.242188
0 0.580079 0.175782 0.640625 0.175782 0.640625 0.212891 0.580079 0.212891
0 0.615234 0.187500 0.712890 0.187500 0.712890 0.232422 0.615234 0.232422
0 0.757812 0.189453 0.820312 0.189453 0.820312 0.226562 0.757812 0.226562
0 0.203125 0.193359 0.259765 0.193359 0.259765 0.269531 0.203125 0.269531
0 0.976562 0.201172 1.000000 0.201172 1.000000 0.236328 0.976562 0.236328
0 0.859375 0.207032 0.921875 0.207032 0.921875 0.253907 0.859375 0.253907
0 0.240234 0.230468 0.283203 0.230468 0.283203 0.304688 0.240234 0.304688
0 0.000000 0.236328 0.031250 0.236328 0.031250 0.271484 0.000000 0.271484
0 0.339844 0.250000 0.390624 0.250000 0.390624 0.335938 0.339844 0.335938
0 0.949218 0.250000 0.999999 0.250000 0.999999 0.298828 0.949218 0.298828
0 0.660157 0.253906 0.710938 0.253906 0.710938 0.289062 0.660157 0.289062
0 0.890625 0.257812 0.947265 0.257812 0.947265 0.283204 0.890625 0.283204
0 0.769531 0.263672 0.810547 0.263672 0.810547 0.312500 0.769531 0.312500
0 0.566406 0.267578 0.615234 0.267578 0.615234 0.314453 0.566406 0.314453
0 0.839844 0.265625 0.880860 0.265625 0.880860 0.300781 0.839844 0.300781
0 0.328124 0.269532 0.353516 0.269532 0.353516 0.302735 0.328124 0.302735
0 0.470703 0.279297 0.525391 0.279297 0.525391 0.345703 0.470703 0.345703
0 0.089844 0.281249 0.125000 0.281249 0.125000 0.324219 0.089844 0.324219
0 0.132812 0.292969 0.207031 0.292969 0.207031 0.343749 0.132812 0.343749
0 0.359375 0.294922 0.414063 0.294922 0.414063 0.361328 0.359375 0.361328
0 0.833985 0.300781 0.908204 0.300781 0.908204 0.363281 0.833985 0.363281
0 0.914063 0.302735 0.966797 0.302735 0.966797 0.339843 0.914063 0.339843
0 0.230468 0.304687 0.273438 0.304687 0.273438 0.345703 0.230468 0.345703
0 0.294922 0.310547 0.333984 0.310547 0.333984 0.355469 0.294922 0.355469
0 0.503906 0.326172 0.548828 0.326172 0.548828 0.376952 0.503906 0.376952
0 0.791016 0.330078 0.830078 0.330078 0.830078 0.353516 0.791016 0.353516
0 0.359375 0.341796 0.416015 0.341796 0.416015 0.398438 0.359375 0.398438
0 0.937500 0.341797 0.990234 0.341797 0.990234 0.394531 0.937500 0.394531
0 0.759765 0.343750 0.824219 0.343750 0.824219 0.414062 0.759765 0.414062
0 0.699218 0.359375 0.753906 0.359375 0.753906 0.416015 0.699218 0.416015
0 0.875000 0.361328 0.955078 0.361328 0.955078 0.416016 0.875000 0.416016
0 0.552734 0.367188 0.607422 0.367188 0.607422 0.455079 0.552734 0.455079
0 0.613281 0.369141 0.667969 0.369141 0.667969 0.417969 0.613281 0.417969
0 0.410157 0.373047 0.443360 0.373047 0.443360 0.408203 0.410157 0.408203
0 0.148438 0.374999 0.173828 0.374999 0.173828 0.400391 0.148438 0.400391
0 0.431641 0.376953 0.484375 0.376953 0.484375 0.439453 0.431641 0.439453
0 0.000000 0.386719 0.025390 0.386719 0.025390 0.414063 0.000000 0.414063
0 0.486328 0.386719 0.552734 0.386719 0.552734 0.470703 0.486328 0.470703
0 0.111328 0.390625 0.138672 0.390625 0.138672 0.425781 0.111328 0.425781
0 0.736328 0.394531 0.798828 0.394531 0.798828 0.437501 0.736328 0.437501
0 0.951172 0.396485 0.990234 0.396485 0.990234 0.449219 0.951172 0.449219
0 0.884766 0.412109 0.955078 0.412109 0.955078 0.478515 0.884766 0.478515
0 0.201172 0.416015 0.240234 0.416015 0.240234 0.457031 0.201172 0.457031
0 0.578126 0.414063 0.628907 0.414063 0.628907 0.466797 0.578126 0.466797
0 0.671875 0.416015 0.712891 0.416015 0.712891 0.449218 0.671875 0.449218
0 0.000001 0.419922 0.050782 0.419922 0.050782 0.466797 0.000001 0.466797
0 0.050781 0.437501 0.099609 0.437501 0.099609 0.470703 0.050781 0.470703
0 0.625000 0.447265 0.660156 0.447265 0.660156 0.472657 0.625000 0.472657
0 0.058594 0.457031 0.138672 0.457031 0.138672 0.498047 0.058594 0.498047
0 0.804688 0.460938 0.837891 0.460938 0.837891 0.500000 0.804688 0.500000
0 0.658203 0.466797 0.732422 0.466797 0.732422 0.527343 0.658203 0.527343
0 0.441407 0.470703 0.492188 0.470703 0.492188 0.523437 0.441407 0.523437
0 0.125000 0.476562 0.177734 0.476562 0.177734 0.509765 0.125000 0.509765
0 0.000000 0.480469 0.023438 0.480469 0.023438 0.507813 0.000000 0.507813
0 0.156249 0.494141 0.216797 0.494141 0.216797 0.552735 0.156249 0.552735
0 0.533203 0.496094 0.558593 0.496094 0.558593 0.527344 0.533203 0.527344
0 0.025391 0.501953 0.064453 0.501953 0.064453 0.527343 0.025391 0.527343
0 0.210938 0.503906 0.285156 0.503906 0.285156 0.566406 0.210938 0.566406
0 0.837890 0.503906 0.865234 0.503906 0.865234 0.531250 0.837890 0.531250
0 0.337890 0.507812 0.378906 0.507812 0.378906 0.554688 0.337890 0.554688
0 0.437501 0.507812 0.457031 0.507812 0.457031 0.527343 0.437501 0.527343
0 0.632812 0.509766 0.658203 0.509766 0.658203 0.531250 0.632812 0.531250
0 0.050781 0.519532 0.105469 0.519532 0.105469 0.562501 0.050781 0.562501
0 0.898438 0.529297 0.949218 0.529297 0.949218 0.582031 0.898438 0.582031
0 0.000000 0.531249 0.044922 0.531249 0.044922 0.574218 0.000000 0.574218
0 0.117188 0.531250 0.154297 0.531250 0.154297 0.572266 0.117188 0.572266
0 0.382812 0.544922 0.429688 0.544922 0.429688 0.580078 0.382812 0.580078
0 0.228515 0.562500 0.283203 0.562500 0.283203 0.589844 0.228515 0.589844
0 0.689453 0.566407 0.757812 0.566407 0.757812 0.623047 0.689453 0.623047
0 0.050782 0.570312 0.107423 0.570312 0.107423 0.599609 0.050782 0.599609
0 0.275390 0.572265 0.330078 0.572265 0.330078 0.609375 0.275390 0.609375
0 0.492188 0.570312 0.548828 0.570312 0.548828 0.656250 0.492188 0.656250
0 0.423828 0.578125 0.458984 0.578125 0.458984 0.625000 0.423828 0.625000
0 0.000000 0.591797 0.091797 0.591797 0.091797 0.640625 0.000000 0.640625
0 0.187500 0.589844 0.285156 0.589844 0.285156 0.646485 0.187500 0.646485
0 0.349610 0.599609 0.396485 0.599609 0.396485 0.644531 0.349610 0.644531
0 0.082031 0.601562 0.175781 0.601562 0.175781 0.638672 0.082031 0.638672
0 0.460938 0.607422 0.498046 0.607422 0.498046 0.658203 0.460938 0.658203
0 0.179687 0.628906 0.251953 0.628906 0.251953 0.673828 0.179687 0.673828
0 0.703125 0.630860 0.767579 0.630860 0.767579 0.701172 0.703125 0.701172
0 0.296874 0.634766 0.343749 0.634766 0.343749 0.664062 0.296874 0.664062
0 0.130859 0.640625 0.175781 0.640625 0.175781 0.679687 0.130859 0.679687
0 0.183594 0.658203 0.263672 0.658203 0.263672 0.712891 0.183594 0.712891
0 0.000000 0.664063 0.015624 0.664063 0.015624 0.703125 0.000000 0.703125
0 0.298828 0.664062 0.318359 0.664062 0.318359 0.673828 0.298828 0.673828
0 0.318360 0.669922 0.347657 0.669922 0.347657 0.693360 0.318360 0.693360
0 0.539062 0.667969 0.595703 0.667969 0.595703 0.712891 0.539062 0.712891
0 0.253906 0.679688 0.316406 0.679688 0.316406 0.712891 0.253906 0.712891
0 0.083984 0.703125 0.138672 0.703125 0.138672 0.744141 0.083984 0.744141
0 0.183594 0.703125 0.255860 0.703125 0.255860 0.751953 0.183594 0.751953
0 0.667969 0.703125 0.699219 0.703125 0.699219 0.736329 0.667969 0.736329
0 0.326171 0.707032 0.382812 0.707032 0.382812 0.750001 0.326171 0.750001
0 0.271485 0.724610 0.322265 0.724610 0.322265 0.771485 0.271485 0.771485
0 0.365234 0.722656 0.427734 0.722656 0.427734 0.775390 0.365234 0.775390
0 0.000001 0.728516 0.050782 0.728516 0.050782 0.750000 0.000001 0.750000
0 0.056641 0.726562 0.119141 0.726562 0.119141 0.763672 0.056641 0.763672
0 0.455078 0.728515 0.501953 0.728515 0.501953 0.785156 0.455078 0.785156
0 0.730469 0.726562 0.791015 0.726562 0.791015 0.787109 0.730469 0.787109
0 0.619141 0.730469 0.677735 0.730469 0.677735 0.769531 0.619141 0.769531
0 0.404297 0.738282 0.462891 0.738282 0.462891 0.794922 0.404297 0.794922
0 0.876953 0.740235 0.908203 0.740235 0.908203 0.777344 0.876953 0.777344
0 0.501953 0.748047 0.535157 0.748047 0.535157 0.796875 0.501953 0.796875
0 0.818359 0.746094 0.876953 0.746094 0.876953 0.812500 0.818359 0.812500
0 0.322265 0.751954 0.378907 0.751954 0.378907 0.798829 0.322265 0.798829
0 0.001953 0.761719 0.072265 0.761719 0.072265 0.806641 0.001953 0.806641
0 0.197266 0.763672 0.265625 0.763672 0.265625 0.798828 0.197266 0.798828
0 0.119141 0.767578 0.187500 0.767578 0.187500 0.810547 0.119141 0.810547
0 0.566406 0.767578 0.599610 0.767578 0.599610 0.810547 0.566406 0.810547
0 0.248048 0.779297 0.298828 0.779297 0.298828 0.828125 0.248048 0.828125
0 0.755859 0.779297 0.810547 0.779297 0.810547 0.839843 0.755859 0.839843
0 0.660157 0.787110 0.707032 0.787110 0.707032 0.839844 0.660157 0.839844
0 0.000000 0.789062 0.029296 0.789062 0.029296 0.822266 0.000000 0.822266
0 0.437500 0.791016 0.500000 0.791016 0.500000 0.830078 0.437500 0.830078
0 0.074218 0.798828 0.142577 0.798828 0.142577 0.841797 0.074218 0.841797
0 0.583984 0.798828 0.617188 0.798828 0.617188 0.843750 0.583984 0.843750
0 0.195313 0.800782 0.248047 0.800782 0.248047 0.851562 0.195313 0.851562
0 0.148438 0.812500 0.195312 0.812500 0.195312 0.867188 0.148438 0.867188
0 0.378906 0.820313 0.425781 0.820313 0.425781 0.869141 0.378906 0.869141
0 0.439453 0.822265 0.501953 0.822265 0.501953 0.855469 0.439453 0.855469
0 0.251953 0.830078 0.294923 0.830078 0.294923 0.857422 0.251953 0.857422
0 0.000001 0.839844 0.046876 0.839844 0.046876 0.878906 0.000001 0.878906
0 0.818359 0.841797 0.876953 0.841797 0.876953 0.892578 0.818359 0.892578
0 0.083984 0.845703 0.148438 0.845703 0.148438 0.876953 0.083984 0.876953
0 0.869140 0.853516 0.925781 0.853516 0.925781 0.898438 0.869140 0.898438
0 0.904297 0.853515 0.976563 0.853515 0.976563 0.908203 0.904297 0.908203
0 0.162109 0.857422 0.203125 0.857422 0.203125 0.888672 0.162109 0.888672
0 0.207032 0.855469 0.244141 0.855469 0.244141 0.896485 0.207032 0.896485
0 0.449218 0.857421 0.486328 0.857421 0.486328 0.890625 0.449218 0.890625
0 0.699219 0.855469 0.748047 0.855469 0.748047 0.935547 0.699219 0.935547
0 0.490235 0.861328 0.537110 0.861328 0.537110 0.894532 0.490235 0.894532
0 0.238281 0.871093 0.318359 0.871093 0.318359 0.939453 0.238281 0.939453
0 0.085938 0.876953 0.150391 0.876953 0.150391 0.919922 0.085938 0.919922
0 0.015625 0.878907 0.068359 0.878907 0.068359 0.917969 0.015625 0.917969
0 0.158203 0.894532 0.216797 0.894532 0.216797 0.941407 0.158203 0.941407
0 0.507812 0.896485 0.572266 0.896485 0.572266 0.943360 0.507812 0.943360
0 0.779297 0.898438 0.800781 0.898438 0.800781 0.941407 0.779297 0.941407
0 0.119141 0.908203 0.166016 0.908203 0.166016 0.945312 0.119141 0.945312
0 0.927734 0.906250 0.982422 0.906250 0.982422 0.962890 0.927734 0.962890
0 0.054687 0.910157 0.113281 0.910157 0.113281 0.984376 0.054687 0.984376
0 0.185547 0.916015 0.242188 0.916015 0.242188 0.957031 0.185547 0.957031
0 0.574219 0.935547 0.623047 0.935547 0.623047 0.972657 0.574219 0.972657
0 0.484375 0.939453 0.531250 0.939453 0.531250 0.966797 0.484375 0.966797
0 0.509765 0.945313 0.587890 0.945313 0.587890 0.998047 0.509765 0.998047
0 0.884765 0.949218 0.941406 0.949218 0.941406 0.999999 0.884765 0.999999
0 0.357422 0.982422 0.402344 0.982422 0.402344 1.000000 0.357422 1.000000
0 0.562500 0.982422 0.628906 0.982422 0.628906 1.000000 0.562500 1.000000
0 0.964844 0.984375 1.000000 0.984375 1.000000 1.000000 0.964844 1.000000
