0 0.373047 0.000000 0.427735 0.000000 0.427735 0.015624 0.373047 0.015624
0 0.505860 0.000000 0.544922 0.000000 0.544922 0.025390 0.505860 0.025390
0 0.537110 0.000000 0.587890 0.000000 0.587890 0.037110 0.537110 0.037110
0 0.775390 0.000000 0.812500 0.000000 0.812500 0.017578 0.775390 0.017578
0 0.345703 0.027344 0.408203 0.027344 0.408203 0.048828 0.345703 0.048828
0 0.818359 0.027343 0.867187 0.027343 0.867187 0.060547 0.818359 0.060547
0 0.617188 0.046874 0.654297 0.046874 0.654297 0.134765 0.617188 0.134765
0 0.669921 0.052735 0.712890 0.052735 0.712890 0.099610 0.669921 0.099610
0 0.779296 0.056641 0.812500 0.056641 0.812500 0.087891 0.779296 0.087891
0 0.814453 0.062500 0.845703 0.062500 0.845703 0.093750 0.814453 0.093750
0 0.853516 0.072266 0.892578 0.072266 0.892578 0.117188 0.853516 0.117188
0 0.808593 0.091797 0.851562 0.091797 0.851562 0.140625 0.808593 0.140625
0 0.441407 0.105469 0.474610 0.105469 0.474610 0.150391 0.441407 0.150391
0 0.857421 0.107422 0.900390 0.107422 0.900390 0.154297 0.857421 0.154297
0 0.542969 0.109375 0.587891 0.109375 0.587891 0.154297 0.542969 0.154297
0 0.650390 0.128906 0.705078 0.128906 0.705078 0.183594 0.650390 0.183594
0 0.115235 0.136719 0.148438 0.136719 0.148438 0.207031 0.115235 0.207031
0 0.878906 0.136718 0.937500 0.136718 0.937500 0.187500 0.878906 0.187500
0 0.472656 0.148437 0.515625 0.148437 0.515625 0.171875 0.472656 0.171875
0 0.476562 0.166015 0.521484 0.166015 0.521484 0.195312 0.476562 0.195312
0 0.515625 0.167968 0.546875 0.167968 0.546875 0.205077 0.515625 0.205077
0 0.380860 0.179688 0.419922 0.179688 0.419922 0.222656 0.380860 0.222656
0 0.527344 0.183593 0.582032 0.183593 0.582032 0.251953 0.527344 0.251953
0 0.675781 0.187500 0.703125 0.187500 0.703125 0.224609 0.675781 0.224609
0 0.871093 0.199219 0.908203 0.199219 0.908203 0.251953 0.871093 0.251953
0 0.494141 0.205078 0.525391 0.205078 0.525391 0.248047 0.494141 0.248047
0 0.773438 0.203125 0.816407 0.203125 0.816407 0.242187 0.773438 0.242187
0 0.833985 0.203125 0.859375 0.203125 0.859375 0.234375 0.833985 0.234375
0 0.578125 0.212891 0.623047 0.212891 0.623047 0.269532 0.578125 0.269532
0 0.400391 0.214844 0.431641 0.214844 0.431641 0.255860 0.400391 0.255860
0 0.714843 0.226562 0.765624 0.226562 0.765624 0.273438 0.714843 0.273438
0 0.613281 0.230469 0.652343 0.230469 0.652343 0.275391 0.613281 0.275391
0 0.654297 0.232422 0.679688 0.232422 0.679688 0.255860 0.654297 0.255860
0 0.138672 0.236328 0.191406 0.236328 0.191406 0.296876 0.138672 0.296876
0 0.000000 0.244141 0.058594 0.244141 0.058594 0.300782 0.000000 0.300782
0 0.298828 0.242187 0.339844 0.242187 0.339844 0.310546 0.298828 0.310546
0 0.427734 0.242188 0.472656 0.242188 0.472656 0.281250 0.427734 0.281250
0 0.880860 0.242188 0.949219 0.242188 0.949219 0.306640 0.880860 0.306640
0 0.423828 0.265625 0.490234 0.265625 0.490234 0.328125 0.423828 0.328125
0 0.679688 0.265624 0.718750 0.265624 0.718750 0.308594 0.679688 0.308594
0 0.402344 0.273438 0.441406 0.273438 0.441406 0.308594 0.402344 0.308594
0 0.476562 0.289063 0.535156 0.289063 0.535156 0.341797 0.476562 0.341797
0 0.888672 0.296875 0.957032 0.296875 0.957032 0.380859 0.888672 0.380859
0 0.576171 0.302734 0.640625 0.302734 0.640625 0.347656 0.576171 0.347656
0 0.000000 0.306641 0.039062 0.306641 0.039062 0.365235 0.000000 0.365235
0 0.640625 0.320313 0.693359 0.320313 0.693359 0.390625 0.640625 0.390625
0 0.511719 0.326172 0.556641 0.326172 0.556641 0.376952 0.511719 0.376952
0 0.281250 0.330077 0.316406 0.330077 0.316406 0.373047 0.281250 0.373047
0 0.683594 0.330079 0.740235 0.330079 0.740235 0.398438 0.683594 0.398438
0 0.349609 0.335938 0.376953 0.335938 0.376953 0.371094 0.349609 0.371094
0 0.455078 0.339844 0.501953 0.339844 0.501953 0.373047 0.455078 0.373047
0 0.947266 0.341797 0.992188 0.341797 0.992188 0.412109 0.947266 0.412109
0 0.011719 0.347656 0.085938 0.347656 0.085938 0.390626 0.011719 0.390626
0 0.333984 0.373046 0.378906 0.373046 0.378906 0.429688 0.333984 0.429688
0 0.466797 0.376953 0.513672 0.376953 0.513672 0.416015 0.466797 0.416015
0 0.519532 0.382812 0.570312 0.382812 0.570312 0.460938 0.519532 0.460938
0 0.130860 0.392578 0.166016 0.392578 0.166016 0.433594 0.130860 0.433594
0 0.000000 0.396485 0.031250 0.396485 0.031250 0.457032 0.000000 0.457032
0 0.279297 0.400390 0.318359 0.400390 0.318359 0.427734 0.279297 0.427734
0 0.251953 0.402343 0.294923 0.402343 0.294923 0.476562 0.251953 0.476562
0 0.156250 0.412109 0.191406 0.412109 0.191406 0.453125 0.156250 0.453125
0 0.449219 0.417969 0.490235 0.417969 0.490235 0.451172 0.449219 0.451172
0 0.492187 0.423827 0.519531 0.423827 0.519531 0.449219 0.492187 0.449219
0 0.117188 0.437501 0.166016 0.437501 0.166016 0.488281 0.117188 0.488281
0 0.298828 0.437501 0.353516 0.437501 0.353516 0.484376 0.298828 0.484376
0 0.841797 0.437501 0.890625 0.437501 0.890625 0.484376 0.841797 0.484376
0 0.406249 0.443360 0.449219 0.443360 0.449219 0.496094 0.406249 0.496094
0 0.357422 0.451172 0.408202 0.451172 0.408202 0.496094 0.357422 0.496094
0 0.466797 0.449219 0.505859 0.449219 0.505859 0.490235 0.466797 0.490235
0 0.546875 0.464843 0.585937 0.464843 0.585937 0.542968 0.546875 0.542968
0 0.039062 0.470703 0.082031 0.470703 0.082031 0.523437 0.039062 0.523437
0 0.089843 0.468750 0.123047 0.468750 0.123047 0.527344 0.089843 0.527344
0 0.849610 0.472656 0.900390 0.472656 0.900390 0.527344 0.849610 0.527344
0 0.273438 0.482421 0.310546 0.482421 0.310546 0.507812 0.273438 0.507812
0 0.013672 0.484376 0.035156 0.484376 0.035156 0.517579 0.013672 0.517579
0 0.195312 0.486329 0.246094 0.486329 0.246094 0.537110 0.195312 0.537110
0 0.445312 0.484375 0.486328 0.484375 0.486328 0.525391 0.445312 0.525391
0 0.330078 0.496093 0.369140 0.496093 0.369140 0.519531 0.330078 0.519531
0 0.509765 0.498047 0.550781 0.498047 0.550781 0.548828 0.509765 0.548828
0 0.396485 0.505860 0.429688 0.505860 0.429688 0.542969 0.396485 0.542969
0 0.802734 0.511718 0.835938 0.511718 0.835938 0.554688 0.802734 0.554688
0 0.044923 0.517578 0.082032 0.517578 0.082032 0.572266 0.044923 0.572266
0 0.330078 0.517578 0.375000 0.517578 0.375000 0.560547 0.330078 0.560547
0 0.929688 0.519531 0.972657 0.519531 0.972657 0.558593 0.929688 0.558593
0 0.082031 0.541015 0.105469 0.541015 0.105469 0.583985 0.082031 0.583985
0 0.660157 0.541016 0.716797 0.541016 0.716797 0.580078 0.660157 0.580078
0 0.001953 0.542968 0.050781 0.542968 0.050781 0.585938 0.001953 0.585938
0 0.851563 0.552735 0.886719 0.552735 0.886719 0.619141 0.851563 0.619141
0 0.958984 0.552735 1.000000 0.552735 1.000000 0.595704 0.958984 0.595704
0 0.763672 0.554688 0.820312 0.554688 0.820312 0.591797 0.763672 0.591797
0 0.744140 0.564453 0.787110 0.564453 0.787110 0.621093 0.744140 0.621093
0 0.226562 0.566407 0.267578 0.566407 0.267578 0.613282 0.226562 0.613282
0 0.000000 0.576172 0.044922 0.576172 0.044922 0.634766 0.000000 0.634766
0 0.048829 0.576171 0.078126 0.576171 0.078126 0.619140 0.048829 0.619140
0 0.457031 0.585938 0.523437 0.585938 0.523437 0.623047 0.457031 0.623047
0 0.902344 0.595703 0.964844 0.595703 0.964844 0.640625 0.902344 0.640625
0 0.361328 0.599609 0.414062 0.599609 0.414062 0.654297 0.361328 0.654297
0 0.462890 0.623046 0.523438 0.623046 0.523438 0.666015 0.462890 0.666015
0 0.558594 0.623046 0.634766 0.623046 0.634766 0.656250 0.558594 0.656250
0 0.832031 0.624999 0.863281 0.624999 0.863281 0.667968 0.832031 0.667968
0 0.761719 0.634765 0.810547 0.634765 0.810547 0.681640 0.761719 0.681640
0 0.173828 0.642578 0.246094 0.642578 0.246094 0.705078 0.173828 0.705078
0 0.000000 0.644531 0.017578 0.644531 0.017578 0.677735 0.000000 0.677735
0 0.853515 0.650391 0.921875 0.650391 0.921875 0.699219 0.853515 0.699219
0 0.283203 0.658203 0.318359 0.658203 0.318359 0.695312 0.283203 0.695312
0 0.603515 0.658203 0.654296 0.658203 0.654296 0.689453 0.603515 0.689453
0 0.324218 0.664063 0.361328 0.664063 0.361328 0.695313 0.324218 0.695313
0 0.050781 0.675781 0.097656 0.675781 0.097656 0.728515 0.050781 0.728515
0 0.533203 0.708984 0.582031 0.708984 0.582031 0.750000 0.533203 0.750000
0 0.044922 0.716796 0.101562 0.716796 0.101562 0.763671 0.044922 0.763671
0 0.267578 0.714844 0.314453 0.714844 0.314453 0.763672 0.267578 0.763672
0 0.761719 0.718750 0.837891 0.718750 0.837891 0.767578 0.761719 0.767578
0 0.599610 0.742188 0.642579 0.742188 0.642579 0.830078 0.599610 0.830078
0 0.125000 0.746094 0.175782 0.746094 0.175782 0.794922 0.125000 0.794922
0 0.458985 0.755860 0.505860 0.755860 0.505860 0.812500 0.458985 0.812500
0 0.859375 0.755860 0.916015 0.755860 0.916015 0.794922 0.859375 0.794922
0 0.419922 0.757812 0.449219 0.757812 0.449219 0.826172 0.419922 0.826172
0 0.527344 0.765625 0.580078 0.765625 0.580078 0.824219 0.527344 0.824219
0 0.373047 0.771484 0.419922 0.771484 0.419922 0.812500 0.373047 0.812500
0 0.041016 0.781250 0.089844 0.781250 0.089844 0.814454 0.041016 0.814454
0 0.734375 0.781250 0.773437 0.781250 0.773437 0.826172 0.734375 0.826172
0 0.792968 0.794921 0.857422 0.794921 0.857422 0.873046 0.792968 0.873046
0 0.488282 0.808593 0.531251 0.808593 0.531251 0.855468 0.488282 0.855468
0 0.638672 0.816407 0.675782 0.816407 0.675782 0.863282 0.638672 0.863282
0 0.669922 0.828125 0.701172 0.828125 0.701172 0.869141 0.669922 0.869141
0 0.000000 0.833984 0.042968 0.833984 0.042968 0.892578 0.000000 0.892578
0 0.544922 0.833985 0.599610 0.833985 0.599610 0.884765 0.544922 0.884765
0 0.078125 0.839843 0.123047 0.839843 0.123047 0.882812 0.078125 0.882812
0 0.423828 0.859375 0.472656 0.859375 0.472656 0.908203 0.423828 0.908203
0 0.482422 0.867187 0.515625 0.867187 0.515625 0.925781 0.482422 0.925781
0 0.744141 0.871093 0.789063 0.871093 0.789063 0.939453 0.744141 0.939453
0 0.041016 0.875000 0.085938 0.875000 0.085938 0.904296 0.041016 0.904296
0 0.351562 0.876953 0.384765 0.876953 0.384765 0.914062 0.351562 0.914062
0 0.193359 0.894531 0.230468 0.894531 0.230468 0.925781 0.193359 0.925781
0 0.400390 0.896484 0.441406 0.896484 0.441406 0.951172 0.400390 0.951172
0 0.130859 0.912109 0.177734 0.912109 0.177734 0.970703 0.130859 0.970703
0 0.328125 0.910157 0.365235 0.910157 0.365235 0.939453 0.328125 0.939453
0 0.441406 0.919922 0.472656 0.919922 0.472656 0.960938 0.441406 0.960938
0 0.693360 0.917968 0.740235 0.917968 0.740235 0.982422 0.693360 0.982422
0 0.962890 0.921875 1.000000 0.921875 1.000000 1.000000 0.962890 1.000000
0 0.355468 0.937500 0.410156 0.937500 0.410156 0.986328 0.355468 0.986328
0 0.091797 0.941406 0.134766 0.941406 0.134766 0.978515 0.091797 0.978515
0 0.433593 0.951172 0.490235 0.951172 0.490235 1.000000 0.433593 1.000000
0 0.000000 0.953125 0.048828 0.953125 0.048828 1.000000 0.000000 1.000000
0 0.664063 0.957032 0.703125 0.957032 0.703125 1.000000 0.664063 1.000000
0 0.310547 0.962890 0.353516 0.962890 0.353516 1.000000 0.310547 1.000000
0 0.798828 0.966796 0.839844 0.966796 0.839844 1.000000 0.798828 1.000000
0 0.101562 0.970704 0.148438 0.970704 0.148438 1.000000 0.101562 1.000000
0 0.625000 0.978516 0.662110 0.978516 0.662110 1.000000 0.625000 1.000000
