0 0.138672 0.000000 0.181640 0.000000 0.181640 0.042968 0.138672 0.042968
0 0.259765 0.000000 0.333985 0.000000 0.333985 0.033203 0.259765 0.033203
0 0.521484 0.000001 0.556640 0.000001 0.556640 0.019532 0.521484 0.019532
0 0.021485 0.007812 0.072265 0.007812 0.072265 0.076172 0.021485 0.076172
0 0.927735 0.033203 0.964844 0.033203 0.964844 0.078125 0.927735 0.078125
0 0.660157 0.041016 0.710938 0.041016 0.710938 0.085938 0.660157 0.085938
0 0.314453 0.042969 0.333984 0.042969 0.333984 0.082031 0.314453 0.082031
0 0.347657 0.042969 0.404297 0.042969 0.404297 0.109375 0.347657 0.109375
0 0.513672 0.044922 0.562500 0.044922 0.562500 0.085938 0.513672 0.085938
0 0.109375 0.050782 0.183593 0.050782 0.183593 0.115234 0.109375 0.115234
0 0.193360 0.062500 0.232422 0.062500 0.232422 0.097656 0.193360 0.097656
0 0.740235 0.062500 0.787110 0.062500 0.787110 0.107422 0.740235 0.107422
0 0.771484 0.074219 0.812500 0.074219 0.812500 0.115235 0.771484 0.115235
0 0.941407 0.074219 0.998047 0.074219 0.998047 0.185547 0.941407 0.185547
0 0.625000 0.105469 0.685546 0.105469 0.685546 0.136719 0.625000 0.136719
0 0.000000 0.126953 0.048828 0.126953 0.048828 0.216797 0.000000 0.216797
0 0.468751 0.124999 0.519532 0.124999 0.519532 0.154297 0.468751 0.154297
0 0.240234 0.128907 0.308593 0.128907 0.308593 0.167969 0.240234 0.167969
0 0.367187 0.140625 0.425781 0.140625 0.425781 0.177734 0.367187 0.177734
0 0.718750 0.142578 0.759766 0.142578 0.759766 0.189453 0.718750 0.189453
0 0.134765 0.150391 0.193359 0.150391 0.193359 0.212891 0.134765 0.212891
0 0.285157 0.148438 0.341797 0.148438 0.341797 0.185547 0.285157 0.185547
0 0.626953 0.148438 0.664062 0.148438 0.664062 0.181640 0.626953 0.181640
0 0.189453 0.154297 0.238281 0.154297 0.238281 0.195313 0.189453 0.195313
0 0.578125 0.156250 0.611329 0.156250 0.611329 0.187500 0.578125 0.187500
0 0.083984 0.166016 0.126953 0.166016 0.126953 0.214844 0.083984 0.214844
0 0.822265 0.166016 0.865235 0.166016 0.865235 0.214844 0.822265 0.214844
0 0.492188 0.177734 0.544922 0.177734 0.544922 0.203125 0.492188 0.203125
0 0.171875 0.201172 0.226563 0.201172 0.226563 0.259766 0.171875 0.259766
0 0.271485 0.199218 0.324219 0.199218 0.324219 0.250000 0.271485 0.250000
0 0.730468 0.230468 0.773438 0.230468 0.773438 0.285156 0.730468 0.285156
0 0.843750 0.242187 0.900390 0.242187 0.900390 0.310546 0.843750 0.310546
0 0.707031 0.250000 0.728515 0.250000 0.728515 0.291016 0.707031 0.291016
0 0.033203 0.261719 0.087891 0.261719 0.087891 0.314453 0.033203 0.314453
0 0.445312 0.263672 0.500000 0.263672 0.500000 0.308594 0.445312 0.308594
0 0.765624 0.269532 0.777343 0.269532 0.777343 0.306640 0.765624 0.306640
0 0.916015 0.281250 0.962890 0.281250 0.962890 0.365234 0.916015 0.365234
0 0.640625 0.285156 0.697265 0.285156 0.697265 0.310548 0.640625 0.310548
0 0.744140 0.292969 0.763671 0.292969 0.763671 0.324219 0.744140 0.324219
0 0.439452 0.296875 0.513671 0.296875 0.513671 0.353515 0.439452 0.353515
0 0.689453 0.302735 0.714843 0.302735 0.714843 0.335938 0.689453 0.335938
0 0.544922 0.318360 0.585938 0.318360 0.585938 0.357422 0.544922 0.357422
0 0.033203 0.322265 0.076173 0.322265 0.076173 0.347657 0.033203 0.347657
0 0.134765 0.326172 0.164062 0.326172 0.164062 0.369141 0.134765 0.369141
0 0.962890 0.324219 1.000000 0.324219 1.000000 0.400391 0.962890 0.400391
0 0.470703 0.339844 0.501953 0.339844 0.501953 0.373047 0.470703 0.373047
0 0.052734 0.345703 0.085938 0.345703 0.085938 0.394531 0.052734 0.394531
0 0.177735 0.351562 0.210938 0.351562 0.210938 0.376954 0.177735 0.376954
0 0.359375 0.353516 0.386719 0.353516 0.386719 0.384766 0.359375 0.384766
0 0.404297 0.355469 0.447266 0.355469 0.447266 0.386719 0.404297 0.386719
0 0.894531 0.357422 0.939453 0.357422 0.939453 0.400391 0.894531 0.400391
0 0.667968 0.361329 0.701172 0.361329 0.701172 0.398438 0.667968 0.398438
0 0.628906 0.369140 0.656250 0.369140 0.656250 0.406250 0.628906 0.406250
0 0.179688 0.380860 0.230469 0.380860 0.230469 0.414062 0.179688 0.414062
0 0.257812 0.396485 0.330078 0.396485 0.330078 0.435547 0.257812 0.435547
0 0.712891 0.400390 0.773438 0.400390 0.773438 0.472656 0.712891 0.472656
0 0.671875 0.408203 0.703125 0.408203 0.703125 0.466797 0.671875 0.466797
0 0.150391 0.419922 0.181641 0.419922 0.181641 0.457032 0.150391 0.457032
0 0.316406 0.427735 0.421876 0.427735 0.421876 0.460938 0.316406 0.460938
0 0.775390 0.449219 0.830078 0.449219 0.830078 0.494141 0.775390 0.494141
0 0.867187 0.466797 0.908203 0.466797 0.908203 0.503907 0.867187 0.503907
0 0.939454 0.486328 1.000000 0.486328 1.000000 0.556640 0.939454 0.556640
0 0.324219 0.488281 0.382813 0.488281 0.382813 0.533203 0.324219 0.533203
0 0.683594 0.519532 0.714844 0.519532 0.714844 0.544922 0.683594 0.544922
0 0.888672 0.519531 0.951172 0.519531 0.951172 0.583985 0.888672 0.583985
0 0.343750 0.529297 0.388672 0.529297 0.388672 0.601563 0.343750 0.601563
0 0.707031 0.529297 0.748047 0.529297 0.748047 0.574219 0.707031 0.574219
0 0.804688 0.531250 0.853516 0.531250 0.853516 0.566406 0.804688 0.566406
0 0.361329 0.535156 0.429688 0.535156 0.429688 0.599610 0.361329 0.599610
0 0.169922 0.542969 0.224610 0.542969 0.224610 0.613281 0.169922 0.613281
0 0.273437 0.552734 0.300781 0.552734 0.300781 0.587890 0.273437 0.587890
0 0.285156 0.554688 0.343750 0.554688 0.343750 0.628907 0.285156 0.628907
0 0.732422 0.562500 0.773438 0.562500 0.773438 0.593750 0.732422 0.593750
0 0.828125 0.562500 0.851563 0.562500 0.851563 0.580078 0.828125 0.580078
0 0.000001 0.572265 0.050782 0.572265 0.050782 0.646485 0.000001 0.646485
0 0.072265 0.587890 0.144531 0.587890 0.144531 0.693360 0.072265 0.693360
0 0.492188 0.593750 0.527344 0.593750 0.527344 0.646484 0.492188 0.646484
0 0.849609 0.597656 0.898437 0.597656 0.898437 0.656250 0.849609 0.656250
0 0.718750 0.611328 0.771484 0.611328 0.771484 0.660156 0.718750 0.660156
0 0.623047 0.617188 0.667969 0.617188 0.667969 0.667968 0.623047 0.667968
0 0.955078 0.630859 1.000000 0.630859 1.000000 0.697265 0.955078 0.697265
0 0.199218 0.646484 0.253906 0.646484 0.253906 0.710938 0.199218 0.710938
0 0.482422 0.654297 0.515625 0.654297 0.515625 0.707031 0.482422 0.707031
0 0.000000 0.666016 0.058594 0.666016 0.058594 0.750000 0.000000 0.750000
0 0.816406 0.673828 0.861328 0.673828 0.861328 0.726562 0.816406 0.726562
0 0.072266 0.681641 0.152344 0.681641 0.152344 0.751953 0.072266 0.751953
0 0.763672 0.679688 0.798828 0.679688 0.798828 0.712891 0.763672 0.712891
0 0.326171 0.693360 0.351562 0.693360 0.351562 0.714844 0.326171 0.714844
0 0.878906 0.710938 0.949218 0.710938 0.949218 0.789062 0.878906 0.789062
0 0.162110 0.728515 0.214844 0.728515 0.214844 0.775390 0.162110 0.775390
0 0.419922 0.736328 0.462891 0.736328 0.462891 0.789062 0.419922 0.789062
0 0.673828 0.734375 0.736328 0.734375 0.736328 0.814453 0.673828 0.814453
0 0.611328 0.746093 0.654297 0.746093 0.654297 0.779297 0.611328 0.779297
0 0.078124 0.775390 0.121094 0.775390 0.121094 0.818360 0.078124 0.818360
0 0.755859 0.779296 0.818359 0.779296 0.818359 0.843750 0.755859 0.843750
0 0.121094 0.783203 0.171875 0.783203 0.171875 0.814453 0.121094 0.814453
0 0.503906 0.783203 0.556640 0.783203 0.556640 0.828125 0.503906 0.828125
0 0.000000 0.804688 0.023438 0.804688 0.023438 0.833984 0.000000 0.833984
0 0.587891 0.810546 0.640625 0.810546 0.640625 0.857421 0.587891 0.857421
0 0.025391 0.812500 0.064453 0.812500 0.064453 0.837890 0.025391 0.837890
0 0.160156 0.814453 0.205078 0.814453 0.205078 0.841797 0.160156 0.841797
0 0.658203 0.822266 0.693359 0.822266 0.693359 0.843750 0.658203 0.843750
0 0.427735 0.833985 0.484375 0.833985 0.484375 0.886719 0.427735 0.886719
0 0.951172 0.833984 1.000000 0.833984 1.000000 0.898438 0.951172 0.898438
0 0.160156 0.845703 0.210938 0.845703 0.210938 0.880859 0.160156 0.880859
0 0.644532 0.853515 0.718751 0.853515 0.718751 0.927735 0.644532 0.927735
0 0.000000 0.865235 0.021484 0.865235 0.021484 0.890625 0.000000 0.890625
0 0.318360 0.898437 0.355468 0.898437 0.355468 0.925781 0.318360 0.925781
0 0.449219 0.898437 0.484375 0.898437 0.484375 0.921875 0.449219 0.921875
0 0.746093 0.912109 0.765624 0.912109 0.765624 0.945312 0.746093 0.945312
0 0.806640 0.919921 0.863281 0.919921 0.863281 0.994140 0.806640 0.994140
0 0.775391 0.923828 0.820313 0.923828 0.820313 0.998047 0.775391 0.998047
0 0.363281 0.931640 0.394531 0.931640 0.394531 0.957031 0.363281 0.957031
0 0.945312 0.929688 1.000000 0.929688 1.000000 0.996094 0.945312 0.996094
0 0.000000 0.939453 0.037110 0.939453 0.037110 0.980469 0.000000 0.980469
0 0.468750 0.968750 0.513672 0.968750 0.513672 1.000000 0.468750 1.000000
0 0.658203 0.982422 0.707031 0.982422 0.707031 1.000000 0.658203 1.000000
