0 0.025391 0.000000 0.109375 0.000000 0.109375 0.025390 0.025391 0.025390
0 0.378906 0.000000 0.441406 0.000000 0.441406 0.029296 0.378906 0.029296
0 0.869140 0.005859 0.933594 0.005859 0.933594 0.046875 0.869140 0.046875
0 0.490235 0.013672 0.511719 0.013672 0.511719 0.039062 0.490235 0.039062
0 0.931641 0.015625 0.960938 0.015625 0.960938 0.056641 0.931641 0.056641
0 0.427734 0.021484 0.476562 0.021484 0.476562 0.056640 0.427734 0.056640
0 0.404297 0.031249 0.427735 0.031249 0.427735 0.056640 0.404297 0.056640
0 0.164062 0.044922 0.208984 0.044922 0.208984 0.093750 0.164062 0.093750
0 0.494140 0.042968 0.548828 0.042968 0.548828 0.080077 0.494140 0.080077
0 0.640625 0.044922 0.703125 0.044922 0.703125 0.121094 0.640625 0.121094
0 0.226563 0.048828 0.283204 0.048828 0.283204 0.107422 0.226563 0.107422
0 0.527344 0.048827 0.587890 0.048827 0.587890 0.105468 0.527344 0.105468
0 0.763672 0.060547 0.826172 0.060547 0.826172 0.134766 0.763672 0.134766
0 0.000000 0.062499 0.093750 0.062499 0.093750 0.140624 0.000000 0.140624
0 0.917968 0.074219 0.951172 0.074219 0.951172 0.126953 0.917968 0.126953
0 0.189453 0.111328 0.242187 0.111328 0.242187 0.152344 0.189453 0.152344
0 0.890625 0.109376 0.945313 0.109376 0.945313 0.173828 0.890625 0.173828
0 0.558594 0.126953 0.650390 0.126953 0.650390 0.162109 0.558594 0.162109
0 0.853515 0.125000 0.900390 0.125000 0.900390 0.169922 0.853515 0.169922
0 0.392578 0.146484 0.449218 0.146484 0.449218 0.218750 0.392578 0.218750
0 0.728515 0.152343 0.785156 0.152343 0.785156 0.199218 0.728515 0.199218
0 0.324219 0.171875 0.369141 0.171875 0.369141 0.251953 0.324219 0.251953
0 0.029298 0.177734 0.160157 0.177734 0.160157 0.208984 0.029298 0.208984
0 0.958984 0.183593 1.000000 0.183593 1.000000 0.220702 0.958984 0.220702
0 0.839843 0.203125 0.925781 0.203125 0.925781 0.261719 0.839843 0.261719
0 0.263672 0.218750 0.316406 0.218750 0.316406 0.285156 0.263672 0.285156
0 0.273437 0.240234 0.318359 0.240234 0.318359 0.312500 0.273437 0.312500
0 0.685547 0.261719 0.785157 0.261719 0.785157 0.421875 0.685547 0.421875
0 0.478515 0.277343 0.566406 0.277343 0.566406 0.363281 0.478515 0.363281
0 0.134765 0.316406 0.185547 0.316406 0.185547 0.365234 0.134765 0.365234
0 0.898437 0.330078 0.970703 0.330078 0.970703 0.394531 0.898437 0.394531
0 0.421875 0.369140 0.453125 0.369140 0.453125 0.416015 0.421875 0.416015
0 0.111328 0.371094 0.150390 0.371094 0.150390 0.410156 0.111328 0.410156
0 0.267578 0.373047 0.298828 0.373047 0.298828 0.445313 0.267578 0.445313
0 0.839844 0.373046 0.910156 0.373046 0.910156 0.460938 0.839844 0.460938
0 0.216797 0.376953 0.255859 0.376953 0.255859 0.431641 0.216797 0.431641
0 0.468749 0.375000 0.498047 0.375000 0.498047 0.414062 0.468749 0.414062
0 0.689453 0.412109 0.746093 0.412109 0.746093 0.466797 0.689453 0.466797
0 0.341797 0.431640 0.388672 0.431640 0.388672 0.486328 0.341797 0.486328
0 0.494140 0.431640 0.521484 0.431640 0.521484 0.492188 0.494140 0.492188
0 0.025391 0.437500 0.074219 0.437500 0.074219 0.503906 0.025391 0.503906
0 0.585938 0.443359 0.625000 0.443359 0.625000 0.486328 0.585938 0.486328
0 0.568359 0.466797 0.599609 0.466797 0.599609 0.511719 0.568359 0.511719
0 0.673828 0.470703 0.728516 0.470703 0.728516 0.527343 0.673828 0.527343
0 0.855468 0.468751 0.929688 0.468751 0.929688 0.515626 0.855468 0.515626
0 0.382812 0.484375 0.445312 0.484375 0.445312 0.521485 0.382812 0.521485
0 0.607422 0.498046 0.628906 0.498046 0.628906 0.513671 0.607422 0.513671
0 0.332031 0.501953 0.373047 0.501953 0.373047 0.525391 0.332031 0.525391
0 0.558594 0.513672 0.593750 0.513672 0.593750 0.552734 0.558594 0.552734
0 0.000000 0.537109 0.048828 0.537109 0.048828 0.623047 0.000000 0.623047
0 0.667968 0.544921 0.701172 0.544921 0.701172 0.591796 0.667968 0.591796
0 0.814453 0.542968 0.873047 0.542968 0.873047 0.580078 0.814453 0.580078
0 0.328125 0.546875 0.369141 0.546875 0.369141 0.591797 0.328125 0.591797
0 0.716797 0.548828 0.771485 0.548828 0.771485 0.617188 0.716797 0.617188
0 0.906250 0.554688 1.000000 0.554688 1.000000 0.625000 0.906250 0.625000
0 0.605469 0.558593 0.636719 0.558593 0.636719 0.595703 0.605469 0.595703
0 0.410156 0.576172 0.451172 0.576172 0.451172 0.611328 0.410156 0.611328
0 0.070313 0.587891 0.164063 0.587891 0.164063 0.667969 0.070313 0.667969
0 0.451172 0.609375 0.500000 0.609375 0.500000 0.648437 0.451172 0.648437
0 0.906250 0.621093 1.000000 0.621093 1.000000 0.689453 0.906250 0.689453
0 0.664062 0.660156 0.710938 0.660156 0.710938 0.691406 0.664062 0.691406
0 0.841797 0.691407 0.892578 0.691407 0.892578 0.720703 0.841797 0.720703
0 0.003907 0.703125 0.103516 0.703125 0.103516 0.783203 0.003907 0.783203
0 0.451172 0.705078 0.505860 0.705078 0.505860 0.802734 0.451172 0.802734
0 0.650390 0.707031 0.683594 0.707031 0.683594 0.744140 0.650390 0.744140
0 0.789062 0.720703 0.843750 0.720703 0.843750 0.748047 0.789062 0.748047
0 0.843750 0.724609 0.921875 0.724609 0.921875 0.748047 0.843750 0.748047
0 0.111328 0.732422 0.152344 0.732422 0.152344 0.781250 0.111328 0.781250
0 0.162109 0.742188 0.208984 0.742188 0.208984 0.794922 0.162109 0.794922
0 0.322266 0.750000 0.371094 0.750000 0.371094 0.806640 0.322266 0.806640
0 0.632812 0.755859 0.666016 0.755859 0.666016 0.800781 0.632812 0.800781
0 0.832031 0.753906 0.890625 0.753906 0.890625 0.824218 0.832031 0.824218
0 0.091797 0.767578 0.121093 0.767578 0.121093 0.798828 0.091797 0.798828
0 0.767579 0.775390 0.845704 0.775390 0.845704 0.857421 0.767579 0.857421
0 0.958984 0.779297 1.000000 0.779297 1.000000 0.873047 0.958984 0.873047
0 0.017578 0.792969 0.056640 0.792969 0.056640 0.822265 0.017578 0.822265
0 0.511719 0.792968 0.550781 0.792968 0.550781 0.835938 0.511719 0.835938
0 0.140625 0.812500 0.214843 0.812500 0.214843 0.878906 0.140625 0.878906
0 0.869141 0.828125 0.914063 0.828125 0.914063 0.863281 0.869141 0.863281
0 0.513671 0.855469 0.587890 0.855469 0.587890 0.894531 0.513671 0.894531
0 0.824219 0.859374 0.908203 0.859374 0.908203 0.933593 0.824219 0.933593
0 0.408203 0.873047 0.498047 0.873047 0.498047 0.923828 0.408203 0.923828
0 0.251953 0.882813 0.378906 0.882813 0.378906 0.953125 0.251953 0.953125
0 0.060546 0.904297 0.142577 0.904297 0.142577 0.931641 0.060546 0.931641
0 0.658203 0.904297 0.748047 0.904297 0.748047 0.955078 0.658203 0.955078
0 0.527344 0.906250 0.619140 0.906250 0.619140 0.945312 0.527344 0.945312
0 0.751953 0.914063 0.789062 0.914063 0.789062 0.962891 0.751953 0.962891
0 0.490234 0.923828 0.615234 0.923828 0.615234 0.988282 0.490234 0.988282
0 0.851562 0.925781 0.929688 0.925781 0.929688 0.994140 0.851562 0.994140
0 0.267578 0.955078 0.384766 0.955078 0.384766 1.000000 0.267578 1.000000
0 0.941406 0.972656 1.000000 0.972656 1.000000 1.000000 0.941406 1.000000
0 0.000000 0.978516 0.015624 0.978516 0.015624 1.000000 0.000000 1.000000
