0 0.019531 0.000000 0.060547 0.000000 0.060547 0.042968 0.019531 0.042968
0 0.066407 0.000001 0.123048 0.000001 0.123048 0.019532 0.066407 0.019532
0 0.263672 0.000000 0.322266 0.000000 0.322266 0.042968 0.263672 0.042968
0 0.867188 0.000000 0.919922 0.000000 0.919922 0.080078 0.867188 0.080078
0 0.921875 0.064453 0.970703 0.064453 0.970703 0.097657 0.921875 0.097657
0 0.195312 0.078125 0.253906 0.078125 0.253906 0.130859 0.195312 0.130859
0 0.658203 0.082031 0.699219 0.082031 0.699219 0.113281 0.658203 0.113281
0 0.000000 0.093750 0.013672 0.093750 0.013672 0.125000 0.000000 0.125000
0 0.148438 0.099609 0.191406 0.099609 0.191406 0.142578 0.148438 0.142578
0 0.865235 0.134766 0.880860 0.134766 0.880860 0.169922 0.865235 0.169922
0 0.964844 0.136718 0.994140 0.136718 0.994140 0.191406 0.964844 0.191406
0 0.035156 0.150390 0.111328 0.150390 0.111328 0.222656 0.035156 0.222656
0 0.000000 0.232422 0.035156 0.232422 0.035156 0.273438 0.000000 0.273438
0 0.849609 0.244141 0.898437 0.244141 0.898437 0.283203 0.849609 0.283203
0 0.291016 0.261719 0.318360 0.261719 0.318360 0.308594 0.291016 0.308594
0 0.958984 0.269531 1.000000 0.269531 1.000000 0.322265 0.958984 0.322265
0 0.332031 0.281250 0.357423 0.281250 0.357423 0.302734 0.332031 0.302734
0 0.707031 0.298828 0.742187 0.298828 0.742187 0.333984 0.707031 0.333984
0 0.109375 0.318359 0.144531 0.318359 0.144531 0.363281 0.109375 0.363281
0 0.701171 0.330078 0.775390 0.330078 0.775390 0.384766 0.701171 0.384766
0 0.763671 0.328125 0.810546 0.328125 0.810546 0.386719 0.763671 0.386719
0 0.927734 0.361328 0.972656 0.361328 0.972656 0.406250 0.927734 0.406250
0 0.371094 0.380859 0.416016 0.380859 0.416016 0.421875 0.371094 0.421875
0 0.914062 0.402344 0.960938 0.402344 0.960938 0.449219 0.914062 0.449219
0 0.312500 0.408203 0.349610 0.408203 0.349610 0.455078 0.312500 0.455078
0 0.486328 0.406250 0.529297 0.406250 0.529297 0.472656 0.486328 0.472656
0 0.582031 0.449219 0.640625 0.449219 0.640625 0.488281 0.582031 0.488281
0 0.591797 0.472657 0.667969 0.472657 0.667969 0.529297 0.591797 0.529297
0 0.253907 0.480468 0.304688 0.480468 0.304688 0.531249 0.253907 0.531249
0 0.205078 0.498047 0.253906 0.498047 0.253906 0.546875 0.205078 0.546875
0 0.173828 0.513672 0.205078 0.513672 0.205078 0.572266 0.173828 0.572266
0 0.992188 0.539062 1.000000 0.539062 1.000000 0.580078 0.992188 0.580078
0 0.585938 0.546875 0.621094 0.546875 0.621094 0.585937 0.585938 0.585937
0 0.958985 0.554687 0.988281 0.554687 0.988281 0.582031 0.958985 0.582031
0 0.576172 0.595703 0.615234 0.595703 0.615234 0.650391 0.576172 0.650391
0 0.978516 0.593750 1.000000 0.593750 1.000000 0.626954 0.978516 0.626954
0 0.794922 0.623047 0.865234 0.623047 0.865234 0.650391 0.794922 0.650391
0 0.970704 0.630859 1.000000 0.630859 1.000000 0.664062 0.970704 0.664062
0 0.046875 0.634765 0.091797 0.634765 0.091797 0.720703 0.046875 0.720703
0 0.560547 0.652344 0.585938 0.652344 0.585938 0.673828 0.560547 0.673828
0 0.324219 0.658203 0.382813 0.658203 0.382813 0.724609 0.324219 0.724609
0 0.931640 0.685547 0.972656 0.685547 0.972656 0.710938 0.931640 0.710938
0 0.529297 0.689453 0.550781 0.689453 0.550781 0.712891 0.529297 0.712891
0 0.085938 0.712890 0.142578 0.712890 0.142578 0.746094 0.085938 0.746094
0 0.080077 0.751953 0.123047 0.751953 0.123047 0.796875 0.080077 0.796875
0 0.308593 0.781250 0.332031 0.781250 0.332031 0.835938 0.308593 0.835938
0 0.167969 0.789062 0.212891 0.789062 0.212891 0.843750 0.167969 0.843750
0 0.103516 0.796875 0.125000 0.796875 0.125000 0.833985 0.103516 0.833985
0 0.890625 0.822266 0.947265 0.822266 0.947265 0.849610 0.890625 0.849610
0 0.130860 0.837890 0.195312 0.837890 0.195312 0.902344 0.130860 0.902344
0 0.589844 0.843750 0.646485 0.843750 0.646485 0.871094 0.589844 0.871094
0 0.482422 0.851562 0.537110 0.851562 0.537110 0.876953 0.482422 0.876953
0 0.804688 0.853516 0.869141 0.853516 0.869141 0.888672 0.804688 0.888672
0 0.902343 0.857422 0.939453 0.857422 0.939453 0.902344 0.902343 0.902344
0 0.662109 0.869140 0.703125 0.869140 0.703125 0.892578 0.662109 0.892578
0 0.873047 0.888672 0.902343 0.888672 0.902343 0.908203 0.873047 0.908203
0 0.882812 0.904297 0.923828 0.904297 0.923828 0.929688 0.882812 0.929688
0 0.390624 0.912110 0.437499 0.912110 0.437499 0.986329 0.390624 0.986329
0 0.732422 0.933594 0.763672 0.933594 0.763672 0.968750 0.732422 0.968750
0 0.554688 0.953125 0.625000 0.953125 0.625000 0.974609 0.554688 0.974609
0 0.753907 0.966796 0.804688 0.966796 0.804688 1.000000 0.753907 1.000000
0 0.580078 0.984375 0.621094 0.984375 0.621094 1.000000 0.580078 1.000000
