0 0.285156 0.000000 0.347656 0.000000 0.347656 0.054688 0.285156 0.054688
0 0.644532 0.000000 0.722657 0.000000 0.722657 0.062500 0.644532 0.062500
0 0.917969 0.009766 0.957031 0.009766 0.957031 0.041016 0.917969 0.041016
0 0.853515 0.013672 0.912109 0.013672 0.912109 0.083984 0.853515 0.083984
0 0.091797 0.025391 0.134766 0.025391 0.134766 0.082032 0.091797 0.082032
0 0.242187 0.052735 0.287109 0.052735 0.287109 0.105469 0.242187 0.105469
0 0.640625 0.056640 0.708985 0.056640 0.708985 0.111328 0.640625 0.111328
0 0.298827 0.064453 0.324219 0.064453 0.324219 0.091797 0.298827 0.091797
0 0.044922 0.083985 0.111328 0.083985 0.111328 0.140626 0.044922 0.140626
0 0.804688 0.113281 0.882812 0.113281 0.882812 0.156250 0.804688 0.156250
0 0.273438 0.117188 0.316407 0.117188 0.316407 0.173828 0.273438 0.173828
0 0.177734 0.132812 0.226562 0.132812 0.226562 0.179688 0.177734 0.179688
0 0.619141 0.138672 0.664063 0.138672 0.664063 0.191406 0.619141 0.191406
0 0.007813 0.140625 0.042969 0.140625 0.042969 0.226563 0.007813 0.226563
0 0.064453 0.140625 0.115234 0.140625 0.115234 0.203125 0.064453 0.203125
0 0.896484 0.148438 0.937500 0.148438 0.937500 0.214844 0.896484 0.214844
0 0.185547 0.179688 0.236328 0.179688 0.236328 0.232422 0.185547 0.232422
0 0.714843 0.201172 0.765624 0.201172 0.765624 0.240234 0.714843 0.240234
0 0.951172 0.199219 0.996094 0.199219 0.996094 0.257813 0.951172 0.257813
0 0.089844 0.246093 0.128906 0.246093 0.128906 0.314453 0.089844 0.314453
0 0.023437 0.250000 0.078125 0.250000 0.078125 0.316406 0.023437 0.316406
0 0.308593 0.261718 0.333985 0.261718 0.333985 0.316406 0.308593 0.316406
0 0.142578 0.271484 0.208984 0.271484 0.208984 0.326172 0.142578 0.326172
0 0.238281 0.292969 0.265625 0.292969 0.265625 0.363281 0.238281 0.363281
0 0.046874 0.310547 0.093749 0.310547 0.093749 0.349609 0.046874 0.349609
0 0.785156 0.310546 0.830078 0.310546 0.830078 0.367188 0.785156 0.367188
0 0.000000 0.335938 0.035156 0.335938 0.035156 0.392579 0.000000 0.392579
0 0.144531 0.339844 0.207031 0.339844 0.207031 0.406250 0.144531 0.406250
0 0.878906 0.341797 0.945312 0.341797 0.945312 0.400391 0.878906 0.400391
0 0.726562 0.349609 0.763672 0.349609 0.763672 0.398437 0.726562 0.398437
0 0.005859 0.392578 0.046875 0.392578 0.046875 0.453126 0.005859 0.453126
0 0.925782 0.396485 0.986328 0.396485 0.986328 0.425782 0.925782 0.425782
0 0.167969 0.417968 0.220703 0.417968 0.220703 0.472656 0.167969 0.472656
0 0.890624 0.457031 0.964843 0.457031 0.964843 0.488281 0.890624 0.488281
0 0.162109 0.486328 0.203125 0.486328 0.203125 0.548828 0.162109 0.548828
0 0.714844 0.503906 0.791016 0.503906 0.791016 0.548828 0.714844 0.548828
0 0.103516 0.507812 0.156250 0.507812 0.156250 0.554688 0.103516 0.554688
0 0.468751 0.511718 0.501954 0.511718 0.501954 0.544922 0.468751 0.544922
0 0.000000 0.519532 0.023438 0.519532 0.023438 0.570312 0.000000 0.570312
0 0.062500 0.533203 0.107422 0.533203 0.107422 0.607422 0.062500 0.607422
0 0.630859 0.550781 0.662109 0.550781 0.662109 0.595703 0.630859 0.595703
0 0.007813 0.556641 0.060547 0.556641 0.060547 0.615235 0.007813 0.615235
0 0.146484 0.566407 0.183593 0.566407 0.183593 0.623047 0.146484 0.623047
0 0.830078 0.580079 0.906250 0.580079 0.906250 0.658204 0.830078 0.658204
0 0.107421 0.585938 0.140624 0.585938 0.140624 0.660157 0.107421 0.660157
0 0.029296 0.607422 0.089843 0.607422 0.089843 0.675782 0.029296 0.675782
0 0.751953 0.617187 0.800781 0.617187 0.800781 0.675781 0.751953 0.675781
0 0.611328 0.628906 0.648438 0.628906 0.648438 0.666015 0.611328 0.666015
0 0.523438 0.638672 0.576172 0.638672 0.576172 0.675782 0.523438 0.675782
0 0.341797 0.705078 0.384766 0.705078 0.384766 0.744140 0.341797 0.744140
0 0.740235 0.707031 0.796875 0.707031 0.796875 0.783203 0.740235 0.783203
0 0.556641 0.728516 0.591797 0.728516 0.591797 0.777344 0.556641 0.777344
0 0.818360 0.732422 0.888672 0.732422 0.888672 0.792968 0.818360 0.792968
0 0.707032 0.751953 0.732422 0.751953 0.732422 0.796875 0.707032 0.796875
0 0.011719 0.794922 0.035157 0.794922 0.035157 0.847656 0.011719 0.847656
0 0.691407 0.794922 0.734376 0.794922 0.734376 0.867188 0.691407 0.867188
0 0.578125 0.800782 0.619141 0.800782 0.619141 0.820312 0.578125 0.820312
0 0.724610 0.804688 0.771485 0.804688 0.771485 0.892578 0.724610 0.892578
0 0.513672 0.841797 0.566406 0.841797 0.566406 0.880859 0.513672 0.880859
0 0.828125 0.839844 0.888671 0.839844 0.888671 0.888672 0.828125 0.888672
0 0.433594 0.845703 0.472656 0.845703 0.472656 0.890625 0.433594 0.890625
0 0.892578 0.867187 0.929688 0.867187 0.929688 0.921875 0.892578 0.921875
0 0.000000 0.884765 0.021484 0.884765 0.021484 0.917969 0.000000 0.917969
0 0.798828 0.925781 0.847656 0.925781 0.847656 0.970703 0.798828 0.970703
