0 0.316406 0.000000 0.343750 0.000000 0.343750 0.021484 0.316406 0.021484
0 0.919921 0.000000 0.953125 0.000000 0.953125 0.021484 0.919921 0.021484
0 0.962890 0.000001 1.000000 0.000001 1.000000 0.050782 0.962890 0.050782
0 0.679687 0.011719 0.773437 0.011719 0.773437 0.052735 0.679687 0.052735
0 0.382812 0.015625 0.457032 0.015625 0.457032 0.064453 0.382812 0.064453
0 0.806640 0.017578 0.916015 0.017578 0.916015 0.095703 0.806640 0.095703
0 0.185547 0.023437 0.232422 0.023437 0.232422 0.064453 0.185547 0.064453
0 0.230468 0.025390 0.255860 0.025390 0.255860 0.044922 0.230468 0.044922
0 0.125000 0.048828 0.173828 0.048828 0.173828 0.080078 0.125000 0.080078
0 0.197266 0.060548 0.230468 0.060548 0.230468 0.097657 0.197266 0.097657
0 0.111328 0.074219 0.166016 0.074219 0.166016 0.115235 0.111328 0.115235
0 0.384766 0.078125 0.455078 0.078125 0.455078 0.113281 0.384766 0.113281
0 0.298828 0.103516 0.343750 0.103516 0.343750 0.134766 0.298828 0.134766
0 0.343750 0.109375 0.406250 0.109375 0.406250 0.136719 0.343750 0.136719
0 0.509766 0.109375 0.554688 0.109375 0.554688 0.158203 0.509766 0.158203
0 0.060547 0.138672 0.115235 0.138672 0.115235 0.156250 0.060547 0.156250
0 0.386719 0.142578 0.427735 0.142578 0.427735 0.191406 0.386719 0.191406
0 0.027343 0.166015 0.052734 0.166015 0.052734 0.207031 0.027343 0.207031
0 0.152344 0.167968 0.185547 0.167968 0.185547 0.205077 0.152344 0.205077
0 0.000000 0.181641 0.025390 0.181641 0.025390 0.218750 0.000000 0.218750
0 0.615234 0.197266 0.660156 0.197266 0.660156 0.244141 0.615234 0.244141
0 0.025391 0.230468 0.060547 0.230468 0.060547 0.281249 0.025391 0.281249
0 0.050781 0.242188 0.095703 0.242188 0.095703 0.289062 0.050781 0.289062
0 0.378906 0.269531 0.437500 0.269531 0.437500 0.304687 0.378906 0.304687
0 0.060547 0.291015 0.087891 0.291015 0.087891 0.314453 0.060547 0.314453
0 0.107423 0.296874 0.144532 0.296874 0.144532 0.357422 0.107423 0.357422
0 0.345703 0.308593 0.378906 0.308593 0.378906 0.332031 0.345703 0.332031
0 0.728515 0.320313 0.796875 0.320313 0.796875 0.386719 0.728515 0.386719
0 0.085938 0.347657 0.105468 0.347657 0.105468 0.380860 0.085938 0.380860
0 0.355469 0.357422 0.406249 0.357422 0.406249 0.373047 0.355469 0.373047
0 0.658203 0.365234 0.712891 0.365234 0.712891 0.396484 0.658203 0.396484
0 0.419922 0.369140 0.480469 0.369140 0.480469 0.416015 0.419922 0.416015
0 0.798829 0.390625 0.849610 0.390625 0.849610 0.431641 0.798829 0.431641
0 0.923829 0.402344 0.974610 0.402344 0.974610 0.443360 0.923829 0.443360
0 0.312500 0.419922 0.380860 0.419922 0.380860 0.451172 0.312500 0.451172
0 0.857422 0.425781 0.894532 0.425781 0.894532 0.457031 0.857422 0.457031
0 0.072265 0.449219 0.083985 0.449219 0.083985 0.468749 0.072265 0.468749
0 0.080078 0.464844 0.099609 0.464844 0.099609 0.496094 0.080078 0.496094
0 0.291016 0.474609 0.322266 0.474609 0.322266 0.539062 0.291016 0.539062
0 0.498047 0.484375 0.550781 0.484375 0.550781 0.552735 0.498047 0.552735
0 0.916016 0.484375 0.947266 0.484375 0.947266 0.525391 0.916016 0.525391
0 0.314453 0.494141 0.341797 0.494141 0.341797 0.533203 0.314453 0.533203
0 0.000000 0.501953 0.025390 0.501953 0.025390 0.539062 0.000000 0.539062
0 0.130860 0.500000 0.169922 0.500000 0.169922 0.535156 0.130860 0.535156
0 0.560547 0.511719 0.609375 0.511719 0.609375 0.597657 0.560547 0.597657
0 0.126953 0.515625 0.144531 0.515625 0.144531 0.531250 0.126953 0.531250
0 0.240235 0.541015 0.261719 0.541015 0.261719 0.560546 0.240235 0.560546
0 0.023437 0.542968 0.050781 0.542968 0.050781 0.576172 0.023437 0.576172
0 0.373046 0.556640 0.398438 0.556640 0.398438 0.589844 0.373046 0.589844
0 0.212890 0.562500 0.236328 0.562500 0.236328 0.611328 0.212890 0.611328
0 0.488282 0.572266 0.566407 0.572266 0.566407 0.621094 0.488282 0.621094
0 0.283203 0.605468 0.316406 0.605468 0.316406 0.652343 0.283203 0.652343
0 0.640625 0.609374 0.689453 0.609374 0.689453 0.683593 0.640625 0.683593
0 0.527344 0.613281 0.580078 0.613281 0.580078 0.667969 0.527344 0.667969
0 0.021485 0.626954 0.042969 0.626954 0.042969 0.656250 0.021485 0.656250
0 0.189453 0.644532 0.218751 0.644532 0.218751 0.736328 0.189453 0.736328
0 0.458984 0.648438 0.521484 0.648438 0.521484 0.730468 0.458984 0.730468
0 0.355469 0.658203 0.396485 0.658203 0.396485 0.695312 0.355469 0.695312
0 0.861329 0.658203 0.912110 0.658203 0.912110 0.710937 0.861329 0.710937
0 0.515626 0.673828 0.597657 0.673828 0.597657 0.742188 0.515626 0.742188
0 0.242188 0.689453 0.275390 0.689453 0.275390 0.716797 0.242188 0.716797
0 0.593751 0.703125 0.644532 0.703125 0.644532 0.779297 0.593751 0.779297
0 0.294922 0.724610 0.332032 0.724610 0.332032 0.750000 0.294922 0.750000
0 0.191406 0.742187 0.214844 0.742187 0.214844 0.773437 0.191406 0.773437
0 0.316406 0.757813 0.341798 0.757813 0.341798 0.792969 0.316406 0.792969
0 0.556640 0.757812 0.607421 0.757812 0.607421 0.826172 0.556640 0.826172
0 0.830078 0.757812 0.878906 0.757812 0.878906 0.804688 0.830078 0.804688
0 0.142578 0.771484 0.185547 0.771484 0.185547 0.851562 0.142578 0.851562
0 0.976562 0.773438 1.000000 0.773438 1.000000 0.806641 0.976562 0.806641
0 0.718750 0.777344 0.765625 0.777344 0.765625 0.804688 0.718750 0.804688
0 0.257812 0.787109 0.285156 0.787109 0.285156 0.820312 0.257812 0.820312
0 0.593750 0.792969 0.664062 0.792969 0.664062 0.851563 0.593750 0.851563
0 0.164062 0.808594 0.183594 0.808594 0.183594 0.853516 0.164062 0.853516
0 0.652343 0.818360 0.738281 0.818360 0.738281 0.892579 0.652343 0.892579
0 0.230469 0.845703 0.265625 0.845703 0.265625 0.873047 0.230469 0.873047
0 0.373047 0.845703 0.410157 0.845703 0.410157 0.871093 0.373047 0.871093
0 0.716797 0.851562 0.783203 0.851562 0.783203 0.914062 0.716797 0.914062
0 0.138672 0.878906 0.154297 0.878906 0.154297 0.896484 0.138672 0.896484
0 0.798828 0.878906 0.851562 0.878906 0.851562 0.941406 0.798828 0.941406
0 0.451172 0.888671 0.486328 0.888671 0.486328 0.904296 0.451172 0.904296
0 0.332031 0.890625 0.361328 0.890625 0.361328 0.914063 0.332031 0.914063
0 0.902344 0.900390 0.923828 0.900390 0.923828 0.937500 0.902344 0.937500
0 0.939454 0.900391 0.955079 0.900391 0.955079 0.921875 0.939454 0.921875
0 0.054688 0.902344 0.089844 0.902344 0.089844 0.951172 0.054688 0.951172
0 0.158202 0.906250 0.183593 0.906250 0.183593 0.937500 0.158202 0.937500
0 0.738282 0.919922 0.789062 0.919922 0.789062 0.982422 0.738282 0.982422
0 0.263672 0.935547 0.312500 0.935547 0.312500 0.972657 0.263672 0.972657
0 0.124999 0.951171 0.185547 0.951171 0.185547 0.998046 0.124999 0.998046
0 0.705078 0.949219 0.738282 0.949219 0.738282 0.980469 0.705078 0.980469
0 0.101562 0.964844 0.113282 0.964844 0.113282 1.000000 0.101562 1.000000
0 0.794922 0.966796 0.835938 0.966796 0.835938 1.000000 0.794922 1.000000
0 0.886718 0.966796 0.941406 0.966796 0.941406 1.000000 0.886718 1.000000
0 0.777344 0.988282 0.806640 0.988282 0.806640 1.000000 0.777344 1.000000
