0 0.287109 0.000000 0.345703 0.000000 0.345703 0.029296 0.287109 0.029296
0 0.789062 0.009765 0.812500 0.009765 0.812500 0.035157 0.789062 0.035157
0 0.853516 0.037110 0.882812 0.037110 0.882812 0.062501 0.853516 0.062501
0 0.888672 0.046874 0.923828 0.046874 0.923828 0.134765 0.888672 0.134765
0 0.867187 0.064453 0.894531 0.064453 0.894531 0.148437 0.867187 0.148437
0 0.789063 0.080078 0.810547 0.080078 0.810547 0.132812 0.789063 0.132812
0 0.443360 0.113281 0.478516 0.113281 0.478516 0.152343 0.443360 0.152343
0 0.775391 0.128906 0.789063 0.128906 0.789063 0.177734 0.775391 0.177734
0 0.898438 0.138672 0.933594 0.138672 0.933594 0.232422 0.898438 0.232422
0 0.798828 0.166015 0.820312 0.166015 0.820312 0.220703 0.798828 0.220703
0 0.185547 0.169922 0.214844 0.169922 0.214844 0.218750 0.185547 0.218750
0 0.355469 0.177734 0.382813 0.177734 0.382813 0.205078 0.355469 0.205078
0 0.847657 0.181641 0.876953 0.181641 0.876953 0.234375 0.847657 0.234375
0 0.783203 0.208984 0.808593 0.208984 0.808593 0.265625 0.783203 0.265625
0 0.878907 0.226563 0.904297 0.226563 0.904297 0.314454 0.878907 0.314454
0 0.855468 0.269531 0.867188 0.269531 0.867188 0.310547 0.855468 0.310547
0 0.771484 0.298828 0.804688 0.298828 0.804688 0.343750 0.771484 0.343750
0 0.548828 0.326172 0.562500 0.326172 0.562500 0.375000 0.548828 0.375000
0 0.851562 0.333985 0.871093 0.333985 0.871093 0.367188 0.851562 0.367188
0 0.003906 0.351562 0.035156 0.351562 0.035156 0.402343 0.003906 0.402343
0 0.865234 0.359376 0.896484 0.359376 0.896484 0.437501 0.865234 0.437501
0 0.765625 0.388672 0.791015 0.388672 0.791015 0.423828 0.765625 0.423828
0 0.589843 0.414062 0.609374 0.414062 0.609374 0.455078 0.589843 0.455078
0 0.859375 0.480468 0.875000 0.480468 0.875000 0.517578 0.859375 0.517578
0 0.779296 0.513672 0.794921 0.513672 0.794921 0.568360 0.779296 0.568360
0 0.783204 0.568359 0.798829 0.568359 0.798829 0.595703 0.783204 0.595703
0 0.638672 0.570312 0.708984 0.570312 0.708984 0.630859 0.638672 0.630859
0 0.890625 0.574219 0.914063 0.574219 0.914063 0.613281 0.890625 0.613281
0 0.789062 0.599610 0.798828 0.599610 0.798828 0.621094 0.789062 0.621094
0 0.890625 0.609375 0.919921 0.609375 0.919921 0.654297 0.890625 0.654297
0 0.388672 0.636719 0.421874 0.636719 0.421874 0.722657 0.388672 0.722657
0 0.898438 0.642579 0.914062 0.642579 0.914062 0.689454 0.898438 0.689454
0 0.919922 0.679687 0.951172 0.679687 0.951172 0.724609 0.919922 0.724609
0 0.021485 0.707032 0.054688 0.707032 0.054688 0.732422 0.021485 0.732422
0 0.792968 0.708984 0.847656 0.708984 0.847656 0.785156 0.792968 0.785156
0 0.148438 0.732422 0.230469 0.732422 0.230469 0.763672 0.148438 0.763672
0 0.201173 0.763672 0.269532 0.763672 0.269532 0.802734 0.201173 0.802734
0 0.781250 0.767578 0.806640 0.767578 0.806640 0.824218 0.781250 0.824218
0 0.935547 0.777344 0.974609 0.777344 0.974609 0.880860 0.935547 0.880860
0 0.326172 0.781250 0.355469 0.781250 0.355469 0.814454 0.326172 0.814454
0 0.216797 0.814453 0.273438 0.814453 0.273438 0.851562 0.216797 0.851562
0 0.333985 0.841797 0.390625 0.841797 0.390625 0.912109 0.333985 0.912109
0 0.662110 0.908203 0.691406 0.908203 0.691406 0.970703 0.662110 0.970703
0 0.476563 0.929688 0.507813 0.929688 0.507813 0.994141 0.476563 0.994141
0 0.335938 0.945312 0.375000 0.945312 0.375000 0.996093 0.335938 0.996093
0 0.845704 0.953125 0.875000 0.953125 0.875000 1.000000 0.845704 1.000000
0 0.392577 0.964844 0.417969 0.964844 0.417969 1.000000 0.392577 1.000000
