0 0.074218 0.000000 0.107422 0.000000 0.107422 0.015624 0.074218 0.015624
0 0.158203 0.000000 0.244141 0.000000 0.244141 0.042968 0.158203 0.042968
0 0.509765 0.001953 0.525390 0.001953 0.525390 0.019531 0.509765 0.019531
0 0.628906 0.000000 0.669922 0.000000 0.669922 0.037110 0.628906 0.037110
0 0.677734 0.000000 0.712890 0.000000 0.712890 0.035156 0.677734 0.035156
0 0.933593 0.000000 0.970703 0.000000 0.970703 0.023438 0.933593 0.023438
0 0.000000 0.011719 0.017578 0.011719 0.017578 0.085938 0.000000 0.085938
0 0.128906 0.011719 0.156250 0.011719 0.156250 0.064453 0.128906 0.064453
0 0.527343 0.011719 0.546874 0.011719 0.546874 0.029297 0.527343 0.029297
0 0.714844 0.015625 0.746094 0.015625 0.746094 0.046875 0.714844 0.046875
0 0.826172 0.025391 0.916016 0.025391 0.916016 0.070313 0.826172 0.070313
0 0.490234 0.027344 0.523438 0.027344 0.523438 0.058594 0.490234 0.058594
0 0.669922 0.035156 0.724610 0.035156 0.724610 0.097656 0.669922 0.097656
0 0.726562 0.041016 0.783203 0.041016 0.783203 0.103516 0.726562 0.103516
0 0.378906 0.046874 0.427734 0.046874 0.427734 0.093749 0.378906 0.093749
0 0.419922 0.048828 0.460938 0.048828 0.460938 0.076172 0.419922 0.076172
0 0.177734 0.052735 0.240234 0.052735 0.240234 0.103515 0.177734 0.103515
0 0.121094 0.062499 0.154297 0.062499 0.154297 0.105469 0.121094 0.105469
0 0.652344 0.072265 0.691406 0.072265 0.691406 0.105469 0.652344 0.105469
0 0.429687 0.085938 0.457031 0.085938 0.457031 0.123047 0.429687 0.123047
0 0.580078 0.089844 0.632812 0.089844 0.632812 0.148438 0.580078 0.148438
0 0.888671 0.091797 0.921875 0.091797 0.921875 0.119141 0.888671 0.119141
0 0.076172 0.093750 0.126952 0.093750 0.126952 0.134766 0.076172 0.134766
0 0.494140 0.093751 0.537110 0.093751 0.537110 0.158203 0.494140 0.158203
0 0.785156 0.093750 0.830078 0.093750 0.830078 0.132812 0.785156 0.132812
0 0.015625 0.111328 0.037109 0.111328 0.037109 0.138672 0.015625 0.138672
0 0.386718 0.109375 0.423828 0.109375 0.423828 0.144531 0.386718 0.144531
0 0.234375 0.117187 0.269531 0.117187 0.269531 0.148437 0.234375 0.148437
0 0.837890 0.119140 0.906250 0.119140 0.906250 0.208984 0.837890 0.208984
0 0.542968 0.128906 0.576172 0.128906 0.576172 0.160156 0.542968 0.160156
0 0.736328 0.130859 0.773438 0.130859 0.773438 0.167968 0.736328 0.167968
0 0.781251 0.128906 0.832032 0.128906 0.832032 0.195312 0.781251 0.195312
0 0.925781 0.138672 0.978515 0.138672 0.978515 0.181640 0.925781 0.181640
0 0.039063 0.142578 0.078125 0.142578 0.078125 0.171876 0.039063 0.171876
0 0.689453 0.140625 0.714843 0.140625 0.714843 0.175781 0.689453 0.175781
0 0.339844 0.150390 0.378906 0.150390 0.378906 0.205078 0.339844 0.205078
0 0.578125 0.156250 0.613281 0.156250 0.613281 0.191406 0.578125 0.191406
0 0.000000 0.160157 0.023438 0.160157 0.023438 0.203125 0.000000 0.203125
0 0.388672 0.160156 0.462891 0.160156 0.462891 0.212890 0.388672 0.212890
0 0.884765 0.181641 0.925781 0.181641 0.925781 0.218750 0.884765 0.218750
0 0.201172 0.187499 0.250000 0.187499 0.250000 0.248047 0.201172 0.248047
0 0.464844 0.189453 0.537110 0.189453 0.537110 0.248047 0.464844 0.248047
0 0.671875 0.191406 0.718750 0.191406 0.718750 0.214844 0.671875 0.214844
0 0.585937 0.197266 0.626953 0.197266 0.626953 0.261719 0.585937 0.261719
0 0.625000 0.203126 0.669922 0.203126 0.669922 0.267578 0.625000 0.267578
0 0.257812 0.216798 0.291015 0.216798 0.291015 0.253907 0.257812 0.253907
0 0.871093 0.218750 0.917968 0.218750 0.917968 0.253906 0.871093 0.253906
0 0.017578 0.224610 0.054688 0.224610 0.054688 0.257812 0.017578 0.257812
0 0.421875 0.228516 0.492187 0.228516 0.492187 0.263672 0.421875 0.263672
0 0.916015 0.242188 0.966796 0.242188 0.966796 0.271485 0.916015 0.271485
0 0.015625 0.251953 0.070313 0.251953 0.070313 0.292969 0.015625 0.292969
0 0.699219 0.251953 0.730469 0.251953 0.730469 0.271484 0.699219 0.271484
0 0.972656 0.250000 1.000000 0.250000 1.000000 0.298828 0.972656 0.298828
0 0.261719 0.255860 0.294922 0.255860 0.294922 0.291016 0.261719 0.291016
0 0.488282 0.273438 0.539062 0.273438 0.539062 0.308594 0.488282 0.308594
0 0.585938 0.275391 0.634766 0.275391 0.634766 0.310547 0.585938 0.310547
0 0.068360 0.287110 0.121094 0.287110 0.121094 0.347657 0.068360 0.347657
0 0.916015 0.287109 0.974609 0.287109 0.974609 0.335937 0.916015 0.335937
0 0.541015 0.296875 0.582031 0.296875 0.582031 0.328125 0.541015 0.328125
0 0.732422 0.316406 0.771484 0.316406 0.771484 0.347656 0.732422 0.347656
0 0.355469 0.320312 0.417969 0.320312 0.417969 0.371093 0.355469 0.371093
0 0.000001 0.330078 0.019532 0.330078 0.019532 0.371094 0.000001 0.371094
0 0.042969 0.330078 0.074219 0.330078 0.074219 0.392578 0.042969 0.392578
0 0.132812 0.345703 0.175781 0.345703 0.175781 0.390625 0.132812 0.390625
0 0.455078 0.343751 0.527344 0.343751 0.527344 0.390626 0.455078 0.390626
0 0.873047 0.343750 0.914063 0.343750 0.914063 0.388672 0.873047 0.388672
0 0.179688 0.349610 0.216797 0.349610 0.216797 0.386718 0.179688 0.386718
0 0.677734 0.351562 0.708984 0.351562 0.708984 0.384765 0.677734 0.384765
0 0.068360 0.359375 0.103516 0.359375 0.103516 0.408203 0.068360 0.408203
0 0.804688 0.367188 0.878907 0.367188 0.878907 0.410157 0.804688 0.410157
0 0.451172 0.371093 0.488282 0.371093 0.488282 0.400390 0.451172 0.400390
0 0.548828 0.371094 0.580078 0.371094 0.580078 0.398438 0.548828 0.398438
0 0.375000 0.375000 0.402344 0.375000 0.402344 0.402344 0.375000 0.402344
0 0.425781 0.388672 0.449219 0.388672 0.449219 0.433594 0.425781 0.433594
0 0.496094 0.414063 0.548828 0.414063 0.548828 0.449219 0.496094 0.449219
0 0.451172 0.429688 0.515625 0.429688 0.515625 0.486329 0.451172 0.486329
0 0.041016 0.437500 0.068360 0.437500 0.068360 0.472656 0.041016 0.472656
0 0.183594 0.443360 0.259766 0.443360 0.259766 0.482422 0.183594 0.482422
0 0.083985 0.458985 0.123047 0.458985 0.123047 0.488282 0.083985 0.488282
0 0.123047 0.466797 0.167969 0.466797 0.167969 0.499999 0.123047 0.499999
0 0.941407 0.482422 0.970703 0.482422 0.970703 0.517578 0.941407 0.517578
0 0.582031 0.486328 0.621093 0.486328 0.621093 0.525390 0.582031 0.525390
0 0.240234 0.490235 0.281250 0.490235 0.281250 0.529297 0.240234 0.529297
0 0.634765 0.494141 0.681640 0.494141 0.681640 0.542969 0.634765 0.542969
0 0.693359 0.496094 0.726562 0.496094 0.726562 0.541016 0.693359 0.541016
0 0.119141 0.501953 0.136719 0.501953 0.136719 0.525391 0.119141 0.525391
0 0.462890 0.513671 0.500000 0.513671 0.500000 0.529296 0.462890 0.529296
0 0.505860 0.511719 0.525390 0.511719 0.525390 0.529297 0.505860 0.529297
0 0.523438 0.521484 0.552734 0.521484 0.552734 0.552734 0.523438 0.552734
0 0.083985 0.529297 0.123047 0.529297 0.123047 0.548828 0.083985 0.548828
0 0.472656 0.531250 0.521484 0.531250 0.521484 0.578125 0.472656 0.578125
0 0.958984 0.544922 0.994140 0.544922 0.994140 0.574218 0.958984 0.574218
0 0.548829 0.546875 0.595704 0.546875 0.595704 0.601563 0.548829 0.601563
0 0.603515 0.560546 0.660156 0.560546 0.660156 0.607421 0.603515 0.607421
0 0.068360 0.564453 0.103516 0.564453 0.103516 0.601562 0.068360 0.601562
0 0.785156 0.578125 0.837890 0.578125 0.837890 0.632813 0.785156 0.632813
0 0.955078 0.580079 0.978516 0.580079 0.978516 0.609375 0.955078 0.609375
0 0.099610 0.583985 0.136719 0.583985 0.136719 0.621094 0.099610 0.621094
0 0.316407 0.582031 0.355469 0.582031 0.355469 0.626953 0.316407 0.626953
0 0.164063 0.593750 0.195313 0.593750 0.195313 0.623046 0.164063 0.623046
0 0.054687 0.605469 0.083984 0.605469 0.083984 0.636719 0.054687 0.636719
0 0.089844 0.623047 0.109374 0.623047 0.109374 0.646485 0.089844 0.646485
0 0.408203 0.621094 0.435547 0.621094 0.435547 0.648438 0.408203 0.648438
0 0.486328 0.630859 0.519532 0.630859 0.519532 0.675781 0.486328 0.675781
0 0.289062 0.632812 0.326171 0.632812 0.326171 0.669922 0.289062 0.669922
0 0.246094 0.638672 0.287110 0.638672 0.287110 0.677734 0.246094 0.677734
0 0.873047 0.648438 0.914063 0.648438 0.914063 0.683594 0.873047 0.683594
0 0.314453 0.669922 0.367187 0.669922 0.367187 0.701172 0.314453 0.701172
0 0.125000 0.681641 0.164062 0.681641 0.164062 0.716797 0.125000 0.716797
0 0.501953 0.685546 0.546875 0.685546 0.546875 0.750000 0.501953 0.750000
0 0.707032 0.683594 0.798828 0.683594 0.798828 0.705078 0.707032 0.705078
0 0.894532 0.685547 0.968751 0.685547 0.968751 0.738281 0.894532 0.738281
0 0.589844 0.703125 0.634766 0.703125 0.634766 0.765625 0.589844 0.765625
0 0.310547 0.707031 0.328125 0.707031 0.328125 0.730469 0.310547 0.730469
0 0.089843 0.714843 0.123047 0.714843 0.123047 0.748047 0.089843 0.748047
0 0.828125 0.714844 0.869141 0.714844 0.869141 0.750000 0.828125 0.750000
0 0.976563 0.718750 0.998047 0.718750 0.998047 0.740234 0.976563 0.740234
0 0.449219 0.730469 0.482422 0.730469 0.482422 0.771485 0.449219 0.771485
0 0.861328 0.750000 0.892578 0.750000 0.892578 0.785156 0.861328 0.785156
0 0.242188 0.753906 0.281250 0.753906 0.281250 0.787110 0.242188 0.787110
0 0.794922 0.755859 0.824218 0.755859 0.824218 0.779297 0.794922 0.779297
0 0.517578 0.769531 0.556640 0.769531 0.556640 0.814453 0.517578 0.814453
0 0.746094 0.771484 0.775390 0.771484 0.775390 0.802734 0.746094 0.802734
0 0.671875 0.777343 0.718750 0.777343 0.718750 0.800781 0.671875 0.800781
0 0.062500 0.787109 0.083984 0.787109 0.083984 0.810547 0.062500 0.810547
0 0.558594 0.794922 0.611328 0.794922 0.611328 0.833984 0.558594 0.833984
0 0.812500 0.796875 0.853516 0.796875 0.853516 0.822265 0.812500 0.822265
0 0.218750 0.802734 0.244141 0.802734 0.244141 0.833984 0.218750 0.833984
0 0.906250 0.804687 0.964844 0.804687 0.964844 0.832031 0.906250 0.832031
0 0.056641 0.810547 0.091797 0.810547 0.091797 0.847657 0.056641 0.847657
0 0.671875 0.835937 0.701171 0.835937 0.701171 0.863281 0.671875 0.863281
0 0.867188 0.835937 0.900391 0.835937 0.900391 0.859375 0.867188 0.859375
0 0.910156 0.835938 0.943360 0.835938 0.943360 0.857422 0.910156 0.857422
0 0.009766 0.839843 0.039062 0.839843 0.039062 0.876953 0.009766 0.876953
0 0.621094 0.857422 0.666016 0.857422 0.666016 0.894532 0.621094 0.894532
0 0.417969 0.861329 0.453125 0.861329 0.453125 0.890625 0.417969 0.890625
0 0.667969 0.865234 0.708985 0.865234 0.708985 0.898438 0.667969 0.898438
0 0.125000 0.888672 0.169922 0.888672 0.169922 0.923828 0.125000 0.923828
0 0.263672 0.886719 0.287110 0.886719 0.287110 0.910157 0.263672 0.910157
0 0.378906 0.892578 0.423828 0.892578 0.423828 0.937500 0.378906 0.937500
0 0.771484 0.894531 0.804688 0.894531 0.804688 0.917969 0.771484 0.917969
0 0.906250 0.917968 0.955078 0.917968 0.955078 0.955078 0.906250 0.955078
0 0.787109 0.927735 0.828125 0.927735 0.828125 0.964844 0.787109 0.964844
0 0.716797 0.935547 0.753907 0.935547 0.753907 0.976563 0.716797 0.976563
0 0.410156 0.937501 0.455078 0.937501 0.455078 0.988282 0.410156 0.988282
0 0.177734 0.947266 0.240234 0.947266 0.240234 0.982422 0.177734 0.982422
0 0.679687 0.945312 0.710937 0.945312 0.710937 0.992188 0.679687 0.992188
0 0.097656 0.949219 0.134765 0.949219 0.134765 0.984375 0.097656 0.984375
0 0.873047 0.960938 0.923828 0.960938 0.923828 0.998047 0.873047 0.998047
0 0.001953 0.972656 0.039062 0.972656 0.039062 1.000000 0.001953 1.000000
0 0.365234 0.978516 0.400390 0.978516 0.400390 1.000000 0.365234 1.000000
0 0.500000 0.978516 0.535156 0.978516 0.535156 1.000000 0.500000 1.000000
0 0.595703 0.978516 0.634765 0.978516 0.634765 1.000000 0.595703 1.000000
0 0.341797 0.982422 0.359375 0.982422 0.359375 1.000000 0.341797 1.000000
0 0.732421 0.984375 0.775390 0.984375 0.775390 1.000000 0.732421 1.000000
