0 0.666015 0.000000 0.707031 0.000000 0.707031 0.017578 0.666015 0.017578
0 0.714844 0.000001 0.750000 0.000001 0.750000 0.019532 0.714844 0.019532
0 0.781250 0.000000 0.818360 0.000000 0.818360 0.025390 0.781250 0.025390
0 0.878907 0.000000 0.908203 0.000000 0.908203 0.066406 0.878907 0.066406
0 0.718750 0.025390 0.771484 0.025390 0.771484 0.066406 0.718750 0.066406
0 0.609375 0.029297 0.664063 0.029297 0.664063 0.103516 0.609375 0.103516
0 0.667969 0.050781 0.695313 0.050781 0.695313 0.119140 0.667969 0.119140
0 0.917969 0.066406 0.953125 0.066406 0.953125 0.113281 0.917969 0.113281
0 0.800782 0.080078 0.843751 0.080078 0.843751 0.146484 0.800782 0.146484
0 0.554687 0.082031 0.599609 0.082031 0.599609 0.125000 0.554687 0.125000
0 0.873047 0.089844 0.927735 0.089844 0.927735 0.138672 0.873047 0.138672
0 0.857422 0.115234 0.886718 0.115234 0.886718 0.146484 0.857422 0.146484
0 0.613281 0.119140 0.648437 0.119140 0.648437 0.152343 0.613281 0.152343
0 0.572265 0.128907 0.597656 0.128907 0.597656 0.171875 0.572265 0.171875
0 0.904297 0.136719 0.974609 0.136719 0.974609 0.238281 0.904297 0.238281
0 0.767578 0.144532 0.810547 0.144532 0.810547 0.181641 0.767578 0.181641
0 0.958984 0.150391 0.990234 0.150391 0.990234 0.195313 0.958984 0.195313
0 0.697266 0.160156 0.726562 0.160156 0.726562 0.189453 0.697266 0.189453
0 0.832031 0.169922 0.898437 0.169922 0.898437 0.218750 0.832031 0.218750
0 0.544922 0.171875 0.574218 0.171875 0.574218 0.216797 0.544922 0.216797
0 0.576172 0.185547 0.607422 0.185547 0.607422 0.234375 0.576172 0.234375
0 0.791016 0.214844 0.830078 0.214844 0.830078 0.250000 0.791016 0.250000
0 0.544921 0.226562 0.587890 0.226562 0.587890 0.269531 0.544921 0.269531
0 0.728516 0.248046 0.789062 0.248046 0.789062 0.273438 0.728516 0.273438
0 0.582031 0.257812 0.617187 0.257812 0.617187 0.300782 0.582031 0.300782
0 0.640625 0.257813 0.679687 0.257813 0.679687 0.279297 0.640625 0.279297
0 0.435547 0.279297 0.511719 0.279297 0.511719 0.333985 0.435547 0.333985
0 0.357422 0.285156 0.380860 0.285156 0.380860 0.333984 0.357422 0.333984
0 0.621093 0.285156 0.658203 0.285156 0.658203 0.314453 0.621093 0.314453
0 0.816407 0.289062 0.845703 0.289062 0.845703 0.343750 0.816407 0.343750
0 0.873046 0.318360 0.919921 0.318360 0.919921 0.355468 0.873046 0.355468
0 0.939454 0.322265 0.968750 0.322265 0.968750 0.351562 0.939454 0.351562
0 0.587891 0.335937 0.671875 0.335937 0.671875 0.376953 0.587891 0.376953
0 0.359375 0.341797 0.382813 0.341797 0.382813 0.382813 0.359375 0.382813
0 0.832031 0.367187 0.863281 0.367187 0.863281 0.425781 0.832031 0.425781
0 0.535156 0.376953 0.570312 0.376953 0.570312 0.412109 0.535156 0.412109
0 0.408203 0.382812 0.441406 0.382812 0.441406 0.412110 0.408203 0.412110
0 0.453125 0.382812 0.484375 0.382812 0.484375 0.433593 0.453125 0.433593
0 0.566406 0.394531 0.607422 0.394531 0.607422 0.457031 0.566406 0.457031
0 0.773437 0.404297 0.804687 0.404297 0.804687 0.478516 0.773437 0.478516
0 0.750000 0.417969 0.771484 0.417969 0.771484 0.484375 0.750000 0.484375
0 0.931641 0.419922 0.966797 0.419922 0.966797 0.449219 0.931641 0.449219
0 0.697266 0.421875 0.736328 0.421875 0.736328 0.462891 0.697266 0.462891
0 0.880860 0.421876 0.906250 0.421876 0.906250 0.472656 0.880860 0.472656
0 0.367187 0.427734 0.394531 0.427734 0.394531 0.472656 0.367187 0.472656
0 0.408203 0.429688 0.457031 0.429688 0.457031 0.466796 0.408203 0.466796
0 0.638672 0.431640 0.666016 0.431640 0.666016 0.460938 0.638672 0.460938
0 0.820312 0.447266 0.857422 0.447266 0.857422 0.486328 0.820312 0.486328
0 0.648438 0.490234 0.705078 0.490234 0.705078 0.535156 0.648438 0.535156
0 0.708985 0.494141 0.748047 0.494141 0.748047 0.546875 0.708985 0.546875
0 0.560547 0.503907 0.585938 0.503907 0.585938 0.560547 0.560547 0.560547
0 0.980468 0.505859 0.999999 0.505859 0.999999 0.533203 0.980468 0.533203
0 0.591797 0.507812 0.626953 0.507812 0.626953 0.552734 0.591797 0.552734
0 0.433594 0.511718 0.464844 0.511718 0.464844 0.544922 0.433594 0.544922
0 0.779297 0.533204 0.820313 0.533204 0.820313 0.580079 0.779297 0.580079
0 0.677735 0.541016 0.716797 0.541016 0.716797 0.572266 0.677735 0.572266
0 0.898438 0.541015 0.947266 0.541015 0.947266 0.597656 0.898438 0.597656
0 0.441407 0.558594 0.474610 0.558594 0.474610 0.597656 0.441407 0.597656
0 0.513672 0.572266 0.539062 0.572266 0.539062 0.634766 0.513672 0.634766
0 0.351562 0.578125 0.376954 0.578125 0.376954 0.603515 0.351562 0.603515
0 0.574218 0.580078 0.589843 0.580078 0.589843 0.611328 0.574218 0.611328
0 0.357422 0.607422 0.386719 0.607422 0.386719 0.638672 0.357422 0.638672
0 0.955078 0.607422 0.978516 0.607422 0.978516 0.630860 0.955078 0.630860
0 0.802734 0.611329 0.835938 0.611329 0.835938 0.658204 0.802734 0.658204
0 0.669922 0.617187 0.708984 0.617187 0.708984 0.675781 0.669922 0.675781
0 0.455078 0.626953 0.488281 0.626953 0.488281 0.667969 0.455078 0.667969
0 0.873047 0.625001 0.908203 0.625001 0.908203 0.675782 0.873047 0.675782
0 0.400390 0.628906 0.443360 0.628906 0.443360 0.673828 0.400390 0.673828
0 0.353516 0.650390 0.398438 0.650390 0.398438 0.687500 0.353516 0.687500
0 0.468751 0.654296 0.501954 0.654296 0.501954 0.697265 0.468751 0.697265
0 0.843750 0.664062 0.896484 0.664062 0.896484 0.705078 0.843750 0.705078
0 0.726563 0.667969 0.765625 0.667969 0.765625 0.740235 0.726563 0.740235
0 0.371094 0.685546 0.410156 0.685546 0.410156 0.728515 0.371094 0.728515
0 0.505860 0.683594 0.556640 0.683594 0.556640 0.714844 0.505860 0.714844
0 0.578125 0.689453 0.615235 0.689453 0.615235 0.732422 0.578125 0.732422
0 0.468750 0.710938 0.503906 0.710938 0.503906 0.748047 0.468750 0.748047
0 0.689453 0.710938 0.724609 0.710938 0.724609 0.779297 0.689453 0.779297
0 0.849609 0.712891 0.916015 0.712891 0.916015 0.742188 0.849609 0.742188
0 0.958985 0.724610 0.996094 0.724610 0.996094 0.763672 0.958985 0.763672
0 0.595703 0.759765 0.636719 0.759765 0.636719 0.816406 0.595703 0.816406
0 0.349609 0.767579 0.361328 0.767579 0.361328 0.814454 0.349609 0.814454
0 0.916016 0.775390 0.947266 0.775390 0.947266 0.818360 0.916016 0.818360
0 0.658203 0.808594 0.707031 0.808594 0.707031 0.865235 0.658203 0.865235
0 0.765625 0.808594 0.826171 0.808594 0.826171 0.835938 0.765625 0.835938
0 0.896484 0.814453 0.929688 0.814453 0.929688 0.839843 0.896484 0.839843
0 0.396485 0.820312 0.435547 0.820312 0.435547 0.849609 0.396485 0.849609
0 0.976563 0.820312 0.998047 0.820312 0.998047 0.849609 0.976563 0.849609
0 0.824219 0.830078 0.869141 0.830078 0.869141 0.871094 0.824219 0.871094
0 0.705078 0.833984 0.740234 0.833984 0.740234 0.869140 0.705078 0.869140
0 0.595703 0.847656 0.636719 0.847656 0.636719 0.884765 0.595703 0.884765
0 0.490235 0.851562 0.537110 0.851562 0.537110 0.876953 0.490235 0.876953
0 0.425782 0.855469 0.476562 0.855469 0.476562 0.894531 0.425782 0.894531
0 0.871094 0.859375 0.910156 0.859375 0.910156 0.894531 0.871094 0.894531
0 0.318359 0.867188 0.359375 0.867188 0.359375 0.900391 0.318359 0.900391
0 0.953125 0.876954 0.966797 0.876954 0.966797 0.906250 0.953125 0.906250
0 0.591797 0.886719 0.630859 0.886719 0.630859 0.927735 0.591797 0.927735
0 0.396484 0.898438 0.421876 0.898438 0.421876 0.958984 0.396484 0.958984
0 0.777344 0.902344 0.843750 0.902344 0.843750 0.968750 0.777344 0.968750
0 0.898438 0.904297 0.949218 0.904297 0.949218 0.958985 0.898438 0.958985
0 0.841797 0.912110 0.871093 0.912110 0.871093 0.951172 0.841797 0.951172
0 0.617188 0.923828 0.666016 0.923828 0.666016 0.960938 0.617188 0.960938
0 0.722657 0.941406 0.773438 0.941406 0.773438 0.982422 0.722657 0.982422
0 0.320312 0.947265 0.357421 0.947265 0.357421 0.988281 0.320312 0.988281
0 0.369141 0.964844 0.417969 0.964844 0.417969 1.000000 0.369141 1.000000
0 0.591797 0.984375 0.619141 0.984375 0.619141 1.000000 0.591797 1.000000
