0 0.121094 0.000000 0.152344 0.000000 0.152344 0.031250 0.121094 0.031250
0 0.177734 0.000000 0.205078 0.000000 0.205078 0.039062 0.177734 0.039062
0 0.220702 0.000000 0.246093 0.000000 0.246093 0.011718 0.220702 0.011718
0 0.263672 0.000000 0.294922 0.000000 0.294922 0.015624 0.263672 0.015624
0 0.310547 0.000000 0.347657 0.000000 0.347657 0.021484 0.310547 0.021484
0 0.382812 0.000000 0.416015 0.000000 0.416015 0.029296 0.382812 0.029296
0 0.476563 0.000000 0.507813 0.000000 0.507813 0.023438 0.476563 0.023438
0 0.515625 0.000000 0.546875 0.000000 0.546875 0.031250 0.515625 0.031250
0 0.623046 0.000000 0.638671 0.000000 0.638671 0.021484 0.623046 0.021484
0 0.750000 0.000000 0.783204 0.000000 0.783204 0.011718 0.750000 0.011718
0 0.859375 0.003906 0.898437 0.003906 0.898437 0.052734 0.859375 0.052734
0 0.640625 0.009765 0.671875 0.009765 0.671875 0.042969 0.640625 0.042969
0 0.935546 0.011719 0.968750 0.011719 0.968750 0.056641 0.935546 0.056641
0 0.765625 0.017579 0.796875 0.017579 0.796875 0.050782 0.765625 0.050782
0 0.240234 0.019531 0.281250 0.019531 0.281250 0.054687 0.240234 0.054687
0 0.820312 0.023437 0.857422 0.023437 0.857422 0.068359 0.820312 0.068359
0 0.082031 0.031250 0.113281 0.031250 0.113281 0.058594 0.082031 0.058594
0 0.316406 0.033203 0.351562 0.033203 0.351562 0.054687 0.316406 0.054687
0 0.027344 0.035156 0.062500 0.035156 0.062500 0.066406 0.027344 0.066406
0 0.275390 0.041015 0.312500 0.041015 0.312500 0.074219 0.275390 0.074219
0 0.724610 0.041015 0.763672 0.041015 0.763672 0.082031 0.724610 0.082031
0 0.000000 0.044921 0.023438 0.044921 0.023438 0.074218 0.000000 0.074218
0 0.509766 0.044922 0.544922 0.044922 0.544922 0.078124 0.509766 0.078124
0 0.175781 0.052734 0.214843 0.052734 0.214843 0.087890 0.175781 0.087890
0 0.345703 0.058594 0.386719 0.058594 0.386719 0.083985 0.345703 0.083985
0 0.662109 0.060547 0.720703 0.060547 0.720703 0.115235 0.662109 0.115235
0 0.105469 0.068359 0.140625 0.068359 0.140625 0.099609 0.105469 0.099609
0 0.222657 0.070313 0.255860 0.070313 0.255860 0.105469 0.222657 0.105469
0 0.523438 0.076171 0.566407 0.076171 0.566407 0.109374 0.523438 0.109374
0 0.000000 0.078125 0.021484 0.078125 0.021484 0.117187 0.000000 0.117187
0 0.396485 0.078125 0.433593 0.078125 0.433593 0.109375 0.396485 0.109375
0 0.816407 0.080078 0.855469 0.080078 0.855469 0.107422 0.816407 0.107422
0 0.123046 0.091797 0.156249 0.091797 0.156249 0.130859 0.123046 0.130859
0 0.750000 0.091797 0.773438 0.091797 0.773438 0.111327 0.750000 0.111327
0 0.050781 0.093751 0.078125 0.093751 0.078125 0.130860 0.050781 0.130860
0 0.273438 0.103516 0.310546 0.103516 0.310546 0.142578 0.273438 0.142578
0 0.861328 0.101562 0.886718 0.101562 0.886718 0.128906 0.861328 0.128906
0 0.357422 0.107422 0.396484 0.107422 0.396484 0.128906 0.357422 0.128906
0 0.242187 0.111329 0.279296 0.111329 0.279296 0.140626 0.242187 0.140626
0 0.470703 0.109375 0.523437 0.109375 0.523437 0.148437 0.470703 0.148437
0 0.570313 0.109375 0.601563 0.109375 0.601563 0.144531 0.570313 0.144531
0 0.410156 0.113281 0.457031 0.113281 0.457031 0.162109 0.410156 0.162109
0 0.000000 0.117188 0.033203 0.117188 0.033203 0.142578 0.000000 0.142578
0 0.146484 0.117187 0.173828 0.117187 0.173828 0.171875 0.146484 0.171875
0 0.728516 0.125000 0.757812 0.125000 0.757812 0.156250 0.728516 0.156250
0 0.082031 0.128906 0.119140 0.128906 0.119140 0.173828 0.082031 0.173828
0 0.009766 0.132813 0.039062 0.132813 0.039062 0.167969 0.009766 0.167969
0 0.185547 0.142578 0.210938 0.142578 0.210938 0.181640 0.185547 0.181640
0 0.892578 0.140625 0.919922 0.140625 0.919922 0.183593 0.892578 0.183593
0 0.537110 0.146484 0.566406 0.146484 0.566406 0.183593 0.537110 0.183593
0 0.613282 0.144531 0.642578 0.144531 0.642578 0.175781 0.613282 0.175781
0 0.333984 0.148437 0.357422 0.148437 0.357422 0.175781 0.333984 0.175781
0 0.046875 0.158203 0.082031 0.158203 0.082031 0.193359 0.046875 0.193359
0 0.789062 0.162109 0.830078 0.162109 0.830078 0.193359 0.789062 0.193359
0 0.869141 0.160157 0.898438 0.160157 0.898438 0.197266 0.869141 0.197266
0 0.281249 0.164063 0.310547 0.164063 0.310547 0.199219 0.281249 0.199219
0 0.449219 0.167968 0.484375 0.167968 0.484375 0.197266 0.449219 0.197266
0 0.636718 0.167968 0.669922 0.167968 0.669922 0.197266 0.636718 0.197266
0 0.349609 0.171875 0.380859 0.171875 0.380859 0.210937 0.349609 0.210937
0 0.494141 0.173828 0.527344 0.173828 0.527344 0.212890 0.494141 0.212890
0 0.732422 0.177734 0.761718 0.177734 0.761718 0.212890 0.732422 0.212890
0 0.228516 0.181640 0.263672 0.181640 0.263672 0.210938 0.228516 0.210938
0 0.388672 0.179688 0.419922 0.179688 0.419922 0.218750 0.388672 0.218750
0 0.558594 0.191406 0.589844 0.191406 0.589844 0.218750 0.558594 0.218750
0 0.130860 0.197265 0.164062 0.197265 0.164062 0.238281 0.130860 0.238281
0 0.691406 0.197266 0.724610 0.197266 0.724610 0.222657 0.691406 0.222657
0 0.833985 0.199219 0.871094 0.199219 0.871094 0.240235 0.833985 0.240235
0 0.201172 0.207031 0.236328 0.207031 0.236328 0.238281 0.201172 0.238281
0 0.318359 0.210938 0.349609 0.210938 0.349609 0.246094 0.318359 0.246094
0 0.597656 0.210937 0.630860 0.210937 0.630860 0.242187 0.597656 0.242187
0 0.091797 0.214844 0.123047 0.214844 0.123047 0.250000 0.091797 0.250000
0 0.251953 0.218751 0.285156 0.218751 0.285156 0.251953 0.251953 0.251953
0 0.558594 0.220703 0.593750 0.220703 0.593750 0.255859 0.558594 0.255859
0 0.755860 0.220703 0.791016 0.220703 0.791016 0.253906 0.755860 0.253906
0 0.048828 0.224609 0.082032 0.224609 0.082032 0.250001 0.048828 0.250001
0 0.158203 0.224610 0.193359 0.224610 0.193359 0.267578 0.158203 0.267578
0 0.408203 0.228516 0.441406 0.228516 0.441406 0.265625 0.408203 0.265625
0 0.455078 0.228516 0.484376 0.228516 0.484376 0.255860 0.455078 0.255860
0 0.501953 0.240234 0.533203 0.240234 0.533203 0.275390 0.501953 0.275390
0 0.935547 0.240235 0.970703 0.240235 0.970703 0.273438 0.935547 0.273438
0 0.203126 0.244141 0.236328 0.244141 0.236328 0.279297 0.203126 0.279297
0 0.671875 0.244140 0.710937 0.244140 0.710937 0.267578 0.671875 0.267578
0 0.000000 0.246093 0.011718 0.246093 0.011718 0.269531 0.000000 0.269531
0 0.068360 0.259766 0.105469 0.259766 0.105469 0.291016 0.068360 0.291016
0 0.589843 0.257813 0.636718 0.257813 0.636718 0.289063 0.589843 0.289063
0 0.796875 0.259766 0.833985 0.259766 0.833985 0.294922 0.796875 0.294922
0 0.234375 0.263672 0.269531 0.263672 0.269531 0.292969 0.234375 0.292969
0 0.029297 0.267578 0.060547 0.267578 0.060547 0.300781 0.029297 0.300781
0 0.312500 0.267578 0.349610 0.267578 0.349610 0.302734 0.312500 0.302734
0 0.458984 0.271484 0.500000 0.271484 0.500000 0.312500 0.458984 0.312500
0 0.679688 0.273438 0.712891 0.273438 0.712891 0.302735 0.679688 0.302735
0 0.000000 0.287110 0.029296 0.287110 0.029296 0.324218 0.000000 0.324218
0 0.960938 0.285157 1.000000 0.285157 1.000000 0.349610 0.960938 0.349610
0 0.126953 0.294922 0.158203 0.294922 0.158203 0.330078 0.126953 0.330078
0 0.166015 0.298828 0.195312 0.298828 0.195312 0.326172 0.166015 0.326172
0 0.244141 0.296876 0.281250 0.296876 0.281250 0.330078 0.244141 0.330078
0 0.722657 0.298829 0.761719 0.298829 0.761719 0.335938 0.722657 0.335938
0 0.779297 0.304688 0.820313 0.304688 0.820313 0.339844 0.779297 0.339844
0 0.363282 0.308593 0.400390 0.308593 0.400390 0.337890 0.363282 0.337890
0 0.035156 0.314453 0.052734 0.314453 0.052734 0.337891 0.035156 0.337891
0 0.058593 0.314453 0.091797 0.314453 0.091797 0.347656 0.058593 0.347656
0 0.412109 0.322265 0.460937 0.322265 0.460937 0.363281 0.412109 0.363281
0 0.576172 0.320312 0.613282 0.320312 0.613282 0.349610 0.576172 0.349610
0 0.853516 0.322265 0.888672 0.322265 0.888672 0.351562 0.853516 0.351562
0 0.294922 0.326172 0.335938 0.326172 0.335938 0.369141 0.294922 0.369141
0 0.000000 0.333984 0.031250 0.333984 0.031250 0.365234 0.000000 0.365234
0 0.205078 0.335938 0.236328 0.335938 0.236328 0.373046 0.205078 0.373046
0 0.257812 0.337891 0.291015 0.337891 0.291015 0.373047 0.257812 0.373047
0 0.765625 0.343751 0.812500 0.343751 0.812500 0.376953 0.765625 0.376953
0 0.619140 0.347656 0.660156 0.347656 0.660156 0.376953 0.619140 0.376953
0 0.105468 0.351563 0.142577 0.351563 0.142577 0.386719 0.105468 0.386719
0 0.580078 0.353516 0.615234 0.353516 0.615234 0.392578 0.580078 0.392578
0 0.351562 0.359375 0.388671 0.359375 0.388671 0.394531 0.351562 0.394531
0 0.152343 0.363281 0.181641 0.363281 0.181641 0.404297 0.152343 0.404297
0 0.843750 0.363281 0.884766 0.363281 0.884766 0.408203 0.843750 0.408203
0 0.964844 0.369141 1.000000 0.369141 1.000000 0.408203 0.964844 0.408203
0 0.015626 0.373047 0.052735 0.373047 0.052735 0.396485 0.015626 0.396485
0 0.531250 0.371094 0.562500 0.371094 0.562500 0.402344 0.531250 0.402344
0 0.669922 0.371094 0.705078 0.371094 0.705078 0.398438 0.669922 0.398438
0 0.744140 0.373047 0.781250 0.373047 0.781250 0.402344 0.744140 0.402344
0 0.058593 0.380859 0.091797 0.380859 0.091797 0.412109 0.058593 0.412109
0 0.490234 0.384766 0.521484 0.384766 0.521484 0.423828 0.490234 0.423828
0 0.451172 0.388672 0.482422 0.388672 0.482422 0.417969 0.451172 0.417969
0 0.808594 0.388672 0.830078 0.388672 0.830078 0.400391 0.808594 0.400391
0 0.187500 0.390625 0.250000 0.390625 0.250000 0.431641 0.187500 0.431641
0 0.134766 0.396485 0.169922 0.396485 0.169922 0.425782 0.134766 0.425782
0 0.373047 0.402344 0.417969 0.402344 0.417969 0.435547 0.373047 0.435547
0 0.560547 0.402343 0.587891 0.402343 0.587891 0.427735 0.560547 0.427735
0 0.000001 0.406250 0.019532 0.406250 0.019532 0.443360 0.000001 0.443360
0 0.613281 0.414063 0.650390 0.414063 0.650390 0.449219 0.613281 0.449219
0 0.658203 0.417969 0.689453 0.417969 0.689453 0.453125 0.658203 0.453125
0 0.912110 0.417969 1.000000 0.417969 1.000000 0.480469 0.912110 0.480469
0 0.091797 0.423828 0.132813 0.423828 0.132813 0.453126 0.091797 0.453126
0 0.267579 0.423828 0.304688 0.423828 0.304688 0.458984 0.267579 0.458984
0 0.220703 0.435547 0.259765 0.435547 0.259765 0.476563 0.220703 0.476563
0 0.414062 0.433594 0.455078 0.433594 0.455078 0.464844 0.414062 0.464844
0 0.710938 0.433593 0.732422 0.433593 0.732422 0.458985 0.710938 0.458985
0 0.041015 0.441406 0.078124 0.441406 0.078124 0.486328 0.041015 0.486328
0 0.146484 0.455078 0.173828 0.455078 0.173828 0.490234 0.146484 0.490234
0 0.445312 0.455078 0.482421 0.455078 0.482421 0.496094 0.445312 0.496094
0 0.312500 0.458984 0.347656 0.458984 0.347656 0.494140 0.312500 0.494140
0 0.582032 0.457031 0.607422 0.457031 0.607422 0.472656 0.582032 0.472656
0 0.625000 0.464844 0.656250 0.464844 0.656250 0.496094 0.625000 0.496094
0 0.861329 0.466797 0.908204 0.466797 0.908204 0.519531 0.861329 0.519531
0 0.265625 0.468749 0.300781 0.468749 0.300781 0.494141 0.265625 0.494141
0 0.490235 0.468749 0.533204 0.468749 0.533204 0.511718 0.490235 0.511718
0 0.804688 0.470703 0.847657 0.470703 0.847657 0.511719 0.804688 0.511719
0 0.000000 0.474609 0.035156 0.474609 0.035156 0.505859 0.000000 0.505859
0 0.355469 0.472656 0.382813 0.472656 0.382813 0.507812 0.355469 0.507812
0 0.574219 0.476562 0.609375 0.476562 0.609375 0.509765 0.574219 0.509765
0 0.117187 0.482422 0.158203 0.482422 0.158203 0.513672 0.117187 0.513672
0 0.222656 0.482422 0.246094 0.482422 0.246094 0.509766 0.222656 0.509766
0 0.384765 0.480468 0.408203 0.480468 0.408203 0.505860 0.384765 0.505860
0 0.931640 0.490234 0.978515 0.490234 0.978515 0.552734 0.931640 0.552734
0 0.070312 0.494140 0.095703 0.494140 0.095703 0.517578 0.070312 0.517578
0 0.527343 0.498046 0.570312 0.498046 0.570312 0.544921 0.527343 0.544921
0 0.623046 0.498047 0.666015 0.498047 0.666015 0.533203 0.623046 0.533203
0 0.412109 0.501953 0.437501 0.501953 0.437501 0.527343 0.412109 0.527343
0 0.031250 0.505860 0.062500 0.505860 0.062500 0.541016 0.031250 0.541016
0 0.765625 0.503906 0.830079 0.503906 0.830079 0.576172 0.765625 0.576172
0 0.705078 0.507813 0.748047 0.507813 0.748047 0.574219 0.705078 0.574219
0 0.103516 0.511719 0.134766 0.511719 0.134766 0.541015 0.103516 0.541015
0 0.183594 0.511719 0.210938 0.511719 0.210938 0.537110 0.183594 0.537110
0 0.435547 0.515625 0.466797 0.515625 0.466797 0.541015 0.435547 0.541015
0 0.583984 0.517579 0.615234 0.517579 0.615234 0.546875 0.583984 0.546875
0 0.076171 0.533203 0.109374 0.533203 0.109374 0.568359 0.076171 0.568359
0 0.261719 0.531250 0.320313 0.531250 0.320313 0.607422 0.261719 0.607422
0 0.183594 0.550781 0.232422 0.550781 0.232422 0.585937 0.183594 0.585937
0 0.607421 0.550781 0.640625 0.550781 0.640625 0.585937 0.607421 0.585937
0 0.455078 0.554687 0.494140 0.554687 0.494140 0.578125 0.455078 0.578125
0 0.033203 0.558594 0.064453 0.558594 0.064453 0.589844 0.033203 0.589844
0 0.138672 0.560547 0.177734 0.560547 0.177734 0.583985 0.138672 0.583985
0 0.000001 0.564453 0.019532 0.564453 0.019532 0.595703 0.000001 0.595703
0 0.753906 0.574219 0.791015 0.574219 0.791015 0.626953 0.753906 0.626953
0 0.427734 0.578125 0.468750 0.578125 0.468750 0.609375 0.427734 0.609375
0 0.634765 0.578125 0.685546 0.578125 0.685546 0.632813 0.634765 0.632813
0 0.091797 0.583984 0.126953 0.583984 0.126953 0.619140 0.091797 0.619140
0 0.212891 0.587891 0.246093 0.587891 0.246093 0.617188 0.212891 0.617188
0 0.472657 0.585937 0.509765 0.585937 0.509765 0.630859 0.472657 0.630859
0 0.539063 0.587890 0.574219 0.587890 0.574219 0.613281 0.539063 0.613281
0 0.156250 0.595703 0.195312 0.595703 0.195312 0.628907 0.156250 0.628907
0 0.005859 0.597656 0.037109 0.597656 0.037109 0.632812 0.005859 0.632812
0 0.111328 0.609375 0.142578 0.609375 0.142578 0.640625 0.111328 0.640625
0 0.367188 0.609375 0.416016 0.609375 0.416016 0.644531 0.367188 0.644531
0 0.000000 0.625000 0.015624 0.625000 0.015624 0.640625 0.000000 0.640625
0 0.193360 0.626953 0.228516 0.626953 0.228516 0.660157 0.193360 0.660157
0 0.253906 0.625000 0.283203 0.625000 0.283203 0.660156 0.253906 0.660156
0 0.406250 0.628906 0.433594 0.628906 0.433594 0.664062 0.406250 0.664062
0 0.775391 0.634766 0.814453 0.634766 0.814453 0.683594 0.775391 0.683594
0 0.720703 0.636718 0.753907 0.636718 0.753907 0.687499 0.720703 0.687499
0 0.429688 0.642578 0.468750 0.642578 0.468750 0.683594 0.429688 0.683594
0 0.066406 0.644532 0.089844 0.644532 0.089844 0.673828 0.066406 0.673828
0 0.021485 0.658203 0.060547 0.658203 0.060547 0.693359 0.021485 0.693359
0 0.085938 0.656250 0.121094 0.656250 0.121094 0.691406 0.085938 0.691406
0 0.593749 0.656250 0.667968 0.656250 0.667968 0.718750 0.593749 0.718750
0 0.130860 0.662110 0.164062 0.662110 0.164062 0.681640 0.130860 0.681640
0 0.355469 0.660157 0.402344 0.660157 0.402344 0.699219 0.355469 0.699219
0 0.480469 0.666015 0.498047 0.666015 0.498047 0.685546 0.480469 0.685546
0 0.652344 0.666016 0.693360 0.666016 0.693360 0.693360 0.652344 0.693360
0 0.000000 0.667969 0.013672 0.667969 0.013672 0.697265 0.000000 0.697265
0 0.236329 0.667968 0.273438 0.667968 0.273438 0.701172 0.236329 0.701172
0 0.197266 0.675782 0.224610 0.675782 0.224610 0.705078 0.197266 0.705078
0 0.115234 0.685547 0.146484 0.685547 0.146484 0.710938 0.115234 0.710938
0 0.789062 0.683594 0.835938 0.683594 0.835938 0.732422 0.789062 0.732422
0 0.158203 0.687500 0.191406 0.687500 0.191406 0.716796 0.158203 0.716796
0 0.828125 0.687500 0.873047 0.687500 0.873047 0.726562 0.828125 0.726562
0 0.027344 0.699218 0.058594 0.699218 0.058594 0.742188 0.027344 0.742188
0 0.271484 0.699219 0.302734 0.699219 0.302734 0.734375 0.271484 0.734375
0 0.082031 0.703125 0.123047 0.703125 0.123047 0.734375 0.082031 0.734375
0 0.701172 0.708984 0.732422 0.708984 0.732422 0.750000 0.701172 0.750000
0 0.132812 0.710938 0.160156 0.710938 0.160156 0.744141 0.132812 0.744141
0 0.189453 0.712891 0.220703 0.712891 0.220703 0.748047 0.189453 0.748047
0 0.343750 0.710938 0.371094 0.710938 0.371094 0.748047 0.343750 0.748047
0 0.441407 0.710938 0.492188 0.710938 0.492188 0.757812 0.441407 0.757812
0 0.876953 0.720703 0.917969 0.720703 0.917969 0.769531 0.876953 0.769531
0 0.154297 0.728515 0.183594 0.728515 0.183594 0.761719 0.154297 0.761719
0 0.376953 0.726562 0.410156 0.726562 0.410156 0.763672 0.376953 0.763672
0 0.205078 0.744140 0.246094 0.744140 0.246094 0.781250 0.205078 0.781250
0 0.833985 0.742188 0.863281 0.742188 0.863281 0.777344 0.833985 0.777344
0 0.734375 0.748047 0.775391 0.748047 0.775391 0.783203 0.734375 0.783203
0 0.941406 0.757813 0.978515 0.757813 0.978515 0.792969 0.941406 0.792969
0 0.000000 0.763672 0.015624 0.763672 0.015624 0.792968 0.000000 0.792968
0 0.509765 0.761718 0.552735 0.761718 0.552735 0.816406 0.509765 0.816406
0 0.556640 0.763672 0.603515 0.763672 0.603515 0.802734 0.556640 0.802734
0 0.166016 0.767579 0.201172 0.767579 0.201172 0.796875 0.166016 0.796875
0 0.099609 0.769531 0.130859 0.769531 0.130859 0.800781 0.099609 0.800781
0 0.609375 0.779297 0.662109 0.779297 0.662109 0.824219 0.609375 0.824219
0 0.080077 0.785156 0.105468 0.785156 0.105468 0.816406 0.080077 0.816406
0 0.302735 0.785157 0.353515 0.785157 0.353515 0.814453 0.302735 0.814453
0 0.701172 0.785157 0.757812 0.785157 0.757812 0.859376 0.701172 0.859376
0 0.226562 0.789062 0.259765 0.789062 0.259765 0.812500 0.226562 0.812500
0 0.351563 0.794921 0.386719 0.794921 0.386719 0.828125 0.351563 0.828125
0 0.794922 0.794922 0.833984 0.794922 0.833984 0.820312 0.794922 0.820312
0 0.960938 0.796875 1.000000 0.796875 1.000000 0.833985 0.960938 0.833985
0 0.140625 0.800781 0.175781 0.800781 0.175781 0.835937 0.140625 0.835937
0 0.472656 0.802735 0.519532 0.802735 0.519532 0.845704 0.472656 0.845704
0 0.578125 0.800781 0.611329 0.800781 0.611329 0.832031 0.578125 0.832031
0 0.189453 0.806640 0.218751 0.806640 0.218751 0.839844 0.189453 0.839844
0 0.236328 0.812500 0.265626 0.812500 0.265626 0.853516 0.236328 0.853516
0 0.103515 0.818359 0.128907 0.818359 0.128907 0.849609 0.103515 0.849609
0 0.333984 0.824219 0.365234 0.824219 0.365234 0.847657 0.333984 0.847657
0 0.779297 0.824219 0.810547 0.824219 0.810547 0.851563 0.779297 0.851563
0 0.003906 0.837890 0.037110 0.837890 0.037110 0.871094 0.003906 0.871094
0 0.066406 0.835938 0.089844 0.835938 0.089844 0.861328 0.066406 0.861328
0 0.628906 0.835938 0.673828 0.835938 0.673828 0.888672 0.628906 0.888672
0 0.498047 0.839844 0.531250 0.839844 0.531250 0.878906 0.498047 0.878906
0 0.679688 0.843750 0.714844 0.843750 0.714844 0.888672 0.679688 0.888672
0 0.041016 0.847656 0.072266 0.847656 0.072266 0.882812 0.041016 0.882812
0 0.193359 0.847656 0.224609 0.847656 0.224609 0.871094 0.193359 0.871094
0 0.109375 0.857422 0.132813 0.857422 0.132813 0.876953 0.109375 0.876953
0 0.251953 0.855469 0.281251 0.855469 0.281251 0.886719 0.251953 0.886719
0 0.335938 0.855469 0.373046 0.855469 0.373046 0.873047 0.335938 0.873047
0 0.970704 0.861328 1.000000 0.861328 1.000000 0.898438 0.970704 0.898438
0 0.472656 0.863281 0.517578 0.863281 0.517578 0.921875 0.472656 0.921875
0 0.156250 0.869140 0.183594 0.869140 0.183594 0.906250 0.156250 0.906250
0 0.343750 0.873047 0.375000 0.873047 0.375000 0.902343 0.343750 0.902343
0 0.712891 0.873046 0.775391 0.873046 0.775391 0.906250 0.712891 0.906250
0 0.894532 0.876953 0.937501 0.876953 0.937501 0.912109 0.894532 0.912109
0 0.000000 0.878906 0.011718 0.878906 0.011718 0.900390 0.000000 0.900390
0 0.070312 0.882812 0.111328 0.882812 0.111328 0.912109 0.070312 0.912109
0 0.792969 0.888672 0.841797 0.888672 0.841797 0.917968 0.792969 0.917968
0 0.673828 0.900391 0.705078 0.900391 0.705078 0.921875 0.673828 0.921875
0 0.109375 0.904297 0.144531 0.904297 0.144531 0.935547 0.109375 0.935547
0 0.960938 0.904296 1.000000 0.904296 1.000000 0.937500 0.960938 0.937500
0 0.328125 0.906250 0.359375 0.906250 0.359375 0.937500 0.328125 0.937500
0 0.462891 0.906250 0.480469 0.906250 0.480469 0.939454 0.462891 0.939454
0 0.892578 0.906250 0.951172 0.906250 0.951172 0.972656 0.892578 0.972656
0 0.626953 0.912109 0.667969 0.912109 0.667969 0.957031 0.626953 0.957031
0 0.218750 0.914063 0.263672 0.914063 0.263672 0.966797 0.218750 0.966797
0 0.509766 0.916016 0.558594 0.916016 0.558594 0.955078 0.509766 0.955078
0 0.705078 0.916016 0.767578 0.916016 0.767578 0.947266 0.705078 0.947266
0 0.076173 0.917969 0.113282 0.917969 0.113282 0.949219 0.076173 0.949219
0 0.359374 0.919921 0.388672 0.919921 0.388672 0.953125 0.359374 0.953125
0 0.574219 0.923828 0.615235 0.923828 0.615235 0.958984 0.574219 0.958984
0 0.158203 0.941406 0.205078 0.941406 0.205078 0.974610 0.158203 0.974610
0 0.029296 0.947266 0.062499 0.947266 0.062499 0.978516 0.029296 0.978516
0 0.101562 0.949219 0.138672 0.949219 0.138672 0.990235 0.101562 0.990235
0 0.708984 0.949218 0.763672 0.949218 0.763672 0.986328 0.708984 0.986328
0 0.511719 0.955078 0.574219 0.955078 0.574219 1.000000 0.511719 1.000000
0 0.833985 0.955078 0.859375 0.955078 0.859375 0.982422 0.833985 0.982422
0 0.322266 0.958984 0.353516 0.958984 0.353516 0.990234 0.322266 0.990234
0 0.375001 0.962891 0.408203 0.962891 0.408203 0.994141 0.375001 0.994141
0 0.189453 0.966796 0.230469 0.966796 0.230469 1.000000 0.189453 1.000000
0 0.623047 0.964844 0.658203 0.964844 0.658203 1.000000 0.623047 1.000000
0 0.970703 0.964843 0.996093 0.964843 0.996093 0.988281 0.970703 0.988281
0 0.005859 0.968750 0.029297 0.968750 0.029297 0.996094 0.005859 0.996094
0 0.060546 0.968750 0.093749 0.968750 0.093749 1.000000 0.060546 1.000000
0 0.578125 0.968750 0.613281 0.968750 0.613281 1.000000 0.578125 1.000000
0 0.664062 0.974610 0.714843 0.974610 0.714843 1.000000 0.664062 1.000000
0 0.234375 0.984375 0.265625 0.984375 0.265625 1.000000 0.234375 1.000000
0 0.347656 0.984375 0.376953 0.984375 0.376953 1.000000 0.347656 1.000000
0 0.718750 0.990234 0.748046 0.990234 0.748046 1.000000 0.718750 1.000000
0 0.404297 0.994140 0.423827 0.994140 0.423827 1.000000 0.404297 1.000000
0 0.863282 0.994140 0.888672 0.994140 0.888672 1.000000 0.863282 1.000000
0 0.896484 0.992188 0.927734 0.992188 0.927734 1.000000 0.896484 1.000000
