0 0.251953 0.000000 0.291015 0.000000 0.291015 0.029296 0.251953 0.029296
0 0.291016 0.000000 0.392578 0.000000 0.392578 0.054688 0.291016 0.054688
0 0.855468 0.000000 0.910156 0.000000 0.910156 0.037110 0.855468 0.037110
0 0.042969 0.003906 0.113281 0.003906 0.113281 0.037110 0.042969 0.037110
0 0.000000 0.009766 0.021484 0.009766 0.021484 0.044922 0.000000 0.044922
0 0.423828 0.013671 0.472656 0.013671 0.472656 0.074218 0.423828 0.074218
0 0.107422 0.035156 0.148438 0.035156 0.148438 0.083984 0.107422 0.083984
0 0.197266 0.035156 0.222657 0.035156 0.222657 0.062500 0.197266 0.062500
0 0.654297 0.041016 0.751953 0.041016 0.751953 0.107422 0.654297 0.107422
0 0.035156 0.056640 0.066406 0.056640 0.066406 0.089844 0.035156 0.089844
0 0.197265 0.068359 0.220703 0.068359 0.220703 0.101562 0.197265 0.101562
0 0.501953 0.103516 0.595703 0.103516 0.595703 0.236328 0.501953 0.236328
0 0.117188 0.121093 0.164062 0.121093 0.164062 0.177734 0.117188 0.177734
0 0.812500 0.121093 0.878906 0.121093 0.878906 0.189452 0.812500 0.189452
0 0.013672 0.128906 0.058594 0.128906 0.058594 0.173828 0.013672 0.173828
0 0.250001 0.128906 0.314453 0.128906 0.314453 0.187500 0.250001 0.187500
0 0.626953 0.128906 0.703125 0.128906 0.703125 0.181640 0.626953 0.181640
0 0.189452 0.144531 0.246093 0.144531 0.246093 0.220703 0.189452 0.220703
0 0.287110 0.177734 0.324218 0.177734 0.324218 0.212890 0.287110 0.212890
0 0.000000 0.197266 0.015624 0.197266 0.015624 0.228516 0.000000 0.228516
0 0.160157 0.203125 0.199219 0.203125 0.199219 0.238281 0.160157 0.238281
0 0.078125 0.208985 0.119141 0.208985 0.119141 0.242188 0.078125 0.242188
0 0.371094 0.208984 0.486328 0.208984 0.486328 0.339843 0.371094 0.339843
0 0.117187 0.234374 0.160156 0.234374 0.160156 0.281249 0.117187 0.281249
0 0.064453 0.242188 0.105469 0.242188 0.105469 0.291016 0.064453 0.291016
0 0.197265 0.246093 0.251953 0.246093 0.251953 0.320312 0.197265 0.320312
0 0.250000 0.253906 0.318360 0.253906 0.318360 0.333984 0.250000 0.333984
0 0.564453 0.273437 0.628907 0.273437 0.628907 0.345703 0.564453 0.345703
0 0.062500 0.304687 0.101562 0.304687 0.101562 0.345703 0.062500 0.345703
0 0.095703 0.326172 0.136719 0.326172 0.136719 0.369141 0.095703 0.369141
0 0.654297 0.333985 0.683593 0.333985 0.683593 0.384765 0.654297 0.384765
0 0.773438 0.345703 0.847657 0.345703 0.847657 0.423828 0.773438 0.423828
0 0.361328 0.357421 0.406250 0.357421 0.406250 0.414062 0.361328 0.414062
0 0.056640 0.361328 0.103515 0.361328 0.103515 0.400390 0.056640 0.400390
0 0.544922 0.359375 0.582032 0.359375 0.582032 0.390625 0.544922 0.390625
0 0.431641 0.369140 0.476563 0.369140 0.476563 0.416015 0.431641 0.416015
0 0.591797 0.375000 0.677735 0.375000 0.677735 0.468750 0.591797 0.468750
0 0.138672 0.404297 0.183594 0.404297 0.183594 0.437499 0.138672 0.437499
0 0.023437 0.416015 0.078125 0.416015 0.078125 0.480468 0.023437 0.480468
0 0.089844 0.416016 0.152344 0.416016 0.152344 0.478516 0.089844 0.478516
0 0.462891 0.417969 0.513672 0.417969 0.513672 0.470703 0.462891 0.470703
0 0.333985 0.437500 0.398438 0.437500 0.398438 0.503906 0.333985 0.503906
0 0.390626 0.437499 0.468751 0.437499 0.468751 0.498047 0.390626 0.498047
0 0.246093 0.447265 0.306640 0.447265 0.306640 0.503907 0.246093 0.503907
0 0.068359 0.468750 0.111328 0.468750 0.111328 0.503906 0.068359 0.503906
0 0.560547 0.472657 0.617188 0.472657 0.617188 0.509765 0.560547 0.509765
0 0.845703 0.472656 0.900391 0.472656 0.900391 0.527344 0.845703 0.527344
0 0.152344 0.488282 0.197266 0.488282 0.197266 0.535157 0.152344 0.535157
0 0.031250 0.494140 0.072266 0.494140 0.072266 0.544921 0.031250 0.544921
0 0.587890 0.501953 0.611328 0.501953 0.611328 0.533203 0.587890 0.533203
0 0.255859 0.505859 0.296875 0.505859 0.296875 0.554687 0.255859 0.554687
0 0.072265 0.519531 0.113281 0.519531 0.113281 0.568359 0.072265 0.568359
0 0.447266 0.527344 0.482422 0.527344 0.482422 0.552735 0.447266 0.552735
0 0.203125 0.541016 0.248047 0.541016 0.248047 0.601562 0.203125 0.601562
0 0.935546 0.544922 1.000000 0.544922 1.000000 0.673828 0.935546 0.673828
0 0.359375 0.548828 0.429687 0.548828 0.429687 0.587890 0.359375 0.587890
0 0.580078 0.546875 0.613282 0.546875 0.613282 0.587891 0.580078 0.587891
0 0.302734 0.556640 0.345703 0.556640 0.345703 0.599610 0.302734 0.599610
0 0.761718 0.564453 0.898438 0.564453 0.898438 0.638672 0.761718 0.638672
0 0.083985 0.574219 0.121094 0.574219 0.121094 0.615235 0.083985 0.615235
0 0.140625 0.585938 0.191407 0.585938 0.191407 0.628907 0.140625 0.628907
0 0.416015 0.591797 0.445312 0.591797 0.445312 0.623047 0.416015 0.623047
0 0.363282 0.601562 0.396485 0.601562 0.396485 0.644532 0.363282 0.644532
0 0.531250 0.605468 0.570312 0.605468 0.570312 0.679688 0.531250 0.679688
0 0.470703 0.609375 0.521485 0.609375 0.521485 0.650391 0.470703 0.650391
0 0.310547 0.619141 0.363281 0.619141 0.363281 0.667969 0.310547 0.667969
0 0.855469 0.626953 0.927735 0.626953 0.927735 0.714843 0.855469 0.714843
0 0.171875 0.640624 0.208984 0.640624 0.208984 0.683593 0.171875 0.683593
0 0.056640 0.646484 0.093749 0.646484 0.093749 0.691406 0.056640 0.691406
0 0.000000 0.666016 0.023438 0.666016 0.023438 0.687500 0.000000 0.687500
0 0.226563 0.669922 0.275391 0.669922 0.275391 0.726562 0.226563 0.726562
0 0.890625 0.669922 0.951171 0.669922 0.951171 0.720703 0.890625 0.720703
0 0.603515 0.671875 0.640625 0.671875 0.640625 0.708985 0.603515 0.708985
0 0.328125 0.677734 0.369141 0.677734 0.369141 0.718750 0.328125 0.718750
0 0.431641 0.679687 0.482422 0.679687 0.482422 0.738281 0.431641 0.738281
0 0.531249 0.689453 0.574218 0.689453 0.574218 0.722657 0.531249 0.722657
0 0.765624 0.687500 0.839843 0.687500 0.839843 0.718750 0.765624 0.718750
0 0.628907 0.697266 0.685547 0.697266 0.685547 0.736328 0.628907 0.736328
0 0.080078 0.701172 0.126953 0.701172 0.126953 0.736328 0.080078 0.736328
0 0.701172 0.699218 0.740234 0.699218 0.740234 0.742188 0.701172 0.742188
0 0.410156 0.714844 0.441406 0.714844 0.441406 0.767578 0.410156 0.767578
0 0.466797 0.724609 0.529297 0.724609 0.529297 0.773437 0.466797 0.773437
0 0.539063 0.724610 0.578125 0.724610 0.578125 0.759766 0.539063 0.759766
0 0.173828 0.728515 0.216797 0.728515 0.216797 0.771485 0.173828 0.771485
0 0.251953 0.732422 0.304687 0.732422 0.304687 0.781250 0.251953 0.781250
0 0.306640 0.736328 0.339843 0.736328 0.339843 0.777344 0.306640 0.777344
0 0.357422 0.736328 0.394532 0.736328 0.394532 0.781250 0.357422 0.781250
0 0.113281 0.748047 0.144531 0.748047 0.144531 0.787109 0.113281 0.787109
0 0.820312 0.746094 0.861328 0.746094 0.861328 0.812500 0.820312 0.812500
0 0.695313 0.759766 0.748047 0.759766 0.748047 0.808594 0.695313 0.808594
0 0.160156 0.769531 0.210938 0.769531 0.210938 0.796875 0.160156 0.796875
0 0.308593 0.783203 0.351562 0.783203 0.351562 0.826172 0.308593 0.826172
0 0.433594 0.785157 0.472656 0.785157 0.472656 0.832032 0.433594 0.832032
0 0.580078 0.787110 0.621094 0.787110 0.621094 0.826172 0.580078 0.826172
0 0.761718 0.787109 0.812499 0.787109 0.812499 0.851562 0.761718 0.851562
0 0.126953 0.794921 0.197265 0.794921 0.197265 0.828125 0.126953 0.828125
0 0.691406 0.802735 0.744140 0.802735 0.744140 0.869141 0.691406 0.869141
0 0.982422 0.800781 1.000000 0.800781 1.000000 0.904297 0.982422 0.904297
0 0.269531 0.808593 0.332031 0.808593 0.332031 0.851562 0.269531 0.851562
0 0.587890 0.812500 0.656250 0.812500 0.656250 0.865234 0.587890 0.865234
0 0.527343 0.816406 0.574218 0.816406 0.574218 0.861328 0.527343 0.861328
0 0.638672 0.830078 0.697266 0.830078 0.697266 0.886718 0.638672 0.886718
0 0.246094 0.841797 0.330078 0.841797 0.330078 0.890625 0.246094 0.890625
0 0.818359 0.843750 0.873047 0.843750 0.873047 0.933594 0.818359 0.933594
0 0.541015 0.863282 0.583985 0.863282 0.583985 0.888672 0.541015 0.888672
0 0.693360 0.878907 0.732422 0.878907 0.732422 0.917969 0.693360 0.917969
0 0.765624 0.880860 0.808593 0.880860 0.808593 0.927735 0.765624 0.927735
0 0.580079 0.882813 0.626954 0.882813 0.626954 0.904297 0.580079 0.904297
0 0.000000 0.886718 0.027344 0.886718 0.027344 0.929688 0.000000 0.929688
0 0.433594 0.892578 0.488282 0.892578 0.488282 0.937500 0.433594 0.937500
0 0.095703 0.910157 0.136719 0.910157 0.136719 0.949219 0.095703 0.949219
0 0.242188 0.910157 0.291016 0.910157 0.291016 0.957032 0.242188 0.957032
0 0.882812 0.923829 0.916016 0.923829 0.916016 0.953125 0.882812 0.953125
0 0.968750 0.927735 1.000000 0.927735 1.000000 0.988281 0.968750 0.988281
0 0.162109 0.933594 0.208984 0.933594 0.208984 0.974610 0.162109 0.974610
0 0.714844 0.933594 0.791016 0.933594 0.791016 0.968750 0.714844 0.968750
0 0.511719 0.939453 0.539063 0.939453 0.539063 0.988281 0.511719 0.988281
0 0.228516 0.958985 0.277344 0.958985 0.277344 0.996094 0.228516 0.996094
0 0.048828 0.960938 0.093750 0.960938 0.093750 0.990234 0.048828 0.990234
0 0.681641 0.966796 0.765625 0.966796 0.765625 1.000000 0.681641 1.000000
0 0.791016 0.966796 0.875000 0.966796 0.875000 1.000000 0.791016 1.000000
0 0.876954 0.976562 0.923829 0.976562 0.923829 1.000000 0.876954 1.000000
0 0.095703 0.980468 0.138673 0.980468 0.138673 0.999999 0.095703 0.999999
