0 0.197266 0.000000 0.265625 0.000000 0.265625 0.060547 0.197266 0.060547
0 0.501953 0.000000 0.560547 0.000000 0.560547 0.048828 0.501953 0.048828
0 0.951172 0.000000 1.000000 0.000000 1.000000 0.044922 0.951172 0.044922
0 0.640625 0.003907 0.703125 0.003907 0.703125 0.082032 0.640625 0.082032
0 0.726562 0.009765 0.783203 0.009765 0.783203 0.064453 0.726562 0.064453
0 0.134766 0.023437 0.201172 0.023437 0.201172 0.095703 0.134766 0.095703
0 0.574219 0.023438 0.615235 0.023438 0.615235 0.085938 0.574219 0.085938
0 0.089844 0.039062 0.130860 0.039062 0.130860 0.095703 0.089844 0.095703
0 0.474610 0.056640 0.513672 0.056640 0.513672 0.089844 0.474610 0.089844
0 0.621094 0.062500 0.677735 0.062500 0.677735 0.125000 0.621094 0.125000
0 0.355469 0.070313 0.417969 0.070313 0.417969 0.119141 0.355469 0.119141
0 0.814453 0.072266 0.859375 0.072266 0.859375 0.125000 0.814453 0.125000
0 0.236328 0.074219 0.328126 0.074219 0.328126 0.154297 0.236328 0.154297
0 0.630860 0.111328 0.699219 0.111328 0.699219 0.189453 0.630860 0.189453
0 0.000000 0.119141 0.017578 0.119141 0.017578 0.150391 0.000000 0.150391
0 0.867187 0.132813 0.912109 0.132813 0.912109 0.171875 0.867187 0.171875
0 0.953125 0.138673 1.000000 0.138673 1.000000 0.175782 0.953125 0.175782
0 0.769532 0.148438 0.830078 0.148438 0.830078 0.236328 0.769532 0.236328
0 0.041016 0.152343 0.089844 0.152343 0.089844 0.189452 0.041016 0.189452
0 0.158203 0.154297 0.191406 0.154297 0.191406 0.189453 0.158203 0.189453
0 0.003906 0.156250 0.037110 0.156250 0.037110 0.191406 0.003906 0.191406
0 0.292969 0.156250 0.363281 0.156250 0.363281 0.255860 0.292969 0.255860
0 0.447266 0.183594 0.482422 0.183594 0.482422 0.226562 0.447266 0.226562
0 0.677735 0.193359 0.738281 0.193359 0.738281 0.234375 0.677735 0.234375
0 0.001954 0.195312 0.048828 0.195312 0.048828 0.238281 0.001954 0.238281
0 0.263672 0.205078 0.296874 0.205078 0.296874 0.248047 0.263672 0.248047
0 0.837890 0.216797 0.892578 0.216797 0.892578 0.279297 0.837890 0.279297
0 0.000000 0.228516 0.021484 0.228516 0.021484 0.255860 0.000000 0.255860
0 0.498047 0.232422 0.562500 0.232422 0.562500 0.294922 0.498047 0.294922
0 0.123046 0.251953 0.166015 0.251953 0.166015 0.308593 0.123046 0.308593
0 0.947266 0.261719 1.000000 0.261719 1.000000 0.320313 0.947266 0.320313
0 0.000000 0.279297 0.009766 0.279297 0.009766 0.347657 0.000000 0.347657
0 0.550781 0.279297 0.591797 0.279297 0.591797 0.310547 0.550781 0.310547
0 0.017578 0.281250 0.054688 0.281250 0.054688 0.330078 0.017578 0.330078
0 0.445312 0.287109 0.490234 0.287109 0.490234 0.390625 0.445312 0.390625
0 0.660156 0.287109 0.746094 0.287109 0.746094 0.376953 0.660156 0.376953
0 0.494141 0.326172 0.558594 0.326172 0.558594 0.373047 0.494141 0.373047
0 0.320312 0.333985 0.394532 0.333985 0.394532 0.462891 0.320312 0.462891
0 0.126953 0.343749 0.150391 0.343749 0.150391 0.404297 0.126953 0.404297
0 0.179687 0.343751 0.220703 0.343751 0.220703 0.376953 0.179687 0.376953
0 0.025390 0.355469 0.062499 0.355469 0.062499 0.394531 0.025390 0.394531
0 0.085938 0.361328 0.121094 0.361328 0.121094 0.396484 0.085938 0.396484
0 0.546876 0.374999 0.597657 0.374999 0.597657 0.449219 0.546876 0.449219
0 0.423828 0.392578 0.462890 0.392578 0.462890 0.439453 0.423828 0.439453
0 0.880860 0.390626 0.923829 0.390626 0.923829 0.455078 0.880860 0.455078
0 0.064453 0.400391 0.105469 0.400391 0.105469 0.431641 0.064453 0.431641
0 0.003906 0.412109 0.056640 0.412109 0.056640 0.470703 0.003906 0.470703
0 0.351562 0.423828 0.427734 0.423828 0.427734 0.513672 0.351562 0.513672
0 0.669922 0.423828 0.738282 0.423828 0.738282 0.500000 0.669922 0.500000
0 0.074218 0.439453 0.111327 0.439453 0.111327 0.472656 0.074218 0.472656
0 0.212890 0.439454 0.236328 0.439454 0.236328 0.507812 0.212890 0.507812
0 0.542968 0.447266 0.593749 0.447266 0.593749 0.496094 0.542968 0.496094
0 0.601563 0.447266 0.636719 0.447266 0.636719 0.531250 0.601563 0.531250
0 0.626953 0.447266 0.681641 0.447266 0.681641 0.537110 0.626953 0.537110
0 0.943360 0.447266 1.000000 0.447266 1.000000 0.548828 0.943360 0.548828
0 0.880860 0.466797 0.923829 0.466797 0.923829 0.505859 0.880860 0.505859
0 0.005859 0.476563 0.037109 0.476563 0.037109 0.507813 0.005859 0.507813
0 0.390625 0.478515 0.470703 0.478515 0.470703 0.546875 0.390625 0.546875
0 0.529297 0.500000 0.595703 0.500000 0.595703 0.544922 0.529297 0.544922
0 0.113282 0.503906 0.138673 0.503906 0.138673 0.558594 0.113282 0.558594
0 0.724610 0.507812 0.775390 0.507812 0.775390 0.580078 0.724610 0.580078
0 0.000000 0.523438 0.013672 0.523438 0.013672 0.556641 0.000000 0.556641
0 0.042968 0.523438 0.080077 0.523438 0.080077 0.560547 0.042968 0.560547
0 0.779297 0.529297 0.861328 0.529297 0.861328 0.605469 0.779297 0.605469
0 0.328124 0.535156 0.357422 0.535156 0.357422 0.568360 0.328124 0.568360
0 0.933594 0.537109 1.000000 0.537109 1.000000 0.632812 0.933594 0.632812
0 0.486328 0.544922 0.550782 0.544922 0.550782 0.611328 0.486328 0.611328
0 0.011718 0.546874 0.066406 0.546874 0.066406 0.589843 0.011718 0.589843
0 0.230468 0.546875 0.267578 0.546875 0.267578 0.583985 0.230468 0.583985
0 0.406250 0.558593 0.451172 0.558593 0.451172 0.595703 0.406250 0.595703
0 0.191406 0.591797 0.242188 0.591797 0.242188 0.623047 0.191406 0.623047
0 0.892579 0.599610 0.953125 0.599610 0.953125 0.673829 0.892579 0.673829
0 0.412109 0.601562 0.478515 0.601562 0.478515 0.666016 0.412109 0.666016
0 0.798828 0.603515 0.863282 0.603515 0.863282 0.685546 0.798828 0.685546
0 0.218750 0.623047 0.250000 0.623047 0.250000 0.648438 0.218750 0.648438
0 0.179687 0.625000 0.210937 0.625000 0.210937 0.660156 0.179687 0.660156
0 0.263672 0.626954 0.298828 0.626954 0.298828 0.656250 0.263672 0.656250
0 0.115235 0.628906 0.154297 0.628906 0.154297 0.666015 0.115235 0.666015
0 0.580078 0.630859 0.642578 0.630859 0.642578 0.697265 0.580078 0.697265
0 0.236328 0.636719 0.267578 0.636719 0.267578 0.667969 0.236328 0.667969
0 0.955078 0.636719 1.000000 0.636719 1.000000 0.693360 0.955078 0.693360
0 0.000000 0.650391 0.039062 0.650391 0.039062 0.689453 0.000000 0.689453
0 0.203125 0.652344 0.234375 0.652344 0.234375 0.679688 0.203125 0.679688
0 0.746094 0.658203 0.808594 0.658203 0.808594 0.712891 0.746094 0.712891
0 0.814453 0.669922 0.914062 0.669922 0.914062 0.750000 0.814453 0.750000
0 0.390624 0.671875 0.433594 0.671875 0.433594 0.751953 0.390624 0.751953
0 0.173828 0.675782 0.212890 0.675782 0.212890 0.701172 0.173828 0.701172
0 0.695313 0.675782 0.761719 0.675782 0.761719 0.757812 0.695313 0.757812
0 0.242187 0.683594 0.287109 0.683594 0.287109 0.728516 0.242187 0.728516
0 0.083984 0.691407 0.125000 0.691407 0.125000 0.730469 0.083984 0.730469
0 0.156250 0.697266 0.201172 0.697266 0.201172 0.726562 0.156250 0.726562
0 0.583984 0.712890 0.632812 0.712890 0.632812 0.755860 0.583984 0.755860
0 0.890625 0.724610 0.955079 0.724610 0.955079 0.794922 0.890625 0.794922
0 0.117187 0.728516 0.160156 0.728516 0.160156 0.757812 0.117187 0.757812
0 0.273438 0.728515 0.306640 0.728515 0.306640 0.769531 0.273438 0.769531
0 0.341796 0.732422 0.367188 0.732422 0.367188 0.761718 0.341796 0.761718
0 0.000000 0.748046 0.031250 0.748046 0.031250 0.781250 0.000000 0.781250
0 0.154297 0.751953 0.197265 0.751953 0.197265 0.789062 0.154297 0.789062
0 0.656250 0.757812 0.703125 0.757812 0.703125 0.839843 0.656250 0.839843
0 0.048828 0.765625 0.089844 0.765625 0.089844 0.800781 0.048828 0.800781
0 0.212890 0.765625 0.253906 0.765625 0.253906 0.830079 0.212890 0.830079
0 0.982422 0.777344 1.000000 0.777344 1.000000 0.833985 0.982422 0.833985
0 0.093750 0.783203 0.132812 0.783203 0.132812 0.814453 0.093750 0.814453
0 0.773438 0.781250 0.830078 0.781250 0.830078 0.812500 0.773438 0.812500
0 0.158203 0.789062 0.197265 0.789062 0.197265 0.818359 0.158203 0.818359
0 0.113281 0.810547 0.152343 0.810547 0.152343 0.837891 0.113281 0.837891
0 0.505860 0.810547 0.535156 0.810547 0.535156 0.845703 0.505860 0.845703
0 0.275390 0.814453 0.298828 0.814453 0.298828 0.857422 0.275390 0.857422
0 0.361329 0.818360 0.398438 0.818360 0.398438 0.869140 0.361329 0.869140
0 0.570312 0.822266 0.638672 0.822266 0.638672 0.902344 0.570312 0.902344
0 0.302734 0.830079 0.328126 0.830079 0.328126 0.880860 0.302734 0.880860
0 0.529297 0.828125 0.568359 0.828125 0.568359 0.884765 0.529297 0.884765
0 0.695312 0.828125 0.751953 0.828125 0.751953 0.896485 0.695312 0.896485
0 0.134766 0.845703 0.191407 0.845703 0.191407 0.878907 0.134766 0.878907
0 0.890625 0.853516 0.921875 0.853516 0.921875 0.892578 0.890625 0.892578
0 0.281251 0.855469 0.300781 0.855469 0.300781 0.884765 0.281251 0.884765
0 0.000000 0.863281 0.031250 0.863281 0.031250 0.904297 0.000000 0.904297
0 0.037109 0.865234 0.068359 0.865234 0.068359 0.896484 0.037109 0.896484
0 0.076172 0.876953 0.115234 0.876953 0.115234 0.914062 0.076172 0.914062
0 0.175781 0.880859 0.216797 0.880859 0.216797 0.939453 0.175781 0.939453
0 0.417969 0.898438 0.484375 0.898438 0.484375 0.968750 0.417969 0.968750
0 0.761718 0.908203 0.816406 0.908203 0.816406 0.992187 0.761718 0.992187
0 0.341797 0.919922 0.365235 0.919922 0.365235 0.972656 0.341797 0.972656
0 0.597656 0.921874 0.673828 0.921874 0.673828 0.996093 0.597656 0.996093
0 0.281250 0.929687 0.304688 0.929687 0.304688 0.957031 0.281250 0.957031
0 0.519531 0.933594 0.583985 0.933594 0.583985 1.000000 0.519531 1.000000
0 0.179688 0.939454 0.244140 0.939454 0.244140 1.000000 0.179688 1.000000
0 0.234375 0.939453 0.265625 0.939453 0.265625 0.970703 0.234375 0.970703
0 0.091797 0.968750 0.136719 0.968750 0.136719 1.000000 0.091797 1.000000
0 0.273438 0.972656 0.298829 0.972656 0.298829 1.000000 0.273438 1.000000
0 0.855469 0.982422 0.900391 0.982422 0.900391 1.000000 0.855469 1.000000
