0 0.503906 0.005860 0.544922 0.005860 0.544922 0.048828 0.503906 0.048828
0 0.679688 0.011718 0.757812 0.011718 0.757812 0.089843 0.679688 0.089843
0 0.591797 0.017578 0.652343 0.017578 0.652343 0.087890 0.591797 0.087890
0 0.894531 0.017578 0.935547 0.017578 0.935547 0.087890 0.894531 0.087890
0 0.933594 0.023438 0.964844 0.023438 0.964844 0.058594 0.933594 0.058594
0 0.433594 0.042969 0.486328 0.042969 0.486328 0.095703 0.433594 0.095703
0 0.980468 0.054688 0.999999 0.054688 0.999999 0.119141 0.980468 0.119141
0 0.335938 0.078125 0.419922 0.078125 0.419922 0.136719 0.335938 0.136719
0 0.437499 0.105469 0.529296 0.105469 0.529296 0.146485 0.437499 0.146485
0 0.843750 0.109375 0.892578 0.109375 0.892578 0.148437 0.843750 0.148437
0 0.138672 0.119140 0.191406 0.119140 0.191406 0.169922 0.138672 0.169922
0 0.919922 0.134766 0.990234 0.134766 0.990234 0.187500 0.919922 0.187500
0 0.988282 0.132812 1.000000 0.132812 1.000000 0.162110 0.988282 0.162110
0 0.000000 0.138672 0.058594 0.138672 0.058594 0.220703 0.000000 0.220703
0 0.337891 0.142578 0.458985 0.142578 0.458985 0.203126 0.337891 0.203126
0 0.859374 0.166016 0.902343 0.166016 0.902343 0.205078 0.859374 0.205078
0 0.710938 0.173828 0.775391 0.173828 0.775391 0.208984 0.710938 0.208984
0 0.585938 0.189453 0.654297 0.189453 0.654297 0.236328 0.585938 0.236328
0 0.988282 0.208984 1.000000 0.208984 1.000000 0.234375 0.988282 0.234375
0 0.255860 0.236327 0.292968 0.236327 0.292968 0.279297 0.255860 0.279297
0 0.431641 0.236328 0.476563 0.236328 0.476563 0.277344 0.431641 0.277344
0 0.982422 0.242187 1.000000 0.242187 1.000000 0.261718 0.982422 0.261718
0 0.015625 0.248047 0.066406 0.248047 0.066406 0.310547 0.015625 0.310547
0 0.195312 0.263671 0.240234 0.263671 0.240234 0.320312 0.195312 0.320312
0 0.908204 0.263672 0.958985 0.263672 0.958985 0.298828 0.908204 0.298828
0 0.501953 0.271485 0.535157 0.271485 0.535157 0.304688 0.501953 0.304688
0 0.773438 0.269532 0.910157 0.269532 0.910157 0.333985 0.773438 0.333985
0 0.562501 0.273437 0.644532 0.273437 0.644532 0.328125 0.562501 0.328125
0 0.287110 0.281250 0.306640 0.281250 0.306640 0.304688 0.287110 0.304688
0 0.083984 0.310547 0.117188 0.310547 0.117188 0.349609 0.083984 0.349609
0 0.644531 0.316406 0.734375 0.316406 0.734375 0.437500 0.644531 0.437500
0 0.945312 0.320312 1.000000 0.320312 1.000000 0.375000 0.945312 0.375000
0 0.257812 0.332031 0.316406 0.332031 0.316406 0.455078 0.257812 0.455078
0 0.158203 0.341797 0.205078 0.341797 0.205078 0.388672 0.158203 0.388672
0 0.855469 0.343750 0.953125 0.343750 0.953125 0.419922 0.855469 0.419922
0 0.357422 0.406250 0.416016 0.406250 0.416016 0.478516 0.357422 0.478516
0 0.812500 0.439453 0.857422 0.439453 0.857422 0.486328 0.812500 0.486328
0 0.759765 0.464844 0.783203 0.464844 0.783203 0.511718 0.759765 0.511718
0 0.458984 0.468750 0.566406 0.468750 0.566406 0.548828 0.458984 0.548828
0 0.890625 0.482422 0.947265 0.482422 0.947265 0.531250 0.890625 0.531250
0 0.822266 0.541016 0.857422 0.541016 0.857422 0.572266 0.822266 0.572266
0 0.654297 0.550781 0.755859 0.550781 0.755859 0.617187 0.654297 0.617187
0 0.054688 0.558594 0.097657 0.558594 0.097657 0.621094 0.054688 0.621094
0 0.925782 0.560547 1.000000 0.560547 1.000000 0.611328 0.925782 0.611328
0 0.773437 0.572265 0.814453 0.572265 0.814453 0.613281 0.773437 0.613281
0 0.376953 0.582031 0.421875 0.582031 0.421875 0.621093 0.376953 0.621093
0 0.634766 0.583984 0.710938 0.583984 0.710938 0.638672 0.634766 0.638672
0 0.503907 0.611328 0.542969 0.611328 0.542969 0.669922 0.503907 0.669922
0 0.164062 0.623046 0.218750 0.623046 0.218750 0.666015 0.164062 0.666015
0 0.000000 0.630860 0.015624 0.630860 0.015624 0.667969 0.000000 0.667969
0 0.638672 0.632812 0.701172 0.632812 0.701172 0.669922 0.638672 0.669922
0 0.029297 0.646485 0.134766 0.646485 0.134766 0.724610 0.029297 0.724610
0 0.183594 0.683593 0.281250 0.683593 0.281250 0.783203 0.183594 0.783203
0 0.000000 0.691407 0.042968 0.691407 0.042968 0.769532 0.000000 0.769532
0 0.902344 0.701171 1.000000 0.701171 1.000000 0.775390 0.902344 0.775390
0 0.859375 0.714844 0.892579 0.714844 0.892579 0.763672 0.859375 0.763672
0 0.732422 0.732421 0.814453 0.732421 0.814453 0.810546 0.732422 0.810546
0 0.865235 0.759765 0.935547 0.759765 0.935547 0.841796 0.865235 0.841796
0 0.427734 0.791016 0.486328 0.791016 0.486328 0.843750 0.427734 0.843750
0 0.171875 0.808594 0.212891 0.808594 0.212891 0.843750 0.171875 0.843750
0 0.369140 0.810547 0.423828 0.810547 0.423828 0.873047 0.369140 0.873047
0 0.808594 0.810547 0.910156 0.810547 0.910156 0.865235 0.808594 0.865235
0 0.152344 0.873047 0.236328 0.873047 0.236328 0.923828 0.152344 0.923828
0 0.861328 0.871094 0.951172 0.871094 0.951172 0.929688 0.861328 0.929688
0 0.751954 0.876953 0.843750 0.876953 0.843750 0.984375 0.751954 0.984375
0 0.527344 0.890625 0.554688 0.890625 0.554688 0.921875 0.527344 0.921875
0 0.599610 0.890625 0.699219 0.890625 0.699219 0.994141 0.599610 0.994141
0 0.458985 0.894532 0.527343 0.894532 0.527343 0.941407 0.458985 0.941407
0 0.257812 0.931640 0.304688 0.931640 0.304688 1.000000 0.257812 1.000000
0 0.052735 0.939453 0.130860 0.939453 0.130860 0.996093 0.052735 0.996093
0 0.222657 0.937500 0.279297 0.937500 0.279297 1.000000 0.222657 1.000000
0 0.566406 0.949218 0.632812 0.949218 0.632812 0.999999 0.566406 0.999999
0 0.365235 0.955078 0.457032 0.955078 0.457032 1.000000 0.365235 1.000000
0 0.505859 0.968750 0.578125 0.968750 0.578125 1.000000 0.505859 1.000000
