0 0.326172 0.000000 0.376952 0.000000 0.376952 0.015624 0.326172 0.015624
0 0.832031 0.001953 0.898437 0.001953 0.898437 0.058593 0.832031 0.058593
0 0.050781 0.011719 0.113281 0.011719 0.113281 0.046875 0.050781 0.046875
0 0.275391 0.029298 0.355469 0.029298 0.355469 0.080078 0.275391 0.080078
0 0.441406 0.031250 0.515625 0.031250 0.515625 0.066406 0.441406 0.066406
0 0.796875 0.048827 0.869141 0.048827 0.869141 0.091797 0.796875 0.091797
0 0.712891 0.068359 0.773438 0.068359 0.773438 0.123047 0.712891 0.123047
0 0.035156 0.070312 0.080078 0.070312 0.080078 0.113282 0.035156 0.113282
0 0.125000 0.082031 0.173828 0.082031 0.173828 0.121093 0.125000 0.121093
0 0.568360 0.085938 0.625000 0.085938 0.625000 0.154297 0.568360 0.154297
0 0.638672 0.087890 0.660156 0.087890 0.660156 0.115234 0.638672 0.115234
0 0.769532 0.119141 0.830078 0.119141 0.830078 0.175782 0.769532 0.175782
0 0.064453 0.126953 0.105469 0.126953 0.105469 0.164062 0.064453 0.164062
0 0.660157 0.136718 0.734376 0.136718 0.734376 0.183593 0.660157 0.183593
0 0.500000 0.150391 0.535156 0.150391 0.535156 0.181641 0.500000 0.181641
0 0.015625 0.160157 0.087891 0.160157 0.087891 0.207032 0.015625 0.207032
0 0.076172 0.185547 0.130860 0.185547 0.130860 0.242188 0.076172 0.242188
0 0.000000 0.191406 0.015624 0.191406 0.015624 0.220703 0.000000 0.220703
0 0.472656 0.191407 0.496094 0.191407 0.496094 0.207032 0.472656 0.207032
0 0.755860 0.195312 0.816406 0.195312 0.816406 0.238281 0.755860 0.238281
0 0.138672 0.205078 0.224610 0.205078 0.224610 0.271484 0.138672 0.271484
0 0.673828 0.205078 0.732422 0.205078 0.732422 0.255860 0.673828 0.255860
0 0.246093 0.220703 0.306640 0.220703 0.306640 0.267578 0.246093 0.267578
0 0.384765 0.253907 0.445312 0.253907 0.445312 0.310547 0.384765 0.310547
0 0.515625 0.267578 0.546875 0.267578 0.546875 0.328126 0.515625 0.328126
0 0.578126 0.271484 0.628907 0.271484 0.628907 0.326172 0.578126 0.326172
0 0.195312 0.273438 0.273438 0.273438 0.273438 0.324218 0.195312 0.324218
0 0.890625 0.289062 0.949219 0.289062 0.949219 0.343750 0.890625 0.343750
0 0.839844 0.294922 0.888672 0.294922 0.888672 0.337891 0.839844 0.337891
0 0.429688 0.312500 0.503907 0.312500 0.503907 0.371094 0.429688 0.371094
0 0.166016 0.324219 0.214844 0.324219 0.214844 0.390625 0.166016 0.390625
0 0.642578 0.324219 0.710938 0.324219 0.710938 0.363281 0.642578 0.363281
0 0.072265 0.347656 0.109374 0.347656 0.109374 0.423828 0.072265 0.423828
0 0.794922 0.353515 0.888672 0.353515 0.888672 0.408203 0.794922 0.408203
0 0.333985 0.373047 0.371093 0.373047 0.371093 0.425781 0.333985 0.425781
0 0.408203 0.376953 0.449219 0.376953 0.449219 0.410156 0.408203 0.410156
0 0.433594 0.408203 0.478516 0.408203 0.478516 0.449219 0.433594 0.449219
0 0.271484 0.410156 0.314453 0.410156 0.314453 0.458984 0.271484 0.458984
0 0.349610 0.439453 0.414062 0.439453 0.414062 0.500000 0.349610 0.500000
0 0.943359 0.437500 0.998047 0.437500 0.998047 0.500000 0.943359 0.500000
0 0.837890 0.451172 0.919921 0.451172 0.919921 0.519532 0.837890 0.519532
0 0.617188 0.476562 0.673828 0.476562 0.673828 0.537109 0.617188 0.537109
0 0.693360 0.494140 0.750000 0.494140 0.750000 0.548828 0.693360 0.548828
0 0.269531 0.501953 0.349609 0.501953 0.349609 0.550781 0.269531 0.550781
0 0.437500 0.515625 0.503906 0.515625 0.503906 0.568359 0.437500 0.568359
0 0.775390 0.515626 0.847656 0.515626 0.847656 0.566407 0.775390 0.566407
0 0.474609 0.537109 0.578125 0.537109 0.578125 0.630859 0.474609 0.630859
0 0.841797 0.541016 0.896485 0.541016 0.896485 0.585938 0.841797 0.585938
0 0.250000 0.546875 0.292969 0.546875 0.292969 0.599609 0.250000 0.599609
0 0.386719 0.546875 0.433594 0.546875 0.433594 0.593750 0.386719 0.593750
0 0.574219 0.556641 0.632813 0.556641 0.632813 0.619141 0.574219 0.619141
0 0.919922 0.597657 0.976562 0.597657 0.976562 0.648438 0.919922 0.648438
0 0.496094 0.609375 0.548828 0.609375 0.548828 0.654297 0.496094 0.654297
0 0.363281 0.617188 0.421875 0.617188 0.421875 0.669922 0.363281 0.669922
0 0.664062 0.644532 0.773438 0.644532 0.773438 0.714844 0.664062 0.714844
0 0.177734 0.689453 0.207032 0.689453 0.207032 0.720703 0.177734 0.720703
0 0.515625 0.697266 0.564453 0.697266 0.564453 0.750000 0.515625 0.750000
0 0.814453 0.695312 0.871093 0.695312 0.871093 0.763672 0.814453 0.763672
0 0.878907 0.720703 0.935547 0.720703 0.935547 0.785157 0.878907 0.785157
0 0.570312 0.761718 0.630859 0.761718 0.630859 0.826172 0.570312 0.826172
0 0.658203 0.792969 0.703125 0.792969 0.703125 0.878907 0.658203 0.878907
0 0.697266 0.794922 0.736328 0.794922 0.736328 0.851562 0.697266 0.851562
0 0.792969 0.794922 0.845703 0.794922 0.845703 0.847656 0.792969 0.847656
0 0.359374 0.833984 0.402344 0.833984 0.402344 0.867188 0.359374 0.867188
0 0.708984 0.857422 0.767578 0.857422 0.767578 0.923828 0.708984 0.923828
0 0.939453 0.867187 0.984375 0.867187 0.984375 0.925781 0.939453 0.925781
0 0.425781 0.876953 0.457031 0.876953 0.457031 0.916015 0.425781 0.916015
0 0.806641 0.878906 0.855469 0.878906 0.855469 0.927734 0.806641 0.927734
0 0.154297 0.896484 0.203125 0.896484 0.203125 0.931640 0.154297 0.931640
0 0.832031 0.916015 0.912109 0.916015 0.912109 0.966796 0.832031 0.966796
0 0.886719 0.953125 0.953125 0.953125 0.953125 1.000000 0.886719 1.000000
