0 0.896484 0.021484 0.941406 0.021484 0.941406 0.076172 0.896484 0.076172
0 0.498047 0.042969 0.542969 0.042969 0.542969 0.103515 0.498047 0.103515
0 0.585938 0.044921 0.619141 0.044921 0.619141 0.074218 0.585938 0.074218
0 0.841797 0.066406 0.898438 0.066406 0.898438 0.142578 0.841797 0.142578
0 0.560547 0.082031 0.597657 0.082031 0.597657 0.117187 0.560547 0.117187
0 0.628907 0.136718 0.675782 0.136718 0.675782 0.173827 0.628907 0.173827
0 0.474610 0.162109 0.527344 0.162109 0.527344 0.199218 0.474610 0.199218
0 0.828125 0.167969 0.892579 0.167969 0.892579 0.240235 0.828125 0.240235
0 0.000000 0.277344 0.048828 0.277344 0.048828 0.343750 0.000000 0.343750
0 0.332032 0.365235 0.414062 0.365235 0.414062 0.394532 0.332032 0.394532
0 0.000000 0.392578 0.078124 0.392578 0.078124 0.458984 0.000000 0.458984
0 0.554688 0.392578 0.589844 0.392578 0.589844 0.419922 0.554688 0.419922
0 0.703125 0.455078 0.755859 0.455078 0.755859 0.519532 0.703125 0.519532
0 0.062501 0.458984 0.126953 0.458984 0.126953 0.513672 0.062501 0.513672
0 0.599609 0.476563 0.703125 0.476563 0.703125 0.546875 0.599609 0.546875
0 0.152343 0.488282 0.177734 0.488282 0.177734 0.507812 0.152343 0.507812
0 0.640625 0.507812 0.742187 0.507812 0.742187 0.552734 0.640625 0.552734
0 0.169922 0.523437 0.232422 0.523437 0.232422 0.599609 0.169922 0.599609
0 0.000000 0.537110 0.039062 0.537110 0.039062 0.621094 0.000000 0.621094
0 0.753906 0.535157 0.843750 0.535157 0.843750 0.617188 0.753906 0.617188
0 0.304688 0.556640 0.369140 0.556640 0.369140 0.628906 0.304688 0.628906
0 0.583985 0.564454 0.667969 0.564454 0.667969 0.642579 0.583985 0.642579
0 0.449219 0.574219 0.544922 0.574219 0.544922 0.654297 0.449219 0.654297
0 0.369140 0.621094 0.437500 0.621094 0.437500 0.687500 0.369140 0.687500
0 0.470703 0.648437 0.601562 0.648437 0.601562 0.724609 0.470703 0.724609
0 0.636719 0.667969 0.703125 0.667969 0.703125 0.724610 0.636719 0.724610
0 0.029297 0.689453 0.091797 0.689453 0.091797 0.765625 0.029297 0.765625
0 0.574218 0.705079 0.648438 0.705079 0.648438 0.783204 0.574218 0.783204
0 0.201172 0.714844 0.263672 0.714844 0.263672 0.808594 0.201172 0.808594
0 0.367188 0.716797 0.423829 0.716797 0.423829 0.789063 0.367188 0.789063
0 0.964844 0.732421 0.996094 0.732421 0.996094 0.775390 0.964844 0.775390
0 0.634765 0.748047 0.722656 0.748047 0.722656 0.833985 0.634765 0.833985
0 0.000000 0.755859 0.044922 0.755859 0.044922 0.822265 0.000000 0.822265
0 0.539063 0.783203 0.591797 0.783203 0.591797 0.857422 0.539063 0.857422
0 0.248047 0.812500 0.306641 0.812500 0.306641 0.884766 0.248047 0.884766
0 0.677735 0.841797 0.751954 0.841797 0.751954 0.900391 0.677735 0.900391
0 0.453125 0.886719 0.529297 0.886719 0.529297 0.962891 0.453125 0.962891
0 0.705078 0.910156 0.773438 0.910156 0.773438 0.974610 0.705078 0.974610
0 0.126953 0.916015 0.179687 0.916015 0.179687 0.980469 0.126953 0.980469
0 0.035156 0.919922 0.093750 0.919922 0.093750 0.982422 0.035156 0.982422
0 0.203126 0.937500 0.236328 0.937500 0.236328 0.964844 0.203126 0.964844
0 0.304688 0.937500 0.386718 0.937500 0.386718 1.000000 0.304688 1.000000
0 0.652344 0.949218 0.742188 0.949218 0.742188 0.999999 0.652344 0.999999
