0 0.380860 0.005859 0.414062 0.005859 0.414062 0.039062 0.380860 0.039062
0 0.175781 0.013672 0.216797 0.013672 0.216797 0.058594 0.175781 0.058594
0 0.701172 0.015625 0.728516 0.015625 0.728516 0.044922 0.701172 0.044922
0 0.810546 0.017578 0.853515 0.017578 0.853515 0.062500 0.810546 0.062500
0 0.988282 0.015625 1.000000 0.015625 1.000000 0.066406 0.988282 0.066406
0 0.054688 0.035156 0.097657 0.035156 0.097657 0.076172 0.054688 0.076172
0 0.208984 0.083984 0.250000 0.083984 0.250000 0.115234 0.208984 0.115234
0 0.142578 0.087890 0.183594 0.087890 0.183594 0.134765 0.142578 0.134765
0 0.953125 0.093749 0.986329 0.093749 0.986329 0.123046 0.953125 0.123046
0 0.791015 0.125000 0.841796 0.125000 0.841796 0.164062 0.791015 0.164062
0 0.449219 0.134766 0.519531 0.134766 0.519531 0.205078 0.449219 0.205078
0 0.521484 0.148437 0.585938 0.148437 0.585938 0.193359 0.521484 0.193359
0 0.611328 0.183594 0.654297 0.183594 0.654297 0.210938 0.611328 0.210938
0 0.523437 0.207031 0.595703 0.207031 0.595703 0.265625 0.523437 0.265625
0 0.722656 0.248047 0.767578 0.248047 0.767578 0.306641 0.722656 0.306641
0 0.103516 0.292969 0.150391 0.292969 0.150391 0.341797 0.103516 0.341797
0 0.621094 0.296874 0.666016 0.296874 0.666016 0.357422 0.621094 0.357422
0 0.392578 0.322266 0.455078 0.322266 0.455078 0.361328 0.392578 0.361328
0 0.187499 0.326172 0.248047 0.326172 0.248047 0.373047 0.187499 0.373047
0 0.591797 0.326172 0.621093 0.326172 0.621093 0.359374 0.591797 0.359374
0 0.259765 0.333985 0.316407 0.333985 0.316407 0.371093 0.259765 0.371093
0 0.048829 0.376953 0.078126 0.376953 0.078126 0.423828 0.048829 0.423828
0 0.091797 0.384766 0.138672 0.384766 0.138672 0.423828 0.091797 0.423828
0 0.455079 0.384765 0.492188 0.384765 0.492188 0.427735 0.455079 0.427735
0 0.541015 0.384766 0.582031 0.384766 0.582031 0.423828 0.541015 0.423828
0 0.916015 0.398438 0.957031 0.398438 0.957031 0.437500 0.916015 0.437500
0 0.607422 0.414063 0.636718 0.414063 0.636718 0.445313 0.607422 0.445313
0 0.544922 0.427735 0.595703 0.427735 0.595703 0.466797 0.544922 0.466797
0 0.128906 0.433594 0.158203 0.433594 0.158203 0.482422 0.128906 0.482422
0 0.189453 0.439453 0.271485 0.439453 0.271485 0.505859 0.189453 0.505859
0 0.619140 0.451172 0.660156 0.451172 0.660156 0.482422 0.619140 0.482422
0 0.716797 0.464844 0.753907 0.464844 0.753907 0.505860 0.716797 0.505860
0 0.300782 0.484374 0.371094 0.484374 0.371094 0.544921 0.300782 0.544921
0 0.193359 0.515625 0.271485 0.515625 0.271485 0.585937 0.193359 0.585937
0 0.111328 0.539062 0.185547 0.539062 0.185547 0.611328 0.111328 0.611328
0 0.359374 0.546875 0.406249 0.546875 0.406249 0.583985 0.359374 0.583985
0 0.679688 0.607422 0.716797 0.607422 0.716797 0.648438 0.679688 0.648438
0 0.335938 0.644531 0.388672 0.644531 0.388672 0.699219 0.335938 0.699219
0 0.583985 0.656250 0.652344 0.656250 0.652344 0.734375 0.583985 0.734375
0 0.666015 0.703125 0.720703 0.703125 0.720703 0.765625 0.666015 0.765625
0 0.349610 0.708984 0.410157 0.708984 0.410157 0.740234 0.349610 0.740234
0 0.320312 0.742187 0.363282 0.742187 0.363282 0.796875 0.320312 0.796875
0 0.406251 0.742188 0.439453 0.742188 0.439453 0.794922 0.406251 0.794922
0 0.013672 0.751953 0.050782 0.751953 0.050782 0.792969 0.013672 0.792969
0 0.599610 0.771485 0.650390 0.771485 0.650390 0.810547 0.599610 0.810547
0 0.541015 0.791015 0.578125 0.791015 0.578125 0.847656 0.541015 0.847656
0 0.689453 0.789063 0.728515 0.789063 0.728515 0.810547 0.689453 0.810547
0 0.029297 0.798829 0.099609 0.798829 0.099609 0.845704 0.029297 0.845704
0 0.388671 0.820312 0.445312 0.820312 0.445312 0.882812 0.388671 0.882812
0 0.693360 0.833984 0.736329 0.833984 0.736329 0.906250 0.693360 0.906250
0 0.917969 0.833985 0.949219 0.833985 0.949219 0.855469 0.917969 0.855469
0 0.576171 0.841797 0.654296 0.841797 0.654296 0.923828 0.576171 0.923828
0 0.203125 0.853515 0.279297 0.853515 0.279297 0.912109 0.203125 0.912109
0 0.064453 0.876953 0.105469 0.876953 0.105469 0.939453 0.064453 0.939453
0 0.867188 0.898438 0.923828 0.898438 0.923828 0.972657 0.867188 0.972657
0 0.197266 0.917969 0.234375 0.917969 0.234375 0.966797 0.197266 0.966797
0 0.521484 0.917969 0.597656 0.917969 0.597656 0.974610 0.521484 0.974610
0 0.630859 0.958984 0.703125 0.958984 0.703125 1.000000 0.630859 1.000000
0 0.232422 0.964844 0.273438 0.964844 0.273438 1.000000 0.232422 1.000000
