0 0.671874 0.005860 0.714843 0.005860 0.714843 0.042969 0.671874 0.042969
0 0.240234 0.007812 0.267578 0.007812 0.267578 0.041016 0.240234 0.041016
0 0.296874 0.033203 0.343749 0.033203 0.343749 0.064453 0.296874 0.064453
0 0.173828 0.115234 0.208984 0.115234 0.208984 0.152343 0.173828 0.152343
0 0.455078 0.125000 0.500000 0.125000 0.500000 0.156250 0.455078 0.156250
0 0.115234 0.150390 0.146484 0.150390 0.146484 0.177734 0.115234 0.177734
0 0.494140 0.164063 0.537110 0.164063 0.537110 0.203125 0.494140 0.203125
0 0.722657 0.179688 0.796876 0.179688 0.796876 0.230469 0.722657 0.230469
0 0.638672 0.251953 0.669922 0.251953 0.669922 0.279297 0.638672 0.279297
0 0.304688 0.265624 0.343750 0.265624 0.343750 0.308594 0.304688 0.308594
0 0.597657 0.269531 0.626953 0.269531 0.626953 0.294923 0.597657 0.294923
0 0.576172 0.289062 0.603516 0.289062 0.603516 0.326171 0.576172 0.326171
0 0.855468 0.294922 0.906249 0.294922 0.906249 0.333984 0.855468 0.333984
0 0.519531 0.318359 0.552735 0.318359 0.552735 0.343751 0.519531 0.343751
0 0.488281 0.337891 0.519531 0.337891 0.519531 0.376953 0.488281 0.376953
0 0.611329 0.339844 0.662110 0.339844 0.662110 0.390624 0.611329 0.390624
0 0.714844 0.357422 0.759766 0.357422 0.759766 0.386719 0.714844 0.386719
0 0.439453 0.359375 0.474609 0.359375 0.474609 0.390625 0.439453 0.390625
0 0.765626 0.373047 0.816407 0.373047 0.816407 0.408203 0.765626 0.408203
0 0.595703 0.386718 0.630859 0.386718 0.630859 0.441406 0.595703 0.441406
0 0.240234 0.416015 0.267578 0.416015 0.267578 0.439453 0.240234 0.439453
0 0.291016 0.416015 0.330078 0.416015 0.330078 0.449218 0.291016 0.449218
0 0.857421 0.437500 0.890625 0.437500 0.890625 0.478516 0.857421 0.478516
0 0.687500 0.441406 0.724610 0.441406 0.724610 0.484376 0.687500 0.484376
0 0.804688 0.443359 0.833984 0.443359 0.833984 0.474609 0.804688 0.474609
0 0.251953 0.453125 0.273437 0.453125 0.273437 0.476563 0.251953 0.476563
0 0.605469 0.458984 0.646485 0.458984 0.646485 0.501953 0.605469 0.501953
0 0.556640 0.466797 0.603515 0.466797 0.603515 0.513672 0.556640 0.513672
0 0.277344 0.468750 0.318360 0.468750 0.318360 0.525390 0.277344 0.525390
0 0.503906 0.478515 0.544922 0.478515 0.544922 0.511718 0.503906 0.511718
0 0.792969 0.478515 0.822265 0.478515 0.822265 0.521485 0.792969 0.521485
0 0.728515 0.505860 0.751953 0.505860 0.751953 0.535156 0.728515 0.535156
0 0.748047 0.513672 0.777343 0.513672 0.777343 0.539062 0.748047 0.539062
0 0.607422 0.515625 0.646484 0.515625 0.646484 0.548829 0.607422 0.548829
0 0.658203 0.517578 0.703125 0.517578 0.703125 0.552734 0.658203 0.552734
0 0.345703 0.527344 0.398437 0.527344 0.398437 0.587890 0.345703 0.587890
0 0.810547 0.539062 0.865235 0.539062 0.865235 0.572266 0.810547 0.572266
0 0.773438 0.542969 0.802734 0.542969 0.802734 0.574219 0.773438 0.574219
0 0.617187 0.576172 0.662109 0.576172 0.662109 0.617188 0.617187 0.617188
0 0.738281 0.576172 0.775390 0.576172 0.775390 0.613282 0.738281 0.613282
0 0.927735 0.576172 0.953125 0.576172 0.953125 0.617188 0.927735 0.617188
0 0.765625 0.617188 0.810547 0.617188 0.810547 0.646484 0.765625 0.646484
0 0.902344 0.621093 0.955078 0.621093 0.955078 0.664062 0.902344 0.664062
0 0.857422 0.628906 0.896484 0.628906 0.896484 0.664062 0.857422 0.664062
0 0.648438 0.634766 0.683594 0.634766 0.683594 0.662110 0.648438 0.662110
0 0.562500 0.646485 0.593750 0.646485 0.593750 0.675781 0.562500 0.675781
0 0.832032 0.644531 0.861328 0.644531 0.861328 0.675781 0.832032 0.675781
0 0.927735 0.660157 0.957031 0.660157 0.957031 0.699219 0.927735 0.699219
0 0.406250 0.677735 0.443360 0.677735 0.443360 0.714844 0.406250 0.714844
0 0.886719 0.679687 0.914063 0.679687 0.914063 0.724609 0.886719 0.724609
0 0.451172 0.705078 0.488282 0.705078 0.488282 0.738282 0.451172 0.738282
0 0.507812 0.703126 0.562500 0.703126 0.562500 0.753907 0.507812 0.753907
0 0.609375 0.708984 0.666015 0.708984 0.666015 0.757812 0.609375 0.757812
0 0.849610 0.714844 0.875000 0.714844 0.875000 0.746094 0.849610 0.746094
0 0.796875 0.720703 0.830079 0.720703 0.830079 0.755859 0.796875 0.755859
0 0.875000 0.718750 0.900390 0.718750 0.900390 0.751954 0.875000 0.751954
0 0.976562 0.738282 1.000000 0.738282 1.000000 0.781251 0.976562 0.781251
0 0.904297 0.746094 0.945313 0.746094 0.945313 0.802735 0.904297 0.802735
0 0.728515 0.749999 0.769531 0.749999 0.769531 0.792968 0.728515 0.792968
0 0.785156 0.755860 0.806640 0.755860 0.806640 0.775390 0.785156 0.775390
0 0.658203 0.757812 0.699219 0.757812 0.699219 0.783203 0.658203 0.783203
0 0.818360 0.757813 0.847656 0.757813 0.847656 0.789063 0.818360 0.789063
0 0.849609 0.761719 0.882812 0.761719 0.882812 0.785157 0.849609 0.785157
0 0.597656 0.769532 0.630860 0.769532 0.630860 0.812501 0.597656 0.812501
0 0.707031 0.785157 0.755859 0.785157 0.755859 0.810547 0.707031 0.810547
0 0.632812 0.808594 0.669922 0.808594 0.669922 0.849610 0.632812 0.849610
0 0.667969 0.808593 0.699219 0.808593 0.699219 0.845703 0.667969 0.845703
0 0.884765 0.837890 0.921875 0.837890 0.921875 0.863281 0.884765 0.863281
0 0.726563 0.839843 0.765625 0.839843 0.765625 0.859374 0.726563 0.859374
0 0.832031 0.857422 0.863281 0.857422 0.863281 0.892578 0.832031 0.892578
0 0.718750 0.886719 0.781250 0.886719 0.781250 0.914063 0.718750 0.914063
0 0.121093 0.912110 0.144531 0.912110 0.144531 0.933594 0.121093 0.933594
0 0.689453 0.916016 0.730469 0.916016 0.730469 0.960938 0.689453 0.960938
0 0.140625 0.947266 0.199219 0.947266 0.199219 1.000000 0.140625 1.000000
0 0.894531 0.953125 0.943359 0.953125 0.943359 1.000000 0.894531 1.000000
0 0.554687 0.957032 0.613281 0.957032 0.613281 1.000000 0.554687 1.000000
0 0.244140 0.986328 0.277343 0.986328 0.277343 1.000000 0.244140 1.000000
0 0.722656 0.984375 0.753906 0.984375 0.753906 1.000000 0.722656 1.000000
