0 0.171875 0.000000 0.222657 0.000000 0.222657 0.042968 0.171875 0.042968
0 0.416015 0.000000 0.445312 0.000000 0.445312 0.015624 0.416015 0.015624
0 0.500000 0.000000 0.556640 0.000000 0.556640 0.039062 0.500000 0.039062
0 0.013672 0.007812 0.099610 0.007812 0.099610 0.085938 0.013672 0.085938
0 0.451172 0.021485 0.505860 0.021485 0.505860 0.072265 0.451172 0.072265
0 0.373047 0.080078 0.421875 0.080078 0.421875 0.156250 0.373047 0.156250
0 0.648437 0.080078 0.671875 0.080078 0.671875 0.103516 0.648437 0.103516
0 0.457031 0.093750 0.515625 0.093750 0.515625 0.167968 0.457031 0.167968
0 0.265624 0.109376 0.312499 0.109376 0.312499 0.205078 0.265624 0.205078
0 0.138672 0.177734 0.212890 0.177734 0.212890 0.218750 0.138672 0.218750
0 0.000000 0.265624 0.062500 0.265624 0.062500 0.308594 0.000000 0.308594
0 0.281250 0.273438 0.365234 0.273438 0.365234 0.357422 0.281250 0.357422
0 0.000000 0.320312 0.044922 0.320312 0.044922 0.343750 0.000000 0.343750
0 0.412110 0.328125 0.468750 0.328125 0.468750 0.386719 0.412110 0.386719
0 0.283203 0.388672 0.341797 0.388672 0.341797 0.447266 0.283203 0.447266
0 0.558594 0.412109 0.628906 0.412109 0.628906 0.474609 0.558594 0.474609
0 0.316407 0.433593 0.355469 0.433593 0.355469 0.490235 0.316407 0.490235
0 0.921875 0.466797 0.982421 0.466797 0.982421 0.527343 0.921875 0.527343
0 0.441407 0.505860 0.509765 0.505860 0.509765 0.580079 0.441407 0.580079
0 0.593751 0.550781 0.644532 0.550781 0.644532 0.623047 0.593751 0.623047
0 0.548828 0.566406 0.613282 0.566406 0.613282 0.652344 0.548828 0.652344
0 0.669922 0.593750 0.751953 0.593750 0.751953 0.683594 0.669922 0.683594
0 0.486328 0.605468 0.574218 0.605468 0.574218 0.673828 0.486328 0.673828
0 0.050781 0.613282 0.091797 0.613282 0.091797 0.656251 0.050781 0.656251
0 0.751953 0.626953 0.806641 0.626953 0.806641 0.695312 0.751953 0.695312
0 0.185547 0.648437 0.230469 0.648437 0.230469 0.693359 0.185547 0.693359
0 0.527343 0.656250 0.601562 0.656250 0.601562 0.736328 0.527343 0.736328
0 0.851562 0.666015 0.939453 0.666015 0.939453 0.724609 0.851562 0.724609
0 0.750000 0.677735 0.804688 0.677735 0.804688 0.724610 0.750000 0.724610
0 0.003906 0.701172 0.033203 0.701172 0.033203 0.732422 0.003906 0.732422
0 0.044922 0.705078 0.070312 0.705078 0.070312 0.746094 0.044922 0.746094
0 0.332031 0.708984 0.384765 0.708984 0.384765 0.742188 0.332031 0.742188
0 0.628906 0.708984 0.705078 0.708984 0.705078 0.767578 0.628906 0.767578
0 0.166016 0.714844 0.218750 0.714844 0.218750 0.740235 0.166016 0.740235
0 0.845703 0.720703 0.925781 0.720703 0.925781 0.800781 0.845703 0.800781
0 0.949218 0.722656 0.999999 0.722656 0.999999 0.787110 0.949218 0.787110
0 0.775390 0.748047 0.857421 0.748047 0.857421 0.832031 0.775390 0.832031
0 0.048827 0.783203 0.105468 0.783203 0.105468 0.839843 0.048827 0.839843
0 0.841797 0.808593 0.933593 0.808593 0.933593 0.886718 0.841797 0.886718
0 0.000000 0.835937 0.037110 0.835937 0.037110 0.880859 0.000000 0.880859
0 0.056640 0.849610 0.093749 0.849610 0.093749 0.884766 0.056640 0.884766
0 0.000000 0.902344 0.023438 0.902344 0.023438 0.947266 0.000000 0.947266
0 0.402344 0.912110 0.433594 0.912110 0.433594 0.927735 0.402344 0.927735
0 0.109375 0.916015 0.140625 0.916015 0.140625 0.957031 0.109375 0.957031
0 0.833984 0.919922 0.869140 0.919922 0.869140 0.957032 0.833984 0.957032
0 0.369140 0.970704 0.410156 0.970704 0.410156 1.000000 0.369140 1.000000
0 0.291016 0.974610 0.339844 0.974610 0.339844 1.000000 0.291016 1.000000
